TABLE NO.  2
 ID          CL          V2          V3          Q           KA          F1          DOSE
  1.0000E+00  9.6221E+00  1.5202E+01  1.3587E+00  2.7233E-01  2.9490E-01  1.2509E-02  1.2500E+01
  1.0000E+00  9.6221E+00  1.5202E+01  1.3587E+00  2.7233E-01  2.9490E-01  1.2509E-02  1.2500E+01
  1.0000E+00  9.6221E+00  1.5202E+01  1.3587E+00  2.7233E-01  2.9490E-01  1.2509E-02  1.2500E+01
  1.0000E+00  9.6221E+00  1.5202E+01  1.3587E+00  2.7233E-01  2.9490E-01  1.2509E-02  1.2500E+01
  1.0000E+00  9.6221E+00  1.5202E+01  1.3587E+00  2.7233E-01  2.9490E-01  1.2509E-02  1.2500E+01
  1.0000E+00  9.6221E+00  1.5202E+01  1.3587E+00  2.7233E-01  2.9490E-01  1.2509E-02  1.2500E+01
  1.0000E+00  9.6221E+00  1.5202E+01  1.3587E+00  2.7233E-01  2.9490E-01  1.2509E-02  1.2500E+01
  1.0000E+00  9.6221E+00  1.5202E+01  1.3587E+00  2.7233E-01  2.9490E-01  1.2509E-02  1.2500E+01
  1.0000E+00  9.6221E+00  1.5202E+01  1.3587E+00  2.7233E-01  2.9490E-01  1.2509E-02  1.2500E+01
  1.0000E+00  9.6221E+00  1.5202E+01  1.3587E+00  2.7233E-01  2.9490E-01  1.2509E-02  1.2500E+01
  1.0000E+00  9.6221E+00  1.5202E+01  1.3587E+00  2.7233E-01  2.9490E-01  1.2509E-02  1.2500E+01
  1.0000E+00  9.6221E+00  1.5202E+01  1.3587E+00  2.7233E-01  2.9490E-01  1.2509E-02  1.2500E+01
  1.0000E+00  9.6221E+00  1.5202E+01  1.3587E+00  2.7233E-01  2.9490E-01  1.2509E-02  1.2500E+01
  2.0000E+00  5.7954E+00  2.3951E+01  1.3587E+00  2.7233E-01  2.9490E-01  1.2509E-02  1.2500E+01
  2.0000E+00  5.7954E+00  2.3951E+01  1.3587E+00  2.7233E-01  2.9490E-01  1.2509E-02  1.2500E+01
  2.0000E+00  5.7954E+00  2.3951E+01  1.3587E+00  2.7233E-01  2.9490E-01  1.2509E-02  1.2500E+01
  2.0000E+00  5.7954E+00  2.3951E+01  1.3587E+00  2.7233E-01  2.9490E-01  1.2509E-02  1.2500E+01
  2.0000E+00  5.7954E+00  2.3951E+01  1.3587E+00  2.7233E-01  2.9490E-01  1.2509E-02  1.2500E+01
  2.0000E+00  5.7954E+00  2.3951E+01  1.3587E+00  2.7233E-01  2.9490E-01  1.2509E-02  1.2500E+01
  2.0000E+00  5.7954E+00  2.3951E+01  1.3587E+00  2.7233E-01  2.9490E-01  1.2509E-02  1.2500E+01
  2.0000E+00  5.7954E+00  2.3951E+01  1.3587E+00  2.7233E-01  2.9490E-01  1.2509E-02  1.2500E+01
  2.0000E+00  5.7954E+00  2.3951E+01  1.3587E+00  2.7233E-01  2.9490E-01  1.2509E-02  1.2500E+01
  2.0000E+00  5.7954E+00  2.3951E+01  1.3587E+00  2.7233E-01  2.9490E-01  1.2509E-02  1.2500E+01
  2.0000E+00  5.7954E+00  2.3951E+01  1.3587E+00  2.7233E-01  2.9490E-01  1.2509E-02  1.2500E+01
  2.0000E+00  5.7954E+00  2.3951E+01  1.3587E+00  2.7233E-01  2.9490E-01  1.2509E-02  1.2500E+01
  2.0000E+00  5.7954E+00  2.3951E+01  1.3587E+00  2.7233E-01  2.9490E-01  1.2509E-02  1.2500E+01
  3.0000E+00  4.5434E+00  2.8914E+00  1.3587E+00  2.7233E-01  2.9490E-01  1.0000E+00  2.5000E+00
  3.0000E+00  4.5434E+00  2.8914E+00  1.3587E+00  2.7233E-01  2.9490E-01  1.0000E+00  2.5000E+00
  3.0000E+00  4.5434E+00  2.8914E+00  1.3587E+00  2.7233E-01  2.9490E-01  1.0000E+00  2.5000E+00
  3.0000E+00  4.5434E+00  2.8914E+00  1.3587E+00  2.7233E-01  2.9490E-01  1.0000E+00  2.5000E+00
  3.0000E+00  4.5434E+00  2.8914E+00  1.3587E+00  2.7233E-01  2.9490E-01  1.0000E+00  2.5000E+00
  3.0000E+00  4.5434E+00  2.8914E+00  1.3587E+00  2.7233E-01  2.9490E-01  1.0000E+00  2.5000E+00
  3.0000E+00  4.5434E+00  2.8914E+00  1.3587E+00  2.7233E-01  2.9490E-01  1.0000E+00  2.5000E+00
  3.0000E+00  4.5434E+00  2.8914E+00  1.3587E+00  2.7233E-01  2.9490E-01  1.0000E+00  2.5000E+00
  3.0000E+00  4.5434E+00  2.8914E+00  1.3587E+00  2.7233E-01  2.9490E-01  1.0000E+00  2.5000E+00
  3.0000E+00  4.5434E+00  2.8914E+00  1.3587E+00  2.7233E-01  2.9490E-01  1.0000E+00  2.5000E+00
  3.0000E+00  4.5434E+00  2.8914E+00  1.3587E+00  2.7233E-01  2.9490E-01  1.0000E+00  2.5000E+00
  3.0000E+00  4.5434E+00  2.8914E+00  1.3587E+00  2.7233E-01  2.9490E-01  1.0000E+00  2.5000E+00
  4.0000E+00  5.7127E+00  3.1996E+00  1.3587E+00  2.7233E-01  2.9490E-01  1.0000E+00  2.5000E+00
  4.0000E+00  5.7127E+00  3.1996E+00  1.3587E+00  2.7233E-01  2.9490E-01  1.0000E+00  2.5000E+00
  4.0000E+00  5.7127E+00  3.1996E+00  1.3587E+00  2.7233E-01  2.9490E-01  1.0000E+00  2.5000E+00
  4.0000E+00  5.7127E+00  3.1996E+00  1.3587E+00  2.7233E-01  2.9490E-01  1.0000E+00  2.5000E+00
  4.0000E+00  5.7127E+00  3.1996E+00  1.3587E+00  2.7233E-01  2.9490E-01  1.0000E+00  2.5000E+00
  4.0000E+00  5.7127E+00  3.1996E+00  1.3587E+00  2.7233E-01  2.9490E-01  1.0000E+00  2.5000E+00
  4.0000E+00  5.7127E+00  3.1996E+00  1.3587E+00  2.7233E-01  2.9490E-01  1.0000E+00  2.5000E+00
  4.0000E+00  5.7127E+00  3.1996E+00  1.3587E+00  2.7233E-01  2.9490E-01  1.0000E+00  2.5000E+00
  4.0000E+00  5.7127E+00  3.1996E+00  1.3587E+00  2.7233E-01  2.9490E-01  1.0000E+00  2.5000E+00
  4.0000E+00  5.7127E+00  3.1996E+00  1.3587E+00  2.7233E-01  2.9490E-01  1.0000E+00  2.5000E+00
  4.0000E+00  5.7127E+00  3.1996E+00  1.3587E+00  2.7233E-01  2.9490E-01  1.0000E+00  2.5000E+00
  4.0000E+00  5.7127E+00  3.1996E+00  1.3587E+00  2.7233E-01  2.9490E-01  1.0000E+00  2.5000E+00
  5.0000E+00  4.9386E+00  2.7067E+00  1.3587E+00  2.7234E-01  2.9490E-01  1.0000E+00  2.5000E+00
  5.0000E+00  4.9386E+00  2.7067E+00  1.3587E+00  2.7234E-01  2.9490E-01  1.0000E+00  2.5000E+00
  5.0000E+00  4.9386E+00  2.7067E+00  1.3587E+00  2.7234E-01  2.9490E-01  1.0000E+00  2.5000E+00
  5.0000E+00  4.9386E+00  2.7067E+00  1.3587E+00  2.7234E-01  2.9490E-01  1.0000E+00  2.5000E+00
  5.0000E+00  4.9386E+00  2.7067E+00  1.3587E+00  2.7234E-01  2.9490E-01  1.0000E+00  2.5000E+00
  5.0000E+00  4.9386E+00  2.7067E+00  1.3587E+00  2.7234E-01  2.9490E-01  1.0000E+00  2.5000E+00
  5.0000E+00  4.9386E+00  2.7067E+00  1.3587E+00  2.7234E-01  2.9490E-01  1.0000E+00  2.5000E+00
  5.0000E+00  4.9386E+00  2.7067E+00  1.3587E+00  2.7234E-01  2.9490E-01  1.0000E+00  2.5000E+00
  5.0000E+00  4.9386E+00  2.7067E+00  1.3587E+00  2.7234E-01  2.9490E-01  1.0000E+00  2.5000E+00
  5.0000E+00  4.9386E+00  2.7067E+00  1.3587E+00  2.7234E-01  2.9490E-01  1.0000E+00  2.5000E+00
  5.0000E+00  4.9386E+00  2.7067E+00  1.3587E+00  2.7234E-01  2.9490E-01  1.0000E+00  2.5000E+00
  5.0000E+00  4.9386E+00  2.7067E+00  1.3587E+00  2.7234E-01  2.9490E-01  1.0000E+00  2.5000E+00
  6.0000E+00  5.8214E+00  9.9192E+00  1.3587E+00  2.7233E-01  2.9490E-01  1.2509E-02  1.0000E+01
  6.0000E+00  5.8214E+00  9.9192E+00  1.3587E+00  2.7233E-01  2.9490E-01  1.2509E-02  1.0000E+01
  6.0000E+00  5.8214E+00  9.9192E+00  1.3587E+00  2.7233E-01  2.9490E-01  1.2509E-02  1.0000E+01
  6.0000E+00  5.8214E+00  9.9192E+00  1.3587E+00  2.7233E-01  2.9490E-01  1.2509E-02  1.0000E+01
  6.0000E+00  5.8214E+00  9.9192E+00  1.3587E+00  2.7233E-01  2.9490E-01  1.2509E-02  1.0000E+01
  6.0000E+00  5.8214E+00  9.9192E+00  1.3587E+00  2.7233E-01  2.9490E-01  1.2509E-02  1.0000E+01
  6.0000E+00  5.8214E+00  9.9192E+00  1.3587E+00  2.7233E-01  2.9490E-01  1.2509E-02  1.0000E+01
  6.0000E+00  5.8214E+00  9.9192E+00  1.3587E+00  2.7233E-01  2.9490E-01  1.2509E-02  1.0000E+01
  6.0000E+00  5.8214E+00  9.9192E+00  1.3587E+00  2.7233E-01  2.9490E-01  1.2509E-02  1.0000E+01
  6.0000E+00  5.8214E+00  9.9192E+00  1.3587E+00  2.7233E-01  2.9490E-01  1.2509E-02  1.0000E+01
  6.0000E+00  5.8214E+00  9.9192E+00  1.3587E+00  2.7233E-01  2.9490E-01  1.2509E-02  1.0000E+01
  6.0000E+00  5.8214E+00  9.9192E+00  1.3587E+00  2.7233E-01  2.9490E-01  1.2509E-02  1.0000E+01
  7.0000E+00  4.9448E+00  6.7845E+00  1.3587E+00  2.7233E-01  2.9490E-01  1.2509E-02  1.0000E+01
  7.0000E+00  4.9448E+00  6.7845E+00  1.3587E+00  2.7233E-01  2.9490E-01  1.2509E-02  1.0000E+01
  7.0000E+00  4.9448E+00  6.7845E+00  1.3587E+00  2.7233E-01  2.9490E-01  1.2509E-02  1.0000E+01
  7.0000E+00  4.9448E+00  6.7845E+00  1.3587E+00  2.7233E-01  2.9490E-01  1.2509E-02  1.0000E+01
  7.0000E+00  4.9448E+00  6.7845E+00  1.3587E+00  2.7233E-01  2.9490E-01  1.2509E-02  1.0000E+01
  7.0000E+00  4.9448E+00  6.7845E+00  1.3587E+00  2.7233E-01  2.9490E-01  1.2509E-02  1.0000E+01
  7.0000E+00  4.9448E+00  6.7845E+00  1.3587E+00  2.7233E-01  2.9490E-01  1.2509E-02  1.0000E+01
  7.0000E+00  4.9448E+00  6.7845E+00  1.3587E+00  2.7233E-01  2.9490E-01  1.2509E-02  1.0000E+01
  7.0000E+00  4.9448E+00  6.7845E+00  1.3587E+00  2.7233E-01  2.9490E-01  1.2509E-02  1.0000E+01
  7.0000E+00  4.9448E+00  6.7845E+00  1.3587E+00  2.7233E-01  2.9490E-01  1.2509E-02  1.0000E+01
  7.0000E+00  4.9448E+00  6.7845E+00  1.3587E+00  2.7233E-01  2.9490E-01  1.2509E-02  1.0000E+01
  7.0000E+00  4.9448E+00  6.7845E+00  1.3587E+00  2.7233E-01  2.9490E-01  1.2509E-02  1.0000E+01
  8.0000E+00  4.8832E+00  3.8807E+00  1.3587E+00  2.7233E-01  2.9490E-01  1.2509E-02  1.0000E+01
  8.0000E+00  4.8832E+00  3.8807E+00  1.3587E+00  2.7233E-01  2.9490E-01  1.2509E-02  1.0000E+01
  8.0000E+00  4.8832E+00  3.8807E+00  1.3587E+00  2.7233E-01  2.9490E-01  1.2509E-02  1.0000E+01
  8.0000E+00  4.8832E+00  3.8807E+00  1.3587E+00  2.7233E-01  2.9490E-01  1.2509E-02  1.0000E+01
  8.0000E+00  4.8832E+00  3.8807E+00  1.3587E+00  2.7233E-01  2.9490E-01  1.2509E-02  1.0000E+01
  8.0000E+00  4.8832E+00  3.8807E+00  1.3587E+00  2.7233E-01  2.9490E-01  1.2509E-02  1.0000E+01
  8.0000E+00  4.8832E+00  3.8807E+00  1.3587E+00  2.7233E-01  2.9490E-01  1.2509E-02  1.0000E+01
  8.0000E+00  4.8832E+00  3.8807E+00  1.3587E+00  2.7233E-01  2.9490E-01  1.2509E-02  1.0000E+01
  8.0000E+00  4.8832E+00  3.8807E+00  1.3587E+00  2.7233E-01  2.9490E-01  1.2509E-02  1.0000E+01
  8.0000E+00  4.8832E+00  3.8807E+00  1.3587E+00  2.7233E-01  2.9490E-01  1.2509E-02  1.0000E+01
  8.0000E+00  4.8832E+00  3.8807E+00  1.3587E+00  2.7233E-01  2.9490E-01  1.2509E-02  1.0000E+01
  8.0000E+00  4.8832E+00  3.8807E+00  1.3587E+00  2.7233E-01  2.9490E-01  1.2509E-02  1.0000E+01
  9.0000E+00  2.4910E+00  7.6927E-01  1.3587E+00  2.7234E-01  2.9490E-01  1.2509E-02  3.0000E+01
  9.0000E+00  2.4910E+00  7.6927E-01  1.3587E+00  2.7234E-01  2.9490E-01  1.2509E-02  3.0000E+01
  9.0000E+00  2.4910E+00  7.6927E-01  1.3587E+00  2.7234E-01  2.9490E-01  1.2509E-02  3.0000E+01
  9.0000E+00  2.4910E+00  7.6927E-01  1.3587E+00  2.7234E-01  2.9490E-01  1.2509E-02  3.0000E+01
  9.0000E+00  2.4910E+00  7.6927E-01  1.3587E+00  2.7234E-01  2.9490E-01  1.2509E-02  3.0000E+01
  9.0000E+00  2.4910E+00  7.6927E-01  1.3587E+00  2.7234E-01  2.9490E-01  1.2509E-02  3.0000E+01
  9.0000E+00  2.4910E+00  7.6927E-01  1.3587E+00  2.7234E-01  2.9490E-01  1.2509E-02  3.0000E+01
  9.0000E+00  2.4910E+00  7.6927E-01  1.3587E+00  2.7234E-01  2.9490E-01  1.2509E-02  3.0000E+01
  9.0000E+00  2.4910E+00  7.6927E-01  1.3587E+00  2.7234E-01  2.9490E-01  1.2509E-02  3.0000E+01
  9.0000E+00  2.4910E+00  7.6927E-01  1.3587E+00  2.7234E-01  2.9490E-01  1.2509E-02  3.0000E+01
  9.0000E+00  2.4910E+00  7.6927E-01  1.3587E+00  2.7234E-01  2.9490E-01  1.2509E-02  3.0000E+01
  9.0000E+00  2.4910E+00  7.6927E-01  1.3587E+00  2.7234E-01  2.9490E-01  1.2509E-02  3.0000E+01
  1.0000E+01  2.6301E+00  6.9824E+00  1.3587E+00  2.7233E-01  2.9490E-01  1.2509E-02  3.0000E+01
  1.0000E+01  2.6301E+00  6.9824E+00  1.3587E+00  2.7233E-01  2.9490E-01  1.2509E-02  3.0000E+01
  1.0000E+01  2.6301E+00  6.9824E+00  1.3587E+00  2.7233E-01  2.9490E-01  1.2509E-02  3.0000E+01
  1.0000E+01  2.6301E+00  6.9824E+00  1.3587E+00  2.7233E-01  2.9490E-01  1.2509E-02  3.0000E+01
  1.0000E+01  2.6301E+00  6.9824E+00  1.3587E+00  2.7233E-01  2.9490E-01  1.2509E-02  3.0000E+01
  1.0000E+01  2.6301E+00  6.9824E+00  1.3587E+00  2.7233E-01  2.9490E-01  1.2509E-02  3.0000E+01
  1.0000E+01  2.6301E+00  6.9824E+00  1.3587E+00  2.7233E-01  2.9490E-01  1.2509E-02  3.0000E+01
  1.0000E+01  2.6301E+00  6.9824E+00  1.3587E+00  2.7233E-01  2.9490E-01  1.2509E-02  3.0000E+01
  1.0000E+01  2.6301E+00  6.9824E+00  1.3587E+00  2.7233E-01  2.9490E-01  1.2509E-02  3.0000E+01
  1.0000E+01  2.6301E+00  6.9824E+00  1.3587E+00  2.7233E-01  2.9490E-01  1.2509E-02  3.0000E+01
  1.0000E+01  2.6301E+00  6.9824E+00  1.3587E+00  2.7233E-01  2.9490E-01  1.2509E-02  3.0000E+01
  1.0000E+01  2.6301E+00  6.9824E+00  1.3587E+00  2.7233E-01  2.9490E-01  1.2509E-02  3.0000E+01
  1.1000E+01  2.9238E+00  7.0301E+00  1.3587E+00  2.7233E-01  2.9490E-01  1.2509E-02  3.0000E+01
  1.1000E+01  2.9238E+00  7.0301E+00  1.3587E+00  2.7233E-01  2.9490E-01  1.2509E-02  3.0000E+01
  1.1000E+01  2.9238E+00  7.0301E+00  1.3587E+00  2.7233E-01  2.9490E-01  1.2509E-02  3.0000E+01
  1.1000E+01  2.9238E+00  7.0301E+00  1.3587E+00  2.7233E-01  2.9490E-01  1.2509E-02  3.0000E+01
  1.1000E+01  2.9238E+00  7.0301E+00  1.3587E+00  2.7233E-01  2.9490E-01  1.2509E-02  3.0000E+01
  1.1000E+01  2.9238E+00  7.0301E+00  1.3587E+00  2.7233E-01  2.9490E-01  1.2509E-02  3.0000E+01
  1.1000E+01  2.9238E+00  7.0301E+00  1.3587E+00  2.7233E-01  2.9490E-01  1.2509E-02  3.0000E+01
  1.1000E+01  2.9238E+00  7.0301E+00  1.3587E+00  2.7233E-01  2.9490E-01  1.2509E-02  3.0000E+01
  1.1000E+01  2.9238E+00  7.0301E+00  1.3587E+00  2.7233E-01  2.9490E-01  1.2509E-02  3.0000E+01
  1.1000E+01  2.9238E+00  7.0301E+00  1.3587E+00  2.7233E-01  2.9490E-01  1.2509E-02  3.0000E+01
  1.1000E+01  2.9238E+00  7.0301E+00  1.3587E+00  2.7233E-01  2.9490E-01  1.2509E-02  3.0000E+01
  1.1000E+01  2.9238E+00  7.0301E+00  1.3587E+00  2.7233E-01  2.9490E-01  1.2509E-02  3.0000E+01
  1.2000E+01  7.7997E+00  7.6433E+01  1.3587E+00  2.7233E-01  2.9490E-01  1.2509E-02  3.0000E+01
  1.2000E+01  7.7997E+00  7.6433E+01  1.3587E+00  2.7233E-01  2.9490E-01  1.2509E-02  3.0000E+01
  1.2000E+01  7.7997E+00  7.6433E+01  1.3587E+00  2.7233E-01  2.9490E-01  1.2509E-02  3.0000E+01
  1.2000E+01  7.7997E+00  7.6433E+01  1.3587E+00  2.7233E-01  2.9490E-01  1.2509E-02  3.0000E+01
  1.2000E+01  7.7997E+00  7.6433E+01  1.3587E+00  2.7233E-01  2.9490E-01  1.2509E-02  3.0000E+01
  1.2000E+01  7.7997E+00  7.6433E+01  1.3587E+00  2.7233E-01  2.9490E-01  1.2509E-02  3.0000E+01
  1.2000E+01  7.7997E+00  7.6433E+01  1.3587E+00  2.7233E-01  2.9490E-01  1.2509E-02  3.0000E+01
  1.2000E+01  7.7997E+00  7.6433E+01  1.3587E+00  2.7233E-01  2.9490E-01  1.2509E-02  3.0000E+01
  1.2000E+01  7.7997E+00  7.6433E+01  1.3587E+00  2.7233E-01  2.9490E-01  1.2509E-02  3.0000E+01
  1.2000E+01  7.7997E+00  7.6433E+01  1.3587E+00  2.7233E-01  2.9490E-01  1.2509E-02  3.0000E+01
  1.2000E+01  7.7997E+00  7.6433E+01  1.3587E+00  2.7233E-01  2.9490E-01  1.2509E-02  3.0000E+01
  1.2000E+01  7.7997E+00  7.6433E+01  1.3587E+00  2.7233E-01  2.9490E-01  1.2509E-02  3.0000E+01
  1.3000E+01  6.3537E+00  2.2961E+01  1.3587E+00  2.7233E-01  2.9490E-01  1.2509E-02  3.0000E+01
  1.3000E+01  6.3537E+00  2.2961E+01  1.3587E+00  2.7233E-01  2.9490E-01  1.2509E-02  3.0000E+01
  1.3000E+01  6.3537E+00  2.2961E+01  1.3587E+00  2.7233E-01  2.9490E-01  1.2509E-02  3.0000E+01
  1.3000E+01  6.3537E+00  2.2961E+01  1.3587E+00  2.7233E-01  2.9490E-01  1.2509E-02  3.0000E+01
  1.3000E+01  6.3537E+00  2.2961E+01  1.3587E+00  2.7233E-01  2.9490E-01  1.2509E-02  3.0000E+01
  1.3000E+01  6.3537E+00  2.2961E+01  1.3587E+00  2.7233E-01  2.9490E-01  1.2509E-02  3.0000E+01
  1.3000E+01  6.3537E+00  2.2961E+01  1.3587E+00  2.7233E-01  2.9490E-01  1.2509E-02  3.0000E+01
  1.3000E+01  6.3537E+00  2.2961E+01  1.3587E+00  2.7233E-01  2.9490E-01  1.2509E-02  3.0000E+01
  1.3000E+01  6.3537E+00  2.2961E+01  1.3587E+00  2.7233E-01  2.9490E-01  1.2509E-02  3.0000E+01
  1.3000E+01  6.3537E+00  2.2961E+01  1.3587E+00  2.7233E-01  2.9490E-01  1.2509E-02  3.0000E+01
  1.3000E+01  6.3537E+00  2.2961E+01  1.3587E+00  2.7233E-01  2.9490E-01  1.2509E-02  3.0000E+01
  1.3000E+01  6.3537E+00  2.2961E+01  1.3587E+00  2.7233E-01  2.9490E-01  1.2509E-02  3.0000E+01
  1.4000E+01  1.0266E+01  5.2821E+01  1.3587E+00  2.7233E-01  2.9490E-01  1.2509E-02  3.0000E+01
  1.4000E+01  1.0266E+01  5.2821E+01  1.3587E+00  2.7233E-01  2.9490E-01  1.2509E-02  3.0000E+01
  1.4000E+01  1.0266E+01  5.2821E+01  1.3587E+00  2.7233E-01  2.9490E-01  1.2509E-02  3.0000E+01
  1.4000E+01  1.0266E+01  5.2821E+01  1.3587E+00  2.7233E-01  2.9490E-01  1.2509E-02  3.0000E+01
  1.4000E+01  1.0266E+01  5.2821E+01  1.3587E+00  2.7233E-01  2.9490E-01  1.2509E-02  3.0000E+01
  1.4000E+01  1.0266E+01  5.2821E+01  1.3587E+00  2.7233E-01  2.9490E-01  1.2509E-02  3.0000E+01
  1.4000E+01  1.0266E+01  5.2821E+01  1.3587E+00  2.7233E-01  2.9490E-01  1.2509E-02  3.0000E+01
  1.4000E+01  1.0266E+01  5.2821E+01  1.3587E+00  2.7233E-01  2.9490E-01  1.2509E-02  3.0000E+01
  1.4000E+01  1.0266E+01  5.2821E+01  1.3587E+00  2.7233E-01  2.9490E-01  1.2509E-02  3.0000E+01
  1.4000E+01  1.0266E+01  5.2821E+01  1.3587E+00  2.7233E-01  2.9490E-01  1.2509E-02  3.0000E+01
  1.4000E+01  1.0266E+01  5.2821E+01  1.3587E+00  2.7233E-01  2.9490E-01  1.2509E-02  3.0000E+01
  1.4000E+01  1.0266E+01  5.2821E+01  1.3587E+00  2.7233E-01  2.9490E-01  1.2509E-02  3.0000E+01
  1.5000E+01  8.1221E+00  1.0085E+01  1.3587E+00  2.7233E-01  2.9490E-01  1.2509E-02  1.0000E+02
  1.5000E+01  8.1221E+00  1.0085E+01  1.3587E+00  2.7233E-01  2.9490E-01  1.2509E-02  1.0000E+02
  1.5000E+01  8.1221E+00  1.0085E+01  1.3587E+00  2.7233E-01  2.9490E-01  1.2509E-02  1.0000E+02
  1.5000E+01  8.1221E+00  1.0085E+01  1.3587E+00  2.7233E-01  2.9490E-01  1.2509E-02  1.0000E+02
  1.5000E+01  8.1221E+00  1.0085E+01  1.3587E+00  2.7233E-01  2.9490E-01  1.2509E-02  1.0000E+02
  1.5000E+01  8.1221E+00  1.0085E+01  1.3587E+00  2.7233E-01  2.9490E-01  1.2509E-02  1.0000E+02
  1.5000E+01  8.1221E+00  1.0085E+01  1.3587E+00  2.7233E-01  2.9490E-01  1.2509E-02  1.0000E+02
  1.5000E+01  8.1221E+00  1.0085E+01  1.3587E+00  2.7233E-01  2.9490E-01  1.2509E-02  1.0000E+02
  1.5000E+01  8.1221E+00  1.0085E+01  1.3587E+00  2.7233E-01  2.9490E-01  1.2509E-02  1.0000E+02
  1.5000E+01  8.1221E+00  1.0085E+01  1.3587E+00  2.7233E-01  2.9490E-01  1.2509E-02  1.0000E+02
  1.5000E+01  8.1221E+00  1.0085E+01  1.3587E+00  2.7233E-01  2.9490E-01  1.2509E-02  1.0000E+02
  1.5000E+01  8.1221E+00  1.0085E+01  1.3587E+00  2.7233E-01  2.9490E-01  1.2509E-02  1.0000E+02
  1.6000E+01  2.6997E+00  5.0489E+00  1.3587E+00  2.7233E-01  2.9490E-01  1.2509E-02  1.0000E+02
  1.6000E+01  2.6997E+00  5.0489E+00  1.3587E+00  2.7233E-01  2.9490E-01  1.2509E-02  1.0000E+02
  1.6000E+01  2.6997E+00  5.0489E+00  1.3587E+00  2.7233E-01  2.9490E-01  1.2509E-02  1.0000E+02
  1.6000E+01  2.6997E+00  5.0489E+00  1.3587E+00  2.7233E-01  2.9490E-01  1.2509E-02  1.0000E+02
  1.6000E+01  2.6997E+00  5.0489E+00  1.3587E+00  2.7233E-01  2.9490E-01  1.2509E-02  1.0000E+02
  1.6000E+01  2.6997E+00  5.0489E+00  1.3587E+00  2.7233E-01  2.9490E-01  1.2509E-02  1.0000E+02
  1.6000E+01  2.6997E+00  5.0489E+00  1.3587E+00  2.7233E-01  2.9490E-01  1.2509E-02  1.0000E+02
  1.6000E+01  2.6997E+00  5.0489E+00  1.3587E+00  2.7233E-01  2.9490E-01  1.2509E-02  1.0000E+02
  1.6000E+01  2.6997E+00  5.0489E+00  1.3587E+00  2.7233E-01  2.9490E-01  1.2509E-02  1.0000E+02
  1.6000E+01  2.6997E+00  5.0489E+00  1.3587E+00  2.7233E-01  2.9490E-01  1.2509E-02  1.0000E+02
  1.6000E+01  2.6997E+00  5.0489E+00  1.3587E+00  2.7233E-01  2.9490E-01  1.2509E-02  1.0000E+02
  1.6000E+01  2.6997E+00  5.0489E+00  1.3587E+00  2.7233E-01  2.9490E-01  1.2509E-02  1.0000E+02
  1.7000E+01  7.3520E+00  1.7031E+01  1.3587E+00  2.7233E-01  2.9490E-01  1.2509E-02  1.0000E+02
  1.7000E+01  7.3520E+00  1.7031E+01  1.3587E+00  2.7233E-01  2.9490E-01  1.2509E-02  1.0000E+02
  1.7000E+01  7.3520E+00  1.7031E+01  1.3587E+00  2.7233E-01  2.9490E-01  1.2509E-02  1.0000E+02
  1.7000E+01  7.3520E+00  1.7031E+01  1.3587E+00  2.7233E-01  2.9490E-01  1.2509E-02  1.0000E+02
  1.7000E+01  7.3520E+00  1.7031E+01  1.3587E+00  2.7233E-01  2.9490E-01  1.2509E-02  1.0000E+02
  1.7000E+01  7.3520E+00  1.7031E+01  1.3587E+00  2.7233E-01  2.9490E-01  1.2509E-02  1.0000E+02
  1.7000E+01  7.3520E+00  1.7031E+01  1.3587E+00  2.7233E-01  2.9490E-01  1.2509E-02  1.0000E+02
  1.7000E+01  7.3520E+00  1.7031E+01  1.3587E+00  2.7233E-01  2.9490E-01  1.2509E-02  1.0000E+02
  1.7000E+01  7.3520E+00  1.7031E+01  1.3587E+00  2.7233E-01  2.9490E-01  1.2509E-02  1.0000E+02
  1.7000E+01  7.3520E+00  1.7031E+01  1.3587E+00  2.7233E-01  2.9490E-01  1.2509E-02  1.0000E+02
  1.7000E+01  7.3520E+00  1.7031E+01  1.3587E+00  2.7233E-01  2.9490E-01  1.2509E-02  1.0000E+02
  1.7000E+01  7.3520E+00  1.7031E+01  1.3587E+00  2.7233E-01  2.9490E-01  1.2509E-02  1.0000E+02
