TABLE NO.  1
 ID          TIME        AMT         DV          MDV         IPRED       CWRES       IWRES       BQL         DV          PRED        RES         WRES
  1.0000E+00  0.0000E+00  2.9000E+04  0.0000E+00  1.0000E+00  0.0000E+00  0.0000E+00  0.0000E+00  0.0000E+00  0.0000E+00  1.0000E+00  0.0000E+00  0.0000E+00
  1.0000E+00  0.0000E+00  2.9000E+04  0.0000E+00  1.0000E+00  0.0000E+00  0.0000E+00  0.0000E+00  0.0000E+00  0.0000E+00  1.0000E+00  0.0000E+00  0.0000E+00
  1.0000E+00  0.0000E+00  0.0000E+00  0.0000E+00  0.0000E+00  0.0000E+00  0.0000E+00  0.0000E+00  0.0000E+00  0.0000E+00  1.0000E+00  0.0000E+00  0.0000E+00
  1.0000E+00  2.5000E-01  0.0000E+00  7.3000E-01  0.0000E+00  1.3628E+00  0.0000E+00 -8.3704E-01  0.0000E+00  7.3000E-01  1.4007E-01  0.0000E+00  0.0000E+00
  1.0000E+00  5.0000E-01  0.0000E+00  2.7500E+00  0.0000E+00  2.5212E+00  0.0000E+00  1.6361E-01  0.0000E+00  2.7500E+00  4.6418E+00  0.0000E+00  0.0000E+00
  1.0000E+00  1.0000E+00  0.0000E+00  7.2700E+00  0.0000E+00  4.3438E+00  0.0000E+00  1.2143E+00  0.0000E+00  7.2700E+00  8.0849E+00  0.0000E+00  0.0000E+00
  1.0000E+00  2.0000E+00  0.0000E+00  6.4500E+00  0.0000E+00  6.6197E+00  0.0000E+00 -4.6205E-02  0.0000E+00  6.4500E+00  1.2552E+01  0.0000E+00  0.0000E+00
  1.0000E+00  3.0000E+00  0.0000E+00  6.8500E+00  0.0000E+00  7.8204E+00  0.0000E+00 -2.2368E-01  0.0000E+00  6.8500E+00  1.5050E+01  0.0000E+00  0.0000E+00
  1.0000E+00  4.0000E+00  0.0000E+00  4.2300E+00  0.0000E+00  4.8933E+00  0.0000E+00 -2.4435E-01  0.0000E+00  4.2300E+00  9.8622E+00  0.0000E+00  0.0000E+00
  1.0000E+00  6.0000E+00  0.0000E+00  6.0300E+00  0.0000E+00  6.5615E+00  0.0000E+00 -1.4603E-01  0.0000E+00  6.0300E+00  1.2922E+01  0.0000E+00  0.0000E+00
  1.0000E+00  8.0000E+00  0.0000E+00  8.1100E+00  0.0000E+00  5.5465E+00  0.0000E+00  8.3318E-01  0.0000E+00  8.1100E+00  1.1197E+01  0.0000E+00  0.0000E+00
  1.0000E+00  1.2000E+01  0.0000E+00  5.0000E-01  0.0000E+00  2.2049E+00  0.0000E+00 -1.3939E+00  1.0000E+00  5.0000E-01  7.7278E-02  0.0000E+00  0.0000E+00
  1.0000E+00  2.4000E+01  0.0000E+00  5.0000E-01  0.0000E+00  8.9981E-02  0.0000E+00  8.2143E+00  1.0000E+00  5.0000E-01  1.0000E+00  0.0000E+00  0.0000E+00
  2.0000E+00  0.0000E+00  2.9000E+04  0.0000E+00  1.0000E+00  0.0000E+00  0.0000E+00  0.0000E+00  0.0000E+00  0.0000E+00  1.0000E+00  0.0000E+00  0.0000E+00
  2.0000E+00  0.0000E+00  2.9000E+04  0.0000E+00  1.0000E+00  0.0000E+00  0.0000E+00  0.0000E+00  0.0000E+00  0.0000E+00  1.0000E+00  0.0000E+00  0.0000E+00
  2.0000E+00  0.0000E+00  0.0000E+00  0.0000E+00  0.0000E+00  0.0000E+00  0.0000E+00  0.0000E+00  0.0000E+00  0.0000E+00  1.0000E+00  0.0000E+00  0.0000E+00
  2.0000E+00  2.5000E-01  0.0000E+00  1.2000E-01  0.0000E+00  9.0817E-01  0.0000E+00 -1.5645E+00  0.0000E+00  1.2000E-01  1.4007E-01  0.0000E+00  0.0000E+00
  2.0000E+00  5.0000E-01  0.0000E+00  1.8000E-01  0.0000E+00  1.7607E+00  0.0000E+00 -1.6184E+00  0.0000E+00  1.8000E-01  7.8633E-02  0.0000E+00  0.0000E+00
  2.0000E+00  1.0000E+00  0.0000E+00  1.4000E-01  0.0000E+00  3.3129E+00  0.0000E+00 -1.7265E+00  0.0000E+00  1.4000E-01  5.7086E-02  0.0000E+00  0.0000E+00
  2.0000E+00  2.0000E+00  0.0000E+00  1.1700E+00  0.0000E+00  5.8903E+00  0.0000E+00 -1.4446E+00  0.0000E+00  1.1700E+00  1.2552E+01  0.0000E+00  0.0000E+00
  2.0000E+00  3.0000E+00  0.0000E+00  8.4000E+00  0.0000E+00  7.9004E+00  0.0000E+00  1.1400E-01  0.0000E+00  8.4000E+00  1.5050E+01  0.0000E+00  0.0000E+00
  2.0000E+00  4.0000E+00  0.0000E+00  1.5500E+01  0.0000E+00  6.8584E+00  0.0000E+00  2.2714E+00  0.0000E+00  1.5500E+01  9.8622E+00  0.0000E+00  0.0000E+00
  2.0000E+00  6.0000E+00  0.0000E+00  8.5100E+00  0.0000E+00  8.4981E+00  0.0000E+00  2.5295E-03  0.0000E+00  8.5100E+00  1.2922E+01  0.0000E+00  0.0000E+00
  2.0000E+00  8.0000E+00  0.0000E+00  6.0400E+00  0.0000E+00  8.6132E+00  0.0000E+00 -5.3855E-01  0.0000E+00  6.0400E+00  1.1197E+01  0.0000E+00  0.0000E+00
  2.0000E+00  1.2000E+01  0.0000E+00  5.0000E-01  0.0000E+00  5.4919E+00  0.0000E+00 -1.6386E+00  1.0000E+00  5.0000E-01  7.7278E-02  0.0000E+00  0.0000E+00
  2.0000E+00  2.4000E+01  0.0000E+00  5.0000E-01  0.0000E+00  6.2369E-01  0.0000E+00 -3.5750E-01  1.0000E+00  5.0000E-01  1.0000E+00  0.0000E+00  0.0000E+00
  3.0000E+00  0.0000E+00  5.4500E+03  0.0000E+00  1.0000E+00  1.8849E+03  0.0000E+00 -1.8027E+00  0.0000E+00  0.0000E+00  3.5936E-02  0.0000E+00  0.0000E+00
  3.0000E+00  1.7000E-02  0.0000E+00  2.5500E+03  0.0000E+00  1.8323E+03  0.0000E+00  7.0614E-01  0.0000E+00  2.5500E+03  6.4559E+02  0.0000E+00  0.0000E+00
  3.0000E+00  8.3500E-02  0.0000E+00  2.1100E+03  0.0000E+00  1.6403E+03  0.0000E+00  5.1623E-01  0.0000E+00  2.1100E+03  6.2031E+02  0.0000E+00  0.0000E+00
  3.0000E+00  2.5000E-01  0.0000E+00  1.4600E+03  0.0000E+00  1.2438E+03  0.0000E+00  3.1338E-01  0.0000E+00  1.4600E+03  5.6134E+02  0.0000E+00  0.0000E+00
  3.0000E+00  5.0000E-01  0.0000E+00  8.5300E+02  0.0000E+00  8.2214E+02  0.0000E+00  6.7656E-02  0.0000E+00  8.5300E+02  4.8334E+02  0.0000E+00  0.0000E+00
  3.0000E+00  1.0000E+00  0.0000E+00  5.5500E+02  0.0000E+00  3.6226E+02  0.0000E+00  9.5908E-01  0.0000E+00  5.5500E+02  3.5891E+02  0.0000E+00  0.0000E+00
  3.0000E+00  2.0000E+00  0.0000E+00  1.0300E+02  0.0000E+00  7.6230E+01  0.0000E+00  6.3306E-01  0.0000E+00  1.0300E+02  1.9945E+02  0.0000E+00  0.0000E+00
  3.0000E+00  4.0000E+00  0.0000E+00  7.4100E+00  0.0000E+00  9.8950E+00  0.0000E+00 -4.5272E-01  0.0000E+00  7.4100E+00  6.4638E+01  0.0000E+00  0.0000E+00
  3.0000E+00  6.0000E+00  0.0000E+00  4.4900E+00  0.0000E+00  5.3179E+00  0.0000E+00 -2.8065E-01  0.0000E+00  4.4900E+00  2.3351E+01  0.0000E+00  0.0000E+00
  3.0000E+00  8.0000E+00  0.0000E+00  5.2500E+00  0.0000E+00  3.6021E+00  0.0000E+00  8.2467E-01  0.0000E+00  5.2500E+00  9.9277E+00  0.0000E+00  0.0000E+00
  3.0000E+00  1.2000E+01  0.0000E+00  2.4600E+00  0.0000E+00  1.6991E+00  0.0000E+00  8.0728E-01  0.0000E+00  2.4600E+00  2.9646E+00  0.0000E+00  0.0000E+00
  3.0000E+00  2.4000E+01  0.0000E+00  5.0000E-01  0.0000E+00  1.7873E-01  0.0000E+00  3.2403E+00  1.0000E+00  5.0000E-01  1.0000E+00  0.0000E+00  0.0000E+00
  4.0000E+00  0.0000E+00  5.9500E+03  0.0000E+00  1.0000E+00  1.8596E+03  0.0000E+00 -1.8027E+00  0.0000E+00  0.0000E+00  3.5918E-02  0.0000E+00  0.0000E+00
  4.0000E+00  1.7000E-02  0.0000E+00  2.3000E+03  0.0000E+00  1.8014E+03  0.0000E+00  4.9894E-01  0.0000E+00  2.3000E+03  7.0482E+02  0.0000E+00  0.0000E+00
  4.0000E+00  8.3500E-02  0.0000E+00  2.0000E+03  0.0000E+00  1.5908E+03  0.0000E+00  4.6370E-01  0.0000E+00  2.0000E+03  6.7722E+02  0.0000E+00  0.0000E+00
  4.0000E+00  2.5000E-01  0.0000E+00  1.2600E+03  0.0000E+00  1.1657E+03  0.0000E+00  1.4578E-01  0.0000E+00  1.2600E+03  6.1284E+02  0.0000E+00  0.0000E+00
  4.0000E+00  5.0000E-01  0.0000E+00  7.3500E+02  0.0000E+00  7.3196E+02  0.0000E+00  7.4981E-03  0.0000E+00  7.3500E+02  5.2769E+02  0.0000E+00  0.0000E+00
  4.0000E+00  1.0000E+00  0.0000E+00  4.3200E+02  0.0000E+00  2.9109E+02  0.0000E+00  8.7264E-01  0.0000E+00  4.3200E+02  3.9184E+02  0.0000E+00  0.0000E+00
  4.0000E+00  2.0000E+00  0.0000E+00  5.4600E+01  0.0000E+00  5.0612E+01  0.0000E+00  1.4203E-01  0.0000E+00  5.4600E+01  2.1774E+02  0.0000E+00  0.0000E+00
  4.0000E+00  4.0000E+00  0.0000E+00  7.2500E+00  0.0000E+00  6.2169E+00  0.0000E+00  2.9955E-01  0.0000E+00  7.2500E+00  7.0569E+01  0.0000E+00  0.0000E+00
  4.0000E+00  6.0000E+00  0.0000E+00  3.6500E+00  0.0000E+00  3.5893E+00  0.0000E+00  3.0465E-02  0.0000E+00  3.6500E+00  2.5493E+01  0.0000E+00  0.0000E+00
  4.0000E+00  8.0000E+00  0.0000E+00  3.3200E+00  0.0000E+00  2.4379E+00  0.0000E+00  6.5230E-01  0.0000E+00  3.3200E+00  1.0838E+01  0.0000E+00  0.0000E+00
  4.0000E+00  1.2000E+01  0.0000E+00  1.6100E+00  0.0000E+00  1.1385E+00  0.0000E+00  7.4647E-01  0.0000E+00  1.6100E+00  3.2366E+00  0.0000E+00  0.0000E+00
  4.0000E+00  2.4000E+01  0.0000E+00  5.0000E-01  0.0000E+00  1.1605E-01  0.0000E+00  5.9639E+00  1.0000E+00  5.0000E-01  9.9998E-01  0.0000E+00  0.0000E+00
  5.0000E+00  0.0000E+00  6.1000E+03  0.0000E+00  1.0000E+00  2.2536E+03  0.0000E+00 -1.8027E+00  0.0000E+00  0.0000E+00  3.5913E-02  0.0000E+00  0.0000E+00
  5.0000E+00  1.7000E-02  0.0000E+00  2.6900E+03  0.0000E+00  2.1811E+03  0.0000E+00  4.2062E-01  0.0000E+00  2.6900E+03  7.2259E+02  0.0000E+00  0.0000E+00
  5.0000E+00  8.3500E-02  0.0000E+00  2.0500E+03  0.0000E+00  1.9191E+03  0.0000E+00  1.2293E-01  0.0000E+00  2.0500E+03  6.9429E+02  0.0000E+00  0.0000E+00
  5.0000E+00  2.5000E-01  0.0000E+00  1.1600E+03  0.0000E+00  1.3937E+03  0.0000E+00 -3.0232E-01  0.0000E+00  1.1600E+03  6.2829E+02  0.0000E+00  0.0000E+00
  5.0000E+00  5.0000E-01  0.0000E+00  8.2000E+02  0.0000E+00  8.6363E+02  0.0000E+00 -9.1068E-02  0.0000E+00  8.2000E+02  5.4099E+02  0.0000E+00  0.0000E+00
  5.0000E+00  1.0000E+00  0.0000E+00  4.5600E+02  0.0000E+00  3.3514E+02  0.0000E+00  6.5012E-01  0.0000E+00  4.5600E+02  4.0172E+02  0.0000E+00  0.0000E+00
  5.0000E+00  2.0000E+00  0.0000E+00  5.7800E+01  0.0000E+00  5.6793E+01  0.0000E+00  3.1977E-02  0.0000E+00  5.7800E+01  2.2323E+02  0.0000E+00  0.0000E+00
  5.0000E+00  4.0000E+00  0.0000E+00  6.8700E+00  0.0000E+00  8.0033E+00  0.0000E+00 -2.5526E-01  0.0000E+00  6.8700E+00  7.2348E+01  0.0000E+00  0.0000E+00
  5.0000E+00  6.0000E+00  0.0000E+00  6.0500E+00  0.0000E+00  4.8432E+00  0.0000E+00  4.4919E-01  0.0000E+00  6.0500E+00  2.6136E+01  0.0000E+00  0.0000E+00
  5.0000E+00  8.0000E+00  0.0000E+00  6.1100E+00  0.0000E+00  3.3065E+00  0.0000E+00  1.5285E+00  0.0000E+00  6.1100E+00  1.1112E+01  0.0000E+00  0.0000E+00
  5.0000E+00  1.2000E+01  0.0000E+00  1.7100E+00  0.0000E+00  1.5534E+00  0.0000E+00  1.8176E-01  0.0000E+00  1.7100E+00  3.3182E+00  0.0000E+00  0.0000E+00
  5.0000E+00  2.4000E+01  0.0000E+00  5.0000E-01  0.0000E+00  1.6113E-01  0.0000E+00  3.7912E+00  1.0000E+00  5.0000E-01  9.9996E-01  0.0000E+00  0.0000E+00
  6.0000E+00  0.0000E+00  2.1800E+04  0.0000E+00  1.0000E+00  0.0000E+00  0.0000E+00  0.0000E+00  0.0000E+00  0.0000E+00  1.0000E+00  0.0000E+00  0.0000E+00
  6.0000E+00  0.0000E+00  2.1800E+04  0.0000E+00  1.0000E+00  0.0000E+00  0.0000E+00  0.0000E+00  0.0000E+00  0.0000E+00  1.0000E+00  0.0000E+00  0.0000E+00
  6.0000E+00  0.0000E+00  0.0000E+00  0.0000E+00  0.0000E+00  0.0000E+00  0.0000E+00  0.0000E+00  0.0000E+00  0.0000E+00  1.0000E+00  0.0000E+00  0.0000E+00
  6.0000E+00  2.5000E-01  0.0000E+00  0.0000E+00  0.0000E+00  1.5771E+00  0.0000E+00 -1.8027E+00  0.0000E+00  0.0000E+00  2.0008E-01  0.0000E+00  0.0000E+00
  6.0000E+00  5.0000E-01  0.0000E+00  1.3900E+00  0.0000E+00  2.9301E+00  0.0000E+00 -9.4752E-01  0.0000E+00  1.3900E+00  3.4894E+00  0.0000E+00  0.0000E+00
  6.0000E+00  1.0000E+00  0.0000E+00  9.5800E+00  0.0000E+00  5.0885E+00  0.0000E+00  1.5912E+00  0.0000E+00  9.5800E+00  6.0776E+00  0.0000E+00  0.0000E+00
  6.0000E+00  2.0000E+00  0.0000E+00  9.5100E+00  0.0000E+00  7.8598E+00  0.0000E+00  3.7848E-01  0.0000E+00  9.5100E+00  9.4358E+00  0.0000E+00  0.0000E+00
  6.0000E+00  4.0000E+00  0.0000E+00  4.9900E+00  0.0000E+00  6.0715E+00  0.0000E+00 -3.2111E-01  0.0000E+00  4.9900E+00  7.4136E+00  0.0000E+00  0.0000E+00
  6.0000E+00  6.0000E+00  0.0000E+00  3.2100E+00  0.0000E+00  7.9995E+00  0.0000E+00 -1.0793E+00  0.0000E+00  3.2100E+00  9.7136E+00  0.0000E+00  0.0000E+00
  6.0000E+00  8.0000E+00  0.0000E+00  9.1800E+00  0.0000E+00  6.8818E+00  0.0000E+00  6.0202E-01  0.0000E+00  9.1800E+00  8.4168E+00  0.0000E+00  0.0000E+00
  6.0000E+00  1.2000E+01  0.0000E+00  3.8300E+00  0.0000E+00  2.8632E+00  0.0000E+00  6.0871E-01  0.0000E+00  3.8300E+00  3.5749E+00  0.0000E+00  0.0000E+00
  6.0000E+00  2.4000E+01  0.0000E+00  5.0000E-01  0.0000E+00  1.3769E-01  0.0000E+00  4.7437E+00  1.0000E+00  5.0000E-01  1.0000E+00  0.0000E+00  0.0000E+00
  7.0000E+00  0.0000E+00  2.3800E+04  0.0000E+00  1.0000E+00  0.0000E+00  0.0000E+00  0.0000E+00  0.0000E+00  0.0000E+00  1.0000E+00  0.0000E+00  0.0000E+00
  7.0000E+00  0.0000E+00  2.3800E+04  0.0000E+00  1.0000E+00  0.0000E+00  0.0000E+00  0.0000E+00  0.0000E+00  0.0000E+00  1.0000E+00  0.0000E+00  0.0000E+00
  7.0000E+00  0.0000E+00  0.0000E+00  0.0000E+00  0.0000E+00  0.0000E+00  0.0000E+00  0.0000E+00  0.0000E+00  0.0000E+00  1.0000E+00  0.0000E+00  0.0000E+00
  7.0000E+00  2.5000E-01  0.0000E+00  2.7200E+00  0.0000E+00  2.4705E+00  0.0000E+00  1.8203E-01  0.0000E+00  2.7200E+00  2.0472E+00  0.0000E+00  0.0000E+00
  7.0000E+00  5.0000E-01  0.0000E+00  3.0600E+00  0.0000E+00  4.5101E+00  0.0000E+00 -5.7960E-01  0.0000E+00  3.0600E+00  3.8095E+00  0.0000E+00  0.0000E+00
  7.0000E+00  1.0000E+00  0.0000E+00  5.3900E+00  0.0000E+00  7.5876E+00  0.0000E+00 -5.2211E-01  0.0000E+00  5.3900E+00  6.6352E+00  0.0000E+00  0.0000E+00
  7.0000E+00  2.0000E+00  0.0000E+00  2.4700E+01  0.0000E+00  1.1142E+01  0.0000E+00  2.1937E+00  0.0000E+00  2.4700E+01  1.0301E+01  0.0000E+00  0.0000E+00
  7.0000E+00  4.0000E+00  0.0000E+00  3.7600E+00  0.0000E+00  7.3733E+00  0.0000E+00 -8.8341E-01  0.0000E+00  3.7600E+00  8.0938E+00  0.0000E+00  0.0000E+00
  7.0000E+00  6.0000E+00  0.0000E+00  3.1900E+00  0.0000E+00  1.0616E+01  0.0000E+00 -1.2610E+00  0.0000E+00  3.1900E+00  1.0605E+01  0.0000E+00  0.0000E+00
  7.0000E+00  8.0000E+00  0.0000E+00  6.4300E+00  0.0000E+00  8.6719E+00  0.0000E+00 -4.6604E-01  0.0000E+00  6.4300E+00  9.1889E+00  0.0000E+00  0.0000E+00
  7.0000E+00  1.2000E+01  0.0000E+00  4.9200E+00  0.0000E+00  3.3426E+00  0.0000E+00  8.5073E-01  0.0000E+00  4.9200E+00  3.9029E+00  0.0000E+00  0.0000E+00
  7.0000E+00  2.4000E+01  0.0000E+00  5.0000E-01  0.0000E+00  1.6191E-01  0.0000E+00  3.7642E+00  1.0000E+00  5.0000E-01  1.0000E+00  0.0000E+00  0.0000E+00
  8.0000E+00  0.0000E+00  2.4400E+04  0.0000E+00  1.0000E+00  0.0000E+00  0.0000E+00  0.0000E+00  0.0000E+00  0.0000E+00  1.0000E+00  0.0000E+00  0.0000E+00
  8.0000E+00  0.0000E+00  2.4400E+04  0.0000E+00  1.0000E+00  0.0000E+00  0.0000E+00  0.0000E+00  0.0000E+00  0.0000E+00  1.0000E+00  0.0000E+00  0.0000E+00
  8.0000E+00  0.0000E+00  0.0000E+00  0.0000E+00  0.0000E+00  0.0000E+00  0.0000E+00  0.0000E+00  0.0000E+00  0.0000E+00  1.0000E+00  0.0000E+00  0.0000E+00
  8.0000E+00  2.5000E-01  0.0000E+00  4.4400E+00  0.0000E+00  4.1418E+00  0.0000E+00  1.2978E-01  0.0000E+00  4.4400E+00  2.0988E+00  0.0000E+00  0.0000E+00
  8.0000E+00  5.0000E-01  0.0000E+00  9.7200E+00  0.0000E+00  7.1161E+00  0.0000E+00  6.5962E-01  0.0000E+00  9.7200E+00  3.9055E+00  0.0000E+00  0.0000E+00
  8.0000E+00  1.0000E+00  0.0000E+00  1.7700E+01  0.0000E+00  1.0796E+01  0.0000E+00  1.1529E+00  0.0000E+00  1.7700E+01  6.8024E+00  0.0000E+00  0.0000E+00
  8.0000E+00  2.0000E+00  0.0000E+00  7.3400E+00  0.0000E+00  1.3728E+01  0.0000E+00 -8.3881E-01  0.0000E+00  7.3400E+00  1.0561E+01  0.0000E+00  0.0000E+00
  8.0000E+00  4.0000E+00  0.0000E+00  4.9900E+00  0.0000E+00  5.5057E+00  0.0000E+00 -1.6885E-01  0.0000E+00  4.9900E+00  8.2978E+00  0.0000E+00  0.0000E+00
  8.0000E+00  6.0000E+00  0.0000E+00  6.1800E+00  0.0000E+00  1.2061E+01  0.0000E+00 -8.7900E-01  0.0000E+00  6.1800E+00  1.0872E+01  0.0000E+00  0.0000E+00
  8.0000E+00  8.0000E+00  0.0000E+00  4.5600E+00  0.0000E+00  8.3824E+00  0.0000E+00 -8.2203E-01  0.0000E+00  4.5600E+00  9.4206E+00  0.0000E+00  0.0000E+00
  8.0000E+00  1.2000E+01  0.0000E+00  5.4200E+00  0.0000E+00  2.8712E+00  0.0000E+00  1.6003E+00  0.0000E+00  5.4200E+00  4.0013E+00  0.0000E+00  0.0000E+00
  8.0000E+00  2.4000E+01  0.0000E+00  5.0000E-01  0.0000E+00  1.3426E-01  0.0000E+00  4.9105E+00  1.0000E+00  5.0000E-01  1.0000E+00  0.0000E+00  0.0000E+00
  9.0000E+00  0.0000E+00  6.5700E+04  0.0000E+00  1.0000E+00  0.0000E+00  0.0000E+00  0.0000E+00  0.0000E+00  0.0000E+00  1.0000E+00  0.0000E+00  0.0000E+00
  9.0000E+00  0.0000E+00  6.5700E+04  0.0000E+00  1.0000E+00  0.0000E+00  0.0000E+00  0.0000E+00  0.0000E+00  0.0000E+00  1.0000E+00  0.0000E+00  0.0000E+00
  9.0000E+00  0.0000E+00  0.0000E+00  0.0000E+00  0.0000E+00  0.0000E+00  0.0000E+00  0.0000E+00  0.0000E+00  0.0000E+00  1.0000E+00  0.0000E+00  0.0000E+00
  9.0000E+00  2.5000E-01  0.0000E+00  6.1100E+01  0.0000E+00  4.3658E+01  0.0000E+00  7.2021E-01  0.0000E+00  6.1100E+01  5.6512E+00  0.0000E+00  0.0000E+00
  9.0000E+00  5.0000E-01  0.0000E+00  1.5100E+02  0.0000E+00  6.1566E+01  0.0000E+00  2.6187E+00  0.0000E+00  1.5100E+02  1.0516E+01  0.0000E+00  0.0000E+00
  9.0000E+00  1.0000E+00  0.0000E+00  6.1800E+01  0.0000E+00  7.2251E+01  0.0000E+00 -2.6076E-01  0.0000E+00  6.1800E+01  1.8316E+01  0.0000E+00  0.0000E+00
  9.0000E+00  2.0000E+00  0.0000E+00  2.9100E+01  0.0000E+00  7.5385E+01  0.0000E+00 -1.1068E+00  0.0000E+00  2.9100E+01  2.8437E+01  0.0000E+00  0.0000E+00
  9.0000E+00  4.0000E+00  0.0000E+00  1.2200E+01  0.0000E+00  7.9759E+00  0.0000E+00  9.5471E-01  0.0000E+00  1.2200E+01  2.2343E+01  0.0000E+00  0.0000E+00
  9.0000E+00  6.0000E+00  0.0000E+00  3.5300E+01  0.0000E+00  6.5866E+01  0.0000E+00 -8.3656E-01  0.0000E+00  3.5300E+01  2.9275E+01  0.0000E+00  0.0000E+00
  9.0000E+00  8.0000E+00  0.0000E+00  3.1900E+01  0.0000E+00  3.9014E+01  0.0000E+00 -3.2870E-01  0.0000E+00  3.1900E+01  2.5366E+01  0.0000E+00  0.0000E+00
  9.0000E+00  1.2000E+01  0.0000E+00  2.0000E+01  0.0000E+00  1.3906E+01  0.0000E+00  7.9000E-01  0.0000E+00  2.0000E+01  1.0774E+01  0.0000E+00  0.0000E+00
  9.0000E+00  2.4000E+01  0.0000E+00  5.0000E-01  0.0000E+00  8.5330E-01  0.0000E+00 -7.4638E-01  1.0000E+00  5.0000E-01  9.1977E-01  0.0000E+00  0.0000E+00
  1.0000E+01  0.0000E+00  7.0500E+04  0.0000E+00  1.0000E+00  0.0000E+00  0.0000E+00  0.0000E+00  0.0000E+00  0.0000E+00  1.0000E+00  0.0000E+00  0.0000E+00
  1.0000E+01  0.0000E+00  7.0500E+04  0.0000E+00  1.0000E+00  0.0000E+00  0.0000E+00  0.0000E+00  0.0000E+00  0.0000E+00  1.0000E+00  0.0000E+00  0.0000E+00
  1.0000E+01  0.0000E+00  0.0000E+00  0.0000E+00  0.0000E+00  0.0000E+00  0.0000E+00  0.0000E+00  0.0000E+00  0.0000E+00  1.0000E+00  0.0000E+00  0.0000E+00
  1.0000E+01  2.5000E-01  0.0000E+00  7.4900E+00  0.0000E+00  7.4237E+00  0.0000E+00  1.6109E-02  0.0000E+00  7.4900E+00  6.0641E+00  0.0000E+00  0.0000E+00
  1.0000E+01  5.0000E-01  0.0000E+00  1.1400E+01  0.0000E+00  1.4118E+01  0.0000E+00 -3.4705E-01  0.0000E+00  1.1400E+01  1.1284E+01  0.0000E+00  0.0000E+00
  1.0000E+01  1.0000E+00  0.0000E+00  4.4700E+01  0.0000E+00  2.5610E+01  0.0000E+00  1.3438E+00  0.0000E+00  4.4700E+01  1.9655E+01  0.0000E+00  0.0000E+00
  1.0000E+01  2.0000E+00  0.0000E+00  4.1200E+01  0.0000E+00  4.2654E+01  0.0000E+00 -6.1465E-02  0.0000E+00  4.1200E+01  3.0515E+01  0.0000E+00  0.0000E+00
  1.0000E+01  4.0000E+00  0.0000E+00  4.5400E+01  0.0000E+00  4.1381E+01  0.0000E+00  1.7506E-01  0.0000E+00  4.5400E+01  2.3975E+01  0.0000E+00  0.0000E+00
  1.0000E+01  6.0000E+00  0.0000E+00  7.5200E+01  0.0000E+00  5.1339E+01  0.0000E+00  8.3784E-01  0.0000E+00  7.5200E+01  3.1413E+01  0.0000E+00  0.0000E+00
  1.0000E+01  8.0000E+00  0.0000E+00  7.7200E+01  0.0000E+00  4.8269E+01  0.0000E+00  1.0805E+00  0.0000E+00  7.7200E+01  2.7219E+01  0.0000E+00  0.0000E+00
  1.0000E+01  1.2000E+01  0.0000E+00  4.3900E+01  0.0000E+00  2.5233E+01  0.0000E+00  1.3336E+00  0.0000E+00  4.3900E+01  1.1561E+01  0.0000E+00  0.0000E+00
  1.0000E+01  2.4000E+01  0.0000E+00  5.0000E-01  0.0000E+00  2.0960E+00  0.0000E+00 -1.3727E+00  1.0000E+00  5.0000E-01  8.8203E-01  0.0000E+00  0.0000E+00
  1.1000E+01  0.0000E+00  7.8600E+04  0.0000E+00  1.0000E+00  0.0000E+00  0.0000E+00  0.0000E+00  0.0000E+00  0.0000E+00  1.0000E+00  0.0000E+00  0.0000E+00
  1.1000E+01  0.0000E+00  7.8600E+04  0.0000E+00  1.0000E+00  0.0000E+00  0.0000E+00  0.0000E+00  0.0000E+00  0.0000E+00  1.0000E+00  0.0000E+00  0.0000E+00
  1.1000E+01  0.0000E+00  0.0000E+00  0.0000E+00  0.0000E+00  0.0000E+00  0.0000E+00  0.0000E+00  0.0000E+00  0.0000E+00  1.0000E+00  0.0000E+00  0.0000E+00
  1.1000E+01  2.5000E-01  0.0000E+00  4.7300E+00  0.0000E+00  8.1813E+00  0.0000E+00 -7.6046E-01  0.0000E+00  4.7300E+00  6.7608E+00  0.0000E+00  0.0000E+00
  1.1000E+01  5.0000E-01  0.0000E+00  8.1400E+00  0.0000E+00  1.5487E+01  0.0000E+00 -8.5520E-01  0.0000E+00  8.1400E+00  1.2581E+01  0.0000E+00  0.0000E+00
  1.1000E+01  1.0000E+00  0.0000E+00  1.2200E+01  0.0000E+00  2.7851E+01  0.0000E+00 -1.0130E+00  0.0000E+00  1.2200E+01  2.1913E+01  0.0000E+00  0.0000E+00
  1.1000E+01  2.0000E+00  0.0000E+00  1.1000E+02  0.0000E+00  4.5680E+01  0.0000E+00  2.5382E+00  0.0000E+00  1.1000E+02  3.4021E+01  0.0000E+00  0.0000E+00
  1.1000E+01  4.0000E+00  0.0000E+00  1.7000E+01  0.0000E+00  4.2365E+01  0.0000E+00 -1.0793E+00  0.0000E+00  1.7000E+01  2.6730E+01  0.0000E+00  0.0000E+00
  1.1000E+01  6.0000E+00  0.0000E+00  1.3500E+01  0.0000E+00  5.2893E+01  0.0000E+00 -1.3426E+00  0.0000E+00  1.3500E+01  3.5023E+01  0.0000E+00  0.0000E+00
  1.1000E+01  8.0000E+00  0.0000E+00  4.1300E+01  0.0000E+00  4.8831E+01  0.0000E+00 -2.7803E-01  0.0000E+00  4.1300E+01  3.0347E+01  0.0000E+00  0.0000E+00
  1.1000E+01  1.2000E+01  0.0000E+00  4.7700E+01  0.0000E+00  2.4295E+01  0.0000E+00  1.7367E+00  0.0000E+00  4.7700E+01  1.2889E+01  0.0000E+00  0.0000E+00
  1.1000E+01  2.4000E+01  0.0000E+00  5.0000E-01  0.0000E+00  1.8001E+00  0.0000E+00 -1.3020E+00  1.0000E+00  5.0000E-01  8.0984E-01  0.0000E+00  0.0000E+00
  1.2000E+01  0.0000E+00  6.4500E+04  0.0000E+00  1.0000E+00  0.0000E+00  0.0000E+00  0.0000E+00  0.0000E+00  0.0000E+00  1.0000E+00  0.0000E+00  0.0000E+00
  1.2000E+01  0.0000E+00  6.4500E+04  0.0000E+00  1.0000E+00  0.0000E+00  0.0000E+00  0.0000E+00  0.0000E+00  0.0000E+00  1.0000E+00  0.0000E+00  0.0000E+00
  1.2000E+01  0.0000E+00  0.0000E+00  0.0000E+00  0.0000E+00  0.0000E+00  0.0000E+00  0.0000E+00  0.0000E+00  0.0000E+00  1.0000E+00  0.0000E+00  0.0000E+00
  1.2000E+01  2.5000E-01  0.0000E+00  0.0000E+00  0.0000E+00  6.4466E-01  0.0000E+00 -1.8027E+00  0.0000E+00  0.0000E+00  6.9736E-02  0.0000E+00  0.0000E+00
  1.2000E+01  5.0000E-01  0.0000E+00  0.0000E+00  0.0000E+00  1.2725E+00  0.0000E+00 -1.8027E+00  0.0000E+00  0.0000E+00  5.1754E-02  0.0000E+00  0.0000E+00
  1.2000E+01  1.0000E+00  0.0000E+00  1.6800E+00  0.0000E+00  2.4799E+00  0.0000E+00 -5.8144E-01  0.0000E+00  1.6800E+00  1.7982E+01  0.0000E+00  0.0000E+00
  1.2000E+01  2.0000E+00  0.0000E+00  4.5500E+00  0.0000E+00  4.7127E+00  0.0000E+00 -6.2223E-02  0.0000E+00  4.5500E+00  2.7918E+01  0.0000E+00  0.0000E+00
  1.2000E+01  4.0000E+00  0.0000E+00  8.0700E+00  0.0000E+00  6.6126E+00  0.0000E+00  3.9730E-01  0.0000E+00  8.0700E+00  2.1935E+01  0.0000E+00  0.0000E+00
  1.2000E+01  6.0000E+00  0.0000E+00  1.6500E+01  0.0000E+00  8.7111E+00  0.0000E+00  1.6118E+00  0.0000E+00  1.6500E+01  2.8740E+01  0.0000E+00  0.0000E+00
  1.2000E+01  8.0000E+00  0.0000E+00  8.9500E+00  0.0000E+00  9.8465E+00  0.0000E+00 -1.6413E-01  0.0000E+00  8.9500E+00  2.4903E+01  0.0000E+00  0.0000E+00
  1.2000E+01  1.2000E+01  0.0000E+00  9.3700E+00  0.0000E+00  8.6253E+00  0.0000E+00  1.5563E-01  0.0000E+00  9.3700E+00  1.0577E+01  0.0000E+00  0.0000E+00
  1.2000E+01  2.4000E+01  0.0000E+00  1.8200E+00  0.0000E+00  3.0504E+00  0.0000E+00 -7.2712E-01  0.0000E+00  1.8200E+00  5.5198E-01  0.0000E+00  0.0000E+00
  1.3000E+01  0.0000E+00  6.6900E+04  0.0000E+00  1.0000E+00  0.0000E+00  0.0000E+00  0.0000E+00  0.0000E+00  0.0000E+00  1.0000E+00  0.0000E+00  0.0000E+00
  1.3000E+01  0.0000E+00  6.6900E+04  0.0000E+00  1.0000E+00  0.0000E+00  0.0000E+00  0.0000E+00  0.0000E+00  0.0000E+00  1.0000E+00  0.0000E+00  0.0000E+00
  1.3000E+01  0.0000E+00  0.0000E+00  0.0000E+00  0.0000E+00  0.0000E+00  0.0000E+00  0.0000E+00  0.0000E+00  0.0000E+00  1.0000E+00  0.0000E+00  0.0000E+00
  1.3000E+01  2.5000E-01  0.0000E+00  2.8600E+00  0.0000E+00  2.1759E+00  0.0000E+00  5.6675E-01  0.0000E+00  2.8600E+00  5.7545E+00  0.0000E+00  0.0000E+00
  1.3000E+01  5.0000E-01  0.0000E+00  5.9700E+00  0.0000E+00  4.2007E+00  0.0000E+00  7.5930E-01  0.0000E+00  5.9700E+00  1.0708E+01  0.0000E+00  0.0000E+00
  1.3000E+01  1.0000E+00  0.0000E+00  9.6700E+00  0.0000E+00  7.8391E+00  0.0000E+00  4.2103E-01  0.0000E+00  9.6700E+00  1.8651E+01  0.0000E+00  0.0000E+00
  1.3000E+01  2.0000E+00  0.0000E+00  8.9800E+00  0.0000E+00  1.3728E+01  0.0000E+00 -6.2344E-01  0.0000E+00  8.9800E+00  2.8957E+01  0.0000E+00  0.0000E+00
  1.3000E+01  4.0000E+00  0.0000E+00  1.7100E+01  0.0000E+00  1.5305E+01  0.0000E+00  2.1146E-01  0.0000E+00  1.7100E+01  2.2751E+01  0.0000E+00  0.0000E+00
  1.3000E+01  6.0000E+00  0.0000E+00  2.7500E+01  0.0000E+00  1.8835E+01  0.0000E+00  8.2928E-01  0.0000E+00  2.7500E+01  2.9809E+01  0.0000E+00  0.0000E+00
  1.3000E+01  8.0000E+00  0.0000E+00  1.5000E+01  0.0000E+00  1.8683E+01  0.0000E+00 -3.5535E-01  0.0000E+00  1.5000E+01  2.5829E+01  0.0000E+00  0.0000E+00
  1.3000E+01  1.2000E+01  0.0000E+00  7.1400E+00  0.0000E+00  1.1172E+01  0.0000E+00 -6.5058E-01  0.0000E+00  7.1400E+00  1.0971E+01  0.0000E+00  0.0000E+00
  1.3000E+01  2.4000E+01  0.0000E+00  1.4000E+00  0.0000E+00  1.0286E+00  0.0000E+00  6.5086E-01  0.0000E+00  1.4000E+00  5.7252E-01  0.0000E+00  0.0000E+00
  1.4000E+01  0.0000E+00  7.7400E+04  0.0000E+00  1.0000E+00  0.0000E+00  0.0000E+00  0.0000E+00  0.0000E+00  0.0000E+00  1.0000E+00  0.0000E+00  0.0000E+00
  1.4000E+01  0.0000E+00  7.7400E+04  0.0000E+00  1.0000E+00  0.0000E+00  0.0000E+00  0.0000E+00  0.0000E+00  0.0000E+00  1.0000E+00  0.0000E+00  0.0000E+00
  1.4000E+01  0.0000E+00  0.0000E+00  0.0000E+00  0.0000E+00  0.0000E+00  0.0000E+00  0.0000E+00  0.0000E+00  0.0000E+00  1.0000E+00  0.0000E+00  0.0000E+00
  1.4000E+01  2.5000E-01  0.0000E+00  0.0000E+00  0.0000E+00  1.1064E+00  0.0000E+00 -1.8027E+00  0.0000E+00  0.0000E+00  6.2772E-02  0.0000E+00  0.0000E+00
  1.4000E+01  5.0000E-01  0.0000E+00  0.0000E+00  0.0000E+00  2.1591E+00  0.0000E+00 -1.8027E+00  0.0000E+00  0.0000E+00  4.8742E-02  0.0000E+00  0.0000E+00
  1.4000E+01  1.0000E+00  0.0000E+00  5.9400E+00  0.0000E+00  4.1137E+00  0.0000E+00  8.0031E-01  0.0000E+00  5.9400E+00  2.1578E+01  0.0000E+00  0.0000E+00
  1.4000E+01  2.0000E+00  0.0000E+00  9.3600E+00  0.0000E+00  7.4868E+00  0.0000E+00  4.5103E-01  0.0000E+00  9.3600E+00  3.3501E+01  0.0000E+00  0.0000E+00
  1.4000E+01  4.0000E+00  0.0000E+00  8.7400E+00  0.0000E+00  9.3036E+00  0.0000E+00 -1.0920E-01  0.0000E+00  8.7400E+00  2.6322E+01  0.0000E+00  0.0000E+00
  1.4000E+01  6.0000E+00  0.0000E+00  1.6700E+01  0.0000E+00  1.1692E+01  0.0000E+00  7.7213E-01  0.0000E+00  1.6700E+01  3.4488E+01  0.0000E+00  0.0000E+00
  1.4000E+01  8.0000E+00  0.0000E+00  8.7500E+00  0.0000E+00  1.2252E+01  0.0000E+00 -5.1522E-01  0.0000E+00  8.7500E+00  2.9883E+01  0.0000E+00  0.0000E+00
  1.4000E+01  1.2000E+01  0.0000E+00  3.6200E+00  0.0000E+00  8.5980E+00  0.0000E+00 -1.0437E+00  0.0000E+00  3.6200E+00  1.2693E+01  0.0000E+00  0.0000E+00
  1.4000E+01  2.4000E+01  0.0000E+00  1.4600E+00  0.0000E+00  1.3054E+00  0.0000E+00  2.1352E-01  0.0000E+00  1.4600E+00  6.6238E-01  0.0000E+00  0.0000E+00
  1.5000E+01  0.0000E+00  2.2700E+05  0.0000E+00  1.0000E+00  0.0000E+00  0.0000E+00  0.0000E+00  0.0000E+00  0.0000E+00  1.0000E+00  0.0000E+00  0.0000E+00
  1.5000E+01  0.0000E+00  2.2700E+05  0.0000E+00  1.0000E+00  0.0000E+00  0.0000E+00  0.0000E+00  0.0000E+00  0.0000E+00  1.0000E+00  0.0000E+00  0.0000E+00
  1.5000E+01  0.0000E+00  0.0000E+00  0.0000E+00  0.0000E+00  0.0000E+00  0.0000E+00  0.0000E+00  0.0000E+00  0.0000E+00  1.0000E+00  0.0000E+00  0.0000E+00
  1.5000E+01  2.5000E-01  0.0000E+00  1.1600E+01  0.0000E+00  1.5731E+01  0.0000E+00 -4.7339E-01  0.0000E+00  1.1600E+01  1.9526E+01  0.0000E+00  0.0000E+00
  1.5000E+01  5.0000E-01  0.0000E+00  4.0600E+01  0.0000E+00  2.8511E+01  0.0000E+00  7.6434E-01  0.0000E+00  4.0600E+01  3.6334E+01  0.0000E+00  0.0000E+00
  1.5000E+01  1.0000E+00  0.0000E+00  7.2100E+01  0.0000E+00  4.7345E+01  0.0000E+00  9.4253E-01  0.0000E+00  7.2100E+01  6.3285E+01  0.0000E+00  0.0000E+00
  1.5000E+01  2.0000E+00  0.0000E+00  3.9700E+01  0.0000E+00  6.8093E+01  0.0000E+00 -7.5167E-01  0.0000E+00  3.9700E+01  9.8253E+01  0.0000E+00  0.0000E+00
  1.5000E+01  4.0000E+00  0.0000E+00  4.5700E+01  0.0000E+00  4.1980E+01  0.0000E+00  1.5974E-01  0.0000E+00  4.5700E+01  7.7197E+01  0.0000E+00  0.0000E+00
  1.5000E+01  6.0000E+00  0.0000E+00  6.1800E+01  0.0000E+00  6.3096E+01  0.0000E+00 -3.7033E-02  0.0000E+00  6.1800E+01  1.0115E+02  0.0000E+00  0.0000E+00
  1.5000E+01  8.0000E+00  0.0000E+00  5.6100E+01  0.0000E+00  5.0175E+01  0.0000E+00  2.1287E-01  0.0000E+00  5.6100E+01  8.7642E+01  0.0000E+00  0.0000E+00
  1.5000E+01  1.2000E+01  0.0000E+00  2.7000E+01  0.0000E+00  1.8345E+01  0.0000E+00  8.5043E-01  0.0000E+00  2.7000E+01  3.7225E+01  0.0000E+00  0.0000E+00
  1.5000E+01  2.4000E+01  0.0000E+00  5.0000E-01  0.0000E+00  7.4791E-01  0.0000E+00 -5.9753E-01  1.0000E+00  5.0000E-01  1.9086E-01  0.0000E+00  0.0000E+00
  1.6000E+01  0.0000E+00  2.1500E+05  0.0000E+00  1.0000E+00  0.0000E+00  0.0000E+00  0.0000E+00  0.0000E+00  0.0000E+00  1.0000E+00  0.0000E+00  0.0000E+00
  1.6000E+01  0.0000E+00  2.1500E+05  0.0000E+00  1.0000E+00  0.0000E+00  0.0000E+00  0.0000E+00  0.0000E+00  0.0000E+00  1.0000E+00  0.0000E+00  0.0000E+00
  1.6000E+01  0.0000E+00  0.0000E+00  0.0000E+00  0.0000E+00  0.0000E+00  0.0000E+00  0.0000E+00  0.0000E+00  0.0000E+00  1.0000E+00  0.0000E+00  0.0000E+00
  1.6000E+01  2.5000E-01  0.0000E+00  6.4700E+00  0.0000E+00  3.0655E+01  0.0000E+00 -1.4222E+00  0.0000E+00  6.4700E+00  1.8493E+01  0.0000E+00  0.0000E+00
  1.6000E+01  5.0000E-01  0.0000E+00  1.1400E+01  0.0000E+00  5.7133E+01  0.0000E+00 -1.4430E+00  0.0000E+00  1.1400E+01  3.4413E+01  0.0000E+00  0.0000E+00
  1.6000E+01  1.0000E+00  0.0000E+00  1.5500E+02  0.0000E+00  9.9825E+01  0.0000E+00  9.9638E-01  0.0000E+00  1.5500E+02  5.9940E+01  0.0000E+00  0.0000E+00
  1.6000E+01  2.0000E+00  0.0000E+00  1.9400E+02  0.0000E+00  1.5595E+02  0.0000E+00  4.3979E-01  0.0000E+00  1.9400E+02  9.3059E+01  0.0000E+00  0.0000E+00
  1.6000E+01  4.0000E+00  0.0000E+00  8.8000E+01  0.0000E+00  1.2555E+02  0.0000E+00 -5.3919E-01  0.0000E+00  8.8000E+01  7.3116E+01  0.0000E+00  0.0000E+00
  1.6000E+01  6.0000E+00  0.0000E+00  3.2400E+02  0.0000E+00  1.6411E+02  0.0000E+00  1.7563E+00  0.0000E+00  3.2400E+02  9.5800E+01  0.0000E+00  0.0000E+00
  1.6000E+01  8.0000E+00  0.0000E+00  2.5300E+02  0.0000E+00  1.4416E+02  0.0000E+00  1.3610E+00  0.0000E+00  2.5300E+02  8.3009E+01  0.0000E+00  0.0000E+00
  1.6000E+01  1.2000E+01  0.0000E+00  7.2500E+01  0.0000E+00  6.4486E+01  0.0000E+00  2.2403E-01  0.0000E+00  7.2500E+01  3.5257E+01  0.0000E+00  0.0000E+00
  1.6000E+01  2.4000E+01  0.0000E+00  5.0000E-01  0.0000E+00  4.3817E+00  0.0000E+00 -1.5970E+00  1.0000E+00  5.0000E-01  2.0527E-01  0.0000E+00  0.0000E+00
  1.7000E+01  0.0000E+00  2.4900E+05  0.0000E+00  1.0000E+00  0.0000E+00  0.0000E+00  0.0000E+00  0.0000E+00  0.0000E+00  1.0000E+00  0.0000E+00  0.0000E+00
  1.7000E+01  0.0000E+00  2.4900E+05  0.0000E+00  1.0000E+00  0.0000E+00  0.0000E+00  0.0000E+00  0.0000E+00  0.0000E+00  1.0000E+00  0.0000E+00  0.0000E+00
  1.7000E+01  0.0000E+00  0.0000E+00  0.0000E+00  0.0000E+00  0.0000E+00  0.0000E+00  0.0000E+00  0.0000E+00  0.0000E+00  1.0000E+00  0.0000E+00  0.0000E+00
  1.7000E+01  2.5000E-01  0.0000E+00  1.0800E+01  0.0000E+00  1.0707E+01  0.0000E+00  1.5644E-02  0.0000E+00  1.0800E+01  2.1418E+01  0.0000E+00  0.0000E+00
  1.7000E+01  5.0000E-01  0.0000E+00  1.7400E+01  0.0000E+00  2.0282E+01  0.0000E+00 -2.5619E-01  0.0000E+00  1.7400E+01  3.9855E+01  0.0000E+00  0.0000E+00
  1.7000E+01  1.0000E+00  0.0000E+00  4.2300E+01  0.0000E+00  3.6511E+01  0.0000E+00  2.8584E-01  0.0000E+00  4.2300E+01  6.9418E+01  0.0000E+00  0.0000E+00
  1.7000E+01  2.0000E+00  0.0000E+00  4.8500E+01  0.0000E+00  5.9929E+01  0.0000E+00 -3.4378E-01  0.0000E+00  4.8500E+01  1.0778E+02  0.0000E+00  0.0000E+00
  1.7000E+01  4.0000E+00  0.0000E+00  5.4500E+01  0.0000E+00  5.5402E+01  0.0000E+00 -2.9342E-02  0.0000E+00  5.4500E+01  8.4679E+01  0.0000E+00  0.0000E+00
  1.7000E+01  6.0000E+00  0.0000E+00  1.3500E+02  0.0000E+00  6.8653E+01  0.0000E+00  1.7421E+00  0.0000E+00  1.3500E+02  1.1095E+02  0.0000E+00  0.0000E+00
  1.7000E+01  8.0000E+00  0.0000E+00  6.3900E+01  0.0000E+00  6.2904E+01  0.0000E+00  2.8543E-02  0.0000E+00  6.3900E+01  9.6136E+01  0.0000E+00  0.0000E+00
  1.7000E+01  1.2000E+01  0.0000E+00  3.6300E+01  0.0000E+00  3.0048E+01  0.0000E+00  3.7505E-01  0.0000E+00  3.6300E+01  4.0833E+01  0.0000E+00  0.0000E+00
  1.7000E+01  2.4000E+01  0.0000E+00  5.0000E-01  0.0000E+00  1.5995E+00  0.0000E+00 -1.2392E+00  1.0000E+00  5.0000E-01  1.6936E-01  0.0000E+00  0.0000E+00
