TABLE NO.  2
 ID          CL          V2          V3          Q           KA          F1          DOSE
  1.0000E+00  1.3603E+01  5.4263E+01  5.3758E+01  2.8243E+00  5.3041E-01  2.3809E-02  1.2500E+01
  1.0000E+00  1.3603E+01  5.4263E+01  5.3758E+01  2.8243E+00  5.3041E-01  2.3809E-02  1.2500E+01
  1.0000E+00  1.3603E+01  5.4263E+01  5.3758E+01  2.8243E+00  5.3041E-01  2.3809E-02  1.2500E+01
  1.0000E+00  1.3603E+01  5.4263E+01  5.3758E+01  2.8243E+00  5.3041E-01  2.3809E-02  1.2500E+01
  1.0000E+00  1.3603E+01  5.4263E+01  5.3758E+01  2.8243E+00  5.3041E-01  2.3809E-02  1.2500E+01
  1.0000E+00  1.3603E+01  5.4263E+01  5.3758E+01  2.8243E+00  5.3041E-01  2.3809E-02  1.2500E+01
  1.0000E+00  1.3603E+01  5.4263E+01  5.3758E+01  2.8243E+00  5.3041E-01  2.3809E-02  1.2500E+01
  1.0000E+00  1.3603E+01  5.4263E+01  5.3758E+01  2.8243E+00  5.3041E-01  2.3809E-02  1.2500E+01
  1.0000E+00  1.3603E+01  5.4263E+01  5.3758E+01  2.8243E+00  5.3041E-01  2.3809E-02  1.2500E+01
  1.0000E+00  1.3603E+01  5.4263E+01  5.3758E+01  2.8243E+00  5.3041E-01  2.3809E-02  1.2500E+01
  1.0000E+00  1.3603E+01  5.4263E+01  5.3758E+01  2.8243E+00  5.3041E-01  2.3809E-02  1.2500E+01
  1.0000E+00  1.3603E+01  5.4263E+01  5.3758E+01  2.8243E+00  5.3041E-01  2.3809E-02  1.2500E+01
  1.0000E+00  1.3603E+01  5.4263E+01  5.3758E+01  2.8243E+00  5.3041E-01  2.3809E-02  1.2500E+01
  2.0000E+00  1.0019E+01  4.1397E+01  5.5852E+01  2.3230E+00  4.7016E-01  2.3809E-02  1.2500E+01
  2.0000E+00  1.0019E+01  4.1397E+01  5.5852E+01  2.3230E+00  4.7016E-01  2.3809E-02  1.2500E+01
  2.0000E+00  1.0019E+01  4.1397E+01  5.5852E+01  2.3230E+00  4.7016E-01  2.3809E-02  1.2500E+01
  2.0000E+00  1.0019E+01  4.1397E+01  5.5852E+01  2.3230E+00  4.7016E-01  2.3809E-02  1.2500E+01
  2.0000E+00  1.0019E+01  4.1397E+01  5.5852E+01  2.3230E+00  4.7016E-01  2.3809E-02  1.2500E+01
  2.0000E+00  1.0019E+01  4.1397E+01  5.5852E+01  2.3230E+00  4.7016E-01  2.3809E-02  1.2500E+01
  2.0000E+00  1.0019E+01  4.1397E+01  5.5852E+01  2.3230E+00  4.7016E-01  2.3809E-02  1.2500E+01
  2.0000E+00  1.0019E+01  4.1397E+01  5.5852E+01  2.3230E+00  4.7016E-01  2.3809E-02  1.2500E+01
  2.0000E+00  1.0019E+01  4.1397E+01  5.5852E+01  2.3230E+00  4.7016E-01  2.3809E-02  1.2500E+01
  2.0000E+00  1.0019E+01  4.1397E+01  5.5852E+01  2.3230E+00  4.7016E-01  2.3809E-02  1.2500E+01
  2.0000E+00  1.0019E+01  4.1397E+01  5.5852E+01  2.3230E+00  4.7016E-01  2.3809E-02  1.2500E+01
  2.0000E+00  1.0019E+01  4.1397E+01  5.5852E+01  2.3230E+00  4.7016E-01  2.3809E-02  1.2500E+01
  2.0000E+00  1.0019E+01  4.1397E+01  5.5852E+01  2.3230E+00  4.7016E-01  2.3809E-02  1.2500E+01
  3.0000E+00  4.2878E+00  3.5420E+00  6.4651E+01  1.1974E+00  6.6359E-01  1.0000E+00  2.5000E+00
  3.0000E+00  4.2878E+00  3.5420E+00  6.4651E+01  1.1974E+00  6.6359E-01  1.0000E+00  2.5000E+00
  3.0000E+00  4.2878E+00  3.5420E+00  6.4651E+01  1.1974E+00  6.6359E-01  1.0000E+00  2.5000E+00
  3.0000E+00  4.2878E+00  3.5420E+00  6.4651E+01  1.1974E+00  6.6359E-01  1.0000E+00  2.5000E+00
  3.0000E+00  4.2878E+00  3.5420E+00  6.4651E+01  1.1974E+00  6.6359E-01  1.0000E+00  2.5000E+00
  3.0000E+00  4.2878E+00  3.5420E+00  6.4651E+01  1.1974E+00  6.6359E-01  1.0000E+00  2.5000E+00
  3.0000E+00  4.2878E+00  3.5420E+00  6.4651E+01  1.1974E+00  6.6359E-01  1.0000E+00  2.5000E+00
  3.0000E+00  4.2878E+00  3.5420E+00  6.4651E+01  1.1974E+00  6.6359E-01  1.0000E+00  2.5000E+00
  3.0000E+00  4.2878E+00  3.5420E+00  6.4651E+01  1.1974E+00  6.6359E-01  1.0000E+00  2.5000E+00
  3.0000E+00  4.2878E+00  3.5420E+00  6.4651E+01  1.1974E+00  6.6359E-01  1.0000E+00  2.5000E+00
  3.0000E+00  4.2878E+00  3.5420E+00  6.4651E+01  1.1974E+00  6.6359E-01  1.0000E+00  2.5000E+00
  3.0000E+00  4.2878E+00  3.5420E+00  6.4651E+01  1.1974E+00  6.6359E-01  1.0000E+00  2.5000E+00
  4.0000E+00  5.7712E+00  4.2927E+00  6.3297E+01  1.2833E+00  6.6359E-01  1.0000E+00  2.5000E+00
  4.0000E+00  5.7712E+00  4.2927E+00  6.3297E+01  1.2833E+00  6.6359E-01  1.0000E+00  2.5000E+00
  4.0000E+00  5.7712E+00  4.2927E+00  6.3297E+01  1.2833E+00  6.6359E-01  1.0000E+00  2.5000E+00
  4.0000E+00  5.7712E+00  4.2927E+00  6.3297E+01  1.2833E+00  6.6359E-01  1.0000E+00  2.5000E+00
  4.0000E+00  5.7712E+00  4.2927E+00  6.3297E+01  1.2833E+00  6.6359E-01  1.0000E+00  2.5000E+00
  4.0000E+00  5.7712E+00  4.2927E+00  6.3297E+01  1.2833E+00  6.6359E-01  1.0000E+00  2.5000E+00
  4.0000E+00  5.7712E+00  4.2927E+00  6.3297E+01  1.2833E+00  6.6359E-01  1.0000E+00  2.5000E+00
  4.0000E+00  5.7712E+00  4.2927E+00  6.3297E+01  1.2833E+00  6.6359E-01  1.0000E+00  2.5000E+00
  4.0000E+00  5.7712E+00  4.2927E+00  6.3297E+01  1.2833E+00  6.6359E-01  1.0000E+00  2.5000E+00
  4.0000E+00  5.7712E+00  4.2927E+00  6.3297E+01  1.2833E+00  6.6359E-01  1.0000E+00  2.5000E+00
  4.0000E+00  5.7712E+00  4.2927E+00  6.3297E+01  1.2833E+00  6.6359E-01  1.0000E+00  2.5000E+00
  4.0000E+00  5.7712E+00  4.2927E+00  6.3297E+01  1.2833E+00  6.6359E-01  1.0000E+00  2.5000E+00
  5.0000E+00  5.3781E+00  3.8732E+00  5.9515E+01  1.5362E+00  6.6359E-01  1.0000E+00  2.5000E+00
  5.0000E+00  5.3781E+00  3.8732E+00  5.9515E+01  1.5362E+00  6.6359E-01  1.0000E+00  2.5000E+00
  5.0000E+00  5.3781E+00  3.8732E+00  5.9515E+01  1.5362E+00  6.6359E-01  1.0000E+00  2.5000E+00
  5.0000E+00  5.3781E+00  3.8732E+00  5.9515E+01  1.5362E+00  6.6359E-01  1.0000E+00  2.5000E+00
  5.0000E+00  5.3781E+00  3.8732E+00  5.9515E+01  1.5362E+00  6.6359E-01  1.0000E+00  2.5000E+00
  5.0000E+00  5.3781E+00  3.8732E+00  5.9515E+01  1.5362E+00  6.6359E-01  1.0000E+00  2.5000E+00
  5.0000E+00  5.3781E+00  3.8732E+00  5.9515E+01  1.5362E+00  6.6359E-01  1.0000E+00  2.5000E+00
  5.0000E+00  5.3781E+00  3.8732E+00  5.9515E+01  1.5362E+00  6.6359E-01  1.0000E+00  2.5000E+00
  5.0000E+00  5.3781E+00  3.8732E+00  5.9515E+01  1.5362E+00  6.6359E-01  1.0000E+00  2.5000E+00
  5.0000E+00  5.3781E+00  3.8732E+00  5.9515E+01  1.5362E+00  6.6359E-01  1.0000E+00  2.5000E+00
  5.0000E+00  5.3781E+00  3.8732E+00  5.9515E+01  1.5362E+00  6.6359E-01  1.0000E+00  2.5000E+00
  5.0000E+00  5.3781E+00  3.8732E+00  5.9515E+01  1.5362E+00  6.6359E-01  1.0000E+00  2.5000E+00
  6.0000E+00  9.6081E+00  3.3660E+01  5.3862E+01  2.6601E+00  5.8413E-01  2.3809E-02  1.0000E+01
  6.0000E+00  9.6081E+00  3.3660E+01  5.3862E+01  2.6601E+00  5.8413E-01  2.3809E-02  1.0000E+01
  6.0000E+00  9.6081E+00  3.3660E+01  5.3862E+01  2.6601E+00  5.8413E-01  2.3809E-02  1.0000E+01
  6.0000E+00  9.6081E+00  3.3660E+01  5.3862E+01  2.6601E+00  5.8413E-01  2.3809E-02  1.0000E+01
  6.0000E+00  9.6081E+00  3.3660E+01  5.3862E+01  2.6601E+00  5.8413E-01  2.3809E-02  1.0000E+01
  6.0000E+00  9.6081E+00  3.3660E+01  5.3862E+01  2.6601E+00  5.8413E-01  2.3809E-02  1.0000E+01
  6.0000E+00  9.6081E+00  3.3660E+01  5.3862E+01  2.6601E+00  5.8413E-01  2.3809E-02  1.0000E+01
  6.0000E+00  9.6081E+00  3.3660E+01  5.3862E+01  2.6601E+00  5.8413E-01  2.3809E-02  1.0000E+01
  6.0000E+00  9.6081E+00  3.3660E+01  5.3862E+01  2.6601E+00  5.8413E-01  2.3809E-02  1.0000E+01
  6.0000E+00  9.6081E+00  3.3660E+01  5.3862E+01  2.6601E+00  5.8413E-01  2.3809E-02  1.0000E+01
  6.0000E+00  9.6081E+00  3.3660E+01  5.3862E+01  2.6601E+00  5.8413E-01  2.3809E-02  1.0000E+01
  6.0000E+00  9.6081E+00  3.3660E+01  5.3862E+01  2.6601E+00  5.8413E-01  2.3809E-02  1.0000E+01
  7.0000E+00  9.6610E+00  2.2104E+01  5.4469E+01  2.6025E+00  7.0990E-01  2.3809E-02  1.0000E+01
  7.0000E+00  9.6610E+00  2.2104E+01  5.4469E+01  2.6025E+00  7.0990E-01  2.3809E-02  1.0000E+01
  7.0000E+00  9.6610E+00  2.2104E+01  5.4469E+01  2.6025E+00  7.0990E-01  2.3809E-02  1.0000E+01
  7.0000E+00  9.6610E+00  2.2104E+01  5.4469E+01  2.6025E+00  7.0990E-01  2.3809E-02  1.0000E+01
  7.0000E+00  9.6610E+00  2.2104E+01  5.4469E+01  2.6025E+00  7.0990E-01  2.3809E-02  1.0000E+01
  7.0000E+00  9.6610E+00  2.2104E+01  5.4469E+01  2.6025E+00  7.0990E-01  2.3809E-02  1.0000E+01
  7.0000E+00  9.6610E+00  2.2104E+01  5.4469E+01  2.6025E+00  7.0990E-01  2.3809E-02  1.0000E+01
  7.0000E+00  9.6610E+00  2.2104E+01  5.4469E+01  2.6025E+00  7.0990E-01  2.3809E-02  1.0000E+01
  7.0000E+00  9.6610E+00  2.2104E+01  5.4469E+01  2.6025E+00  7.0990E-01  2.3809E-02  1.0000E+01
  7.0000E+00  9.6610E+00  2.2104E+01  5.4469E+01  2.6025E+00  7.0990E-01  2.3809E-02  1.0000E+01
  7.0000E+00  9.6610E+00  2.2104E+01  5.4469E+01  2.6025E+00  7.0990E-01  2.3809E-02  1.0000E+01
  7.0000E+00  9.6610E+00  2.2104E+01  5.4469E+01  2.6025E+00  7.0990E-01  2.3809E-02  1.0000E+01
  8.0000E+00  1.1561E+01  1.9534E+01  5.2954E+01  3.0057E+00  7.5807E-01  2.3809E-02  1.0000E+01
  8.0000E+00  1.1561E+01  1.9534E+01  5.2954E+01  3.0057E+00  7.5807E-01  2.3809E-02  1.0000E+01
  8.0000E+00  1.1561E+01  1.9534E+01  5.2954E+01  3.0057E+00  7.5807E-01  2.3809E-02  1.0000E+01
  8.0000E+00  1.1561E+01  1.9534E+01  5.2954E+01  3.0057E+00  7.5807E-01  2.3809E-02  1.0000E+01
  8.0000E+00  1.1561E+01  1.9534E+01  5.2954E+01  3.0057E+00  7.5807E-01  2.3809E-02  1.0000E+01
  8.0000E+00  1.1561E+01  1.9534E+01  5.2954E+01  3.0057E+00  7.5807E-01  2.3809E-02  1.0000E+01
  8.0000E+00  1.1561E+01  1.9534E+01  5.2954E+01  3.0057E+00  7.5807E-01  2.3809E-02  1.0000E+01
  8.0000E+00  1.1561E+01  1.9534E+01  5.2954E+01  3.0057E+00  7.5807E-01  2.3809E-02  1.0000E+01
  8.0000E+00  1.1561E+01  1.9534E+01  5.2954E+01  3.0057E+00  7.5807E-01  2.3809E-02  1.0000E+01
  8.0000E+00  1.1561E+01  1.9534E+01  5.2954E+01  3.0057E+00  7.5807E-01  2.3809E-02  1.0000E+01
  8.0000E+00  1.1561E+01  1.9534E+01  5.2954E+01  3.0057E+00  7.5807E-01  2.3809E-02  1.0000E+01
  8.0000E+00  1.1561E+01  1.9534E+01  5.2954E+01  3.0057E+00  7.5807E-01  2.3809E-02  1.0000E+01
  9.0000E+00  6.0596E+00  4.7775E+00  5.4706E+01  2.0405E+00  9.4528E-01  2.3809E-02  3.0000E+01
  9.0000E+00  6.0596E+00  4.7775E+00  5.4706E+01  2.0405E+00  9.4528E-01  2.3809E-02  3.0000E+01
  9.0000E+00  6.0596E+00  4.7775E+00  5.4706E+01  2.0405E+00  9.4528E-01  2.3809E-02  3.0000E+01
  9.0000E+00  6.0596E+00  4.7775E+00  5.4706E+01  2.0405E+00  9.4528E-01  2.3809E-02  3.0000E+01
  9.0000E+00  6.0596E+00  4.7775E+00  5.4706E+01  2.0405E+00  9.4528E-01  2.3809E-02  3.0000E+01
  9.0000E+00  6.0596E+00  4.7775E+00  5.4706E+01  2.0405E+00  9.4528E-01  2.3809E-02  3.0000E+01
  9.0000E+00  6.0596E+00  4.7775E+00  5.4706E+01  2.0405E+00  9.4528E-01  2.3809E-02  3.0000E+01
  9.0000E+00  6.0596E+00  4.7775E+00  5.4706E+01  2.0405E+00  9.4528E-01  2.3809E-02  3.0000E+01
  9.0000E+00  6.0596E+00  4.7775E+00  5.4706E+01  2.0405E+00  9.4528E-01  2.3809E-02  3.0000E+01
  9.0000E+00  6.0596E+00  4.7775E+00  5.4706E+01  2.0405E+00  9.4528E-01  2.3809E-02  3.0000E+01
  9.0000E+00  6.0596E+00  4.7775E+00  5.4706E+01  2.0405E+00  9.4528E-01  2.3809E-02  3.0000E+01
  9.0000E+00  6.0596E+00  4.7775E+00  5.4706E+01  2.0405E+00  9.4528E-01  2.3809E-02  3.0000E+01
  1.0000E+01  3.0081E+00  1.9010E+01  5.2897E+01  1.9340E+00  4.4214E-01  2.3809E-02  3.0000E+01
  1.0000E+01  3.0081E+00  1.9010E+01  5.2897E+01  1.9340E+00  4.4214E-01  2.3809E-02  3.0000E+01
  1.0000E+01  3.0081E+00  1.9010E+01  5.2897E+01  1.9340E+00  4.4214E-01  2.3809E-02  3.0000E+01
  1.0000E+01  3.0081E+00  1.9010E+01  5.2897E+01  1.9340E+00  4.4214E-01  2.3809E-02  3.0000E+01
  1.0000E+01  3.0081E+00  1.9010E+01  5.2897E+01  1.9340E+00  4.4214E-01  2.3809E-02  3.0000E+01
  1.0000E+01  3.0081E+00  1.9010E+01  5.2897E+01  1.9340E+00  4.4214E-01  2.3809E-02  3.0000E+01
  1.0000E+01  3.0081E+00  1.9010E+01  5.2897E+01  1.9340E+00  4.4214E-01  2.3809E-02  3.0000E+01
  1.0000E+01  3.0081E+00  1.9010E+01  5.2897E+01  1.9340E+00  4.4214E-01  2.3809E-02  3.0000E+01
  1.0000E+01  3.0081E+00  1.9010E+01  5.2897E+01  1.9340E+00  4.4214E-01  2.3809E-02  3.0000E+01
  1.0000E+01  3.0081E+00  1.9010E+01  5.2897E+01  1.9340E+00  4.4214E-01  2.3809E-02  3.0000E+01
  1.0000E+01  3.0081E+00  1.9010E+01  5.2897E+01  1.9340E+00  4.4214E-01  2.3809E-02  3.0000E+01
  1.0000E+01  3.0081E+00  1.9010E+01  5.2897E+01  1.9340E+00  4.4214E-01  2.3809E-02  3.0000E+01
  1.1000E+01  4.9045E+00  1.8043E+01  5.4201E+01  2.1665E+00  6.4268E-01  2.3809E-02  3.0000E+01
  1.1000E+01  4.9045E+00  1.8043E+01  5.4201E+01  2.1665E+00  6.4268E-01  2.3809E-02  3.0000E+01
  1.1000E+01  4.9045E+00  1.8043E+01  5.4201E+01  2.1665E+00  6.4268E-01  2.3809E-02  3.0000E+01
  1.1000E+01  4.9045E+00  1.8043E+01  5.4201E+01  2.1665E+00  6.4268E-01  2.3809E-02  3.0000E+01
  1.1000E+01  4.9045E+00  1.8043E+01  5.4201E+01  2.1665E+00  6.4268E-01  2.3809E-02  3.0000E+01
  1.1000E+01  4.9045E+00  1.8043E+01  5.4201E+01  2.1665E+00  6.4268E-01  2.3809E-02  3.0000E+01
  1.1000E+01  4.9045E+00  1.8043E+01  5.4201E+01  2.1665E+00  6.4268E-01  2.3809E-02  3.0000E+01
  1.1000E+01  4.9045E+00  1.8043E+01  5.4201E+01  2.1665E+00  6.4268E-01  2.3809E-02  3.0000E+01
  1.1000E+01  4.9045E+00  1.8043E+01  5.4201E+01  2.1665E+00  6.4268E-01  2.3809E-02  3.0000E+01
  1.1000E+01  4.9045E+00  1.8043E+01  5.4201E+01  2.1665E+00  6.4268E-01  2.3809E-02  3.0000E+01
  1.1000E+01  4.9045E+00  1.8043E+01  5.4201E+01  2.1665E+00  6.4268E-01  2.3809E-02  3.0000E+01
  1.1000E+01  4.9045E+00  1.8043E+01  5.4201E+01  2.1665E+00  6.4268E-01  2.3809E-02  3.0000E+01
  1.2000E+01  1.6465E+01  1.1101E+02  5.4258E+01  2.7752E+00  3.0865E-01  2.3809E-02  3.0000E+01
  1.2000E+01  1.6465E+01  1.1101E+02  5.4258E+01  2.7752E+00  3.0865E-01  2.3809E-02  3.0000E+01
  1.2000E+01  1.6465E+01  1.1101E+02  5.4258E+01  2.7752E+00  3.0865E-01  2.3809E-02  3.0000E+01
  1.2000E+01  1.6465E+01  1.1101E+02  5.4258E+01  2.7752E+00  3.0865E-01  2.3809E-02  3.0000E+01
  1.2000E+01  1.6465E+01  1.1101E+02  5.4258E+01  2.7752E+00  3.0865E-01  2.3809E-02  3.0000E+01
  1.2000E+01  1.6465E+01  1.1101E+02  5.4258E+01  2.7752E+00  3.0865E-01  2.3809E-02  3.0000E+01
  1.2000E+01  1.6465E+01  1.1101E+02  5.4258E+01  2.7752E+00  3.0865E-01  2.3809E-02  3.0000E+01
  1.2000E+01  1.6465E+01  1.1101E+02  5.4258E+01  2.7752E+00  3.0865E-01  2.3809E-02  3.0000E+01
  1.2000E+01  1.6465E+01  1.1101E+02  5.4258E+01  2.7752E+00  3.0865E-01  2.3809E-02  3.0000E+01
  1.2000E+01  1.6465E+01  1.1101E+02  5.4258E+01  2.7752E+00  3.0865E-01  2.3809E-02  3.0000E+01
  1.2000E+01  1.6465E+01  1.1101E+02  5.4258E+01  2.7752E+00  3.0865E-01  2.3809E-02  3.0000E+01
  1.2000E+01  1.6465E+01  1.1101E+02  5.4258E+01  2.7752E+00  3.0865E-01  2.3809E-02  3.0000E+01
  1.3000E+01  1.2329E+01  5.0632E+01  5.5162E+01  2.4975E+00  4.0546E-01  2.3809E-02  3.0000E+01
  1.3000E+01  1.2329E+01  5.0632E+01  5.5162E+01  2.4975E+00  4.0546E-01  2.3809E-02  3.0000E+01
  1.3000E+01  1.2329E+01  5.0632E+01  5.5162E+01  2.4975E+00  4.0546E-01  2.3809E-02  3.0000E+01
  1.3000E+01  1.2329E+01  5.0632E+01  5.5162E+01  2.4975E+00  4.0546E-01  2.3809E-02  3.0000E+01
  1.3000E+01  1.2329E+01  5.0632E+01  5.5162E+01  2.4975E+00  4.0546E-01  2.3809E-02  3.0000E+01
  1.3000E+01  1.2329E+01  5.0632E+01  5.5162E+01  2.4975E+00  4.0546E-01  2.3809E-02  3.0000E+01
  1.3000E+01  1.2329E+01  5.0632E+01  5.5162E+01  2.4975E+00  4.0546E-01  2.3809E-02  3.0000E+01
  1.3000E+01  1.2329E+01  5.0632E+01  5.5162E+01  2.4975E+00  4.0546E-01  2.3809E-02  3.0000E+01
  1.3000E+01  1.2329E+01  5.0632E+01  5.5162E+01  2.4975E+00  4.0546E-01  2.3809E-02  3.0000E+01
  1.3000E+01  1.2329E+01  5.0632E+01  5.5162E+01  2.4975E+00  4.0546E-01  2.3809E-02  3.0000E+01
  1.3000E+01  1.2329E+01  5.0632E+01  5.5162E+01  2.4975E+00  4.0546E-01  2.3809E-02  3.0000E+01
  1.3000E+01  1.2329E+01  5.0632E+01  5.5162E+01  2.4975E+00  4.0546E-01  2.3809E-02  3.0000E+01
  1.4000E+01  2.0246E+01  1.0579E+02  5.3900E+01  2.8937E+00  4.1411E-01  2.3809E-02  3.0000E+01
  1.4000E+01  2.0246E+01  1.0579E+02  5.3900E+01  2.8937E+00  4.1411E-01  2.3809E-02  3.0000E+01
  1.4000E+01  2.0246E+01  1.0579E+02  5.3900E+01  2.8937E+00  4.1411E-01  2.3809E-02  3.0000E+01
  1.4000E+01  2.0246E+01  1.0579E+02  5.3900E+01  2.8937E+00  4.1411E-01  2.3809E-02  3.0000E+01
  1.4000E+01  2.0246E+01  1.0579E+02  5.3900E+01  2.8937E+00  4.1411E-01  2.3809E-02  3.0000E+01
  1.4000E+01  2.0246E+01  1.0579E+02  5.3900E+01  2.8937E+00  4.1411E-01  2.3809E-02  3.0000E+01
  1.4000E+01  2.0246E+01  1.0579E+02  5.3900E+01  2.8937E+00  4.1411E-01  2.3809E-02  3.0000E+01
  1.4000E+01  2.0246E+01  1.0579E+02  5.3900E+01  2.8937E+00  4.1411E-01  2.3809E-02  3.0000E+01
  1.4000E+01  2.0246E+01  1.0579E+02  5.3900E+01  2.8937E+00  4.1411E-01  2.3809E-02  3.0000E+01
  1.4000E+01  2.0246E+01  1.0579E+02  5.3900E+01  2.8937E+00  4.1411E-01  2.3809E-02  3.0000E+01
  1.4000E+01  2.0246E+01  1.0579E+02  5.3900E+01  2.8937E+00  4.1411E-01  2.3809E-02  3.0000E+01
  1.4000E+01  2.0246E+01  1.0579E+02  5.3900E+01  2.8937E+00  4.1411E-01  2.3809E-02  3.0000E+01
  1.5000E+01  1.5993E+01  3.3385E+01  5.8989E+01  1.8741E+00  4.8592E-01  2.3809E-02  1.0000E+02
  1.5000E+01  1.5993E+01  3.3385E+01  5.8989E+01  1.8741E+00  4.8592E-01  2.3809E-02  1.0000E+02
  1.5000E+01  1.5993E+01  3.3385E+01  5.8989E+01  1.8741E+00  4.8592E-01  2.3809E-02  1.0000E+02
  1.5000E+01  1.5993E+01  3.3385E+01  5.8989E+01  1.8741E+00  4.8592E-01  2.3809E-02  1.0000E+02
  1.5000E+01  1.5993E+01  3.3385E+01  5.8989E+01  1.8741E+00  4.8592E-01  2.3809E-02  1.0000E+02
  1.5000E+01  1.5993E+01  3.3385E+01  5.8989E+01  1.8741E+00  4.8592E-01  2.3809E-02  1.0000E+02
  1.5000E+01  1.5993E+01  3.3385E+01  5.8989E+01  1.8741E+00  4.8592E-01  2.3809E-02  1.0000E+02
  1.5000E+01  1.5993E+01  3.3385E+01  5.8989E+01  1.8741E+00  4.8592E-01  2.3809E-02  1.0000E+02
  1.5000E+01  1.5993E+01  3.3385E+01  5.8989E+01  1.8741E+00  4.8592E-01  2.3809E-02  1.0000E+02
  1.5000E+01  1.5993E+01  3.3385E+01  5.8989E+01  1.8741E+00  4.8592E-01  2.3809E-02  1.0000E+02
  1.5000E+01  1.5993E+01  3.3385E+01  5.8989E+01  1.8741E+00  4.8592E-01  2.3809E-02  1.0000E+02
  1.5000E+01  1.5993E+01  3.3385E+01  5.8989E+01  1.8741E+00  4.8592E-01  2.3809E-02  1.0000E+02
  1.6000E+01  2.5289E+00  1.5524E+01  5.2162E+01  1.8335E+00  4.4571E-01  2.3809E-02  1.0000E+02
  1.6000E+01  2.5289E+00  1.5524E+01  5.2162E+01  1.8335E+00  4.4571E-01  2.3809E-02  1.0000E+02
  1.6000E+01  2.5289E+00  1.5524E+01  5.2162E+01  1.8335E+00  4.4571E-01  2.3809E-02  1.0000E+02
  1.6000E+01  2.5289E+00  1.5524E+01  5.2162E+01  1.8335E+00  4.4571E-01  2.3809E-02  1.0000E+02
  1.6000E+01  2.5289E+00  1.5524E+01  5.2162E+01  1.8335E+00  4.4571E-01  2.3809E-02  1.0000E+02
  1.6000E+01  2.5289E+00  1.5524E+01  5.2162E+01  1.8335E+00  4.4571E-01  2.3809E-02  1.0000E+02
  1.6000E+01  2.5289E+00  1.5524E+01  5.2162E+01  1.8335E+00  4.4571E-01  2.3809E-02  1.0000E+02
  1.6000E+01  2.5289E+00  1.5524E+01  5.2162E+01  1.8335E+00  4.4571E-01  2.3809E-02  1.0000E+02
  1.6000E+01  2.5289E+00  1.5524E+01  5.2162E+01  1.8335E+00  4.4571E-01  2.3809E-02  1.0000E+02
  1.6000E+01  2.5289E+00  1.5524E+01  5.2162E+01  1.8335E+00  4.4571E-01  2.3809E-02  1.0000E+02
  1.6000E+01  2.5289E+00  1.5524E+01  5.2162E+01  1.8335E+00  4.4571E-01  2.3809E-02  1.0000E+02
  1.6000E+01  2.5289E+00  1.5524E+01  5.2162E+01  1.8335E+00  4.4571E-01  2.3809E-02  1.0000E+02
  1.7000E+01  8.6286E+00  5.0683E+01  5.3923E+01  2.6511E+00  4.0319E-01  2.3809E-02  1.0000E+02
  1.7000E+01  8.6286E+00  5.0683E+01  5.3923E+01  2.6511E+00  4.0319E-01  2.3809E-02  1.0000E+02
  1.7000E+01  8.6286E+00  5.0683E+01  5.3923E+01  2.6511E+00  4.0319E-01  2.3809E-02  1.0000E+02
  1.7000E+01  8.6286E+00  5.0683E+01  5.3923E+01  2.6511E+00  4.0319E-01  2.3809E-02  1.0000E+02
  1.7000E+01  8.6286E+00  5.0683E+01  5.3923E+01  2.6511E+00  4.0319E-01  2.3809E-02  1.0000E+02
  1.7000E+01  8.6286E+00  5.0683E+01  5.3923E+01  2.6511E+00  4.0319E-01  2.3809E-02  1.0000E+02
  1.7000E+01  8.6286E+00  5.0683E+01  5.3923E+01  2.6511E+00  4.0319E-01  2.3809E-02  1.0000E+02
  1.7000E+01  8.6286E+00  5.0683E+01  5.3923E+01  2.6511E+00  4.0319E-01  2.3809E-02  1.0000E+02
  1.7000E+01  8.6286E+00  5.0683E+01  5.3923E+01  2.6511E+00  4.0319E-01  2.3809E-02  1.0000E+02
  1.7000E+01  8.6286E+00  5.0683E+01  5.3923E+01  2.6511E+00  4.0319E-01  2.3809E-02  1.0000E+02
  1.7000E+01  8.6286E+00  5.0683E+01  5.3923E+01  2.6511E+00  4.0319E-01  2.3809E-02  1.0000E+02
  1.7000E+01  8.6286E+00  5.0683E+01  5.3923E+01  2.6511E+00  4.0319E-01  2.3809E-02  1.0000E+02
