TABLE NO.  1
 ID          TIME        AMT         DV          MDV         IPRED       CWRES       IWRES       BQL         ROUTE       DV          PRED        RES         WRES
  1.0000E+00  0.0000E+00  2.9000E+04  0.0000E+00  1.0000E+00  0.0000E+00  0.0000E+00  0.0000E+00  0.0000E+00  1.0000E+00  0.0000E+00  1.0000E+00  0.0000E+00  0.0000E+00
  1.0000E+00  0.0000E+00  2.9000E+04  0.0000E+00  1.0000E+00  0.0000E+00  0.0000E+00  0.0000E+00  0.0000E+00  1.0000E+00  0.0000E+00  1.0000E+00  0.0000E+00  0.0000E+00
  1.0000E+00  0.0000E+00  0.0000E+00  0.0000E+00  0.0000E+00  0.0000E+00  0.0000E+00  0.0000E+00  0.0000E+00  1.0000E+00  0.0000E+00  1.0000E+00  0.0000E+00  0.0000E+00
  1.0000E+00  2.5000E-01  0.0000E+00  7.3000E-01  0.0000E+00  1.6605E+00  0.0000E+00 -1.0980E+00  0.0000E+00  1.0000E+00  7.3000E-01  5.4134E-02  0.0000E+00  0.0000E+00
  1.0000E+00  5.0000E-01  0.0000E+00  2.7500E+00  0.0000E+00  2.9557E+00  0.0000E+00 -1.3640E-01  0.0000E+00  1.0000E+00  2.7500E+00  9.2912E+00  0.0000E+00  0.0000E+00
  1.0000E+00  1.0000E+00  0.0000E+00  7.2700E+00  0.0000E+00  4.6877E+00  0.0000E+00  1.0795E+00  0.0000E+00  1.0000E+00  7.2700E+00  1.3173E+01  0.0000E+00  0.0000E+00
  1.0000E+00  2.0000E+00  0.0000E+00  6.4500E+00  0.0000E+00  5.9223E+00  0.0000E+00  1.7459E-01  0.0000E+00  1.0000E+00  6.4500E+00  1.3714E+01  0.0000E+00  0.0000E+00
  1.0000E+00  3.0000E+00  0.0000E+00  6.8500E+00  0.0000E+00  5.6471E+00  0.0000E+00  4.1741E-01  0.0000E+00  1.0000E+00  6.8500E+00  1.1193E+01  0.0000E+00  0.0000E+00
  1.0000E+00  4.0000E+00  0.0000E+00  4.2300E+00  0.0000E+00  4.8179E+00  0.0000E+00 -2.3911E-01  0.0000E+00  1.0000E+00  4.2300E+00  8.4492E+00  0.0000E+00  0.0000E+00
  1.0000E+00  6.0000E+00  0.0000E+00  6.0300E+00  0.0000E+00  5.1060E+00  0.0000E+00  3.5460E-01  0.0000E+00  1.0000E+00  6.0300E+00  1.0443E+01  0.0000E+00  0.0000E+00
  1.0000E+00  8.0000E+00  0.0000E+00  8.1100E+00  0.0000E+00  5.6843E+00  0.0000E+00  8.3622E-01  0.0000E+00  1.0000E+00  8.1100E+00  1.1088E+01  0.0000E+00  0.0000E+00
  1.0000E+00  1.2000E+01  0.0000E+00  5.0000E-01  0.0000E+00  4.6321E+00  0.0000E+00 -1.7480E+00  1.0000E+00  1.0000E+00  5.0000E-01  4.4271E-02  0.0000E+00  0.0000E+00
  1.0000E+00  2.4000E+01  0.0000E+00  5.0000E-01  0.0000E+00  7.3913E-02  0.0000E+00  1.0919E+01  1.0000E+00  1.0000E+00  5.0000E-01  1.0000E+00  0.0000E+00  0.0000E+00
  3.0000E+00  0.0000E+00  5.4500E+03  0.0000E+00  1.0000E+00  1.7439E+03  0.0000E+00 -1.9596E+00  0.0000E+00  2.0000E+00  0.0000E+00  2.5120E-02  0.0000E+00  0.0000E+00
  3.0000E+00  1.7000E-02  0.0000E+00  2.5500E+03  0.0000E+00  1.6967E+03  0.0000E+00  9.8545E-01  0.0000E+00  2.0000E+00  2.5500E+03  1.1605E+03  0.0000E+00  0.0000E+00
  3.0000E+00  8.3500E-02  0.0000E+00  2.1100E+03  0.0000E+00  1.5241E+03  0.0000E+00  7.5326E-01  0.0000E+00  2.0000E+00  2.1100E+03  1.0791E+03  0.0000E+00  0.0000E+00
  3.0000E+00  2.5000E-01  0.0000E+00  1.4600E+03  0.0000E+00  1.1654E+03  0.0000E+00  4.9525E-01  0.0000E+00  2.0000E+00  1.4600E+03  8.9961E+02  0.0000E+00  0.0000E+00
  3.0000E+00  5.0000E-01  0.0000E+00  8.5300E+02  0.0000E+00  7.7975E+02  0.0000E+00  1.8407E-01  0.0000E+00  2.0000E+00  8.5300E+02  6.8498E+02  0.0000E+00  0.0000E+00
  3.0000E+00  1.0000E+00  0.0000E+00  5.5500E+02  0.0000E+00  3.5102E+02  0.0000E+00  1.1387E+00  0.0000E+00  2.0000E+00  5.5500E+02  3.9823E+02  0.0000E+00  0.0000E+00
  3.0000E+00  2.0000E+00  0.0000E+00  1.0300E+02  0.0000E+00  7.5094E+01  0.0000E+00  7.2820E-01  0.0000E+00  2.0000E+00  1.0300E+02  1.3724E+02  0.0000E+00  0.0000E+00
  3.0000E+00  4.0000E+00  0.0000E+00  7.4100E+00  0.0000E+00  8.1554E+00  0.0000E+00 -1.7909E-01  0.0000E+00  2.0000E+00  7.4100E+00  2.0302E+01  0.0000E+00  0.0000E+00
  3.0000E+00  6.0000E+00  0.0000E+00  4.4900E+00  0.0000E+00  4.1436E+00  0.0000E+00  1.6380E-01  0.0000E+00  2.0000E+00  4.4900E+00  6.0393E+00  0.0000E+00  0.0000E+00
  3.0000E+00  8.0000E+00  0.0000E+00  5.2500E+00  0.0000E+00  2.9604E+00  0.0000E+00  1.5155E+00  0.0000E+00  2.0000E+00  5.2500E+00  3.4507E+00  0.0000E+00  0.0000E+00
  3.0000E+00  1.2000E+01  0.0000E+00  2.4600E+00  0.0000E+00  1.5824E+00  0.0000E+00  1.0868E+00  0.0000E+00  2.0000E+00  2.4600E+00  1.7602E+00  0.0000E+00  0.0000E+00
  3.0000E+00  2.4000E+01  0.0000E+00  5.0000E-01  0.0000E+00  2.4261E-01  0.0000E+00  2.0722E+00  1.0000E+00  2.0000E+00  5.0000E-01  1.0000E+00  0.0000E+00  0.0000E+00
  4.0000E+00  0.0000E+00  5.9500E+03  0.0000E+00  1.0000E+00  2.2965E+03  0.0000E+00 -1.9596E+00  0.0000E+00  2.0000E+00  0.0000E+00  2.5112E-02  0.0000E+00  0.0000E+00
  4.0000E+00  1.7000E-02  0.0000E+00  2.3000E+03  0.0000E+00  2.2218E+03  0.0000E+00  6.9015E-02  0.0000E+00  2.0000E+00  2.3000E+03  1.2670E+03  0.0000E+00  0.0000E+00
  4.0000E+00  8.3500E-02  0.0000E+00  2.0000E+03  0.0000E+00  1.9521E+03  0.0000E+00  4.8107E-02  0.0000E+00  2.0000E+00  2.0000E+03  1.1781E+03  0.0000E+00  0.0000E+00
  4.0000E+00  2.5000E-01  0.0000E+00  1.2600E+03  0.0000E+00  1.4124E+03  0.0000E+00 -2.1140E-01  0.0000E+00  2.0000E+00  1.2600E+03  9.8214E+02  0.0000E+00  0.0000E+00
  4.0000E+00  5.0000E-01  0.0000E+00  7.3500E+02  0.0000E+00  8.6993E+02  0.0000E+00 -3.0394E-01  0.0000E+00  2.0000E+00  7.3500E+02  7.4782E+02  0.0000E+00  0.0000E+00
  4.0000E+00  1.0000E+00  0.0000E+00  4.3200E+02  0.0000E+00  3.3280E+02  0.0000E+00  5.8414E-01  0.0000E+00  2.0000E+00  4.3200E+02  4.3477E+02  0.0000E+00  0.0000E+00
  4.0000E+00  2.0000E+00  0.0000E+00  5.4600E+01  0.0000E+00  5.3742E+01  0.0000E+00  3.1286E-02  0.0000E+00  2.0000E+00  5.4600E+01  1.4983E+02  0.0000E+00  0.0000E+00
  4.0000E+00  4.0000E+00  0.0000E+00  7.2500E+00  0.0000E+00  6.7368E+00  0.0000E+00  1.4927E-01  0.0000E+00  2.0000E+00  7.2500E+00  2.2165E+01  0.0000E+00  0.0000E+00
  4.0000E+00  6.0000E+00  0.0000E+00  3.6500E+00  0.0000E+00  4.2747E+00  0.0000E+00 -2.8635E-01  0.0000E+00  2.0000E+00  3.6500E+00  6.5934E+00  0.0000E+00  0.0000E+00
  4.0000E+00  8.0000E+00  0.0000E+00  3.3200E+00  0.0000E+00  3.1133E+00  0.0000E+00  1.3012E-01  0.0000E+00  2.0000E+00  3.3200E+00  3.7673E+00  0.0000E+00  0.0000E+00
  4.0000E+00  1.2000E+01  0.0000E+00  1.6100E+00  0.0000E+00  1.6651E+00  0.0000E+00 -6.4797E-02  0.0000E+00  2.0000E+00  1.6100E+00  1.9217E+00  0.0000E+00  0.0000E+00
  4.0000E+00  2.4000E+01  0.0000E+00  5.0000E-01  0.0000E+00  2.5482E-01  0.0000E+00  1.8799E+00  1.0000E+00  2.0000E+00  5.0000E-01  1.0000E+00  0.0000E+00  0.0000E+00
  5.0000E+00  0.0000E+00  6.1000E+03  0.0000E+00  1.0000E+00  2.2877E+03  0.0000E+00 -1.9596E+00  0.0000E+00  2.0000E+00  0.0000E+00  2.5110E-02  0.0000E+00  0.0000E+00
  5.0000E+00  1.7000E-02  0.0000E+00  2.6900E+03  0.0000E+00  2.2153E+03  0.0000E+00  4.1991E-01  0.0000E+00  2.0000E+00  2.6900E+03  1.2989E+03  0.0000E+00  0.0000E+00
  5.0000E+00  8.3500E-02  0.0000E+00  2.0500E+03  0.0000E+00  1.9536E+03  0.0000E+00  9.6745E-02  0.0000E+00  2.0000E+00  2.0500E+03  1.2078E+03  0.0000E+00  0.0000E+00
  5.0000E+00  2.5000E-01  0.0000E+00  1.1600E+03  0.0000E+00  1.4265E+03  0.0000E+00 -3.6604E-01  0.0000E+00  2.0000E+00  1.1600E+03  1.0069E+03  0.0000E+00  0.0000E+00
  5.0000E+00  5.0000E-01  0.0000E+00  8.2000E+02  0.0000E+00  8.9074E+02  0.0000E+00 -1.5562E-01  0.0000E+00  2.0000E+00  8.2000E+02  7.6668E+02  0.0000E+00  0.0000E+00
  5.0000E+00  1.0000E+00  0.0000E+00  4.5600E+02  0.0000E+00  3.5005E+02  0.0000E+00  5.9312E-01  0.0000E+00  2.0000E+00  4.5600E+02  4.4573E+02  0.0000E+00  0.0000E+00
  5.0000E+00  2.0000E+00  0.0000E+00  5.7800E+01  0.0000E+00  5.9117E+01  0.0000E+00 -4.3647E-02  0.0000E+00  2.0000E+00  5.7800E+01  1.5361E+02  0.0000E+00  0.0000E+00
  5.0000E+00  4.0000E+00  0.0000E+00  6.8700E+00  0.0000E+00  7.1352E+00  0.0000E+00 -7.2835E-02  0.0000E+00  2.0000E+00  6.8700E+00  2.2724E+01  0.0000E+00  0.0000E+00
  5.0000E+00  6.0000E+00  0.0000E+00  6.0500E+00  0.0000E+00  4.4111E+00  0.0000E+00  7.2803E-01  0.0000E+00  2.0000E+00  6.0500E+00  6.7596E+00  0.0000E+00  0.0000E+00
  5.0000E+00  8.0000E+00  0.0000E+00  6.1100E+00  0.0000E+00  3.2082E+00  0.0000E+00  1.7724E+00  0.0000E+00  2.0000E+00  6.1100E+00  3.8622E+00  0.0000E+00  0.0000E+00
  5.0000E+00  1.2000E+01  0.0000E+00  1.7100E+00  0.0000E+00  1.7159E+00  0.0000E+00 -6.7315E-03  0.0000E+00  2.0000E+00  1.7100E+00  1.9701E+00  0.0000E+00  0.0000E+00
  5.0000E+00  2.4000E+01  0.0000E+00  5.0000E-01  0.0000E+00  2.6266E-01  0.0000E+00  1.7657E+00  1.0000E+00  2.0000E+00  5.0000E-01  1.0000E+00  0.0000E+00  0.0000E+00
  6.0000E+00  0.0000E+00  2.1800E+04  0.0000E+00  1.0000E+00  0.0000E+00  0.0000E+00  0.0000E+00  0.0000E+00  1.0000E+00  0.0000E+00  1.0000E+00  0.0000E+00  0.0000E+00
  6.0000E+00  0.0000E+00  2.1800E+04  0.0000E+00  1.0000E+00  0.0000E+00  0.0000E+00  0.0000E+00  0.0000E+00  1.0000E+00  0.0000E+00  1.0000E+00  0.0000E+00  0.0000E+00
  6.0000E+00  0.0000E+00  0.0000E+00  0.0000E+00  0.0000E+00  0.0000E+00  0.0000E+00  0.0000E+00  0.0000E+00  1.0000E+00  0.0000E+00  1.0000E+00  0.0000E+00  0.0000E+00
  6.0000E+00  2.5000E-01  0.0000E+00  0.0000E+00  0.0000E+00  2.3135E+00  0.0000E+00 -1.9595E+00  0.0000E+00  1.0000E+00  0.0000E+00  6.8211E-02  0.0000E+00  0.0000E+00
  6.0000E+00  5.0000E-01  0.0000E+00  1.3900E+00  0.0000E+00  3.9986E+00  0.0000E+00 -1.2784E+00  0.0000E+00  1.0000E+00  1.3900E+00  6.9845E+00  0.0000E+00  0.0000E+00
  6.0000E+00  1.0000E+00  0.0000E+00  9.5800E+00  0.0000E+00  5.9961E+00  0.0000E+00  1.1712E+00  0.0000E+00  1.0000E+00  9.5800E+00  9.9022E+00  0.0000E+00  0.0000E+00
  6.0000E+00  2.0000E+00  0.0000E+00  9.5100E+00  0.0000E+00  6.8482E+00  0.0000E+00  7.6164E-01  0.0000E+00  1.0000E+00  9.5100E+00  1.0309E+01  0.0000E+00  0.0000E+00
  6.0000E+00  4.0000E+00  0.0000E+00  4.9900E+00  0.0000E+00  4.7496E+00  0.0000E+00  9.9188E-02  0.0000E+00  1.0000E+00  4.9900E+00  6.3515E+00  0.0000E+00  0.0000E+00
  6.0000E+00  6.0000E+00  0.0000E+00  3.2100E+00  0.0000E+00  5.3565E+00  0.0000E+00 -7.8526E-01  0.0000E+00  1.0000E+00  3.2100E+00  7.8500E+00  0.0000E+00  0.0000E+00
  6.0000E+00  8.0000E+00  0.0000E+00  9.1800E+00  0.0000E+00  5.8616E+00  0.0000E+00  1.1093E+00  0.0000E+00  1.0000E+00  9.1800E+00  8.3354E+00  0.0000E+00  0.0000E+00
  6.0000E+00  1.2000E+01  0.0000E+00  3.8300E+00  0.0000E+00  4.3706E+00  0.0000E+00 -2.4238E-01  0.0000E+00  1.0000E+00  3.8300E+00  5.7445E+00  0.0000E+00  0.0000E+00
  6.0000E+00  2.4000E+01  0.0000E+00  5.0000E-01  0.0000E+00  5.7568E-02  0.0000E+00  1.4257E+01  1.0000E+00  1.0000E+00  5.0000E-01  1.0000E+00  0.0000E+00  0.0000E+00
  7.0000E+00  0.0000E+00  2.3800E+04  0.0000E+00  1.0000E+00  0.0000E+00  0.0000E+00  0.0000E+00  0.0000E+00  1.0000E+00  0.0000E+00  1.0000E+00  0.0000E+00  0.0000E+00
  7.0000E+00  0.0000E+00  2.3800E+04  0.0000E+00  1.0000E+00  0.0000E+00  0.0000E+00  0.0000E+00  0.0000E+00  1.0000E+00  0.0000E+00  1.0000E+00  0.0000E+00  0.0000E+00
  7.0000E+00  0.0000E+00  0.0000E+00  0.0000E+00  0.0000E+00  0.0000E+00  0.0000E+00  0.0000E+00  0.0000E+00  1.0000E+00  0.0000E+00  1.0000E+00  0.0000E+00  0.0000E+00
  7.0000E+00  2.5000E-01  0.0000E+00  2.7200E+00  0.0000E+00  3.5402E+00  0.0000E+00 -4.5400E-01  0.0000E+00  1.0000E+00  2.7200E+00  4.5488E+00  0.0000E+00  0.0000E+00
  7.0000E+00  5.0000E-01  0.0000E+00  3.0600E+00  0.0000E+00  6.0815E+00  0.0000E+00 -9.7358E-01  0.0000E+00  1.0000E+00  3.0600E+00  7.6252E+00  0.0000E+00  0.0000E+00
  7.0000E+00  1.0000E+00  0.0000E+00  5.3900E+00  0.0000E+00  9.0162E+00  0.0000E+00 -7.8811E-01  0.0000E+00  1.0000E+00  5.3900E+00  1.0811E+01  0.0000E+00  0.0000E+00
  7.0000E+00  2.0000E+00  0.0000E+00  2.4700E+01  0.0000E+00  1.0099E+01  0.0000E+00  2.8333E+00  0.0000E+00  1.0000E+00  2.4700E+01  1.1255E+01  0.0000E+00  0.0000E+00
  7.0000E+00  4.0000E+00  0.0000E+00  3.7600E+00  0.0000E+00  6.8153E+00  0.0000E+00 -8.7847E-01  0.0000E+00  1.0000E+00  3.7600E+00  6.9342E+00  0.0000E+00  0.0000E+00
  7.0000E+00  6.0000E+00  0.0000E+00  3.1900E+00  0.0000E+00  7.8206E+00  0.0000E+00 -1.1603E+00  0.0000E+00  1.0000E+00  3.1900E+00  8.5701E+00  0.0000E+00  0.0000E+00
  7.0000E+00  8.0000E+00  0.0000E+00  6.4300E+00  0.0000E+00  8.5141E+00  0.0000E+00 -4.7967E-01  0.0000E+00  1.0000E+00  6.4300E+00  9.1001E+00  0.0000E+00  0.0000E+00
  7.0000E+00  1.2000E+01  0.0000E+00  4.9200E+00  0.0000E+00  6.2439E+00  0.0000E+00 -4.1549E-01  0.0000E+00  1.0000E+00  4.9200E+00  6.2715E+00  0.0000E+00  0.0000E+00
  7.0000E+00  2.4000E+01  0.0000E+00  5.0000E-01  0.0000E+00  8.0937E-02  0.0000E+00  9.8611E+00  1.0000E+00  1.0000E+00  5.0000E-01  1.0000E+00  0.0000E+00  0.0000E+00
  8.0000E+00  0.0000E+00  2.4400E+04  0.0000E+00  1.0000E+00  0.0000E+00  0.0000E+00  0.0000E+00  0.0000E+00  1.0000E+00  0.0000E+00  1.0000E+00  0.0000E+00  0.0000E+00
  8.0000E+00  0.0000E+00  2.4400E+04  0.0000E+00  1.0000E+00  0.0000E+00  0.0000E+00  0.0000E+00  0.0000E+00  1.0000E+00  0.0000E+00  1.0000E+00  0.0000E+00  0.0000E+00
  8.0000E+00  0.0000E+00  0.0000E+00  0.0000E+00  0.0000E+00  0.0000E+00  0.0000E+00  0.0000E+00  0.0000E+00  1.0000E+00  0.0000E+00  1.0000E+00  0.0000E+00  0.0000E+00
  8.0000E+00  2.5000E-01  0.0000E+00  4.4400E+00  0.0000E+00  4.7973E+00  0.0000E+00 -1.4596E-01  0.0000E+00  1.0000E+00  4.4400E+00  4.6635E+00  0.0000E+00  0.0000E+00
  8.0000E+00  5.0000E-01  0.0000E+00  9.7200E+00  0.0000E+00  7.5819E+00  0.0000E+00  5.5260E-01  0.0000E+00  1.0000E+00  9.7200E+00  7.8175E+00  0.0000E+00  0.0000E+00
  8.0000E+00  1.0000E+00  0.0000E+00  1.7700E+01  0.0000E+00  9.7152E+00  0.0000E+00  1.6106E+00  0.0000E+00  1.0000E+00  1.7700E+01  1.1083E+01  0.0000E+00  0.0000E+00
  8.0000E+00  2.0000E+00  0.0000E+00  7.3400E+00  0.0000E+00  8.7672E+00  0.0000E+00 -3.1899E-01  0.0000E+00  1.0000E+00  7.3400E+00  1.1539E+01  0.0000E+00  0.0000E+00
  8.0000E+00  4.0000E+00  0.0000E+00  4.9900E+00  0.0000E+00  4.7612E+00  0.0000E+00  9.4150E-02  0.0000E+00  1.0000E+00  4.9900E+00  7.1090E+00  0.0000E+00  0.0000E+00
  8.0000E+00  6.0000E+00  0.0000E+00  6.1800E+00  0.0000E+00  6.9141E+00  0.0000E+00 -2.0806E-01  0.0000E+00  1.0000E+00  6.1800E+00  8.7862E+00  0.0000E+00  0.0000E+00
  8.0000E+00  8.0000E+00  0.0000E+00  4.5600E+00  0.0000E+00  6.8621E+00  0.0000E+00 -6.5740E-01  0.0000E+00  1.0000E+00  4.5600E+00  9.3295E+00  0.0000E+00  0.0000E+00
  8.0000E+00  1.2000E+01  0.0000E+00  5.4200E+00  0.0000E+00  4.1313E+00  0.0000E+00  6.1128E-01  0.0000E+00  1.0000E+00  5.4200E+00  6.4296E+00  0.0000E+00  0.0000E+00
  8.0000E+00  2.4000E+01  0.0000E+00  5.0000E-01  0.0000E+00  5.3019E-02  0.0000E+00  1.5496E+01  1.0000E+00  1.0000E+00  5.0000E-01  1.0000E+00  0.0000E+00  0.0000E+00
  9.0000E+00  0.0000E+00  6.5700E+04  0.0000E+00  1.0000E+00  0.0000E+00  0.0000E+00  0.0000E+00  0.0000E+00  1.0000E+00  0.0000E+00  1.0000E+00  0.0000E+00  0.0000E+00
  9.0000E+00  0.0000E+00  6.5700E+04  0.0000E+00  1.0000E+00  0.0000E+00  0.0000E+00  0.0000E+00  0.0000E+00  1.0000E+00  0.0000E+00  1.0000E+00  0.0000E+00  0.0000E+00
  9.0000E+00  0.0000E+00  0.0000E+00  0.0000E+00  0.0000E+00  0.0000E+00  0.0000E+00  0.0000E+00  0.0000E+00  1.0000E+00  0.0000E+00  1.0000E+00  0.0000E+00  0.0000E+00
  9.0000E+00  2.5000E-01  0.0000E+00  6.1100E+01  0.0000E+00  5.2689E+01  0.0000E+00  3.1280E-01  0.0000E+00  1.0000E+00  6.1100E+01  1.2557E+01  0.0000E+00  0.0000E+00
  9.0000E+00  5.0000E-01  0.0000E+00  1.5100E+02  0.0000E+00  6.8021E+01  0.0000E+00  2.3905E+00  0.0000E+00  1.0000E+00  1.5100E+02  2.1049E+01  0.0000E+00  0.0000E+00
  9.0000E+00  1.0000E+00  0.0000E+00  6.1800E+01  0.0000E+00  6.6736E+01  0.0000E+00 -1.4493E-01  0.0000E+00  1.0000E+00  6.1800E+01  2.9843E+01  0.0000E+00  0.0000E+00
  9.0000E+00  2.0000E+00  0.0000E+00  2.9100E+01  0.0000E+00  4.8601E+01  0.0000E+00 -7.8628E-01  0.0000E+00  1.0000E+00  2.9100E+01  3.1069E+01  0.0000E+00  0.0000E+00
  9.0000E+00  4.0000E+00  0.0000E+00  1.2200E+01  0.0000E+00  2.4593E+01  0.0000E+00 -9.8748E-01  0.0000E+00  1.0000E+00  1.2200E+01  1.9142E+01  0.0000E+00  0.0000E+00
  9.0000E+00  6.0000E+00  0.0000E+00  3.5300E+01  0.0000E+00  4.4943E+01  0.0000E+00 -4.2044E-01  0.0000E+00  1.0000E+00  3.5300E+01  2.3658E+01  0.0000E+00  0.0000E+00
  9.0000E+00  8.0000E+00  0.0000E+00  3.1900E+01  0.0000E+00  3.9985E+01  0.0000E+00 -3.9623E-01  0.0000E+00  1.0000E+00  3.1900E+01  2.5121E+01  0.0000E+00  0.0000E+00
  9.0000E+00  1.2000E+01  0.0000E+00  2.0000E+01  0.0000E+00  1.4485E+01  0.0000E+00  7.4611E-01  0.0000E+00  1.0000E+00  2.0000E+01  1.7313E+01  0.0000E+00  0.0000E+00
  9.0000E+00  2.4000E+01  0.0000E+00  5.0000E-01  0.0000E+00  2.7656E-01  0.0000E+00  1.5793E+00  1.0000E+00  1.0000E+00  5.0000E-01  1.0000E+00  0.0000E+00  0.0000E+00
  1.0000E+01  0.0000E+00  7.0500E+04  0.0000E+00  1.0000E+00  0.0000E+00  0.0000E+00  0.0000E+00  0.0000E+00  1.0000E+00  0.0000E+00  1.0000E+00  0.0000E+00  0.0000E+00
  1.0000E+01  0.0000E+00  7.0500E+04  0.0000E+00  1.0000E+00  0.0000E+00  0.0000E+00  0.0000E+00  0.0000E+00  1.0000E+00  0.0000E+00  1.0000E+00  0.0000E+00  0.0000E+00
  1.0000E+01  0.0000E+00  0.0000E+00  0.0000E+00  0.0000E+00  0.0000E+00  0.0000E+00  0.0000E+00  0.0000E+00  1.0000E+00  0.0000E+00  1.0000E+00  0.0000E+00  0.0000E+00
  1.0000E+01  2.5000E-01  0.0000E+00  7.4900E+00  0.0000E+00  1.1776E+01  0.0000E+00 -7.1322E-01  0.0000E+00  1.0000E+00  7.4900E+00  1.3475E+01  0.0000E+00  0.0000E+00
  1.0000E+01  5.0000E-01  0.0000E+00  1.1400E+01  0.0000E+00  2.1169E+01  0.0000E+00 -9.0432E-01  0.0000E+00  1.0000E+00  1.1400E+01  2.2587E+01  0.0000E+00  0.0000E+00
  1.0000E+01  1.0000E+00  0.0000E+00  4.4700E+01  0.0000E+00  3.4226E+01  0.0000E+00  5.9967E-01  0.0000E+00  1.0000E+00  4.4700E+01  3.2023E+01  0.0000E+00  0.0000E+00
  1.0000E+01  2.0000E+00  0.0000E+00  4.1200E+01  0.0000E+00  4.4845E+01  0.0000E+00 -1.5926E-01  0.0000E+00  1.0000E+00  4.1200E+01  3.3339E+01  0.0000E+00  0.0000E+00
  1.0000E+01  4.0000E+00  0.0000E+00  4.5400E+01  0.0000E+00  3.8914E+01  0.0000E+00  3.2663E-01  0.0000E+00  1.0000E+00  4.5400E+01  2.0540E+01  0.0000E+00  0.0000E+00
  1.0000E+01  6.0000E+00  0.0000E+00  7.5200E+01  0.0000E+00  4.0926E+01  0.0000E+00  1.6411E+00  0.0000E+00  1.0000E+00  7.5200E+01  2.5386E+01  0.0000E+00  0.0000E+00
  1.0000E+01  8.0000E+00  0.0000E+00  7.7200E+01  0.0000E+00  4.5746E+01  0.0000E+00  1.3473E+00  0.0000E+00  1.0000E+00  7.7200E+01  2.6956E+01  0.0000E+00  0.0000E+00
  1.0000E+01  1.2000E+01  0.0000E+00  4.3900E+01  0.0000E+00  3.8597E+01  0.0000E+00  2.6924E-01  0.0000E+00  1.0000E+00  4.3900E+01  1.8577E+01  0.0000E+00  0.0000E+00
  1.0000E+01  2.4000E+01  0.0000E+00  5.0000E-01  0.0000E+00  7.2437E-01  0.0000E+00 -6.0675E-01  1.0000E+00  1.0000E+00  5.0000E-01  1.0000E+00  0.0000E+00  0.0000E+00
  1.1000E+01  0.0000E+00  7.8600E+04  0.0000E+00  1.0000E+00  0.0000E+00  0.0000E+00  0.0000E+00  0.0000E+00  1.0000E+00  0.0000E+00  1.0000E+00  0.0000E+00  0.0000E+00
  1.1000E+01  0.0000E+00  7.8600E+04  0.0000E+00  1.0000E+00  0.0000E+00  0.0000E+00  0.0000E+00  0.0000E+00  1.0000E+00  0.0000E+00  1.0000E+00  0.0000E+00  0.0000E+00
  1.1000E+01  0.0000E+00  0.0000E+00  0.0000E+00  0.0000E+00  0.0000E+00  0.0000E+00  0.0000E+00  0.0000E+00  1.0000E+00  0.0000E+00  1.0000E+00  0.0000E+00  0.0000E+00
  1.1000E+01  2.5000E-01  0.0000E+00  4.7300E+00  0.0000E+00  1.4744E+01  0.0000E+00 -1.3309E+00  0.0000E+00  1.0000E+00  4.7300E+00  1.5023E+01  0.0000E+00  0.0000E+00
  1.1000E+01  5.0000E-01  0.0000E+00  8.1400E+00  0.0000E+00  2.5855E+01  0.0000E+00 -1.3426E+00  0.0000E+00  1.0000E+00  8.1400E+00  2.5182E+01  0.0000E+00  0.0000E+00
  1.1000E+01  1.0000E+00  0.0000E+00  1.2200E+01  0.0000E+00  3.9846E+01  0.0000E+00 -1.3596E+00  0.0000E+00  1.0000E+00  1.2200E+01  3.5702E+01  0.0000E+00  0.0000E+00
  1.1000E+01  2.0000E+00  0.0000E+00  1.1000E+02  0.0000E+00  4.7759E+01  0.0000E+00  2.5538E+00  0.0000E+00  1.0000E+00  1.1000E+02  3.7170E+01  0.0000E+00  0.0000E+00
  1.1000E+01  4.0000E+00  0.0000E+00  1.7000E+01  0.0000E+00  3.5615E+01  0.0000E+00 -1.0242E+00  0.0000E+00  1.0000E+00  1.7000E+01  2.2900E+01  0.0000E+00  0.0000E+00
  1.1000E+01  6.0000E+00  0.0000E+00  1.3500E+01  0.0000E+00  3.8736E+01  0.0000E+00 -1.2766E+00  0.0000E+00  1.0000E+00  1.3500E+01  2.8303E+01  0.0000E+00  0.0000E+00
  1.1000E+01  8.0000E+00  0.0000E+00  4.1300E+01  0.0000E+00  4.2813E+01  0.0000E+00 -6.9242E-02  0.0000E+00  1.0000E+00  4.1300E+01  3.0053E+01  0.0000E+00  0.0000E+00
  1.1000E+01  1.2000E+01  0.0000E+00  4.7700E+01  0.0000E+00  3.3278E+01  0.0000E+00  8.4924E-01  0.0000E+00  1.0000E+00  4.7700E+01  2.0712E+01  0.0000E+00  0.0000E+00
  1.1000E+01  2.4000E+01  0.0000E+00  5.0000E-01  0.0000E+00  4.6620E-01  0.0000E+00  1.4194E-01  1.0000E+00  1.0000E+00  5.0000E-01  1.0000E+00  0.0000E+00  0.0000E+00
  1.5000E+01  0.0000E+00  2.2700E+05  0.0000E+00  1.0000E+00  0.0000E+00  0.0000E+00  0.0000E+00  0.0000E+00  1.0000E+00  0.0000E+00  1.0000E+00  0.0000E+00  0.0000E+00
  1.5000E+01  0.0000E+00  2.2700E+05  0.0000E+00  1.0000E+00  0.0000E+00  0.0000E+00  0.0000E+00  0.0000E+00  1.0000E+00  0.0000E+00  1.0000E+00  0.0000E+00  0.0000E+00
  1.5000E+01  0.0000E+00  0.0000E+00  0.0000E+00  0.0000E+00  0.0000E+00  0.0000E+00  0.0000E+00  0.0000E+00  1.0000E+00  0.0000E+00  1.0000E+00  0.0000E+00  0.0000E+00
  1.5000E+01  2.5000E-01  0.0000E+00  1.1600E+01  0.0000E+00  1.8896E+01  0.0000E+00 -7.5665E-01  0.0000E+00  1.0000E+00  1.1600E+01  4.3386E+01  0.0000E+00  0.0000E+00
  1.5000E+01  5.0000E-01  0.0000E+00  4.0600E+01  0.0000E+00  3.2576E+01  0.0000E+00  4.8267E-01  0.0000E+00  1.0000E+00  4.0600E+01  7.2728E+01  0.0000E+00  0.0000E+00
  1.5000E+01  1.0000E+00  0.0000E+00  7.2100E+01  0.0000E+00  4.8614E+01  0.0000E+00  9.4668E-01  0.0000E+00  1.0000E+00  7.2100E+01  1.0311E+02  0.0000E+00  0.0000E+00
  1.5000E+01  2.0000E+00  0.0000E+00  3.9700E+01  0.0000E+00  5.5064E+01  0.0000E+00 -5.4676E-01  0.0000E+00  1.0000E+00  3.9700E+01  1.0735E+02  0.0000E+00  0.0000E+00
  1.5000E+01  4.0000E+00  0.0000E+00  4.5700E+01  0.0000E+00  3.7743E+01  0.0000E+00  4.1309E-01  0.0000E+00  1.0000E+00  4.5700E+01  6.6137E+01  0.0000E+00  0.0000E+00
  1.5000E+01  6.0000E+00  0.0000E+00  6.1800E+01  0.0000E+00  4.2875E+01  0.0000E+00  8.6499E-01  0.0000E+00  1.0000E+00  6.1800E+01  8.1740E+01  0.0000E+00  0.0000E+00
  1.5000E+01  8.0000E+00  0.0000E+00  5.6100E+01  0.0000E+00  4.6819E+01  0.0000E+00  3.8846E-01  0.0000E+00  1.0000E+00  5.6100E+01  8.6795E+01  0.0000E+00  0.0000E+00
  1.5000E+01  1.2000E+01  0.0000E+00  2.7000E+01  0.0000E+00  3.4664E+01  0.0000E+00 -4.3323E-01  0.0000E+00  1.0000E+00  2.7000E+01  5.9817E+01  0.0000E+00  0.0000E+00
  1.5000E+01  2.4000E+01  0.0000E+00  5.0000E-01  0.0000E+00  4.5326E-01  0.0000E+00  2.0190E-01  1.0000E+00  1.0000E+00  5.0000E-01  7.4194E-01  0.0000E+00  0.0000E+00
  1.6000E+01  0.0000E+00  2.1500E+05  0.0000E+00  1.0000E+00  0.0000E+00  0.0000E+00  0.0000E+00  0.0000E+00  1.0000E+00  0.0000E+00  1.0000E+00  0.0000E+00  0.0000E+00
  1.6000E+01  0.0000E+00  2.1500E+05  0.0000E+00  1.0000E+00  0.0000E+00  0.0000E+00  0.0000E+00  0.0000E+00  1.0000E+00  0.0000E+00  1.0000E+00  0.0000E+00  0.0000E+00
  1.6000E+01  0.0000E+00  0.0000E+00  0.0000E+00  0.0000E+00  0.0000E+00  0.0000E+00  0.0000E+00  0.0000E+00  1.0000E+00  0.0000E+00  1.0000E+00  0.0000E+00  0.0000E+00
  1.6000E+01  2.5000E-01  0.0000E+00  6.4700E+00  0.0000E+00  6.7805E+01  0.0000E+00 -1.7726E+00  0.0000E+00  1.0000E+00  6.4700E+00  4.1093E+01  0.0000E+00  0.0000E+00
  1.6000E+01  5.0000E-01  0.0000E+00  1.1400E+01  0.0000E+00  1.1590E+02  0.0000E+00 -1.7668E+00  0.0000E+00  1.0000E+00  1.1400E+01  6.8883E+01  0.0000E+00  0.0000E+00
  1.6000E+01  1.0000E+00  0.0000E+00  1.5500E+02  0.0000E+00  1.7026E+02  0.0000E+00 -1.7560E-01  0.0000E+00  1.0000E+00  1.5500E+02  9.7659E+01  0.0000E+00  0.0000E+00
  1.6000E+01  2.0000E+00  0.0000E+00  1.9400E+02  0.0000E+00  1.8776E+02  0.0000E+00  6.5095E-02  0.0000E+00  1.0000E+00  1.9400E+02  1.0167E+02  0.0000E+00  0.0000E+00
  1.6000E+01  4.0000E+00  0.0000E+00  8.8000E+01  0.0000E+00  1.2411E+02  0.0000E+00 -5.7014E-01  0.0000E+00  1.0000E+00  8.8000E+01  6.2641E+01  0.0000E+00  0.0000E+00
  1.6000E+01  6.0000E+00  0.0000E+00  3.2400E+02  0.0000E+00  1.4452E+02  0.0000E+00  2.4337E+00  0.0000E+00  1.0000E+00  3.2400E+02  7.7419E+01  0.0000E+00  0.0000E+00
  1.6000E+01  8.0000E+00  0.0000E+00  2.5300E+02  0.0000E+00  1.5662E+02  0.0000E+00  1.2059E+00  0.0000E+00  1.0000E+00  2.5300E+02  8.2207E+01  0.0000E+00  0.0000E+00
  1.6000E+01  1.2000E+01  0.0000E+00  7.2500E+01  0.0000E+00  1.1336E+02  0.0000E+00 -7.0631E-01  0.0000E+00  1.0000E+00  7.2500E+01  5.6655E+01  0.0000E+00  0.0000E+00
  1.6000E+01  2.4000E+01  0.0000E+00  5.0000E-01  0.0000E+00  1.4547E+00  0.0000E+00 -1.2859E+00  1.0000E+00  1.0000E+00  5.0000E-01  7.8666E-01  0.0000E+00  0.0000E+00
  1.7000E+01  0.0000E+00  2.4900E+05  0.0000E+00  1.0000E+00  0.0000E+00  0.0000E+00  0.0000E+00  0.0000E+00  1.0000E+00  0.0000E+00  1.0000E+00  0.0000E+00  0.0000E+00
  1.7000E+01  0.0000E+00  2.4900E+05  0.0000E+00  1.0000E+00  0.0000E+00  0.0000E+00  0.0000E+00  0.0000E+00  1.0000E+00  0.0000E+00  1.0000E+00  0.0000E+00  0.0000E+00
  1.7000E+01  0.0000E+00  0.0000E+00  0.0000E+00  0.0000E+00  0.0000E+00  0.0000E+00  0.0000E+00  0.0000E+00  1.0000E+00  0.0000E+00  1.0000E+00  0.0000E+00  0.0000E+00
  1.7000E+01  2.5000E-01  0.0000E+00  1.0800E+01  0.0000E+00  1.5945E+01  0.0000E+00 -6.3230E-01  0.0000E+00  1.0000E+00  1.0800E+01  4.7591E+01  0.0000E+00  0.0000E+00
  1.7000E+01  5.0000E-01  0.0000E+00  1.7400E+01  0.0000E+00  2.8748E+01  0.0000E+00 -7.7350E-01  0.0000E+00  1.0000E+00  1.7400E+01  7.9777E+01  0.0000E+00  0.0000E+00
  1.7000E+01  1.0000E+00  0.0000E+00  4.2300E+01  0.0000E+00  4.6745E+01  0.0000E+00 -1.8633E-01  0.0000E+00  1.0000E+00  4.2300E+01  1.1310E+02  0.0000E+00  0.0000E+00
  1.7000E+01  2.0000E+00  0.0000E+00  4.8500E+01  0.0000E+00  6.1924E+01  0.0000E+00 -4.2481E-01  0.0000E+00  1.0000E+00  4.8500E+01  1.1775E+02  0.0000E+00  0.0000E+00
  1.7000E+01  4.0000E+00  0.0000E+00  5.4500E+01  0.0000E+00  5.4828E+01  0.0000E+00 -1.1719E-02  0.0000E+00  1.0000E+00  5.4500E+01  7.2547E+01  0.0000E+00  0.0000E+00
  1.7000E+01  6.0000E+00  0.0000E+00  1.3500E+02  0.0000E+00  5.7635E+01  0.0000E+00  2.6304E+00  0.0000E+00  1.0000E+00  1.3500E+02  8.9662E+01  0.0000E+00  0.0000E+00
  1.7000E+01  8.0000E+00  0.0000E+00  6.3900E+01  0.0000E+00  6.4509E+01  0.0000E+00 -1.8492E-02  0.0000E+00  1.0000E+00  6.3900E+01  9.5207E+01  0.0000E+00  0.0000E+00
  1.7000E+01  1.2000E+01  0.0000E+00  3.6300E+01  0.0000E+00  5.5030E+01  0.0000E+00 -6.6695E-01  0.0000E+00  1.0000E+00  3.6300E+01  6.5614E+01  0.0000E+00  0.0000E+00
  1.7000E+01  2.4000E+01  0.0000E+00  5.0000E-01  0.0000E+00  1.1036E+00  0.0000E+00 -1.0716E+00  1.0000E+00  1.0000E+00  5.0000E-01  6.6236E-01  0.0000E+00  0.0000E+00
