TABLE NO.  2
 ID          CL          V2          V3          Q           KA          F1          DOSE
  1.0000E+00  4.8967E+00  7.5304E+00  1.7616E+00  2.5759E-01  2.5911E-01  7.0045E-03  1.2500E+01
  1.0000E+00  4.8967E+00  7.5304E+00  1.7616E+00  2.5759E-01  2.5911E-01  7.0045E-03  1.2500E+01
  1.0000E+00  4.8967E+00  7.5304E+00  1.7616E+00  2.5759E-01  2.5911E-01  7.0045E-03  1.2500E+01
  1.0000E+00  4.8967E+00  7.5304E+00  1.7616E+00  2.5759E-01  2.5911E-01  7.0045E-03  1.2500E+01
  1.0000E+00  4.8967E+00  7.5304E+00  1.7616E+00  2.5759E-01  2.5911E-01  7.0045E-03  1.2500E+01
  1.0000E+00  4.8967E+00  7.5304E+00  1.7616E+00  2.5759E-01  2.5911E-01  7.0045E-03  1.2500E+01
  1.0000E+00  4.8967E+00  7.5304E+00  1.7616E+00  2.5759E-01  2.5911E-01  7.0045E-03  1.2500E+01
  1.0000E+00  4.8967E+00  7.5304E+00  1.7616E+00  2.5759E-01  2.5911E-01  7.0045E-03  1.2500E+01
  1.0000E+00  4.8967E+00  7.5304E+00  1.7616E+00  2.5759E-01  2.5911E-01  7.0045E-03  1.2500E+01
  1.0000E+00  4.8967E+00  7.5304E+00  1.7616E+00  2.5759E-01  2.5911E-01  7.0045E-03  1.2500E+01
  1.0000E+00  4.8967E+00  7.5304E+00  1.7616E+00  2.5759E-01  2.5911E-01  7.0045E-03  1.2500E+01
  1.0000E+00  4.8967E+00  7.5304E+00  1.7616E+00  2.5759E-01  2.5911E-01  7.0045E-03  1.2500E+01
  1.0000E+00  4.8967E+00  7.5304E+00  1.7616E+00  2.5759E-01  2.5911E-01  7.0045E-03  1.2500E+01
  2.0000E+00  4.8825E+00  1.8125E+01  1.7616E+00  2.5759E-01  2.5911E-01  1.1850E-02  1.2500E+01
  2.0000E+00  4.8825E+00  1.8125E+01  1.7616E+00  2.5759E-01  2.5911E-01  1.1850E-02  1.2500E+01
  2.0000E+00  4.8825E+00  1.8125E+01  1.7616E+00  2.5759E-01  2.5911E-01  1.1850E-02  1.2500E+01
  2.0000E+00  4.8825E+00  1.8125E+01  1.7616E+00  2.5759E-01  2.5911E-01  1.1850E-02  1.2500E+01
  2.0000E+00  4.8825E+00  1.8125E+01  1.7616E+00  2.5759E-01  2.5911E-01  1.1850E-02  1.2500E+01
  2.0000E+00  4.8825E+00  1.8125E+01  1.7616E+00  2.5759E-01  2.5911E-01  1.1850E-02  1.2500E+01
  2.0000E+00  4.8825E+00  1.8125E+01  1.7616E+00  2.5759E-01  2.5911E-01  1.1850E-02  1.2500E+01
  2.0000E+00  4.8825E+00  1.8125E+01  1.7616E+00  2.5759E-01  2.5911E-01  1.1850E-02  1.2500E+01
  2.0000E+00  4.8825E+00  1.8125E+01  1.7616E+00  2.5759E-01  2.5911E-01  1.1850E-02  1.2500E+01
  2.0000E+00  4.8825E+00  1.8125E+01  1.7616E+00  2.5759E-01  2.5911E-01  1.1850E-02  1.2500E+01
  2.0000E+00  4.8825E+00  1.8125E+01  1.7616E+00  2.5759E-01  2.5911E-01  1.1850E-02  1.2500E+01
  2.0000E+00  4.8825E+00  1.8125E+01  1.7616E+00  2.5759E-01  2.5911E-01  1.1850E-02  1.2500E+01
  2.0000E+00  4.8825E+00  1.8125E+01  1.7616E+00  2.5759E-01  2.5911E-01  1.1850E-02  1.2500E+01
  3.0000E+00  4.8344E+00  3.1474E+00  1.7616E+00  2.5759E-01  2.5911E-01  1.0000E+00  2.5000E+00
  3.0000E+00  4.8344E+00  3.1474E+00  1.7616E+00  2.5759E-01  2.5911E-01  1.0000E+00  2.5000E+00
  3.0000E+00  4.8344E+00  3.1474E+00  1.7616E+00  2.5759E-01  2.5911E-01  1.0000E+00  2.5000E+00
  3.0000E+00  4.8344E+00  3.1474E+00  1.7616E+00  2.5759E-01  2.5911E-01  1.0000E+00  2.5000E+00
  3.0000E+00  4.8344E+00  3.1474E+00  1.7616E+00  2.5759E-01  2.5911E-01  1.0000E+00  2.5000E+00
  3.0000E+00  4.8344E+00  3.1474E+00  1.7616E+00  2.5759E-01  2.5911E-01  1.0000E+00  2.5000E+00
  3.0000E+00  4.8344E+00  3.1474E+00  1.7616E+00  2.5759E-01  2.5911E-01  1.0000E+00  2.5000E+00
  3.0000E+00  4.8344E+00  3.1474E+00  1.7616E+00  2.5759E-01  2.5911E-01  1.0000E+00  2.5000E+00
  3.0000E+00  4.8344E+00  3.1474E+00  1.7616E+00  2.5759E-01  2.5911E-01  1.0000E+00  2.5000E+00
  3.0000E+00  4.8344E+00  3.1474E+00  1.7616E+00  2.5759E-01  2.5911E-01  1.0000E+00  2.5000E+00
  3.0000E+00  4.8344E+00  3.1474E+00  1.7616E+00  2.5759E-01  2.5911E-01  1.0000E+00  2.5000E+00
  3.0000E+00  4.8344E+00  3.1474E+00  1.7616E+00  2.5759E-01  2.5911E-01  1.0000E+00  2.5000E+00
  4.0000E+00  4.9557E+00  2.7233E+00  1.7616E+00  2.5759E-01  2.5911E-01  1.0000E+00  2.5000E+00
  4.0000E+00  4.9557E+00  2.7233E+00  1.7616E+00  2.5759E-01  2.5911E-01  1.0000E+00  2.5000E+00
  4.0000E+00  4.9557E+00  2.7233E+00  1.7616E+00  2.5759E-01  2.5911E-01  1.0000E+00  2.5000E+00
  4.0000E+00  4.9557E+00  2.7233E+00  1.7616E+00  2.5759E-01  2.5911E-01  1.0000E+00  2.5000E+00
  4.0000E+00  4.9557E+00  2.7233E+00  1.7616E+00  2.5759E-01  2.5911E-01  1.0000E+00  2.5000E+00
  4.0000E+00  4.9557E+00  2.7233E+00  1.7616E+00  2.5759E-01  2.5911E-01  1.0000E+00  2.5000E+00
  4.0000E+00  4.9557E+00  2.7233E+00  1.7616E+00  2.5759E-01  2.5911E-01  1.0000E+00  2.5000E+00
  4.0000E+00  4.9557E+00  2.7233E+00  1.7616E+00  2.5759E-01  2.5911E-01  1.0000E+00  2.5000E+00
  4.0000E+00  4.9557E+00  2.7233E+00  1.7616E+00  2.5759E-01  2.5911E-01  1.0000E+00  2.5000E+00
  4.0000E+00  4.9557E+00  2.7233E+00  1.7616E+00  2.5759E-01  2.5911E-01  1.0000E+00  2.5000E+00
  4.0000E+00  4.9557E+00  2.7233E+00  1.7616E+00  2.5759E-01  2.5911E-01  1.0000E+00  2.5000E+00
  4.0000E+00  4.9557E+00  2.7233E+00  1.7616E+00  2.5759E-01  2.5911E-01  1.0000E+00  2.5000E+00
  5.0000E+00  4.8784E+00  2.7205E+00  1.7616E+00  2.5759E-01  2.5911E-01  1.0000E+00  2.5000E+00
  5.0000E+00  4.8784E+00  2.7205E+00  1.7616E+00  2.5759E-01  2.5911E-01  1.0000E+00  2.5000E+00
  5.0000E+00  4.8784E+00  2.7205E+00  1.7616E+00  2.5759E-01  2.5911E-01  1.0000E+00  2.5000E+00
  5.0000E+00  4.8784E+00  2.7205E+00  1.7616E+00  2.5759E-01  2.5911E-01  1.0000E+00  2.5000E+00
  5.0000E+00  4.8784E+00  2.7205E+00  1.7616E+00  2.5759E-01  2.5911E-01  1.0000E+00  2.5000E+00
  5.0000E+00  4.8784E+00  2.7205E+00  1.7616E+00  2.5759E-01  2.5911E-01  1.0000E+00  2.5000E+00
  5.0000E+00  4.8784E+00  2.7205E+00  1.7616E+00  2.5759E-01  2.5911E-01  1.0000E+00  2.5000E+00
  5.0000E+00  4.8784E+00  2.7205E+00  1.7616E+00  2.5759E-01  2.5911E-01  1.0000E+00  2.5000E+00
  5.0000E+00  4.8784E+00  2.7205E+00  1.7616E+00  2.5759E-01  2.5911E-01  1.0000E+00  2.5000E+00
  5.0000E+00  4.8784E+00  2.7205E+00  1.7616E+00  2.5759E-01  2.5911E-01  1.0000E+00  2.5000E+00
  5.0000E+00  4.8784E+00  2.7205E+00  1.7616E+00  2.5759E-01  2.5911E-01  1.0000E+00  2.5000E+00
  5.0000E+00  4.8784E+00  2.7205E+00  1.7616E+00  2.5759E-01  2.5911E-01  1.0000E+00  2.5000E+00
  6.0000E+00  4.8858E+00  7.9481E+00  1.7616E+00  2.5759E-01  2.5911E-01  1.1833E-02  1.0000E+01
  6.0000E+00  4.8858E+00  7.9481E+00  1.7616E+00  2.5759E-01  2.5911E-01  1.1833E-02  1.0000E+01
  6.0000E+00  4.8858E+00  7.9481E+00  1.7616E+00  2.5759E-01  2.5911E-01  1.1833E-02  1.0000E+01
  6.0000E+00  4.8858E+00  7.9481E+00  1.7616E+00  2.5759E-01  2.5911E-01  1.1833E-02  1.0000E+01
  6.0000E+00  4.8858E+00  7.9481E+00  1.7616E+00  2.5759E-01  2.5911E-01  1.1833E-02  1.0000E+01
  6.0000E+00  4.8858E+00  7.9481E+00  1.7616E+00  2.5759E-01  2.5911E-01  1.1833E-02  1.0000E+01
  6.0000E+00  4.8858E+00  7.9481E+00  1.7616E+00  2.5759E-01  2.5911E-01  1.1833E-02  1.0000E+01
  6.0000E+00  4.8858E+00  7.9481E+00  1.7616E+00  2.5759E-01  2.5911E-01  1.1833E-02  1.0000E+01
  6.0000E+00  4.8858E+00  7.9481E+00  1.7616E+00  2.5759E-01  2.5911E-01  1.1833E-02  1.0000E+01
  6.0000E+00  4.8858E+00  7.9481E+00  1.7616E+00  2.5759E-01  2.5911E-01  1.1833E-02  1.0000E+01
  6.0000E+00  4.8858E+00  7.9481E+00  1.7616E+00  2.5759E-01  2.5911E-01  1.1833E-02  1.0000E+01
  6.0000E+00  4.8858E+00  7.9481E+00  1.7616E+00  2.5759E-01  2.5911E-01  1.1833E-02  1.0000E+01
  7.0000E+00  4.8842E+00  6.0960E+00  1.7616E+00  2.5759E-01  2.5911E-01  1.3854E-02  1.0000E+01
  7.0000E+00  4.8842E+00  6.0960E+00  1.7616E+00  2.5759E-01  2.5911E-01  1.3854E-02  1.0000E+01
  7.0000E+00  4.8842E+00  6.0960E+00  1.7616E+00  2.5759E-01  2.5911E-01  1.3854E-02  1.0000E+01
  7.0000E+00  4.8842E+00  6.0960E+00  1.7616E+00  2.5759E-01  2.5911E-01  1.3854E-02  1.0000E+01
  7.0000E+00  4.8842E+00  6.0960E+00  1.7616E+00  2.5759E-01  2.5911E-01  1.3854E-02  1.0000E+01
  7.0000E+00  4.8842E+00  6.0960E+00  1.7616E+00  2.5759E-01  2.5911E-01  1.3854E-02  1.0000E+01
  7.0000E+00  4.8842E+00  6.0960E+00  1.7616E+00  2.5759E-01  2.5911E-01  1.3854E-02  1.0000E+01
  7.0000E+00  4.8842E+00  6.0960E+00  1.7616E+00  2.5759E-01  2.5911E-01  1.3854E-02  1.0000E+01
  7.0000E+00  4.8842E+00  6.0960E+00  1.7616E+00  2.5759E-01  2.5911E-01  1.3854E-02  1.0000E+01
  7.0000E+00  4.8842E+00  6.0960E+00  1.7616E+00  2.5759E-01  2.5911E-01  1.3854E-02  1.0000E+01
  7.0000E+00  4.8842E+00  6.0960E+00  1.7616E+00  2.5759E-01  2.5911E-01  1.3854E-02  1.0000E+01
  7.0000E+00  4.8842E+00  6.0960E+00  1.7616E+00  2.5759E-01  2.5911E-01  1.3854E-02  1.0000E+01
  8.0000E+00  4.8852E+00  3.7940E+00  1.7616E+00  2.5759E-01  2.5911E-01  1.4257E-02  1.0000E+01
  8.0000E+00  4.8852E+00  3.7940E+00  1.7616E+00  2.5759E-01  2.5911E-01  1.4257E-02  1.0000E+01
  8.0000E+00  4.8852E+00  3.7940E+00  1.7616E+00  2.5759E-01  2.5911E-01  1.4257E-02  1.0000E+01
  8.0000E+00  4.8852E+00  3.7940E+00  1.7616E+00  2.5759E-01  2.5911E-01  1.4257E-02  1.0000E+01
  8.0000E+00  4.8852E+00  3.7940E+00  1.7616E+00  2.5759E-01  2.5911E-01  1.4257E-02  1.0000E+01
  8.0000E+00  4.8852E+00  3.7940E+00  1.7616E+00  2.5759E-01  2.5911E-01  1.4257E-02  1.0000E+01
  8.0000E+00  4.8852E+00  3.7940E+00  1.7616E+00  2.5759E-01  2.5911E-01  1.4257E-02  1.0000E+01
  8.0000E+00  4.8852E+00  3.7940E+00  1.7616E+00  2.5759E-01  2.5911E-01  1.4257E-02  1.0000E+01
  8.0000E+00  4.8852E+00  3.7940E+00  1.7616E+00  2.5759E-01  2.5911E-01  1.4257E-02  1.0000E+01
  8.0000E+00  4.8852E+00  3.7940E+00  1.7616E+00  2.5759E-01  2.5911E-01  1.4257E-02  1.0000E+01
  8.0000E+00  4.8852E+00  3.7940E+00  1.7616E+00  2.5759E-01  2.5911E-01  1.4257E-02  1.0000E+01
  8.0000E+00  4.8852E+00  3.7940E+00  1.7616E+00  2.5759E-01  2.5911E-01  1.4257E-02  1.0000E+01
  9.0000E+00  4.8826E+00  1.0857E+00  1.7616E+00  2.5759E-01  2.5911E-01  2.8033E-02  3.0000E+01
  9.0000E+00  4.8826E+00  1.0857E+00  1.7616E+00  2.5759E-01  2.5911E-01  2.8033E-02  3.0000E+01
  9.0000E+00  4.8826E+00  1.0857E+00  1.7616E+00  2.5759E-01  2.5911E-01  2.8033E-02  3.0000E+01
  9.0000E+00  4.8826E+00  1.0857E+00  1.7616E+00  2.5759E-01  2.5911E-01  2.8033E-02  3.0000E+01
  9.0000E+00  4.8826E+00  1.0857E+00  1.7616E+00  2.5759E-01  2.5911E-01  2.8033E-02  3.0000E+01
  9.0000E+00  4.8826E+00  1.0857E+00  1.7616E+00  2.5759E-01  2.5911E-01  2.8033E-02  3.0000E+01
  9.0000E+00  4.8826E+00  1.0857E+00  1.7616E+00  2.5759E-01  2.5911E-01  2.8033E-02  3.0000E+01
  9.0000E+00  4.8826E+00  1.0857E+00  1.7616E+00  2.5759E-01  2.5911E-01  2.8033E-02  3.0000E+01
  9.0000E+00  4.8826E+00  1.0857E+00  1.7616E+00  2.5759E-01  2.5911E-01  2.8033E-02  3.0000E+01
  9.0000E+00  4.8826E+00  1.0857E+00  1.7616E+00  2.5759E-01  2.5911E-01  2.8033E-02  3.0000E+01
  9.0000E+00  4.8826E+00  1.0857E+00  1.7616E+00  2.5759E-01  2.5911E-01  2.8033E-02  3.0000E+01
  9.0000E+00  4.8826E+00  1.0857E+00  1.7616E+00  2.5759E-01  2.5911E-01  2.8033E-02  3.0000E+01
  1.0000E+01  4.8692E+00  1.2790E+01  1.7616E+00  2.5759E-01  2.5911E-01  2.6990E-02  3.0000E+01
  1.0000E+01  4.8692E+00  1.2790E+01  1.7616E+00  2.5759E-01  2.5911E-01  2.6990E-02  3.0000E+01
  1.0000E+01  4.8692E+00  1.2790E+01  1.7616E+00  2.5759E-01  2.5911E-01  2.6990E-02  3.0000E+01
  1.0000E+01  4.8692E+00  1.2790E+01  1.7616E+00  2.5759E-01  2.5911E-01  2.6990E-02  3.0000E+01
  1.0000E+01  4.8692E+00  1.2790E+01  1.7616E+00  2.5759E-01  2.5911E-01  2.6990E-02  3.0000E+01
  1.0000E+01  4.8692E+00  1.2790E+01  1.7616E+00  2.5759E-01  2.5911E-01  2.6990E-02  3.0000E+01
  1.0000E+01  4.8692E+00  1.2790E+01  1.7616E+00  2.5759E-01  2.5911E-01  2.6990E-02  3.0000E+01
  1.0000E+01  4.8692E+00  1.2790E+01  1.7616E+00  2.5759E-01  2.5911E-01  2.6990E-02  3.0000E+01
  1.0000E+01  4.8692E+00  1.2790E+01  1.7616E+00  2.5759E-01  2.5911E-01  2.6990E-02  3.0000E+01
  1.0000E+01  4.8692E+00  1.2790E+01  1.7616E+00  2.5759E-01  2.5911E-01  2.6990E-02  3.0000E+01
  1.0000E+01  4.8692E+00  1.2790E+01  1.7616E+00  2.5759E-01  2.5911E-01  2.6990E-02  3.0000E+01
  1.0000E+01  4.8692E+00  1.2790E+01  1.7616E+00  2.5759E-01  2.5911E-01  2.6990E-02  3.0000E+01
  1.1000E+01  4.8717E+00  1.1428E+01  1.7616E+00  2.5759E-01  2.5911E-01  2.4547E-02  3.0000E+01
  1.1000E+01  4.8717E+00  1.1428E+01  1.7616E+00  2.5759E-01  2.5911E-01  2.4547E-02  3.0000E+01
  1.1000E+01  4.8717E+00  1.1428E+01  1.7616E+00  2.5759E-01  2.5911E-01  2.4547E-02  3.0000E+01
  1.1000E+01  4.8717E+00  1.1428E+01  1.7616E+00  2.5759E-01  2.5911E-01  2.4547E-02  3.0000E+01
  1.1000E+01  4.8717E+00  1.1428E+01  1.7616E+00  2.5759E-01  2.5911E-01  2.4547E-02  3.0000E+01
  1.1000E+01  4.8717E+00  1.1428E+01  1.7616E+00  2.5759E-01  2.5911E-01  2.4547E-02  3.0000E+01
  1.1000E+01  4.8717E+00  1.1428E+01  1.7616E+00  2.5759E-01  2.5911E-01  2.4547E-02  3.0000E+01
  1.1000E+01  4.8717E+00  1.1428E+01  1.7616E+00  2.5759E-01  2.5911E-01  2.4547E-02  3.0000E+01
  1.1000E+01  4.8717E+00  1.1428E+01  1.7616E+00  2.5759E-01  2.5911E-01  2.4547E-02  3.0000E+01
  1.1000E+01  4.8717E+00  1.1428E+01  1.7616E+00  2.5759E-01  2.5911E-01  2.4547E-02  3.0000E+01
  1.1000E+01  4.8717E+00  1.1428E+01  1.7616E+00  2.5759E-01  2.5911E-01  2.4547E-02  3.0000E+01
  1.1000E+01  4.8717E+00  1.1428E+01  1.7616E+00  2.5759E-01  2.5911E-01  2.4547E-02  3.0000E+01
  1.2000E+01  4.8889E+00  3.3398E+01  1.7616E+00  2.5759E-01  2.5911E-01  6.8050E-03  3.0000E+01
  1.2000E+01  4.8889E+00  3.3398E+01  1.7616E+00  2.5759E-01  2.5911E-01  6.8050E-03  3.0000E+01
  1.2000E+01  4.8889E+00  3.3398E+01  1.7616E+00  2.5759E-01  2.5911E-01  6.8050E-03  3.0000E+01
  1.2000E+01  4.8889E+00  3.3398E+01  1.7616E+00  2.5759E-01  2.5911E-01  6.8050E-03  3.0000E+01
  1.2000E+01  4.8889E+00  3.3398E+01  1.7616E+00  2.5759E-01  2.5911E-01  6.8050E-03  3.0000E+01
  1.2000E+01  4.8889E+00  3.3398E+01  1.7616E+00  2.5759E-01  2.5911E-01  6.8050E-03  3.0000E+01
  1.2000E+01  4.8889E+00  3.3398E+01  1.7616E+00  2.5759E-01  2.5911E-01  6.8050E-03  3.0000E+01
  1.2000E+01  4.8889E+00  3.3398E+01  1.7616E+00  2.5759E-01  2.5911E-01  6.8050E-03  3.0000E+01
  1.2000E+01  4.8889E+00  3.3398E+01  1.7616E+00  2.5759E-01  2.5911E-01  6.8050E-03  3.0000E+01
  1.2000E+01  4.8889E+00  3.3398E+01  1.7616E+00  2.5759E-01  2.5911E-01  6.8050E-03  3.0000E+01
  1.2000E+01  4.8889E+00  3.3398E+01  1.7616E+00  2.5759E-01  2.5911E-01  6.8050E-03  3.0000E+01
  1.2000E+01  4.8889E+00  3.3398E+01  1.7616E+00  2.5759E-01  2.5911E-01  6.8050E-03  3.0000E+01
  1.3000E+01  4.8840E+00  1.5453E+01  1.7616E+00  2.5759E-01  2.5911E-01  9.9253E-03  3.0000E+01
  1.3000E+01  4.8840E+00  1.5453E+01  1.7616E+00  2.5759E-01  2.5911E-01  9.9253E-03  3.0000E+01
  1.3000E+01  4.8840E+00  1.5453E+01  1.7616E+00  2.5759E-01  2.5911E-01  9.9253E-03  3.0000E+01
  1.3000E+01  4.8840E+00  1.5453E+01  1.7616E+00  2.5759E-01  2.5911E-01  9.9253E-03  3.0000E+01
  1.3000E+01  4.8840E+00  1.5453E+01  1.7616E+00  2.5759E-01  2.5911E-01  9.9253E-03  3.0000E+01
  1.3000E+01  4.8840E+00  1.5453E+01  1.7616E+00  2.5759E-01  2.5911E-01  9.9253E-03  3.0000E+01
  1.3000E+01  4.8840E+00  1.5453E+01  1.7616E+00  2.5759E-01  2.5911E-01  9.9253E-03  3.0000E+01
  1.3000E+01  4.8840E+00  1.5453E+01  1.7616E+00  2.5759E-01  2.5911E-01  9.9253E-03  3.0000E+01
  1.3000E+01  4.8840E+00  1.5453E+01  1.7616E+00  2.5759E-01  2.5911E-01  9.9253E-03  3.0000E+01
  1.3000E+01  4.8840E+00  1.5453E+01  1.7616E+00  2.5759E-01  2.5911E-01  9.9253E-03  3.0000E+01
  1.3000E+01  4.8840E+00  1.5453E+01  1.7616E+00  2.5759E-01  2.5911E-01  9.9253E-03  3.0000E+01
  1.3000E+01  4.8840E+00  1.5453E+01  1.7616E+00  2.5759E-01  2.5911E-01  9.9253E-03  3.0000E+01
  1.4000E+01  4.8933E+00  2.2382E+01  1.7616E+00  2.5759E-01  2.5911E-01  5.8813E-03  3.0000E+01
  1.4000E+01  4.8933E+00  2.2382E+01  1.7616E+00  2.5759E-01  2.5911E-01  5.8813E-03  3.0000E+01
  1.4000E+01  4.8933E+00  2.2382E+01  1.7616E+00  2.5759E-01  2.5911E-01  5.8813E-03  3.0000E+01
  1.4000E+01  4.8933E+00  2.2382E+01  1.7616E+00  2.5759E-01  2.5911E-01  5.8813E-03  3.0000E+01
  1.4000E+01  4.8933E+00  2.2382E+01  1.7616E+00  2.5759E-01  2.5911E-01  5.8813E-03  3.0000E+01
  1.4000E+01  4.8933E+00  2.2382E+01  1.7616E+00  2.5759E-01  2.5911E-01  5.8813E-03  3.0000E+01
  1.4000E+01  4.8933E+00  2.2382E+01  1.7616E+00  2.5759E-01  2.5911E-01  5.8813E-03  3.0000E+01
  1.4000E+01  4.8933E+00  2.2382E+01  1.7616E+00  2.5759E-01  2.5911E-01  5.8813E-03  3.0000E+01
  1.4000E+01  4.8933E+00  2.2382E+01  1.7616E+00  2.5759E-01  2.5911E-01  5.8813E-03  3.0000E+01
  1.4000E+01  4.8933E+00  2.2382E+01  1.7616E+00  2.5759E-01  2.5911E-01  5.8813E-03  3.0000E+01
  1.4000E+01  4.8933E+00  2.2382E+01  1.7616E+00  2.5759E-01  2.5911E-01  5.8813E-03  3.0000E+01
  1.4000E+01  4.8933E+00  2.2382E+01  1.7616E+00  2.5759E-01  2.5911E-01  5.8813E-03  3.0000E+01
  1.5000E+01  4.8973E+00  6.0466E+00  1.7616E+00  2.5759E-01  2.5911E-01  8.4614E-03  1.0000E+02
  1.5000E+01  4.8973E+00  6.0466E+00  1.7616E+00  2.5759E-01  2.5911E-01  8.4614E-03  1.0000E+02
  1.5000E+01  4.8973E+00  6.0466E+00  1.7616E+00  2.5759E-01  2.5911E-01  8.4614E-03  1.0000E+02
  1.5000E+01  4.8973E+00  6.0466E+00  1.7616E+00  2.5759E-01  2.5911E-01  8.4614E-03  1.0000E+02
  1.5000E+01  4.8973E+00  6.0466E+00  1.7616E+00  2.5759E-01  2.5911E-01  8.4614E-03  1.0000E+02
  1.5000E+01  4.8973E+00  6.0466E+00  1.7616E+00  2.5759E-01  2.5911E-01  8.4614E-03  1.0000E+02
  1.5000E+01  4.8973E+00  6.0466E+00  1.7616E+00  2.5759E-01  2.5911E-01  8.4614E-03  1.0000E+02
  1.5000E+01  4.8973E+00  6.0466E+00  1.7616E+00  2.5759E-01  2.5911E-01  8.4614E-03  1.0000E+02
  1.5000E+01  4.8973E+00  6.0466E+00  1.7616E+00  2.5759E-01  2.5911E-01  8.4614E-03  1.0000E+02
  1.5000E+01  4.8973E+00  6.0466E+00  1.7616E+00  2.5759E-01  2.5911E-01  8.4614E-03  1.0000E+02
  1.5000E+01  4.8973E+00  6.0466E+00  1.7616E+00  2.5759E-01  2.5911E-01  8.4614E-03  1.0000E+02
  1.5000E+01  4.8973E+00  6.0466E+00  1.7616E+00  2.5759E-01  2.5911E-01  8.4614E-03  1.0000E+02
  1.6000E+01  4.8712E+00  9.3135E+00  1.7616E+00  2.5759E-01  2.5911E-01  2.6382E-02  1.0000E+02
  1.6000E+01  4.8712E+00  9.3135E+00  1.7616E+00  2.5759E-01  2.5911E-01  2.6382E-02  1.0000E+02
  1.6000E+01  4.8712E+00  9.3135E+00  1.7616E+00  2.5759E-01  2.5911E-01  2.6382E-02  1.0000E+02
  1.6000E+01  4.8712E+00  9.3135E+00  1.7616E+00  2.5759E-01  2.5911E-01  2.6382E-02  1.0000E+02
  1.6000E+01  4.8712E+00  9.3135E+00  1.7616E+00  2.5759E-01  2.5911E-01  2.6382E-02  1.0000E+02
  1.6000E+01  4.8712E+00  9.3135E+00  1.7616E+00  2.5759E-01  2.5911E-01  2.6382E-02  1.0000E+02
  1.6000E+01  4.8712E+00  9.3135E+00  1.7616E+00  2.5759E-01  2.5911E-01  2.6382E-02  1.0000E+02
  1.6000E+01  4.8712E+00  9.3135E+00  1.7616E+00  2.5759E-01  2.5911E-01  2.6382E-02  1.0000E+02
  1.6000E+01  4.8712E+00  9.3135E+00  1.7616E+00  2.5759E-01  2.5911E-01  2.6382E-02  1.0000E+02
  1.6000E+01  4.8712E+00  9.3135E+00  1.7616E+00  2.5759E-01  2.5911E-01  2.6382E-02  1.0000E+02
  1.6000E+01  4.8712E+00  9.3135E+00  1.7616E+00  2.5759E-01  2.5911E-01  2.6382E-02  1.0000E+02
  1.6000E+01  4.8712E+00  9.3135E+00  1.7616E+00  2.5759E-01  2.5911E-01  2.6382E-02  1.0000E+02
  1.7000E+01  4.8909E+00  1.1715E+01  1.7616E+00  2.5759E-01  2.5911E-01  9.2540E-03  1.0000E+02
  1.7000E+01  4.8909E+00  1.1715E+01  1.7616E+00  2.5759E-01  2.5911E-01  9.2540E-03  1.0000E+02
  1.7000E+01  4.8909E+00  1.1715E+01  1.7616E+00  2.5759E-01  2.5911E-01  9.2540E-03  1.0000E+02
  1.7000E+01  4.8909E+00  1.1715E+01  1.7616E+00  2.5759E-01  2.5911E-01  9.2540E-03  1.0000E+02
  1.7000E+01  4.8909E+00  1.1715E+01  1.7616E+00  2.5759E-01  2.5911E-01  9.2540E-03  1.0000E+02
  1.7000E+01  4.8909E+00  1.1715E+01  1.7616E+00  2.5759E-01  2.5911E-01  9.2540E-03  1.0000E+02
  1.7000E+01  4.8909E+00  1.1715E+01  1.7616E+00  2.5759E-01  2.5911E-01  9.2540E-03  1.0000E+02
  1.7000E+01  4.8909E+00  1.1715E+01  1.7616E+00  2.5759E-01  2.5911E-01  9.2540E-03  1.0000E+02
  1.7000E+01  4.8909E+00  1.1715E+01  1.7616E+00  2.5759E-01  2.5911E-01  9.2540E-03  1.0000E+02
  1.7000E+01  4.8909E+00  1.1715E+01  1.7616E+00  2.5759E-01  2.5911E-01  9.2540E-03  1.0000E+02
  1.7000E+01  4.8909E+00  1.1715E+01  1.7616E+00  2.5759E-01  2.5911E-01  9.2540E-03  1.0000E+02
  1.7000E+01  4.8909E+00  1.1715E+01  1.7616E+00  2.5759E-01  2.5911E-01  9.2540E-03  1.0000E+02
