TABLE NO.  1
 ID          TIME        AMT         DV          MDV         IPRED       CWRES       IWRES       BQL         DV          PRED        RES         WRES
  1.0000E+00  0.0000E+00  2.9000E+04  0.0000E+00  1.0000E+00  0.0000E+00  0.0000E+00  0.0000E+00  0.0000E+00  0.0000E+00  1.0000E+00  0.0000E+00  0.0000E+00
  1.0000E+00  0.0000E+00  2.9000E+04  0.0000E+00  1.0000E+00  0.0000E+00  0.0000E+00  0.0000E+00  0.0000E+00  0.0000E+00  1.0000E+00  0.0000E+00  0.0000E+00
  1.0000E+00  0.0000E+00  0.0000E+00  0.0000E+00  0.0000E+00  0.0000E+00  0.0000E+00  0.0000E+00  0.0000E+00  0.0000E+00  1.0000E+00  0.0000E+00  0.0000E+00
  1.0000E+00  2.5000E-01  0.0000E+00  7.3000E-01  0.0000E+00  1.3451E+00  0.0000E+00 -8.7069E-01  0.0000E+00  7.3000E-01  1.2198E-01  0.0000E+00  0.0000E+00
  1.0000E+00  5.0000E-01  0.0000E+00  2.7500E+00  0.0000E+00  2.4791E+00  0.0000E+00  2.0807E-01  0.0000E+00  2.7500E+00  4.7518E+00  0.0000E+00  0.0000E+00
  1.0000E+00  1.0000E+00  0.0000E+00  7.2700E+00  0.0000E+00  4.2422E+00  0.0000E+00  1.3589E+00  0.0000E+00  7.2700E+00  8.1381E+00  0.0000E+00  0.0000E+00
  1.0000E+00  2.0000E+00  0.0000E+00  6.4500E+00  0.0000E+00  6.3958E+00  0.0000E+00  1.6146E-02  0.0000E+00  6.4500E+00  1.2286E+01  0.0000E+00  0.0000E+00
  1.0000E+00  3.0000E+00  0.0000E+00  6.8500E+00  0.0000E+00  7.5012E+00  0.0000E+00 -1.6529E-01  0.0000E+00  6.8500E+00  1.4423E+01  0.0000E+00  0.0000E+00
  1.0000E+00  4.0000E+00  0.0000E+00  4.2300E+00  0.0000E+00  4.1360E+00  0.0000E+00  4.3248E-02  0.0000E+00  4.2300E+00  7.9812E+00  0.0000E+00  0.0000E+00
  1.0000E+00  6.0000E+00  0.0000E+00  6.0300E+00  0.0000E+00  6.7495E+00  0.0000E+00 -2.0296E-01  0.0000E+00  6.0300E+00  1.2995E+01  0.0000E+00  0.0000E+00
  1.0000E+00  8.0000E+00  0.0000E+00  8.1100E+00  0.0000E+00  5.1871E+00  0.0000E+00  1.0729E+00  0.0000E+00  8.1100E+00  1.0001E+01  0.0000E+00  0.0000E+00
  1.0000E+00  1.2000E+01  0.0000E+00  5.0000E-01  0.0000E+00  2.2044E+00  0.0000E+00 -1.4721E+00  1.0000E+00  5.0000E-01  7.2584E-02  0.0000E+00  0.0000E+00
  1.0000E+00  2.4000E+01  0.0000E+00  5.0000E-01  0.0000E+00  1.5746E-01  0.0000E+00  4.1419E+00  1.0000E+00  5.0000E-01  9.9999E-01  0.0000E+00  0.0000E+00
  2.0000E+00  0.0000E+00  2.9000E+04  0.0000E+00  1.0000E+00  0.0000E+00  0.0000E+00  0.0000E+00  0.0000E+00  0.0000E+00  1.0000E+00  0.0000E+00  0.0000E+00
  2.0000E+00  0.0000E+00  2.9000E+04  0.0000E+00  1.0000E+00  0.0000E+00  0.0000E+00  0.0000E+00  0.0000E+00  0.0000E+00  1.0000E+00  0.0000E+00  0.0000E+00
  2.0000E+00  0.0000E+00  0.0000E+00  0.0000E+00  0.0000E+00  0.0000E+00  0.0000E+00  0.0000E+00  0.0000E+00  0.0000E+00  1.0000E+00  0.0000E+00  0.0000E+00
  2.0000E+00  2.5000E-01  0.0000E+00  1.2000E-01  0.0000E+00  9.9302E-01  0.0000E+00 -1.6739E+00  0.0000E+00  1.2000E-01  1.2198E-01  0.0000E+00  0.0000E+00
  2.0000E+00  5.0000E-01  0.0000E+00  1.8000E-01  0.0000E+00  1.9182E+00  0.0000E+00 -1.7253E+00  0.0000E+00  1.8000E-01  6.6384E-02  0.0000E+00  0.0000E+00
  2.0000E+00  1.0000E+00  0.0000E+00  1.4000E-01  0.0000E+00  3.5837E+00  0.0000E+00 -1.8296E+00  0.0000E+00  1.4000E-01  4.7459E-02  0.0000E+00  0.0000E+00
  2.0000E+00  2.0000E+00  0.0000E+00  1.1700E+00  0.0000E+00  6.2884E+00  0.0000E+00 -1.5497E+00  0.0000E+00  1.1700E+00  1.2286E+01  0.0000E+00  0.0000E+00
  2.0000E+00  3.0000E+00  0.0000E+00  8.4000E+00  0.0000E+00  8.3349E+00  0.0000E+00  1.4862E-02  0.0000E+00  8.4000E+00  1.4423E+01  0.0000E+00  0.0000E+00
  2.0000E+00  4.0000E+00  0.0000E+00  1.5500E+01  0.0000E+00  6.5838E+00  0.0000E+00  2.5785E+00  0.0000E+00  1.5500E+01  7.9812E+00  0.0000E+00  0.0000E+00
  2.0000E+00  6.0000E+00  0.0000E+00  8.5100E+00  0.0000E+00  9.4987E+00  0.0000E+00 -1.9818E-01  0.0000E+00  8.5100E+00  1.2995E+01  0.0000E+00  0.0000E+00
  2.0000E+00  8.0000E+00  0.0000E+00  6.0400E+00  0.0000E+00  8.8824E+00  0.0000E+00 -6.0927E-01  0.0000E+00  6.0400E+00  1.0001E+01  0.0000E+00  0.0000E+00
  2.0000E+00  1.2000E+01  0.0000E+00  5.0000E-01  0.0000E+00  5.4094E+00  0.0000E+00 -1.7280E+00  1.0000E+00  5.0000E-01  7.2584E-02  0.0000E+00  0.0000E+00
  2.0000E+00  2.4000E+01  0.0000E+00  5.0000E-01  0.0000E+00  6.3184E-01  0.0000E+00 -3.9728E-01  1.0000E+00  5.0000E-01  9.9999E-01  0.0000E+00  0.0000E+00
  3.0000E+00  0.0000E+00  5.4500E+03  0.0000E+00  1.0000E+00  1.7316E+03  0.0000E+00 -1.9040E+00  0.0000E+00  0.0000E+00  2.8630E-02  0.0000E+00  0.0000E+00
  3.0000E+00  1.7000E-02  0.0000E+00  2.5500E+03  0.0000E+00  1.6846E+03  0.0000E+00  9.7805E-01  0.0000E+00  2.5500E+03  7.1297E+02  0.0000E+00  0.0000E+00
  3.0000E+00  8.3500E-02  0.0000E+00  2.1100E+03  0.0000E+00  1.5129E+03  0.0000E+00  7.5152E-01  0.0000E+00  2.1100E+03  6.8144E+02  0.0000E+00  0.0000E+00
  3.0000E+00  2.5000E-01  0.0000E+00  1.4600E+03  0.0000E+00  1.1561E+03  0.0000E+00  5.0059E-01  0.0000E+00  1.4600E+03  6.0854E+02  0.0000E+00  0.0000E+00
  3.0000E+00  5.0000E-01  0.0000E+00  8.5300E+02  0.0000E+00  7.7265E+02  0.0000E+00  1.9800E-01  0.0000E+00  8.5300E+02  5.1362E+02  0.0000E+00  0.0000E+00
  3.0000E+00  1.0000E+00  0.0000E+00  5.5500E+02  0.0000E+00  3.4700E+02  0.0000E+00  1.1412E+00  0.0000E+00  5.5500E+02  3.6635E+02  0.0000E+00  0.0000E+00
  3.0000E+00  2.0000E+00  0.0000E+00  1.0300E+02  0.0000E+00  7.3794E+01  0.0000E+00  7.5354E-01  0.0000E+00  1.0300E+02  1.8769E+02  0.0000E+00  0.0000E+00
  3.0000E+00  4.0000E+00  0.0000E+00  7.4100E+00  0.0000E+00  7.9966E+00  0.0000E+00 -1.3966E-01  0.0000E+00  7.4100E+00  5.1885E+01  0.0000E+00  0.0000E+00
  3.0000E+00  6.0000E+00  0.0000E+00  4.4900E+00  0.0000E+00  4.2091E+00  0.0000E+00  1.2704E-01  0.0000E+00  4.4900E+00  1.6583E+01  0.0000E+00  0.0000E+00
  3.0000E+00  8.0000E+00  0.0000E+00  5.2500E+00  0.0000E+00  3.1212E+00  0.0000E+00  1.2985E+00  0.0000E+00  5.2500E+00  6.8508E+00  0.0000E+00  0.0000E+00
  3.0000E+00  1.2000E+01  0.0000E+00  2.4600E+00  0.0000E+00  1.7940E+00  0.0000E+00  7.0677E-01  0.0000E+00  2.4600E+00  2.4929E+00  0.0000E+00  0.0000E+00
  3.0000E+00  2.4000E+01  0.0000E+00  5.0000E-01  0.0000E+00  3.4194E-01  0.0000E+00  8.8009E-01  1.0000E+00  5.0000E-01  9.9086E-01  0.0000E+00  0.0000E+00
  4.0000E+00  0.0000E+00  5.9500E+03  0.0000E+00  1.0000E+00  2.1848E+03  0.0000E+00 -1.9040E+00  0.0000E+00  0.0000E+00  2.8615E-02  0.0000E+00  0.0000E+00
  4.0000E+00  1.7000E-02  0.0000E+00  2.3000E+03  0.0000E+00  2.1149E+03  0.0000E+00  1.6666E-01  0.0000E+00  2.3000E+03  7.7838E+02  0.0000E+00  0.0000E+00
  4.0000E+00  8.3500E-02  0.0000E+00  2.0000E+03  0.0000E+00  1.8622E+03  0.0000E+00  1.4092E-01  0.0000E+00  2.0000E+03  7.4396E+02  0.0000E+00  0.0000E+00
  4.0000E+00  2.5000E-01  0.0000E+00  1.2600E+03  0.0000E+00  1.3545E+03  0.0000E+00 -1.3289E-01  0.0000E+00  1.2600E+03  6.6437E+02  0.0000E+00  0.0000E+00
  4.0000E+00  5.0000E-01  0.0000E+00  7.3500E+02  0.0000E+00  8.4093E+02  0.0000E+00 -2.3983E-01  0.0000E+00  7.3500E+02  5.6074E+02  0.0000E+00  0.0000E+00
  4.0000E+00  1.0000E+00  0.0000E+00  4.3200E+02  0.0000E+00  3.2655E+02  0.0000E+00  6.1485E-01  0.0000E+00  4.3200E+02  3.9996E+02  0.0000E+00  0.0000E+00
  4.0000E+00  2.0000E+00  0.0000E+00  5.4600E+01  0.0000E+00  5.3790E+01  0.0000E+00  2.8658E-02  0.0000E+00  5.4600E+01  2.0491E+02  0.0000E+00  0.0000E+00
  4.0000E+00  4.0000E+00  0.0000E+00  7.2500E+00  0.0000E+00  6.4797E+00  0.0000E+00  2.2635E-01  0.0000E+00  7.2500E+00  5.6646E+01  0.0000E+00  0.0000E+00
  4.0000E+00  6.0000E+00  0.0000E+00  3.6500E+00  0.0000E+00  4.1785E+00  0.0000E+00 -2.4080E-01  0.0000E+00  3.6500E+00  1.8104E+01  0.0000E+00  0.0000E+00
  4.0000E+00  8.0000E+00  0.0000E+00  3.3200E+00  0.0000E+00  3.1522E+00  0.0000E+00  1.0134E-01  0.0000E+00  3.3200E+00  7.4793E+00  0.0000E+00  0.0000E+00
  4.0000E+00  1.2000E+01  0.0000E+00  1.6100E+00  0.0000E+00  1.8116E+00  0.0000E+00 -2.1192E-01  0.0000E+00  1.6100E+00  2.7216E+00  0.0000E+00  0.0000E+00
  4.0000E+00  2.4000E+01  0.0000E+00  5.0000E-01  0.0000E+00  3.4406E-01  0.0000E+00  8.6294E-01  1.0000E+00  5.0000E-01  9.7734E-01  0.0000E+00  0.0000E+00
  5.0000E+00  0.0000E+00  6.1000E+03  0.0000E+00  1.0000E+00  2.2423E+03  0.0000E+00 -1.9040E+00  0.0000E+00  0.0000E+00  2.8612E-02  0.0000E+00  0.0000E+00
  5.0000E+00  1.7000E-02  0.0000E+00  2.6900E+03  0.0000E+00  2.1715E+03  0.0000E+00  4.5467E-01  0.0000E+00  2.6900E+03  7.9800E+02  0.0000E+00  0.0000E+00
  5.0000E+00  8.3500E-02  0.0000E+00  2.0500E+03  0.0000E+00  1.9153E+03  0.0000E+00  1.3385E-01  0.0000E+00  2.0500E+03  7.6271E+02  0.0000E+00  0.0000E+00
  5.0000E+00  2.5000E-01  0.0000E+00  1.1600E+03  0.0000E+00  1.3994E+03  0.0000E+00 -3.2567E-01  0.0000E+00  1.1600E+03  6.8112E+02  0.0000E+00  0.0000E+00
  5.0000E+00  5.0000E-01  0.0000E+00  8.2000E+02  0.0000E+00  8.7450E+02  0.0000E+00 -1.1866E-01  0.0000E+00  8.2000E+02  5.7487E+02  0.0000E+00  0.0000E+00
  5.0000E+00  1.0000E+00  0.0000E+00  4.5600E+02  0.0000E+00  3.4405E+02  0.0000E+00  6.1950E-01  0.0000E+00  4.5600E+02  4.1004E+02  0.0000E+00  0.0000E+00
  5.0000E+00  2.0000E+00  0.0000E+00  5.7800E+01  0.0000E+00  5.8011E+01  0.0000E+00 -6.9155E-03  0.0000E+00  5.7800E+01  2.1007E+02  0.0000E+00  0.0000E+00
  5.0000E+00  4.0000E+00  0.0000E+00  6.8700E+00  0.0000E+00  6.9419E+00  0.0000E+00 -1.9707E-02  0.0000E+00  6.8700E+00  5.8074E+01  0.0000E+00  0.0000E+00
  5.0000E+00  6.0000E+00  0.0000E+00  6.0500E+00  0.0000E+00  4.4285E+00  0.0000E+00  6.9711E-01  0.0000E+00  6.0500E+00  1.8561E+01  0.0000E+00  0.0000E+00
  5.0000E+00  8.0000E+00  0.0000E+00  6.1100E+00  0.0000E+00  3.3395E+00  0.0000E+00  1.5795E+00  0.0000E+00  6.1100E+00  7.6679E+00  0.0000E+00  0.0000E+00
  5.0000E+00  1.2000E+01  0.0000E+00  1.7100E+00  0.0000E+00  1.9202E+00  0.0000E+00 -2.0843E-01  0.0000E+00  1.7100E+00  2.7902E+00  0.0000E+00  0.0000E+00
  5.0000E+00  2.4000E+01  0.0000E+00  5.0000E-01  0.0000E+00  3.6523E-01  0.0000E+00  7.0259E-01  1.0000E+00  5.0000E-01  9.7165E-01  0.0000E+00  0.0000E+00
  6.0000E+00  0.0000E+00  2.1800E+04  0.0000E+00  1.0000E+00  0.0000E+00  0.0000E+00  0.0000E+00  0.0000E+00  0.0000E+00  1.0000E+00  0.0000E+00  0.0000E+00
  6.0000E+00  0.0000E+00  2.1800E+04  0.0000E+00  1.0000E+00  0.0000E+00  0.0000E+00  0.0000E+00  0.0000E+00  0.0000E+00  1.0000E+00  0.0000E+00  0.0000E+00
  6.0000E+00  0.0000E+00  0.0000E+00  0.0000E+00  0.0000E+00  0.0000E+00  0.0000E+00  0.0000E+00  0.0000E+00  0.0000E+00  1.0000E+00  0.0000E+00  0.0000E+00
  6.0000E+00  2.5000E-01  0.0000E+00  0.0000E+00  0.0000E+00  1.6258E+00  0.0000E+00 -1.9040E+00  0.0000E+00  0.0000E+00  1.7849E-01  0.0000E+00  0.0000E+00
  6.0000E+00  5.0000E-01  0.0000E+00  1.3900E+00  0.0000E+00  3.0091E+00  0.0000E+00 -1.0245E+00  0.0000E+00  1.3900E+00  3.5720E+00  0.0000E+00  0.0000E+00
  6.0000E+00  1.0000E+00  0.0000E+00  9.5800E+00  0.0000E+00  5.1893E+00  0.0000E+00  1.6110E+00  0.0000E+00  9.5800E+00  6.1176E+00  0.0000E+00  0.0000E+00
  6.0000E+00  2.0000E+00  0.0000E+00  9.5100E+00  0.0000E+00  7.9226E+00  0.0000E+00  3.8148E-01  0.0000E+00  9.5100E+00  9.2356E+00  0.0000E+00  0.0000E+00
  6.0000E+00  4.0000E+00  0.0000E+00  4.9900E+00  0.0000E+00  5.3424E+00  0.0000E+00 -1.2560E-01  0.0000E+00  4.9900E+00  5.9997E+00  0.0000E+00  0.0000E+00
  6.0000E+00  6.0000E+00  0.0000E+00  3.2100E+00  0.0000E+00  8.5420E+00  0.0000E+00 -1.1885E+00  0.0000E+00  3.2100E+00  9.7686E+00  0.0000E+00  0.0000E+00
  6.0000E+00  8.0000E+00  0.0000E+00  9.1800E+00  0.0000E+00  6.6517E+00  0.0000E+00  7.2371E-01  0.0000E+00  9.1800E+00  7.5180E+00  0.0000E+00  0.0000E+00
  6.0000E+00  1.2000E+01  0.0000E+00  3.8300E+00  0.0000E+00  2.8741E+00  0.0000E+00  6.3322E-01  0.0000E+00  3.8300E+00  3.2008E+00  0.0000E+00  0.0000E+00
  6.0000E+00  2.4000E+01  0.0000E+00  5.0000E-01  0.0000E+00  2.0682E-01  0.0000E+00  2.6990E+00  1.0000E+00  5.0000E-01  1.0000E+00  0.0000E+00  0.0000E+00
  7.0000E+00  0.0000E+00  2.3800E+04  0.0000E+00  1.0000E+00  0.0000E+00  0.0000E+00  0.0000E+00  0.0000E+00  0.0000E+00  1.0000E+00  0.0000E+00  0.0000E+00
  7.0000E+00  0.0000E+00  2.3800E+04  0.0000E+00  1.0000E+00  0.0000E+00  0.0000E+00  0.0000E+00  0.0000E+00  0.0000E+00  1.0000E+00  0.0000E+00  0.0000E+00
  7.0000E+00  0.0000E+00  0.0000E+00  0.0000E+00  0.0000E+00  0.0000E+00  0.0000E+00  0.0000E+00  0.0000E+00  0.0000E+00  1.0000E+00  0.0000E+00  0.0000E+00
  7.0000E+00  2.5000E-01  0.0000E+00  2.7200E+00  0.0000E+00  2.6459E+00  0.0000E+00  5.3316E-02  0.0000E+00  2.7200E+00  2.1150E+00  0.0000E+00  0.0000E+00
  7.0000E+00  5.0000E-01  0.0000E+00  3.0600E+00  0.0000E+00  4.7897E+00  0.0000E+00 -6.8757E-01  0.0000E+00  3.0600E+00  3.8998E+00  0.0000E+00  0.0000E+00
  7.0000E+00  1.0000E+00  0.0000E+00  5.3900E+00  0.0000E+00  7.9370E+00  0.0000E+00 -6.1099E-01  0.0000E+00  5.3900E+00  6.6788E+00  0.0000E+00  0.0000E+00
  7.0000E+00  2.0000E+00  0.0000E+00  2.4700E+01  0.0000E+00  1.1382E+01  0.0000E+00  2.2279E+00  0.0000E+00  2.4700E+01  1.0083E+01  0.0000E+00  0.0000E+00
  7.0000E+00  4.0000E+00  0.0000E+00  3.7600E+00  0.0000E+00  6.2001E+00  0.0000E+00 -7.4932E-01  0.0000E+00  3.7600E+00  6.5501E+00  0.0000E+00  0.0000E+00
  7.0000E+00  6.0000E+00  0.0000E+00  3.1900E+00  0.0000E+00  1.1166E+01  0.0000E+00 -1.3600E+00  0.0000E+00  3.1900E+00  1.0665E+01  0.0000E+00  0.0000E+00
  7.0000E+00  8.0000E+00  0.0000E+00  6.4300E+00  0.0000E+00  8.1732E+00  0.0000E+00 -4.0609E-01  0.0000E+00  6.4300E+00  8.2077E+00  0.0000E+00  0.0000E+00
  7.0000E+00  1.2000E+01  0.0000E+00  4.9200E+00  0.0000E+00  3.3053E+00  0.0000E+00  9.3009E-01  0.0000E+00  4.9200E+00  3.4945E+00  0.0000E+00  0.0000E+00
  7.0000E+00  2.4000E+01  0.0000E+00  5.0000E-01  0.0000E+00  2.3307E-01  0.0000E+00  2.1805E+00  1.0000E+00  5.0000E-01  1.0000E+00  0.0000E+00  0.0000E+00
  8.0000E+00  0.0000E+00  2.4400E+04  0.0000E+00  1.0000E+00  0.0000E+00  0.0000E+00  0.0000E+00  0.0000E+00  0.0000E+00  1.0000E+00  0.0000E+00  0.0000E+00
  8.0000E+00  0.0000E+00  2.4400E+04  0.0000E+00  1.0000E+00  0.0000E+00  0.0000E+00  0.0000E+00  0.0000E+00  0.0000E+00  1.0000E+00  0.0000E+00  0.0000E+00
  8.0000E+00  0.0000E+00  0.0000E+00  0.0000E+00  0.0000E+00  0.0000E+00  0.0000E+00  0.0000E+00  0.0000E+00  0.0000E+00  1.0000E+00  0.0000E+00  0.0000E+00
  8.0000E+00  2.5000E-01  0.0000E+00  4.4400E+00  0.0000E+00  4.2196E+00  0.0000E+00  9.9469E-02  0.0000E+00  4.4400E+00  2.1683E+00  0.0000E+00  0.0000E+00
  8.0000E+00  5.0000E-01  0.0000E+00  9.7200E+00  0.0000E+00  7.2285E+00  0.0000E+00  6.5626E-01  0.0000E+00  9.7200E+00  3.9981E+00  0.0000E+00  0.0000E+00
  8.0000E+00  1.0000E+00  0.0000E+00  1.7700E+01  0.0000E+00  1.0911E+01  0.0000E+00  1.1846E+00  0.0000E+00  1.7700E+01  6.8472E+00  0.0000E+00  0.0000E+00
  8.0000E+00  2.0000E+00  0.0000E+00  7.3400E+00  0.0000E+00  1.3778E+01  0.0000E+00 -8.8963E-01  0.0000E+00  7.3400E+00  1.0337E+01  0.0000E+00  0.0000E+00
  8.0000E+00  4.0000E+00  0.0000E+00  4.9900E+00  0.0000E+00  4.6057E+00  0.0000E+00  1.5887E-01  0.0000E+00  4.9900E+00  6.7152E+00  0.0000E+00  0.0000E+00
  8.0000E+00  6.0000E+00  0.0000E+00  6.1800E+00  0.0000E+00  1.2007E+01  0.0000E+00 -9.2398E-01  0.0000E+00  6.1800E+00  1.0934E+01  0.0000E+00  0.0000E+00
  8.0000E+00  8.0000E+00  0.0000E+00  4.5600E+00  0.0000E+00  7.9373E+00  0.0000E+00 -8.1012E-01  0.0000E+00  4.5600E+00  8.4147E+00  0.0000E+00  0.0000E+00
  8.0000E+00  1.2000E+01  0.0000E+00  5.4200E+00  0.0000E+00  3.0437E+00  0.0000E+00  1.4864E+00  0.0000E+00  5.4200E+00  3.5826E+00  0.0000E+00  0.0000E+00
  8.0000E+00  2.4000E+01  0.0000E+00  5.0000E-01  0.0000E+00  2.1308E-01  0.0000E+00  2.5638E+00  1.0000E+00  5.0000E-01  1.0000E+00  0.0000E+00  0.0000E+00
  9.0000E+00  0.0000E+00  6.5700E+04  0.0000E+00  1.0000E+00  0.0000E+00  0.0000E+00  0.0000E+00  0.0000E+00  0.0000E+00  1.0000E+00  0.0000E+00  0.0000E+00
  9.0000E+00  0.0000E+00  6.5700E+04  0.0000E+00  1.0000E+00  0.0000E+00  0.0000E+00  0.0000E+00  0.0000E+00  0.0000E+00  1.0000E+00  0.0000E+00  0.0000E+00
  9.0000E+00  0.0000E+00  0.0000E+00  0.0000E+00  0.0000E+00  0.0000E+00  0.0000E+00  0.0000E+00  0.0000E+00  0.0000E+00  1.0000E+00  0.0000E+00  0.0000E+00
  9.0000E+00  2.5000E-01  0.0000E+00  6.1100E+01  0.0000E+00  5.3967E+01  0.0000E+00  2.5167E-01  0.0000E+00  6.1100E+01  5.8385E+00  0.0000E+00  0.0000E+00
  9.0000E+00  5.0000E-01  0.0000E+00  1.5100E+02  0.0000E+00  7.0556E+01  0.0000E+00  2.1708E+00  0.0000E+00  1.5100E+02  1.0765E+01  0.0000E+00  0.0000E+00
  9.0000E+00  1.0000E+00  0.0000E+00  6.1800E+01  0.0000E+00  7.7390E+01  0.0000E+00 -3.8355E-01  0.0000E+00  6.1800E+01  1.8437E+01  0.0000E+00  0.0000E+00
  9.0000E+00  2.0000E+00  0.0000E+00  2.9100E+01  0.0000E+00  7.8551E+01  0.0000E+00 -1.1986E+00  0.0000E+00  2.9100E+01  2.7834E+01  0.0000E+00  0.0000E+00
  9.0000E+00  4.0000E+00  0.0000E+00  1.2200E+01  0.0000E+00  7.7655E+00  0.0000E+00  1.0873E+00  0.0000E+00  1.2200E+01  1.8082E+01  0.0000E+00  0.0000E+00
  9.0000E+00  6.0000E+00  0.0000E+00  3.5300E+01  0.0000E+00  6.0078E+01  0.0000E+00 -7.8525E-01  0.0000E+00  3.5300E+01  2.9440E+01  0.0000E+00  0.0000E+00
  9.0000E+00  8.0000E+00  0.0000E+00  3.1900E+01  0.0000E+00  3.6683E+01  0.0000E+00 -2.4824E-01  0.0000E+00  3.1900E+01  2.2658E+01  0.0000E+00  0.0000E+00
  9.0000E+00  1.2000E+01  0.0000E+00  2.0000E+01  0.0000E+00  1.3932E+01  0.0000E+00  8.2922E-01  0.0000E+00  2.0000E+01  9.6466E+00  0.0000E+00  0.0000E+00
  9.0000E+00  2.4000E+01  0.0000E+00  5.0000E-01  0.0000E+00  9.7023E-01  0.0000E+00 -9.2277E-01  1.0000E+00  5.0000E-01  8.0373E-01  0.0000E+00  0.0000E+00
  1.0000E+01  0.0000E+00  7.0500E+04  0.0000E+00  1.0000E+00  0.0000E+00  0.0000E+00  0.0000E+00  0.0000E+00  0.0000E+00  1.0000E+00  0.0000E+00  0.0000E+00
  1.0000E+01  0.0000E+00  7.0500E+04  0.0000E+00  1.0000E+00  0.0000E+00  0.0000E+00  0.0000E+00  0.0000E+00  0.0000E+00  1.0000E+00  0.0000E+00  0.0000E+00
  1.0000E+01  0.0000E+00  0.0000E+00  0.0000E+00  0.0000E+00  0.0000E+00  0.0000E+00  0.0000E+00  0.0000E+00  0.0000E+00  1.0000E+00  0.0000E+00  0.0000E+00
  1.0000E+01  2.5000E-01  0.0000E+00  7.4900E+00  0.0000E+00  7.6803E+00  0.0000E+00 -4.7186E-02  0.0000E+00  7.4900E+00  6.2650E+00  0.0000E+00  0.0000E+00
  1.0000E+01  5.0000E-01  0.0000E+00  1.1400E+01  0.0000E+00  1.4630E+01  0.0000E+00 -4.2032E-01  0.0000E+00  1.1400E+01  1.1552E+01  0.0000E+00  0.0000E+00
  1.0000E+01  1.0000E+00  0.0000E+00  4.4700E+01  0.0000E+00  2.6612E+01  0.0000E+00  1.2942E+00  0.0000E+00  4.4700E+01  1.9784E+01  0.0000E+00  0.0000E+00
  1.0000E+01  2.0000E+00  0.0000E+00  4.1200E+01  0.0000E+00  4.4494E+01  0.0000E+00 -1.4094E-01  0.0000E+00  4.1200E+01  2.9868E+01  0.0000E+00  0.0000E+00
  1.0000E+01  4.0000E+00  0.0000E+00  4.5400E+01  0.0000E+00  4.0150E+01  0.0000E+00  2.4895E-01  0.0000E+00  4.5400E+01  1.9403E+01  0.0000E+00  0.0000E+00
  1.0000E+01  6.0000E+00  0.0000E+00  7.5200E+01  0.0000E+00  5.8484E+01  0.0000E+00  5.4421E-01  0.0000E+00  7.5200E+01  3.1591E+01  0.0000E+00  0.0000E+00
  1.0000E+01  8.0000E+00  0.0000E+00  7.7200E+01  0.0000E+00  5.0830E+01  0.0000E+00  9.8774E-01  0.0000E+00  7.7200E+01  2.4313E+01  0.0000E+00  0.0000E+00
  1.0000E+01  1.2000E+01  0.0000E+00  4.3900E+01  0.0000E+00  2.6431E+01  0.0000E+00  1.2584E+00  0.0000E+00  4.3900E+01  1.0351E+01  0.0000E+00  0.0000E+00
  1.0000E+01  2.4000E+01  0.0000E+00  5.0000E-01  0.0000E+00  2.2565E+00  0.0000E+00 -1.4821E+00  1.0000E+00  5.0000E-01  7.4766E-01  0.0000E+00  0.0000E+00
  1.1000E+01  0.0000E+00  7.8600E+04  0.0000E+00  1.0000E+00  0.0000E+00  0.0000E+00  0.0000E+00  0.0000E+00  0.0000E+00  1.0000E+00  0.0000E+00  0.0000E+00
  1.1000E+01  0.0000E+00  7.8600E+04  0.0000E+00  1.0000E+00  0.0000E+00  0.0000E+00  0.0000E+00  0.0000E+00  0.0000E+00  1.0000E+00  0.0000E+00  0.0000E+00
  1.1000E+01  0.0000E+00  0.0000E+00  0.0000E+00  0.0000E+00  0.0000E+00  0.0000E+00  0.0000E+00  0.0000E+00  0.0000E+00  1.0000E+00  0.0000E+00  0.0000E+00
  1.1000E+01  2.5000E-01  0.0000E+00  4.7300E+00  0.0000E+00  8.6647E+00  0.0000E+00 -8.6461E-01  0.0000E+00  4.7300E+00  6.9848E+00  0.0000E+00  0.0000E+00
  1.1000E+01  5.0000E-01  0.0000E+00  8.1400E+00  0.0000E+00  1.6411E+01  0.0000E+00 -9.5960E-01  0.0000E+00  8.1400E+00  1.2879E+01  0.0000E+00  0.0000E+00
  1.1000E+01  1.0000E+00  0.0000E+00  1.2200E+01  0.0000E+00  2.9535E+01  0.0000E+00 -1.1175E+00  0.0000E+00  1.2200E+01  2.2057E+01  0.0000E+00  0.0000E+00
  1.1000E+01  2.0000E+00  0.0000E+00  1.1000E+02  0.0000E+00  4.8461E+01  0.0000E+00  2.4178E+00  0.0000E+00  1.1000E+02  3.3299E+01  0.0000E+00  0.0000E+00
  1.1000E+01  4.0000E+00  0.0000E+00  1.7000E+01  0.0000E+00  4.1227E+01  0.0000E+00 -1.1189E+00  0.0000E+00  1.7000E+01  2.1632E+01  0.0000E+00  0.0000E+00
  1.1000E+01  6.0000E+00  0.0000E+00  1.3500E+01  0.0000E+00  6.0734E+01  0.0000E+00 -1.4807E+00  0.0000E+00  1.3500E+01  3.5221E+01  0.0000E+00  0.0000E+00
  1.1000E+01  8.0000E+00  0.0000E+00  4.1300E+01  0.0000E+00  5.1465E+01  0.0000E+00 -3.7605E-01  0.0000E+00  4.1300E+01  2.7106E+01  0.0000E+00  0.0000E+00
  1.1000E+01  1.2000E+01  0.0000E+00  4.7700E+01  0.0000E+00  2.5472E+01  0.0000E+00  1.6615E+00  0.0000E+00  4.7700E+01  1.1541E+01  0.0000E+00  0.0000E+00
  1.1000E+01  2.4000E+01  0.0000E+00  5.0000E-01  0.0000E+00  2.0381E+00  0.0000E+00 -1.4369E+00  1.0000E+00  5.0000E-01  6.5623E-01  0.0000E+00  0.0000E+00
  1.2000E+01  0.0000E+00  6.4500E+04  0.0000E+00  1.0000E+00  0.0000E+00  0.0000E+00  0.0000E+00  0.0000E+00  0.0000E+00  1.0000E+00  0.0000E+00  0.0000E+00
  1.2000E+01  0.0000E+00  6.4500E+04  0.0000E+00  1.0000E+00  0.0000E+00  0.0000E+00  0.0000E+00  0.0000E+00  0.0000E+00  1.0000E+00  0.0000E+00  0.0000E+00
  1.2000E+01  0.0000E+00  0.0000E+00  0.0000E+00  0.0000E+00  0.0000E+00  0.0000E+00  0.0000E+00  0.0000E+00  0.0000E+00  1.0000E+00  0.0000E+00  0.0000E+00
  1.2000E+01  2.5000E-01  0.0000E+00  0.0000E+00  0.0000E+00  6.9942E-01  0.0000E+00 -1.9040E+00  0.0000E+00  0.0000E+00  5.8000E-02  0.0000E+00  0.0000E+00
  1.2000E+01  5.0000E-01  0.0000E+00  0.0000E+00  0.0000E+00  1.3725E+00  0.0000E+00 -1.9040E+00  0.0000E+00  0.0000E+00  4.2371E-02  0.0000E+00  0.0000E+00
  1.2000E+01  1.0000E+00  0.0000E+00  1.6800E+00  0.0000E+00  2.6435E+00  0.0000E+00 -6.9396E-01  0.0000E+00  1.6800E+00  1.8100E+01  0.0000E+00  0.0000E+00
  1.2000E+01  2.0000E+00  0.0000E+00  4.5500E+00  0.0000E+00  4.9120E+00  0.0000E+00 -1.4033E-01  0.0000E+00  4.5500E+00  2.7326E+01  0.0000E+00  0.0000E+00
  1.2000E+01  4.0000E+00  0.0000E+00  8.0700E+00  0.0000E+00  6.1075E+00  0.0000E+00  6.1179E-01  0.0000E+00  8.0700E+00  1.7751E+01  0.0000E+00  0.0000E+00
  1.2000E+01  6.0000E+00  0.0000E+00  1.6500E+01  0.0000E+00  9.0239E+00  0.0000E+00  1.5774E+00  0.0000E+00  1.6500E+01  2.8902E+01  0.0000E+00  0.0000E+00
  1.2000E+01  8.0000E+00  0.0000E+00  8.9500E+00  0.0000E+00  9.3678E+00  0.0000E+00 -8.4916E-02  0.0000E+00  8.9500E+00  2.2244E+01  0.0000E+00  0.0000E+00
  1.2000E+01  1.2000E+01  0.0000E+00  9.3700E+00  0.0000E+00  7.3193E+00  0.0000E+00  5.3344E-01  0.0000E+00  9.3700E+00  9.4704E+00  0.0000E+00  0.0000E+00
  1.2000E+01  2.4000E+01  0.0000E+00  1.8200E+00  0.0000E+00  1.8274E+00  0.0000E+00 -7.7446E-03  0.0000E+00  1.8200E+00  6.7750E-01  0.0000E+00  0.0000E+00
  1.3000E+01  0.0000E+00  6.6900E+04  0.0000E+00  1.0000E+00  0.0000E+00  0.0000E+00  0.0000E+00  0.0000E+00  0.0000E+00  1.0000E+00  0.0000E+00  0.0000E+00
  1.3000E+01  0.0000E+00  6.6900E+04  0.0000E+00  1.0000E+00  0.0000E+00  0.0000E+00  0.0000E+00  0.0000E+00  0.0000E+00  1.0000E+00  0.0000E+00  0.0000E+00
  1.3000E+01  0.0000E+00  0.0000E+00  0.0000E+00  0.0000E+00  0.0000E+00  0.0000E+00  0.0000E+00  0.0000E+00  0.0000E+00  1.0000E+00  0.0000E+00  0.0000E+00
  1.3000E+01  2.5000E-01  0.0000E+00  2.8600E+00  0.0000E+00  2.2369E+00  0.0000E+00  5.3038E-01  0.0000E+00  2.8600E+00  5.9451E+00  0.0000E+00  0.0000E+00
  1.3000E+01  5.0000E-01  0.0000E+00  5.9700E+00  0.0000E+00  4.2955E+00  0.0000E+00  7.4219E-01  0.0000E+00  5.9700E+00  1.0962E+01  0.0000E+00  0.0000E+00
  1.3000E+01  1.0000E+00  0.0000E+00  9.6700E+00  0.0000E+00  7.9351E+00  0.0000E+00  4.1629E-01  0.0000E+00  9.6700E+00  1.8774E+01  0.0000E+00  0.0000E+00
  1.3000E+01  2.0000E+00  0.0000E+00  8.9800E+00  0.0000E+00  1.3639E+01  0.0000E+00 -6.5041E-01  0.0000E+00  8.9800E+00  2.8342E+01  0.0000E+00  0.0000E+00
  1.3000E+01  4.0000E+00  0.0000E+00  1.7100E+01  0.0000E+00  1.3407E+01  0.0000E+00  5.2447E-01  0.0000E+00  1.7100E+01  1.8412E+01  0.0000E+00  0.0000E+00
  1.3000E+01  6.0000E+00  0.0000E+00  2.7500E+01  0.0000E+00  1.9356E+01  0.0000E+00  8.0110E-01  0.0000E+00  2.7500E+01  2.9978E+01  0.0000E+00  0.0000E+00
  1.3000E+01  8.0000E+00  0.0000E+00  1.5000E+01  0.0000E+00  1.7515E+01  0.0000E+00 -2.7344E-01  0.0000E+00  1.5000E+01  2.3071E+01  0.0000E+00  0.0000E+00
  1.3000E+01  1.2000E+01  0.0000E+00  7.1400E+00  0.0000E+00  9.9125E+00  0.0000E+00 -5.3254E-01  0.0000E+00  7.1400E+00  9.8228E+00  0.0000E+00  0.0000E+00
  1.3000E+01  2.4000E+01  0.0000E+00  1.4000E+00  0.0000E+00  9.8083E-01  0.0000E+00  8.1367E-01  0.0000E+00  1.4000E+00  7.0270E-01  0.0000E+00  0.0000E+00
  1.4000E+01  0.0000E+00  7.7400E+04  0.0000E+00  1.0000E+00  0.0000E+00  0.0000E+00  0.0000E+00  0.0000E+00  0.0000E+00  1.0000E+00  0.0000E+00  0.0000E+00
  1.4000E+01  0.0000E+00  7.7400E+04  0.0000E+00  1.0000E+00  0.0000E+00  0.0000E+00  0.0000E+00  0.0000E+00  0.0000E+00  1.0000E+00  0.0000E+00  0.0000E+00
  1.4000E+01  0.0000E+00  0.0000E+00  0.0000E+00  0.0000E+00  0.0000E+00  0.0000E+00  0.0000E+00  0.0000E+00  0.0000E+00  1.0000E+00  0.0000E+00  0.0000E+00
  1.4000E+01  2.5000E-01  0.0000E+00  0.0000E+00  0.0000E+00  1.0723E+00  0.0000E+00 -1.9040E+00  0.0000E+00  0.0000E+00  5.1853E-02  0.0000E+00  0.0000E+00
  1.4000E+01  5.0000E-01  0.0000E+00  0.0000E+00  0.0000E+00  2.0847E+00  0.0000E+00 -1.9040E+00  0.0000E+00  0.0000E+00  3.9729E-02  0.0000E+00  0.0000E+00
  1.4000E+01  1.0000E+00  0.0000E+00  5.9400E+00  0.0000E+00  3.9436E+00  0.0000E+00  9.6389E-01  0.0000E+00  5.9400E+00  2.1720E+01  0.0000E+00  0.0000E+00
  1.4000E+01  2.0000E+00  0.0000E+00  9.3600E+00  0.0000E+00  7.0819E+00  0.0000E+00  6.1248E-01  0.0000E+00  9.3600E+00  3.2791E+01  0.0000E+00  0.0000E+00
  1.4000E+01  4.0000E+00  0.0000E+00  8.7400E+00  0.0000E+00  7.9518E+00  0.0000E+00  1.8871E-01  0.0000E+00  8.7400E+00  2.1302E+01  0.0000E+00  0.0000E+00
  1.4000E+01  6.0000E+00  0.0000E+00  1.6700E+01  0.0000E+00  1.1532E+01  0.0000E+00  8.5332E-01  0.0000E+00  1.6700E+01  3.4683E+01  0.0000E+00  0.0000E+00
  1.4000E+01  8.0000E+00  0.0000E+00  8.7500E+00  0.0000E+00  1.1221E+01  0.0000E+00 -4.1922E-01  0.0000E+00  8.7500E+00  2.6692E+01  0.0000E+00  0.0000E+00
  1.4000E+01  1.2000E+01  0.0000E+00  3.6200E+00  0.0000E+00  7.4964E+00  0.0000E+00 -9.8454E-01  0.0000E+00  3.6200E+00  1.1364E+01  0.0000E+00  0.0000E+00
  1.4000E+01  2.4000E+01  0.0000E+00  1.4600E+00  0.0000E+00  1.1274E+00  0.0000E+00  5.6161E-01  0.0000E+00  1.4600E+00  8.1299E-01  0.0000E+00  0.0000E+00
  1.5000E+01  0.0000E+00  2.2700E+05  0.0000E+00  1.0000E+00  0.0000E+00  0.0000E+00  0.0000E+00  0.0000E+00  0.0000E+00  1.0000E+00  0.0000E+00  0.0000E+00
  1.5000E+01  0.0000E+00  2.2700E+05  0.0000E+00  1.0000E+00  0.0000E+00  0.0000E+00  0.0000E+00  0.0000E+00  0.0000E+00  1.0000E+00  0.0000E+00  0.0000E+00
  1.5000E+01  0.0000E+00  0.0000E+00  0.0000E+00  0.0000E+00  0.0000E+00  0.0000E+00  0.0000E+00  0.0000E+00  0.0000E+00  1.0000E+00  0.0000E+00  0.0000E+00
  1.5000E+01  2.5000E-01  0.0000E+00  1.1600E+01  0.0000E+00  1.5522E+01  0.0000E+00 -4.8105E-01  0.0000E+00  1.1600E+01  2.0172E+01  0.0000E+00  0.0000E+00
  1.5000E+01  5.0000E-01  0.0000E+00  4.0600E+01  0.0000E+00  2.8069E+01  0.0000E+00  8.4998E-01  0.0000E+00  4.0600E+01  3.7195E+01  0.0000E+00  0.0000E+00
  1.5000E+01  1.0000E+00  0.0000E+00  7.2100E+01  0.0000E+00  4.6431E+01  0.0000E+00  1.0526E+00  0.0000E+00  7.2100E+01  6.3701E+01  0.0000E+00  0.0000E+00
  1.5000E+01  2.0000E+00  0.0000E+00  3.9700E+01  0.0000E+00  6.6402E+01  0.0000E+00 -7.6564E-01  0.0000E+00  3.9700E+01  9.6169E+01  0.0000E+00  0.0000E+00
  1.5000E+01  4.0000E+00  0.0000E+00  4.5700E+01  0.0000E+00  3.5830E+01  0.0000E+00  5.2447E-01  0.0000E+00  4.5700E+01  6.2474E+01  0.0000E+00  0.0000E+00
  1.5000E+01  6.0000E+00  0.0000E+00  6.1800E+01  0.0000E+00  6.4922E+01  0.0000E+00 -9.1571E-02  0.0000E+00  6.1800E+01  1.0172E+02  0.0000E+00  0.0000E+00
  1.5000E+01  8.0000E+00  0.0000E+00  5.6100E+01  0.0000E+00  4.7400E+01  0.0000E+00  3.4945E-01  0.0000E+00  5.6100E+01  7.8284E+01  0.0000E+00  0.0000E+00
  1.5000E+01  1.2000E+01  0.0000E+00  2.7000E+01  0.0000E+00  1.9127E+01  0.0000E+00  7.8372E-01  0.0000E+00  2.7000E+01  3.3330E+01  0.0000E+00  0.0000E+00
  1.5000E+01  2.4000E+01  0.0000E+00  5.0000E-01  0.0000E+00  1.3469E+00  0.0000E+00 -1.1972E+00  1.0000E+00  5.0000E-01  1.3448E-01  0.0000E+00  0.0000E+00
  1.6000E+01  0.0000E+00  2.1500E+05  0.0000E+00  1.0000E+00  0.0000E+00  0.0000E+00  0.0000E+00  0.0000E+00  0.0000E+00  1.0000E+00  0.0000E+00  0.0000E+00
  1.6000E+01  0.0000E+00  2.1500E+05  0.0000E+00  1.0000E+00  0.0000E+00  0.0000E+00  0.0000E+00  0.0000E+00  0.0000E+00  1.0000E+00  0.0000E+00  0.0000E+00
  1.6000E+01  0.0000E+00  0.0000E+00  0.0000E+00  0.0000E+00  0.0000E+00  0.0000E+00  0.0000E+00  0.0000E+00  0.0000E+00  1.0000E+00  0.0000E+00  0.0000E+00
  1.6000E+01  2.5000E-01  0.0000E+00  6.4700E+00  0.0000E+00  3.0868E+01  0.0000E+00 -1.5049E+00  0.0000E+00  6.4700E+00  1.9106E+01  0.0000E+00  0.0000E+00
  1.6000E+01  5.0000E-01  0.0000E+00  1.1400E+01  0.0000E+00  5.7774E+01  0.0000E+00 -1.5283E+00  0.0000E+00  1.1400E+01  3.5229E+01  0.0000E+00  0.0000E+00
  1.6000E+01  1.0000E+00  0.0000E+00  1.5500E+02  0.0000E+00  1.0169E+02  0.0000E+00  9.9811E-01  0.0000E+00  1.5500E+02  6.0334E+01  0.0000E+00  0.0000E+00
  1.6000E+01  2.0000E+00  0.0000E+00  1.9400E+02  0.0000E+00  1.6061E+02  0.0000E+00  3.9584E-01  0.0000E+00  1.9400E+02  9.1085E+01  0.0000E+00  0.0000E+00
  1.6000E+01  4.0000E+00  0.0000E+00  8.8000E+01  0.0000E+00  1.2100E+02  0.0000E+00 -5.1923E-01  0.0000E+00  8.8000E+01  5.9171E+01  0.0000E+00  0.0000E+00
  1.6000E+01  6.0000E+00  0.0000E+00  3.2400E+02  0.0000E+00  1.8474E+02  0.0000E+00  1.4351E+00  0.0000E+00  3.2400E+02  9.6341E+01  0.0000E+00  0.0000E+00
  1.6000E+01  8.0000E+00  0.0000E+00  2.5300E+02  0.0000E+00  1.4938E+02  0.0000E+00  1.3208E+00  0.0000E+00  2.5300E+02  7.4146E+01  0.0000E+00  0.0000E+00
  1.6000E+01  1.2000E+01  0.0000E+00  7.2500E+01  0.0000E+00  6.8157E+01  0.0000E+00  1.2133E-01  0.0000E+00  7.2500E+01  3.1568E+01  0.0000E+00  0.0000E+00
  1.6000E+01  2.4000E+01  0.0000E+00  5.0000E-01  0.0000E+00  5.0613E+00  0.0000E+00 -1.7159E+00  1.0000E+00  5.0000E-01  1.4437E-01  0.0000E+00  0.0000E+00
  1.7000E+01  0.0000E+00  2.4900E+05  0.0000E+00  1.0000E+00  0.0000E+00  0.0000E+00  0.0000E+00  0.0000E+00  0.0000E+00  1.0000E+00  0.0000E+00  0.0000E+00
  1.7000E+01  0.0000E+00  2.4900E+05  0.0000E+00  1.0000E+00  0.0000E+00  0.0000E+00  0.0000E+00  0.0000E+00  0.0000E+00  1.0000E+00  0.0000E+00  0.0000E+00
  1.7000E+01  0.0000E+00  0.0000E+00  0.0000E+00  0.0000E+00  0.0000E+00  0.0000E+00  0.0000E+00  0.0000E+00  0.0000E+00  1.0000E+00  0.0000E+00  0.0000E+00
  1.7000E+01  2.5000E-01  0.0000E+00  1.0800E+01  0.0000E+00  1.0106E+01  0.0000E+00  1.3080E-01  0.0000E+00  1.0800E+01  2.2128E+01  0.0000E+00  0.0000E+00
  1.7000E+01  5.0000E-01  0.0000E+00  1.7400E+01  0.0000E+00  1.9162E+01  0.0000E+00 -1.7507E-01  0.0000E+00  1.7400E+01  4.0800E+01  0.0000E+00  0.0000E+00
  1.7000E+01  1.0000E+00  0.0000E+00  4.2300E+01  0.0000E+00  3.4557E+01  0.0000E+00  4.2661E-01  0.0000E+00  4.2300E+01  6.9875E+01  0.0000E+00  0.0000E+00
  1.7000E+01  2.0000E+00  0.0000E+00  4.8500E+01  0.0000E+00  5.6907E+01  0.0000E+00 -2.8127E-01  0.0000E+00  4.8500E+01  1.0549E+02  0.0000E+00  0.0000E+00
  1.7000E+01  4.0000E+00  0.0000E+00  5.4500E+01  0.0000E+00  4.8967E+01  0.0000E+00  2.1514E-01  0.0000E+00  5.4500E+01  6.8529E+01  0.0000E+00  0.0000E+00
  1.7000E+01  6.0000E+00  0.0000E+00  1.3500E+02  0.0000E+00  7.1953E+01  0.0000E+00  1.6683E+00  0.0000E+00  1.3500E+02  1.1158E+02  0.0000E+00  0.0000E+00
  1.7000E+01  8.0000E+00  0.0000E+00  6.3900E+01  0.0000E+00  6.1261E+01  0.0000E+00  8.2017E-02  0.0000E+00  6.3900E+01  8.5871E+01  0.0000E+00  0.0000E+00
  1.7000E+01  1.2000E+01  0.0000E+00  3.6300E+01  0.0000E+00  3.0590E+01  0.0000E+00  3.5538E-01  0.0000E+00  3.6300E+01  3.6560E+01  0.0000E+00  0.0000E+00
  1.7000E+01  2.4000E+01  0.0000E+00  5.0000E-01  0.0000E+00  2.4708E+00  0.0000E+00 -1.5187E+00  1.0000E+00  5.0000E-01  1.1980E-01  0.0000E+00  0.0000E+00
