TABLE NO.  2
 ID          CL          V2          V3          Q           KA          F1          DOSE
  1.0000E+00  4.7468E+00  4.3546E+00  1.3404E+00  2.5213E-01  7.0847E-01  1.3135E-03  1.2500E+01
  1.0000E+00  4.7468E+00  4.3546E+00  1.3404E+00  2.5213E-01  7.0847E-01  1.3135E-03  1.2500E+01
  1.0000E+00  4.7468E+00  4.3546E+00  1.3404E+00  2.5213E-01  7.0847E-01  1.3135E-03  1.2500E+01
  1.0000E+00  4.7468E+00  4.3546E+00  1.3404E+00  2.5213E-01  7.0847E-01  1.3135E-03  1.2500E+01
  1.0000E+00  4.7468E+00  4.3546E+00  1.3404E+00  2.5213E-01  7.0847E-01  1.3135E-03  1.2500E+01
  1.0000E+00  4.7468E+00  4.3546E+00  1.3404E+00  2.5213E-01  7.0847E-01  1.3135E-03  1.2500E+01
  1.0000E+00  4.7468E+00  4.3546E+00  1.3404E+00  2.5213E-01  7.0847E-01  1.3135E-03  1.2500E+01
  1.0000E+00  4.7468E+00  4.3546E+00  1.3404E+00  2.5213E-01  7.0847E-01  1.3135E-03  1.2500E+01
  1.0000E+00  4.7468E+00  4.3546E+00  1.3404E+00  2.5213E-01  7.0847E-01  1.3135E-03  1.2500E+01
  1.0000E+00  4.7468E+00  4.3546E+00  1.3404E+00  2.5213E-01  7.0847E-01  1.3135E-03  1.2500E+01
  1.0000E+00  4.7468E+00  4.3546E+00  1.3404E+00  2.5213E-01  7.0847E-01  1.3135E-03  1.2500E+01
  1.0000E+00  4.7468E+00  4.3546E+00  1.3404E+00  2.5213E-01  7.0847E-01  1.3135E-03  1.2500E+01
  1.0000E+00  4.7468E+00  4.3546E+00  1.3404E+00  2.5213E-01  7.0847E-01  1.3135E-03  1.2500E+01
  2.0000E+00  4.7468E+00  1.1721E+01  1.3404E+00  2.5213E-01  7.0847E-01  1.8580E-03  1.2500E+01
  2.0000E+00  4.7468E+00  1.1721E+01  1.3404E+00  2.5213E-01  7.0847E-01  1.8580E-03  1.2500E+01
  2.0000E+00  4.7468E+00  1.1721E+01  1.3404E+00  2.5213E-01  7.0847E-01  1.8580E-03  1.2500E+01
  2.0000E+00  4.7468E+00  1.1721E+01  1.3404E+00  2.5213E-01  7.0847E-01  1.8580E-03  1.2500E+01
  2.0000E+00  4.7468E+00  1.1721E+01  1.3404E+00  2.5213E-01  7.0847E-01  1.8580E-03  1.2500E+01
  2.0000E+00  4.7468E+00  1.1721E+01  1.3404E+00  2.5213E-01  7.0847E-01  1.8580E-03  1.2500E+01
  2.0000E+00  4.7468E+00  1.1721E+01  1.3404E+00  2.5213E-01  7.0847E-01  1.8580E-03  1.2500E+01
  2.0000E+00  4.7468E+00  1.1721E+01  1.3404E+00  2.5213E-01  7.0847E-01  1.8580E-03  1.2500E+01
  2.0000E+00  4.7468E+00  1.1721E+01  1.3404E+00  2.5213E-01  7.0847E-01  1.8580E-03  1.2500E+01
  2.0000E+00  4.7468E+00  1.1721E+01  1.3404E+00  2.5213E-01  7.0847E-01  1.8580E-03  1.2500E+01
  2.0000E+00  4.7468E+00  1.1721E+01  1.3404E+00  2.5213E-01  7.0847E-01  1.8580E-03  1.2500E+01
  2.0000E+00  4.7468E+00  1.1721E+01  1.3404E+00  2.5213E-01  7.0847E-01  1.8580E-03  1.2500E+01
  2.0000E+00  4.7468E+00  1.1721E+01  1.3404E+00  2.5213E-01  7.0847E-01  1.8580E-03  1.2500E+01
  3.0000E+00  4.7468E+00  3.0544E+00  1.3405E+00  2.5213E-01  7.0847E-01  1.0000E+00  2.5000E+00
  3.0000E+00  4.7468E+00  3.0544E+00  1.3405E+00  2.5213E-01  7.0847E-01  1.0000E+00  2.5000E+00
  3.0000E+00  4.7468E+00  3.0544E+00  1.3405E+00  2.5213E-01  7.0847E-01  1.0000E+00  2.5000E+00
  3.0000E+00  4.7468E+00  3.0544E+00  1.3405E+00  2.5213E-01  7.0847E-01  1.0000E+00  2.5000E+00
  3.0000E+00  4.7468E+00  3.0544E+00  1.3405E+00  2.5213E-01  7.0847E-01  1.0000E+00  2.5000E+00
  3.0000E+00  4.7468E+00  3.0544E+00  1.3405E+00  2.5213E-01  7.0847E-01  1.0000E+00  2.5000E+00
  3.0000E+00  4.7468E+00  3.0544E+00  1.3405E+00  2.5213E-01  7.0847E-01  1.0000E+00  2.5000E+00
  3.0000E+00  4.7468E+00  3.0544E+00  1.3405E+00  2.5213E-01  7.0847E-01  1.0000E+00  2.5000E+00
  3.0000E+00  4.7468E+00  3.0544E+00  1.3405E+00  2.5213E-01  7.0847E-01  1.0000E+00  2.5000E+00
  3.0000E+00  4.7468E+00  3.0544E+00  1.3405E+00  2.5213E-01  7.0847E-01  1.0000E+00  2.5000E+00
  3.0000E+00  4.7468E+00  3.0544E+00  1.3405E+00  2.5213E-01  7.0847E-01  1.0000E+00  2.5000E+00
  3.0000E+00  4.7468E+00  3.0544E+00  1.3405E+00  2.5213E-01  7.0847E-01  1.0000E+00  2.5000E+00
  4.0000E+00  4.7468E+00  2.4897E+00  1.3404E+00  2.5213E-01  7.0847E-01  1.0000E+00  2.5000E+00
  4.0000E+00  4.7468E+00  2.4897E+00  1.3404E+00  2.5213E-01  7.0847E-01  1.0000E+00  2.5000E+00
  4.0000E+00  4.7468E+00  2.4897E+00  1.3404E+00  2.5213E-01  7.0847E-01  1.0000E+00  2.5000E+00
  4.0000E+00  4.7468E+00  2.4897E+00  1.3404E+00  2.5213E-01  7.0847E-01  1.0000E+00  2.5000E+00
  4.0000E+00  4.7468E+00  2.4897E+00  1.3404E+00  2.5213E-01  7.0847E-01  1.0000E+00  2.5000E+00
  4.0000E+00  4.7468E+00  2.4897E+00  1.3404E+00  2.5213E-01  7.0847E-01  1.0000E+00  2.5000E+00
  4.0000E+00  4.7468E+00  2.4897E+00  1.3404E+00  2.5213E-01  7.0847E-01  1.0000E+00  2.5000E+00
  4.0000E+00  4.7468E+00  2.4897E+00  1.3404E+00  2.5213E-01  7.0847E-01  1.0000E+00  2.5000E+00
  4.0000E+00  4.7468E+00  2.4897E+00  1.3404E+00  2.5213E-01  7.0847E-01  1.0000E+00  2.5000E+00
  4.0000E+00  4.7468E+00  2.4897E+00  1.3404E+00  2.5213E-01  7.0847E-01  1.0000E+00  2.5000E+00
  4.0000E+00  4.7468E+00  2.4897E+00  1.3404E+00  2.5213E-01  7.0847E-01  1.0000E+00  2.5000E+00
  4.0000E+00  4.7468E+00  2.4897E+00  1.3404E+00  2.5213E-01  7.0847E-01  1.0000E+00  2.5000E+00
  5.0000E+00  4.7468E+00  2.5667E+00  1.3404E+00  2.5213E-01  7.0847E-01  1.0000E+00  2.5000E+00
  5.0000E+00  4.7468E+00  2.5667E+00  1.3404E+00  2.5213E-01  7.0847E-01  1.0000E+00  2.5000E+00
  5.0000E+00  4.7468E+00  2.5667E+00  1.3404E+00  2.5213E-01  7.0847E-01  1.0000E+00  2.5000E+00
  5.0000E+00  4.7468E+00  2.5667E+00  1.3404E+00  2.5213E-01  7.0847E-01  1.0000E+00  2.5000E+00
  5.0000E+00  4.7468E+00  2.5667E+00  1.3404E+00  2.5213E-01  7.0847E-01  1.0000E+00  2.5000E+00
  5.0000E+00  4.7468E+00  2.5667E+00  1.3404E+00  2.5213E-01  7.0847E-01  1.0000E+00  2.5000E+00
  5.0000E+00  4.7468E+00  2.5667E+00  1.3404E+00  2.5213E-01  7.0847E-01  1.0000E+00  2.5000E+00
  5.0000E+00  4.7468E+00  2.5667E+00  1.3404E+00  2.5213E-01  7.0847E-01  1.0000E+00  2.5000E+00
  5.0000E+00  4.7468E+00  2.5667E+00  1.3404E+00  2.5213E-01  7.0847E-01  1.0000E+00  2.5000E+00
  5.0000E+00  4.7468E+00  2.5667E+00  1.3404E+00  2.5213E-01  7.0847E-01  1.0000E+00  2.5000E+00
  5.0000E+00  4.7468E+00  2.5667E+00  1.3404E+00  2.5213E-01  7.0847E-01  1.0000E+00  2.5000E+00
  5.0000E+00  4.7468E+00  2.5667E+00  1.3404E+00  2.5213E-01  7.0847E-01  1.0000E+00  2.5000E+00
  6.0000E+00  4.7468E+00  4.1791E+00  1.3404E+00  2.5213E-01  7.0847E-01  2.0724E-03  1.0000E+01
  6.0000E+00  4.7468E+00  4.1791E+00  1.3404E+00  2.5213E-01  7.0847E-01  2.0724E-03  1.0000E+01
  6.0000E+00  4.7468E+00  4.1791E+00  1.3404E+00  2.5213E-01  7.0847E-01  2.0724E-03  1.0000E+01
  6.0000E+00  4.7468E+00  4.1791E+00  1.3404E+00  2.5213E-01  7.0847E-01  2.0724E-03  1.0000E+01
  6.0000E+00  4.7468E+00  4.1791E+00  1.3404E+00  2.5213E-01  7.0847E-01  2.0724E-03  1.0000E+01
  6.0000E+00  4.7468E+00  4.1791E+00  1.3404E+00  2.5213E-01  7.0847E-01  2.0724E-03  1.0000E+01
  6.0000E+00  4.7468E+00  4.1791E+00  1.3404E+00  2.5213E-01  7.0847E-01  2.0724E-03  1.0000E+01
  6.0000E+00  4.7468E+00  4.1791E+00  1.3404E+00  2.5213E-01  7.0847E-01  2.0724E-03  1.0000E+01
  6.0000E+00  4.7468E+00  4.1791E+00  1.3404E+00  2.5213E-01  7.0847E-01  2.0724E-03  1.0000E+01
  6.0000E+00  4.7468E+00  4.1791E+00  1.3404E+00  2.5213E-01  7.0847E-01  2.0724E-03  1.0000E+01
  6.0000E+00  4.7468E+00  4.1791E+00  1.3404E+00  2.5213E-01  7.0847E-01  2.0724E-03  1.0000E+01
  6.0000E+00  4.7468E+00  4.1791E+00  1.3404E+00  2.5213E-01  7.0847E-01  2.0724E-03  1.0000E+01
  7.0000E+00  4.7468E+00  3.2771E+00  1.3404E+00  2.5213E-01  7.0847E-01  2.8013E-03  1.0000E+01
  7.0000E+00  4.7468E+00  3.2771E+00  1.3404E+00  2.5213E-01  7.0847E-01  2.8013E-03  1.0000E+01
  7.0000E+00  4.7468E+00  3.2771E+00  1.3404E+00  2.5213E-01  7.0847E-01  2.8013E-03  1.0000E+01
  7.0000E+00  4.7468E+00  3.2771E+00  1.3404E+00  2.5213E-01  7.0847E-01  2.8013E-03  1.0000E+01
  7.0000E+00  4.7468E+00  3.2771E+00  1.3404E+00  2.5213E-01  7.0847E-01  2.8013E-03  1.0000E+01
  7.0000E+00  4.7468E+00  3.2771E+00  1.3404E+00  2.5213E-01  7.0847E-01  2.8013E-03  1.0000E+01
  7.0000E+00  4.7468E+00  3.2771E+00  1.3404E+00  2.5213E-01  7.0847E-01  2.8013E-03  1.0000E+01
  7.0000E+00  4.7468E+00  3.2771E+00  1.3404E+00  2.5213E-01  7.0847E-01  2.8013E-03  1.0000E+01
  7.0000E+00  4.7468E+00  3.2771E+00  1.3404E+00  2.5213E-01  7.0847E-01  2.8013E-03  1.0000E+01
  7.0000E+00  4.7468E+00  3.2771E+00  1.3404E+00  2.5213E-01  7.0847E-01  2.8013E-03  1.0000E+01
  7.0000E+00  4.7468E+00  3.2771E+00  1.3404E+00  2.5213E-01  7.0847E-01  2.8013E-03  1.0000E+01
  7.0000E+00  4.7468E+00  3.2771E+00  1.3404E+00  2.5213E-01  7.0847E-01  2.8013E-03  1.0000E+01
  8.0000E+00  4.7468E+00  1.0773E+00  1.3404E+00  2.5213E-01  7.0847E-01  2.1357E-03  1.0000E+01
  8.0000E+00  4.7468E+00  1.0773E+00  1.3404E+00  2.5213E-01  7.0847E-01  2.1357E-03  1.0000E+01
  8.0000E+00  4.7468E+00  1.0773E+00  1.3404E+00  2.5213E-01  7.0847E-01  2.1357E-03  1.0000E+01
  8.0000E+00  4.7468E+00  1.0773E+00  1.3404E+00  2.5213E-01  7.0847E-01  2.1357E-03  1.0000E+01
  8.0000E+00  4.7468E+00  1.0773E+00  1.3404E+00  2.5213E-01  7.0847E-01  2.1357E-03  1.0000E+01
  8.0000E+00  4.7468E+00  1.0773E+00  1.3404E+00  2.5213E-01  7.0847E-01  2.1357E-03  1.0000E+01
  8.0000E+00  4.7468E+00  1.0773E+00  1.3404E+00  2.5213E-01  7.0847E-01  2.1357E-03  1.0000E+01
  8.0000E+00  4.7468E+00  1.0773E+00  1.3404E+00  2.5213E-01  7.0847E-01  2.1357E-03  1.0000E+01
  8.0000E+00  4.7468E+00  1.0773E+00  1.3404E+00  2.5213E-01  7.0847E-01  2.1357E-03  1.0000E+01
  8.0000E+00  4.7468E+00  1.0773E+00  1.3404E+00  2.5213E-01  7.0847E-01  2.1357E-03  1.0000E+01
  8.0000E+00  4.7468E+00  1.0773E+00  1.3404E+00  2.5213E-01  7.0847E-01  2.1357E-03  1.0000E+01
  8.0000E+00  4.7468E+00  1.0773E+00  1.3404E+00  2.5213E-01  7.0847E-01  2.1357E-03  1.0000E+01
  9.0000E+00  4.7468E+00  5.5828E-01  1.3404E+00  2.5213E-01  7.0847E-01  5.9146E-03  3.0000E+01
  9.0000E+00  4.7468E+00  5.5828E-01  1.3404E+00  2.5213E-01  7.0847E-01  5.9146E-03  3.0000E+01
  9.0000E+00  4.7468E+00  5.5828E-01  1.3404E+00  2.5213E-01  7.0847E-01  5.9146E-03  3.0000E+01
  9.0000E+00  4.7468E+00  5.5828E-01  1.3404E+00  2.5213E-01  7.0847E-01  5.9146E-03  3.0000E+01
  9.0000E+00  4.7468E+00  5.5828E-01  1.3404E+00  2.5213E-01  7.0847E-01  5.9146E-03  3.0000E+01
  9.0000E+00  4.7468E+00  5.5828E-01  1.3404E+00  2.5213E-01  7.0847E-01  5.9146E-03  3.0000E+01
  9.0000E+00  4.7468E+00  5.5828E-01  1.3404E+00  2.5213E-01  7.0847E-01  5.9146E-03  3.0000E+01
  9.0000E+00  4.7468E+00  5.5828E-01  1.3404E+00  2.5213E-01  7.0847E-01  5.9146E-03  3.0000E+01
  9.0000E+00  4.7468E+00  5.5828E-01  1.3404E+00  2.5213E-01  7.0847E-01  5.9146E-03  3.0000E+01
  9.0000E+00  4.7468E+00  5.5828E-01  1.3404E+00  2.5213E-01  7.0847E-01  5.9146E-03  3.0000E+01
  9.0000E+00  4.7468E+00  5.5828E-01  1.3404E+00  2.5213E-01  7.0847E-01  5.9146E-03  3.0000E+01
  9.0000E+00  4.7468E+00  5.5828E-01  1.3404E+00  2.5213E-01  7.0847E-01  5.9146E-03  3.0000E+01
  1.0000E+01  4.7468E+00  5.9620E+00  1.3404E+00  2.5213E-01  7.0847E-01  5.0636E-03  3.0000E+01
  1.0000E+01  4.7468E+00  5.9620E+00  1.3404E+00  2.5213E-01  7.0847E-01  5.0636E-03  3.0000E+01
  1.0000E+01  4.7468E+00  5.9620E+00  1.3404E+00  2.5213E-01  7.0847E-01  5.0636E-03  3.0000E+01
  1.0000E+01  4.7468E+00  5.9620E+00  1.3404E+00  2.5213E-01  7.0847E-01  5.0636E-03  3.0000E+01
  1.0000E+01  4.7468E+00  5.9620E+00  1.3404E+00  2.5213E-01  7.0847E-01  5.0636E-03  3.0000E+01
  1.0000E+01  4.7468E+00  5.9620E+00  1.3404E+00  2.5213E-01  7.0847E-01  5.0636E-03  3.0000E+01
  1.0000E+01  4.7468E+00  5.9620E+00  1.3404E+00  2.5213E-01  7.0847E-01  5.0636E-03  3.0000E+01
  1.0000E+01  4.7468E+00  5.9620E+00  1.3404E+00  2.5213E-01  7.0847E-01  5.0636E-03  3.0000E+01
  1.0000E+01  4.7468E+00  5.9620E+00  1.3404E+00  2.5213E-01  7.0847E-01  5.0636E-03  3.0000E+01
  1.0000E+01  4.7468E+00  5.9620E+00  1.3404E+00  2.5213E-01  7.0847E-01  5.0636E-03  3.0000E+01
  1.0000E+01  4.7468E+00  5.9620E+00  1.3404E+00  2.5213E-01  7.0847E-01  5.0636E-03  3.0000E+01
  1.0000E+01  4.7468E+00  5.9620E+00  1.3404E+00  2.5213E-01  7.0847E-01  5.0636E-03  3.0000E+01
  1.1000E+01  4.7468E+00  5.1800E+00  1.3404E+00  2.5213E-01  7.0847E-01  4.7059E-03  3.0000E+01
  1.1000E+01  4.7468E+00  5.1800E+00  1.3404E+00  2.5213E-01  7.0847E-01  4.7059E-03  3.0000E+01
  1.1000E+01  4.7468E+00  5.1800E+00  1.3404E+00  2.5213E-01  7.0847E-01  4.7059E-03  3.0000E+01
  1.1000E+01  4.7468E+00  5.1800E+00  1.3404E+00  2.5213E-01  7.0847E-01  4.7059E-03  3.0000E+01
  1.1000E+01  4.7468E+00  5.1800E+00  1.3404E+00  2.5213E-01  7.0847E-01  4.7059E-03  3.0000E+01
  1.1000E+01  4.7468E+00  5.1800E+00  1.3404E+00  2.5213E-01  7.0847E-01  4.7059E-03  3.0000E+01
  1.1000E+01  4.7468E+00  5.1800E+00  1.3404E+00  2.5213E-01  7.0847E-01  4.7059E-03  3.0000E+01
  1.1000E+01  4.7468E+00  5.1800E+00  1.3404E+00  2.5213E-01  7.0847E-01  4.7059E-03  3.0000E+01
  1.1000E+01  4.7468E+00  5.1800E+00  1.3404E+00  2.5213E-01  7.0847E-01  4.7059E-03  3.0000E+01
  1.1000E+01  4.7468E+00  5.1800E+00  1.3404E+00  2.5213E-01  7.0847E-01  4.7059E-03  3.0000E+01
  1.1000E+01  4.7468E+00  5.1800E+00  1.3404E+00  2.5213E-01  7.0847E-01  4.7059E-03  3.0000E+01
  1.1000E+01  4.7468E+00  5.1800E+00  1.3404E+00  2.5213E-01  7.0847E-01  4.7059E-03  3.0000E+01
  1.2000E+01  4.7468E+00  3.1425E+01  1.3404E+00  2.5213E-01  7.0847E-01  1.4197E-03  3.0000E+01
  1.2000E+01  4.7468E+00  3.1425E+01  1.3404E+00  2.5213E-01  7.0847E-01  1.4197E-03  3.0000E+01
  1.2000E+01  4.7468E+00  3.1425E+01  1.3404E+00  2.5213E-01  7.0847E-01  1.4197E-03  3.0000E+01
  1.2000E+01  4.7468E+00  3.1425E+01  1.3404E+00  2.5213E-01  7.0847E-01  1.4197E-03  3.0000E+01
  1.2000E+01  4.7468E+00  3.1425E+01  1.3404E+00  2.5213E-01  7.0847E-01  1.4197E-03  3.0000E+01
  1.2000E+01  4.7468E+00  3.1425E+01  1.3404E+00  2.5213E-01  7.0847E-01  1.4197E-03  3.0000E+01
  1.2000E+01  4.7468E+00  3.1425E+01  1.3404E+00  2.5213E-01  7.0847E-01  1.4197E-03  3.0000E+01
  1.2000E+01  4.7468E+00  3.1425E+01  1.3404E+00  2.5213E-01  7.0847E-01  1.4197E-03  3.0000E+01
  1.2000E+01  4.7468E+00  3.1425E+01  1.3404E+00  2.5213E-01  7.0847E-01  1.4197E-03  3.0000E+01
  1.2000E+01  4.7468E+00  3.1425E+01  1.3404E+00  2.5213E-01  7.0847E-01  1.4197E-03  3.0000E+01
  1.2000E+01  4.7468E+00  3.1425E+01  1.3404E+00  2.5213E-01  7.0847E-01  1.4197E-03  3.0000E+01
  1.2000E+01  4.7468E+00  3.1425E+01  1.3404E+00  2.5213E-01  7.0847E-01  1.4197E-03  3.0000E+01
  1.3000E+01  4.7468E+00  1.4727E+01  1.3404E+00  2.5213E-01  7.0847E-01  3.0433E-03  3.0000E+01
  1.3000E+01  4.7468E+00  1.4727E+01  1.3404E+00  2.5213E-01  7.0847E-01  3.0433E-03  3.0000E+01
  1.3000E+01  4.7468E+00  1.4727E+01  1.3404E+00  2.5213E-01  7.0847E-01  3.0433E-03  3.0000E+01
  1.3000E+01  4.7468E+00  1.4727E+01  1.3404E+00  2.5213E-01  7.0847E-01  3.0433E-03  3.0000E+01
  1.3000E+01  4.7468E+00  1.4727E+01  1.3404E+00  2.5213E-01  7.0847E-01  3.0433E-03  3.0000E+01
  1.3000E+01  4.7468E+00  1.4727E+01  1.3404E+00  2.5213E-01  7.0847E-01  3.0433E-03  3.0000E+01
  1.3000E+01  4.7468E+00  1.4727E+01  1.3404E+00  2.5213E-01  7.0847E-01  3.0433E-03  3.0000E+01
  1.3000E+01  4.7468E+00  1.4727E+01  1.3404E+00  2.5213E-01  7.0847E-01  3.0433E-03  3.0000E+01
  1.3000E+01  4.7468E+00  1.4727E+01  1.3404E+00  2.5213E-01  7.0847E-01  3.0433E-03  3.0000E+01
  1.3000E+01  4.7468E+00  1.4727E+01  1.3404E+00  2.5213E-01  7.0847E-01  3.0433E-03  3.0000E+01
  1.3000E+01  4.7468E+00  1.4727E+01  1.3404E+00  2.5213E-01  7.0847E-01  3.0433E-03  3.0000E+01
  1.3000E+01  4.7468E+00  1.4727E+01  1.3404E+00  2.5213E-01  7.0847E-01  3.0433E-03  3.0000E+01
  1.4000E+01  4.7468E+00  2.1601E+01  1.3404E+00  2.5213E-01  7.0847E-01  1.4287E-03  3.0000E+01
  1.4000E+01  4.7468E+00  2.1601E+01  1.3404E+00  2.5213E-01  7.0847E-01  1.4287E-03  3.0000E+01
  1.4000E+01  4.7468E+00  2.1601E+01  1.3404E+00  2.5213E-01  7.0847E-01  1.4287E-03  3.0000E+01
  1.4000E+01  4.7468E+00  2.1601E+01  1.3404E+00  2.5213E-01  7.0847E-01  1.4287E-03  3.0000E+01
  1.4000E+01  4.7468E+00  2.1601E+01  1.3404E+00  2.5213E-01  7.0847E-01  1.4287E-03  3.0000E+01
  1.4000E+01  4.7468E+00  2.1601E+01  1.3404E+00  2.5213E-01  7.0847E-01  1.4287E-03  3.0000E+01
  1.4000E+01  4.7468E+00  2.1601E+01  1.3404E+00  2.5213E-01  7.0847E-01  1.4287E-03  3.0000E+01
  1.4000E+01  4.7468E+00  2.1601E+01  1.3404E+00  2.5213E-01  7.0847E-01  1.4287E-03  3.0000E+01
  1.4000E+01  4.7468E+00  2.1601E+01  1.3404E+00  2.5213E-01  7.0847E-01  1.4287E-03  3.0000E+01
  1.4000E+01  4.7468E+00  2.1601E+01  1.3404E+00  2.5213E-01  7.0847E-01  1.4287E-03  3.0000E+01
  1.4000E+01  4.7468E+00  2.1601E+01  1.3404E+00  2.5213E-01  7.0847E-01  1.4287E-03  3.0000E+01
  1.4000E+01  4.7468E+00  2.1601E+01  1.3404E+00  2.5213E-01  7.0847E-01  1.4287E-03  3.0000E+01
  1.5000E+01  4.7468E+00  2.5647E+00  1.3404E+00  2.5213E-01  7.0847E-01  1.4121E-03  1.0000E+02
  1.5000E+01  4.7468E+00  2.5647E+00  1.3404E+00  2.5213E-01  7.0847E-01  1.4121E-03  1.0000E+02
  1.5000E+01  4.7468E+00  2.5647E+00  1.3404E+00  2.5213E-01  7.0847E-01  1.4121E-03  1.0000E+02
  1.5000E+01  4.7468E+00  2.5647E+00  1.3404E+00  2.5213E-01  7.0847E-01  1.4121E-03  1.0000E+02
  1.5000E+01  4.7468E+00  2.5647E+00  1.3404E+00  2.5213E-01  7.0847E-01  1.4121E-03  1.0000E+02
  1.5000E+01  4.7468E+00  2.5647E+00  1.3404E+00  2.5213E-01  7.0847E-01  1.4121E-03  1.0000E+02
  1.5000E+01  4.7468E+00  2.5647E+00  1.3404E+00  2.5213E-01  7.0847E-01  1.4121E-03  1.0000E+02
  1.5000E+01  4.7468E+00  2.5647E+00  1.3404E+00  2.5213E-01  7.0847E-01  1.4121E-03  1.0000E+02
  1.5000E+01  4.7468E+00  2.5647E+00  1.3404E+00  2.5213E-01  7.0847E-01  1.4121E-03  1.0000E+02
  1.5000E+01  4.7468E+00  2.5647E+00  1.3404E+00  2.5213E-01  7.0847E-01  1.4121E-03  1.0000E+02
  1.5000E+01  4.7468E+00  2.5647E+00  1.3404E+00  2.5213E-01  7.0847E-01  1.4121E-03  1.0000E+02
  1.5000E+01  4.7468E+00  2.5647E+00  1.3404E+00  2.5213E-01  7.0847E-01  1.4121E-03  1.0000E+02
  1.6000E+01  4.7468E+00  5.7334E+00  1.3404E+00  2.5213E-01  7.0847E-01  4.7889E-03  1.0000E+02
  1.6000E+01  4.7468E+00  5.7334E+00  1.3404E+00  2.5213E-01  7.0847E-01  4.7889E-03  1.0000E+02
  1.6000E+01  4.7468E+00  5.7334E+00  1.3404E+00  2.5213E-01  7.0847E-01  4.7889E-03  1.0000E+02
  1.6000E+01  4.7468E+00  5.7334E+00  1.3404E+00  2.5213E-01  7.0847E-01  4.7889E-03  1.0000E+02
  1.6000E+01  4.7468E+00  5.7334E+00  1.3404E+00  2.5213E-01  7.0847E-01  4.7889E-03  1.0000E+02
  1.6000E+01  4.7468E+00  5.7334E+00  1.3404E+00  2.5213E-01  7.0847E-01  4.7889E-03  1.0000E+02
  1.6000E+01  4.7468E+00  5.7334E+00  1.3404E+00  2.5213E-01  7.0847E-01  4.7889E-03  1.0000E+02
  1.6000E+01  4.7468E+00  5.7334E+00  1.3404E+00  2.5213E-01  7.0847E-01  4.7889E-03  1.0000E+02
  1.6000E+01  4.7468E+00  5.7334E+00  1.3404E+00  2.5213E-01  7.0847E-01  4.7889E-03  1.0000E+02
  1.6000E+01  4.7468E+00  5.7334E+00  1.3404E+00  2.5213E-01  7.0847E-01  4.7889E-03  1.0000E+02
  1.6000E+01  4.7468E+00  5.7334E+00  1.3404E+00  2.5213E-01  7.0847E-01  4.7889E-03  1.0000E+02
  1.6000E+01  4.7468E+00  5.7334E+00  1.3404E+00  2.5213E-01  7.0847E-01  4.7889E-03  1.0000E+02
  1.7000E+01  4.7468E+00  6.2387E+00  1.3404E+00  2.5213E-01  7.0847E-01  1.7981E-03  1.0000E+02
  1.7000E+01  4.7468E+00  6.2387E+00  1.3404E+00  2.5213E-01  7.0847E-01  1.7981E-03  1.0000E+02
  1.7000E+01  4.7468E+00  6.2387E+00  1.3404E+00  2.5213E-01  7.0847E-01  1.7981E-03  1.0000E+02
  1.7000E+01  4.7468E+00  6.2387E+00  1.3404E+00  2.5213E-01  7.0847E-01  1.7981E-03  1.0000E+02
  1.7000E+01  4.7468E+00  6.2387E+00  1.3404E+00  2.5213E-01  7.0847E-01  1.7981E-03  1.0000E+02
  1.7000E+01  4.7468E+00  6.2387E+00  1.3404E+00  2.5213E-01  7.0847E-01  1.7981E-03  1.0000E+02
  1.7000E+01  4.7468E+00  6.2387E+00  1.3404E+00  2.5213E-01  7.0847E-01  1.7981E-03  1.0000E+02
  1.7000E+01  4.7468E+00  6.2387E+00  1.3404E+00  2.5213E-01  7.0847E-01  1.7981E-03  1.0000E+02
  1.7000E+01  4.7468E+00  6.2387E+00  1.3404E+00  2.5213E-01  7.0847E-01  1.7981E-03  1.0000E+02
  1.7000E+01  4.7468E+00  6.2387E+00  1.3404E+00  2.5213E-01  7.0847E-01  1.7981E-03  1.0000E+02
  1.7000E+01  4.7468E+00  6.2387E+00  1.3404E+00  2.5213E-01  7.0847E-01  1.7981E-03  1.0000E+02
  1.7000E+01  4.7468E+00  6.2387E+00  1.3404E+00  2.5213E-01  7.0847E-01  1.7981E-03  1.0000E+02
