TABLE NO.  1
 ID          TIME        AMT         DV          MDV         IPRED       CWRES       IWRES       BQL         DV          PRED        RES         WRES
  1.0000E+00  0.0000E+00  2.9000E+04  0.0000E+00  1.0000E+00  0.0000E+00  0.0000E+00  0.0000E+00  0.0000E+00  0.0000E+00  1.0000E+00  0.0000E+00  0.0000E+00
  1.0000E+00  0.0000E+00  2.9000E+04  0.0000E+00  1.0000E+00  0.0000E+00  0.0000E+00  0.0000E+00  0.0000E+00  0.0000E+00  1.0000E+00  0.0000E+00  0.0000E+00
  1.0000E+00  0.0000E+00  0.0000E+00  0.0000E+00  0.0000E+00  0.0000E+00  0.0000E+00  0.0000E+00  0.0000E+00  0.0000E+00  1.0000E+00  0.0000E+00  0.0000E+00
  1.0000E+00  2.5000E-01  0.0000E+00  7.3000E-01  0.0000E+00  8.6133E-01  0.0000E+00 -2.9335E-01  0.0000E+00  7.3000E-01  2.1354E-01  0.0000E+00  0.0000E+00
  1.0000E+00  5.0000E-01  0.0000E+00  2.7500E+00  0.0000E+00  2.2821E+00  0.0000E+00  3.9451E-01  0.0000E+00  2.7500E+00  4.4955E+00  0.0000E+00  0.0000E+00
  1.0000E+00  1.0000E+00  0.0000E+00  7.2700E+00  0.0000E+00  4.1527E+00  0.0000E+00  1.4442E+00  0.0000E+00  7.2700E+00  8.1301E+00  0.0000E+00  0.0000E+00
  1.0000E+00  2.0000E+00  0.0000E+00  6.4500E+00  0.0000E+00  5.8213E+00  0.0000E+00  2.0779E-01  0.0000E+00  6.4500E+00  1.1303E+01  0.0000E+00  0.0000E+00
  1.0000E+00  3.0000E+00  0.0000E+00  6.8500E+00  0.0000E+00  6.3801E+00  0.0000E+00  1.4168E-01  0.0000E+00  6.8500E+00  1.2335E+01  0.0000E+00  0.0000E+00
  1.0000E+00  4.0000E+00  0.0000E+00  4.2300E+00  0.0000E+00  6.5851E+00  0.0000E+00 -6.8807E-01  0.0000E+00  4.2300E+00  1.2706E+01  0.0000E+00  0.0000E+00
  1.0000E+00  6.0000E+00  0.0000E+00  6.0300E+00  0.0000E+00  6.7230E+00  0.0000E+00 -1.9832E-01  0.0000E+00  6.0300E+00  1.2957E+01  0.0000E+00  0.0000E+00
  1.0000E+00  8.0000E+00  0.0000E+00  8.1100E+00  0.0000E+00  5.9338E+00  0.0000E+00  7.0556E-01  0.0000E+00  8.1100E+00  1.1390E+01  0.0000E+00  0.0000E+00
  1.0000E+00  1.2000E+01  0.0000E+00  5.0000E-01  0.0000E+00  2.6655E+00  0.0000E+00 -1.5630E+00  1.0000E+00  5.0000E-01  6.0216E-02  0.0000E+00  0.0000E+00
  1.0000E+00  2.4000E+01  0.0000E+00  5.0000E-01  0.0000E+00  3.5979E-02  0.0000E+00  2.4812E+01  1.0000E+00  5.0000E-01  1.0000E+00  0.0000E+00  0.0000E+00
  2.0000E+00  0.0000E+00  2.9000E+04  0.0000E+00  1.0000E+00  0.0000E+00  0.0000E+00  0.0000E+00  0.0000E+00  0.0000E+00  1.0000E+00  0.0000E+00  0.0000E+00
  2.0000E+00  0.0000E+00  2.9000E+04  0.0000E+00  1.0000E+00  0.0000E+00  0.0000E+00  0.0000E+00  0.0000E+00  0.0000E+00  1.0000E+00  0.0000E+00  0.0000E+00
  2.0000E+00  0.0000E+00  0.0000E+00  0.0000E+00  0.0000E+00  0.0000E+00  0.0000E+00  0.0000E+00  0.0000E+00  0.0000E+00  1.0000E+00  0.0000E+00  0.0000E+00
  2.0000E+00  2.5000E-01  0.0000E+00  1.2000E-01  0.0000E+00  4.7283E-01  0.0000E+00 -1.4356E+00  0.0000E+00  1.2000E-01  2.1354E-01  0.0000E+00  0.0000E+00
  2.0000E+00  5.0000E-01  0.0000E+00  1.8000E-01  0.0000E+00  1.3628E+00  0.0000E+00 -1.6698E+00  0.0000E+00  1.8000E-01  6.7335E-02  0.0000E+00  0.0000E+00
  2.0000E+00  1.0000E+00  0.0000E+00  1.4000E-01  0.0000E+00  2.8828E+00  0.0000E+00 -1.8305E+00  0.0000E+00  1.4000E-01  4.5776E-02  0.0000E+00  0.0000E+00
  2.0000E+00  2.0000E+00  0.0000E+00  1.1700E+00  0.0000E+00  5.1108E+00  0.0000E+00 -1.4835E+00  0.0000E+00  1.1700E+00  1.1303E+01  0.0000E+00  0.0000E+00
  2.0000E+00  3.0000E+00  0.0000E+00  8.4000E+00  0.0000E+00  6.5789E+00  0.0000E+00  5.3256E-01  0.0000E+00  8.4000E+00  1.2335E+01  0.0000E+00  0.0000E+00
  2.0000E+00  4.0000E+00  0.0000E+00  1.5500E+01  0.0000E+00  7.5530E+00  0.0000E+00  2.0243E+00  0.0000E+00  1.5500E+01  1.2706E+01  0.0000E+00  0.0000E+00
  2.0000E+00  6.0000E+00  0.0000E+00  8.5100E+00  0.0000E+00  8.6455E+00  0.0000E+00 -3.0158E-02  0.0000E+00  8.5100E+00  1.2957E+01  0.0000E+00  0.0000E+00
  2.0000E+00  8.0000E+00  0.0000E+00  6.0400E+00  0.0000E+00  8.6919E+00  0.0000E+00 -5.8698E-01  0.0000E+00  6.0400E+00  1.1390E+01  0.0000E+00  0.0000E+00
  2.0000E+00  1.2000E+01  0.0000E+00  5.0000E-01  0.0000E+00  3.5651E+00  0.0000E+00 -1.6541E+00  1.0000E+00  5.0000E-01  6.0216E-02  0.0000E+00  0.0000E+00
  2.0000E+00  2.4000E+01  0.0000E+00  5.0000E-01  0.0000E+00  1.4446E-01  0.0000E+00  4.7350E+00  1.0000E+00  5.0000E-01  1.0000E+00  0.0000E+00  0.0000E+00
  3.0000E+00  0.0000E+00  5.4500E+03  0.0000E+00  1.0000E+00  1.7843E+03  0.0000E+00 -1.9239E+00  0.0000E+00  0.0000E+00  2.7277E-02  0.0000E+00  0.0000E+00
  3.0000E+00  1.7000E-02  0.0000E+00  2.5500E+03  0.0000E+00  1.7354E+03  0.0000E+00  9.0314E-01  0.0000E+00  2.5500E+03  1.2615E+03  0.0000E+00  0.0000E+00
  3.0000E+00  8.3500E-02  0.0000E+00  2.1100E+03  0.0000E+00  1.5565E+03  0.0000E+00  6.8416E-01  0.0000E+00  2.1100E+03  1.1663E+03  0.0000E+00  0.0000E+00
  3.0000E+00  2.5000E-01  0.0000E+00  1.4600E+03  0.0000E+00  1.1858E+03  0.0000E+00  4.4485E-01  0.0000E+00  1.4600E+03  9.5852E+02  0.0000E+00  0.0000E+00
  3.0000E+00  5.0000E-01  0.0000E+00  8.5300E+02  0.0000E+00  7.8917E+02  0.0000E+00  1.5560E-01  0.0000E+00  8.5300E+02  7.1446E+02  0.0000E+00  0.0000E+00
  3.0000E+00  1.0000E+00  0.0000E+00  5.5500E+02  0.0000E+00  3.5194E+02  0.0000E+00  1.1100E+00  0.0000E+00  5.5500E+02  3.9845E+02  0.0000E+00  0.0000E+00
  3.0000E+00  2.0000E+00  0.0000E+00  1.0300E+02  0.0000E+00  7.4751E+01  0.0000E+00  7.2707E-01  0.0000E+00  1.0300E+02  1.2734E+02  0.0000E+00  0.0000E+00
  3.0000E+00  4.0000E+00  0.0000E+00  7.4100E+00  0.0000E+00  8.7881E+00  0.0000E+00 -3.0170E-01  0.0000E+00  7.4100E+00  1.7803E+01  0.0000E+00  0.0000E+00
  3.0000E+00  6.0000E+00  0.0000E+00  4.4900E+00  0.0000E+00  4.5446E+00  0.0000E+00 -2.3112E-02  0.0000E+00  4.4900E+00  5.8946E+00  0.0000E+00  0.0000E+00
  3.0000E+00  8.0000E+00  0.0000E+00  5.2500E+00  0.0000E+00  3.1269E+00  0.0000E+00  1.3063E+00  0.0000E+00  5.2500E+00  3.5288E+00  0.0000E+00  0.0000E+00
  3.0000E+00  1.2000E+01  0.0000E+00  2.4600E+00  0.0000E+00  1.5360E+00  0.0000E+00  1.1574E+00  0.0000E+00  2.4600E+00  1.6942E+00  0.0000E+00  0.0000E+00
  3.0000E+00  2.4000E+01  0.0000E+00  5.0000E-01  0.0000E+00  1.8264E-01  0.0000E+00  3.3429E+00  1.0000E+00  5.0000E-01  1.0000E+00  0.0000E+00  0.0000E+00
  4.0000E+00  0.0000E+00  5.9500E+03  0.0000E+00  1.0000E+00  2.3899E+03  0.0000E+00 -1.9239E+00  0.0000E+00  0.0000E+00  2.7269E-02  0.0000E+00  0.0000E+00
  4.0000E+00  1.7000E-02  0.0000E+00  2.3000E+03  0.0000E+00  2.3097E+03  0.0000E+00 -8.0640E-03  0.0000E+00  2.3000E+03  1.3773E+03  0.0000E+00  0.0000E+00
  4.0000E+00  8.3500E-02  0.0000E+00  2.0000E+03  0.0000E+00  2.0211E+03  0.0000E+00 -2.0109E-02  0.0000E+00  2.0000E+03  1.2733E+03  0.0000E+00  0.0000E+00
  4.0000E+00  2.5000E-01  0.0000E+00  1.2600E+03  0.0000E+00  1.4477E+03  0.0000E+00 -2.4944E-01  0.0000E+00  1.2600E+03  1.0465E+03  0.0000E+00  0.0000E+00
  4.0000E+00  5.0000E-01  0.0000E+00  7.3500E+02  0.0000E+00  8.7863E+02  0.0000E+00 -3.1451E-01  0.0000E+00  7.3500E+02  7.8001E+02  0.0000E+00  0.0000E+00
  4.0000E+00  1.0000E+00  0.0000E+00  4.3200E+02  0.0000E+00  3.2710E+02  0.0000E+00  6.1699E-01  0.0000E+00  4.3200E+02  4.3500E+02  0.0000E+00  0.0000E+00
  4.0000E+00  2.0000E+00  0.0000E+00  5.4600E+01  0.0000E+00  5.1436E+01  0.0000E+00  1.1835E-01  0.0000E+00  5.4600E+01  1.3902E+02  0.0000E+00  0.0000E+00
  4.0000E+00  4.0000E+00  0.0000E+00  7.2500E+00  0.0000E+00  7.3803E+00  0.0000E+00 -3.3960E-02  0.0000E+00  7.2500E+00  1.9436E+01  0.0000E+00  0.0000E+00
  4.0000E+00  6.0000E+00  0.0000E+00  3.6500E+00  0.0000E+00  4.6666E+00  0.0000E+00 -4.1911E-01  0.0000E+00  3.6500E+00  6.4354E+00  0.0000E+00  0.0000E+00
  4.0000E+00  8.0000E+00  0.0000E+00  3.3200E+00  0.0000E+00  3.2619E+00  0.0000E+00  3.4253E-02  0.0000E+00  3.3200E+00  3.8526E+00  0.0000E+00  0.0000E+00
  4.0000E+00  1.2000E+01  0.0000E+00  1.6100E+00  0.0000E+00  1.6024E+00  0.0000E+00  9.1394E-03  0.0000E+00  1.6100E+00  1.8497E+00  0.0000E+00  0.0000E+00
  4.0000E+00  2.4000E+01  0.0000E+00  5.0000E-01  0.0000E+00  1.8999E-01  0.0000E+00  3.1391E+00  1.0000E+00  5.0000E-01  1.0000E+00  0.0000E+00  0.0000E+00
  5.0000E+00  0.0000E+00  6.1000E+03  0.0000E+00  1.0000E+00  2.3766E+03  0.0000E+00 -1.9239E+00  0.0000E+00  0.0000E+00  2.7267E-02  0.0000E+00  0.0000E+00
  5.0000E+00  1.7000E-02  0.0000E+00  2.6900E+03  0.0000E+00  2.2992E+03  0.0000E+00  3.2701E-01  0.0000E+00  2.6900E+03  1.4120E+03  0.0000E+00  0.0000E+00
  5.0000E+00  8.3500E-02  0.0000E+00  2.0500E+03  0.0000E+00  2.0200E+03  0.0000E+00  2.8546E-02  0.0000E+00  2.0500E+03  1.3054E+03  0.0000E+00  0.0000E+00
  5.0000E+00  2.5000E-01  0.0000E+00  1.1600E+03  0.0000E+00  1.4615E+03  0.0000E+00 -3.9686E-01  0.0000E+00  1.1600E+03  1.0728E+03  0.0000E+00  0.0000E+00
  5.0000E+00  5.0000E-01  0.0000E+00  8.2000E+02  0.0000E+00  9.0035E+02  0.0000E+00 -1.7170E-01  0.0000E+00  8.2000E+02  7.9967E+02  0.0000E+00  0.0000E+00
  5.0000E+00  1.0000E+00  0.0000E+00  4.5600E+02  0.0000E+00  3.4512E+02  0.0000E+00  6.1810E-01  0.0000E+00  4.5600E+02  4.4597E+02  0.0000E+00  0.0000E+00
  5.0000E+00  2.0000E+00  0.0000E+00  5.7800E+01  0.0000E+00  5.6830E+01  0.0000E+00  3.2833E-02  0.0000E+00  5.7800E+01  1.4253E+02  0.0000E+00  0.0000E+00
  5.0000E+00  4.0000E+00  0.0000E+00  6.8700E+00  0.0000E+00  7.7843E+00  0.0000E+00 -2.2597E-01  0.0000E+00  6.8700E+00  1.9926E+01  0.0000E+00  0.0000E+00
  5.0000E+00  6.0000E+00  0.0000E+00  6.0500E+00  0.0000E+00  4.8180E+00  0.0000E+00  4.9195E-01  0.0000E+00  6.0500E+00  6.5976E+00  0.0000E+00  0.0000E+00
  5.0000E+00  8.0000E+00  0.0000E+00  6.1100E+00  0.0000E+00  3.3645E+00  0.0000E+00  1.5699E+00  0.0000E+00  6.1100E+00  3.9497E+00  0.0000E+00  0.0000E+00
  5.0000E+00  1.2000E+01  0.0000E+00  1.7100E+00  0.0000E+00  1.6529E+00  0.0000E+00  6.6426E-02  0.0000E+00  1.7100E+00  1.8963E+00  0.0000E+00  0.0000E+00
  5.0000E+00  2.4000E+01  0.0000E+00  5.0000E-01  0.0000E+00  1.9607E-01  0.0000E+00  2.9824E+00  1.0000E+00  5.0000E-01  1.0000E+00  0.0000E+00  0.0000E+00
  6.0000E+00  0.0000E+00  2.1800E+04  0.0000E+00  1.0000E+00  0.0000E+00  0.0000E+00  0.0000E+00  0.0000E+00  0.0000E+00  1.0000E+00  0.0000E+00  0.0000E+00
  6.0000E+00  0.0000E+00  2.1800E+04  0.0000E+00  1.0000E+00  0.0000E+00  0.0000E+00  0.0000E+00  0.0000E+00  0.0000E+00  1.0000E+00  0.0000E+00  0.0000E+00
  6.0000E+00  0.0000E+00  0.0000E+00  0.0000E+00  0.0000E+00  0.0000E+00  0.0000E+00  0.0000E+00  0.0000E+00  0.0000E+00  1.0000E+00  0.0000E+00  0.0000E+00
  6.0000E+00  2.5000E-01  0.0000E+00  0.0000E+00  0.0000E+00  1.0614E+00  0.0000E+00 -1.9239E+00  0.0000E+00  0.0000E+00  3.3684E-01  0.0000E+00  0.0000E+00
  6.0000E+00  5.0000E-01  0.0000E+00  1.3900E+00  0.0000E+00  2.7968E+00  0.0000E+00 -9.6774E-01  0.0000E+00  1.3900E+00  3.3794E+00  0.0000E+00  0.0000E+00
  6.0000E+00  1.0000E+00  0.0000E+00  9.5800E+00  0.0000E+00  5.0432E+00  0.0000E+00  1.7307E+00  0.0000E+00  9.5800E+00  6.1116E+00  0.0000E+00  0.0000E+00
  6.0000E+00  2.0000E+00  0.0000E+00  9.5100E+00  0.0000E+00  6.9841E+00  0.0000E+00  6.9582E-01  0.0000E+00  9.5100E+00  8.4966E+00  0.0000E+00  0.0000E+00
  6.0000E+00  4.0000E+00  0.0000E+00  4.9900E+00  0.0000E+00  7.8288E+00  0.0000E+00 -6.9762E-01  0.0000E+00  4.9900E+00  9.5516E+00  0.0000E+00  0.0000E+00
  6.0000E+00  6.0000E+00  0.0000E+00  3.2100E+00  0.0000E+00  7.9787E+00  0.0000E+00 -1.1499E+00  0.0000E+00  3.2100E+00  9.7397E+00  0.0000E+00  0.0000E+00
  6.0000E+00  8.0000E+00  0.0000E+00  9.1800E+00  0.0000E+00  7.0009E+00  0.0000E+00  5.9885E-01  0.0000E+00  9.1800E+00  8.5622E+00  0.0000E+00  0.0000E+00
  6.0000E+00  1.2000E+01  0.0000E+00  3.8300E+00  0.0000E+00  3.2085E+00  0.0000E+00  3.7265E-01  0.0000E+00  3.8300E+00  3.8989E+00  0.0000E+00  0.0000E+00
  6.0000E+00  2.4000E+01  0.0000E+00  5.0000E-01  0.0000E+00  4.1959E-02  0.0000E+00  2.1002E+01  1.0000E+00  5.0000E-01  1.0000E+00  0.0000E+00  0.0000E+00
  7.0000E+00  0.0000E+00  2.3800E+04  0.0000E+00  1.0000E+00  0.0000E+00  0.0000E+00  0.0000E+00  0.0000E+00  0.0000E+00  1.0000E+00  0.0000E+00  0.0000E+00
  7.0000E+00  0.0000E+00  2.3800E+04  0.0000E+00  1.0000E+00  0.0000E+00  0.0000E+00  0.0000E+00  0.0000E+00  0.0000E+00  1.0000E+00  0.0000E+00  0.0000E+00
  7.0000E+00  0.0000E+00  0.0000E+00  0.0000E+00  0.0000E+00  0.0000E+00  0.0000E+00  0.0000E+00  0.0000E+00  0.0000E+00  1.0000E+00  0.0000E+00  0.0000E+00
  7.0000E+00  2.5000E-01  0.0000E+00  2.7200E+00  0.0000E+00  1.9587E+00  0.0000E+00  7.4782E-01  0.0000E+00  2.7200E+00  1.3977E+00  0.0000E+00  0.0000E+00
  7.0000E+00  5.0000E-01  0.0000E+00  3.0600E+00  0.0000E+00  4.9763E+00  0.0000E+00 -7.4086E-01  0.0000E+00  3.0600E+00  3.6894E+00  0.0000E+00  0.0000E+00
  7.0000E+00  1.0000E+00  0.0000E+00  5.3900E+00  0.0000E+00  8.4555E+00  0.0000E+00 -6.9750E-01  0.0000E+00  5.3900E+00  6.6723E+00  0.0000E+00  0.0000E+00
  7.0000E+00  2.0000E+00  0.0000E+00  2.4700E+01  0.0000E+00  1.0885E+01  0.0000E+00  2.4419E+00  0.0000E+00  2.4700E+01  9.2761E+00  0.0000E+00  0.0000E+00
  7.0000E+00  4.0000E+00  0.0000E+00  3.7600E+00  0.0000E+00  1.1659E+01  0.0000E+00 -1.3034E+00  0.0000E+00  3.7600E+00  1.0428E+01  0.0000E+00  0.0000E+00
  7.0000E+00  6.0000E+00  0.0000E+00  3.1900E+00  0.0000E+00  1.1804E+01  0.0000E+00 -1.4040E+00  0.0000E+00  3.1900E+00  1.0633E+01  0.0000E+00  0.0000E+00
  7.0000E+00  8.0000E+00  0.0000E+00  6.4300E+00  0.0000E+00  9.9610E+00  0.0000E+00 -6.8199E-01  0.0000E+00  6.4300E+00  9.3478E+00  0.0000E+00  0.0000E+00
  7.0000E+00  1.2000E+01  0.0000E+00  4.9200E+00  0.0000E+00  5.1650E+00  0.0000E+00 -9.1259E-02  0.0000E+00  4.9200E+00  4.2566E+00  0.0000E+00  0.0000E+00
  7.0000E+00  2.4000E+01  0.0000E+00  5.0000E-01  0.0000E+00  5.6993E-02  0.0000E+00  1.4955E+01  1.0000E+00  5.0000E-01  1.0000E+00  0.0000E+00  0.0000E+00
  8.0000E+00  0.0000E+00  2.4400E+04  0.0000E+00  1.0000E+00  0.0000E+00  0.0000E+00  0.0000E+00  0.0000E+00  0.0000E+00  1.0000E+00  0.0000E+00  0.0000E+00
  8.0000E+00  0.0000E+00  2.4400E+04  0.0000E+00  1.0000E+00  0.0000E+00  0.0000E+00  0.0000E+00  0.0000E+00  0.0000E+00  1.0000E+00  0.0000E+00  0.0000E+00
  8.0000E+00  0.0000E+00  0.0000E+00  0.0000E+00  0.0000E+00  0.0000E+00  0.0000E+00  0.0000E+00  0.0000E+00  0.0000E+00  1.0000E+00  0.0000E+00  0.0000E+00
  8.0000E+00  2.5000E-01  0.0000E+00  4.4400E+00  0.0000E+00  3.8935E+00  0.0000E+00  2.7004E-01  0.0000E+00  4.4400E+00  1.4329E+00  0.0000E+00  0.0000E+00
  8.0000E+00  5.0000E-01  0.0000E+00  9.7200E+00  0.0000E+00  7.3827E+00  0.0000E+00  6.0908E-01  0.0000E+00  9.7200E+00  3.7824E+00  0.0000E+00  0.0000E+00
  8.0000E+00  1.0000E+00  0.0000E+00  1.7700E+01  0.0000E+00  8.8470E+00  0.0000E+00  1.9252E+00  0.0000E+00  1.7700E+01  6.8405E+00  0.0000E+00  0.0000E+00
  8.0000E+00  2.0000E+00  0.0000E+00  7.3400E+00  0.0000E+00  9.0717E+00  0.0000E+00 -3.6725E-01  0.0000E+00  7.3400E+00  9.5099E+00  0.0000E+00  0.0000E+00
  8.0000E+00  4.0000E+00  0.0000E+00  4.9900E+00  0.0000E+00  9.1838E+00  0.0000E+00 -8.7855E-01  0.0000E+00  4.9900E+00  1.0691E+01  0.0000E+00  0.0000E+00
  8.0000E+00  6.0000E+00  0.0000E+00  6.1800E+00  0.0000E+00  9.2612E+00  0.0000E+00 -6.4008E-01  0.0000E+00  6.1800E+00  1.0901E+01  0.0000E+00  0.0000E+00
  8.0000E+00  8.0000E+00  0.0000E+00  4.5600E+00  0.0000E+00  5.4746E+00  0.0000E+00 -3.2141E-01  0.0000E+00  4.5600E+00  9.5834E+00  0.0000E+00  0.0000E+00
  8.0000E+00  1.2000E+01  0.0000E+00  5.4200E+00  0.0000E+00  4.6962E+00  0.0000E+00  2.9654E-01  0.0000E+00  5.4200E+00  4.3639E+00  0.0000E+00  0.0000E+00
  8.0000E+00  2.4000E+01  0.0000E+00  5.0000E-01  0.0000E+00  3.7035E-02  0.0000E+00  2.4050E+01  1.0000E+00  5.0000E-01  1.0000E+00  0.0000E+00  0.0000E+00
  9.0000E+00  0.0000E+00  6.5700E+04  0.0000E+00  1.0000E+00  0.0000E+00  0.0000E+00  0.0000E+00  0.0000E+00  0.0000E+00  1.0000E+00  0.0000E+00  0.0000E+00
  9.0000E+00  0.0000E+00  6.5700E+04  0.0000E+00  1.0000E+00  0.0000E+00  0.0000E+00  0.0000E+00  0.0000E+00  0.0000E+00  1.0000E+00  0.0000E+00  0.0000E+00
  9.0000E+00  0.0000E+00  0.0000E+00  0.0000E+00  0.0000E+00  0.0000E+00  0.0000E+00  0.0000E+00  0.0000E+00  0.0000E+00  1.0000E+00  0.0000E+00  0.0000E+00
  9.0000E+00  2.5000E-01  0.0000E+00  6.1100E+01  0.0000E+00  4.4591E+01  0.0000E+00  7.1231E-01  0.0000E+00  6.1100E+01  3.8582E+00  0.0000E+00  0.0000E+00
  9.0000E+00  5.0000E-01  0.0000E+00  1.5100E+02  0.0000E+00  6.4590E+01  0.0000E+00  2.5738E+00  0.0000E+00  1.5100E+02  1.0185E+01  0.0000E+00  0.0000E+00
  9.0000E+00  1.0000E+00  0.0000E+00  6.1800E+01  0.0000E+00  6.7220E+01  0.0000E+00 -1.5513E-01  0.0000E+00  6.1800E+01  1.8419E+01  0.0000E+00  0.0000E+00
  9.0000E+00  2.0000E+00  0.0000E+00  2.9100E+01  0.0000E+00  6.7764E+01  0.0000E+00 -1.0977E+00  0.0000E+00  2.9100E+01  2.5607E+01  0.0000E+00  0.0000E+00
  9.0000E+00  4.0000E+00  0.0000E+00  1.2200E+01  0.0000E+00  6.8558E+01  0.0000E+00 -1.5815E+00  0.0000E+00  1.2200E+01  2.8786E+01  0.0000E+00  0.0000E+00
  9.0000E+00  6.0000E+00  0.0000E+00  3.5300E+01  0.0000E+00  6.9114E+01  0.0000E+00 -9.4127E-01  0.0000E+00  3.5300E+01  2.9353E+01  0.0000E+00  0.0000E+00
  9.0000E+00  8.0000E+00  0.0000E+00  3.1900E+01  0.0000E+00  2.5361E+01  0.0000E+00  4.9601E-01  0.0000E+00  3.1900E+01  2.5805E+01  0.0000E+00  0.0000E+00
  9.0000E+00  1.2000E+01  0.0000E+00  2.0000E+01  0.0000E+00  3.3279E+01  0.0000E+00 -7.6768E-01  0.0000E+00  2.0000E+01  1.1750E+01  0.0000E+00  0.0000E+00
  9.0000E+00  2.4000E+01  0.0000E+00  5.0000E-01  0.0000E+00  2.6510E-01  0.0000E+00  1.7047E+00  1.0000E+00  5.0000E-01  1.0000E+00  0.0000E+00  0.0000E+00
  1.0000E+01  0.0000E+00  7.0500E+04  0.0000E+00  1.0000E+00  0.0000E+00  0.0000E+00  0.0000E+00  0.0000E+00  0.0000E+00  1.0000E+00  0.0000E+00  0.0000E+00
  1.0000E+01  0.0000E+00  7.0500E+04  0.0000E+00  1.0000E+00  0.0000E+00  0.0000E+00  0.0000E+00  0.0000E+00  0.0000E+00  1.0000E+00  0.0000E+00  0.0000E+00
  1.0000E+01  0.0000E+00  0.0000E+00  0.0000E+00  0.0000E+00  0.0000E+00  0.0000E+00  0.0000E+00  0.0000E+00  0.0000E+00  1.0000E+00  0.0000E+00  0.0000E+00
  1.0000E+01  2.5000E-01  0.0000E+00  7.4900E+00  0.0000E+00  6.0066E+00  0.0000E+00  4.7515E-01  0.0000E+00  7.4900E+00  4.1401E+00  0.0000E+00  0.0000E+00
  1.0000E+01  5.0000E-01  0.0000E+00  1.1400E+01  0.0000E+00  1.6488E+01  0.0000E+00 -5.9373E-01  0.0000E+00  1.1400E+01  1.0929E+01  0.0000E+00  0.0000E+00
  1.0000E+01  1.0000E+00  0.0000E+00  4.4700E+01  0.0000E+00  3.1904E+01  0.0000E+00  7.7164E-01  0.0000E+00  4.4700E+01  1.9764E+01  0.0000E+00  0.0000E+00
  1.0000E+01  2.0000E+00  0.0000E+00  4.1200E+01  0.0000E+00  4.8842E+01  0.0000E+00 -3.0103E-01  0.0000E+00  4.1200E+01  2.7477E+01  0.0000E+00  0.0000E+00
  1.0000E+01  4.0000E+00  0.0000E+00  4.5400E+01  0.0000E+00  5.9842E+01  0.0000E+00 -4.6431E-01  0.0000E+00  4.5400E+01  3.0889E+01  0.0000E+00  0.0000E+00
  1.0000E+01  6.0000E+00  0.0000E+00  7.5200E+01  0.0000E+00  6.2428E+01  0.0000E+00  3.9359E-01  0.0000E+00  7.5200E+01  3.1498E+01  0.0000E+00  0.0000E+00
  1.0000E+01  8.0000E+00  0.0000E+00  7.7200E+01  0.0000E+00  5.7404E+01  0.0000E+00  6.6345E-01  0.0000E+00  7.7200E+01  2.7690E+01  0.0000E+00  0.0000E+00
  1.0000E+01  1.2000E+01  0.0000E+00  4.3900E+01  0.0000E+00  2.2699E+01  0.0000E+00  1.7969E+00  0.0000E+00  4.3900E+01  1.2609E+01  0.0000E+00  0.0000E+00
  1.0000E+01  2.4000E+01  0.0000E+00  5.0000E-01  0.0000E+00  3.9984E-01  0.0000E+00  4.8197E-01  1.0000E+00  5.0000E-01  1.0000E+00  0.0000E+00  0.0000E+00
  1.1000E+01  0.0000E+00  7.8600E+04  0.0000E+00  1.0000E+00  0.0000E+00  0.0000E+00  0.0000E+00  0.0000E+00  0.0000E+00  1.0000E+00  0.0000E+00  0.0000E+00
  1.1000E+01  0.0000E+00  7.8600E+04  0.0000E+00  1.0000E+00  0.0000E+00  0.0000E+00  0.0000E+00  0.0000E+00  0.0000E+00  1.0000E+00  0.0000E+00  0.0000E+00
  1.1000E+01  0.0000E+00  0.0000E+00  0.0000E+00  0.0000E+00  0.0000E+00  0.0000E+00  0.0000E+00  0.0000E+00  0.0000E+00  1.0000E+00  0.0000E+00  0.0000E+00
  1.1000E+01  2.5000E-01  0.0000E+00  4.7300E+00  0.0000E+00  7.1088E+00  0.0000E+00 -6.4379E-01  0.0000E+00  4.7300E+00  4.6158E+00  0.0000E+00  0.0000E+00
  1.1000E+01  5.0000E-01  0.0000E+00  8.1400E+00  0.0000E+00  1.9231E+01  0.0000E+00 -1.1096E+00  0.0000E+00  8.1400E+00  1.2184E+01  0.0000E+00  0.0000E+00
  1.1000E+01  1.0000E+00  0.0000E+00  1.2200E+01  0.0000E+00  3.6267E+01  0.0000E+00 -1.2767E+00  0.0000E+00  1.2200E+01  2.2035E+01  0.0000E+00  0.0000E+00
  1.1000E+01  2.0000E+00  0.0000E+00  1.1000E+02  0.0000E+00  5.3441E+01  0.0000E+00  2.0361E+00  0.0000E+00  1.1000E+02  3.0634E+01  0.0000E+00  0.0000E+00
  1.1000E+01  4.0000E+00  0.0000E+00  1.7000E+01  0.0000E+00  6.3060E+01  0.0000E+00 -1.4053E+00  0.0000E+00  1.7000E+01  3.4438E+01  0.0000E+00  0.0000E+00
  1.1000E+01  6.0000E+00  0.0000E+00  1.3500E+01  0.0000E+00  6.5029E+01  0.0000E+00 -1.5245E+00  0.0000E+00  1.3500E+01  3.5117E+01  0.0000E+00  0.0000E+00
  1.1000E+01  8.0000E+00  0.0000E+00  4.1300E+01  0.0000E+00  5.8747E+01  0.0000E+00 -5.7136E-01  0.0000E+00  4.1300E+01  3.0871E+01  0.0000E+00  0.0000E+00
  1.1000E+01  1.2000E+01  0.0000E+00  4.7700E+01  0.0000E+00  2.4417E+01  0.0000E+00  1.8346E+00  0.0000E+00  4.7700E+01  1.4058E+01  0.0000E+00  0.0000E+00
  1.1000E+01  2.4000E+01  0.0000E+00  5.0000E-01  0.0000E+00  3.7978E-01  0.0000E+00  6.0904E-01  1.0000E+00  5.0000E-01  1.0000E+00  0.0000E+00  0.0000E+00
  1.2000E+01  0.0000E+00  6.4500E+04  0.0000E+00  1.0000E+00  0.0000E+00  0.0000E+00  0.0000E+00  0.0000E+00  0.0000E+00  1.0000E+00  0.0000E+00  0.0000E+00
  1.2000E+01  0.0000E+00  6.4500E+04  0.0000E+00  1.0000E+00  0.0000E+00  0.0000E+00  0.0000E+00  0.0000E+00  0.0000E+00  1.0000E+00  0.0000E+00  0.0000E+00
  1.2000E+01  0.0000E+00  0.0000E+00  0.0000E+00  0.0000E+00  0.0000E+00  0.0000E+00  0.0000E+00  0.0000E+00  0.0000E+00  1.0000E+00  0.0000E+00  0.0000E+00
  1.2000E+01  2.5000E-01  0.0000E+00  0.0000E+00  0.0000E+00  3.0462E-01  0.0000E+00 -1.9239E+00  0.0000E+00  0.0000E+00  7.8391E-02  0.0000E+00  0.0000E+00
  1.2000E+01  5.0000E-01  0.0000E+00  0.0000E+00  0.0000E+00  9.0702E-01  0.0000E+00 -1.9239E+00  0.0000E+00  0.0000E+00  4.1683E-02  0.0000E+00  0.0000E+00
  1.2000E+01  1.0000E+00  0.0000E+00  1.6800E+00  0.0000E+00  2.0426E+00  0.0000E+00 -3.4150E-01  0.0000E+00  1.6800E+00  1.8082E+01  0.0000E+00  0.0000E+00
  1.2000E+01  2.0000E+00  0.0000E+00  4.5500E+00  0.0000E+00  4.0621E+00  0.0000E+00  2.3107E-01  0.0000E+00  4.5500E+00  2.5139E+01  0.0000E+00  0.0000E+00
  1.2000E+01  4.0000E+00  0.0000E+00  8.0700E+00  0.0000E+00  7.2687E+00  0.0000E+00  2.1210E-01  0.0000E+00  8.0700E+00  2.8260E+01  0.0000E+00  0.0000E+00
  1.2000E+01  6.0000E+00  0.0000E+00  1.6500E+01  0.0000E+00  9.6268E+00  0.0000E+00  1.3736E+00  0.0000E+00  1.6500E+01  2.8817E+01  0.0000E+00  0.0000E+00
  1.2000E+01  8.0000E+00  0.0000E+00  8.9500E+00  0.0000E+00  1.1071E+01  0.0000E+00 -3.6853E-01  0.0000E+00  8.9500E+00  2.5333E+01  0.0000E+00  0.0000E+00
  1.2000E+01  1.2000E+01  0.0000E+00  9.3700E+00  0.0000E+00  7.2944E+00  0.0000E+00  5.4745E-01  0.0000E+00  9.3700E+00  1.1536E+01  0.0000E+00  0.0000E+00
  1.2000E+01  2.4000E+01  0.0000E+00  1.8200E+00  0.0000E+00  1.5959E+00  0.0000E+00  2.7017E-01  0.0000E+00  1.8200E+00  1.5237E-01  0.0000E+00  0.0000E+00
  1.3000E+01  0.0000E+00  6.6900E+04  0.0000E+00  1.0000E+00  0.0000E+00  0.0000E+00  0.0000E+00  0.0000E+00  0.0000E+00  1.0000E+00  0.0000E+00  0.0000E+00
  1.3000E+01  0.0000E+00  6.6900E+04  0.0000E+00  1.0000E+00  0.0000E+00  0.0000E+00  0.0000E+00  0.0000E+00  0.0000E+00  1.0000E+00  0.0000E+00  0.0000E+00
  1.3000E+01  0.0000E+00  0.0000E+00  0.0000E+00  0.0000E+00  0.0000E+00  0.0000E+00  0.0000E+00  0.0000E+00  0.0000E+00  1.0000E+00  0.0000E+00  0.0000E+00
  1.3000E+01  2.5000E-01  0.0000E+00  2.8600E+00  0.0000E+00  1.4295E+00  0.0000E+00  1.9254E+00  0.0000E+00  2.8600E+00  3.9287E+00  0.0000E+00  0.0000E+00
  1.3000E+01  5.0000E-01  0.0000E+00  5.9700E+00  0.0000E+00  4.1635E+00  0.0000E+00  8.3476E-01  0.0000E+00  5.9700E+00  1.0371E+01  0.0000E+00  0.0000E+00
  1.3000E+01  1.0000E+00  0.0000E+00  9.6700E+00  0.0000E+00  8.9850E+00  0.0000E+00  1.4667E-01  0.0000E+00  9.6700E+00  1.8755E+01  0.0000E+00  0.0000E+00
  1.3000E+01  2.0000E+00  0.0000E+00  8.9800E+00  0.0000E+00  1.6507E+01  0.0000E+00 -8.7729E-01  0.0000E+00  8.9800E+00  2.6074E+01  0.0000E+00  0.0000E+00
  1.3000E+01  4.0000E+00  0.0000E+00  1.7100E+01  0.0000E+00  2.5787E+01  0.0000E+00 -6.4810E-01  0.0000E+00  1.7100E+01  2.9312E+01  0.0000E+00  0.0000E+00
  1.3000E+01  6.0000E+00  0.0000E+00  2.7500E+01  0.0000E+00  3.0648E+01  0.0000E+00 -1.9763E-01  0.0000E+00  2.7500E+01  2.9889E+01  0.0000E+00  0.0000E+00
  1.3000E+01  8.0000E+00  0.0000E+00  1.5000E+01  0.0000E+00  3.1854E+01  0.0000E+00 -1.0179E+00  0.0000E+00  1.5000E+01  2.6276E+01  0.0000E+00  0.0000E+00
  1.3000E+01  1.2000E+01  0.0000E+00  7.1400E+00  0.0000E+00  1.4467E+01  0.0000E+00 -9.7441E-01  0.0000E+00  7.1400E+00  1.1965E+01  0.0000E+00  0.0000E+00
  1.3000E+01  2.4000E+01  0.0000E+00  1.4000E+00  0.0000E+00  8.7228E-01  0.0000E+00  1.1639E+00  0.0000E+00  1.4000E+00  1.5804E-01  0.0000E+00  0.0000E+00
  1.4000E+01  0.0000E+00  7.7400E+04  0.0000E+00  1.0000E+00  0.0000E+00  0.0000E+00  0.0000E+00  0.0000E+00  0.0000E+00  1.0000E+00  0.0000E+00  0.0000E+00
  1.4000E+01  0.0000E+00  7.7400E+04  0.0000E+00  1.0000E+00  0.0000E+00  0.0000E+00  0.0000E+00  0.0000E+00  0.0000E+00  1.0000E+00  0.0000E+00  0.0000E+00
  1.4000E+01  0.0000E+00  0.0000E+00  0.0000E+00  0.0000E+00  0.0000E+00  0.0000E+00  0.0000E+00  0.0000E+00  0.0000E+00  1.0000E+00  0.0000E+00  0.0000E+00
  1.4000E+01  2.5000E-01  0.0000E+00  0.0000E+00  0.0000E+00  5.3280E-01  0.0000E+00 -1.9239E+00  0.0000E+00  0.0000E+00  6.6725E-02  0.0000E+00  0.0000E+00
  1.4000E+01  5.0000E-01  0.0000E+00  0.0000E+00  0.0000E+00  1.5724E+00  0.0000E+00 -1.9239E+00  0.0000E+00  0.0000E+00  3.8903E-02  0.0000E+00  0.0000E+00
  1.4000E+01  1.0000E+00  0.0000E+00  5.9400E+00  0.0000E+00  3.4803E+00  0.0000E+00  1.3597E+00  0.0000E+00  5.9400E+00  2.1699E+01  0.0000E+00  0.0000E+00
  1.4000E+01  2.0000E+00  0.0000E+00  9.3600E+00  0.0000E+00  6.6990E+00  0.0000E+00  7.6424E-01  0.0000E+00  9.3600E+00  3.0167E+01  0.0000E+00  0.0000E+00
  1.4000E+01  4.0000E+00  0.0000E+00  8.7400E+00  0.0000E+00  1.1312E+01  0.0000E+00 -4.3740E-01  0.0000E+00  8.7400E+00  3.3912E+01  0.0000E+00  0.0000E+00
  1.4000E+01  6.0000E+00  0.0000E+00  1.6700E+01  0.0000E+00  1.4268E+01  0.0000E+00  3.2792E-01  0.0000E+00  1.6700E+01  3.4580E+01  0.0000E+00  0.0000E+00
  1.4000E+01  8.0000E+00  0.0000E+00  8.7500E+00  0.0000E+00  1.5659E+01  0.0000E+00 -8.4886E-01  0.0000E+00  8.7500E+00  3.0400E+01  0.0000E+00  0.0000E+00
  1.4000E+01  1.2000E+01  0.0000E+00  3.6200E+00  0.0000E+00  8.6599E+00  0.0000E+00 -1.1197E+00  0.0000E+00  3.6200E+00  1.3843E+01  0.0000E+00  0.0000E+00
  1.4000E+01  2.4000E+01  0.0000E+00  1.4600E+00  0.0000E+00  1.0455E+00  0.0000E+00  7.6269E-01  0.0000E+00  1.4600E+00  1.8285E-01  0.0000E+00  0.0000E+00
  1.5000E+01  0.0000E+00  2.2700E+05  0.0000E+00  1.0000E+00  0.0000E+00  0.0000E+00  0.0000E+00  0.0000E+00  0.0000E+00  1.0000E+00  0.0000E+00  0.0000E+00
  1.5000E+01  0.0000E+00  2.2700E+05  0.0000E+00  1.0000E+00  0.0000E+00  0.0000E+00  0.0000E+00  0.0000E+00  0.0000E+00  1.0000E+00  0.0000E+00  0.0000E+00
  1.5000E+01  0.0000E+00  0.0000E+00  0.0000E+00  0.0000E+00  0.0000E+00  0.0000E+00  0.0000E+00  0.0000E+00  0.0000E+00  1.0000E+00  0.0000E+00  0.0000E+00
  1.5000E+01  2.5000E-01  0.0000E+00  1.1600E+01  0.0000E+00  1.1735E+01  0.0000E+00 -2.2052E-02  0.0000E+00  1.1600E+01  1.3331E+01  0.0000E+00  0.0000E+00
  1.5000E+01  5.0000E-01  0.0000E+00  4.0600E+01  0.0000E+00  2.8492E+01  0.0000E+00  8.1763E-01  0.0000E+00  4.0600E+01  3.5189E+01  0.0000E+00  0.0000E+00
  1.5000E+01  1.0000E+00  0.0000E+00  7.2100E+01  0.0000E+00  4.5182E+01  0.0000E+00  1.1462E+00  0.0000E+00  7.2100E+01  6.3639E+01  0.0000E+00  0.0000E+00
  1.5000E+01  2.0000E+00  0.0000E+00  3.9700E+01  0.0000E+00  5.4148E+01  0.0000E+00 -5.1335E-01  0.0000E+00  3.9700E+01  8.8474E+01  0.0000E+00  0.0000E+00
  1.5000E+01  4.0000E+00  0.0000E+00  4.5700E+01  0.0000E+00  5.6270E+01  0.0000E+00 -3.6140E-01  0.0000E+00  4.5700E+01  9.9459E+01  0.0000E+00  0.0000E+00
  1.5000E+01  6.0000E+00  0.0000E+00  6.1800E+01  0.0000E+00  5.6830E+01  0.0000E+00  1.6825E-01  0.0000E+00  6.1800E+01  1.0142E+02  0.0000E+00  0.0000E+00
  1.5000E+01  8.0000E+00  0.0000E+00  5.6100E+01  0.0000E+00  4.5658E+01  0.0000E+00  4.3998E-01  0.0000E+00  5.6100E+01  8.9157E+01  0.0000E+00  0.0000E+00
  1.5000E+01  1.2000E+01  0.0000E+00  2.7000E+01  0.0000E+00  2.6746E+01  0.0000E+00  1.8278E-02  0.0000E+00  2.7000E+01  4.0599E+01  0.0000E+00  0.0000E+00
  1.5000E+01  2.4000E+01  0.0000E+00  5.0000E-01  0.0000E+00  2.5752E-01  0.0000E+00  1.8116E+00  1.0000E+00  5.0000E-01  9.5191E-01  0.0000E+00  0.0000E+00
  1.6000E+01  0.0000E+00  2.1500E+05  0.0000E+00  1.0000E+00  0.0000E+00  0.0000E+00  0.0000E+00  0.0000E+00  0.0000E+00  1.0000E+00  0.0000E+00  0.0000E+00
  1.6000E+01  0.0000E+00  2.1500E+05  0.0000E+00  1.0000E+00  0.0000E+00  0.0000E+00  0.0000E+00  0.0000E+00  0.0000E+00  1.0000E+00  0.0000E+00  0.0000E+00
  1.6000E+01  0.0000E+00  0.0000E+00  0.0000E+00  0.0000E+00  0.0000E+00  0.0000E+00  0.0000E+00  0.0000E+00  0.0000E+00  1.0000E+00  0.0000E+00  0.0000E+00
  1.6000E+01  2.5000E-01  0.0000E+00  6.4700E+00  0.0000E+00  1.7979E+01  0.0000E+00 -1.2316E+00  0.0000E+00  6.4700E+00  1.2626E+01  0.0000E+00  0.0000E+00
  1.6000E+01  5.0000E-01  0.0000E+00  1.1400E+01  0.0000E+00  4.9162E+01  0.0000E+00 -1.4778E+00  0.0000E+00  1.1400E+01  3.3329E+01  0.0000E+00  0.0000E+00
  1.6000E+01  1.0000E+00  0.0000E+00  1.5500E+02  0.0000E+00  9.4475E+01  0.0000E+00  1.2325E+00  0.0000E+00  1.5500E+02  6.0275E+01  0.0000E+00  0.0000E+00
  1.6000E+01  2.0000E+00  0.0000E+00  1.9400E+02  0.0000E+00  1.4314E+02  0.0000E+00  6.8361E-01  0.0000E+00  1.9400E+02  8.3797E+01  0.0000E+00  0.0000E+00
  1.6000E+01  4.0000E+00  0.0000E+00  8.8000E+01  0.0000E+00  1.7351E+02  0.0000E+00 -9.4815E-01  0.0000E+00  8.8000E+01  9.4201E+01  0.0000E+00  0.0000E+00
  1.6000E+01  6.0000E+00  0.0000E+00  3.2400E+02  0.0000E+00  1.8037E+02  0.0000E+00  1.5320E+00  0.0000E+00  3.2400E+02  9.6057E+01  0.0000E+00  0.0000E+00
  1.6000E+01  8.0000E+00  0.0000E+00  2.5300E+02  0.0000E+00  1.6505E+02  0.0000E+00  1.0252E+00  0.0000E+00  2.5300E+02  8.4444E+01  0.0000E+00  0.0000E+00
  1.6000E+01  1.2000E+01  0.0000E+00  7.2500E+01  0.0000E+00  6.6075E+01  0.0000E+00  1.8706E-01  0.0000E+00  7.2500E+01  3.8453E+01  0.0000E+00  0.0000E+00
  1.6000E+01  2.4000E+01  0.0000E+00  5.0000E-01  0.0000E+00  1.1232E+00  0.0000E+00 -1.0675E+00  1.0000E+00  5.0000E-01  9.6884E-01  0.0000E+00  0.0000E+00
  1.7000E+01  0.0000E+00  2.4900E+05  0.0000E+00  1.0000E+00  0.0000E+00  0.0000E+00  0.0000E+00  0.0000E+00  0.0000E+00  1.0000E+00  0.0000E+00  0.0000E+00
  1.7000E+01  0.0000E+00  2.4900E+05  0.0000E+00  1.0000E+00  0.0000E+00  0.0000E+00  0.0000E+00  0.0000E+00  0.0000E+00  1.0000E+00  0.0000E+00  0.0000E+00
  1.7000E+01  0.0000E+00  0.0000E+00  0.0000E+00  0.0000E+00  0.0000E+00  0.0000E+00  0.0000E+00  0.0000E+00  0.0000E+00  1.0000E+00  0.0000E+00  0.0000E+00
  1.7000E+01  2.5000E-01  0.0000E+00  1.0800E+01  0.0000E+00  7.2153E+00  0.0000E+00  9.5583E-01  0.0000E+00  1.0800E+01  1.4623E+01  0.0000E+00  0.0000E+00
  1.7000E+01  5.0000E-01  0.0000E+00  1.7400E+01  0.0000E+00  1.9892E+01  0.0000E+00 -2.4106E-01  0.0000E+00  1.7400E+01  3.8599E+01  0.0000E+00  0.0000E+00
  1.7000E+01  1.0000E+00  0.0000E+00  4.2300E+01  0.0000E+00  3.8788E+01  0.0000E+00  1.7420E-01  0.0000E+00  4.2300E+01  6.9806E+01  0.0000E+00  0.0000E+00
  1.7000E+01  2.0000E+00  0.0000E+00  4.8500E+01  0.0000E+00  6.0087E+01  0.0000E+00 -3.7099E-01  0.0000E+00  4.8500E+01  9.7048E+01  0.0000E+00  0.0000E+00
  1.7000E+01  4.0000E+00  0.0000E+00  5.4500E+01  0.0000E+00  7.4550E+01  0.0000E+00 -5.1743E-01  0.0000E+00  5.4500E+01  1.0910E+02  0.0000E+00  0.0000E+00
  1.7000E+01  6.0000E+00  0.0000E+00  1.3500E+02  0.0000E+00  7.8116E+01  0.0000E+00  1.4010E+00  0.0000E+00  1.3500E+02  1.1125E+02  0.0000E+00  0.0000E+00
  1.7000E+01  8.0000E+00  0.0000E+00  6.3900E+01  0.0000E+00  7.2235E+01  0.0000E+00 -2.2200E-01  0.0000E+00  6.3900E+01  9.7798E+01  0.0000E+00  0.0000E+00
  1.7000E+01  1.2000E+01  0.0000E+00  3.6300E+01  0.0000E+00  2.8206E+01  0.0000E+00  5.5212E-01  0.0000E+00  3.6300E+01  4.4533E+01  0.0000E+00  0.0000E+00
  1.7000E+01  2.4000E+01  0.0000E+00  5.0000E-01  0.0000E+00  5.1825E-01  0.0000E+00 -6.7762E-02  1.0000E+00  5.0000E-01  9.1097E-01  0.0000E+00  0.0000E+00
