TABLE NO.  2
 ID          CL          V2          V3          Q           KA          F1          DOSE
  1.0000E+00  4.2727E+01  3.2602E+00  1.9757E+00  3.1958E-01  1.0000E-02  5.4809E-02  1.2500E+01
  1.0000E+00  4.2727E+01  3.2602E+00  1.9757E+00  3.1958E-01  1.0000E-02  5.4809E-02  1.2500E+01
  1.0000E+00  4.2727E+01  3.2602E+00  1.9757E+00  3.1958E-01  1.0000E-02  5.4809E-02  1.2500E+01
  1.0000E+00  4.2727E+01  3.2602E+00  1.9757E+00  3.1958E-01  1.0000E-02  5.4809E-02  1.2500E+01
  1.0000E+00  4.2727E+01  3.2602E+00  1.9757E+00  3.1958E-01  1.0000E-02  5.4809E-02  1.2500E+01
  1.0000E+00  4.2727E+01  3.2602E+00  1.9757E+00  3.1958E-01  1.0000E-02  5.4809E-02  1.2500E+01
  1.0000E+00  4.2727E+01  3.2602E+00  1.9757E+00  3.1958E-01  1.0000E-02  5.4809E-02  1.2500E+01
  1.0000E+00  4.2727E+01  3.2602E+00  1.9757E+00  3.1958E-01  1.0000E-02  5.4809E-02  1.2500E+01
  1.0000E+00  4.2727E+01  3.2602E+00  1.9757E+00  3.1958E-01  1.0000E-02  5.4809E-02  1.2500E+01
  1.0000E+00  4.2727E+01  3.2602E+00  1.9757E+00  3.1958E-01  1.0000E-02  5.4809E-02  1.2500E+01
  1.0000E+00  4.2727E+01  3.2602E+00  1.9757E+00  3.1958E-01  1.0000E-02  5.4809E-02  1.2500E+01
  1.0000E+00  4.2727E+01  3.2602E+00  1.9757E+00  3.1958E-01  1.0000E-02  5.4809E-02  1.2500E+01
  1.0000E+00  4.2727E+01  3.2602E+00  1.9757E+00  3.1958E-01  1.0000E-02  5.4809E-02  1.2500E+01
  2.0000E+00  2.8670E+01  3.2602E+00  1.9757E+00  3.1958E-01  1.0000E-02  5.4809E-02  1.2500E+01
  2.0000E+00  2.8670E+01  3.2602E+00  1.9757E+00  3.1958E-01  1.0000E-02  5.4809E-02  1.2500E+01
  2.0000E+00  2.8670E+01  3.2602E+00  1.9757E+00  3.1958E-01  1.0000E-02  5.4809E-02  1.2500E+01
  2.0000E+00  2.8670E+01  3.2602E+00  1.9757E+00  3.1958E-01  1.0000E-02  5.4809E-02  1.2500E+01
  2.0000E+00  2.8670E+01  3.2602E+00  1.9757E+00  3.1958E-01  1.0000E-02  5.4809E-02  1.2500E+01
  2.0000E+00  2.8670E+01  3.2602E+00  1.9757E+00  3.1958E-01  1.0000E-02  5.4809E-02  1.2500E+01
  2.0000E+00  2.8670E+01  3.2602E+00  1.9757E+00  3.1958E-01  1.0000E-02  5.4809E-02  1.2500E+01
  2.0000E+00  2.8670E+01  3.2602E+00  1.9757E+00  3.1958E-01  1.0000E-02  5.4809E-02  1.2500E+01
  2.0000E+00  2.8670E+01  3.2602E+00  1.9757E+00  3.1958E-01  1.0000E-02  5.4809E-02  1.2500E+01
  2.0000E+00  2.8670E+01  3.2602E+00  1.9757E+00  3.1958E-01  1.0000E-02  5.4809E-02  1.2500E+01
  2.0000E+00  2.8670E+01  3.2602E+00  1.9757E+00  3.1958E-01  1.0000E-02  5.4809E-02  1.2500E+01
  2.0000E+00  2.8670E+01  3.2602E+00  1.9757E+00  3.1958E-01  1.0000E-02  5.4809E-02  1.2500E+01
  2.0000E+00  2.8670E+01  3.2602E+00  1.9757E+00  3.1958E-01  1.0000E-02  5.4809E-02  1.2500E+01
  3.0000E+00  5.3004E+00  3.2602E+00  1.9757E+00  3.1958E-01  1.0000E-02  1.0000E+00  2.5000E+00
  3.0000E+00  5.3004E+00  3.2602E+00  1.9757E+00  3.1958E-01  1.0000E-02  1.0000E+00  2.5000E+00
  3.0000E+00  5.3004E+00  3.2602E+00  1.9757E+00  3.1958E-01  1.0000E-02  1.0000E+00  2.5000E+00
  3.0000E+00  5.3004E+00  3.2602E+00  1.9757E+00  3.1958E-01  1.0000E-02  1.0000E+00  2.5000E+00
  3.0000E+00  5.3004E+00  3.2602E+00  1.9757E+00  3.1958E-01  1.0000E-02  1.0000E+00  2.5000E+00
  3.0000E+00  5.3004E+00  3.2602E+00  1.9757E+00  3.1958E-01  1.0000E-02  1.0000E+00  2.5000E+00
  3.0000E+00  5.3004E+00  3.2602E+00  1.9757E+00  3.1958E-01  1.0000E-02  1.0000E+00  2.5000E+00
  3.0000E+00  5.3004E+00  3.2602E+00  1.9757E+00  3.1958E-01  1.0000E-02  1.0000E+00  2.5000E+00
  3.0000E+00  5.3004E+00  3.2602E+00  1.9757E+00  3.1958E-01  1.0000E-02  1.0000E+00  2.5000E+00
  3.0000E+00  5.3004E+00  3.2602E+00  1.9757E+00  3.1958E-01  1.0000E-02  1.0000E+00  2.5000E+00
  3.0000E+00  5.3004E+00  3.2602E+00  1.9757E+00  3.1958E-01  1.0000E-02  1.0000E+00  2.5000E+00
  3.0000E+00  5.3004E+00  3.2602E+00  1.9757E+00  3.1958E-01  1.0000E-02  1.0000E+00  2.5000E+00
  4.0000E+00  6.3804E+00  3.2602E+00  1.9757E+00  3.1958E-01  1.0000E-02  1.0000E+00  2.5000E+00
  4.0000E+00  6.3804E+00  3.2602E+00  1.9757E+00  3.1958E-01  1.0000E-02  1.0000E+00  2.5000E+00
  4.0000E+00  6.3804E+00  3.2602E+00  1.9757E+00  3.1958E-01  1.0000E-02  1.0000E+00  2.5000E+00
  4.0000E+00  6.3804E+00  3.2602E+00  1.9757E+00  3.1958E-01  1.0000E-02  1.0000E+00  2.5000E+00
  4.0000E+00  6.3804E+00  3.2602E+00  1.9757E+00  3.1958E-01  1.0000E-02  1.0000E+00  2.5000E+00
  4.0000E+00  6.3804E+00  3.2602E+00  1.9757E+00  3.1958E-01  1.0000E-02  1.0000E+00  2.5000E+00
  4.0000E+00  6.3804E+00  3.2602E+00  1.9757E+00  3.1958E-01  1.0000E-02  1.0000E+00  2.5000E+00
  4.0000E+00  6.3804E+00  3.2602E+00  1.9757E+00  3.1958E-01  1.0000E-02  1.0000E+00  2.5000E+00
  4.0000E+00  6.3804E+00  3.2602E+00  1.9757E+00  3.1958E-01  1.0000E-02  1.0000E+00  2.5000E+00
  4.0000E+00  6.3804E+00  3.2602E+00  1.9757E+00  3.1958E-01  1.0000E-02  1.0000E+00  2.5000E+00
  4.0000E+00  6.3804E+00  3.2602E+00  1.9757E+00  3.1958E-01  1.0000E-02  1.0000E+00  2.5000E+00
  4.0000E+00  6.3804E+00  3.2602E+00  1.9757E+00  3.1958E-01  1.0000E-02  1.0000E+00  2.5000E+00
  5.0000E+00  5.8849E+00  3.2602E+00  1.9757E+00  3.1958E-01  1.0000E-02  1.0000E+00  2.5000E+00
  5.0000E+00  5.8849E+00  3.2602E+00  1.9757E+00  3.1958E-01  1.0000E-02  1.0000E+00  2.5000E+00
  5.0000E+00  5.8849E+00  3.2602E+00  1.9757E+00  3.1958E-01  1.0000E-02  1.0000E+00  2.5000E+00
  5.0000E+00  5.8849E+00  3.2602E+00  1.9757E+00  3.1958E-01  1.0000E-02  1.0000E+00  2.5000E+00
  5.0000E+00  5.8849E+00  3.2602E+00  1.9757E+00  3.1958E-01  1.0000E-02  1.0000E+00  2.5000E+00
  5.0000E+00  5.8849E+00  3.2602E+00  1.9757E+00  3.1958E-01  1.0000E-02  1.0000E+00  2.5000E+00
  5.0000E+00  5.8849E+00  3.2602E+00  1.9757E+00  3.1958E-01  1.0000E-02  1.0000E+00  2.5000E+00
  5.0000E+00  5.8849E+00  3.2602E+00  1.9757E+00  3.1958E-01  1.0000E-02  1.0000E+00  2.5000E+00
  5.0000E+00  5.8849E+00  3.2602E+00  1.9757E+00  3.1958E-01  1.0000E-02  1.0000E+00  2.5000E+00
  5.0000E+00  5.8849E+00  3.2602E+00  1.9757E+00  3.1958E-01  1.0000E-02  1.0000E+00  2.5000E+00
  5.0000E+00  5.8849E+00  3.2602E+00  1.9757E+00  3.1958E-01  1.0000E-02  1.0000E+00  2.5000E+00
  5.0000E+00  5.8849E+00  3.2602E+00  1.9757E+00  3.1958E-01  1.0000E-02  1.0000E+00  2.5000E+00
  6.0000E+00  2.6487E+01  3.2602E+00  1.9757E+00  3.1958E-01  1.0000E-02  5.4809E-02  1.0000E+01
  6.0000E+00  2.6487E+01  3.2602E+00  1.9757E+00  3.1958E-01  1.0000E-02  5.4809E-02  1.0000E+01
  6.0000E+00  2.6487E+01  3.2602E+00  1.9757E+00  3.1958E-01  1.0000E-02  5.4809E-02  1.0000E+01
  6.0000E+00  2.6487E+01  3.2602E+00  1.9757E+00  3.1958E-01  1.0000E-02  5.4809E-02  1.0000E+01
  6.0000E+00  2.6487E+01  3.2602E+00  1.9757E+00  3.1958E-01  1.0000E-02  5.4809E-02  1.0000E+01
  6.0000E+00  2.6487E+01  3.2602E+00  1.9757E+00  3.1958E-01  1.0000E-02  5.4809E-02  1.0000E+01
  6.0000E+00  2.6487E+01  3.2602E+00  1.9757E+00  3.1958E-01  1.0000E-02  5.4809E-02  1.0000E+01
  6.0000E+00  2.6487E+01  3.2602E+00  1.9757E+00  3.1958E-01  1.0000E-02  5.4809E-02  1.0000E+01
  6.0000E+00  2.6487E+01  3.2602E+00  1.9757E+00  3.1958E-01  1.0000E-02  5.4809E-02  1.0000E+01
  6.0000E+00  2.6487E+01  3.2602E+00  1.9757E+00  3.1958E-01  1.0000E-02  5.4809E-02  1.0000E+01
  6.0000E+00  2.6487E+01  3.2602E+00  1.9757E+00  3.1958E-01  1.0000E-02  5.4809E-02  1.0000E+01
  6.0000E+00  2.6487E+01  3.2602E+00  1.9757E+00  3.1958E-01  1.0000E-02  5.4809E-02  1.0000E+01
  7.0000E+00  1.8950E+01  3.2602E+00  1.9757E+00  3.1958E-01  1.0000E-02  5.4809E-02  1.0000E+01
  7.0000E+00  1.8950E+01  3.2602E+00  1.9757E+00  3.1958E-01  1.0000E-02  5.4809E-02  1.0000E+01
  7.0000E+00  1.8950E+01  3.2602E+00  1.9757E+00  3.1958E-01  1.0000E-02  5.4809E-02  1.0000E+01
  7.0000E+00  1.8950E+01  3.2602E+00  1.9757E+00  3.1958E-01  1.0000E-02  5.4809E-02  1.0000E+01
  7.0000E+00  1.8950E+01  3.2602E+00  1.9757E+00  3.1958E-01  1.0000E-02  5.4809E-02  1.0000E+01
  7.0000E+00  1.8950E+01  3.2602E+00  1.9757E+00  3.1958E-01  1.0000E-02  5.4809E-02  1.0000E+01
  7.0000E+00  1.8950E+01  3.2602E+00  1.9757E+00  3.1958E-01  1.0000E-02  5.4809E-02  1.0000E+01
  7.0000E+00  1.8950E+01  3.2602E+00  1.9757E+00  3.1958E-01  1.0000E-02  5.4809E-02  1.0000E+01
  7.0000E+00  1.8950E+01  3.2602E+00  1.9757E+00  3.1958E-01  1.0000E-02  5.4809E-02  1.0000E+01
  7.0000E+00  1.8950E+01  3.2602E+00  1.9757E+00  3.1958E-01  1.0000E-02  5.4809E-02  1.0000E+01
  7.0000E+00  1.8950E+01  3.2602E+00  1.9757E+00  3.1958E-01  1.0000E-02  5.4809E-02  1.0000E+01
  7.0000E+00  1.8950E+01  3.2602E+00  1.9757E+00  3.1958E-01  1.0000E-02  5.4809E-02  1.0000E+01
  8.0000E+00  2.2915E+01  3.2602E+00  1.9757E+00  3.1958E-01  1.0000E-02  5.4809E-02  1.0000E+01
  8.0000E+00  2.2915E+01  3.2602E+00  1.9757E+00  3.1958E-01  1.0000E-02  5.4809E-02  1.0000E+01
  8.0000E+00  2.2915E+01  3.2602E+00  1.9757E+00  3.1958E-01  1.0000E-02  5.4809E-02  1.0000E+01
  8.0000E+00  2.2915E+01  3.2602E+00  1.9757E+00  3.1958E-01  1.0000E-02  5.4809E-02  1.0000E+01
  8.0000E+00  2.2915E+01  3.2602E+00  1.9757E+00  3.1958E-01  1.0000E-02  5.4809E-02  1.0000E+01
  8.0000E+00  2.2915E+01  3.2602E+00  1.9757E+00  3.1958E-01  1.0000E-02  5.4809E-02  1.0000E+01
  8.0000E+00  2.2915E+01  3.2602E+00  1.9757E+00  3.1958E-01  1.0000E-02  5.4809E-02  1.0000E+01
  8.0000E+00  2.2915E+01  3.2602E+00  1.9757E+00  3.1958E-01  1.0000E-02  5.4809E-02  1.0000E+01
  8.0000E+00  2.2915E+01  3.2602E+00  1.9757E+00  3.1958E-01  1.0000E-02  5.4809E-02  1.0000E+01
  8.0000E+00  2.2915E+01  3.2602E+00  1.9757E+00  3.1958E-01  1.0000E-02  5.4809E-02  1.0000E+01
  8.0000E+00  2.2915E+01  3.2602E+00  1.9757E+00  3.1958E-01  1.0000E-02  5.4809E-02  1.0000E+01
  8.0000E+00  2.2915E+01  3.2602E+00  1.9757E+00  3.1958E-01  1.0000E-02  5.4809E-02  1.0000E+01
  9.0000E+00  7.2256E+00  3.2602E+00  1.9757E+00  3.1958E-01  1.0000E-02  5.4809E-02  3.0000E+01
  9.0000E+00  7.2256E+00  3.2602E+00  1.9757E+00  3.1958E-01  1.0000E-02  5.4809E-02  3.0000E+01
  9.0000E+00  7.2256E+00  3.2602E+00  1.9757E+00  3.1958E-01  1.0000E-02  5.4809E-02  3.0000E+01
  9.0000E+00  7.2256E+00  3.2602E+00  1.9757E+00  3.1958E-01  1.0000E-02  5.4809E-02  3.0000E+01
  9.0000E+00  7.2256E+00  3.2602E+00  1.9757E+00  3.1958E-01  1.0000E-02  5.4809E-02  3.0000E+01
  9.0000E+00  7.2256E+00  3.2602E+00  1.9757E+00  3.1958E-01  1.0000E-02  5.4809E-02  3.0000E+01
  9.0000E+00  7.2256E+00  3.2602E+00  1.9757E+00  3.1958E-01  1.0000E-02  5.4809E-02  3.0000E+01
  9.0000E+00  7.2256E+00  3.2602E+00  1.9757E+00  3.1958E-01  1.0000E-02  5.4809E-02  3.0000E+01
  9.0000E+00  7.2256E+00  3.2602E+00  1.9757E+00  3.1958E-01  1.0000E-02  5.4809E-02  3.0000E+01
  9.0000E+00  7.2256E+00  3.2602E+00  1.9757E+00  3.1958E-01  1.0000E-02  5.4809E-02  3.0000E+01
  9.0000E+00  7.2256E+00  3.2602E+00  1.9757E+00  3.1958E-01  1.0000E-02  5.4809E-02  3.0000E+01
  9.0000E+00  7.2256E+00  3.2602E+00  1.9757E+00  3.1958E-01  1.0000E-02  5.4809E-02  3.0000E+01
  1.0000E+01  1.1732E+01  3.2602E+00  1.9757E+00  3.1958E-01  1.0000E-02  5.4809E-02  3.0000E+01
  1.0000E+01  1.1732E+01  3.2602E+00  1.9757E+00  3.1958E-01  1.0000E-02  5.4809E-02  3.0000E+01
  1.0000E+01  1.1732E+01  3.2602E+00  1.9757E+00  3.1958E-01  1.0000E-02  5.4809E-02  3.0000E+01
  1.0000E+01  1.1732E+01  3.2602E+00  1.9757E+00  3.1958E-01  1.0000E-02  5.4809E-02  3.0000E+01
  1.0000E+01  1.1732E+01  3.2602E+00  1.9757E+00  3.1958E-01  1.0000E-02  5.4809E-02  3.0000E+01
  1.0000E+01  1.1732E+01  3.2602E+00  1.9757E+00  3.1958E-01  1.0000E-02  5.4809E-02  3.0000E+01
  1.0000E+01  1.1732E+01  3.2602E+00  1.9757E+00  3.1958E-01  1.0000E-02  5.4809E-02  3.0000E+01
  1.0000E+01  1.1732E+01  3.2602E+00  1.9757E+00  3.1958E-01  1.0000E-02  5.4809E-02  3.0000E+01
  1.0000E+01  1.1732E+01  3.2602E+00  1.9757E+00  3.1958E-01  1.0000E-02  5.4809E-02  3.0000E+01
  1.0000E+01  1.1732E+01  3.2602E+00  1.9757E+00  3.1958E-01  1.0000E-02  5.4809E-02  3.0000E+01
  1.0000E+01  1.1732E+01  3.2602E+00  1.9757E+00  3.1958E-01  1.0000E-02  5.4809E-02  3.0000E+01
  1.0000E+01  1.1732E+01  3.2602E+00  1.9757E+00  3.1958E-01  1.0000E-02  5.4809E-02  3.0000E+01
  1.1000E+01  1.2456E+01  3.2602E+00  1.9757E+00  3.1958E-01  1.0000E-02  5.4809E-02  3.0000E+01
  1.1000E+01  1.2456E+01  3.2602E+00  1.9757E+00  3.1958E-01  1.0000E-02  5.4809E-02  3.0000E+01
  1.1000E+01  1.2456E+01  3.2602E+00  1.9757E+00  3.1958E-01  1.0000E-02  5.4809E-02  3.0000E+01
  1.1000E+01  1.2456E+01  3.2602E+00  1.9757E+00  3.1958E-01  1.0000E-02  5.4809E-02  3.0000E+01
  1.1000E+01  1.2456E+01  3.2602E+00  1.9757E+00  3.1958E-01  1.0000E-02  5.4809E-02  3.0000E+01
  1.1000E+01  1.2456E+01  3.2602E+00  1.9757E+00  3.1958E-01  1.0000E-02  5.4809E-02  3.0000E+01
  1.1000E+01  1.2456E+01  3.2602E+00  1.9757E+00  3.1958E-01  1.0000E-02  5.4809E-02  3.0000E+01
  1.1000E+01  1.2456E+01  3.2602E+00  1.9757E+00  3.1958E-01  1.0000E-02  5.4809E-02  3.0000E+01
  1.1000E+01  1.2456E+01  3.2602E+00  1.9757E+00  3.1958E-01  1.0000E-02  5.4809E-02  3.0000E+01
  1.1000E+01  1.2456E+01  3.2602E+00  1.9757E+00  3.1958E-01  1.0000E-02  5.4809E-02  3.0000E+01
  1.1000E+01  1.2456E+01  3.2602E+00  1.9757E+00  3.1958E-01  1.0000E-02  5.4809E-02  3.0000E+01
  1.1000E+01  1.2456E+01  3.2602E+00  1.9757E+00  3.1958E-01  1.0000E-02  5.4809E-02  3.0000E+01
  1.2000E+01  3.5082E+01  3.2602E+00  1.9757E+00  3.1958E-01  1.0000E-02  5.4809E-02  3.0000E+01
  1.2000E+01  3.5082E+01  3.2602E+00  1.9757E+00  3.1958E-01  1.0000E-02  5.4809E-02  3.0000E+01
  1.2000E+01  3.5082E+01  3.2602E+00  1.9757E+00  3.1958E-01  1.0000E-02  5.4809E-02  3.0000E+01
  1.2000E+01  3.5082E+01  3.2602E+00  1.9757E+00  3.1958E-01  1.0000E-02  5.4809E-02  3.0000E+01
  1.2000E+01  3.5082E+01  3.2602E+00  1.9757E+00  3.1958E-01  1.0000E-02  5.4809E-02  3.0000E+01
  1.2000E+01  3.5082E+01  3.2602E+00  1.9757E+00  3.1958E-01  1.0000E-02  5.4809E-02  3.0000E+01
  1.2000E+01  3.5082E+01  3.2602E+00  1.9757E+00  3.1958E-01  1.0000E-02  5.4809E-02  3.0000E+01
  1.2000E+01  3.5082E+01  3.2602E+00  1.9757E+00  3.1958E-01  1.0000E-02  5.4809E-02  3.0000E+01
  1.2000E+01  3.5082E+01  3.2602E+00  1.9757E+00  3.1958E-01  1.0000E-02  5.4809E-02  3.0000E+01
  1.2000E+01  3.5082E+01  3.2602E+00  1.9757E+00  3.1958E-01  1.0000E-02  5.4809E-02  3.0000E+01
  1.2000E+01  3.5082E+01  3.2602E+00  1.9757E+00  3.1958E-01  1.0000E-02  5.4809E-02  3.0000E+01
  1.2000E+01  3.5082E+01  3.2602E+00  1.9757E+00  3.1958E-01  1.0000E-02  5.4809E-02  3.0000E+01
  1.3000E+01  3.6280E+01  3.2602E+00  1.9757E+00  3.1958E-01  1.0000E-02  5.4809E-02  3.0000E+01
  1.3000E+01  3.6280E+01  3.2602E+00  1.9757E+00  3.1958E-01  1.0000E-02  5.4809E-02  3.0000E+01
  1.3000E+01  3.6280E+01  3.2602E+00  1.9757E+00  3.1958E-01  1.0000E-02  5.4809E-02  3.0000E+01
  1.3000E+01  3.6280E+01  3.2602E+00  1.9757E+00  3.1958E-01  1.0000E-02  5.4809E-02  3.0000E+01
  1.3000E+01  3.6280E+01  3.2602E+00  1.9757E+00  3.1958E-01  1.0000E-02  5.4809E-02  3.0000E+01
  1.3000E+01  3.6280E+01  3.2602E+00  1.9757E+00  3.1958E-01  1.0000E-02  5.4809E-02  3.0000E+01
  1.3000E+01  3.6280E+01  3.2602E+00  1.9757E+00  3.1958E-01  1.0000E-02  5.4809E-02  3.0000E+01
  1.3000E+01  3.6280E+01  3.2602E+00  1.9757E+00  3.1958E-01  1.0000E-02  5.4809E-02  3.0000E+01
  1.3000E+01  3.6280E+01  3.2602E+00  1.9757E+00  3.1958E-01  1.0000E-02  5.4809E-02  3.0000E+01
  1.3000E+01  3.6280E+01  3.2602E+00  1.9757E+00  3.1958E-01  1.0000E-02  5.4809E-02  3.0000E+01
  1.3000E+01  3.6280E+01  3.2602E+00  1.9757E+00  3.1958E-01  1.0000E-02  5.4809E-02  3.0000E+01
  1.3000E+01  3.6280E+01  3.2602E+00  1.9757E+00  3.1958E-01  1.0000E-02  5.4809E-02  3.0000E+01
  1.4000E+01  5.3589E+01  3.2602E+00  1.9757E+00  3.1958E-01  1.0000E-02  5.4809E-02  3.0000E+01
  1.4000E+01  5.3589E+01  3.2602E+00  1.9757E+00  3.1958E-01  1.0000E-02  5.4809E-02  3.0000E+01
  1.4000E+01  5.3589E+01  3.2602E+00  1.9757E+00  3.1958E-01  1.0000E-02  5.4809E-02  3.0000E+01
  1.4000E+01  5.3589E+01  3.2602E+00  1.9757E+00  3.1958E-01  1.0000E-02  5.4809E-02  3.0000E+01
  1.4000E+01  5.3589E+01  3.2602E+00  1.9757E+00  3.1958E-01  1.0000E-02  5.4809E-02  3.0000E+01
  1.4000E+01  5.3589E+01  3.2602E+00  1.9757E+00  3.1958E-01  1.0000E-02  5.4809E-02  3.0000E+01
  1.4000E+01  5.3589E+01  3.2602E+00  1.9757E+00  3.1958E-01  1.0000E-02  5.4809E-02  3.0000E+01
  1.4000E+01  5.3589E+01  3.2602E+00  1.9757E+00  3.1958E-01  1.0000E-02  5.4809E-02  3.0000E+01
  1.4000E+01  5.3589E+01  3.2602E+00  1.9757E+00  3.1958E-01  1.0000E-02  5.4809E-02  3.0000E+01
  1.4000E+01  5.3589E+01  3.2602E+00  1.9757E+00  3.1958E-01  1.0000E-02  5.4809E-02  3.0000E+01
  1.4000E+01  5.3589E+01  3.2602E+00  1.9757E+00  3.1958E-01  1.0000E-02  5.4809E-02  3.0000E+01
  1.4000E+01  5.3589E+01  3.2602E+00  1.9757E+00  3.1958E-01  1.0000E-02  5.4809E-02  3.0000E+01
  1.5000E+01  3.7186E+01  3.2602E+00  1.9757E+00  3.1958E-01  1.0000E-02  5.4809E-02  1.0000E+02
  1.5000E+01  3.7186E+01  3.2602E+00  1.9757E+00  3.1958E-01  1.0000E-02  5.4809E-02  1.0000E+02
  1.5000E+01  3.7186E+01  3.2602E+00  1.9757E+00  3.1958E-01  1.0000E-02  5.4809E-02  1.0000E+02
  1.5000E+01  3.7186E+01  3.2602E+00  1.9757E+00  3.1958E-01  1.0000E-02  5.4809E-02  1.0000E+02
  1.5000E+01  3.7186E+01  3.2602E+00  1.9757E+00  3.1958E-01  1.0000E-02  5.4809E-02  1.0000E+02
  1.5000E+01  3.7186E+01  3.2602E+00  1.9757E+00  3.1958E-01  1.0000E-02  5.4809E-02  1.0000E+02
  1.5000E+01  3.7186E+01  3.2602E+00  1.9757E+00  3.1958E-01  1.0000E-02  5.4809E-02  1.0000E+02
  1.5000E+01  3.7186E+01  3.2602E+00  1.9757E+00  3.1958E-01  1.0000E-02  5.4809E-02  1.0000E+02
  1.5000E+01  3.7186E+01  3.2602E+00  1.9757E+00  3.1958E-01  1.0000E-02  5.4809E-02  1.0000E+02
  1.5000E+01  3.7186E+01  3.2602E+00  1.9757E+00  3.1958E-01  1.0000E-02  5.4809E-02  1.0000E+02
  1.5000E+01  3.7186E+01  3.2602E+00  1.9757E+00  3.1958E-01  1.0000E-02  5.4809E-02  1.0000E+02
  1.5000E+01  3.7186E+01  3.2602E+00  1.9757E+00  3.1958E-01  1.0000E-02  5.4809E-02  1.0000E+02
  1.6000E+01  9.9692E+00  3.2602E+00  1.9757E+00  3.1958E-01  1.0000E-02  5.4809E-02  1.0000E+02
  1.6000E+01  9.9692E+00  3.2602E+00  1.9757E+00  3.1958E-01  1.0000E-02  5.4809E-02  1.0000E+02
  1.6000E+01  9.9692E+00  3.2602E+00  1.9757E+00  3.1958E-01  1.0000E-02  5.4809E-02  1.0000E+02
  1.6000E+01  9.9692E+00  3.2602E+00  1.9757E+00  3.1958E-01  1.0000E-02  5.4809E-02  1.0000E+02
  1.6000E+01  9.9692E+00  3.2602E+00  1.9757E+00  3.1958E-01  1.0000E-02  5.4809E-02  1.0000E+02
  1.6000E+01  9.9692E+00  3.2602E+00  1.9757E+00  3.1958E-01  1.0000E-02  5.4809E-02  1.0000E+02
  1.6000E+01  9.9692E+00  3.2602E+00  1.9757E+00  3.1958E-01  1.0000E-02  5.4809E-02  1.0000E+02
  1.6000E+01  9.9692E+00  3.2602E+00  1.9757E+00  3.1958E-01  1.0000E-02  5.4809E-02  1.0000E+02
  1.6000E+01  9.9692E+00  3.2602E+00  1.9757E+00  3.1958E-01  1.0000E-02  5.4809E-02  1.0000E+02
  1.6000E+01  9.9692E+00  3.2602E+00  1.9757E+00  3.1958E-01  1.0000E-02  5.4809E-02  1.0000E+02
  1.6000E+01  9.9692E+00  3.2602E+00  1.9757E+00  3.1958E-01  1.0000E-02  5.4809E-02  1.0000E+02
  1.6000E+01  9.9692E+00  3.2602E+00  1.9757E+00  3.1958E-01  1.0000E-02  5.4809E-02  1.0000E+02
  1.7000E+01  3.0653E+01  3.2602E+00  1.9757E+00  3.1958E-01  1.0000E-02  5.4809E-02  1.0000E+02
  1.7000E+01  3.0653E+01  3.2602E+00  1.9757E+00  3.1958E-01  1.0000E-02  5.4809E-02  1.0000E+02
  1.7000E+01  3.0653E+01  3.2602E+00  1.9757E+00  3.1958E-01  1.0000E-02  5.4809E-02  1.0000E+02
  1.7000E+01  3.0653E+01  3.2602E+00  1.9757E+00  3.1958E-01  1.0000E-02  5.4809E-02  1.0000E+02
  1.7000E+01  3.0653E+01  3.2602E+00  1.9757E+00  3.1958E-01  1.0000E-02  5.4809E-02  1.0000E+02
  1.7000E+01  3.0653E+01  3.2602E+00  1.9757E+00  3.1958E-01  1.0000E-02  5.4809E-02  1.0000E+02
  1.7000E+01  3.0653E+01  3.2602E+00  1.9757E+00  3.1958E-01  1.0000E-02  5.4809E-02  1.0000E+02
  1.7000E+01  3.0653E+01  3.2602E+00  1.9757E+00  3.1958E-01  1.0000E-02  5.4809E-02  1.0000E+02
  1.7000E+01  3.0653E+01  3.2602E+00  1.9757E+00  3.1958E-01  1.0000E-02  5.4809E-02  1.0000E+02
  1.7000E+01  3.0653E+01  3.2602E+00  1.9757E+00  3.1958E-01  1.0000E-02  5.4809E-02  1.0000E+02
  1.7000E+01  3.0653E+01  3.2602E+00  1.9757E+00  3.1958E-01  1.0000E-02  5.4809E-02  1.0000E+02
  1.7000E+01  3.0653E+01  3.2602E+00  1.9757E+00  3.1958E-01  1.0000E-02  5.4809E-02  1.0000E+02
