TABLE NO.  1
 ID          TIME        AMT         DV          MDV         IPRED       CWRES       IWRES       BQL         DV          PRED        RES         WRES
  1.0000E+00  0.0000E+00  2.9000E+04  0.0000E+00  1.0000E+00  0.0000E+00  0.0000E+00  0.0000E+00  0.0000E+00  0.0000E+00  1.0000E+00  0.0000E+00  0.0000E+00
  1.0000E+00  0.0000E+00  2.9000E+04  0.0000E+00  1.0000E+00  0.0000E+00  0.0000E+00  0.0000E+00  0.0000E+00  0.0000E+00  1.0000E+00  0.0000E+00  0.0000E+00
  1.0000E+00  0.0000E+00  0.0000E+00  0.0000E+00  0.0000E+00  0.0000E+00  0.0000E+00  0.0000E+00  0.0000E+00  0.0000E+00  1.0000E+00  0.0000E+00  0.0000E+00
  1.0000E+00  2.5000E-01  0.0000E+00  7.3000E-01  0.0000E+00  4.2109E+00  0.0000E+00 -1.0712E+00  0.0000E+00  7.3000E-01  1.2881E-01  0.0000E+00  0.0000E+00
  1.0000E+00  5.0000E-01  0.0000E+00  2.7500E+00  0.0000E+00  4.3672E+00  0.0000E+00 -4.7988E-01  0.0000E+00  2.7500E+00  9.9562E+00  0.0000E+00  0.0000E+00
  1.0000E+00  1.0000E+00  0.0000E+00  7.2700E+00  0.0000E+00  4.3756E+00  0.0000E+00  8.5723E-01  0.0000E+00  7.2700E+00  1.0633E+01  0.0000E+00  0.0000E+00
  1.0000E+00  2.0000E+00  0.0000E+00  6.4500E+00  0.0000E+00  4.3798E+00  0.0000E+00  6.1253E-01  0.0000E+00  6.4500E+00  1.0707E+01  0.0000E+00  0.0000E+00
  1.0000E+00  3.0000E+00  0.0000E+00  6.8500E+00  0.0000E+00  4.3834E+00  0.0000E+00  7.2921E-01  0.0000E+00  6.8500E+00  1.0729E+01  0.0000E+00  0.0000E+00
  1.0000E+00  4.0000E+00  0.0000E+00  4.2300E+00  0.0000E+00  4.3865E+00  0.0000E+00 -4.6225E-02  0.0000E+00  4.2300E+00  1.0748E+01  0.0000E+00  0.0000E+00
  1.0000E+00  6.0000E+00  0.0000E+00  6.0300E+00  0.0000E+00  4.3913E+00  0.0000E+00  4.8358E-01  0.0000E+00  6.0300E+00  1.0778E+01  0.0000E+00  0.0000E+00
  1.0000E+00  8.0000E+00  0.0000E+00  8.1100E+00  0.0000E+00  4.3948E+00  0.0000E+00  1.0955E+00  0.0000E+00  8.1100E+00  1.0800E+01  0.0000E+00  0.0000E+00
  1.0000E+00  1.2000E+01  0.0000E+00  5.0000E-01  0.0000E+00  1.6990E+00  0.0000E+00 -9.1452E-01  1.0000E+00  5.0000E-01  1.3209E-01  0.0000E+00  0.0000E+00
  1.0000E+00  2.4000E+01  0.0000E+00  5.0000E-01  0.0000E+00  3.3373E-01  0.0000E+00  6.4565E-01  1.0000E+00  5.0000E-01  5.9851E-01  0.0000E+00  0.0000E+00
  2.0000E+00  0.0000E+00  2.9000E+04  0.0000E+00  1.0000E+00  0.0000E+00  0.0000E+00  0.0000E+00  0.0000E+00  0.0000E+00  1.0000E+00  0.0000E+00  0.0000E+00
  2.0000E+00  0.0000E+00  2.9000E+04  0.0000E+00  1.0000E+00  0.0000E+00  0.0000E+00  0.0000E+00  0.0000E+00  0.0000E+00  1.0000E+00  0.0000E+00  0.0000E+00
  2.0000E+00  0.0000E+00  0.0000E+00  0.0000E+00  0.0000E+00  0.0000E+00  0.0000E+00  0.0000E+00  0.0000E+00  0.0000E+00  1.0000E+00  0.0000E+00  0.0000E+00
  2.0000E+00  2.5000E-01  0.0000E+00  1.2000E-01  0.0000E+00  5.7892E+00  0.0000E+00 -1.2690E+00  0.0000E+00  1.2000E-01  1.2881E-01  0.0000E+00  0.0000E+00
  2.0000E+00  5.0000E-01  0.0000E+00  1.8000E-01  0.0000E+00  6.4183E+00  0.0000E+00 -1.2595E+00  0.0000E+00  1.8000E-01  1.2186E-01  0.0000E+00  0.0000E+00
  2.0000E+00  1.0000E+00  0.0000E+00  1.4000E-01  0.0000E+00  6.4987E+00  0.0000E+00 -1.2680E+00  0.0000E+00  1.4000E-01  1.2020E-01  0.0000E+00  0.0000E+00
  2.0000E+00  2.0000E+00  0.0000E+00  1.1700E+00  0.0000E+00  6.5091E+00  0.0000E+00 -1.0629E+00  0.0000E+00  1.1700E+00  1.0707E+01  0.0000E+00  0.0000E+00
  2.0000E+00  3.0000E+00  0.0000E+00  8.4000E+00  0.0000E+00  6.5171E+00  0.0000E+00  3.7440E-01  0.0000E+00  8.4000E+00  1.0729E+01  0.0000E+00  0.0000E+00
  2.0000E+00  4.0000E+00  0.0000E+00  1.5500E+01  0.0000E+00  6.5240E+00  0.0000E+00  1.7829E+00  0.0000E+00  1.5500E+01  1.0748E+01  0.0000E+00  0.0000E+00
  2.0000E+00  6.0000E+00  0.0000E+00  8.5100E+00  0.0000E+00  6.5348E+00  0.0000E+00  3.9169E-01  0.0000E+00  8.5100E+00  1.0778E+01  0.0000E+00  0.0000E+00
  2.0000E+00  8.0000E+00  0.0000E+00  6.0400E+00  0.0000E+00  6.5427E+00  0.0000E+00 -9.9564E-02  0.0000E+00  6.0400E+00  1.0800E+01  0.0000E+00  0.0000E+00
  2.0000E+00  1.2000E+01  0.0000E+00  5.0000E-01  0.0000E+00  3.3995E+00  0.0000E+00 -1.1053E+00  1.0000E+00  5.0000E-01  1.3209E-01  0.0000E+00  0.0000E+00
  2.0000E+00  2.4000E+01  0.0000E+00  5.0000E-01  0.0000E+00  5.0046E-01  0.0000E+00 -1.1982E-03  1.0000E+00  5.0000E-01  5.9851E-01  0.0000E+00  0.0000E+00
  3.0000E+00  0.0000E+00  5.4500E+03  0.0000E+00  1.0000E+00  1.6717E+03  0.0000E+00 -1.2959E+00  0.0000E+00  0.0000E+00  9.7642E-02  0.0000E+00  0.0000E+00
  3.0000E+00  1.7000E-02  0.0000E+00  2.5500E+03  0.0000E+00  1.6234E+03  0.0000E+00  7.3963E-01  0.0000E+00  2.5500E+03  1.5247E+03  0.0000E+00  0.0000E+00
  3.0000E+00  8.3500E-02  0.0000E+00  2.1100E+03  0.0000E+00  1.4477E+03  0.0000E+00  5.9288E-01  0.0000E+00  2.1100E+03  1.0638E+03  0.0000E+00  0.0000E+00
  3.0000E+00  2.5000E-01  0.0000E+00  1.4600E+03  0.0000E+00  1.0870E+03  0.0000E+00  4.4463E-01  0.0000E+00  1.4600E+03  4.3226E+02  0.0000E+00  0.0000E+00
  3.0000E+00  5.0000E-01  0.0000E+00  8.5300E+02  0.0000E+00  7.0790E+02  0.0000E+00  2.6563E-01  0.0000E+00  8.5300E+02  1.1224E+02  0.0000E+00  0.0000E+00
  3.0000E+00  1.0000E+00  0.0000E+00  5.5500E+02  0.0000E+00  3.0248E+02  0.0000E+00  1.0818E+00  0.0000E+00  5.5500E+02  8.2409E+00  0.0000E+00  0.0000E+00
  3.0000E+00  2.0000E+00  0.0000E+00  1.0300E+02  0.0000E+00  5.9667E+01  0.0000E+00  9.4112E-01  0.0000E+00  1.0300E+02  7.3139E-01  0.0000E+00  0.0000E+00
  3.0000E+00  4.0000E+00  0.0000E+00  7.4100E+00  0.0000E+00  7.4244E+00  0.0000E+00 -2.5208E-03  0.0000E+00  7.4100E+00  5.0844E-01  0.0000E+00  0.0000E+00
  3.0000E+00  6.0000E+00  0.0000E+00  4.4900E+00  0.0000E+00  4.3395E+00  0.0000E+00  4.4946E-02  0.0000E+00  4.4900E+00  3.7013E-01  0.0000E+00  0.0000E+00
  3.0000E+00  8.0000E+00  0.0000E+00  5.2500E+00  0.0000E+00  3.1684E+00  0.0000E+00  8.5136E-01  0.0000E+00  5.2500E+00  2.6945E-01  0.0000E+00  0.0000E+00
  3.0000E+00  1.2000E+01  0.0000E+00  2.4600E+00  0.0000E+00  1.7264E+00  0.0000E+00  5.5062E-01  0.0000E+00  2.4600E+00  1.4280E-01  0.0000E+00  0.0000E+00
  3.0000E+00  2.4000E+01  0.0000E+00  5.0000E-01  0.0000E+00  2.7971E-01  0.0000E+00  1.0206E+00  1.0000E+00  5.0000E-01  1.0000E+00  0.0000E+00  0.0000E+00
  4.0000E+00  0.0000E+00  5.9500E+03  0.0000E+00  1.0000E+00  1.8251E+03  0.0000E+00 -1.2959E+00  0.0000E+00  0.0000E+00  9.7631E-02  0.0000E+00  0.0000E+00
  4.0000E+00  1.7000E-02  0.0000E+00  2.3000E+03  0.0000E+00  1.7624E+03  0.0000E+00  3.9529E-01  0.0000E+00  2.3000E+03  1.6646E+03  0.0000E+00  0.0000E+00
  4.0000E+00  8.3500E-02  0.0000E+00  2.0000E+03  0.0000E+00  1.5374E+03  0.0000E+00  3.8996E-01  0.0000E+00  2.0000E+03  1.1614E+03  0.0000E+00  0.0000E+00
  4.0000E+00  2.5000E-01  0.0000E+00  1.2600E+03  0.0000E+00  1.0924E+03  0.0000E+00  1.9875E-01  0.0000E+00  1.2600E+03  4.7191E+02  0.0000E+00  0.0000E+00
  4.0000E+00  5.0000E-01  0.0000E+00  7.3500E+02  0.0000E+00  6.5498E+02  0.0000E+00  1.5832E-01  0.0000E+00  7.3500E+02  1.2254E+02  0.0000E+00  0.0000E+00
  4.0000E+00  1.0000E+00  0.0000E+00  4.3200E+02  0.0000E+00  2.3764E+02  0.0000E+00  1.0599E+00  0.0000E+00  4.3200E+02  8.9969E+00  0.0000E+00  0.0000E+00
  4.0000E+00  2.0000E+00  0.0000E+00  5.4600E+01  0.0000E+00  3.5178E+01  0.0000E+00  7.1549E-01  0.0000E+00  5.4600E+01  7.9849E-01  0.0000E+00  0.0000E+00
  4.0000E+00  4.0000E+00  0.0000E+00  7.2500E+00  0.0000E+00  4.7860E+00  0.0000E+00  6.6717E-01  0.0000E+00  7.2500E+00  5.5508E-01  0.0000E+00  0.0000E+00
  4.0000E+00  6.0000E+00  0.0000E+00  3.6500E+00  0.0000E+00  3.1810E+00  0.0000E+00  1.9105E-01  0.0000E+00  3.6500E+00  4.0409E-01  0.0000E+00  0.0000E+00
  4.0000E+00  8.0000E+00  0.0000E+00  3.3200E+00  0.0000E+00  2.3350E+00  0.0000E+00  5.4664E-01  0.0000E+00  3.3200E+00  2.9417E-01  0.0000E+00  0.0000E+00
  4.0000E+00  1.2000E+01  0.0000E+00  1.6100E+00  0.0000E+00  1.2640E+00  0.0000E+00  3.5470E-01  0.0000E+00  1.6100E+00  1.5590E-01  0.0000E+00  0.0000E+00
  4.0000E+00  2.4000E+01  0.0000E+00  5.0000E-01  0.0000E+00  2.0054E-01  0.0000E+00  1.9350E+00  1.0000E+00  5.0000E-01  1.0000E+00  0.0000E+00  0.0000E+00
  5.0000E+00  0.0000E+00  6.1000E+03  0.0000E+00  1.0000E+00  1.8711E+03  0.0000E+00 -1.2959E+00  0.0000E+00  0.0000E+00  9.7628E-02  0.0000E+00  0.0000E+00
  5.0000E+00  1.7000E-02  0.0000E+00  2.6900E+03  0.0000E+00  1.8115E+03  0.0000E+00  6.2843E-01  0.0000E+00  2.6900E+03  1.7066E+03  0.0000E+00  0.0000E+00
  5.0000E+00  8.3500E-02  0.0000E+00  2.0500E+03  0.0000E+00  1.5963E+03  0.0000E+00  3.6836E-01  0.0000E+00  2.0500E+03  1.1907E+03  0.0000E+00  0.0000E+00
  5.0000E+00  2.5000E-01  0.0000E+00  1.1600E+03  0.0000E+00  1.1634E+03  0.0000E+00 -3.7402E-03  0.0000E+00  1.1600E+03  4.8381E+02  0.0000E+00  0.0000E+00
  5.0000E+00  5.0000E-01  0.0000E+00  8.2000E+02  0.0000E+00  7.2445E+02  0.0000E+00  1.7091E-01  0.0000E+00  8.2000E+02  1.2563E+02  0.0000E+00  0.0000E+00
  5.0000E+00  1.0000E+00  0.0000E+00  4.5600E+02  0.0000E+00  2.8332E+02  0.0000E+00  7.8986E-01  0.0000E+00  4.5600E+02  9.2238E+00  0.0000E+00  0.0000E+00
  5.0000E+00  2.0000E+00  0.0000E+00  5.7800E+01  0.0000E+00  4.7739E+01  0.0000E+00  2.7311E-01  0.0000E+00  5.7800E+01  8.1862E-01  0.0000E+00  0.0000E+00
  5.0000E+00  4.0000E+00  0.0000E+00  6.8700E+00  0.0000E+00  6.1173E+00  0.0000E+00  1.5945E-01  0.0000E+00  6.8700E+00  5.6908E-01  0.0000E+00  0.0000E+00
  5.0000E+00  6.0000E+00  0.0000E+00  6.0500E+00  0.0000E+00  3.8730E+00  0.0000E+00  7.2841E-01  0.0000E+00  6.0500E+00  4.1428E-01  0.0000E+00  0.0000E+00
  5.0000E+00  8.0000E+00  0.0000E+00  6.1100E+00  0.0000E+00  2.8399E+00  0.0000E+00  1.4922E+00  0.0000E+00  6.1100E+00  3.0159E-01  0.0000E+00  0.0000E+00
  5.0000E+00  1.2000E+01  0.0000E+00  1.7100E+00  0.0000E+00  1.5416E+00  0.0000E+00  1.4154E-01  0.0000E+00  1.7100E+00  1.5983E-01  0.0000E+00  0.0000E+00
  5.0000E+00  2.4000E+01  0.0000E+00  5.0000E-01  0.0000E+00  2.4671E-01  0.0000E+00  1.3304E+00  1.0000E+00  5.0000E-01  1.0000E+00  0.0000E+00  0.0000E+00
  6.0000E+00  0.0000E+00  2.1800E+04  0.0000E+00  1.0000E+00  0.0000E+00  0.0000E+00  0.0000E+00  0.0000E+00  0.0000E+00  1.0000E+00  0.0000E+00  0.0000E+00
  6.0000E+00  0.0000E+00  2.1800E+04  0.0000E+00  1.0000E+00  0.0000E+00  0.0000E+00  0.0000E+00  0.0000E+00  0.0000E+00  1.0000E+00  0.0000E+00  0.0000E+00
  6.0000E+00  0.0000E+00  0.0000E+00  0.0000E+00  0.0000E+00  0.0000E+00  0.0000E+00  0.0000E+00  0.0000E+00  0.0000E+00  1.0000E+00  0.0000E+00  0.0000E+00
  6.0000E+00  2.5000E-01  0.0000E+00  0.0000E+00  0.0000E+00  4.6021E+00  0.0000E+00 -1.2959E+00  0.0000E+00  0.0000E+00  1.4054E-01  0.0000E+00  0.0000E+00
  6.0000E+00  5.0000E-01  0.0000E+00  1.3900E+00  0.0000E+00  5.1931E+00  0.0000E+00 -9.4902E-01  0.0000E+00  1.3900E+00  7.4843E+00  0.0000E+00  0.0000E+00
  6.0000E+00  1.0000E+00  0.0000E+00  9.5800E+00  0.0000E+00  5.2827E+00  0.0000E+00  1.0541E+00  0.0000E+00  9.5800E+00  7.9934E+00  0.0000E+00  0.0000E+00
  6.0000E+00  2.0000E+00  0.0000E+00  9.5100E+00  0.0000E+00  5.2925E+00  0.0000E+00  1.0327E+00  0.0000E+00  9.5100E+00  8.0485E+00  0.0000E+00  0.0000E+00
  6.0000E+00  4.0000E+00  0.0000E+00  4.9900E+00  0.0000E+00  5.3056E+00  0.0000E+00 -7.7089E-02  0.0000E+00  4.9900E+00  8.0797E+00  0.0000E+00  0.0000E+00
  6.0000E+00  6.0000E+00  0.0000E+00  3.2100E+00  0.0000E+00  5.3152E+00  0.0000E+00 -5.1326E-01  0.0000E+00  3.2100E+00  8.1023E+00  0.0000E+00  0.0000E+00
  6.0000E+00  8.0000E+00  0.0000E+00  9.1800E+00  0.0000E+00  5.3221E+00  0.0000E+00  9.3935E-01  0.0000E+00  9.1800E+00  8.1188E+00  0.0000E+00  0.0000E+00
  6.0000E+00  1.2000E+01  0.0000E+00  3.8300E+00  0.0000E+00  2.9005E+00  0.0000E+00  4.1527E-01  0.0000E+00  3.8300E+00  5.4321E+00  0.0000E+00  0.0000E+00
  6.0000E+00  2.4000E+01  0.0000E+00  5.0000E-01  0.0000E+00  4.0785E-01  0.0000E+00  2.9278E-01  1.0000E+00  5.0000E-01  7.7634E-01  0.0000E+00  0.0000E+00
  7.0000E+00  0.0000E+00  2.3800E+04  0.0000E+00  1.0000E+00  0.0000E+00  0.0000E+00  0.0000E+00  0.0000E+00  0.0000E+00  1.0000E+00  0.0000E+00  0.0000E+00
  7.0000E+00  0.0000E+00  2.3800E+04  0.0000E+00  1.0000E+00  0.0000E+00  0.0000E+00  0.0000E+00  0.0000E+00  0.0000E+00  1.0000E+00  0.0000E+00  0.0000E+00
  7.0000E+00  0.0000E+00  0.0000E+00  0.0000E+00  0.0000E+00  0.0000E+00  0.0000E+00  0.0000E+00  0.0000E+00  0.0000E+00  1.0000E+00  0.0000E+00  0.0000E+00
  7.0000E+00  2.5000E-01  0.0000E+00  2.7200E+00  0.0000E+00  6.1866E+00  0.0000E+00 -7.2614E-01  0.0000E+00  2.7200E+00  6.4906E+00  0.0000E+00  0.0000E+00
  7.0000E+00  5.0000E-01  0.0000E+00  3.0600E+00  0.0000E+00  7.6013E+00  0.0000E+00 -7.7421E-01  0.0000E+00  3.0600E+00  8.1709E+00  0.0000E+00  0.0000E+00
  7.0000E+00  1.0000E+00  0.0000E+00  5.3900E+00  0.0000E+00  8.0060E+00  0.0000E+00 -4.2344E-01  0.0000E+00  5.3900E+00  8.7267E+00  0.0000E+00  0.0000E+00
  7.0000E+00  2.0000E+00  0.0000E+00  2.4700E+01  0.0000E+00  8.0455E+00  0.0000E+00  2.6825E+00  0.0000E+00  2.4700E+01  8.7869E+00  0.0000E+00  0.0000E+00
  7.0000E+00  4.0000E+00  0.0000E+00  3.7600E+00  0.0000E+00  8.0738E+00  0.0000E+00 -6.9239E-01  0.0000E+00  3.7600E+00  8.8209E+00  0.0000E+00  0.0000E+00
  7.0000E+00  6.0000E+00  0.0000E+00  3.1900E+00  0.0000E+00  8.0944E+00  0.0000E+00 -7.8518E-01  0.0000E+00  3.1900E+00  8.8456E+00  0.0000E+00  0.0000E+00
  7.0000E+00  8.0000E+00  0.0000E+00  6.4300E+00  0.0000E+00  8.1094E+00  0.0000E+00 -2.6837E-01  0.0000E+00  6.4300E+00  8.8636E+00  0.0000E+00  0.0000E+00
  7.0000E+00  1.2000E+01  0.0000E+00  4.9200E+00  0.0000E+00  5.2294E+00  0.0000E+00 -7.6681E-02  0.0000E+00  4.9200E+00  5.9305E+00  0.0000E+00  0.0000E+00
  7.0000E+00  2.4000E+01  0.0000E+00  5.0000E-01  0.0000E+00  6.2757E-01  0.0000E+00 -2.6343E-01  1.0000E+00  5.0000E-01  7.2145E-01  0.0000E+00  0.0000E+00
  8.0000E+00  0.0000E+00  2.4400E+04  0.0000E+00  1.0000E+00  0.0000E+00  0.0000E+00  0.0000E+00  0.0000E+00  0.0000E+00  1.0000E+00  0.0000E+00  0.0000E+00
  8.0000E+00  0.0000E+00  2.4400E+04  0.0000E+00  1.0000E+00  0.0000E+00  0.0000E+00  0.0000E+00  0.0000E+00  0.0000E+00  1.0000E+00  0.0000E+00  0.0000E+00
  8.0000E+00  0.0000E+00  0.0000E+00  0.0000E+00  0.0000E+00  0.0000E+00  0.0000E+00  0.0000E+00  0.0000E+00  0.0000E+00  1.0000E+00  0.0000E+00  0.0000E+00
  8.0000E+00  2.5000E-01  0.0000E+00  4.4400E+00  0.0000E+00  5.6680E+00  0.0000E+00 -2.8076E-01  0.0000E+00  4.4400E+00  6.6542E+00  0.0000E+00  0.0000E+00
  8.0000E+00  5.0000E-01  0.0000E+00  9.7200E+00  0.0000E+00  6.6248E+00  0.0000E+00  6.0546E-01  0.0000E+00  9.7200E+00  8.3769E+00  0.0000E+00  0.0000E+00
  8.0000E+00  1.0000E+00  0.0000E+00  1.7700E+01  0.0000E+00  6.8192E+00  0.0000E+00  2.0677E+00  0.0000E+00  1.7700E+01  8.9467E+00  0.0000E+00  0.0000E+00
  8.0000E+00  2.0000E+00  0.0000E+00  7.3400E+00  0.0000E+00  6.8371E+00  0.0000E+00  9.5314E-02  0.0000E+00  7.3400E+00  9.0084E+00  0.0000E+00  0.0000E+00
  8.0000E+00  4.0000E+00  0.0000E+00  4.9900E+00  0.0000E+00  6.8569E+00  0.0000E+00 -3.5282E-01  0.0000E+00  4.9900E+00  9.0433E+00  0.0000E+00  0.0000E+00
  8.0000E+00  6.0000E+00  0.0000E+00  6.1800E+00  0.0000E+00  6.8712E+00  0.0000E+00 -1.3036E-01  0.0000E+00  6.1800E+00  9.0686E+00  0.0000E+00  0.0000E+00
  8.0000E+00  8.0000E+00  0.0000E+00  4.5600E+00  0.0000E+00  6.8816E+00  0.0000E+00 -4.3719E-01  0.0000E+00  4.5600E+00  9.0871E+00  0.0000E+00  0.0000E+00
  8.0000E+00  1.2000E+01  0.0000E+00  5.4200E+00  0.0000E+00  4.0592E+00  0.0000E+00  4.3445E-01  0.0000E+00  5.4200E+00  6.0800E+00  0.0000E+00  0.0000E+00
  8.0000E+00  2.4000E+01  0.0000E+00  5.0000E-01  0.0000E+00  5.2938E-01  0.0000E+00 -7.1918E-02  1.0000E+00  5.0000E-01  7.0569E-01  0.0000E+00  0.0000E+00
  9.0000E+00  0.0000E+00  6.5700E+04  0.0000E+00  1.0000E+00  0.0000E+00  0.0000E+00  0.0000E+00  0.0000E+00  0.0000E+00  1.0000E+00  0.0000E+00  0.0000E+00
  9.0000E+00  0.0000E+00  6.5700E+04  0.0000E+00  1.0000E+00  0.0000E+00  0.0000E+00  0.0000E+00  0.0000E+00  0.0000E+00  1.0000E+00  0.0000E+00  0.0000E+00
  9.0000E+00  0.0000E+00  0.0000E+00  0.0000E+00  0.0000E+00  0.0000E+00  0.0000E+00  0.0000E+00  0.0000E+00  0.0000E+00  1.0000E+00  0.0000E+00  0.0000E+00
  9.0000E+00  2.5000E-01  0.0000E+00  6.1100E+01  0.0000E+00  2.4826E+01  0.0000E+00  1.8935E+00  0.0000E+00  6.1100E+01  1.7917E+01  0.0000E+00  0.0000E+00
  9.0000E+00  5.0000E-01  0.0000E+00  1.5100E+02  0.0000E+00  3.8764E+01  0.0000E+00  3.7521E+00  0.0000E+00  1.5100E+02  2.2556E+01  0.0000E+00  0.0000E+00
  9.0000E+00  1.0000E+00  0.0000E+00  6.1800E+01  0.0000E+00  5.1036E+01  0.0000E+00  2.7332E-01  0.0000E+00  6.1800E+01  2.4090E+01  0.0000E+00  0.0000E+00
  9.0000E+00  2.0000E+00  0.0000E+00  2.9100E+01  0.0000E+00  5.6354E+01  0.0000E+00 -6.2672E-01  0.0000E+00  2.9100E+01  2.4256E+01  0.0000E+00  0.0000E+00
  9.0000E+00  4.0000E+00  0.0000E+00  1.2200E+01  0.0000E+00  5.7449E+01  0.0000E+00 -1.0207E+00  0.0000E+00  1.2200E+01  2.4350E+01  0.0000E+00  0.0000E+00
  9.0000E+00  6.0000E+00  0.0000E+00  3.5300E+01  0.0000E+00  5.7865E+01  0.0000E+00 -5.0534E-01  0.0000E+00  3.5300E+01  2.4418E+01  0.0000E+00  0.0000E+00
  9.0000E+00  8.0000E+00  0.0000E+00  3.1900E+01  0.0000E+00  5.8167E+01  0.0000E+00 -5.8519E-01  0.0000E+00  3.1900E+01  2.4468E+01  0.0000E+00  0.0000E+00
  9.0000E+00  1.2000E+01  0.0000E+00  2.0000E+01  0.0000E+00  4.9310E+01  0.0000E+00 -7.7027E-01  0.0000E+00  2.0000E+01  1.6371E+01  0.0000E+00  0.0000E+00
  9.0000E+00  2.4000E+01  0.0000E+00  5.0000E-01  0.0000E+00  4.7824E+00  0.0000E+00 -1.1604E+00  1.0000E+00  5.0000E-01  2.6969E-01  0.0000E+00  0.0000E+00
  1.0000E+01  0.0000E+00  7.0500E+04  0.0000E+00  1.0000E+00  0.0000E+00  0.0000E+00  0.0000E+00  0.0000E+00  0.0000E+00  1.0000E+00  0.0000E+00  0.0000E+00
  1.0000E+01  0.0000E+00  7.0500E+04  0.0000E+00  1.0000E+00  0.0000E+00  0.0000E+00  0.0000E+00  0.0000E+00  0.0000E+00  1.0000E+00  0.0000E+00  0.0000E+00
  1.0000E+01  0.0000E+00  0.0000E+00  0.0000E+00  0.0000E+00  0.0000E+00  0.0000E+00  0.0000E+00  0.0000E+00  0.0000E+00  1.0000E+00  0.0000E+00  0.0000E+00
  1.0000E+01  2.5000E-01  0.0000E+00  7.4900E+00  0.0000E+00  2.2898E+01  0.0000E+00 -8.7199E-01  0.0000E+00  7.4900E+00  1.9226E+01  0.0000E+00  0.0000E+00
  1.0000E+01  5.0000E-01  0.0000E+00  1.1400E+01  0.0000E+00  3.1999E+01  0.0000E+00 -8.3421E-01  0.0000E+00  1.1400E+01  2.4204E+01  0.0000E+00  0.0000E+00
  1.0000E+01  1.0000E+00  0.0000E+00  4.4700E+01  0.0000E+00  3.7094E+01  0.0000E+00  2.6573E-01  0.0000E+00  4.4700E+01  2.5850E+01  0.0000E+00  0.0000E+00
  1.0000E+01  2.0000E+00  0.0000E+00  4.1200E+01  0.0000E+00  3.8146E+01  0.0000E+00  1.0375E-01  0.0000E+00  4.1200E+01  2.6028E+01  0.0000E+00  0.0000E+00
  1.0000E+01  4.0000E+00  0.0000E+00  4.5400E+01  0.0000E+00  3.8391E+01  0.0000E+00  2.3658E-01  0.0000E+00  4.5400E+01  2.6129E+01  0.0000E+00  0.0000E+00
  1.0000E+01  6.0000E+00  0.0000E+00  7.5200E+01  0.0000E+00  3.8553E+01  0.0000E+00  1.2318E+00  0.0000E+00  7.5200E+01  2.6202E+01  0.0000E+00  0.0000E+00
  1.0000E+01  8.0000E+00  0.0000E+00  7.7200E+01  0.0000E+00  3.8672E+01  0.0000E+00  1.2911E+00  0.0000E+00  7.7200E+01  2.6256E+01  0.0000E+00  0.0000E+00
  1.0000E+01  1.2000E+01  0.0000E+00  4.3900E+01  0.0000E+00  2.9447E+01  0.0000E+00  6.3601E-01  0.0000E+00  4.3900E+01  1.7567E+01  0.0000E+00  0.0000E+00
  1.0000E+01  2.4000E+01  0.0000E+00  5.0000E-01  0.0000E+00  3.0594E+00  0.0000E+00 -1.0841E+00  1.0000E+00  5.0000E-01  2.5456E-01  0.0000E+00  0.0000E+00
  1.1000E+01  0.0000E+00  7.8600E+04  0.0000E+00  1.0000E+00  0.0000E+00  0.0000E+00  0.0000E+00  0.0000E+00  0.0000E+00  1.0000E+00  0.0000E+00  0.0000E+00
  1.1000E+01  0.0000E+00  7.8600E+04  0.0000E+00  1.0000E+00  0.0000E+00  0.0000E+00  0.0000E+00  0.0000E+00  0.0000E+00  1.0000E+00  0.0000E+00  0.0000E+00
  1.1000E+01  0.0000E+00  0.0000E+00  0.0000E+00  0.0000E+00  0.0000E+00  0.0000E+00  0.0000E+00  0.0000E+00  0.0000E+00  1.0000E+00  0.0000E+00  0.0000E+00
  1.1000E+01  2.5000E-01  0.0000E+00  4.7300E+00  0.0000E+00  2.4938E+01  0.0000E+00 -1.0501E+00  0.0000E+00  4.7300E+00  2.1435E+01  0.0000E+00  0.0000E+00
  1.1000E+01  5.0000E-01  0.0000E+00  8.1400E+00  0.0000E+00  3.4316E+01  0.0000E+00 -9.8848E-01  0.0000E+00  8.1400E+00  2.6985E+01  0.0000E+00  0.0000E+00
  1.1000E+01  1.0000E+00  0.0000E+00  1.2200E+01  0.0000E+00  3.9208E+01  0.0000E+00 -8.9266E-01  0.0000E+00  1.2200E+01  2.8820E+01  0.0000E+00  0.0000E+00
  1.1000E+01  2.0000E+00  0.0000E+00  1.1000E+02  0.0000E+00  4.0119E+01  0.0000E+00  2.2572E+00  0.0000E+00  1.1000E+02  2.9019E+01  0.0000E+00  0.0000E+00
  1.1000E+01  4.0000E+00  0.0000E+00  1.7000E+01  0.0000E+00  4.0354E+01  0.0000E+00 -7.4996E-01  0.0000E+00  1.7000E+01  2.9131E+01  0.0000E+00  0.0000E+00
  1.1000E+01  6.0000E+00  0.0000E+00  1.3500E+01  0.0000E+00  4.0514E+01  0.0000E+00 -8.6407E-01  0.0000E+00  1.3500E+01  2.9213E+01  0.0000E+00  0.0000E+00
  1.1000E+01  8.0000E+00  0.0000E+00  4.1300E+01  0.0000E+00  4.0631E+01  0.0000E+00  2.1336E-02  0.0000E+00  4.1300E+01  2.9272E+01  0.0000E+00  0.0000E+00
  1.1000E+01  1.2000E+01  0.0000E+00  4.7700E+01  0.0000E+00  3.0420E+01  0.0000E+00  7.3611E-01  0.0000E+00  4.7700E+01  1.9586E+01  0.0000E+00  0.0000E+00
  1.1000E+01  2.4000E+01  0.0000E+00  5.0000E-01  0.0000E+00  3.2034E+00  0.0000E+00 -1.0936E+00  1.0000E+00  5.0000E-01  2.3401E-01  0.0000E+00  0.0000E+00
  1.2000E+01  0.0000E+00  6.4500E+04  0.0000E+00  1.0000E+00  0.0000E+00  0.0000E+00  0.0000E+00  0.0000E+00  0.0000E+00  1.0000E+00  0.0000E+00  0.0000E+00
  1.2000E+01  0.0000E+00  6.4500E+04  0.0000E+00  1.0000E+00  0.0000E+00  0.0000E+00  0.0000E+00  0.0000E+00  0.0000E+00  1.0000E+00  0.0000E+00  0.0000E+00
  1.2000E+01  0.0000E+00  0.0000E+00  0.0000E+00  0.0000E+00  0.0000E+00  0.0000E+00  0.0000E+00  0.0000E+00  0.0000E+00  1.0000E+00  0.0000E+00  0.0000E+00
  1.2000E+01  2.5000E-01  0.0000E+00  0.0000E+00  0.0000E+00  1.1041E+01  0.0000E+00 -1.2959E+00  0.0000E+00  0.0000E+00  1.1081E-01  0.0000E+00  0.0000E+00
  1.2000E+01  5.0000E-01  0.0000E+00  0.0000E+00  0.0000E+00  1.1776E+01  0.0000E+00 -1.2959E+00  0.0000E+00  0.0000E+00  1.0798E-01  0.0000E+00  0.0000E+00
  1.2000E+01  1.0000E+00  0.0000E+00  1.6800E+00  0.0000E+00  1.1835E+01  0.0000E+00 -1.1119E+00  0.0000E+00  1.6800E+00  2.3650E+01  0.0000E+00  0.0000E+00
  1.2000E+01  2.0000E+00  0.0000E+00  4.5500E+00  0.0000E+00  1.1849E+01  0.0000E+00 -7.9828E-01  0.0000E+00  4.5500E+00  2.3813E+01  0.0000E+00  0.0000E+00
  1.2000E+01  4.0000E+00  0.0000E+00  8.0700E+00  0.0000E+00  1.1872E+01  0.0000E+00 -4.1497E-01  0.0000E+00  8.0700E+00  2.3905E+01  0.0000E+00  0.0000E+00
  1.2000E+01  6.0000E+00  0.0000E+00  1.6500E+01  0.0000E+00  1.1888E+01  0.0000E+00  5.0281E-01  0.0000E+00  1.6500E+01  2.3972E+01  0.0000E+00  0.0000E+00
  1.2000E+01  8.0000E+00  0.0000E+00  8.9500E+00  0.0000E+00  1.1899E+01  0.0000E+00 -3.2118E-01  0.0000E+00  8.9500E+00  2.4021E+01  0.0000E+00  0.0000E+00
  1.2000E+01  1.2000E+01  0.0000E+00  9.3700E+00  0.0000E+00  5.3885E+00  0.0000E+00  9.5752E-01  0.0000E+00  9.3700E+00  1.6072E+01  0.0000E+00  0.0000E+00
  1.2000E+01  2.4000E+01  0.0000E+00  1.8200E+00  0.0000E+00  9.0650E-01  0.0000E+00  1.3059E+00  0.0000E+00  1.8200E+00  1.8651E+00  0.0000E+00  0.0000E+00
  1.3000E+01  0.0000E+00  6.6900E+04  0.0000E+00  1.0000E+00  0.0000E+00  0.0000E+00  0.0000E+00  0.0000E+00  0.0000E+00  1.0000E+00  0.0000E+00  0.0000E+00
  1.3000E+01  0.0000E+00  6.6900E+04  0.0000E+00  1.0000E+00  0.0000E+00  0.0000E+00  0.0000E+00  0.0000E+00  0.0000E+00  1.0000E+00  0.0000E+00  0.0000E+00
  1.3000E+01  0.0000E+00  0.0000E+00  0.0000E+00  0.0000E+00  0.0000E+00  0.0000E+00  0.0000E+00  0.0000E+00  0.0000E+00  1.0000E+00  0.0000E+00  0.0000E+00
  1.3000E+01  2.5000E-01  0.0000E+00  2.8600E+00  0.0000E+00  1.1146E+01  0.0000E+00 -9.6336E-01  0.0000E+00  2.8600E+00  1.8245E+01  0.0000E+00  0.0000E+00
  1.3000E+01  5.0000E-01  0.0000E+00  5.9700E+00  0.0000E+00  1.1823E+01  0.0000E+00 -6.4152E-01  0.0000E+00  5.9700E+00  2.2968E+01  0.0000E+00  0.0000E+00
  1.3000E+01  1.0000E+00  0.0000E+00  9.6700E+00  0.0000E+00  1.1874E+01  0.0000E+00 -2.4050E-01  0.0000E+00  9.6700E+00  2.4530E+01  0.0000E+00  0.0000E+00
  1.3000E+01  2.0000E+00  0.0000E+00  8.9800E+00  0.0000E+00  1.1887E+01  0.0000E+00 -3.1693E-01  0.0000E+00  8.9800E+00  2.4699E+01  0.0000E+00  0.0000E+00
  1.3000E+01  4.0000E+00  0.0000E+00  1.7100E+01  0.0000E+00  1.1909E+01  0.0000E+00  5.6491E-01  0.0000E+00  1.7100E+01  2.4795E+01  0.0000E+00  0.0000E+00
  1.3000E+01  6.0000E+00  0.0000E+00  2.7500E+01  0.0000E+00  1.1924E+01  0.0000E+00  1.6927E+00  0.0000E+00  2.7500E+01  2.4864E+01  0.0000E+00  0.0000E+00
  1.3000E+01  8.0000E+00  0.0000E+00  1.5000E+01  0.0000E+00  1.1935E+01  0.0000E+00  3.3272E-01  0.0000E+00  1.5000E+01  2.4915E+01  0.0000E+00  0.0000E+00
  1.3000E+01  1.2000E+01  0.0000E+00  7.1400E+00  0.0000E+00  5.2704E+00  0.0000E+00  4.5971E-01  0.0000E+00  7.1400E+00  1.6670E+01  0.0000E+00  0.0000E+00
  1.3000E+01  2.4000E+01  0.0000E+00  1.4000E+00  0.0000E+00  9.0872E-01  0.0000E+00  7.0059E-01  0.0000E+00  1.4000E+00  1.9345E+00  0.0000E+00  0.0000E+00
  1.4000E+01  0.0000E+00  7.7400E+04  0.0000E+00  1.0000E+00  0.0000E+00  0.0000E+00  0.0000E+00  0.0000E+00  0.0000E+00  1.0000E+00  0.0000E+00  0.0000E+00
  1.4000E+01  0.0000E+00  7.7400E+04  0.0000E+00  1.0000E+00  0.0000E+00  0.0000E+00  0.0000E+00  0.0000E+00  0.0000E+00  1.0000E+00  0.0000E+00  0.0000E+00
  1.4000E+01  0.0000E+00  0.0000E+00  0.0000E+00  0.0000E+00  0.0000E+00  0.0000E+00  0.0000E+00  0.0000E+00  0.0000E+00  1.0000E+00  0.0000E+00  0.0000E+00
  1.4000E+01  2.5000E-01  0.0000E+00  0.0000E+00  0.0000E+00  9.1683E+00  0.0000E+00 -1.2959E+00  0.0000E+00  0.0000E+00  1.0851E-01  0.0000E+00  0.0000E+00
  1.4000E+01  5.0000E-01  0.0000E+00  0.0000E+00  0.0000E+00  9.3173E+00  0.0000E+00 -1.2959E+00  0.0000E+00  0.0000E+00  1.0618E-01  0.0000E+00  0.0000E+00
  1.4000E+01  1.0000E+00  0.0000E+00  5.9400E+00  0.0000E+00  9.3237E+00  0.0000E+00 -4.7029E-01  0.0000E+00  5.9400E+00  2.8380E+01  0.0000E+00  0.0000E+00
  1.4000E+01  2.0000E+00  0.0000E+00  9.3600E+00  0.0000E+00  9.3309E+00  0.0000E+00  4.0432E-03  0.0000E+00  9.3600E+00  2.8576E+01  0.0000E+00  0.0000E+00
  1.4000E+01  4.0000E+00  0.0000E+00  8.7400E+00  0.0000E+00  9.3422E+00  0.0000E+00 -8.3530E-02  0.0000E+00  8.7400E+00  2.8687E+01  0.0000E+00  0.0000E+00
  1.4000E+01  6.0000E+00  0.0000E+00  1.6700E+01  0.0000E+00  9.3504E+00  0.0000E+00  1.0186E+00  0.0000E+00  1.6700E+01  2.8767E+01  0.0000E+00  0.0000E+00
  1.4000E+01  8.0000E+00  0.0000E+00  8.7500E+00  0.0000E+00  9.3563E+00  0.0000E+00 -8.3976E-02  0.0000E+00  8.7500E+00  2.8825E+01  0.0000E+00  0.0000E+00
  1.4000E+01  1.2000E+01  0.0000E+00  3.6200E+00  0.0000E+00  2.9243E+00  0.0000E+00  3.0831E-01  0.0000E+00  3.6200E+00  1.9287E+01  0.0000E+00  0.0000E+00
  1.4000E+01  2.4000E+01  0.0000E+00  1.4600E+00  0.0000E+00  7.0838E-01  0.0000E+00  1.3750E+00  0.0000E+00  1.4600E+00  2.2381E+00  0.0000E+00  0.0000E+00
  1.5000E+01  0.0000E+00  2.2700E+05  0.0000E+00  1.0000E+00  0.0000E+00  0.0000E+00  0.0000E+00  0.0000E+00  0.0000E+00  1.0000E+00  0.0000E+00  0.0000E+00
  1.5000E+01  0.0000E+00  2.2700E+05  0.0000E+00  1.0000E+00  0.0000E+00  0.0000E+00  0.0000E+00  0.0000E+00  0.0000E+00  1.0000E+00  0.0000E+00  0.0000E+00
  1.5000E+01  0.0000E+00  0.0000E+00  0.0000E+00  0.0000E+00  0.0000E+00  0.0000E+00  0.0000E+00  0.0000E+00  0.0000E+00  1.0000E+00  0.0000E+00  0.0000E+00
  1.5000E+01  2.5000E-01  0.0000E+00  1.1600E+01  0.0000E+00  3.7065E+01  0.0000E+00 -8.9031E-01  0.0000E+00  1.1600E+01  6.1906E+01  0.0000E+00  0.0000E+00
  1.5000E+01  5.0000E-01  0.0000E+00  4.0600E+01  0.0000E+00  3.9165E+01  0.0000E+00  4.7474E-02  0.0000E+00  4.0600E+01  7.7933E+01  0.0000E+00  0.0000E+00
  1.5000E+01  1.0000E+00  0.0000E+00  7.2100E+01  0.0000E+00  3.9314E+01  0.0000E+00  1.0807E+00  0.0000E+00  7.2100E+01  8.3234E+01  0.0000E+00  0.0000E+00
  1.5000E+01  2.0000E+00  0.0000E+00  3.9700E+01  0.0000E+00  3.9358E+01  0.0000E+00  1.1251E-02  0.0000E+00  3.9700E+01  8.3807E+01  0.0000E+00  0.0000E+00
  1.5000E+01  4.0000E+00  0.0000E+00  4.5700E+01  0.0000E+00  3.9427E+01  0.0000E+00  2.0616E-01  0.0000E+00  4.5700E+01  8.4132E+01  0.0000E+00  0.0000E+00
  1.5000E+01  6.0000E+00  0.0000E+00  6.1800E+01  0.0000E+00  3.9478E+01  0.0000E+00  7.3275E-01  0.0000E+00  6.1800E+01  8.4368E+01  0.0000E+00  0.0000E+00
  1.5000E+01  8.0000E+00  0.0000E+00  5.6100E+01  0.0000E+00  3.9514E+01  0.0000E+00  5.4395E-01  0.0000E+00  5.6100E+01  8.4539E+01  0.0000E+00  0.0000E+00
  1.5000E+01  1.2000E+01  0.0000E+00  2.7000E+01  0.0000E+00  1.7120E+01  0.0000E+00  7.4782E-01  0.0000E+00  2.7000E+01  5.6564E+01  0.0000E+00  0.0000E+00
  1.5000E+01  2.4000E+01  0.0000E+00  5.0000E-01  0.0000E+00  3.0072E+00  0.0000E+00 -1.0804E+00  1.0000E+00  5.0000E-01  1.3600E-01  0.0000E+00  0.0000E+00
  1.6000E+01  0.0000E+00  2.1500E+05  0.0000E+00  1.0000E+00  0.0000E+00  0.0000E+00  0.0000E+00  0.0000E+00  0.0000E+00  1.0000E+00  0.0000E+00  0.0000E+00
  1.6000E+01  0.0000E+00  2.1500E+05  0.0000E+00  1.0000E+00  0.0000E+00  0.0000E+00  0.0000E+00  0.0000E+00  0.0000E+00  1.0000E+00  0.0000E+00  0.0000E+00
  1.6000E+01  0.0000E+00  0.0000E+00  0.0000E+00  0.0000E+00  0.0000E+00  0.0000E+00  0.0000E+00  0.0000E+00  0.0000E+00  1.0000E+00  0.0000E+00  0.0000E+00
  1.6000E+01  2.5000E-01  0.0000E+00  6.4700E+00  0.0000E+00  7.4004E+01  0.0000E+00 -1.1826E+00  0.0000E+00  6.4700E+00  5.8633E+01  0.0000E+00  0.0000E+00
  1.6000E+01  5.0000E-01  0.0000E+00  1.1400E+01  0.0000E+00  1.0767E+02  0.0000E+00 -1.1587E+00  0.0000E+00  1.1400E+01  7.3813E+01  0.0000E+00  0.0000E+00
  1.6000E+01  1.0000E+00  0.0000E+00  1.5500E+02  0.0000E+00  1.3010E+02  0.0000E+00  2.4802E-01  0.0000E+00  1.5500E+02  7.8834E+01  0.0000E+00  0.0000E+00
  1.6000E+01  2.0000E+00  0.0000E+00  1.9400E+02  0.0000E+00  1.3618E+02  0.0000E+00  5.5021E-01  0.0000E+00  1.9400E+02  7.9377E+01  0.0000E+00  0.0000E+00
  1.6000E+01  4.0000E+00  0.0000E+00  8.8000E+01  0.0000E+00  1.3737E+02  0.0000E+00 -4.6572E-01  0.0000E+00  8.8000E+01  7.9685E+01  0.0000E+00  0.0000E+00
  1.6000E+01  6.0000E+00  0.0000E+00  3.2400E+02  0.0000E+00  1.3806E+02  0.0000E+00  1.7453E+00  0.0000E+00  3.2400E+02  7.9908E+01  0.0000E+00  0.0000E+00
  1.6000E+01  8.0000E+00  0.0000E+00  2.5300E+02  0.0000E+00  1.3856E+02  0.0000E+00  1.0702E+00  0.0000E+00  2.5300E+02  8.0070E+01  0.0000E+00  0.0000E+00
  1.6000E+01  1.2000E+01  0.0000E+00  7.2500E+01  0.0000E+00  1.0999E+02  0.0000E+00 -4.4166E-01  0.0000E+00  7.2500E+01  5.3574E+01  0.0000E+00  0.0000E+00
  1.6000E+01  2.4000E+01  0.0000E+00  5.0000E-01  0.0000E+00  1.1079E+01  0.0000E+00 -1.2374E+00  1.0000E+00  5.0000E-01  1.3842E-01  0.0000E+00  0.0000E+00
  1.7000E+01  0.0000E+00  2.4900E+05  0.0000E+00  1.0000E+00  0.0000E+00  0.0000E+00  0.0000E+00  0.0000E+00  0.0000E+00  1.0000E+00  0.0000E+00  0.0000E+00
  1.7000E+01  0.0000E+00  2.4900E+05  0.0000E+00  1.0000E+00  0.0000E+00  0.0000E+00  0.0000E+00  0.0000E+00  0.0000E+00  1.0000E+00  0.0000E+00  0.0000E+00
  1.7000E+01  0.0000E+00  0.0000E+00  0.0000E+00  0.0000E+00  0.0000E+00  0.0000E+00  0.0000E+00  0.0000E+00  0.0000E+00  1.0000E+00  0.0000E+00  0.0000E+00
  1.7000E+01  2.5000E-01  0.0000E+00  1.0800E+01  0.0000E+00  4.7321E+01  0.0000E+00 -1.0001E+00  0.0000E+00  1.0800E+01  6.7906E+01  0.0000E+00  0.0000E+00
  1.7000E+01  5.0000E-01  0.0000E+00  1.7400E+01  0.0000E+00  5.1740E+01  0.0000E+00 -8.6008E-01  0.0000E+00  1.7400E+01  8.5486E+01  0.0000E+00  0.0000E+00
  1.7000E+01  1.0000E+00  0.0000E+00  4.2300E+01  0.0000E+00  5.2227E+01  0.0000E+00 -2.4630E-01  0.0000E+00  4.2300E+01  9.1301E+01  0.0000E+00  0.0000E+00
  1.7000E+01  2.0000E+00  0.0000E+00  4.8500E+01  0.0000E+00  5.2301E+01  0.0000E+00 -9.4186E-02  0.0000E+00  4.8500E+01  9.1930E+01  0.0000E+00  0.0000E+00
  1.7000E+01  4.0000E+00  0.0000E+00  5.4500E+01  0.0000E+00  5.2413E+01  0.0000E+00  5.1594E-02  0.0000E+00  5.4500E+01  9.2286E+01  0.0000E+00  0.0000E+00
  1.7000E+01  6.0000E+00  0.0000E+00  1.3500E+02  0.0000E+00  5.2494E+01  0.0000E+00  2.0367E+00  0.0000E+00  1.3500E+02  9.2545E+01  0.0000E+00  0.0000E+00
  1.7000E+01  8.0000E+00  0.0000E+00  6.3900E+01  0.0000E+00  5.2553E+01  0.0000E+00  2.7979E-01  0.0000E+00  6.3900E+01  9.2733E+01  0.0000E+00  0.0000E+00
  1.7000E+01  1.2000E+01  0.0000E+00  3.6300E+01  0.0000E+00  2.6158E+01  0.0000E+00  5.0245E-01  0.0000E+00  3.6300E+01  6.2046E+01  0.0000E+00  0.0000E+00
  1.7000E+01  2.4000E+01  0.0000E+00  5.0000E-01  0.0000E+00  4.0141E+00  0.0000E+00 -1.1345E+00  1.0000E+00  5.0000E-01  1.3223E-01  0.0000E+00  0.0000E+00
