TABLE NO.  1
 ID          TIME        AMT         DV          MDV         IPRED       CWRES       IWRES       BQL         DV          PRED        RES         WRES
  1.0000E+00  0.0000E+00  2.9000E+04  0.0000E+00  1.0000E+00  0.0000E+00  0.0000E+00  0.0000E+00  0.0000E+00  0.0000E+00  1.0000E+00  0.0000E+00  0.0000E+00
  1.0000E+00  0.0000E+00  2.9000E+04  0.0000E+00  1.0000E+00  0.0000E+00  0.0000E+00  0.0000E+00  0.0000E+00  0.0000E+00  1.0000E+00  0.0000E+00  0.0000E+00
  1.0000E+00  0.0000E+00  0.0000E+00  0.0000E+00  0.0000E+00  0.0000E+00  0.0000E+00  0.0000E+00  0.0000E+00  0.0000E+00  1.0000E+00  0.0000E+00  0.0000E+00
  1.0000E+00  2.5000E-01  0.0000E+00  7.3000E-01  0.0000E+00  6.9935E+00  0.0000E+00 -8.7908E-01  0.0000E+00  7.3000E-01  2.0012E-01  0.0000E+00  0.0000E+00
  1.0000E+00  5.0000E-01  0.0000E+00  2.7500E+00  0.0000E+00  1.1637E+01  0.0000E+00 -7.4958E-01  0.0000E+00  2.7500E+00  1.1637E+01  0.0000E+00  0.0000E+00
  1.0000E+00  1.0000E+00  0.0000E+00  7.2700E+00  0.0000E+00  1.6784E+01  0.0000E+00 -5.5637E-01  0.0000E+00  7.2700E+00  1.6784E+01  0.0000E+00  0.0000E+00
  1.0000E+00  2.0000E+00  0.0000E+00  6.4500E+00  0.0000E+00  1.3953E+01  0.0000E+00 -5.2782E-01  0.0000E+00  6.4500E+00  1.3953E+01  0.0000E+00  0.0000E+00
  1.0000E+00  3.0000E+00  0.0000E+00  6.8500E+00  0.0000E+00  2.9029E+00  0.0000E+00  1.3346E+00  0.0000E+00  6.8500E+00  2.9029E+00  0.0000E+00  0.0000E+00
  1.0000E+00  4.0000E+00  0.0000E+00  4.2300E+00  0.0000E+00  5.6695E+00  0.0000E+00 -2.4921E-01  0.0000E+00  4.2300E+00  5.6695E+00  0.0000E+00  0.0000E+00
  1.0000E+00  6.0000E+00  0.0000E+00  6.0300E+00  0.0000E+00  1.4782E+01  0.0000E+00 -5.8114E-01  0.0000E+00  6.0300E+00  1.4782E+01  0.0000E+00  0.0000E+00
  1.0000E+00  8.0000E+00  0.0000E+00  8.1100E+00  0.0000E+00  1.0233E+01  0.0000E+00 -2.0366E-01  0.0000E+00  8.1100E+00  1.0233E+01  0.0000E+00  0.0000E+00
  1.0000E+00  1.2000E+01  0.0000E+00  5.0000E-01  0.0000E+00  4.5587E+00  0.0000E+00 -8.7388E-01  1.0000E+00  5.0000E-01  2.2177E-01  0.0000E+00  0.0000E+00
  1.0000E+00  2.4000E+01  0.0000E+00  5.0000E-01  0.0000E+00  4.1980E-01  0.0000E+00  1.8753E-01  1.0000E+00  5.0000E-01  9.1254E-01  0.0000E+00  0.0000E+00
  2.0000E+00  0.0000E+00  2.9000E+04  0.0000E+00  1.0000E+00  0.0000E+00  0.0000E+00  0.0000E+00  0.0000E+00  0.0000E+00  1.0000E+00  0.0000E+00  0.0000E+00
  2.0000E+00  0.0000E+00  2.9000E+04  0.0000E+00  1.0000E+00  0.0000E+00  0.0000E+00  0.0000E+00  0.0000E+00  0.0000E+00  1.0000E+00  0.0000E+00  0.0000E+00
  2.0000E+00  0.0000E+00  0.0000E+00  0.0000E+00  0.0000E+00  0.0000E+00  0.0000E+00  0.0000E+00  0.0000E+00  0.0000E+00  1.0000E+00  0.0000E+00  0.0000E+00
  2.0000E+00  2.5000E-01  0.0000E+00  1.2000E-01  0.0000E+00  6.9935E+00  0.0000E+00 -9.6469E-01  0.0000E+00  1.2000E-01  2.0012E-01  0.0000E+00  0.0000E+00
  2.0000E+00  5.0000E-01  0.0000E+00  1.8000E-01  0.0000E+00  1.1637E+01  0.0000E+00 -9.6635E-01  0.0000E+00  1.8000E-01  1.8481E-01  0.0000E+00  0.0000E+00
  2.0000E+00  1.0000E+00  0.0000E+00  1.4000E-01  0.0000E+00  1.6784E+01  0.0000E+00 -9.7335E-01  0.0000E+00  1.4000E-01  1.7799E-01  0.0000E+00  0.0000E+00
  2.0000E+00  2.0000E+00  0.0000E+00  1.1700E+00  0.0000E+00  1.3953E+01  0.0000E+00 -8.9923E-01  0.0000E+00  1.1700E+00  1.3953E+01  0.0000E+00  0.0000E+00
  2.0000E+00  3.0000E+00  0.0000E+00  8.4000E+00  0.0000E+00  2.9029E+00  0.0000E+00  1.8587E+00  0.0000E+00  8.4000E+00  2.9029E+00  0.0000E+00  0.0000E+00
  2.0000E+00  4.0000E+00  0.0000E+00  1.5500E+01  0.0000E+00  5.6695E+00  0.0000E+00  1.7019E+00  0.0000E+00  1.5500E+01  5.6695E+00  0.0000E+00  0.0000E+00
  2.0000E+00  6.0000E+00  0.0000E+00  8.5100E+00  0.0000E+00  1.4782E+01  0.0000E+00 -4.1646E-01  0.0000E+00  8.5100E+00  1.4782E+01  0.0000E+00  0.0000E+00
  2.0000E+00  8.0000E+00  0.0000E+00  6.0400E+00  0.0000E+00  1.0233E+01  0.0000E+00 -4.0220E-01  0.0000E+00  6.0400E+00  1.0233E+01  0.0000E+00  0.0000E+00
  2.0000E+00  1.2000E+01  0.0000E+00  5.0000E-01  0.0000E+00  4.5587E+00  0.0000E+00 -8.7388E-01  1.0000E+00  5.0000E-01  2.2177E-01  0.0000E+00  0.0000E+00
  2.0000E+00  2.4000E+01  0.0000E+00  5.0000E-01  0.0000E+00  4.1980E-01  0.0000E+00  1.8753E-01  1.0000E+00  5.0000E-01  9.1254E-01  0.0000E+00  0.0000E+00
  3.0000E+00  0.0000E+00  5.4500E+03  0.0000E+00  1.0000E+00  1.2623E+03  0.0000E+00 -9.8154E-01  0.0000E+00  0.0000E+00  1.6336E-01  0.0000E+00  0.0000E+00
  3.0000E+00  1.7000E-02  0.0000E+00  2.5500E+03  0.0000E+00  1.2275E+03  0.0000E+00  1.0575E+00  0.0000E+00  2.5500E+03  1.2275E+03  0.0000E+00  0.0000E+00
  3.0000E+00  8.3500E-02  0.0000E+00  2.1100E+03  0.0000E+00  1.1005E+03  0.0000E+00  9.0032E-01  0.0000E+00  2.1100E+03  1.1005E+03  0.0000E+00  0.0000E+00
  3.0000E+00  2.5000E-01  0.0000E+00  1.4600E+03  0.0000E+00  8.3759E+02  0.0000E+00  7.2939E-01  0.0000E+00  1.4600E+03  8.3759E+02  0.0000E+00  0.0000E+00
  3.0000E+00  5.0000E-01  0.0000E+00  8.5300E+02  0.0000E+00  5.5656E+02  0.0000E+00  5.2279E-01  0.0000E+00  8.5300E+02  5.5656E+02  0.0000E+00  0.0000E+00
  3.0000E+00  1.0000E+00  0.0000E+00  5.5500E+02  0.0000E+00  2.4743E+02  0.0000E+00  1.2201E+00  0.0000E+00  5.5500E+02  2.4743E+02  0.0000E+00  0.0000E+00
  3.0000E+00  2.0000E+00  0.0000E+00  1.0300E+02  0.0000E+00  5.2241E+01  0.0000E+00  9.5367E-01  0.0000E+00  1.0300E+02  5.2241E+01  0.0000E+00  0.0000E+00
  3.0000E+00  4.0000E+00  0.0000E+00  7.4100E+00  0.0000E+00  6.1820E+00  0.0000E+00  1.9498E-01  0.0000E+00  7.4100E+00  6.1820E+00  0.0000E+00  0.0000E+00
  3.0000E+00  6.0000E+00  0.0000E+00  4.4900E+00  0.0000E+00  3.2757E+00  0.0000E+00  3.6386E-01  0.0000E+00  4.4900E+00  3.2757E+00  0.0000E+00  0.0000E+00
  3.0000E+00  8.0000E+00  0.0000E+00  5.2500E+00  0.0000E+00  2.2989E+00  0.0000E+00  1.2600E+00  0.0000E+00  5.2500E+00  2.2989E+00  0.0000E+00  0.0000E+00
  3.0000E+00  1.2000E+01  0.0000E+00  2.4600E+00  0.0000E+00  1.1727E+00  0.0000E+00  1.0774E+00  0.0000E+00  2.4600E+00  1.1727E+00  0.0000E+00  0.0000E+00
  3.0000E+00  2.4000E+01  0.0000E+00  5.0000E-01  0.0000E+00  1.5613E-01  0.0000E+00  2.1618E+00  1.0000E+00  5.0000E-01  1.0000E+00  0.0000E+00  0.0000E+00
  4.0000E+00  0.0000E+00  5.9500E+03  0.0000E+00  1.0000E+00  1.3781E+03  0.0000E+00 -9.8154E-01  0.0000E+00  0.0000E+00  1.6334E-01  0.0000E+00  0.0000E+00
  4.0000E+00  1.7000E-02  0.0000E+00  2.3000E+03  0.0000E+00  1.3401E+03  0.0000E+00  7.0304E-01  0.0000E+00  2.3000E+03  1.3401E+03  0.0000E+00  0.0000E+00
  4.0000E+00  8.3500E-02  0.0000E+00  2.0000E+03  0.0000E+00  1.2015E+03  0.0000E+00  6.5232E-01  0.0000E+00  2.0000E+03  1.2015E+03  0.0000E+00  0.0000E+00
  4.0000E+00  2.5000E-01  0.0000E+00  1.2600E+03  0.0000E+00  9.1443E+02  0.0000E+00  3.7093E-01  0.0000E+00  1.2600E+03  9.1443E+02  0.0000E+00  0.0000E+00
  4.0000E+00  5.0000E-01  0.0000E+00  7.3500E+02  0.0000E+00  6.0762E+02  0.0000E+00  2.0577E-01  0.0000E+00  7.3500E+02  6.0762E+02  0.0000E+00  0.0000E+00
  4.0000E+00  1.0000E+00  0.0000E+00  4.3200E+02  0.0000E+00  2.7013E+02  0.0000E+00  5.8816E-01  0.0000E+00  4.3200E+02  2.7013E+02  0.0000E+00  0.0000E+00
  4.0000E+00  2.0000E+00  0.0000E+00  5.4600E+01  0.0000E+00  5.7034E+01  0.0000E+00 -4.1893E-02  0.0000E+00  5.4600E+01  5.7034E+01  0.0000E+00  0.0000E+00
  4.0000E+00  4.0000E+00  0.0000E+00  7.2500E+00  0.0000E+00  6.7491E+00  0.0000E+00  7.2845E-02  0.0000E+00  7.2500E+00  6.7491E+00  0.0000E+00  0.0000E+00
  4.0000E+00  6.0000E+00  0.0000E+00  3.6500E+00  0.0000E+00  3.5762E+00  0.0000E+00  2.0251E-02  0.0000E+00  3.6500E+00  3.5762E+00  0.0000E+00  0.0000E+00
  4.0000E+00  8.0000E+00  0.0000E+00  3.3200E+00  0.0000E+00  2.5098E+00  0.0000E+00  3.1686E-01  0.0000E+00  3.3200E+00  2.5098E+00  0.0000E+00  0.0000E+00
  4.0000E+00  1.2000E+01  0.0000E+00  1.6100E+00  0.0000E+00  1.2803E+00  0.0000E+00  2.5277E-01  0.0000E+00  1.6100E+00  1.2803E+00  0.0000E+00  0.0000E+00
  4.0000E+00  2.4000E+01  0.0000E+00  5.0000E-01  0.0000E+00  1.7045E-01  0.0000E+00  1.8976E+00  1.0000E+00  5.0000E-01  1.0000E+00  0.0000E+00  0.0000E+00
  5.0000E+00  0.0000E+00  6.1000E+03  0.0000E+00  1.0000E+00  1.4128E+03  0.0000E+00 -9.8154E-01  0.0000E+00  0.0000E+00  1.6334E-01  0.0000E+00  0.0000E+00
  5.0000E+00  1.7000E-02  0.0000E+00  2.6900E+03  0.0000E+00  1.3739E+03  0.0000E+00  9.4024E-01  0.0000E+00  2.6900E+03  1.3739E+03  0.0000E+00  0.0000E+00
  5.0000E+00  8.3500E-02  0.0000E+00  2.0500E+03  0.0000E+00  1.2318E+03  0.0000E+00  6.5198E-01  0.0000E+00  2.0500E+03  1.2318E+03  0.0000E+00  0.0000E+00
  5.0000E+00  2.5000E-01  0.0000E+00  1.1600E+03  0.0000E+00  9.3748E+02  0.0000E+00  2.3298E-01  0.0000E+00  1.1600E+03  9.3748E+02  0.0000E+00  0.0000E+00
  5.0000E+00  5.0000E-01  0.0000E+00  8.2000E+02  0.0000E+00  6.2294E+02  0.0000E+00  3.1050E-01  0.0000E+00  8.2000E+02  6.2294E+02  0.0000E+00  0.0000E+00
  5.0000E+00  1.0000E+00  0.0000E+00  4.5600E+02  0.0000E+00  2.7694E+02  0.0000E+00  6.3462E-01  0.0000E+00  4.5600E+02  2.7694E+02  0.0000E+00  0.0000E+00
  5.0000E+00  2.0000E+00  0.0000E+00  5.7800E+01  0.0000E+00  5.8472E+01  0.0000E+00 -1.1282E-02  0.0000E+00  5.7800E+01  5.8472E+01  0.0000E+00  0.0000E+00
  5.0000E+00  4.0000E+00  0.0000E+00  6.8700E+00  0.0000E+00  6.9193E+00  0.0000E+00 -6.9880E-03  0.0000E+00  6.8700E+00  6.9193E+00  0.0000E+00  0.0000E+00
  5.0000E+00  6.0000E+00  0.0000E+00  6.0500E+00  0.0000E+00  3.6664E+00  0.0000E+00  6.3813E-01  0.0000E+00  6.0500E+00  3.6664E+00  0.0000E+00  0.0000E+00
  5.0000E+00  8.0000E+00  0.0000E+00  6.1100E+00  0.0000E+00  2.5731E+00  0.0000E+00  1.3492E+00  0.0000E+00  6.1100E+00  2.5731E+00  0.0000E+00  0.0000E+00
  5.0000E+00  1.2000E+01  0.0000E+00  1.7100E+00  0.0000E+00  1.3126E+00  0.0000E+00  2.9719E-01  0.0000E+00  1.7100E+00  1.3126E+00  0.0000E+00  0.0000E+00
  5.0000E+00  2.4000E+01  0.0000E+00  5.0000E-01  0.0000E+00  1.7475E-01  0.0000E+00  1.8268E+00  1.0000E+00  5.0000E-01  1.0000E+00  0.0000E+00  0.0000E+00
  6.0000E+00  0.0000E+00  2.1800E+04  0.0000E+00  1.0000E+00  0.0000E+00  0.0000E+00  0.0000E+00  0.0000E+00  0.0000E+00  1.0000E+00  0.0000E+00  0.0000E+00
  6.0000E+00  0.0000E+00  2.1800E+04  0.0000E+00  1.0000E+00  0.0000E+00  0.0000E+00  0.0000E+00  0.0000E+00  0.0000E+00  1.0000E+00  0.0000E+00  0.0000E+00
  6.0000E+00  0.0000E+00  0.0000E+00  0.0000E+00  0.0000E+00  0.0000E+00  0.0000E+00  0.0000E+00  0.0000E+00  0.0000E+00  1.0000E+00  0.0000E+00  0.0000E+00
  6.0000E+00  2.5000E-01  0.0000E+00  0.0000E+00  0.0000E+00  5.2572E+00  0.0000E+00 -9.8154E-01  0.0000E+00  0.0000E+00  2.1336E-01  0.0000E+00  0.0000E+00
  6.0000E+00  5.0000E-01  0.0000E+00  1.3900E+00  0.0000E+00  8.7477E+00  0.0000E+00 -8.2557E-01  0.0000E+00  1.3900E+00  8.7477E+00  0.0000E+00  0.0000E+00
  6.0000E+00  1.0000E+00  0.0000E+00  9.5800E+00  0.0000E+00  1.2617E+01  0.0000E+00 -2.3624E-01  0.0000E+00  9.5800E+00  1.2617E+01  0.0000E+00  0.0000E+00
  6.0000E+00  2.0000E+00  0.0000E+00  9.5100E+00  0.0000E+00  1.0489E+01  0.0000E+00 -9.1624E-02  0.0000E+00  9.5100E+00  1.0489E+01  0.0000E+00  0.0000E+00
  6.0000E+00  4.0000E+00  0.0000E+00  4.9900E+00  0.0000E+00  4.2619E+00  0.0000E+00  1.6769E-01  0.0000E+00  4.9900E+00  4.2619E+00  0.0000E+00  0.0000E+00
  6.0000E+00  6.0000E+00  0.0000E+00  3.2100E+00  0.0000E+00  1.1112E+01  0.0000E+00 -6.9799E-01  0.0000E+00  3.2100E+00  1.1112E+01  0.0000E+00  0.0000E+00
  6.0000E+00  8.0000E+00  0.0000E+00  9.1800E+00  0.0000E+00  7.6926E+00  0.0000E+00  1.8978E-01  0.0000E+00  9.1800E+00  7.6926E+00  0.0000E+00  0.0000E+00
  6.0000E+00  1.2000E+01  0.0000E+00  3.8300E+00  0.0000E+00  3.4269E+00  0.0000E+00  1.1545E-01  0.0000E+00  3.8300E+00  3.4269E+00  0.0000E+00  0.0000E+00
  6.0000E+00  2.4000E+01  0.0000E+00  5.0000E-01  0.0000E+00  3.1557E-01  0.0000E+00  5.7364E-01  1.0000E+00  5.0000E-01  9.8337E-01  0.0000E+00  0.0000E+00
  7.0000E+00  0.0000E+00  2.3800E+04  0.0000E+00  1.0000E+00  0.0000E+00  0.0000E+00  0.0000E+00  0.0000E+00  0.0000E+00  1.0000E+00  0.0000E+00  0.0000E+00
  7.0000E+00  0.0000E+00  2.3800E+04  0.0000E+00  1.0000E+00  0.0000E+00  0.0000E+00  0.0000E+00  0.0000E+00  0.0000E+00  1.0000E+00  0.0000E+00  0.0000E+00
  7.0000E+00  0.0000E+00  0.0000E+00  0.0000E+00  0.0000E+00  0.0000E+00  0.0000E+00  0.0000E+00  0.0000E+00  0.0000E+00  1.0000E+00  0.0000E+00  0.0000E+00
  7.0000E+00  2.5000E-01  0.0000E+00  2.7200E+00  0.0000E+00  5.7395E+00  0.0000E+00 -5.1637E-01  0.0000E+00  2.7200E+00  5.7395E+00  0.0000E+00  0.0000E+00
  7.0000E+00  5.0000E-01  0.0000E+00  3.0600E+00  0.0000E+00  9.5502E+00  0.0000E+00 -6.6704E-01  0.0000E+00  3.0600E+00  9.5502E+00  0.0000E+00  0.0000E+00
  7.0000E+00  1.0000E+00  0.0000E+00  5.3900E+00  0.0000E+00  1.3774E+01  0.0000E+00 -5.9745E-01  0.0000E+00  5.3900E+00  1.3774E+01  0.0000E+00  0.0000E+00
  7.0000E+00  2.0000E+00  0.0000E+00  2.4700E+01  0.0000E+00  1.1451E+01  0.0000E+00  1.1356E+00  0.0000E+00  2.4700E+01  1.1451E+01  0.0000E+00  0.0000E+00
  7.0000E+00  4.0000E+00  0.0000E+00  3.7600E+00  0.0000E+00  4.6529E+00  0.0000E+00 -1.8835E-01  0.0000E+00  3.7600E+00  4.6529E+00  0.0000E+00  0.0000E+00
  7.0000E+00  6.0000E+00  0.0000E+00  3.1900E+00  0.0000E+00  1.2131E+01  0.0000E+00 -7.2344E-01  0.0000E+00  3.1900E+00  1.2131E+01  0.0000E+00  0.0000E+00
  7.0000E+00  8.0000E+00  0.0000E+00  6.4300E+00  0.0000E+00  8.3984E+00  0.0000E+00 -2.3005E-01  0.0000E+00  6.4300E+00  8.3984E+00  0.0000E+00  0.0000E+00
  7.0000E+00  1.2000E+01  0.0000E+00  4.9200E+00  0.0000E+00  3.7413E+00  0.0000E+00  3.0923E-01  0.0000E+00  4.9200E+00  3.7413E+00  0.0000E+00  0.0000E+00
  7.0000E+00  2.4000E+01  0.0000E+00  5.0000E-01  0.0000E+00  3.4452E-01  0.0000E+00  4.4295E-01  1.0000E+00  5.0000E-01  9.6908E-01  0.0000E+00  0.0000E+00
  8.0000E+00  0.0000E+00  2.4400E+04  0.0000E+00  1.0000E+00  0.0000E+00  0.0000E+00  0.0000E+00  0.0000E+00  0.0000E+00  1.0000E+00  0.0000E+00  0.0000E+00
  8.0000E+00  0.0000E+00  2.4400E+04  0.0000E+00  1.0000E+00  0.0000E+00  0.0000E+00  0.0000E+00  0.0000E+00  0.0000E+00  1.0000E+00  0.0000E+00  0.0000E+00
  8.0000E+00  0.0000E+00  0.0000E+00  0.0000E+00  0.0000E+00  0.0000E+00  0.0000E+00  0.0000E+00  0.0000E+00  0.0000E+00  1.0000E+00  0.0000E+00  0.0000E+00
  8.0000E+00  2.5000E-01  0.0000E+00  4.4400E+00  0.0000E+00  5.8842E+00  0.0000E+00 -2.4090E-01  0.0000E+00  4.4400E+00  5.8842E+00  0.0000E+00  0.0000E+00
  8.0000E+00  5.0000E-01  0.0000E+00  9.7200E+00  0.0000E+00  9.7910E+00  0.0000E+00 -7.1175E-03  0.0000E+00  9.7200E+00  9.7910E+00  0.0000E+00  0.0000E+00
  8.0000E+00  1.0000E+00  0.0000E+00  1.7700E+01  0.0000E+00  1.4121E+01  0.0000E+00  2.4874E-01  0.0000E+00  1.7700E+01  1.4121E+01  0.0000E+00  0.0000E+00
  8.0000E+00  2.0000E+00  0.0000E+00  7.3400E+00  0.0000E+00  1.1740E+01  0.0000E+00 -3.6787E-01  0.0000E+00  7.3400E+00  1.1740E+01  0.0000E+00  0.0000E+00
  8.0000E+00  4.0000E+00  0.0000E+00  4.9900E+00  0.0000E+00  4.7702E+00  0.0000E+00  4.5233E-02  0.0000E+00  4.9900E+00  4.7702E+00  0.0000E+00  0.0000E+00
  8.0000E+00  6.0000E+00  0.0000E+00  6.1800E+00  0.0000E+00  1.2437E+01  0.0000E+00 -4.9382E-01  0.0000E+00  6.1800E+00  1.2437E+01  0.0000E+00  0.0000E+00
  8.0000E+00  8.0000E+00  0.0000E+00  4.5600E+00  0.0000E+00  8.6101E+00  0.0000E+00 -4.6170E-01  0.0000E+00  4.5600E+00  8.6101E+00  0.0000E+00  0.0000E+00
  8.0000E+00  1.2000E+01  0.0000E+00  5.4200E+00  0.0000E+00  3.8356E+00  0.0000E+00  4.0544E-01  0.0000E+00  5.4200E+00  3.8356E+00  0.0000E+00  0.0000E+00
  8.0000E+00  2.4000E+01  0.0000E+00  5.0000E-01  0.0000E+00  3.5321E-01  0.0000E+00  4.0792E-01  1.0000E+00  5.0000E-01  9.6386E-01  0.0000E+00  0.0000E+00
  9.0000E+00  0.0000E+00  6.5700E+04  0.0000E+00  1.0000E+00  0.0000E+00  0.0000E+00  0.0000E+00  0.0000E+00  0.0000E+00  1.0000E+00  0.0000E+00  0.0000E+00
  9.0000E+00  0.0000E+00  6.5700E+04  0.0000E+00  1.0000E+00  0.0000E+00  0.0000E+00  0.0000E+00  0.0000E+00  0.0000E+00  1.0000E+00  0.0000E+00  0.0000E+00
  9.0000E+00  0.0000E+00  0.0000E+00  0.0000E+00  0.0000E+00  0.0000E+00  0.0000E+00  0.0000E+00  0.0000E+00  0.0000E+00  1.0000E+00  0.0000E+00  0.0000E+00
  9.0000E+00  2.5000E-01  0.0000E+00  6.1100E+01  0.0000E+00  1.5844E+01  0.0000E+00  2.8037E+00  0.0000E+00  6.1100E+01  1.5844E+01  0.0000E+00  0.0000E+00
  9.0000E+00  5.0000E-01  0.0000E+00  1.5100E+02  0.0000E+00  2.6363E+01  0.0000E+00  4.6403E+00  0.0000E+00  1.5100E+02  2.6363E+01  0.0000E+00  0.0000E+00
  9.0000E+00  1.0000E+00  0.0000E+00  6.1800E+01  0.0000E+00  3.8024E+01  0.0000E+00  6.1376E-01  0.0000E+00  6.1800E+01  3.8024E+01  0.0000E+00  0.0000E+00
  9.0000E+00  2.0000E+00  0.0000E+00  2.9100E+01  0.0000E+00  3.1612E+01  0.0000E+00 -7.7989E-02  0.0000E+00  2.9100E+01  3.1612E+01  0.0000E+00  0.0000E+00
  9.0000E+00  4.0000E+00  0.0000E+00  1.2200E+01  0.0000E+00  1.2844E+01  0.0000E+00 -4.9234E-02  0.0000E+00  1.2200E+01  1.2844E+01  0.0000E+00  0.0000E+00
  9.0000E+00  6.0000E+00  0.0000E+00  3.5300E+01  0.0000E+00  3.3489E+01  0.0000E+00  5.3086E-02  0.0000E+00  3.5300E+01  3.3489E+01  0.0000E+00  0.0000E+00
  9.0000E+00  8.0000E+00  0.0000E+00  3.1900E+01  0.0000E+00  2.3184E+01  0.0000E+00  3.6902E-01  0.0000E+00  3.1900E+01  2.3184E+01  0.0000E+00  0.0000E+00
  9.0000E+00  1.2000E+01  0.0000E+00  2.0000E+01  0.0000E+00  1.0328E+01  0.0000E+00  9.1921E-01  0.0000E+00  2.0000E+01  1.0328E+01  0.0000E+00  0.0000E+00
  9.0000E+00  2.4000E+01  0.0000E+00  5.0000E-01  0.0000E+00  9.5106E-01  0.0000E+00 -4.6551E-01  1.0000E+00  5.0000E-01  5.2014E-01  0.0000E+00  0.0000E+00
  1.0000E+01  0.0000E+00  7.0500E+04  0.0000E+00  1.0000E+00  0.0000E+00  0.0000E+00  0.0000E+00  0.0000E+00  0.0000E+00  1.0000E+00  0.0000E+00  0.0000E+00
  1.0000E+01  0.0000E+00  7.0500E+04  0.0000E+00  1.0000E+00  0.0000E+00  0.0000E+00  0.0000E+00  0.0000E+00  0.0000E+00  1.0000E+00  0.0000E+00  0.0000E+00
  1.0000E+01  0.0000E+00  0.0000E+00  0.0000E+00  0.0000E+00  0.0000E+00  0.0000E+00  0.0000E+00  0.0000E+00  0.0000E+00  1.0000E+00  0.0000E+00  0.0000E+00
  1.0000E+01  2.5000E-01  0.0000E+00  7.4900E+00  0.0000E+00  1.7001E+01  0.0000E+00 -5.4912E-01  0.0000E+00  7.4900E+00  1.7001E+01  0.0000E+00  0.0000E+00
  1.0000E+01  5.0000E-01  0.0000E+00  1.1400E+01  0.0000E+00  2.8290E+01  0.0000E+00 -5.8600E-01  0.0000E+00  1.1400E+01  2.8290E+01  0.0000E+00  0.0000E+00
  1.0000E+01  1.0000E+00  0.0000E+00  4.4700E+01  0.0000E+00  4.0802E+01  0.0000E+00  9.3780E-02  0.0000E+00  4.4700E+01  4.0802E+01  0.0000E+00  0.0000E+00
  1.0000E+01  2.0000E+00  0.0000E+00  4.1200E+01  0.0000E+00  3.3921E+01  0.0000E+00  2.1061E-01  0.0000E+00  4.1200E+01  3.3921E+01  0.0000E+00  0.0000E+00
  1.0000E+01  4.0000E+00  0.0000E+00  4.5400E+01  0.0000E+00  1.3783E+01  0.0000E+00  2.2516E+00  0.0000E+00  4.5400E+01  1.3783E+01  0.0000E+00  0.0000E+00
  1.0000E+01  6.0000E+00  0.0000E+00  7.5200E+01  0.0000E+00  3.5935E+01  0.0000E+00  1.0725E+00  0.0000E+00  7.5200E+01  3.5935E+01  0.0000E+00  0.0000E+00
  1.0000E+01  8.0000E+00  0.0000E+00  7.7200E+01  0.0000E+00  2.4878E+01  0.0000E+00  2.0644E+00  0.0000E+00  7.7200E+01  2.4878E+01  0.0000E+00  0.0000E+00
  1.0000E+01  1.2000E+01  0.0000E+00  4.3900E+01  0.0000E+00  1.1082E+01  0.0000E+00  2.9065E+00  0.0000E+00  4.3900E+01  1.1082E+01  0.0000E+00  0.0000E+00
  1.0000E+01  2.4000E+01  0.0000E+00  5.0000E-01  0.0000E+00  1.0205E+00  0.0000E+00 -5.0065E-01  1.0000E+00  5.0000E-01  4.9212E-01  0.0000E+00  0.0000E+00
  1.1000E+01  0.0000E+00  7.8600E+04  0.0000E+00  1.0000E+00  0.0000E+00  0.0000E+00  0.0000E+00  0.0000E+00  0.0000E+00  1.0000E+00  0.0000E+00  0.0000E+00
  1.1000E+01  0.0000E+00  7.8600E+04  0.0000E+00  1.0000E+00  0.0000E+00  0.0000E+00  0.0000E+00  0.0000E+00  0.0000E+00  1.0000E+00  0.0000E+00  0.0000E+00
  1.1000E+01  0.0000E+00  0.0000E+00  0.0000E+00  0.0000E+00  0.0000E+00  0.0000E+00  0.0000E+00  0.0000E+00  0.0000E+00  1.0000E+00  0.0000E+00  0.0000E+00
  1.1000E+01  2.5000E-01  0.0000E+00  4.7300E+00  0.0000E+00  1.8955E+01  0.0000E+00 -7.3660E-01  0.0000E+00  4.7300E+00  1.8955E+01  0.0000E+00  0.0000E+00
  1.1000E+01  5.0000E-01  0.0000E+00  8.1400E+00  0.0000E+00  3.1540E+01  0.0000E+00 -7.2822E-01  0.0000E+00  8.1400E+00  3.1540E+01  0.0000E+00  0.0000E+00
  1.1000E+01  1.0000E+00  0.0000E+00  1.2200E+01  0.0000E+00  4.5489E+01  0.0000E+00 -7.1829E-01  0.0000E+00  1.2200E+01  4.5489E+01  0.0000E+00  0.0000E+00
  1.1000E+01  2.0000E+00  0.0000E+00  1.1000E+02  0.0000E+00  3.7819E+01  0.0000E+00  1.8734E+00  0.0000E+00  1.1000E+02  3.7819E+01  0.0000E+00  0.0000E+00
  1.1000E+01  4.0000E+00  0.0000E+00  1.7000E+01  0.0000E+00  1.5366E+01  0.0000E+00  1.0436E-01  0.0000E+00  1.7000E+01  1.5366E+01  0.0000E+00  0.0000E+00
  1.1000E+01  6.0000E+00  0.0000E+00  1.3500E+01  0.0000E+00  4.0064E+01  0.0000E+00 -6.5080E-01  0.0000E+00  1.3500E+01  4.0064E+01  0.0000E+00  0.0000E+00
  1.1000E+01  8.0000E+00  0.0000E+00  4.1300E+01  0.0000E+00  2.7736E+01  0.0000E+00  4.8002E-01  0.0000E+00  4.1300E+01  2.7736E+01  0.0000E+00  0.0000E+00
  1.1000E+01  1.2000E+01  0.0000E+00  4.7700E+01  0.0000E+00  1.2356E+01  0.0000E+00  2.8077E+00  0.0000E+00  4.7700E+01  1.2356E+01  0.0000E+00  0.0000E+00
  1.1000E+01  2.4000E+01  0.0000E+00  5.0000E-01  0.0000E+00  1.1378E+00  0.0000E+00 -5.5020E-01  1.0000E+00  5.0000E-01  4.5269E-01  0.0000E+00  0.0000E+00
  1.2000E+01  0.0000E+00  6.4500E+04  0.0000E+00  1.0000E+00  0.0000E+00  0.0000E+00  0.0000E+00  0.0000E+00  0.0000E+00  1.0000E+00  0.0000E+00  0.0000E+00
  1.2000E+01  0.0000E+00  6.4500E+04  0.0000E+00  1.0000E+00  0.0000E+00  0.0000E+00  0.0000E+00  0.0000E+00  0.0000E+00  1.0000E+00  0.0000E+00  0.0000E+00
  1.2000E+01  0.0000E+00  0.0000E+00  0.0000E+00  0.0000E+00  0.0000E+00  0.0000E+00  0.0000E+00  0.0000E+00  0.0000E+00  1.0000E+00  0.0000E+00  0.0000E+00
  1.2000E+01  2.5000E-01  0.0000E+00  0.0000E+00  0.0000E+00  1.5554E+01  0.0000E+00 -9.8154E-01  0.0000E+00  0.0000E+00  1.7920E-01  0.0000E+00  0.0000E+00
  1.2000E+01  5.0000E-01  0.0000E+00  0.0000E+00  0.0000E+00  2.5882E+01  0.0000E+00 -9.8154E-01  0.0000E+00  0.0000E+00  1.7268E-01  0.0000E+00  0.0000E+00
  1.2000E+01  1.0000E+00  0.0000E+00  1.6800E+00  0.0000E+00  3.7329E+01  0.0000E+00 -9.3736E-01  0.0000E+00  1.6800E+00  3.7329E+01  0.0000E+00  0.0000E+00
  1.2000E+01  2.0000E+00  0.0000E+00  4.5500E+00  0.0000E+00  3.1034E+01  0.0000E+00 -8.3763E-01  0.0000E+00  4.5500E+00  3.1034E+01  0.0000E+00  0.0000E+00
  1.2000E+01  4.0000E+00  0.0000E+00  8.0700E+00  0.0000E+00  1.2610E+01  0.0000E+00 -3.5337E-01  0.0000E+00  8.0700E+00  1.2610E+01  0.0000E+00  0.0000E+00
  1.2000E+01  6.0000E+00  0.0000E+00  1.6500E+01  0.0000E+00  3.2877E+01  0.0000E+00 -4.8893E-01  0.0000E+00  1.6500E+01  3.2877E+01  0.0000E+00  0.0000E+00
  1.2000E+01  8.0000E+00  0.0000E+00  8.9500E+00  0.0000E+00  2.2760E+01  0.0000E+00 -5.9557E-01  0.0000E+00  8.9500E+00  2.2760E+01  0.0000E+00  0.0000E+00
  1.2000E+01  1.2000E+01  0.0000E+00  9.3700E+00  0.0000E+00  1.0139E+01  0.0000E+00 -7.4471E-02  0.0000E+00  9.3700E+00  1.0139E+01  0.0000E+00  0.0000E+00
  1.2000E+01  2.4000E+01  0.0000E+00  1.8200E+00  0.0000E+00  9.3368E-01  0.0000E+00  9.3174E-01  0.0000E+00  1.8200E+00  9.3368E-01  0.0000E+00  0.0000E+00
  1.3000E+01  0.0000E+00  6.6900E+04  0.0000E+00  1.0000E+00  0.0000E+00  0.0000E+00  0.0000E+00  0.0000E+00  0.0000E+00  1.0000E+00  0.0000E+00  0.0000E+00
  1.3000E+01  0.0000E+00  6.6900E+04  0.0000E+00  1.0000E+00  0.0000E+00  0.0000E+00  0.0000E+00  0.0000E+00  0.0000E+00  1.0000E+00  0.0000E+00  0.0000E+00
  1.3000E+01  0.0000E+00  0.0000E+00  0.0000E+00  0.0000E+00  0.0000E+00  0.0000E+00  0.0000E+00  0.0000E+00  0.0000E+00  1.0000E+00  0.0000E+00  0.0000E+00
  1.3000E+01  2.5000E-01  0.0000E+00  2.8600E+00  0.0000E+00  1.6133E+01  0.0000E+00 -8.0754E-01  0.0000E+00  2.8600E+00  1.6133E+01  0.0000E+00  0.0000E+00
  1.3000E+01  5.0000E-01  0.0000E+00  5.9700E+00  0.0000E+00  2.6845E+01  0.0000E+00 -7.6325E-01  0.0000E+00  5.9700E+00  2.6845E+01  0.0000E+00  0.0000E+00
  1.3000E+01  1.0000E+00  0.0000E+00  9.6700E+00  0.0000E+00  3.8718E+01  0.0000E+00 -7.3639E-01  0.0000E+00  9.6700E+00  3.8718E+01  0.0000E+00  0.0000E+00
  1.3000E+01  2.0000E+00  0.0000E+00  8.9800E+00  0.0000E+00  3.2189E+01  0.0000E+00 -7.0771E-01  0.0000E+00  8.9800E+00  3.2189E+01  0.0000E+00  0.0000E+00
  1.3000E+01  4.0000E+00  0.0000E+00  1.7100E+01  0.0000E+00  1.3079E+01  0.0000E+00  3.0178E-01  0.0000E+00  1.7100E+01  1.3079E+01  0.0000E+00  0.0000E+00
  1.3000E+01  6.0000E+00  0.0000E+00  2.7500E+01  0.0000E+00  3.4100E+01  0.0000E+00 -1.8998E-01  0.0000E+00  2.7500E+01  3.4100E+01  0.0000E+00  0.0000E+00
  1.3000E+01  8.0000E+00  0.0000E+00  1.5000E+01  0.0000E+00  2.3607E+01  0.0000E+00 -3.5787E-01  0.0000E+00  1.5000E+01  2.3607E+01  0.0000E+00  0.0000E+00
  1.3000E+01  1.2000E+01  0.0000E+00  7.1400E+00  0.0000E+00  1.0517E+01  0.0000E+00 -3.1514E-01  0.0000E+00  7.1400E+00  1.0517E+01  0.0000E+00  0.0000E+00
  1.3000E+01  2.4000E+01  0.0000E+00  1.4000E+00  0.0000E+00  9.6843E-01  0.0000E+00  4.3742E-01  0.0000E+00  1.4000E+00  9.6843E-01  0.0000E+00  0.0000E+00
  1.4000E+01  0.0000E+00  7.7400E+04  0.0000E+00  1.0000E+00  0.0000E+00  0.0000E+00  0.0000E+00  0.0000E+00  0.0000E+00  1.0000E+00  0.0000E+00  0.0000E+00
  1.4000E+01  0.0000E+00  7.7400E+04  0.0000E+00  1.0000E+00  0.0000E+00  0.0000E+00  0.0000E+00  0.0000E+00  0.0000E+00  1.0000E+00  0.0000E+00  0.0000E+00
  1.4000E+01  0.0000E+00  0.0000E+00  0.0000E+00  0.0000E+00  0.0000E+00  0.0000E+00  0.0000E+00  0.0000E+00  0.0000E+00  1.0000E+00  0.0000E+00  0.0000E+00
  1.4000E+01  2.5000E-01  0.0000E+00  0.0000E+00  0.0000E+00  1.8665E+01  0.0000E+00 -9.8154E-01  0.0000E+00  0.0000E+00  1.7646E-01  0.0000E+00  0.0000E+00
  1.4000E+01  5.0000E-01  0.0000E+00  0.0000E+00  0.0000E+00  3.1058E+01  0.0000E+00 -9.8154E-01  0.0000E+00  0.0000E+00  1.7107E-01  0.0000E+00  0.0000E+00
  1.4000E+01  1.0000E+00  0.0000E+00  5.9400E+00  0.0000E+00  4.4795E+01  0.0000E+00 -8.5138E-01  0.0000E+00  5.9400E+00  4.4795E+01  0.0000E+00  0.0000E+00
  1.4000E+01  2.0000E+00  0.0000E+00  9.3600E+00  0.0000E+00  3.7241E+01  0.0000E+00 -7.3484E-01  0.0000E+00  9.3600E+00  3.7241E+01  0.0000E+00  0.0000E+00
  1.4000E+01  4.0000E+00  0.0000E+00  8.7400E+00  0.0000E+00  1.5132E+01  0.0000E+00 -4.1460E-01  0.0000E+00  8.7400E+00  1.5132E+01  0.0000E+00  0.0000E+00
  1.4000E+01  6.0000E+00  0.0000E+00  1.6700E+01  0.0000E+00  3.9453E+01  0.0000E+00 -5.6606E-01  0.0000E+00  1.6700E+01  3.9453E+01  0.0000E+00  0.0000E+00
  1.4000E+01  8.0000E+00  0.0000E+00  8.7500E+00  0.0000E+00  2.7312E+01  0.0000E+00 -6.6708E-01  0.0000E+00  8.7500E+00  2.7312E+01  0.0000E+00  0.0000E+00
  1.4000E+01  1.2000E+01  0.0000E+00  3.6200E+00  0.0000E+00  1.2167E+01  0.0000E+00 -6.8951E-01  0.0000E+00  3.6200E+00  1.2167E+01  0.0000E+00  0.0000E+00
  1.4000E+01  2.4000E+01  0.0000E+00  1.4600E+00  0.0000E+00  1.1204E+00  0.0000E+00  2.9749E-01  0.0000E+00  1.4600E+00  1.1204E+00  0.0000E+00  0.0000E+00
  1.5000E+01  0.0000E+00  2.2700E+05  0.0000E+00  1.0000E+00  0.0000E+00  0.0000E+00  0.0000E+00  0.0000E+00  0.0000E+00  1.0000E+00  0.0000E+00  0.0000E+00
  1.5000E+01  0.0000E+00  2.2700E+05  0.0000E+00  1.0000E+00  0.0000E+00  0.0000E+00  0.0000E+00  0.0000E+00  0.0000E+00  1.0000E+00  0.0000E+00  0.0000E+00
  1.5000E+01  0.0000E+00  0.0000E+00  0.0000E+00  0.0000E+00  0.0000E+00  0.0000E+00  0.0000E+00  0.0000E+00  0.0000E+00  1.0000E+00  0.0000E+00  0.0000E+00
  1.5000E+01  2.5000E-01  0.0000E+00  1.1600E+01  0.0000E+00  5.4742E+01  0.0000E+00 -7.7355E-01  0.0000E+00  1.1600E+01  5.4742E+01  0.0000E+00  0.0000E+00
  1.5000E+01  5.0000E-01  0.0000E+00  4.0600E+01  0.0000E+00  9.1088E+01  0.0000E+00 -5.4405E-01  0.0000E+00  4.0600E+01  9.1088E+01  0.0000E+00  0.0000E+00
  1.5000E+01  1.0000E+00  0.0000E+00  7.2100E+01  0.0000E+00  1.3138E+02  0.0000E+00 -4.4286E-01  0.0000E+00  7.2100E+01  1.3138E+02  0.0000E+00  0.0000E+00
  1.5000E+01  2.0000E+00  0.0000E+00  3.9700E+01  0.0000E+00  1.0922E+02  0.0000E+00 -6.2477E-01  0.0000E+00  3.9700E+01  1.0922E+02  0.0000E+00  0.0000E+00
  1.5000E+01  4.0000E+00  0.0000E+00  4.5700E+01  0.0000E+00  4.4378E+01  0.0000E+00  2.9234E-02  0.0000E+00  4.5700E+01  4.4378E+01  0.0000E+00  0.0000E+00
  1.5000E+01  6.0000E+00  0.0000E+00  6.1800E+01  0.0000E+00  1.1571E+02  0.0000E+00 -4.5729E-01  0.0000E+00  6.1800E+01  1.1571E+02  0.0000E+00  0.0000E+00
  1.5000E+01  8.0000E+00  0.0000E+00  5.6100E+01  0.0000E+00  8.0102E+01  0.0000E+00 -2.9411E-01  0.0000E+00  5.6100E+01  8.0102E+01  0.0000E+00  0.0000E+00
  1.5000E+01  1.2000E+01  0.0000E+00  2.7000E+01  0.0000E+00  3.5684E+01  0.0000E+00 -2.3887E-01  0.0000E+00  2.7000E+01  3.5684E+01  0.0000E+00  0.0000E+00
  1.5000E+01  2.4000E+01  0.0000E+00  5.0000E-01  0.0000E+00  3.2860E+00  0.0000E+00 -8.3218E-01  1.0000E+00  5.0000E-01  2.4736E-01  0.0000E+00  0.0000E+00
  1.6000E+01  0.0000E+00  2.1500E+05  0.0000E+00  1.0000E+00  0.0000E+00  0.0000E+00  0.0000E+00  0.0000E+00  0.0000E+00  1.0000E+00  0.0000E+00  0.0000E+00
  1.6000E+01  0.0000E+00  2.1500E+05  0.0000E+00  1.0000E+00  0.0000E+00  0.0000E+00  0.0000E+00  0.0000E+00  0.0000E+00  1.0000E+00  0.0000E+00  0.0000E+00
  1.6000E+01  0.0000E+00  0.0000E+00  0.0000E+00  0.0000E+00  0.0000E+00  0.0000E+00  0.0000E+00  0.0000E+00  0.0000E+00  1.0000E+00  0.0000E+00  0.0000E+00
  1.6000E+01  2.5000E-01  0.0000E+00  6.4700E+00  0.0000E+00  5.1848E+01  0.0000E+00 -8.5905E-01  0.0000E+00  6.4700E+00  5.1848E+01  0.0000E+00  0.0000E+00
  1.6000E+01  5.0000E-01  0.0000E+00  1.1400E+01  0.0000E+00  8.6273E+01  0.0000E+00 -8.5184E-01  0.0000E+00  1.1400E+01  8.6273E+01  0.0000E+00  0.0000E+00
  1.6000E+01  1.0000E+00  0.0000E+00  1.5500E+02  0.0000E+00  1.2443E+02  0.0000E+00  2.4114E-01  0.0000E+00  1.5500E+02  1.2443E+02  0.0000E+00  0.0000E+00
  1.6000E+01  2.0000E+00  0.0000E+00  1.9400E+02  0.0000E+00  1.0345E+02  0.0000E+00  8.5918E-01  0.0000E+00  1.9400E+02  1.0345E+02  0.0000E+00  0.0000E+00
  1.6000E+01  4.0000E+00  0.0000E+00  8.8000E+01  0.0000E+00  4.2032E+01  0.0000E+00  1.0734E+00  0.0000E+00  8.8000E+01  4.2032E+01  0.0000E+00  0.0000E+00
  1.6000E+01  6.0000E+00  0.0000E+00  3.2400E+02  0.0000E+00  1.0959E+02  0.0000E+00  1.9203E+00  0.0000E+00  3.2400E+02  1.0959E+02  0.0000E+00  0.0000E+00
  1.6000E+01  8.0000E+00  0.0000E+00  2.5300E+02  0.0000E+00  7.5868E+01  0.0000E+00  2.2916E+00  0.0000E+00  2.5300E+02  7.5868E+01  0.0000E+00  0.0000E+00
  1.6000E+01  1.2000E+01  0.0000E+00  7.2500E+01  0.0000E+00  3.3798E+01  0.0000E+00  1.1240E+00  0.0000E+00  7.2500E+01  3.3798E+01  0.0000E+00  0.0000E+00
  1.6000E+01  2.4000E+01  0.0000E+00  5.0000E-01  0.0000E+00  3.1123E+00  0.0000E+00 -8.2385E-01  1.0000E+00  5.0000E-01  2.5265E-01  0.0000E+00  0.0000E+00
  1.7000E+01  0.0000E+00  2.4900E+05  0.0000E+00  1.0000E+00  0.0000E+00  0.0000E+00  0.0000E+00  0.0000E+00  0.0000E+00  1.0000E+00  0.0000E+00  0.0000E+00
  1.7000E+01  0.0000E+00  2.4900E+05  0.0000E+00  1.0000E+00  0.0000E+00  0.0000E+00  0.0000E+00  0.0000E+00  0.0000E+00  1.0000E+00  0.0000E+00  0.0000E+00
  1.7000E+01  0.0000E+00  0.0000E+00  0.0000E+00  0.0000E+00  0.0000E+00  0.0000E+00  0.0000E+00  0.0000E+00  0.0000E+00  1.0000E+00  0.0000E+00  0.0000E+00
  1.7000E+01  2.5000E-01  0.0000E+00  1.0800E+01  0.0000E+00  6.0047E+01  0.0000E+00 -8.0500E-01  0.0000E+00  1.0800E+01  6.0047E+01  0.0000E+00  0.0000E+00
  1.7000E+01  5.0000E-01  0.0000E+00  1.7400E+01  0.0000E+00  9.9916E+01  0.0000E+00 -8.1061E-01  0.0000E+00  1.7400E+01  9.9916E+01  0.0000E+00  0.0000E+00
  1.7000E+01  1.0000E+00  0.0000E+00  4.2300E+01  0.0000E+00  1.4411E+02  0.0000E+00 -6.9343E-01  0.0000E+00  4.2300E+01  1.4411E+02  0.0000E+00  0.0000E+00
  1.7000E+01  2.0000E+00  0.0000E+00  4.8500E+01  0.0000E+00  1.1981E+02  0.0000E+00 -5.8419E-01  0.0000E+00  4.8500E+01  1.1981E+02  0.0000E+00  0.0000E+00
  1.7000E+01  4.0000E+00  0.0000E+00  5.4500E+01  0.0000E+00  4.8679E+01  0.0000E+00  1.1737E-01  0.0000E+00  5.4500E+01  4.8679E+01  0.0000E+00  0.0000E+00
  1.7000E+01  6.0000E+00  0.0000E+00  1.3500E+02  0.0000E+00  1.2692E+02  0.0000E+00  6.2480E-02  0.0000E+00  1.3500E+02  1.2692E+02  0.0000E+00  0.0000E+00
  1.7000E+01  8.0000E+00  0.0000E+00  6.3900E+01  0.0000E+00  8.7865E+01  0.0000E+00 -2.6771E-01  0.0000E+00  6.3900E+01  8.7865E+01  0.0000E+00  0.0000E+00
  1.7000E+01  1.2000E+01  0.0000E+00  3.6300E+01  0.0000E+00  3.9142E+01  0.0000E+00 -7.1275E-02  0.0000E+00  3.6300E+01  3.9142E+01  0.0000E+00  0.0000E+00
  1.7000E+01  2.4000E+01  0.0000E+00  5.0000E-01  0.0000E+00  3.6045E+00  0.0000E+00 -8.4538E-01  1.0000E+00  5.0000E-01  2.3909E-01  0.0000E+00  0.0000E+00
