TABLE NO.  2
 ID          CL          V2          V3          Q           KA          F1          DOSE
  1.0000E+00  7.5368E+00  2.1232E+01  1.4136E+00  2.4407E-01  3.0681E-01  1.3784E-02  1.2500E+01
  1.0000E+00  7.5368E+00  2.1232E+01  1.4136E+00  2.4407E-01  3.0681E-01  1.3784E-02  1.2500E+01
  1.0000E+00  7.5368E+00  2.1232E+01  1.4136E+00  2.4407E-01  3.0681E-01  1.3784E-02  1.2500E+01
  1.0000E+00  7.5368E+00  2.1232E+01  1.4136E+00  2.4407E-01  3.0681E-01  1.3784E-02  1.2500E+01
  1.0000E+00  7.5368E+00  2.1232E+01  1.4136E+00  2.4407E-01  3.0681E-01  1.3784E-02  1.2500E+01
  1.0000E+00  7.5368E+00  2.1232E+01  1.4136E+00  2.4407E-01  3.0681E-01  1.3784E-02  1.2500E+01
  1.0000E+00  7.5368E+00  2.1232E+01  1.4136E+00  2.4407E-01  3.0681E-01  1.3784E-02  1.2500E+01
  1.0000E+00  7.5368E+00  2.1232E+01  1.4136E+00  2.4407E-01  3.0681E-01  1.3784E-02  1.2500E+01
  1.0000E+00  7.5368E+00  2.1232E+01  1.4136E+00  2.4407E-01  3.0681E-01  1.3784E-02  1.2500E+01
  1.0000E+00  7.5368E+00  2.1232E+01  1.4136E+00  2.4407E-01  3.0681E-01  1.3784E-02  1.2500E+01
  1.0000E+00  7.5368E+00  2.1232E+01  1.4136E+00  2.4407E-01  3.0681E-01  1.3784E-02  1.2500E+01
  1.0000E+00  7.5368E+00  2.1232E+01  1.4136E+00  2.4407E-01  3.0681E-01  1.3784E-02  1.2500E+01
  1.0000E+00  7.5368E+00  2.1232E+01  1.4136E+00  2.4407E-01  3.0681E-01  1.3784E-02  1.2500E+01
  2.0000E+00  5.4960E+00  2.2927E+01  1.4136E+00  2.4407E-01  3.0681E-01  1.3784E-02  1.2500E+01
  2.0000E+00  5.4960E+00  2.2927E+01  1.4136E+00  2.4407E-01  3.0681E-01  1.3784E-02  1.2500E+01
  2.0000E+00  5.4960E+00  2.2927E+01  1.4136E+00  2.4407E-01  3.0681E-01  1.3784E-02  1.2500E+01
  2.0000E+00  5.4960E+00  2.2927E+01  1.4136E+00  2.4407E-01  3.0681E-01  1.3784E-02  1.2500E+01
  2.0000E+00  5.4960E+00  2.2927E+01  1.4136E+00  2.4407E-01  3.0681E-01  1.3784E-02  1.2500E+01
  2.0000E+00  5.4960E+00  2.2927E+01  1.4136E+00  2.4407E-01  3.0681E-01  1.3784E-02  1.2500E+01
  2.0000E+00  5.4960E+00  2.2927E+01  1.4136E+00  2.4407E-01  3.0681E-01  1.3784E-02  1.2500E+01
  2.0000E+00  5.4960E+00  2.2927E+01  1.4136E+00  2.4407E-01  3.0681E-01  1.3784E-02  1.2500E+01
  2.0000E+00  5.4960E+00  2.2927E+01  1.4136E+00  2.4407E-01  3.0681E-01  1.3784E-02  1.2500E+01
  2.0000E+00  5.4960E+00  2.2927E+01  1.4136E+00  2.4407E-01  3.0681E-01  1.3784E-02  1.2500E+01
  2.0000E+00  5.4960E+00  2.2927E+01  1.4136E+00  2.4407E-01  3.0681E-01  1.3784E-02  1.2500E+01
  2.0000E+00  5.4960E+00  2.2927E+01  1.4136E+00  2.4407E-01  3.0681E-01  1.3784E-02  1.2500E+01
  2.0000E+00  5.4960E+00  2.2927E+01  1.4136E+00  2.4407E-01  3.0681E-01  1.3784E-02  1.2500E+01
  3.0000E+00  4.4903E+00  2.8574E+00  1.4136E+00  2.4407E-01  3.0681E-01  1.0000E+00  2.5000E+00
  3.0000E+00  4.4903E+00  2.8574E+00  1.4136E+00  2.4407E-01  3.0681E-01  1.0000E+00  2.5000E+00
  3.0000E+00  4.4903E+00  2.8574E+00  1.4136E+00  2.4407E-01  3.0681E-01  1.0000E+00  2.5000E+00
  3.0000E+00  4.4903E+00  2.8574E+00  1.4136E+00  2.4407E-01  3.0681E-01  1.0000E+00  2.5000E+00
  3.0000E+00  4.4903E+00  2.8574E+00  1.4136E+00  2.4407E-01  3.0681E-01  1.0000E+00  2.5000E+00
  3.0000E+00  4.4903E+00  2.8574E+00  1.4136E+00  2.4407E-01  3.0681E-01  1.0000E+00  2.5000E+00
  3.0000E+00  4.4903E+00  2.8574E+00  1.4136E+00  2.4407E-01  3.0681E-01  1.0000E+00  2.5000E+00
  3.0000E+00  4.4903E+00  2.8574E+00  1.4136E+00  2.4407E-01  3.0681E-01  1.0000E+00  2.5000E+00
  3.0000E+00  4.4903E+00  2.8574E+00  1.4136E+00  2.4407E-01  3.0681E-01  1.0000E+00  2.5000E+00
  3.0000E+00  4.4903E+00  2.8574E+00  1.4136E+00  2.4407E-01  3.0681E-01  1.0000E+00  2.5000E+00
  3.0000E+00  4.4903E+00  2.8574E+00  1.4136E+00  2.4407E-01  3.0681E-01  1.0000E+00  2.5000E+00
  3.0000E+00  4.4903E+00  2.8574E+00  1.4136E+00  2.4407E-01  3.0681E-01  1.0000E+00  2.5000E+00
  4.0000E+00  5.6122E+00  3.1896E+00  1.4136E+00  2.4407E-01  3.0681E-01  1.0000E+00  2.5000E+00
  4.0000E+00  5.6122E+00  3.1896E+00  1.4136E+00  2.4407E-01  3.0681E-01  1.0000E+00  2.5000E+00
  4.0000E+00  5.6122E+00  3.1896E+00  1.4136E+00  2.4407E-01  3.0681E-01  1.0000E+00  2.5000E+00
  4.0000E+00  5.6122E+00  3.1896E+00  1.4136E+00  2.4407E-01  3.0681E-01  1.0000E+00  2.5000E+00
  4.0000E+00  5.6122E+00  3.1896E+00  1.4136E+00  2.4407E-01  3.0681E-01  1.0000E+00  2.5000E+00
  4.0000E+00  5.6122E+00  3.1896E+00  1.4136E+00  2.4407E-01  3.0681E-01  1.0000E+00  2.5000E+00
  4.0000E+00  5.6122E+00  3.1896E+00  1.4136E+00  2.4407E-01  3.0681E-01  1.0000E+00  2.5000E+00
  4.0000E+00  5.6122E+00  3.1896E+00  1.4136E+00  2.4407E-01  3.0681E-01  1.0000E+00  2.5000E+00
  4.0000E+00  5.6122E+00  3.1896E+00  1.4136E+00  2.4407E-01  3.0681E-01  1.0000E+00  2.5000E+00
  4.0000E+00  5.6122E+00  3.1896E+00  1.4136E+00  2.4407E-01  3.0681E-01  1.0000E+00  2.5000E+00
  4.0000E+00  5.6122E+00  3.1896E+00  1.4136E+00  2.4407E-01  3.0681E-01  1.0000E+00  2.5000E+00
  4.0000E+00  5.6122E+00  3.1896E+00  1.4136E+00  2.4407E-01  3.0681E-01  1.0000E+00  2.5000E+00
  5.0000E+00  4.8003E+00  2.6264E+00  1.4136E+00  2.4407E-01  3.0681E-01  1.0000E+00  2.5000E+00
  5.0000E+00  4.8003E+00  2.6264E+00  1.4136E+00  2.4407E-01  3.0681E-01  1.0000E+00  2.5000E+00
  5.0000E+00  4.8003E+00  2.6264E+00  1.4136E+00  2.4407E-01  3.0681E-01  1.0000E+00  2.5000E+00
  5.0000E+00  4.8003E+00  2.6264E+00  1.4136E+00  2.4407E-01  3.0681E-01  1.0000E+00  2.5000E+00
  5.0000E+00  4.8003E+00  2.6264E+00  1.4136E+00  2.4407E-01  3.0681E-01  1.0000E+00  2.5000E+00
  5.0000E+00  4.8003E+00  2.6264E+00  1.4136E+00  2.4407E-01  3.0681E-01  1.0000E+00  2.5000E+00
  5.0000E+00  4.8003E+00  2.6264E+00  1.4136E+00  2.4407E-01  3.0681E-01  1.0000E+00  2.5000E+00
  5.0000E+00  4.8003E+00  2.6264E+00  1.4136E+00  2.4407E-01  3.0681E-01  1.0000E+00  2.5000E+00
  5.0000E+00  4.8003E+00  2.6264E+00  1.4136E+00  2.4407E-01  3.0681E-01  1.0000E+00  2.5000E+00
  5.0000E+00  4.8003E+00  2.6264E+00  1.4136E+00  2.4407E-01  3.0681E-01  1.0000E+00  2.5000E+00
  5.0000E+00  4.8003E+00  2.6264E+00  1.4136E+00  2.4407E-01  3.0681E-01  1.0000E+00  2.5000E+00
  5.0000E+00  4.8003E+00  2.6264E+00  1.4136E+00  2.4407E-01  3.0681E-01  1.0000E+00  2.5000E+00
  6.0000E+00  6.0621E+00  1.1072E+01  1.4136E+00  2.4407E-01  3.0681E-01  1.3784E-02  1.0000E+01
  6.0000E+00  6.0621E+00  1.1072E+01  1.4136E+00  2.4407E-01  3.0681E-01  1.3784E-02  1.0000E+01
  6.0000E+00  6.0621E+00  1.1072E+01  1.4136E+00  2.4407E-01  3.0681E-01  1.3784E-02  1.0000E+01
  6.0000E+00  6.0621E+00  1.1072E+01  1.4136E+00  2.4407E-01  3.0681E-01  1.3784E-02  1.0000E+01
  6.0000E+00  6.0621E+00  1.1072E+01  1.4136E+00  2.4407E-01  3.0681E-01  1.3784E-02  1.0000E+01
  6.0000E+00  6.0621E+00  1.1072E+01  1.4136E+00  2.4407E-01  3.0681E-01  1.3784E-02  1.0000E+01
  6.0000E+00  6.0621E+00  1.1072E+01  1.4136E+00  2.4407E-01  3.0681E-01  1.3784E-02  1.0000E+01
  6.0000E+00  6.0621E+00  1.1072E+01  1.4136E+00  2.4407E-01  3.0681E-01  1.3784E-02  1.0000E+01
  6.0000E+00  6.0621E+00  1.1072E+01  1.4136E+00  2.4407E-01  3.0681E-01  1.3784E-02  1.0000E+01
  6.0000E+00  6.0621E+00  1.1072E+01  1.4136E+00  2.4407E-01  3.0681E-01  1.3784E-02  1.0000E+01
  6.0000E+00  6.0621E+00  1.1072E+01  1.4136E+00  2.4407E-01  3.0681E-01  1.3784E-02  1.0000E+01
  6.0000E+00  6.0621E+00  1.1072E+01  1.4136E+00  2.4407E-01  3.0681E-01  1.3784E-02  1.0000E+01
  7.0000E+00  5.3201E+00  6.9319E+00  1.4136E+00  2.4407E-01  3.0681E-01  1.3784E-02  1.0000E+01
  7.0000E+00  5.3201E+00  6.9319E+00  1.4136E+00  2.4407E-01  3.0681E-01  1.3784E-02  1.0000E+01
  7.0000E+00  5.3201E+00  6.9319E+00  1.4136E+00  2.4407E-01  3.0681E-01  1.3784E-02  1.0000E+01
  7.0000E+00  5.3201E+00  6.9319E+00  1.4136E+00  2.4407E-01  3.0681E-01  1.3784E-02  1.0000E+01
  7.0000E+00  5.3201E+00  6.9319E+00  1.4136E+00  2.4407E-01  3.0681E-01  1.3784E-02  1.0000E+01
  7.0000E+00  5.3201E+00  6.9319E+00  1.4136E+00  2.4407E-01  3.0681E-01  1.3784E-02  1.0000E+01
  7.0000E+00  5.3201E+00  6.9319E+00  1.4136E+00  2.4407E-01  3.0681E-01  1.3784E-02  1.0000E+01
  7.0000E+00  5.3201E+00  6.9319E+00  1.4136E+00  2.4407E-01  3.0681E-01  1.3784E-02  1.0000E+01
  7.0000E+00  5.3201E+00  6.9319E+00  1.4136E+00  2.4407E-01  3.0681E-01  1.3784E-02  1.0000E+01
  7.0000E+00  5.3201E+00  6.9319E+00  1.4136E+00  2.4407E-01  3.0681E-01  1.3784E-02  1.0000E+01
  7.0000E+00  5.3201E+00  6.9319E+00  1.4136E+00  2.4407E-01  3.0681E-01  1.3784E-02  1.0000E+01
  7.0000E+00  5.3201E+00  6.9319E+00  1.4136E+00  2.4407E-01  3.0681E-01  1.3784E-02  1.0000E+01
  8.0000E+00  6.8753E+00  4.1216E+00  1.4136E+00  2.4407E-01  3.0681E-01  1.3784E-02  1.0000E+01
  8.0000E+00  6.8753E+00  4.1216E+00  1.4136E+00  2.4407E-01  3.0681E-01  1.3784E-02  1.0000E+01
  8.0000E+00  6.8753E+00  4.1216E+00  1.4136E+00  2.4407E-01  3.0681E-01  1.3784E-02  1.0000E+01
  8.0000E+00  6.8753E+00  4.1216E+00  1.4136E+00  2.4407E-01  3.0681E-01  1.3784E-02  1.0000E+01
  8.0000E+00  6.8753E+00  4.1216E+00  1.4136E+00  2.4407E-01  3.0681E-01  1.3784E-02  1.0000E+01
  8.0000E+00  6.8753E+00  4.1216E+00  1.4136E+00  2.4407E-01  3.0681E-01  1.3784E-02  1.0000E+01
  8.0000E+00  6.8753E+00  4.1216E+00  1.4136E+00  2.4407E-01  3.0681E-01  1.3784E-02  1.0000E+01
  8.0000E+00  6.8753E+00  4.1216E+00  1.4136E+00  2.4407E-01  3.0681E-01  1.3784E-02  1.0000E+01
  8.0000E+00  6.8753E+00  4.1216E+00  1.4136E+00  2.4407E-01  3.0681E-01  1.3784E-02  1.0000E+01
  8.0000E+00  6.8753E+00  4.1216E+00  1.4136E+00  2.4407E-01  3.0681E-01  1.3784E-02  1.0000E+01
  8.0000E+00  6.8753E+00  4.1216E+00  1.4136E+00  2.4407E-01  3.0681E-01  1.3784E-02  1.0000E+01
  8.0000E+00  6.8753E+00  4.1216E+00  1.4136E+00  2.4407E-01  3.0681E-01  1.3784E-02  1.0000E+01
  9.0000E+00  3.5244E+00  6.7281E-01  1.4136E+00  2.4407E-01  3.0681E-01  1.3784E-02  3.0000E+01
  9.0000E+00  3.5244E+00  6.7281E-01  1.4136E+00  2.4407E-01  3.0681E-01  1.3784E-02  3.0000E+01
  9.0000E+00  3.5244E+00  6.7281E-01  1.4136E+00  2.4407E-01  3.0681E-01  1.3784E-02  3.0000E+01
  9.0000E+00  3.5244E+00  6.7281E-01  1.4136E+00  2.4407E-01  3.0681E-01  1.3784E-02  3.0000E+01
  9.0000E+00  3.5244E+00  6.7281E-01  1.4136E+00  2.4407E-01  3.0681E-01  1.3784E-02  3.0000E+01
  9.0000E+00  3.5244E+00  6.7281E-01  1.4136E+00  2.4407E-01  3.0681E-01  1.3784E-02  3.0000E+01
  9.0000E+00  3.5244E+00  6.7281E-01  1.4136E+00  2.4407E-01  3.0681E-01  1.3784E-02  3.0000E+01
  9.0000E+00  3.5244E+00  6.7281E-01  1.4136E+00  2.4407E-01  3.0681E-01  1.3784E-02  3.0000E+01
  9.0000E+00  3.5244E+00  6.7281E-01  1.4136E+00  2.4407E-01  3.0681E-01  1.3784E-02  3.0000E+01
  9.0000E+00  3.5244E+00  6.7281E-01  1.4136E+00  2.4407E-01  3.0681E-01  1.3784E-02  3.0000E+01
  9.0000E+00  3.5244E+00  6.7281E-01  1.4136E+00  2.4407E-01  3.0681E-01  1.3784E-02  3.0000E+01
  9.0000E+00  3.5244E+00  6.7281E-01  1.4136E+00  2.4407E-01  3.0681E-01  1.3784E-02  3.0000E+01
  1.0000E+01  2.8179E+00  7.1536E+00  1.4136E+00  2.4407E-01  3.0681E-01  1.3784E-02  3.0000E+01
  1.0000E+01  2.8179E+00  7.1536E+00  1.4136E+00  2.4407E-01  3.0681E-01  1.3784E-02  3.0000E+01
  1.0000E+01  2.8179E+00  7.1536E+00  1.4136E+00  2.4407E-01  3.0681E-01  1.3784E-02  3.0000E+01
  1.0000E+01  2.8179E+00  7.1536E+00  1.4136E+00  2.4407E-01  3.0681E-01  1.3784E-02  3.0000E+01
  1.0000E+01  2.8179E+00  7.1536E+00  1.4136E+00  2.4407E-01  3.0681E-01  1.3784E-02  3.0000E+01
  1.0000E+01  2.8179E+00  7.1536E+00  1.4136E+00  2.4407E-01  3.0681E-01  1.3784E-02  3.0000E+01
  1.0000E+01  2.8179E+00  7.1536E+00  1.4136E+00  2.4407E-01  3.0681E-01  1.3784E-02  3.0000E+01
  1.0000E+01  2.8179E+00  7.1536E+00  1.4136E+00  2.4407E-01  3.0681E-01  1.3784E-02  3.0000E+01
  1.0000E+01  2.8179E+00  7.1536E+00  1.4136E+00  2.4407E-01  3.0681E-01  1.3784E-02  3.0000E+01
  1.0000E+01  2.8179E+00  7.1536E+00  1.4136E+00  2.4407E-01  3.0681E-01  1.3784E-02  3.0000E+01
  1.0000E+01  2.8179E+00  7.1536E+00  1.4136E+00  2.4407E-01  3.0681E-01  1.3784E-02  3.0000E+01
  1.0000E+01  2.8179E+00  7.1536E+00  1.4136E+00  2.4407E-01  3.0681E-01  1.3784E-02  3.0000E+01
  1.1000E+01  3.4499E+00  5.7975E+00  1.4136E+00  2.4407E-01  3.0681E-01  1.3784E-02  3.0000E+01
  1.1000E+01  3.4499E+00  5.7975E+00  1.4136E+00  2.4407E-01  3.0681E-01  1.3784E-02  3.0000E+01
  1.1000E+01  3.4499E+00  5.7975E+00  1.4136E+00  2.4407E-01  3.0681E-01  1.3784E-02  3.0000E+01
  1.1000E+01  3.4499E+00  5.7975E+00  1.4136E+00  2.4407E-01  3.0681E-01  1.3784E-02  3.0000E+01
  1.1000E+01  3.4499E+00  5.7975E+00  1.4136E+00  2.4407E-01  3.0681E-01  1.3784E-02  3.0000E+01
  1.1000E+01  3.4499E+00  5.7975E+00  1.4136E+00  2.4407E-01  3.0681E-01  1.3784E-02  3.0000E+01
  1.1000E+01  3.4499E+00  5.7975E+00  1.4136E+00  2.4407E-01  3.0681E-01  1.3784E-02  3.0000E+01
  1.1000E+01  3.4499E+00  5.7975E+00  1.4136E+00  2.4407E-01  3.0681E-01  1.3784E-02  3.0000E+01
  1.1000E+01  3.4499E+00  5.7975E+00  1.4136E+00  2.4407E-01  3.0681E-01  1.3784E-02  3.0000E+01
  1.1000E+01  3.4499E+00  5.7975E+00  1.4136E+00  2.4407E-01  3.0681E-01  1.3784E-02  3.0000E+01
  1.1000E+01  3.4499E+00  5.7975E+00  1.4136E+00  2.4407E-01  3.0681E-01  1.3784E-02  3.0000E+01
  1.1000E+01  3.4499E+00  5.7975E+00  1.4136E+00  2.4407E-01  3.0681E-01  1.3784E-02  3.0000E+01
  1.2000E+01  7.4273E+00  7.6776E+01  1.4136E+00  2.4407E-01  3.0681E-01  1.3784E-02  3.0000E+01
  1.2000E+01  7.4273E+00  7.6776E+01  1.4136E+00  2.4407E-01  3.0681E-01  1.3784E-02  3.0000E+01
  1.2000E+01  7.4273E+00  7.6776E+01  1.4136E+00  2.4407E-01  3.0681E-01  1.3784E-02  3.0000E+01
  1.2000E+01  7.4273E+00  7.6776E+01  1.4136E+00  2.4407E-01  3.0681E-01  1.3784E-02  3.0000E+01
  1.2000E+01  7.4273E+00  7.6776E+01  1.4136E+00  2.4407E-01  3.0681E-01  1.3784E-02  3.0000E+01
  1.2000E+01  7.4273E+00  7.6776E+01  1.4136E+00  2.4407E-01  3.0681E-01  1.3784E-02  3.0000E+01
  1.2000E+01  7.4273E+00  7.6776E+01  1.4136E+00  2.4407E-01  3.0681E-01  1.3784E-02  3.0000E+01
  1.2000E+01  7.4273E+00  7.6776E+01  1.4136E+00  2.4407E-01  3.0681E-01  1.3784E-02  3.0000E+01
  1.2000E+01  7.4273E+00  7.6776E+01  1.4136E+00  2.4407E-01  3.0681E-01  1.3784E-02  3.0000E+01
  1.2000E+01  7.4273E+00  7.6776E+01  1.4136E+00  2.4407E-01  3.0681E-01  1.3784E-02  3.0000E+01
  1.2000E+01  7.4273E+00  7.6776E+01  1.4136E+00  2.4407E-01  3.0681E-01  1.3784E-02  3.0000E+01
  1.2000E+01  7.4273E+00  7.6776E+01  1.4136E+00  2.4407E-01  3.0681E-01  1.3784E-02  3.0000E+01
  1.3000E+01  6.2888E+00  2.6971E+01  1.4136E+00  2.4407E-01  3.0681E-01  1.3784E-02  3.0000E+01
  1.3000E+01  6.2888E+00  2.6971E+01  1.4136E+00  2.4407E-01  3.0681E-01  1.3784E-02  3.0000E+01
  1.3000E+01  6.2888E+00  2.6971E+01  1.4136E+00  2.4407E-01  3.0681E-01  1.3784E-02  3.0000E+01
  1.3000E+01  6.2888E+00  2.6971E+01  1.4136E+00  2.4407E-01  3.0681E-01  1.3784E-02  3.0000E+01
  1.3000E+01  6.2888E+00  2.6971E+01  1.4136E+00  2.4407E-01  3.0681E-01  1.3784E-02  3.0000E+01
  1.3000E+01  6.2888E+00  2.6971E+01  1.4136E+00  2.4407E-01  3.0681E-01  1.3784E-02  3.0000E+01
  1.3000E+01  6.2888E+00  2.6971E+01  1.4136E+00  2.4407E-01  3.0681E-01  1.3784E-02  3.0000E+01
  1.3000E+01  6.2888E+00  2.6971E+01  1.4136E+00  2.4407E-01  3.0681E-01  1.3784E-02  3.0000E+01
  1.3000E+01  6.2888E+00  2.6971E+01  1.4136E+00  2.4407E-01  3.0681E-01  1.3784E-02  3.0000E+01
  1.3000E+01  6.2888E+00  2.6971E+01  1.4136E+00  2.4407E-01  3.0681E-01  1.3784E-02  3.0000E+01
  1.3000E+01  6.2888E+00  2.6971E+01  1.4136E+00  2.4407E-01  3.0681E-01  1.3784E-02  3.0000E+01
  1.3000E+01  6.2888E+00  2.6971E+01  1.4136E+00  2.4407E-01  3.0681E-01  1.3784E-02  3.0000E+01
  1.4000E+01  9.7781E+00  5.5642E+01  1.4136E+00  2.4407E-01  3.0681E-01  1.3784E-02  3.0000E+01
  1.4000E+01  9.7781E+00  5.5642E+01  1.4136E+00  2.4407E-01  3.0681E-01  1.3784E-02  3.0000E+01
  1.4000E+01  9.7781E+00  5.5642E+01  1.4136E+00  2.4407E-01  3.0681E-01  1.3784E-02  3.0000E+01
  1.4000E+01  9.7781E+00  5.5642E+01  1.4136E+00  2.4407E-01  3.0681E-01  1.3784E-02  3.0000E+01
  1.4000E+01  9.7781E+00  5.5642E+01  1.4136E+00  2.4407E-01  3.0681E-01  1.3784E-02  3.0000E+01
  1.4000E+01  9.7781E+00  5.5642E+01  1.4136E+00  2.4407E-01  3.0681E-01  1.3784E-02  3.0000E+01
  1.4000E+01  9.7781E+00  5.5642E+01  1.4136E+00  2.4407E-01  3.0681E-01  1.3784E-02  3.0000E+01
  1.4000E+01  9.7781E+00  5.5642E+01  1.4136E+00  2.4407E-01  3.0681E-01  1.3784E-02  3.0000E+01
  1.4000E+01  9.7781E+00  5.5642E+01  1.4136E+00  2.4407E-01  3.0681E-01  1.3784E-02  3.0000E+01
  1.4000E+01  9.7781E+00  5.5642E+01  1.4136E+00  2.4407E-01  3.0681E-01  1.3784E-02  3.0000E+01
  1.4000E+01  9.7781E+00  5.5642E+01  1.4136E+00  2.4407E-01  3.0681E-01  1.3784E-02  3.0000E+01
  1.4000E+01  9.7781E+00  5.5642E+01  1.4136E+00  2.4407E-01  3.0681E-01  1.3784E-02  3.0000E+01
  1.5000E+01  8.1619E+00  1.2820E+01  1.4136E+00  2.4407E-01  3.0681E-01  1.3784E-02  1.0000E+02
  1.5000E+01  8.1619E+00  1.2820E+01  1.4136E+00  2.4407E-01  3.0681E-01  1.3784E-02  1.0000E+02
  1.5000E+01  8.1619E+00  1.2820E+01  1.4136E+00  2.4407E-01  3.0681E-01  1.3784E-02  1.0000E+02
  1.5000E+01  8.1619E+00  1.2820E+01  1.4136E+00  2.4407E-01  3.0681E-01  1.3784E-02  1.0000E+02
  1.5000E+01  8.1619E+00  1.2820E+01  1.4136E+00  2.4407E-01  3.0681E-01  1.3784E-02  1.0000E+02
  1.5000E+01  8.1619E+00  1.2820E+01  1.4136E+00  2.4407E-01  3.0681E-01  1.3784E-02  1.0000E+02
  1.5000E+01  8.1619E+00  1.2820E+01  1.4136E+00  2.4407E-01  3.0681E-01  1.3784E-02  1.0000E+02
  1.5000E+01  8.1619E+00  1.2820E+01  1.4136E+00  2.4407E-01  3.0681E-01  1.3784E-02  1.0000E+02
  1.5000E+01  8.1619E+00  1.2820E+01  1.4136E+00  2.4407E-01  3.0681E-01  1.3784E-02  1.0000E+02
  1.5000E+01  8.1619E+00  1.2820E+01  1.4136E+00  2.4407E-01  3.0681E-01  1.3784E-02  1.0000E+02
  1.5000E+01  8.1619E+00  1.2820E+01  1.4136E+00  2.4407E-01  3.0681E-01  1.3784E-02  1.0000E+02
  1.5000E+01  8.1619E+00  1.2820E+01  1.4136E+00  2.4407E-01  3.0681E-01  1.3784E-02  1.0000E+02
  1.6000E+01  2.4330E+00  6.0348E+00  1.4136E+00  2.4407E-01  3.0681E-01  1.3784E-02  1.0000E+02
  1.6000E+01  2.4330E+00  6.0348E+00  1.4136E+00  2.4407E-01  3.0681E-01  1.3784E-02  1.0000E+02
  1.6000E+01  2.4330E+00  6.0348E+00  1.4136E+00  2.4407E-01  3.0681E-01  1.3784E-02  1.0000E+02
  1.6000E+01  2.4330E+00  6.0348E+00  1.4136E+00  2.4407E-01  3.0681E-01  1.3784E-02  1.0000E+02
  1.6000E+01  2.4330E+00  6.0348E+00  1.4136E+00  2.4407E-01  3.0681E-01  1.3784E-02  1.0000E+02
  1.6000E+01  2.4330E+00  6.0348E+00  1.4136E+00  2.4407E-01  3.0681E-01  1.3784E-02  1.0000E+02
  1.6000E+01  2.4330E+00  6.0348E+00  1.4136E+00  2.4407E-01  3.0681E-01  1.3784E-02  1.0000E+02
  1.6000E+01  2.4330E+00  6.0348E+00  1.4136E+00  2.4407E-01  3.0681E-01  1.3784E-02  1.0000E+02
  1.6000E+01  2.4330E+00  6.0348E+00  1.4136E+00  2.4407E-01  3.0681E-01  1.3784E-02  1.0000E+02
  1.6000E+01  2.4330E+00  6.0348E+00  1.4136E+00  2.4407E-01  3.0681E-01  1.3784E-02  1.0000E+02
  1.6000E+01  2.4330E+00  6.0348E+00  1.4136E+00  2.4407E-01  3.0681E-01  1.3784E-02  1.0000E+02
  1.6000E+01  2.4330E+00  6.0348E+00  1.4136E+00  2.4407E-01  3.0681E-01  1.3784E-02  1.0000E+02
  1.7000E+01  7.1649E+00  1.8042E+01  1.4136E+00  2.4407E-01  3.0681E-01  1.3784E-02  1.0000E+02
  1.7000E+01  7.1649E+00  1.8042E+01  1.4136E+00  2.4407E-01  3.0681E-01  1.3784E-02  1.0000E+02
  1.7000E+01  7.1649E+00  1.8042E+01  1.4136E+00  2.4407E-01  3.0681E-01  1.3784E-02  1.0000E+02
  1.7000E+01  7.1649E+00  1.8042E+01  1.4136E+00  2.4407E-01  3.0681E-01  1.3784E-02  1.0000E+02
  1.7000E+01  7.1649E+00  1.8042E+01  1.4136E+00  2.4407E-01  3.0681E-01  1.3784E-02  1.0000E+02
  1.7000E+01  7.1649E+00  1.8042E+01  1.4136E+00  2.4407E-01  3.0681E-01  1.3784E-02  1.0000E+02
  1.7000E+01  7.1649E+00  1.8042E+01  1.4136E+00  2.4407E-01  3.0681E-01  1.3784E-02  1.0000E+02
  1.7000E+01  7.1649E+00  1.8042E+01  1.4136E+00  2.4407E-01  3.0681E-01  1.3784E-02  1.0000E+02
  1.7000E+01  7.1649E+00  1.8042E+01  1.4136E+00  2.4407E-01  3.0681E-01  1.3784E-02  1.0000E+02
  1.7000E+01  7.1649E+00  1.8042E+01  1.4136E+00  2.4407E-01  3.0681E-01  1.3784E-02  1.0000E+02
  1.7000E+01  7.1649E+00  1.8042E+01  1.4136E+00  2.4407E-01  3.0681E-01  1.3784E-02  1.0000E+02
  1.7000E+01  7.1649E+00  1.8042E+01  1.4136E+00  2.4407E-01  3.0681E-01  1.3784E-02  1.0000E+02
