TABLE NO.  1
 ID          TIME        AMT         DV          MDV         IPRED       CWRES       IWRES       BQL         DV          PRED        RES         WRES
  1.0000E+00  0.0000E+00  2.9000E+04  0.0000E+00  1.0000E+00  0.0000E+00  0.0000E+00  0.0000E+00  0.0000E+00  0.0000E+00  1.0000E+00  0.0000E+00  0.0000E+00
  1.0000E+00  0.0000E+00  2.9000E+04  0.0000E+00  1.0000E+00  0.0000E+00  0.0000E+00  0.0000E+00  0.0000E+00  0.0000E+00  1.0000E+00  0.0000E+00  0.0000E+00
  1.0000E+00  0.0000E+00  0.0000E+00  0.0000E+00  0.0000E+00  0.0000E+00  0.0000E+00  0.0000E+00  0.0000E+00  0.0000E+00  1.0000E+00  0.0000E+00  0.0000E+00
  1.0000E+00  2.5000E-01  0.0000E+00  7.3000E-01  0.0000E+00  1.3276E+00  0.0000E+00 -8.0752E-01  0.0000E+00  7.3000E-01  1.0857E-01  0.0000E+00  0.0000E+00
  1.0000E+00  5.0000E-01  0.0000E+00  2.7500E+00  0.0000E+00  2.4411E+00  0.0000E+00  2.2698E-01  0.0000E+00  2.7500E+00  5.7174E+00  0.0000E+00  0.0000E+00
  1.0000E+00  1.0000E+00  0.0000E+00  7.2700E+00  0.0000E+00  4.1274E+00  0.0000E+00  1.3659E+00  0.0000E+00  7.2700E+00  9.1154E+00  0.0000E+00  0.0000E+00
  1.0000E+00  2.0000E+00  0.0000E+00  6.4500E+00  0.0000E+00  5.9043E+00  0.0000E+00  1.6581E-01  0.0000E+00  6.4500E+00  1.1669E+01  0.0000E+00  0.0000E+00
  1.0000E+00  3.0000E+00  0.0000E+00  6.8500E+00  0.0000E+00  6.3416E+00  0.0000E+00  1.4383E-01  0.0000E+00  6.8500E+00  1.1313E+01  0.0000E+00  0.0000E+00
  1.0000E+00  4.0000E+00  0.0000E+00  4.2300E+00  0.0000E+00  6.0617E+00  0.0000E+00 -5.4208E-01  0.0000E+00  4.2300E+00  9.8448E+00  0.0000E+00  0.0000E+00
  1.0000E+00  6.0000E+00  0.0000E+00  6.0300E+00  0.0000E+00  6.6284E+00  0.0000E+00 -1.6195E-01  0.0000E+00  6.0300E+00  1.0396E+01  0.0000E+00  0.0000E+00
  1.0000E+00  8.0000E+00  0.0000E+00  8.1100E+00  0.0000E+00  6.1237E+00  0.0000E+00  5.8189E-01  0.0000E+00  8.1100E+00  9.0350E+00  0.0000E+00  0.0000E+00
  1.0000E+00  1.2000E+01  0.0000E+00  5.0000E-01  0.0000E+00  4.8593E+00  0.0000E+00 -1.6093E+00  1.0000E+00  5.0000E-01  6.2728E-02  0.0000E+00  0.0000E+00
  1.0000E+00  2.4000E+01  0.0000E+00  5.0000E-01  0.0000E+00  1.5103E-01  0.0000E+00  4.1451E+00  1.0000E+00  5.0000E-01  1.0000E+00  0.0000E+00  0.0000E+00
  2.0000E+00  0.0000E+00  2.9000E+04  0.0000E+00  1.0000E+00  0.0000E+00  0.0000E+00  0.0000E+00  0.0000E+00  0.0000E+00  1.0000E+00  0.0000E+00  0.0000E+00
  2.0000E+00  0.0000E+00  2.9000E+04  0.0000E+00  1.0000E+00  0.0000E+00  0.0000E+00  0.0000E+00  0.0000E+00  0.0000E+00  1.0000E+00  0.0000E+00  0.0000E+00
  2.0000E+00  0.0000E+00  0.0000E+00  0.0000E+00  0.0000E+00  0.0000E+00  0.0000E+00  0.0000E+00  0.0000E+00  0.0000E+00  1.0000E+00  0.0000E+00  0.0000E+00
  2.0000E+00  2.5000E-01  0.0000E+00  1.2000E-01  0.0000E+00  1.2474E+00  0.0000E+00 -1.6214E+00  0.0000E+00  1.2000E-01  1.0857E-01  0.0000E+00  0.0000E+00
  2.0000E+00  5.0000E-01  0.0000E+00  1.8000E-01  0.0000E+00  2.3272E+00  0.0000E+00 -1.6552E+00  0.0000E+00  1.8000E-01  6.9415E-02  0.0000E+00  0.0000E+00
  2.0000E+00  1.0000E+00  0.0000E+00  1.4000E-01  0.0000E+00  4.0505E+00  0.0000E+00 -1.7319E+00  0.0000E+00  1.4000E-01  5.5119E-02  0.0000E+00  0.0000E+00
  2.0000E+00  2.0000E+00  0.0000E+00  1.1700E+00  0.0000E+00  6.1398E+00  0.0000E+00 -1.4521E+00  0.0000E+00  1.1700E+00  1.1669E+01  0.0000E+00  0.0000E+00
  2.0000E+00  3.0000E+00  0.0000E+00  8.4000E+00  0.0000E+00  6.9872E+00  0.0000E+00  3.6273E-01  0.0000E+00  8.4000E+00  1.1313E+01  0.0000E+00  0.0000E+00
  2.0000E+00  4.0000E+00  0.0000E+00  1.5500E+01  0.0000E+00  7.0756E+00  0.0000E+00  2.1359E+00  0.0000E+00  1.5500E+01  9.8448E+00  0.0000E+00  0.0000E+00
  2.0000E+00  6.0000E+00  0.0000E+00  8.5100E+00  0.0000E+00  8.1343E+00  0.0000E+00  8.2848E-02  0.0000E+00  8.5100E+00  1.0396E+01  0.0000E+00  0.0000E+00
  2.0000E+00  8.0000E+00  0.0000E+00  6.0400E+00  0.0000E+00  7.9736E+00  0.0000E+00 -4.3502E-01  0.0000E+00  6.0400E+00  9.0350E+00  0.0000E+00  0.0000E+00
  2.0000E+00  1.2000E+01  0.0000E+00  5.0000E-01  0.0000E+00  6.8403E+00  0.0000E+00 -1.6628E+00  1.0000E+00  5.0000E-01  6.2728E-02  0.0000E+00  0.0000E+00
  2.0000E+00  2.4000E+01  0.0000E+00  5.0000E-01  0.0000E+00  5.3520E-01  0.0000E+00 -1.1798E-01  1.0000E+00  5.0000E-01  1.0000E+00  0.0000E+00  0.0000E+00
  3.0000E+00  0.0000E+00  5.4500E+03  0.0000E+00  1.0000E+00  1.9073E+03  0.0000E+00 -1.7939E+00  0.0000E+00  0.0000E+00  3.6637E-02  0.0000E+00  0.0000E+00
  3.0000E+00  1.7000E-02  0.0000E+00  2.5500E+03  0.0000E+00  1.8543E+03  0.0000E+00  6.7301E-01  0.0000E+00  2.5500E+03  6.3232E+02  0.0000E+00  0.0000E+00
  3.0000E+00  8.3500E-02  0.0000E+00  2.1100E+03  0.0000E+00  1.6610E+03  0.0000E+00  4.8499E-01  0.0000E+00  2.1100E+03  6.0702E+02  0.0000E+00  0.0000E+00
  3.0000E+00  2.5000E-01  0.0000E+00  1.4600E+03  0.0000E+00  1.2611E+03  0.0000E+00  2.8291E-01  0.0000E+00  1.4600E+03  5.4807E+02  0.0000E+00  0.0000E+00
  3.0000E+00  5.0000E-01  0.0000E+00  8.5300E+02  0.0000E+00  8.3498E+02  0.0000E+00  3.8705E-02  0.0000E+00  8.5300E+02  4.7027E+02  0.0000E+00  0.0000E+00
  3.0000E+00  1.0000E+00  0.0000E+00  5.5500E+02  0.0000E+00  3.6850E+02  0.0000E+00  9.0795E-01  0.0000E+00  5.5500E+02  3.4666E+02  0.0000E+00  0.0000E+00
  3.0000E+00  2.0000E+00  0.0000E+00  1.0300E+02  0.0000E+00  7.6627E+01  0.0000E+00  6.1743E-01  0.0000E+00  1.0300E+02  1.8954E+02  0.0000E+00  0.0000E+00
  3.0000E+00  4.0000E+00  0.0000E+00  7.4100E+00  0.0000E+00  8.9385E+00  0.0000E+00 -3.0677E-01  0.0000E+00  7.4100E+00  5.9031E+01  0.0000E+00  0.0000E+00
  3.0000E+00  6.0000E+00  0.0000E+00  4.4900E+00  0.0000E+00  4.7997E+00  0.0000E+00 -1.1576E-01  0.0000E+00  4.4900E+00  2.0348E+01  0.0000E+00  0.0000E+00
  3.0000E+00  8.0000E+00  0.0000E+00  5.2500E+00  0.0000E+00  3.4069E+00  0.0000E+00  9.7051E-01  0.0000E+00  5.2500E+00  8.3192E+00  0.0000E+00  0.0000E+00
  3.0000E+00  1.2000E+01  0.0000E+00  2.4600E+00  0.0000E+00  1.7749E+00  0.0000E+00  6.9244E-01  0.0000E+00  2.4600E+00  2.5040E+00  0.0000E+00  0.0000E+00
  3.0000E+00  2.4000E+01  0.0000E+00  5.0000E-01  0.0000E+00  2.5165E-01  0.0000E+00  1.7704E+00  1.0000E+00  5.0000E-01  9.9997E-01  0.0000E+00  0.0000E+00
  4.0000E+00  0.0000E+00  5.9500E+03  0.0000E+00  1.0000E+00  1.8655E+03  0.0000E+00 -1.7939E+00  0.0000E+00  0.0000E+00  3.6618E-02  0.0000E+00  0.0000E+00
  4.0000E+00  1.7000E-02  0.0000E+00  2.3000E+03  0.0000E+00  1.8081E+03  0.0000E+00  4.8800E-01  0.0000E+00  2.3000E+03  6.9033E+02  0.0000E+00  0.0000E+00
  4.0000E+00  8.3500E-02  0.0000E+00  2.0000E+03  0.0000E+00  1.6004E+03  0.0000E+00  4.4795E-01  0.0000E+00  2.0000E+03  6.6271E+02  0.0000E+00  0.0000E+00
  4.0000E+00  2.5000E-01  0.0000E+00  1.2600E+03  0.0000E+00  1.1794E+03  0.0000E+00  1.2267E-01  0.0000E+00  1.2600E+03  5.9835E+02  0.0000E+00  0.0000E+00
  4.0000E+00  5.0000E-01  0.0000E+00  7.3500E+02  0.0000E+00  7.4654E+02  0.0000E+00 -2.7731E-02  0.0000E+00  7.3500E+02  5.1342E+02  0.0000E+00  0.0000E+00
  4.0000E+00  1.0000E+00  0.0000E+00  4.3200E+02  0.0000E+00  3.0115E+02  0.0000E+00  7.7945E-01  0.0000E+00  4.3200E+02  3.7846E+02  0.0000E+00  0.0000E+00
  4.0000E+00  2.0000E+00  0.0000E+00  5.4600E+01  0.0000E+00  5.2777E+01  0.0000E+00  6.1960E-02  0.0000E+00  5.4600E+01  2.0692E+02  0.0000E+00  0.0000E+00
  4.0000E+00  4.0000E+00  0.0000E+00  7.2500E+00  0.0000E+00  5.7061E+00  0.0000E+00  4.8538E-01  0.0000E+00  7.2500E+00  6.4447E+01  0.0000E+00  0.0000E+00
  4.0000E+00  6.0000E+00  0.0000E+00  3.6500E+00  0.0000E+00  3.2971E+00  0.0000E+00  1.9199E-01  0.0000E+00  3.6500E+00  2.2215E+01  0.0000E+00  0.0000E+00
  4.0000E+00  8.0000E+00  0.0000E+00  3.3200E+00  0.0000E+00  2.3514E+00  0.0000E+00  7.3901E-01  0.0000E+00  3.3200E+00  9.0824E+00  0.0000E+00  0.0000E+00
  4.0000E+00  1.2000E+01  0.0000E+00  1.6100E+00  0.0000E+00  1.2161E+00  0.0000E+00  5.8102E-01  0.0000E+00  1.6100E+00  2.7337E+00  0.0000E+00  0.0000E+00
  4.0000E+00  2.4000E+01  0.0000E+00  5.0000E-01  0.0000E+00  1.6840E-01  0.0000E+00  3.5323E+00  1.0000E+00  5.0000E-01  9.9977E-01  0.0000E+00  0.0000E+00
  5.0000E+00  0.0000E+00  6.1000E+03  0.0000E+00  1.0000E+00  2.3226E+03  0.0000E+00 -1.7939E+00  0.0000E+00  0.0000E+00  3.6613E-02  0.0000E+00  0.0000E+00
  5.0000E+00  1.7000E-02  0.0000E+00  2.6900E+03  0.0000E+00  2.2480E+03  0.0000E+00  3.5272E-01  0.0000E+00  2.6900E+03  7.0774E+02  0.0000E+00  0.0000E+00
  5.0000E+00  8.3500E-02  0.0000E+00  2.0500E+03  0.0000E+00  1.9786E+03  0.0000E+00  6.4765E-02  0.0000E+00  2.0500E+03  6.7942E+02  0.0000E+00  0.0000E+00
  5.0000E+00  2.5000E-01  0.0000E+00  1.1600E+03  0.0000E+00  1.4378E+03  0.0000E+00 -3.4660E-01  0.0000E+00  1.1600E+03  6.1344E+02  0.0000E+00  0.0000E+00
  5.0000E+00  5.0000E-01  0.0000E+00  8.2000E+02  0.0000E+00  8.9145E+02  0.0000E+00 -1.4378E-01  0.0000E+00  8.2000E+02  5.2636E+02  0.0000E+00  0.0000E+00
  5.0000E+00  1.0000E+00  0.0000E+00  4.5600E+02  0.0000E+00  3.4564E+02  0.0000E+00  5.7279E-01  0.0000E+00  4.5600E+02  3.8800E+02  0.0000E+00  0.0000E+00
  5.0000E+00  2.0000E+00  0.0000E+00  5.7800E+01  0.0000E+00  5.7356E+01  0.0000E+00  1.3879E-02  0.0000E+00  5.7800E+01  2.1214E+02  0.0000E+00  0.0000E+00
  5.0000E+00  4.0000E+00  0.0000E+00  6.8700E+00  0.0000E+00  7.2692E+00  0.0000E+00 -9.8528E-02  0.0000E+00  6.8700E+00  6.6072E+01  0.0000E+00  0.0000E+00
  5.0000E+00  6.0000E+00  0.0000E+00  6.0500E+00  0.0000E+00  4.5230E+00  0.0000E+00  6.0563E-01  0.0000E+00  6.0500E+00  2.2775E+01  0.0000E+00  0.0000E+00
  5.0000E+00  8.0000E+00  0.0000E+00  6.1100E+00  0.0000E+00  3.2462E+00  0.0000E+00  1.5827E+00  0.0000E+00  6.1100E+00  9.3114E+00  0.0000E+00  0.0000E+00
  5.0000E+00  1.2000E+01  0.0000E+00  1.7100E+00  0.0000E+00  1.6874E+00  0.0000E+00  2.3973E-02  0.0000E+00  1.7100E+00  2.8026E+00  0.0000E+00  0.0000E+00
  5.0000E+00  2.4000E+01  0.0000E+00  5.0000E-01  0.0000E+00  2.3714E-01  0.0000E+00  1.9886E+00  1.0000E+00  5.0000E-01  9.9963E-01  0.0000E+00  0.0000E+00
  6.0000E+00  0.0000E+00  2.1800E+04  0.0000E+00  1.0000E+00  0.0000E+00  0.0000E+00  0.0000E+00  0.0000E+00  0.0000E+00  1.0000E+00  0.0000E+00  0.0000E+00
  6.0000E+00  0.0000E+00  2.1800E+04  0.0000E+00  1.0000E+00  0.0000E+00  0.0000E+00  0.0000E+00  0.0000E+00  0.0000E+00  1.0000E+00  0.0000E+00  0.0000E+00
  6.0000E+00  0.0000E+00  0.0000E+00  0.0000E+00  0.0000E+00  0.0000E+00  0.0000E+00  0.0000E+00  0.0000E+00  0.0000E+00  1.0000E+00  0.0000E+00  0.0000E+00
  6.0000E+00  2.5000E-01  0.0000E+00  0.0000E+00  0.0000E+00  1.8662E+00  0.0000E+00 -1.7939E+00  0.0000E+00  0.0000E+00  1.4703E-01  0.0000E+00  0.0000E+00
  6.0000E+00  5.0000E-01  0.0000E+00  1.3900E+00  0.0000E+00  3.3473E+00  0.0000E+00 -1.0490E+00  0.0000E+00  1.3900E+00  4.2979E+00  0.0000E+00  0.0000E+00
  6.0000E+00  1.0000E+00  0.0000E+00  9.5800E+00  0.0000E+00  5.3917E+00  0.0000E+00  1.3936E+00  0.0000E+00  9.5800E+00  6.8523E+00  0.0000E+00  0.0000E+00
  6.0000E+00  2.0000E+00  0.0000E+00  9.5100E+00  0.0000E+00  7.0320E+00  0.0000E+00  6.3217E-01  0.0000E+00  9.5100E+00  8.7721E+00  0.0000E+00  0.0000E+00
  6.0000E+00  4.0000E+00  0.0000E+00  4.9900E+00  0.0000E+00  6.1119E+00  0.0000E+00 -3.2930E-01  0.0000E+00  4.9900E+00  7.4006E+00  0.0000E+00  0.0000E+00
  6.0000E+00  6.0000E+00  0.0000E+00  3.2100E+00  0.0000E+00  6.4555E+00  0.0000E+00 -9.0190E-01  0.0000E+00  3.2100E+00  7.8152E+00  0.0000E+00  0.0000E+00
  6.0000E+00  8.0000E+00  0.0000E+00  9.1800E+00  0.0000E+00  5.6434E+00  0.0000E+00  1.1242E+00  0.0000E+00  9.1800E+00  6.7918E+00  0.0000E+00  0.0000E+00
  6.0000E+00  1.2000E+01  0.0000E+00  3.8300E+00  0.0000E+00  4.2850E+00  0.0000E+00 -1.9049E-01  0.0000E+00  3.8300E+00  5.1537E+00  0.0000E+00  0.0000E+00
  6.0000E+00  2.4000E+01  0.0000E+00  5.0000E-01  0.0000E+00  7.4819E-02  0.0000E+00  1.0195E+01  1.0000E+00  5.0000E-01  1.0000E+00  0.0000E+00  0.0000E+00
  7.0000E+00  0.0000E+00  2.3800E+04  0.0000E+00  1.0000E+00  0.0000E+00  0.0000E+00  0.0000E+00  0.0000E+00  0.0000E+00  1.0000E+00  0.0000E+00  0.0000E+00
  7.0000E+00  0.0000E+00  2.3800E+04  0.0000E+00  1.0000E+00  0.0000E+00  0.0000E+00  0.0000E+00  0.0000E+00  0.0000E+00  1.0000E+00  0.0000E+00  0.0000E+00
  7.0000E+00  0.0000E+00  0.0000E+00  0.0000E+00  0.0000E+00  0.0000E+00  0.0000E+00  0.0000E+00  0.0000E+00  0.0000E+00  1.0000E+00  0.0000E+00  0.0000E+00
  7.0000E+00  2.5000E-01  0.0000E+00  2.7200E+00  0.0000E+00  3.1622E+00  0.0000E+00 -2.5088E-01  0.0000E+00  2.7200E+00  2.6301E+00  0.0000E+00  0.0000E+00
  7.0000E+00  5.0000E-01  0.0000E+00  3.0600E+00  0.0000E+00  5.5171E+00  0.0000E+00 -7.9894E-01  0.0000E+00  3.0600E+00  4.6922E+00  0.0000E+00  0.0000E+00
  7.0000E+00  1.0000E+00  0.0000E+00  5.3900E+00  0.0000E+00  8.4323E+00  0.0000E+00 -6.4724E-01  0.0000E+00  5.3900E+00  7.4809E+00  0.0000E+00  0.0000E+00
  7.0000E+00  2.0000E+00  0.0000E+00  2.4700E+01  0.0000E+00  1.0016E+01  0.0000E+00  2.6302E+00  0.0000E+00  2.4700E+01  9.5768E+00  0.0000E+00  0.0000E+00
  7.0000E+00  4.0000E+00  0.0000E+00  3.7600E+00  0.0000E+00  7.5356E+00  0.0000E+00 -8.9882E-01  0.0000E+00  3.7600E+00  8.0795E+00  0.0000E+00  0.0000E+00
  7.0000E+00  6.0000E+00  0.0000E+00  3.1900E+00  0.0000E+00  8.0240E+00  0.0000E+00 -1.0807E+00  0.0000E+00  3.1900E+00  8.5322E+00  0.0000E+00  0.0000E+00
  7.0000E+00  8.0000E+00  0.0000E+00  6.4300E+00  0.0000E+00  6.8108E+00  0.0000E+00 -1.0030E-01  0.0000E+00  6.4300E+00  7.4149E+00  0.0000E+00  0.0000E+00
  7.0000E+00  1.2000E+01  0.0000E+00  4.9200E+00  0.0000E+00  5.1280E+00  0.0000E+00 -7.2754E-02  0.0000E+00  4.9200E+00  5.6265E+00  0.0000E+00  0.0000E+00
  7.0000E+00  2.4000E+01  0.0000E+00  5.0000E-01  0.0000E+00  7.8141E-02  0.0000E+00  9.6848E+00  1.0000E+00  5.0000E-01  1.0000E+00  0.0000E+00  0.0000E+00
  8.0000E+00  0.0000E+00  2.4400E+04  0.0000E+00  1.0000E+00  0.0000E+00  0.0000E+00  0.0000E+00  0.0000E+00  0.0000E+00  1.0000E+00  0.0000E+00  0.0000E+00
  8.0000E+00  0.0000E+00  2.4400E+04  0.0000E+00  1.0000E+00  0.0000E+00  0.0000E+00  0.0000E+00  0.0000E+00  0.0000E+00  1.0000E+00  0.0000E+00  0.0000E+00
  8.0000E+00  0.0000E+00  0.0000E+00  0.0000E+00  0.0000E+00  0.0000E+00  0.0000E+00  0.0000E+00  0.0000E+00  0.0000E+00  1.0000E+00  0.0000E+00  0.0000E+00
  8.0000E+00  2.5000E-01  0.0000E+00  4.4400E+00  0.0000E+00  4.8800E+00  0.0000E+00 -1.6175E-01  0.0000E+00  4.4400E+00  2.6964E+00  0.0000E+00  0.0000E+00
  8.0000E+00  5.0000E-01  0.0000E+00  9.7200E+00  0.0000E+00  7.6908E+00  0.0000E+00  4.7331E-01  0.0000E+00  9.7200E+00  4.8105E+00  0.0000E+00  0.0000E+00
  8.0000E+00  1.0000E+00  0.0000E+00  1.7700E+01  0.0000E+00  9.8523E+00  0.0000E+00  1.4289E+00  0.0000E+00  1.7700E+01  7.6695E+00  0.0000E+00  0.0000E+00
  8.0000E+00  2.0000E+00  0.0000E+00  7.3400E+00  0.0000E+00  9.0444E+00  0.0000E+00 -3.3807E-01  0.0000E+00  7.3400E+00  9.8183E+00  0.0000E+00  0.0000E+00
  8.0000E+00  4.0000E+00  0.0000E+00  4.9900E+00  0.0000E+00  5.2683E+00  0.0000E+00 -9.4765E-02  0.0000E+00  4.9900E+00  8.2832E+00  0.0000E+00  0.0000E+00
  8.0000E+00  6.0000E+00  0.0000E+00  6.1800E+00  0.0000E+00  6.2609E+00  0.0000E+00 -2.3194E-02  0.0000E+00  6.1800E+00  8.7473E+00  0.0000E+00  0.0000E+00
  8.0000E+00  8.0000E+00  0.0000E+00  4.5600E+00  0.0000E+00  5.0994E+00  0.0000E+00 -1.8976E-01  0.0000E+00  4.5600E+00  7.6019E+00  0.0000E+00  0.0000E+00
  8.0000E+00  1.2000E+01  0.0000E+00  5.4200E+00  0.0000E+00  3.8011E+00  0.0000E+00  7.6403E-01  0.0000E+00  5.4200E+00  5.7684E+00  0.0000E+00  0.0000E+00
  8.0000E+00  2.4000E+01  0.0000E+00  5.0000E-01  0.0000E+00  3.9166E-02  0.0000E+00  2.1107E+01  1.0000E+00  5.0000E-01  1.0000E+00  0.0000E+00  0.0000E+00
  9.0000E+00  0.0000E+00  6.5700E+04  0.0000E+00  1.0000E+00  0.0000E+00  0.0000E+00  0.0000E+00  0.0000E+00  0.0000E+00  1.0000E+00  0.0000E+00  0.0000E+00
  9.0000E+00  0.0000E+00  6.5700E+04  0.0000E+00  1.0000E+00  0.0000E+00  0.0000E+00  0.0000E+00  0.0000E+00  0.0000E+00  1.0000E+00  0.0000E+00  0.0000E+00
  9.0000E+00  0.0000E+00  0.0000E+00  0.0000E+00  0.0000E+00  0.0000E+00  0.0000E+00  0.0000E+00  0.0000E+00  0.0000E+00  1.0000E+00  0.0000E+00  0.0000E+00
  9.0000E+00  2.5000E-01  0.0000E+00  6.1100E+01  0.0000E+00  5.3049E+01  0.0000E+00  2.7225E-01  0.0000E+00  6.1100E+01  7.2604E+00  0.0000E+00  0.0000E+00
  9.0000E+00  5.0000E-01  0.0000E+00  1.5100E+02  0.0000E+00  6.2320E+01  0.0000E+00  2.5527E+00  0.0000E+00  1.5100E+02  1.2953E+01  0.0000E+00  0.0000E+00
  9.0000E+00  1.0000E+00  0.0000E+00  6.1800E+01  0.0000E+00  5.7557E+01  0.0000E+00  1.3224E-01  0.0000E+00  6.1800E+01  2.0651E+01  0.0000E+00  0.0000E+00
  9.0000E+00  2.0000E+00  0.0000E+00  2.9100E+01  0.0000E+00  4.3146E+01  0.0000E+00 -5.8400E-01  0.0000E+00  2.9100E+01  2.6437E+01  0.0000E+00  0.0000E+00
  9.0000E+00  4.0000E+00  0.0000E+00  1.2200E+01  0.0000E+00  2.4153E+01  0.0000E+00 -8.8780E-01  0.0000E+00  1.2200E+01  2.2304E+01  0.0000E+00  0.0000E+00
  9.0000E+00  6.0000E+00  0.0000E+00  3.5300E+01  0.0000E+00  3.1348E+01  0.0000E+00  2.2614E-01  0.0000E+00  3.5300E+01  2.3553E+01  0.0000E+00  0.0000E+00
  9.0000E+00  8.0000E+00  0.0000E+00  3.1900E+01  0.0000E+00  2.5760E+01  0.0000E+00  4.2760E-01  0.0000E+00  3.1900E+01  2.0469E+01  0.0000E+00  0.0000E+00
  9.0000E+00  1.2000E+01  0.0000E+00  2.0000E+01  0.0000E+00  1.7463E+01  0.0000E+00  2.6067E-01  0.0000E+00  2.0000E+01  1.5532E+01  0.0000E+00  0.0000E+00
  9.0000E+00  2.4000E+01  0.0000E+00  5.0000E-01  0.0000E+00  3.0343E-01  0.0000E+00  1.1621E+00  1.0000E+00  5.0000E-01  9.9999E-01  0.0000E+00  0.0000E+00
  1.0000E+01  0.0000E+00  7.0500E+04  0.0000E+00  1.0000E+00  0.0000E+00  0.0000E+00  0.0000E+00  0.0000E+00  0.0000E+00  1.0000E+00  0.0000E+00  0.0000E+00
  1.0000E+01  0.0000E+00  7.0500E+04  0.0000E+00  1.0000E+00  0.0000E+00  0.0000E+00  0.0000E+00  0.0000E+00  0.0000E+00  1.0000E+00  0.0000E+00  0.0000E+00
  1.0000E+01  0.0000E+00  0.0000E+00  0.0000E+00  0.0000E+00  0.0000E+00  0.0000E+00  0.0000E+00  0.0000E+00  0.0000E+00  1.0000E+00  0.0000E+00  0.0000E+00
  1.0000E+01  2.5000E-01  0.0000E+00  7.4900E+00  0.0000E+00  9.5062E+00  0.0000E+00 -3.8048E-01  0.0000E+00  7.4900E+00  7.7908E+00  0.0000E+00  0.0000E+00
  1.0000E+01  5.0000E-01  0.0000E+00  1.1400E+01  0.0000E+00  1.7349E+01  0.0000E+00 -6.1515E-01  0.0000E+00  1.1400E+01  1.3899E+01  0.0000E+00  0.0000E+00
  1.0000E+01  1.0000E+00  0.0000E+00  4.4700E+01  0.0000E+00  2.8910E+01  0.0000E+00  9.7976E-01  0.0000E+00  4.4700E+01  2.2160E+01  0.0000E+00  0.0000E+00
  1.0000E+01  2.0000E+00  0.0000E+00  4.1200E+01  0.0000E+00  4.0244E+01  0.0000E+00  4.2626E-02  0.0000E+00  4.1200E+01  2.8368E+01  0.0000E+00  0.0000E+00
  1.0000E+01  4.0000E+00  0.0000E+00  4.5400E+01  0.0000E+00  3.9426E+01  0.0000E+00  2.7182E-01  0.0000E+00  4.5400E+01  2.3933E+01  0.0000E+00  0.0000E+00
  1.0000E+01  6.0000E+00  0.0000E+00  7.5200E+01  0.0000E+00  4.2729E+01  0.0000E+00  1.3632E+00  0.0000E+00  7.5200E+01  2.5274E+01  0.0000E+00  0.0000E+00
  1.0000E+01  8.0000E+00  0.0000E+00  7.7200E+01  0.0000E+00  3.9016E+01  0.0000E+00  1.7557E+00  0.0000E+00  7.7200E+01  2.1964E+01  0.0000E+00  0.0000E+00
  1.0000E+01  1.2000E+01  0.0000E+00  4.3900E+01  0.0000E+00  3.0896E+01  0.0000E+00  7.5502E-01  0.0000E+00  4.3900E+01  1.6667E+01  0.0000E+00  0.0000E+00
  1.0000E+01  2.4000E+01  0.0000E+00  5.0000E-01  0.0000E+00  1.2756E+00  0.0000E+00 -1.0908E+00  1.0000E+00  5.0000E-01  9.9996E-01  0.0000E+00  0.0000E+00
  1.1000E+01  0.0000E+00  7.8600E+04  0.0000E+00  1.0000E+00  0.0000E+00  0.0000E+00  0.0000E+00  0.0000E+00  0.0000E+00  1.0000E+00  0.0000E+00  0.0000E+00
  1.1000E+01  0.0000E+00  7.8600E+04  0.0000E+00  1.0000E+00  0.0000E+00  0.0000E+00  0.0000E+00  0.0000E+00  0.0000E+00  1.0000E+00  0.0000E+00  0.0000E+00
  1.1000E+01  0.0000E+00  0.0000E+00  0.0000E+00  0.0000E+00  0.0000E+00  0.0000E+00  0.0000E+00  0.0000E+00  0.0000E+00  1.0000E+00  0.0000E+00  0.0000E+00
  1.1000E+01  2.5000E-01  0.0000E+00  4.7300E+00  0.0000E+00  1.2743E+01  0.0000E+00 -1.1281E+00  0.0000E+00  4.7300E+00  8.6859E+00  0.0000E+00  0.0000E+00
  1.1000E+01  5.0000E-01  0.0000E+00  8.1400E+00  0.0000E+00  2.2675E+01  0.0000E+00 -1.1499E+00  0.0000E+00  8.1400E+00  1.5496E+01  0.0000E+00  0.0000E+00
  1.1000E+01  1.0000E+00  0.0000E+00  1.2200E+01  0.0000E+00  3.5972E+01  0.0000E+00 -1.1855E+00  0.0000E+00  1.2200E+01  2.4706E+01  0.0000E+00  0.0000E+00
  1.1000E+01  2.0000E+00  0.0000E+00  1.1000E+02  0.0000E+00  4.5669E+01  0.0000E+00  2.5270E+00  0.0000E+00  1.1000E+02  3.1628E+01  0.0000E+00  0.0000E+00
  1.1000E+01  4.0000E+00  0.0000E+00  1.7000E+01  0.0000E+00  3.8129E+01  0.0000E+00 -9.9409E-01  0.0000E+00  1.7000E+01  2.6683E+01  0.0000E+00  0.0000E+00
  1.1000E+01  6.0000E+00  0.0000E+00  1.3500E+01  0.0000E+00  4.0399E+01  0.0000E+00 -1.1945E+00  0.0000E+00  1.3500E+01  2.8178E+01  0.0000E+00  0.0000E+00
  1.1000E+01  8.0000E+00  0.0000E+00  4.1300E+01  0.0000E+00  3.5151E+01  0.0000E+00  3.1381E-01  0.0000E+00  4.1300E+01  2.4488E+01  0.0000E+00  0.0000E+00
  1.1000E+01  1.2000E+01  0.0000E+00  4.7700E+01  0.0000E+00  2.6840E+01  0.0000E+00  1.3943E+00  0.0000E+00  4.7700E+01  1.8582E+01  0.0000E+00  0.0000E+00
  1.1000E+01  2.4000E+01  0.0000E+00  5.0000E-01  0.0000E+00  6.5317E-01  0.0000E+00 -4.2068E-01  1.0000E+00  5.0000E-01  9.9961E-01  0.0000E+00  0.0000E+00
  1.2000E+01  0.0000E+00  6.4500E+04  0.0000E+00  1.0000E+00  0.0000E+00  0.0000E+00  0.0000E+00  0.0000E+00  0.0000E+00  1.0000E+00  0.0000E+00  0.0000E+00
  1.2000E+01  0.0000E+00  6.4500E+04  0.0000E+00  1.0000E+00  0.0000E+00  0.0000E+00  0.0000E+00  0.0000E+00  0.0000E+00  1.0000E+00  0.0000E+00  0.0000E+00
  1.2000E+01  0.0000E+00  0.0000E+00  0.0000E+00  0.0000E+00  0.0000E+00  0.0000E+00  0.0000E+00  0.0000E+00  0.0000E+00  1.0000E+00  0.0000E+00  0.0000E+00
  1.2000E+01  2.5000E-01  0.0000E+00  0.0000E+00  0.0000E+00  8.4431E-01  0.0000E+00 -1.7939E+00  0.0000E+00  0.0000E+00  6.1507E-02  0.0000E+00  0.0000E+00
  1.2000E+01  5.0000E-01  0.0000E+00  0.0000E+00  0.0000E+00  1.6055E+00  0.0000E+00 -1.7939E+00  0.0000E+00  0.0000E+00  4.9180E-02  0.0000E+00  0.0000E+00
  1.2000E+01  1.0000E+00  0.0000E+00  1.6800E+00  0.0000E+00  2.9046E+00  0.0000E+00 -7.5633E-01  0.0000E+00  1.6800E+00  2.0274E+01  0.0000E+00  0.0000E+00
  1.2000E+01  2.0000E+00  0.0000E+00  4.5500E+00  0.0000E+00  4.7670E+00  0.0000E+00 -8.1647E-02  0.0000E+00  4.5500E+00  2.5954E+01  0.0000E+00  0.0000E+00
  1.2000E+01  4.0000E+00  0.0000E+00  8.0700E+00  0.0000E+00  6.4924E+00  0.0000E+00  4.3592E-01  0.0000E+00  8.0700E+00  2.1896E+01  0.0000E+00  0.0000E+00
  1.2000E+01  6.0000E+00  0.0000E+00  1.6500E+01  0.0000E+00  8.2522E+00  0.0000E+00  1.7930E+00  0.0000E+00  1.6500E+01  2.3123E+01  0.0000E+00  0.0000E+00
  1.2000E+01  8.0000E+00  0.0000E+00  8.9500E+00  0.0000E+00  9.0614E+00  0.0000E+00 -2.2061E-02  0.0000E+00  8.9500E+00  2.0095E+01  0.0000E+00  0.0000E+00
  1.2000E+01  1.2000E+01  0.0000E+00  9.3700E+00  0.0000E+00  9.4345E+00  0.0000E+00 -1.2256E-02  0.0000E+00  9.3700E+00  1.5248E+01  0.0000E+00  0.0000E+00
  1.2000E+01  2.4000E+01  0.0000E+00  1.8200E+00  0.0000E+00  3.1090E+00  0.0000E+00 -7.4375E-01  0.0000E+00  1.8200E+00  2.8573E-01  0.0000E+00  0.0000E+00
  1.3000E+01  0.0000E+00  6.6900E+04  0.0000E+00  1.0000E+00  0.0000E+00  0.0000E+00  0.0000E+00  0.0000E+00  0.0000E+00  1.0000E+00  0.0000E+00  0.0000E+00
  1.3000E+01  0.0000E+00  6.6900E+04  0.0000E+00  1.0000E+00  0.0000E+00  0.0000E+00  0.0000E+00  0.0000E+00  0.0000E+00  1.0000E+00  0.0000E+00  0.0000E+00
  1.3000E+01  0.0000E+00  0.0000E+00  0.0000E+00  0.0000E+00  0.0000E+00  0.0000E+00  0.0000E+00  0.0000E+00  0.0000E+00  1.0000E+00  0.0000E+00  0.0000E+00
  1.3000E+01  2.5000E-01  0.0000E+00  2.8600E+00  0.0000E+00  2.4486E+00  0.0000E+00  3.0138E-01  0.0000E+00  2.8600E+00  7.3930E+00  0.0000E+00  0.0000E+00
  1.3000E+01  5.0000E-01  0.0000E+00  5.9700E+00  0.0000E+00  4.5728E+00  0.0000E+00  5.4811E-01  0.0000E+00  5.9700E+00  1.3190E+01  0.0000E+00  0.0000E+00
  1.3000E+01  1.0000E+00  0.0000E+00  9.6700E+00  0.0000E+00  7.9754E+00  0.0000E+00  3.8118E-01  0.0000E+00  9.6700E+00  2.1028E+01  0.0000E+00  0.0000E+00
  1.3000E+01  2.0000E+00  0.0000E+00  8.9800E+00  0.0000E+00  1.2138E+01  0.0000E+00 -4.6675E-01  0.0000E+00  8.9800E+00  2.6920E+01  0.0000E+00  0.0000E+00
  1.3000E+01  4.0000E+00  0.0000E+00  1.7100E+01  0.0000E+00  1.4100E+01  0.0000E+00  3.8161E-01  0.0000E+00  1.7100E+01  2.2711E+01  0.0000E+00  0.0000E+00
  1.3000E+01  6.0000E+00  0.0000E+00  2.7500E+01  0.0000E+00  1.6271E+01  0.0000E+00  1.2380E+00  0.0000E+00  2.7500E+01  2.3983E+01  0.0000E+00  0.0000E+00
  1.3000E+01  8.0000E+00  0.0000E+00  1.5000E+01  0.0000E+00  1.6016E+01  0.0000E+00 -1.1382E-01  0.0000E+00  1.5000E+01  2.0843E+01  0.0000E+00  0.0000E+00
  1.3000E+01  1.2000E+01  0.0000E+00  7.1400E+00  0.0000E+00  1.3816E+01  0.0000E+00 -8.6684E-01  0.0000E+00  7.1400E+00  1.5816E+01  0.0000E+00  0.0000E+00
  1.3000E+01  2.4000E+01  0.0000E+00  1.4000E+00  0.0000E+00  1.1227E+00  0.0000E+00  4.4314E-01  0.0000E+00  1.4000E+00  2.9636E-01  0.0000E+00  0.0000E+00
  1.4000E+01  0.0000E+00  7.7400E+04  0.0000E+00  1.0000E+00  0.0000E+00  0.0000E+00  0.0000E+00  0.0000E+00  0.0000E+00  1.0000E+00  0.0000E+00  0.0000E+00
  1.4000E+01  0.0000E+00  7.7400E+04  0.0000E+00  1.0000E+00  0.0000E+00  0.0000E+00  0.0000E+00  0.0000E+00  0.0000E+00  1.0000E+00  0.0000E+00  0.0000E+00
  1.4000E+01  0.0000E+00  0.0000E+00  0.0000E+00  0.0000E+00  0.0000E+00  0.0000E+00  0.0000E+00  0.0000E+00  0.0000E+00  1.0000E+00  0.0000E+00  0.0000E+00
  1.4000E+01  2.5000E-01  0.0000E+00  0.0000E+00  0.0000E+00  1.3840E+00  0.0000E+00 -1.7939E+00  0.0000E+00  0.0000E+00  5.6575E-02  0.0000E+00  0.0000E+00
  1.4000E+01  5.0000E-01  0.0000E+00  0.0000E+00  0.0000E+00  2.6049E+00  0.0000E+00 -1.7939E+00  0.0000E+00  0.0000E+00  4.6833E-02  0.0000E+00  0.0000E+00
  1.4000E+01  1.0000E+00  0.0000E+00  5.9400E+00  0.0000E+00  4.6154E+00  0.0000E+00  5.1487E-01  0.0000E+00  5.9400E+00  2.4329E+01  0.0000E+00  0.0000E+00
  1.4000E+01  2.0000E+00  0.0000E+00  9.3600E+00  0.0000E+00  7.2535E+00  0.0000E+00  5.2098E-01  0.0000E+00  9.3600E+00  3.1145E+01  0.0000E+00  0.0000E+00
  1.4000E+01  4.0000E+00  0.0000E+00  8.7400E+00  0.0000E+00  9.0021E+00  0.0000E+00 -5.2230E-02  0.0000E+00  8.7400E+00  2.6276E+01  0.0000E+00  0.0000E+00
  1.4000E+01  6.0000E+00  0.0000E+00  1.6700E+01  0.0000E+00  1.0770E+01  0.0000E+00  9.8765E-01  0.0000E+00  1.6700E+01  2.7747E+01  0.0000E+00  0.0000E+00
  1.4000E+01  8.0000E+00  0.0000E+00  8.7500E+00  0.0000E+00  1.1043E+01  0.0000E+00 -3.7247E-01  0.0000E+00  8.7500E+00  2.4114E+01  0.0000E+00  0.0000E+00
  1.4000E+01  1.2000E+01  0.0000E+00  3.6200E+00  0.0000E+00  1.0153E+01  0.0000E+00 -1.1543E+00  0.0000E+00  3.6200E+00  1.8298E+01  0.0000E+00  0.0000E+00
  1.4000E+01  2.4000E+01  0.0000E+00  1.4600E+00  0.0000E+00  1.4004E+00  0.0000E+00  7.6383E-02  0.0000E+00  1.4600E+00  3.4287E-01  0.0000E+00  0.0000E+00
  1.5000E+01  0.0000E+00  2.2700E+05  0.0000E+00  1.0000E+00  0.0000E+00  0.0000E+00  0.0000E+00  0.0000E+00  0.0000E+00  1.0000E+00  0.0000E+00  0.0000E+00
  1.5000E+01  0.0000E+00  2.2700E+05  0.0000E+00  1.0000E+00  0.0000E+00  0.0000E+00  0.0000E+00  0.0000E+00  0.0000E+00  1.0000E+00  0.0000E+00  0.0000E+00
  1.5000E+01  0.0000E+00  0.0000E+00  0.0000E+00  0.0000E+00  0.0000E+00  0.0000E+00  0.0000E+00  0.0000E+00  0.0000E+00  1.0000E+00  0.0000E+00  0.0000E+00
  1.5000E+01  2.5000E-01  0.0000E+00  1.1600E+01  0.0000E+00  1.6605E+01  0.0000E+00 -5.4074E-01  0.0000E+00  1.1600E+01  2.5085E+01  0.0000E+00  0.0000E+00
  1.5000E+01  5.0000E-01  0.0000E+00  4.0600E+01  0.0000E+00  2.9477E+01  0.0000E+00  6.7693E-01  0.0000E+00  4.0600E+01  4.4754E+01  0.0000E+00  0.0000E+00
  1.5000E+01  1.0000E+00  0.0000E+00  7.2100E+01  0.0000E+00  4.6542E+01  0.0000E+00  9.8513E-01  0.0000E+00  7.2100E+01  7.1352E+01  0.0000E+00  0.0000E+00
  1.5000E+01  2.0000E+00  0.0000E+00  3.9700E+01  0.0000E+00  5.8507E+01  0.0000E+00 -5.7665E-01  0.0000E+00  3.9700E+01  9.1342E+01  0.0000E+00  0.0000E+00
  1.5000E+01  4.0000E+00  0.0000E+00  4.5700E+01  0.0000E+00  4.7800E+01  0.0000E+00 -7.8813E-02  0.0000E+00  4.5700E+01  7.7061E+01  0.0000E+00  0.0000E+00
  1.5000E+01  6.0000E+00  0.0000E+00  6.1800E+01  0.0000E+00  5.0322E+01  0.0000E+00  4.0917E-01  0.0000E+00  6.1800E+01  8.1378E+01  0.0000E+00  0.0000E+00
  1.5000E+01  8.0000E+00  0.0000E+00  5.6100E+01  0.0000E+00  4.3277E+01  0.0000E+00  5.3155E-01  0.0000E+00  5.6100E+01  7.0722E+01  0.0000E+00  0.0000E+00
  1.5000E+01  1.2000E+01  0.0000E+00  2.7000E+01  0.0000E+00  3.2534E+01  0.0000E+00 -3.0512E-01  0.0000E+00  2.7000E+01  5.3665E+01  0.0000E+00  0.0000E+00
  1.5000E+01  2.4000E+01  0.0000E+00  5.0000E-01  0.0000E+00  4.1332E-01  0.0000E+00  3.7623E-01  1.0000E+00  5.0000E-01  4.9603E-01  0.0000E+00  0.0000E+00
  1.6000E+01  0.0000E+00  2.1500E+05  0.0000E+00  1.0000E+00  0.0000E+00  0.0000E+00  0.0000E+00  0.0000E+00  0.0000E+00  1.0000E+00  0.0000E+00  0.0000E+00
  1.6000E+01  0.0000E+00  2.1500E+05  0.0000E+00  1.0000E+00  0.0000E+00  0.0000E+00  0.0000E+00  0.0000E+00  0.0000E+00  1.0000E+00  0.0000E+00  0.0000E+00
  1.6000E+01  0.0000E+00  0.0000E+00  0.0000E+00  0.0000E+00  0.0000E+00  0.0000E+00  0.0000E+00  0.0000E+00  0.0000E+00  1.0000E+00  0.0000E+00  0.0000E+00
  1.6000E+01  2.5000E-01  0.0000E+00  6.4700E+00  0.0000E+00  3.4299E+01  0.0000E+00 -1.4555E+00  0.0000E+00  6.4700E+00  2.3759E+01  0.0000E+00  0.0000E+00
  1.6000E+01  5.0000E-01  0.0000E+00  1.1400E+01  0.0000E+00  6.2480E+01  0.0000E+00 -1.4666E+00  0.0000E+00  1.1400E+01  4.2388E+01  0.0000E+00  0.0000E+00
  1.6000E+01  1.0000E+00  0.0000E+00  1.5500E+02  0.0000E+00  1.0374E+02  0.0000E+00  8.8644E-01  0.0000E+00  1.5500E+02  6.7580E+01  0.0000E+00  0.0000E+00
  1.6000E+01  2.0000E+00  0.0000E+00  1.9400E+02  0.0000E+00  1.4344E+02  0.0000E+00  6.3230E-01  0.0000E+00  1.9400E+02  8.6513E+01  0.0000E+00  0.0000E+00
  1.6000E+01  4.0000E+00  0.0000E+00  8.8000E+01  0.0000E+00  1.3898E+02  0.0000E+00 -6.5808E-01  0.0000E+00  8.8000E+01  7.2988E+01  0.0000E+00  0.0000E+00
  1.6000E+01  6.0000E+00  0.0000E+00  3.2400E+02  0.0000E+00  1.5043E+02  0.0000E+00  2.0700E+00  0.0000E+00  3.2400E+02  7.7076E+01  0.0000E+00  0.0000E+00
  1.6000E+01  8.0000E+00  0.0000E+00  2.5300E+02  0.0000E+00  1.3705E+02  0.0000E+00  1.5177E+00  0.0000E+00  2.5300E+02  6.6984E+01  0.0000E+00  0.0000E+00
  1.6000E+01  1.2000E+01  0.0000E+00  7.2500E+01  0.0000E+00  1.0859E+02  0.0000E+00 -5.9623E-01  0.0000E+00  7.2500E+01  5.0828E+01  0.0000E+00  0.0000E+00
  1.6000E+01  2.4000E+01  0.0000E+00  5.0000E-01  0.0000E+00  4.7879E+00  0.0000E+00 -1.6066E+00  1.0000E+00  5.0000E-01  5.3570E-01  0.0000E+00  0.0000E+00
  1.7000E+01  0.0000E+00  2.4900E+05  0.0000E+00  1.0000E+00  0.0000E+00  0.0000E+00  0.0000E+00  0.0000E+00  0.0000E+00  1.0000E+00  0.0000E+00  0.0000E+00
  1.7000E+01  0.0000E+00  2.4900E+05  0.0000E+00  1.0000E+00  0.0000E+00  0.0000E+00  0.0000E+00  0.0000E+00  0.0000E+00  1.0000E+00  0.0000E+00  0.0000E+00
  1.7000E+01  0.0000E+00  0.0000E+00  0.0000E+00  0.0000E+00  0.0000E+00  0.0000E+00  0.0000E+00  0.0000E+00  0.0000E+00  1.0000E+00  0.0000E+00  0.0000E+00
  1.7000E+01  2.5000E-01  0.0000E+00  1.0800E+01  0.0000E+00  1.3341E+01  0.0000E+00 -3.4170E-01  0.0000E+00  1.0800E+01  2.7516E+01  0.0000E+00  0.0000E+00
  1.7000E+01  5.0000E-01  0.0000E+00  1.7400E+01  0.0000E+00  2.4397E+01  0.0000E+00 -5.1451E-01  0.0000E+00  1.7400E+01  4.9091E+01  0.0000E+00  0.0000E+00
  1.7000E+01  1.0000E+00  0.0000E+00  4.2300E+01  0.0000E+00  4.0809E+01  0.0000E+00  6.5561E-02  0.0000E+00  4.2300E+01  7.8267E+01  0.0000E+00  0.0000E+00
  1.7000E+01  2.0000E+00  0.0000E+00  4.8500E+01  0.0000E+00  5.7163E+01  0.0000E+00 -2.7188E-01  0.0000E+00  4.8500E+01  1.0019E+02  0.0000E+00  0.0000E+00
  1.7000E+01  4.0000E+00  0.0000E+00  5.4500E+01  0.0000E+00  5.6400E+01  0.0000E+00 -6.0438E-02  0.0000E+00  5.4500E+01  8.4530E+01  0.0000E+00  0.0000E+00
  1.7000E+01  6.0000E+00  0.0000E+00  1.3500E+02  0.0000E+00  6.0916E+01  0.0000E+00  2.1817E+00  0.0000E+00  1.3500E+02  8.9265E+01  0.0000E+00  0.0000E+00
  1.7000E+01  8.0000E+00  0.0000E+00  6.3900E+01  0.0000E+00  5.5386E+01  0.0000E+00  2.7576E-01  0.0000E+00  6.3900E+01  7.7576E+01  0.0000E+00  0.0000E+00
  1.7000E+01  1.2000E+01  0.0000E+00  3.6300E+01  0.0000E+00  4.3254E+01  0.0000E+00 -2.8840E-01  0.0000E+00  3.6300E+01  5.8866E+01  0.0000E+00  0.0000E+00
  1.7000E+01  2.4000E+01  0.0000E+00  5.0000E-01  0.0000E+00  1.0919E+00  0.0000E+00 -9.7245E-01  1.0000E+00  5.0000E-01  4.3346E-01  0.0000E+00  0.0000E+00
