TABLE NO.  1
 ID          TIME        AMT         DV          MDV         IPRED       CWRES       IWRES       BQL         ROUTE       DV          PRED        RES         WRES
  1.0000E+00  0.0000E+00  2.9000E+04  0.0000E+00  1.0000E+00  0.0000E+00  0.0000E+00  0.0000E+00  0.0000E+00  1.0000E+00  0.0000E+00  1.0000E+00  0.0000E+00  0.0000E+00
  1.0000E+00  0.0000E+00  2.9000E+04  0.0000E+00  1.0000E+00  0.0000E+00  0.0000E+00  0.0000E+00  0.0000E+00  1.0000E+00  0.0000E+00  1.0000E+00  0.0000E+00  0.0000E+00
  1.0000E+00  0.0000E+00  0.0000E+00  0.0000E+00  0.0000E+00  0.0000E+00  0.0000E+00  0.0000E+00  0.0000E+00  1.0000E+00  0.0000E+00  1.0000E+00  0.0000E+00  0.0000E+00
  1.0000E+00  2.5000E-01  0.0000E+00  7.3000E-01  0.0000E+00  1.8992E+00  0.0000E+00 -1.2119E+00  0.0000E+00  1.0000E+00  7.3000E-01  5.2954E-02  0.0000E+00  0.0000E+00
  1.0000E+00  5.0000E-01  0.0000E+00  2.7500E+00  0.0000E+00  3.3017E+00  0.0000E+00 -3.2893E-01  0.0000E+00  1.0000E+00  2.7500E+00  9.2850E+00  0.0000E+00  0.0000E+00
  1.0000E+00  1.0000E+00  0.0000E+00  7.2700E+00  0.0000E+00  5.0065E+00  0.0000E+00  8.8998E-01  0.0000E+00  1.0000E+00  7.2700E+00  1.2925E+01  0.0000E+00  0.0000E+00
  1.0000E+00  2.0000E+00  0.0000E+00  6.4500E+00  0.0000E+00  5.8356E+00  0.0000E+00  2.0727E-01  0.0000E+00  1.0000E+00  6.4500E+00  1.3103E+01  0.0000E+00  0.0000E+00
  1.0000E+00  3.0000E+00  0.0000E+00  6.8500E+00  0.0000E+00  5.1950E+00  0.0000E+00  6.2713E-01  0.0000E+00  1.0000E+00  6.8500E+00  1.0533E+01  0.0000E+00  0.0000E+00
  1.0000E+00  4.0000E+00  0.0000E+00  4.2300E+00  0.0000E+00  4.1846E+00  0.0000E+00  2.1338E-02  0.0000E+00  1.0000E+00  4.2300E+00  7.8974E+00  0.0000E+00  0.0000E+00
  1.0000E+00  6.0000E+00  0.0000E+00  6.0300E+00  0.0000E+00  5.9527E+00  0.0000E+00  2.5554E-02  0.0000E+00  1.0000E+00  6.0300E+00  1.2484E+01  0.0000E+00  0.0000E+00
  1.0000E+00  8.0000E+00  0.0000E+00  8.1100E+00  0.0000E+00  5.6300E+00  0.0000E+00  8.6711E-01  0.0000E+00  1.0000E+00  8.1100E+00  1.1357E+01  0.0000E+00  0.0000E+00
  1.0000E+00  1.2000E+01  0.0000E+00  5.0000E-01  0.0000E+00  3.9576E+00  0.0000E+00 -1.7198E+00  1.0000E+00  1.0000E+00  5.0000E-01  4.5461E-02  0.0000E+00  0.0000E+00
  1.0000E+00  2.4000E+01  0.0000E+00  5.0000E-01  0.0000E+00  5.2999E-02  0.0000E+00  1.6597E+01  1.0000E+00  1.0000E+00  5.0000E-01  1.0000E+00  0.0000E+00  0.0000E+00
  3.0000E+00  0.0000E+00  5.4500E+03  0.0000E+00  1.0000E+00  1.7705E+03  0.0000E+00 -1.9685E+00  0.0000E+00  2.0000E+00  0.0000E+00  2.4589E-02  0.0000E+00  0.0000E+00
  3.0000E+00  1.7000E-02  0.0000E+00  2.5500E+03  0.0000E+00  1.7226E+03  0.0000E+00  9.4547E-01  0.0000E+00  2.0000E+00  2.5500E+03  1.2851E+03  0.0000E+00  0.0000E+00
  3.0000E+00  8.3500E-02  0.0000E+00  2.1100E+03  0.0000E+00  1.5475E+03  0.0000E+00  7.1562E-01  0.0000E+00  2.0000E+00  2.1100E+03  1.1870E+03  0.0000E+00  0.0000E+00
  3.0000E+00  2.5000E-01  0.0000E+00  1.4600E+03  0.0000E+00  1.1834E+03  0.0000E+00  4.6004E-01  0.0000E+00  2.0000E+00  1.4600E+03  9.7313E+02  0.0000E+00  0.0000E+00
  3.0000E+00  5.0000E-01  0.0000E+00  8.5300E+02  0.0000E+00  7.9202E+02  0.0000E+00  1.5156E-01  0.0000E+00  2.0000E+00  8.5300E+02  7.2265E+02  0.0000E+00  0.0000E+00
  3.0000E+00  1.0000E+00  0.0000E+00  5.5500E+02  0.0000E+00  3.5696E+02  0.0000E+00  1.0922E+00  0.0000E+00  2.0000E+00  5.5500E+02  3.9994E+02  0.0000E+00  0.0000E+00
  3.0000E+00  2.0000E+00  0.0000E+00  1.0300E+02  0.0000E+00  7.6900E+01  0.0000E+00  6.6811E-01  0.0000E+00  2.0000E+00  1.0300E+02  1.2574E+02  0.0000E+00  0.0000E+00
  3.0000E+00  4.0000E+00  0.0000E+00  7.4100E+00  0.0000E+00  8.6901E+00  0.0000E+00 -2.8998E-01  0.0000E+00  2.0000E+00  7.4100E+00  1.7003E+01  0.0000E+00  0.0000E+00
  3.0000E+00  6.0000E+00  0.0000E+00  4.4900E+00  0.0000E+00  4.3964E+00  0.0000E+00  4.1912E-02  0.0000E+00  2.0000E+00  4.4900E+00  5.6012E+00  0.0000E+00  0.0000E+00
  3.0000E+00  8.0000E+00  0.0000E+00  5.2500E+00  0.0000E+00  3.0617E+00  0.0000E+00  1.4070E+00  0.0000E+00  2.0000E+00  5.2500E+00  3.4078E+00  0.0000E+00  0.0000E+00
  3.0000E+00  1.2000E+01  0.0000E+00  2.4600E+00  0.0000E+00  1.5513E+00  0.0000E+00  1.1531E+00  0.0000E+00  2.0000E+00  2.4600E+00  1.6896E+00  0.0000E+00  0.0000E+00
  3.0000E+00  2.4000E+01  0.0000E+00  5.0000E-01  0.0000E+00  2.0258E-01  0.0000E+00  2.8901E+00  1.0000E+00  2.0000E+00  5.0000E-01  1.0000E+00  0.0000E+00  0.0000E+00
  4.0000E+00  0.0000E+00  5.9500E+03  0.0000E+00  1.0000E+00  2.3201E+03  0.0000E+00 -1.9685E+00  0.0000E+00  2.0000E+00  0.0000E+00  2.4582E-02  0.0000E+00  0.0000E+00
  4.0000E+00  1.7000E-02  0.0000E+00  2.3000E+03  0.0000E+00  2.2450E+03  0.0000E+00  4.8244E-02  0.0000E+00  2.0000E+00  2.3000E+03  1.4030E+03  0.0000E+00  0.0000E+00
  4.0000E+00  8.3500E-02  0.0000E+00  2.0000E+03  0.0000E+00  1.9738E+03  0.0000E+00  2.6102E-02  0.0000E+00  2.0000E+00  2.0000E+03  1.2959E+03  0.0000E+00  0.0000E+00
  4.0000E+00  2.5000E-01  0.0000E+00  1.2600E+03  0.0000E+00  1.4306E+03  0.0000E+00 -2.3474E-01  0.0000E+00  2.0000E+00  1.2600E+03  1.0624E+03  0.0000E+00  0.0000E+00
  4.0000E+00  5.0000E-01  0.0000E+00  7.3500E+02  0.0000E+00  8.8358E+02  0.0000E+00 -3.3102E-01  0.0000E+00  2.0000E+00  7.3500E+02  7.8895E+02  0.0000E+00  0.0000E+00
  4.0000E+00  1.0000E+00  0.0000E+00  4.3200E+02  0.0000E+00  3.4013E+02  0.0000E+00  5.3172E-01  0.0000E+00  2.0000E+00  4.3200E+02  4.3663E+02  0.0000E+00  0.0000E+00
  4.0000E+00  2.0000E+00  0.0000E+00  5.4600E+01  0.0000E+00  5.5969E+01  0.0000E+00 -4.8149E-02  0.0000E+00  2.0000E+00  5.4600E+01  1.3728E+02  0.0000E+00  0.0000E+00
  4.0000E+00  4.0000E+00  0.0000E+00  7.2500E+00  0.0000E+00  7.2944E+00  0.0000E+00 -1.1972E-02  0.0000E+00  2.0000E+00  7.2500E+00  1.8563E+01  0.0000E+00  0.0000E+00
  4.0000E+00  6.0000E+00  0.0000E+00  3.6500E+00  0.0000E+00  4.5296E+00  0.0000E+00 -3.8226E-01  0.0000E+00  2.0000E+00  3.6500E+00  6.1151E+00  0.0000E+00  0.0000E+00
  4.0000E+00  8.0000E+00  0.0000E+00  3.3200E+00  0.0000E+00  3.2116E+00  0.0000E+00  6.6458E-02  0.0000E+00  2.0000E+00  3.3200E+00  3.7204E+00  0.0000E+00  0.0000E+00
  4.0000E+00  1.2000E+01  0.0000E+00  1.6100E+00  0.0000E+00  1.6280E+00  0.0000E+00 -2.1709E-02  0.0000E+00  2.0000E+00  1.6100E+00  1.8446E+00  0.0000E+00  0.0000E+00
  4.0000E+00  2.4000E+01  0.0000E+00  5.0000E-01  0.0000E+00  2.1212E-01  0.0000E+00  2.6716E+00  1.0000E+00  2.0000E+00  5.0000E-01  1.0000E+00  0.0000E+00  0.0000E+00
  5.0000E+00  0.0000E+00  6.1000E+03  0.0000E+00  1.0000E+00  2.3059E+03  0.0000E+00 -1.9685E+00  0.0000E+00  2.0000E+00  0.0000E+00  2.4580E-02  0.0000E+00  0.0000E+00
  5.0000E+00  1.7000E-02  0.0000E+00  2.6900E+03  0.0000E+00  2.2334E+03  0.0000E+00  4.0241E-01  0.0000E+00  2.0000E+00  2.6900E+03  1.4384E+03  0.0000E+00  0.0000E+00
  5.0000E+00  8.3500E-02  0.0000E+00  2.0500E+03  0.0000E+00  1.9714E+03  0.0000E+00  7.8457E-02  0.0000E+00  2.0000E+00  2.0500E+03  1.3286E+03  0.0000E+00  0.0000E+00
  5.0000E+00  2.5000E-01  0.0000E+00  1.1600E+03  0.0000E+00  1.4430E+03  0.0000E+00 -3.8605E-01  0.0000E+00  2.0000E+00  1.1600E+03  1.0892E+03  0.0000E+00  0.0000E+00
  5.0000E+00  5.0000E-01  0.0000E+00  8.2000E+02  0.0000E+00  9.0443E+02  0.0000E+00 -1.8377E-01  0.0000E+00  2.0000E+00  8.2000E+02  8.0884E+02  0.0000E+00  0.0000E+00
  5.0000E+00  1.0000E+00  0.0000E+00  4.5600E+02  0.0000E+00  3.5834E+02  0.0000E+00  5.3652E-01  0.0000E+00  2.0000E+00  4.5600E+02  4.4764E+02  0.0000E+00  0.0000E+00
  5.0000E+00  2.0000E+00  0.0000E+00  5.7800E+01  0.0000E+00  6.1827E+01  0.0000E+00 -1.2821E-01  0.0000E+00  2.0000E+00  5.7800E+01  1.4074E+02  0.0000E+00  0.0000E+00
  5.0000E+00  4.0000E+00  0.0000E+00  6.8700E+00  0.0000E+00  7.7416E+00  0.0000E+00 -2.2163E-01  0.0000E+00  2.0000E+00  6.8700E+00  1.9031E+01  0.0000E+00  0.0000E+00
  5.0000E+00  6.0000E+00  0.0000E+00  6.0500E+00  0.0000E+00  4.6793E+00  0.0000E+00  5.7663E-01  0.0000E+00  2.0000E+00  6.0500E+00  6.2693E+00  0.0000E+00  0.0000E+00
  5.0000E+00  8.0000E+00  0.0000E+00  6.1100E+00  0.0000E+00  3.3128E+00  0.0000E+00  1.6622E+00  0.0000E+00  2.0000E+00  6.1100E+00  3.8142E+00  0.0000E+00  0.0000E+00
  5.0000E+00  1.2000E+01  0.0000E+00  1.7100E+00  0.0000E+00  1.6793E+00  0.0000E+00  3.5933E-02  0.0000E+00  2.0000E+00  1.7100E+00  1.8911E+00  0.0000E+00  0.0000E+00
  5.0000E+00  2.4000E+01  0.0000E+00  5.0000E-01  0.0000E+00  2.1889E-01  0.0000E+00  2.5281E+00  1.0000E+00  2.0000E+00  5.0000E-01  1.0000E+00  0.0000E+00  0.0000E+00
  6.0000E+00  0.0000E+00  2.1800E+04  0.0000E+00  1.0000E+00  0.0000E+00  0.0000E+00  0.0000E+00  0.0000E+00  1.0000E+00  0.0000E+00  1.0000E+00  0.0000E+00  0.0000E+00
  6.0000E+00  0.0000E+00  2.1800E+04  0.0000E+00  1.0000E+00  0.0000E+00  0.0000E+00  0.0000E+00  0.0000E+00  1.0000E+00  0.0000E+00  1.0000E+00  0.0000E+00  0.0000E+00
  6.0000E+00  0.0000E+00  0.0000E+00  0.0000E+00  0.0000E+00  0.0000E+00  0.0000E+00  0.0000E+00  0.0000E+00  1.0000E+00  0.0000E+00  1.0000E+00  0.0000E+00  0.0000E+00
  6.0000E+00  2.5000E-01  0.0000E+00  0.0000E+00  0.0000E+00  2.5005E+00  0.0000E+00 -1.9685E+00  0.0000E+00  1.0000E+00  0.0000E+00  6.6716E-02  0.0000E+00  0.0000E+00
  6.0000E+00  5.0000E-01  0.0000E+00  1.3900E+00  0.0000E+00  4.2543E+00  0.0000E+00 -1.3254E+00  0.0000E+00  1.0000E+00  1.3900E+00  6.9798E+00  0.0000E+00  0.0000E+00
  6.0000E+00  1.0000E+00  0.0000E+00  9.5800E+00  0.0000E+00  6.1984E+00  0.0000E+00  1.0740E+00  0.0000E+00  1.0000E+00  9.5800E+00  9.7158E+00  0.0000E+00  0.0000E+00
  6.0000E+00  2.0000E+00  0.0000E+00  9.5100E+00  0.0000E+00  6.7514E+00  0.0000E+00  8.0433E-01  0.0000E+00  1.0000E+00  9.5100E+00  9.8500E+00  0.0000E+00  0.0000E+00
  6.0000E+00  4.0000E+00  0.0000E+00  4.9900E+00  0.0000E+00  4.4139E+00  0.0000E+00  2.5692E-01  0.0000E+00  1.0000E+00  4.9900E+00  5.9367E+00  0.0000E+00  0.0000E+00
  6.0000E+00  6.0000E+00  0.0000E+00  3.2100E+00  0.0000E+00  6.5977E+00  0.0000E+00 -1.0108E+00  0.0000E+00  1.0000E+00  3.2100E+00  9.3842E+00  0.0000E+00  0.0000E+00
  6.0000E+00  8.0000E+00  0.0000E+00  9.1800E+00  0.0000E+00  6.1135E+00  0.0000E+00  9.8743E-01  0.0000E+00  1.0000E+00  9.1800E+00  8.5376E+00  0.0000E+00  0.0000E+00
  6.0000E+00  1.2000E+01  0.0000E+00  3.8300E+00  0.0000E+00  4.0622E+00  0.0000E+00 -1.1252E-01  0.0000E+00  1.0000E+00  3.8300E+00  5.3233E+00  0.0000E+00  0.0000E+00
  6.0000E+00  2.4000E+01  0.0000E+00  5.0000E-01  0.0000E+00  5.1757E-02  0.0000E+00  1.7042E+01  1.0000E+00  1.0000E+00  5.0000E-01  1.0000E+00  0.0000E+00  0.0000E+00
  7.0000E+00  0.0000E+00  2.3800E+04  0.0000E+00  1.0000E+00  0.0000E+00  0.0000E+00  0.0000E+00  0.0000E+00  1.0000E+00  0.0000E+00  1.0000E+00  0.0000E+00  0.0000E+00
  7.0000E+00  0.0000E+00  2.3800E+04  0.0000E+00  1.0000E+00  0.0000E+00  0.0000E+00  0.0000E+00  0.0000E+00  1.0000E+00  0.0000E+00  1.0000E+00  0.0000E+00  0.0000E+00
  7.0000E+00  0.0000E+00  0.0000E+00  0.0000E+00  0.0000E+00  0.0000E+00  0.0000E+00  0.0000E+00  0.0000E+00  1.0000E+00  0.0000E+00  1.0000E+00  0.0000E+00  0.0000E+00
  7.0000E+00  2.5000E-01  0.0000E+00  2.7200E+00  0.0000E+00  3.8251E+00  0.0000E+00 -5.6874E-01  0.0000E+00  1.0000E+00  2.7200E+00  4.5938E+00  0.0000E+00  0.0000E+00
  7.0000E+00  5.0000E-01  0.0000E+00  3.0600E+00  0.0000E+00  6.4823E+00  0.0000E+00 -1.0393E+00  0.0000E+00  1.0000E+00  3.0600E+00  7.6201E+00  0.0000E+00  0.0000E+00
  7.0000E+00  1.0000E+00  0.0000E+00  5.3900E+00  0.0000E+00  9.3760E+00  0.0000E+00 -8.3688E-01  0.0000E+00  1.0000E+00  5.3900E+00  1.0607E+01  0.0000E+00  0.0000E+00
  7.0000E+00  2.0000E+00  0.0000E+00  2.4700E+01  0.0000E+00  1.0092E+01  0.0000E+00  2.8492E+00  0.0000E+00  1.0000E+00  2.4700E+01  1.0754E+01  0.0000E+00  0.0000E+00
  7.0000E+00  4.0000E+00  0.0000E+00  3.7600E+00  0.0000E+00  6.5025E+00  0.0000E+00 -8.3025E-01  0.0000E+00  1.0000E+00  3.7600E+00  6.4813E+00  0.0000E+00  0.0000E+00
  7.0000E+00  6.0000E+00  0.0000E+00  3.1900E+00  0.0000E+00  9.8090E+00  0.0000E+00 -1.3283E+00  0.0000E+00  1.0000E+00  3.1900E+00  1.0245E+01  0.0000E+00  0.0000E+00
  7.0000E+00  8.0000E+00  0.0000E+00  6.4300E+00  0.0000E+00  9.0594E+00  0.0000E+00 -5.7136E-01  0.0000E+00  1.0000E+00  6.4300E+00  9.3209E+00  0.0000E+00  0.0000E+00
  7.0000E+00  1.2000E+01  0.0000E+00  4.9200E+00  0.0000E+00  5.9593E+00  0.0000E+00 -3.4332E-01  0.0000E+00  1.0000E+00  4.9200E+00  5.8116E+00  0.0000E+00  0.0000E+00
  7.0000E+00  2.4000E+01  0.0000E+00  5.0000E-01  0.0000E+00  7.5602E-02  0.0000E+00  1.1048E+01  1.0000E+00  1.0000E+00  5.0000E-01  1.0000E+00  0.0000E+00  0.0000E+00
  8.0000E+00  0.0000E+00  2.4400E+04  0.0000E+00  1.0000E+00  0.0000E+00  0.0000E+00  0.0000E+00  0.0000E+00  1.0000E+00  0.0000E+00  1.0000E+00  0.0000E+00  0.0000E+00
  8.0000E+00  0.0000E+00  2.4400E+04  0.0000E+00  1.0000E+00  0.0000E+00  0.0000E+00  0.0000E+00  0.0000E+00  1.0000E+00  0.0000E+00  1.0000E+00  0.0000E+00  0.0000E+00
  8.0000E+00  0.0000E+00  0.0000E+00  0.0000E+00  0.0000E+00  0.0000E+00  0.0000E+00  0.0000E+00  0.0000E+00  1.0000E+00  0.0000E+00  1.0000E+00  0.0000E+00  0.0000E+00
  8.0000E+00  2.5000E-01  0.0000E+00  4.4400E+00  0.0000E+00  4.6975E+00  0.0000E+00 -1.0790E-01  0.0000E+00  1.0000E+00  4.4400E+00  4.7096E+00  0.0000E+00  0.0000E+00
  8.0000E+00  5.0000E-01  0.0000E+00  9.7200E+00  0.0000E+00  7.4486E+00  0.0000E+00  6.0031E-01  0.0000E+00  1.0000E+00  9.7200E+00  7.8122E+00  0.0000E+00  0.0000E+00
  8.0000E+00  1.0000E+00  0.0000E+00  1.7700E+01  0.0000E+00  9.6020E+00  0.0000E+00  1.6602E+00  0.0000E+00  1.0000E+00  1.7700E+01  1.0875E+01  0.0000E+00  0.0000E+00
  8.0000E+00  2.0000E+00  0.0000E+00  7.3400E+00  0.0000E+00  8.7532E+00  0.0000E+00 -3.1782E-01  0.0000E+00  1.0000E+00  7.3400E+00  1.1025E+01  0.0000E+00  0.0000E+00
  8.0000E+00  4.0000E+00  0.0000E+00  4.9900E+00  0.0000E+00  4.8290E+00  0.0000E+00  6.5651E-02  0.0000E+00  1.0000E+00  4.9900E+00  6.6447E+00  0.0000E+00  0.0000E+00
  8.0000E+00  6.0000E+00  0.0000E+00  6.1800E+00  0.0000E+00  8.2535E+00  0.0000E+00 -4.9455E-01  0.0000E+00  1.0000E+00  6.1800E+00  1.0503E+01  0.0000E+00  0.0000E+00
  8.0000E+00  8.0000E+00  0.0000E+00  4.5600E+00  0.0000E+00  7.3585E+00  0.0000E+00 -7.4866E-01  0.0000E+00  1.0000E+00  4.5600E+00  9.5559E+00  0.0000E+00  0.0000E+00
  8.0000E+00  1.2000E+01  0.0000E+00  5.4200E+00  0.0000E+00  4.0934E+00  0.0000E+00  6.3796E-01  0.0000E+00  1.0000E+00  5.4200E+00  5.9581E+00  0.0000E+00  0.0000E+00
  8.0000E+00  2.4000E+01  0.0000E+00  5.0000E-01  0.0000E+00  5.3468E-02  0.0000E+00  1.6434E+01  1.0000E+00  1.0000E+00  5.0000E-01  1.0000E+00  0.0000E+00  0.0000E+00
  9.0000E+00  0.0000E+00  6.5700E+04  0.0000E+00  1.0000E+00  0.0000E+00  0.0000E+00  0.0000E+00  0.0000E+00  1.0000E+00  0.0000E+00  1.0000E+00  0.0000E+00  0.0000E+00
  9.0000E+00  0.0000E+00  6.5700E+04  0.0000E+00  1.0000E+00  0.0000E+00  0.0000E+00  0.0000E+00  0.0000E+00  1.0000E+00  0.0000E+00  1.0000E+00  0.0000E+00  0.0000E+00
  9.0000E+00  0.0000E+00  0.0000E+00  0.0000E+00  0.0000E+00  0.0000E+00  0.0000E+00  0.0000E+00  0.0000E+00  1.0000E+00  0.0000E+00  1.0000E+00  0.0000E+00  0.0000E+00
  9.0000E+00  2.5000E-01  0.0000E+00  6.1100E+01  0.0000E+00  4.9112E+01  0.0000E+00  4.8054E-01  0.0000E+00  1.0000E+00  6.1100E+01  1.2681E+01  0.0000E+00  0.0000E+00
  9.0000E+00  5.0000E-01  0.0000E+00  1.5100E+02  0.0000E+00  6.6149E+01  0.0000E+00  2.5251E+00  0.0000E+00  1.0000E+00  1.5100E+02  2.1035E+01  0.0000E+00  0.0000E+00
  9.0000E+00  1.0000E+00  0.0000E+00  6.1800E+01  0.0000E+00  6.7973E+01  0.0000E+00 -1.7878E-01  0.0000E+00  1.0000E+00  6.1800E+01  2.9281E+01  0.0000E+00  0.0000E+00
  9.0000E+00  2.0000E+00  0.0000E+00  2.9100E+01  0.0000E+00  5.0789E+01  0.0000E+00 -8.4065E-01  0.0000E+00  1.0000E+00  2.9100E+01  2.9686E+01  0.0000E+00  0.0000E+00
  9.0000E+00  4.0000E+00  0.0000E+00  1.2200E+01  0.0000E+00  2.6081E+01  0.0000E+00 -1.0477E+00  0.0000E+00  1.0000E+00  1.2200E+01  1.7892E+01  0.0000E+00  0.0000E+00
  9.0000E+00  6.0000E+00  0.0000E+00  3.5300E+01  0.0000E+00  5.0008E+01  0.0000E+00 -5.7898E-01  0.0000E+00  1.0000E+00  3.5300E+01  2.8282E+01  0.0000E+00  0.0000E+00
  9.0000E+00  8.0000E+00  0.0000E+00  3.1900E+01  0.0000E+00  4.4060E+01  0.0000E+00 -5.4329E-01  0.0000E+00  1.0000E+00  3.1900E+01  2.5730E+01  0.0000E+00  0.0000E+00
  9.0000E+00  1.2000E+01  0.0000E+00  2.0000E+01  0.0000E+00  1.5326E+01  0.0000E+00  6.0041E-01  0.0000E+00  1.0000E+00  2.0000E+01  1.6043E+01  0.0000E+00  0.0000E+00
  9.0000E+00  2.4000E+01  0.0000E+00  5.0000E-01  0.0000E+00  2.8746E-01  0.0000E+00  1.4554E+00  1.0000E+00  1.0000E+00  5.0000E-01  1.0000E+00  0.0000E+00  0.0000E+00
  1.0000E+01  0.0000E+00  7.0500E+04  0.0000E+00  1.0000E+00  0.0000E+00  0.0000E+00  0.0000E+00  0.0000E+00  1.0000E+00  0.0000E+00  1.0000E+00  0.0000E+00  0.0000E+00
  1.0000E+01  0.0000E+00  7.0500E+04  0.0000E+00  1.0000E+00  0.0000E+00  0.0000E+00  0.0000E+00  0.0000E+00  1.0000E+00  0.0000E+00  1.0000E+00  0.0000E+00  0.0000E+00
  1.0000E+01  0.0000E+00  0.0000E+00  0.0000E+00  0.0000E+00  0.0000E+00  0.0000E+00  0.0000E+00  0.0000E+00  1.0000E+00  0.0000E+00  1.0000E+00  0.0000E+00  0.0000E+00
  1.0000E+01  2.5000E-01  0.0000E+00  7.4900E+00  0.0000E+00  1.1891E+01  0.0000E+00 -7.2857E-01  0.0000E+00  1.0000E+00  7.4900E+00  1.3608E+01  0.0000E+00  0.0000E+00
  1.0000E+01  5.0000E-01  0.0000E+00  1.1400E+01  0.0000E+00  2.1177E+01  0.0000E+00 -9.0884E-01  0.0000E+00  1.0000E+00  1.1400E+01  2.2572E+01  0.0000E+00  0.0000E+00
  1.0000E+01  1.0000E+00  0.0000E+00  4.4700E+01  0.0000E+00  3.3625E+01  0.0000E+00  6.4835E-01  0.0000E+00  1.0000E+00  4.4700E+01  3.1420E+01  0.0000E+00  0.0000E+00
  1.0000E+01  2.0000E+00  0.0000E+00  4.1200E+01  0.0000E+00  4.2596E+01  0.0000E+00 -6.4518E-02  0.0000E+00  1.0000E+00  4.1200E+01  3.1854E+01  0.0000E+00  0.0000E+00
  1.0000E+01  4.0000E+00  0.0000E+00  4.5400E+01  0.0000E+00  3.4885E+01  0.0000E+00  5.9333E-01  0.0000E+00  1.0000E+00  4.5400E+01  1.9199E+01  0.0000E+00  0.0000E+00
  1.0000E+01  6.0000E+00  0.0000E+00  7.5200E+01  0.0000E+00  4.7351E+01  0.0000E+00  1.1578E+00  0.0000E+00  1.0000E+00  7.5200E+01  3.0348E+01  0.0000E+00  0.0000E+00
  1.0000E+01  8.0000E+00  0.0000E+00  7.7200E+01  0.0000E+00  4.6188E+01  0.0000E+00  1.3217E+00  0.0000E+00  1.0000E+00  7.7200E+01  2.7610E+01  0.0000E+00  0.0000E+00
  1.0000E+01  1.2000E+01  0.0000E+00  4.3900E+01  0.0000E+00  3.4877E+01  0.0000E+00  5.0931E-01  0.0000E+00  1.0000E+00  4.3900E+01  1.7215E+01  0.0000E+00  0.0000E+00
  1.0000E+01  2.4000E+01  0.0000E+00  5.0000E-01  0.0000E+00  5.5578E-01  0.0000E+00 -1.9756E-01  1.0000E+00  1.0000E+00  5.0000E-01  1.0000E+00  0.0000E+00  0.0000E+00
  1.1000E+01  0.0000E+00  7.8600E+04  0.0000E+00  1.0000E+00  0.0000E+00  0.0000E+00  0.0000E+00  0.0000E+00  1.0000E+00  0.0000E+00  1.0000E+00  0.0000E+00  0.0000E+00
  1.1000E+01  0.0000E+00  7.8600E+04  0.0000E+00  1.0000E+00  0.0000E+00  0.0000E+00  0.0000E+00  0.0000E+00  1.0000E+00  0.0000E+00  1.0000E+00  0.0000E+00  0.0000E+00
  1.1000E+01  0.0000E+00  0.0000E+00  0.0000E+00  0.0000E+00  0.0000E+00  0.0000E+00  0.0000E+00  0.0000E+00  1.0000E+00  0.0000E+00  1.0000E+00  0.0000E+00  0.0000E+00
  1.1000E+01  2.5000E-01  0.0000E+00  4.7300E+00  0.0000E+00  1.6155E+01  0.0000E+00 -1.3922E+00  0.0000E+00  1.0000E+00  4.7300E+00  1.5171E+01  0.0000E+00  0.0000E+00
  1.1000E+01  5.0000E-01  0.0000E+00  8.1400E+00  0.0000E+00  2.7964E+01  0.0000E+00 -1.3955E+00  0.0000E+00  1.0000E+00  8.1400E+00  2.5166E+01  0.0000E+00  0.0000E+00
  1.1000E+01  1.0000E+00  0.0000E+00  1.2200E+01  0.0000E+00  4.2063E+01  0.0000E+00 -1.3976E+00  0.0000E+00  1.0000E+00  1.2200E+01  3.5030E+01  0.0000E+00  0.0000E+00
  1.1000E+01  2.0000E+00  0.0000E+00  1.1000E+02  0.0000E+00  4.8346E+01  0.0000E+00  2.5104E+00  0.0000E+00  1.0000E+00  1.1000E+02  3.5514E+01  0.0000E+00  0.0000E+00
  1.1000E+01  4.0000E+00  0.0000E+00  1.7000E+01  0.0000E+00  3.3970E+01  0.0000E+00 -9.8341E-01  0.0000E+00  1.0000E+00  1.7000E+01  2.1405E+01  0.0000E+00  0.0000E+00
  1.1000E+01  6.0000E+00  0.0000E+00  1.3500E+01  0.0000E+00  4.8794E+01  0.0000E+00 -1.4239E+00  0.0000E+00  1.0000E+00  1.3500E+01  3.3835E+01  0.0000E+00  0.0000E+00
  1.1000E+01  8.0000E+00  0.0000E+00  4.1300E+01  0.0000E+00  4.5941E+01  0.0000E+00 -1.9886E-01  0.0000E+00  1.0000E+00  4.1300E+01  3.0783E+01  0.0000E+00  0.0000E+00
  1.1000E+01  1.2000E+01  0.0000E+00  4.7700E+01  0.0000E+00  3.1922E+01  0.0000E+00  9.7299E-01  0.0000E+00  1.0000E+00  4.7700E+01  1.9193E+01  0.0000E+00  0.0000E+00
  1.1000E+01  2.4000E+01  0.0000E+00  5.0000E-01  0.0000E+00  4.2130E-01  0.0000E+00  3.6774E-01  1.0000E+00  1.0000E+00  5.0000E-01  1.0000E+00  0.0000E+00  0.0000E+00
  1.5000E+01  0.0000E+00  2.2700E+05  0.0000E+00  1.0000E+00  0.0000E+00  0.0000E+00  0.0000E+00  0.0000E+00  1.0000E+00  0.0000E+00  1.0000E+00  0.0000E+00  0.0000E+00
  1.5000E+01  0.0000E+00  2.2700E+05  0.0000E+00  1.0000E+00  0.0000E+00  0.0000E+00  0.0000E+00  0.0000E+00  1.0000E+00  0.0000E+00  1.0000E+00  0.0000E+00  0.0000E+00
  1.5000E+01  0.0000E+00  0.0000E+00  0.0000E+00  0.0000E+00  0.0000E+00  0.0000E+00  0.0000E+00  0.0000E+00  1.0000E+00  0.0000E+00  1.0000E+00  0.0000E+00  0.0000E+00
  1.5000E+01  2.5000E-01  0.0000E+00  1.1600E+01  0.0000E+00  1.9567E+01  0.0000E+00 -8.0149E-01  0.0000E+00  1.0000E+00  1.1600E+01  4.3815E+01  0.0000E+00  0.0000E+00
  1.5000E+01  5.0000E-01  0.0000E+00  4.0600E+01  0.0000E+00  3.3234E+01  0.0000E+00  4.3630E-01  0.0000E+00  1.0000E+00  4.0600E+01  7.2679E+01  0.0000E+00  0.0000E+00
  1.5000E+01  1.0000E+00  0.0000E+00  7.2100E+01  0.0000E+00  4.8270E+01  0.0000E+00  9.7182E-01  0.0000E+00  1.0000E+00  7.2100E+01  1.0117E+02  0.0000E+00  0.0000E+00
  1.5000E+01  2.0000E+00  0.0000E+00  3.9700E+01  0.0000E+00  5.2310E+01  0.0000E+00 -4.7455E-01  0.0000E+00  1.0000E+00  3.9700E+01  1.0257E+02  0.0000E+00  0.0000E+00
  1.5000E+01  4.0000E+00  0.0000E+00  4.5700E+01  0.0000E+00  3.3983E+01  0.0000E+00  6.7872E-01  0.0000E+00  1.0000E+00  4.5700E+01  6.1817E+01  0.0000E+00  0.0000E+00
  1.5000E+01  6.0000E+00  0.0000E+00  6.1800E+01  0.0000E+00  5.0996E+01  0.0000E+00  4.1705E-01  0.0000E+00  1.0000E+00  6.1800E+01  9.7716E+01  0.0000E+00  0.0000E+00
  1.5000E+01  8.0000E+00  0.0000E+00  5.6100E+01  0.0000E+00  4.7186E+01  0.0000E+00  3.7186E-01  0.0000E+00  1.0000E+00  5.6100E+01  8.8901E+01  0.0000E+00  0.0000E+00
  1.5000E+01  1.2000E+01  0.0000E+00  2.7000E+01  0.0000E+00  3.1219E+01  0.0000E+00 -2.6602E-01  0.0000E+00  1.0000E+00  2.7000E+01  5.5430E+01  0.0000E+00  0.0000E+00
  1.5000E+01  2.4000E+01  0.0000E+00  5.0000E-01  0.0000E+00  3.9698E-01  0.0000E+00  5.1088E-01  1.0000E+00  1.0000E+00  5.0000E-01  8.0283E-01  0.0000E+00  0.0000E+00
  1.6000E+01  0.0000E+00  2.1500E+05  0.0000E+00  1.0000E+00  0.0000E+00  0.0000E+00  0.0000E+00  0.0000E+00  1.0000E+00  0.0000E+00  1.0000E+00  0.0000E+00  0.0000E+00
  1.6000E+01  0.0000E+00  2.1500E+05  0.0000E+00  1.0000E+00  0.0000E+00  0.0000E+00  0.0000E+00  0.0000E+00  1.0000E+00  0.0000E+00  1.0000E+00  0.0000E+00  0.0000E+00
  1.6000E+01  0.0000E+00  0.0000E+00  0.0000E+00  0.0000E+00  0.0000E+00  0.0000E+00  0.0000E+00  0.0000E+00  1.0000E+00  0.0000E+00  1.0000E+00  0.0000E+00  0.0000E+00
  1.6000E+01  2.5000E-01  0.0000E+00  6.4700E+00  0.0000E+00  5.9788E+01  0.0000E+00 -1.7555E+00  0.0000E+00  1.0000E+00  6.4700E+00  4.1499E+01  0.0000E+00  0.0000E+00
  1.6000E+01  5.0000E-01  0.0000E+00  1.1400E+01  0.0000E+00  1.0185E+02  0.0000E+00 -1.7482E+00  0.0000E+00  1.0000E+00  1.1400E+01  6.8837E+01  0.0000E+00  0.0000E+00
  1.6000E+01  1.0000E+00  0.0000E+00  1.5500E+02  0.0000E+00  1.4873E+02  0.0000E+00  8.3051E-02  0.0000E+00  1.0000E+00  1.5500E+02  9.5821E+01  0.0000E+00  0.0000E+00
  1.6000E+01  2.0000E+00  0.0000E+00  1.9400E+02  0.0000E+00  1.6260E+02  0.0000E+00  3.8020E-01  0.0000E+00  1.0000E+00  1.9400E+02  9.7144E+01  0.0000E+00  0.0000E+00
  1.6000E+01  4.0000E+00  0.0000E+00  8.8000E+01  0.0000E+00  1.0680E+02  0.0000E+00 -3.4651E-01  0.0000E+00  1.0000E+00  8.8000E+01  5.8550E+01  0.0000E+00  0.0000E+00
  1.6000E+01  6.0000E+00  0.0000E+00  3.2400E+02  0.0000E+00  1.5919E+02  0.0000E+00  2.0382E+00  0.0000E+00  1.0000E+00  3.2400E+02  9.2550E+01  0.0000E+00  0.0000E+00
  1.6000E+01  8.0000E+00  0.0000E+00  2.5300E+02  0.0000E+00  1.4765E+02  0.0000E+00  1.4045E+00  0.0000E+00  1.0000E+00  2.5300E+02  8.4202E+01  0.0000E+00  0.0000E+00
  1.6000E+01  1.2000E+01  0.0000E+00  7.2500E+01  0.0000E+00  9.8419E+01  0.0000E+00 -5.1842E-01  0.0000E+00  1.0000E+00  7.2500E+01  5.2500E+01  0.0000E+00  0.0000E+00
  1.6000E+01  2.4000E+01  0.0000E+00  5.0000E-01  0.0000E+00  1.2559E+00  0.0000E+00 -1.1849E+00  1.0000E+00  1.0000E+00  5.0000E-01  8.4356E-01  0.0000E+00  0.0000E+00
  1.7000E+01  0.0000E+00  2.4900E+05  0.0000E+00  1.0000E+00  0.0000E+00  0.0000E+00  0.0000E+00  0.0000E+00  1.0000E+00  0.0000E+00  1.0000E+00  0.0000E+00  0.0000E+00
  1.7000E+01  0.0000E+00  2.4900E+05  0.0000E+00  1.0000E+00  0.0000E+00  0.0000E+00  0.0000E+00  0.0000E+00  1.0000E+00  0.0000E+00  1.0000E+00  0.0000E+00  0.0000E+00
  1.7000E+01  0.0000E+00  0.0000E+00  0.0000E+00  0.0000E+00  0.0000E+00  0.0000E+00  0.0000E+00  0.0000E+00  1.0000E+00  0.0000E+00  1.0000E+00  0.0000E+00  0.0000E+00
  1.7000E+01  2.5000E-01  0.0000E+00  1.0800E+01  0.0000E+00  1.6255E+01  0.0000E+00 -6.6063E-01  0.0000E+00  1.0000E+00  1.0800E+01  4.8061E+01  0.0000E+00  0.0000E+00
  1.7000E+01  5.0000E-01  0.0000E+00  1.7400E+01  0.0000E+00  2.8887E+01  0.0000E+00 -7.8278E-01  0.0000E+00  1.0000E+00  1.7400E+01  7.9723E+01  0.0000E+00  0.0000E+00
  1.7000E+01  1.0000E+00  0.0000E+00  4.2300E+01  0.0000E+00  4.5674E+01  0.0000E+00 -1.4543E-01  0.0000E+00  1.0000E+00  4.2300E+01  1.1097E+02  0.0000E+00  0.0000E+00
  1.7000E+01  2.0000E+00  0.0000E+00  4.8500E+01  0.0000E+00  5.7409E+01  0.0000E+00 -3.0550E-01  0.0000E+00  1.0000E+00  4.8500E+01  1.1251E+02  0.0000E+00  0.0000E+00
  1.7000E+01  4.0000E+00  0.0000E+00  5.4500E+01  0.0000E+00  4.6396E+01  0.0000E+00  3.4385E-01  0.0000E+00  1.0000E+00  5.4500E+01  6.7809E+01  0.0000E+00  0.0000E+00
  1.7000E+01  6.0000E+00  0.0000E+00  1.3500E+02  0.0000E+00  6.3190E+01  0.0000E+00  2.2371E+00  0.0000E+00  1.0000E+00  1.3500E+02  1.0719E+02  0.0000E+00  0.0000E+00
  1.7000E+01  8.0000E+00  0.0000E+00  6.3900E+01  0.0000E+00  6.1438E+01  0.0000E+00  7.8898E-02  0.0000E+00  1.0000E+00  6.3900E+01  9.7517E+01  0.0000E+00  0.0000E+00
  1.7000E+01  1.2000E+01  0.0000E+00  3.6300E+01  0.0000E+00  4.6062E+01  0.0000E+00 -4.1721E-01  0.0000E+00  1.0000E+00  3.6300E+01  6.0802E+01  0.0000E+00  0.0000E+00
  1.7000E+01  2.4000E+01  0.0000E+00  5.0000E-01  0.0000E+00  7.1536E-01  0.0000E+00 -5.9264E-01  1.0000E+00  1.0000E+00  5.0000E-01  7.2661E-01  0.0000E+00  0.0000E+00
