TABLE NO.  1
 ID          TIME        AMT         DV          MDV         IPRED       CWRES       IWRES       BQL2        BQL3        DV          PRED        RES         WRES
  1.0000E+00  0.0000E+00  1.0000E+01  0.0000E+00  1.0000E+00  0.0000E+00  0.0000E+00  0.0000E+00  0.0000E+00  0.0000E+00  0.0000E+00  1.0000E+00  0.0000E+00  0.0000E+00
  1.0000E+00  5.0000E-01  0.0000E+00  1.0317E+01  0.0000E+00  7.2730E+00  0.0000E+00  9.1794E-01  0.0000E+00  0.0000E+00  1.0317E+01  7.3093E+00  0.0000E+00  0.0000E+00
  1.0000E+00  1.0000E+00  0.0000E+00  5.9812E+00  0.0000E+00  8.1582E+00  0.0000E+00 -5.8527E-01  0.0000E+00  0.0000E+00  5.9812E+00  8.2524E+00  0.0000E+00  0.0000E+00
  1.0000E+00  2.0000E+00  0.0000E+00  9.1411E+00  0.0000E+00  6.9935E+00  0.0000E+00  6.7349E-01  0.0000E+00  0.0000E+00  9.1411E+00  7.1832E+00  0.0000E+00  0.0000E+00
  1.0000E+00  3.0000E+00  0.0000E+00  4.8300E+00  0.0000E+00  5.6672E+00  0.0000E+00 -3.2399E-01  0.0000E+00  0.0000E+00  4.8300E+00  5.9153E+00  0.0000E+00  0.0000E+00
  1.0000E+00  4.0000E+00  0.0000E+00  5.6112E+00  0.0000E+00  4.5770E+00  0.0000E+00  4.9560E-01  0.0000E+00  0.0000E+00  5.6112E+00  4.8554E+00  0.0000E+00  0.0000E+00
  1.0000E+00  6.0000E+00  0.0000E+00  1.3391E+00  0.0000E+00  2.9841E+00  0.0000E+00 -1.2090E+00  1.0000E+00  1.0000E+00  1.3391E+00  1.9716E-01  0.0000E+00  0.0000E+00
  1.0000E+00  8.0000E+00  0.0000E+00  2.6450E+00  0.0000E+00  1.9456E+00  0.0000E+00  7.8847E-01  0.0000E+00  1.0000E+00  2.6450E+00  2.2023E+00  0.0000E+00  0.0000E+00
  1.0000E+00  1.2000E+01  0.0000E+00  4.7687E-01  0.0000E+00  8.2701E-01  0.0000E+00 -9.2857E-01  1.0000E+00  1.0000E+00  4.7687E-01  9.8603E-01  0.0000E+00  0.0000E+00
  1.0000E+00  2.4000E+01  0.0000E+00  1.5652E-02  0.0000E+00  6.3518E-02  0.0000E+00 -1.6518E+00  1.0000E+00  1.0000E+00  1.5652E-02  1.0000E+00  0.0000E+00  0.0000E+00
  2.0000E+00  0.0000E+00  1.0000E+01  0.0000E+00  1.0000E+00  0.0000E+00  0.0000E+00  0.0000E+00  0.0000E+00  0.0000E+00  0.0000E+00  1.0000E+00  0.0000E+00  0.0000E+00
  2.0000E+00  5.0000E-01  0.0000E+00  5.4482E+00  0.0000E+00  7.1341E+00  0.0000E+00 -5.1830E-01  0.0000E+00  0.0000E+00  5.4482E+00  7.3093E+00  0.0000E+00  0.0000E+00
  2.0000E+00  1.0000E+00  0.0000E+00  1.3785E+01  0.0000E+00  7.8033E+00  0.0000E+00  1.6813E+00  0.0000E+00  0.0000E+00  1.3785E+01  8.2524E+00  0.0000E+00  0.0000E+00
  2.0000E+00  2.0000E+00  0.0000E+00  7.3074E+00  0.0000E+00  6.3040E+00  0.0000E+00  3.4911E-01  0.0000E+00  0.0000E+00  7.3074E+00  7.1832E+00  0.0000E+00  0.0000E+00
  2.0000E+00  3.0000E+00  0.0000E+00  5.2564E+00  0.0000E+00  4.7982E+00  0.0000E+00  2.0944E-01  0.0000E+00  0.0000E+00  5.2564E+00  5.9153E+00  0.0000E+00  0.0000E+00
  2.0000E+00  4.0000E+00  0.0000E+00  2.2611E+00  0.0000E+00  3.6383E+00  0.0000E+00 -8.3022E-01  0.0000E+00  1.0000E+00  2.2611E+00  4.8554E+00  0.0000E+00  0.0000E+00
  2.0000E+00  6.0000E+00  0.0000E+00  2.4657E+00  0.0000E+00  2.0909E+00  0.0000E+00  3.9315E-01  0.0000E+00  1.0000E+00  2.4657E+00  3.2700E+00  0.0000E+00  0.0000E+00
  2.0000E+00  8.0000E+00  0.0000E+00  1.0926E+00  0.0000E+00  1.2016E+00  0.0000E+00 -1.9892E-01  1.0000E+00  1.0000E+00  1.0926E+00  4.2018E-01  0.0000E+00  0.0000E+00
  2.0000E+00  1.2000E+01  0.0000E+00  2.1600E-01  0.0000E+00  3.9682E-01  0.0000E+00 -9.9939E-01  1.0000E+00  1.0000E+00  2.1600E-01  9.8603E-01  0.0000E+00  0.0000E+00
  2.0000E+00  2.4000E+01  0.0000E+00  9.5125E-03  0.0000E+00  1.4293E-02  0.0000E+00 -7.2506E-01  1.0000E+00  1.0000E+00  9.5125E-03  1.0000E+00  0.0000E+00  0.0000E+00
  3.0000E+00  0.0000E+00  1.0000E+01  0.0000E+00  1.0000E+00  0.0000E+00  0.0000E+00  0.0000E+00  0.0000E+00  0.0000E+00  0.0000E+00  1.0000E+00  0.0000E+00  0.0000E+00
  3.0000E+00  5.0000E-01  0.0000E+00  8.6958E+00  0.0000E+00  6.9461E+00  0.0000E+00  5.5246E-01  0.0000E+00  0.0000E+00  8.6958E+00  7.3093E+00  0.0000E+00  0.0000E+00
  3.0000E+00  1.0000E+00  0.0000E+00  8.0419E+00  0.0000E+00  7.3380E+00  0.0000E+00  2.1038E-01  0.0000E+00  0.0000E+00  8.0419E+00  8.2524E+00  0.0000E+00  0.0000E+00
  3.0000E+00  2.0000E+00  0.0000E+00  3.4278E+00  0.0000E+00  5.4607E+00  0.0000E+00 -8.1649E-01  0.0000E+00  0.0000E+00  3.4278E+00  7.1832E+00  0.0000E+00  0.0000E+00
  3.0000E+00  3.0000E+00  0.0000E+00  3.7295E+00  0.0000E+00  3.8099E+00  0.0000E+00 -4.6300E-02  0.0000E+00  0.0000E+00  3.7295E+00  5.9153E+00  0.0000E+00  0.0000E+00
  3.0000E+00  4.0000E+00  0.0000E+00  2.7019E+00  0.0000E+00  2.6464E+00  0.0000E+00  4.5982E-02  0.0000E+00  1.0000E+00  2.7019E+00  4.8554E+00  0.0000E+00  0.0000E+00
  3.0000E+00  6.0000E+00  0.0000E+00  8.0390E-01  0.0000E+00  1.2760E+00  0.0000E+00 -8.1148E-01  1.0000E+00  1.0000E+00  8.0390E-01  1.9716E-01  0.0000E+00  0.0000E+00
  3.0000E+00  8.0000E+00  0.0000E+00  1.9058E-01  0.0000E+00  6.1523E-01  0.0000E+00 -1.5138E+00  1.0000E+00  1.0000E+00  1.9058E-01  4.2018E-01  0.0000E+00  0.0000E+00
  3.0000E+00  1.2000E+01  0.0000E+00  9.4453E-02  0.0000E+00  1.4302E-01  0.0000E+00 -7.4475E-01  1.0000E+00  1.0000E+00  9.4453E-02  9.8603E-01  0.0000E+00  0.0000E+00
  3.0000E+00  2.4000E+01  0.0000E+00  4.8872E-04  0.0000E+00  1.7969E-03  0.0000E+00 -1.0119E+00  1.0000E+00  1.0000E+00  4.8872E-04  1.0000E+00  0.0000E+00  0.0000E+00
  4.0000E+00  0.0000E+00  1.0000E+01  0.0000E+00  1.0000E+00  0.0000E+00  0.0000E+00  0.0000E+00  0.0000E+00  0.0000E+00  0.0000E+00  1.0000E+00  0.0000E+00  0.0000E+00
  4.0000E+00  5.0000E-01  0.0000E+00  1.5045E+01  0.0000E+00  7.4623E+00  0.0000E+00  2.2286E+00  0.0000E+00  0.0000E+00  1.5045E+01  7.3093E+00  0.0000E+00  0.0000E+00
  4.0000E+00  1.0000E+00  0.0000E+00  7.2409E+00  0.0000E+00  8.6571E+00  0.0000E+00 -3.5880E-01  0.0000E+00  0.0000E+00  7.2409E+00  8.2524E+00  0.0000E+00  0.0000E+00
  4.0000E+00  2.0000E+00  0.0000E+00  1.0286E+01  0.0000E+00  8.0314E+00  0.0000E+00  6.1569E-01  0.0000E+00  0.0000E+00  1.0286E+01  7.1832E+00  0.0000E+00  0.0000E+00
  4.0000E+00  3.0000E+00  0.0000E+00  1.0191E+01  0.0000E+00  7.0725E+00  0.0000E+00  9.6707E-01  0.0000E+00  0.0000E+00  1.0191E+01  5.9153E+00  0.0000E+00  0.0000E+00
  4.0000E+00  4.0000E+00  0.0000E+00  8.7254E+00  0.0000E+00  6.2103E+00  0.0000E+00  8.8826E-01  0.0000E+00  0.0000E+00  8.7254E+00  4.8554E+00  0.0000E+00  0.0000E+00
  4.0000E+00  6.0000E+00  0.0000E+00  3.4944E+00  0.0000E+00  4.7867E+00  0.0000E+00 -5.9213E-01  0.0000E+00  0.0000E+00  3.4944E+00  3.2700E+00  0.0000E+00  0.0000E+00
  4.0000E+00  8.0000E+00  0.0000E+00  4.1633E+00  0.0000E+00  3.6894E+00  0.0000E+00  2.8169E-01  0.0000E+00  0.0000E+00  4.1633E+00  2.2023E+00  0.0000E+00  0.0000E+00
  4.0000E+00  1.2000E+01  0.0000E+00  3.1809E+00  0.0000E+00  2.1918E+00  0.0000E+00  9.8970E-01  0.0000E+00  0.0000E+00  3.1809E+00  9.9886E-01  0.0000E+00  0.0000E+00
  4.0000E+00  2.4000E+01  0.0000E+00  8.1160E-01  0.0000E+00  4.5957E-01  0.0000E+00  1.6800E+00  1.0000E+00  1.0000E+00  8.1160E-01  1.0000E+00  0.0000E+00  0.0000E+00
  5.0000E+00  0.0000E+00  1.0000E+01  0.0000E+00  1.0000E+00  0.0000E+00  0.0000E+00  0.0000E+00  0.0000E+00  0.0000E+00  0.0000E+00  1.0000E+00  0.0000E+00  0.0000E+00
  5.0000E+00  5.0000E-01  0.0000E+00  4.0271E+00  0.0000E+00  7.2877E+00  0.0000E+00 -9.8129E-01  0.0000E+00  0.0000E+00  4.0271E+00  7.3093E+00  0.0000E+00  0.0000E+00
  5.0000E+00  1.0000E+00  0.0000E+00  5.8538E+00  0.0000E+00  8.1964E+00  0.0000E+00 -6.2685E-01  0.0000E+00  0.0000E+00  5.8538E+00  8.2524E+00  0.0000E+00  0.0000E+00
  5.0000E+00  2.0000E+00  0.0000E+00  9.7944E+00  0.0000E+00  7.0701E+00  0.0000E+00  8.4512E-01  0.0000E+00  0.0000E+00  9.7944E+00  7.1832E+00  0.0000E+00  0.0000E+00
  5.0000E+00  3.0000E+00  0.0000E+00  1.3708E+00  0.0000E+00  5.7669E+00  0.0000E+00 -1.6719E+00  1.0000E+00  1.0000E+00  1.3708E+00  7.3293E-02  0.0000E+00  0.0000E+00
  5.0000E+00  4.0000E+00  0.0000E+00  3.6873E+00  0.0000E+00  4.6883E+00  0.0000E+00 -4.6828E-01  0.0000E+00  0.0000E+00  3.6873E+00  4.8554E+00  0.0000E+00  0.0000E+00
  5.0000E+00  6.0000E+00  0.0000E+00  2.9028E+00  0.0000E+00  3.0973E+00  0.0000E+00 -1.3775E-01  0.0000E+00  1.0000E+00  2.9028E+00  3.2700E+00  0.0000E+00  0.0000E+00
  5.0000E+00  8.0000E+00  0.0000E+00  2.9505E+00  0.0000E+00  2.0462E+00  0.0000E+00  9.6926E-01  0.0000E+00  1.0000E+00  2.9505E+00  2.2023E+00  0.0000E+00  0.0000E+00
  5.0000E+00  1.2000E+01  0.0000E+00  1.2784E+00  0.0000E+00  8.9306E-01  0.0000E+00  9.4634E-01  1.0000E+00  1.0000E+00  1.2784E+00  9.8603E-01  0.0000E+00  0.0000E+00
  5.0000E+00  2.4000E+01  0.0000E+00  9.9827E-03  0.0000E+00  7.4245E-02  0.0000E+00 -1.8975E+00  1.0000E+00  1.0000E+00  9.9827E-03  1.0000E+00  0.0000E+00  0.0000E+00
  6.0000E+00  0.0000E+00  1.0000E+01  0.0000E+00  1.0000E+00  0.0000E+00  0.0000E+00  0.0000E+00  0.0000E+00  0.0000E+00  0.0000E+00  1.0000E+00  0.0000E+00  0.0000E+00
  6.0000E+00  5.0000E-01  0.0000E+00  1.9776E+00  0.0000E+00  7.4581E+00  0.0000E+00 -1.6117E+00  1.0000E+00  1.0000E+00  1.9776E+00  5.5567E-02  0.0000E+00  0.0000E+00
  6.0000E+00  1.0000E+00  0.0000E+00  1.0162E+01  0.0000E+00  8.6458E+00  0.0000E+00  3.8461E-01  0.0000E+00  0.0000E+00  1.0162E+01  8.2524E+00  0.0000E+00  0.0000E+00
  6.0000E+00  2.0000E+00  0.0000E+00  6.6839E+00  0.0000E+00  8.0070E+00  0.0000E+00 -3.6242E-01  0.0000E+00  0.0000E+00  6.6839E+00  7.1832E+00  0.0000E+00  0.0000E+00
  6.0000E+00  3.0000E+00  0.0000E+00  8.7299E+00  0.0000E+00  7.0382E+00  0.0000E+00  5.2717E-01  0.0000E+00  0.0000E+00  8.7299E+00  5.9153E+00  0.0000E+00  0.0000E+00
  6.0000E+00  4.0000E+00  0.0000E+00  5.2278E+00  0.0000E+00  6.1688E+00  0.0000E+00 -3.3456E-01  0.0000E+00  0.0000E+00  5.2278E+00  4.8554E+00  0.0000E+00  0.0000E+00
  6.0000E+00  6.0000E+00  0.0000E+00  5.5355E+00  0.0000E+00  4.7374E+00  0.0000E+00  3.6951E-01  0.0000E+00  0.0000E+00  5.5355E+00  3.2700E+00  0.0000E+00  0.0000E+00
  6.0000E+00  8.0000E+00  0.0000E+00  3.9352E+00  0.0000E+00  3.6380E+00  0.0000E+00  1.7915E-01  0.0000E+00  0.0000E+00  3.9352E+00  2.2023E+00  0.0000E+00  0.0000E+00
  6.0000E+00  1.2000E+01  0.0000E+00  3.3530E+00  0.0000E+00  2.1455E+00  0.0000E+00  1.2344E+00  0.0000E+00  0.0000E+00  3.3530E+00  9.9886E-01  0.0000E+00  0.0000E+00
  6.0000E+00  2.4000E+01  0.0000E+00  5.0682E-01  0.0000E+00  4.4006E-01  0.0000E+00  3.3274E-01  1.0000E+00  1.0000E+00  5.0682E-01  1.0000E+00  0.0000E+00  0.0000E+00
  7.0000E+00  0.0000E+00  1.0000E+01  0.0000E+00  1.0000E+00  0.0000E+00  0.0000E+00  0.0000E+00  0.0000E+00  0.0000E+00  0.0000E+00  1.0000E+00  0.0000E+00  0.0000E+00
  7.0000E+00  5.0000E-01  0.0000E+00  6.7618E+00  0.0000E+00  7.2744E+00  0.0000E+00 -1.5455E-01  0.0000E+00  0.0000E+00  6.7618E+00  7.3093E+00  0.0000E+00  0.0000E+00
  7.0000E+00  1.0000E+00  0.0000E+00  1.4587E+01  0.0000E+00  8.1619E+00  0.0000E+00  1.7266E+00  0.0000E+00  0.0000E+00  1.4587E+01  8.2524E+00  0.0000E+00  0.0000E+00
  7.0000E+00  2.0000E+00  0.0000E+00  9.6322E-01  0.0000E+00  7.0008E+00  0.0000E+00 -1.8915E+00  1.0000E+00  1.0000E+00  9.6322E-01  5.6759E-02  0.0000E+00  0.0000E+00
  7.0000E+00  3.0000E+00  0.0000E+00  3.1605E+00  0.0000E+00  5.6765E+00  0.0000E+00 -9.7212E-01  0.0000E+00  0.0000E+00  3.1605E+00  5.9153E+00  0.0000E+00  0.0000E+00
  7.0000E+00  4.0000E+00  0.0000E+00  5.5814E+00  0.0000E+00  4.5874E+00  0.0000E+00  4.7523E-01  0.0000E+00  0.0000E+00  5.5814E+00  4.8554E+00  0.0000E+00  0.0000E+00
  7.0000E+00  6.0000E+00  0.0000E+00  4.4314E+00  0.0000E+00  2.9947E+00  0.0000E+00  1.0522E+00  0.0000E+00  0.0000E+00  4.4314E+00  3.2700E+00  0.0000E+00  0.0000E+00
  7.0000E+00  8.0000E+00  0.0000E+00  1.3522E+00  0.0000E+00  1.9549E+00  0.0000E+00 -6.7618E-01  1.0000E+00  1.0000E+00  1.3522E+00  4.2018E-01  0.0000E+00  0.0000E+00
  7.0000E+00  1.2000E+01  0.0000E+00  7.2350E-01  0.0000E+00  8.3306E-01  0.0000E+00 -2.8843E-01  1.0000E+00  1.0000E+00  7.2350E-01  9.8603E-01  0.0000E+00  0.0000E+00
  7.0000E+00  2.4000E+01  0.0000E+00  1.2702E-02  0.0000E+00  6.4465E-02  0.0000E+00 -1.7601E+00  1.0000E+00  1.0000E+00  1.2702E-02  1.0000E+00  0.0000E+00  0.0000E+00
  8.0000E+00  0.0000E+00  1.0000E+01  0.0000E+00  1.0000E+00  0.0000E+00  0.0000E+00  0.0000E+00  0.0000E+00  0.0000E+00  0.0000E+00  1.0000E+00  0.0000E+00  0.0000E+00
  8.0000E+00  5.0000E-01  0.0000E+00  5.4119E+00  0.0000E+00  7.2758E+00  0.0000E+00 -5.6186E-01  0.0000E+00  0.0000E+00  5.4119E+00  7.3093E+00  0.0000E+00  0.0000E+00
  8.0000E+00  1.0000E+00  0.0000E+00  9.7287E+00  0.0000E+00  8.1655E+00  0.0000E+00  4.1988E-01  0.0000E+00  0.0000E+00  9.7287E+00  8.2524E+00  0.0000E+00  0.0000E+00
  8.0000E+00  2.0000E+00  0.0000E+00  3.5867E+00  0.0000E+00  7.0080E+00  0.0000E+00 -1.0707E+00  0.0000E+00  0.0000E+00  3.5867E+00  7.1832E+00  0.0000E+00  0.0000E+00
  8.0000E+00  3.0000E+00  0.0000E+00  3.4883E+00  0.0000E+00  5.6860E+00  0.0000E+00 -8.4770E-01  0.0000E+00  0.0000E+00  3.4883E+00  5.9153E+00  0.0000E+00  0.0000E+00
  8.0000E+00  4.0000E+00  0.0000E+00  7.3851E+00  0.0000E+00  4.5979E+00  0.0000E+00  1.3295E+00  0.0000E+00  0.0000E+00  7.3851E+00  4.8554E+00  0.0000E+00  0.0000E+00
  8.0000E+00  6.0000E+00  0.0000E+00  2.6295E+00  0.0000E+00  3.0053E+00  0.0000E+00 -2.7425E-01  0.0000E+00  1.0000E+00  2.6295E+00  3.2700E+00  0.0000E+00  0.0000E+00
  8.0000E+00  8.0000E+00  0.0000E+00  2.4042E+00  0.0000E+00  1.9643E+00  0.0000E+00  4.9117E-01  0.0000E+00  1.0000E+00  2.4042E+00  2.2023E+00  0.0000E+00  0.0000E+00
  8.0000E+00  1.2000E+01  0.0000E+00  1.0786E+00  0.0000E+00  8.3917E-01  0.0000E+00  6.2577E-01  1.0000E+00  1.0000E+00  1.0786E+00  9.8603E-01  0.0000E+00  0.0000E+00
  8.0000E+00  2.4000E+01  0.0000E+00  5.2807E-02  0.0000E+00  6.5430E-02  0.0000E+00 -4.2288E-01  1.0000E+00  1.0000E+00  5.2807E-02  1.0000E+00  0.0000E+00  0.0000E+00
  9.0000E+00  0.0000E+00  1.0000E+01  0.0000E+00  1.0000E+00  0.0000E+00  0.0000E+00  0.0000E+00  0.0000E+00  0.0000E+00  0.0000E+00  1.0000E+00  0.0000E+00  0.0000E+00
  9.0000E+00  5.0000E-01  0.0000E+00  1.4263E+01  0.0000E+00  7.4376E+00  0.0000E+00  2.0127E+00  0.0000E+00  0.0000E+00  1.4263E+01  7.3093E+00  0.0000E+00  0.0000E+00
  9.0000E+00  1.0000E+00  0.0000E+00  1.1444E+01  0.0000E+00  8.5910E+00  0.0000E+00  7.2835E-01  0.0000E+00  0.0000E+00  1.1444E+01  8.2524E+00  0.0000E+00  0.0000E+00
  9.0000E+00  2.0000E+00  0.0000E+00  1.0816E+01  0.0000E+00  7.8892E+00  0.0000E+00  8.1366E-01  0.0000E+00  0.0000E+00  1.0816E+01  7.1832E+00  0.0000E+00  0.0000E+00
  9.0000E+00  3.0000E+00  0.0000E+00  8.6805E+00  0.0000E+00  6.8733E+00  0.0000E+00  5.7668E-01  0.0000E+00  0.0000E+00  8.6805E+00  5.9153E+00  0.0000E+00  0.0000E+00
  9.0000E+00  4.0000E+00  0.0000E+00  6.7743E+00  0.0000E+00  5.9706E+00  0.0000E+00  2.9521E-01  0.0000E+00  0.0000E+00  6.7743E+00  4.8554E+00  0.0000E+00  0.0000E+00
  9.0000E+00  6.0000E+00  0.0000E+00  3.9276E+00  0.0000E+00  4.5039E+00  0.0000E+00 -2.8064E-01  0.0000E+00  0.0000E+00  3.9276E+00  3.2700E+00  0.0000E+00  0.0000E+00
  9.0000E+00  8.0000E+00  0.0000E+00  5.9970E+00  0.0000E+00  3.3974E+00  0.0000E+00  1.6782E+00  0.0000E+00  0.0000E+00  5.9970E+00  2.2023E+00  0.0000E+00  0.0000E+00
  9.0000E+00  1.2000E+01  0.0000E+00  1.8282E+00  0.0000E+00  1.9332E+00  0.0000E+00 -1.1912E-01  1.0000E+00  1.0000E+00  1.8282E+00  9.8603E-01  0.0000E+00  0.0000E+00
  9.0000E+00  2.4000E+01  0.0000E+00  1.0962E-01  0.0000E+00  3.5617E-01  0.0000E+00 -1.5182E+00  1.0000E+00  1.0000E+00  1.0962E-01  1.0000E+00  0.0000E+00  0.0000E+00
  1.0000E+01  0.0000E+00  1.0000E+01  0.0000E+00  1.0000E+00  0.0000E+00  0.0000E+00  0.0000E+00  0.0000E+00  0.0000E+00  0.0000E+00  1.0000E+00  0.0000E+00  0.0000E+00
  1.0000E+01  5.0000E-01  0.0000E+00  1.1597E+01  0.0000E+00  7.1171E+00  0.0000E+00  1.3805E+00  0.0000E+00  0.0000E+00  1.1597E+01  7.3093E+00  0.0000E+00  0.0000E+00
  1.0000E+01  1.0000E+00  0.0000E+00  9.9725E+00  0.0000E+00  7.7606E+00  0.0000E+00  6.2511E-01  0.0000E+00  0.0000E+00  9.9725E+00  8.2524E+00  0.0000E+00  0.0000E+00
  1.0000E+01  2.0000E+00  0.0000E+00  4.8801E+00  0.0000E+00  6.2237E+00  0.0000E+00 -4.7350E-01  0.0000E+00  0.0000E+00  4.8801E+00  7.1832E+00  0.0000E+00  0.0000E+00
  1.0000E+01  3.0000E+00  0.0000E+00  2.9974E+00  0.0000E+00  4.7006E+00  0.0000E+00 -7.9469E-01  0.0000E+00  1.0000E+00  2.9974E+00  5.9153E+00  0.0000E+00  0.0000E+00
  1.0000E+01  4.0000E+00  0.0000E+00  5.2737E+00  0.0000E+00  3.5366E+00  0.0000E+00  1.0772E+00  0.0000E+00  0.0000E+00  5.2737E+00  4.8554E+00  0.0000E+00  0.0000E+00
  1.0000E+01  6.0000E+00  0.0000E+00  8.5489E-01  0.0000E+00  2.0010E+00  0.0000E+00 -1.2562E+00  1.0000E+00  1.0000E+00  8.5489E-01  1.9716E-01  0.0000E+00  0.0000E+00
  1.0000E+01  8.0000E+00  0.0000E+00  4.6868E-01  0.0000E+00  1.1321E+00  0.0000E+00 -1.2853E+00  1.0000E+00  1.0000E+00  4.6868E-01  4.2018E-01  0.0000E+00  0.0000E+00
  1.0000E+01  1.2000E+01  0.0000E+00  1.0107E-01  0.0000E+00  3.6238E-01  0.0000E+00 -1.5815E+00  1.0000E+00  1.0000E+00  1.0107E-01  9.8603E-01  0.0000E+00  0.0000E+00
  1.0000E+01  2.4000E+01  0.0000E+00  1.3755E-03  0.0000E+00  1.1886E-02  0.0000E+00 -1.9072E+00  1.0000E+00  1.0000E+00  1.3755E-03  1.0000E+00  0.0000E+00  0.0000E+00
  1.1000E+01  0.0000E+00  1.0000E+01  0.0000E+00  1.0000E+00  0.0000E+00  0.0000E+00  0.0000E+00  0.0000E+00  0.0000E+00  0.0000E+00  1.0000E+00  0.0000E+00  0.0000E+00
  1.1000E+01  5.0000E-01  0.0000E+00  2.6287E+00  0.0000E+00  7.0936E+00  0.0000E+00 -1.3805E+00  0.0000E+00  1.0000E+00  2.6287E+00  7.3093E+00  0.0000E+00  0.0000E+00
  1.1000E+01  1.0000E+00  0.0000E+00  8.8511E+00  0.0000E+00  7.7016E+00  0.0000E+00  3.2735E-01  0.0000E+00  0.0000E+00  8.8511E+00  8.2524E+00  0.0000E+00  0.0000E+00
  1.1000E+01  2.0000E+00  0.0000E+00  5.5796E+00  0.0000E+00  6.1138E+00  0.0000E+00 -1.9163E-01  0.0000E+00  0.0000E+00  5.5796E+00  7.1832E+00  0.0000E+00  0.0000E+00
  1.1000E+01  3.0000E+00  0.0000E+00  4.3319E+00  0.0000E+00  4.5680E+00  0.0000E+00 -1.1337E-01  0.0000E+00  0.0000E+00  4.3319E+00  5.9153E+00  0.0000E+00  0.0000E+00
  1.1000E+01  4.0000E+00  0.0000E+00  4.7649E+00  0.0000E+00  3.3998E+00  0.0000E+00  8.8066E-01  0.0000E+00  0.0000E+00  4.7649E+00  4.8554E+00  0.0000E+00  0.0000E+00
  1.1000E+01  6.0000E+00  0.0000E+00  4.6861E-01  0.0000E+00  1.8822E+00  0.0000E+00 -1.6472E+00  1.0000E+00  1.0000E+00  4.6861E-01  1.9716E-01  0.0000E+00  0.0000E+00
  1.1000E+01  8.0000E+00  0.0000E+00  1.7365E+00  0.0000E+00  1.0420E+00  0.0000E+00  1.4619E+00  1.0000E+00  1.0000E+00  1.7365E+00  4.2018E-01  0.0000E+00  0.0000E+00
  1.1000E+01  1.2000E+01  0.0000E+00  2.0952E-01  0.0000E+00  3.1934E-01  0.0000E+00 -7.5425E-01  1.0000E+00  1.0000E+00  2.0952E-01  9.8603E-01  0.0000E+00  0.0000E+00
  1.1000E+01  2.4000E+01  0.0000E+00  4.2078E-03  0.0000E+00  9.1931E-03  0.0000E+00 -1.1569E+00  1.0000E+00  1.0000E+00  4.2078E-03  1.0000E+00  0.0000E+00  0.0000E+00
  1.2000E+01  0.0000E+00  1.0000E+01  0.0000E+00  1.0000E+00  0.0000E+00  0.0000E+00  0.0000E+00  0.0000E+00  0.0000E+00  0.0000E+00  1.0000E+00  0.0000E+00  0.0000E+00
  1.2000E+01  5.0000E-01  0.0000E+00  1.4345E+01  0.0000E+00  7.1104E+00  0.0000E+00  2.2316E+00  0.0000E+00  0.0000E+00  1.4345E+01  7.3093E+00  0.0000E+00  0.0000E+00
  1.2000E+01  1.0000E+00  0.0000E+00  5.7446E+00  0.0000E+00  7.7437E+00  0.0000E+00 -5.6620E-01  0.0000E+00  0.0000E+00  5.7446E+00  8.2524E+00  0.0000E+00  0.0000E+00
  1.2000E+01  2.0000E+00  0.0000E+00  9.9795E+00  0.0000E+00  6.1921E+00  0.0000E+00  1.3415E+00  0.0000E+00  0.0000E+00  9.9795E+00  7.1832E+00  0.0000E+00  0.0000E+00
  1.2000E+01  3.0000E+00  0.0000E+00  5.0248E+00  0.0000E+00  4.6623E+00  0.0000E+00  1.7051E-01  0.0000E+00  0.0000E+00  5.0248E+00  5.9153E+00  0.0000E+00  0.0000E+00
  1.2000E+01  4.0000E+00  0.0000E+00  3.3585E+00  0.0000E+00  3.4970E+00  0.0000E+00 -8.6860E-02  0.0000E+00  0.0000E+00  3.3585E+00  4.8554E+00  0.0000E+00  0.0000E+00
  1.2000E+01  6.0000E+00  0.0000E+00  4.4708E-01  0.0000E+00  1.9663E+00  0.0000E+00 -1.6946E+00  1.0000E+00  1.0000E+00  4.4708E-01  1.9716E-01  0.0000E+00  0.0000E+00
  1.2000E+01  8.0000E+00  0.0000E+00  1.8803E+00  0.0000E+00  1.1056E+00  0.0000E+00  1.5369E+00  1.0000E+00  1.0000E+00  1.8803E+00  4.2018E-01  0.0000E+00  0.0000E+00
  1.2000E+01  1.2000E+01  0.0000E+00  3.1064E-01  0.0000E+00  3.4953E-01  0.0000E+00 -2.4402E-01  1.0000E+00  1.0000E+00  3.1064E-01  9.8603E-01  0.0000E+00  0.0000E+00
  1.2000E+01  2.4000E+01  0.0000E+00  5.7867E-01  0.0000E+00  1.1045E-02  0.0000E+00  1.1056E+02  1.0000E+00  1.0000E+00  5.7867E-01  1.0000E+00  0.0000E+00  0.0000E+00
  1.3000E+01  0.0000E+00  1.0000E+01  0.0000E+00  1.0000E+00  0.0000E+00  0.0000E+00  0.0000E+00  0.0000E+00  0.0000E+00  0.0000E+00  1.0000E+00  0.0000E+00  0.0000E+00
  1.3000E+01  5.0000E-01  0.0000E+00  4.8880E+00  0.0000E+00  7.2298E+00  0.0000E+00 -7.1041E-01  0.0000E+00  0.0000E+00  4.8880E+00  7.3093E+00  0.0000E+00  0.0000E+00
  1.3000E+01  1.0000E+00  0.0000E+00  8.3507E+00  0.0000E+00  8.0468E+00  0.0000E+00  8.2820E-02  0.0000E+00  0.0000E+00  8.3507E+00  8.2524E+00  0.0000E+00  0.0000E+00
  1.3000E+01  2.0000E+00  0.0000E+00  6.1180E+00  0.0000E+00  6.7728E+00  0.0000E+00 -2.1204E-01  0.0000E+00  0.0000E+00  6.1180E+00  7.1832E+00  0.0000E+00  0.0000E+00
  1.3000E+01  3.0000E+00  0.0000E+00  5.5349E+00  0.0000E+00  5.3832E+00  0.0000E+00  6.1812E-02  0.0000E+00  0.0000E+00  5.5349E+00  5.9153E+00  0.0000E+00  0.0000E+00
  1.3000E+01  4.0000E+00  0.0000E+00  5.6210E+00  0.0000E+00  4.2638E+00  0.0000E+00  6.9810E-01  0.0000E+00  0.0000E+00  5.6210E+00  4.8554E+00  0.0000E+00  0.0000E+00
  1.3000E+01  6.0000E+00  0.0000E+00  3.6145E+00  0.0000E+00  2.6738E+00  0.0000E+00  7.7163E-01  0.0000E+00  0.0000E+00  3.6145E+00  3.2700E+00  0.0000E+00  0.0000E+00
  1.3000E+01  8.0000E+00  0.0000E+00  2.6875E-01  0.0000E+00  1.6767E+00  0.0000E+00 -1.8417E+00  1.0000E+00  1.0000E+00  2.6875E-01  4.2018E-01  0.0000E+00  0.0000E+00
  1.3000E+01  1.2000E+01  0.0000E+00  3.2363E-01  0.0000E+00  6.5931E-01  0.0000E+00 -1.1167E+00  1.0000E+00  1.0000E+00  3.2363E-01  9.8603E-01  0.0000E+00  0.0000E+00
  1.3000E+01  2.4000E+01  0.0000E+00  4.3664E-03  0.0000E+00  4.0088E-02  0.0000E+00 -1.9514E+00  1.0000E+00  1.0000E+00  4.3664E-03  1.0000E+00  0.0000E+00  0.0000E+00
  1.4000E+01  0.0000E+00  1.0000E+01  0.0000E+00  1.0000E+00  0.0000E+00  0.0000E+00  0.0000E+00  0.0000E+00  0.0000E+00  0.0000E+00  1.0000E+00  0.0000E+00  0.0000E+00
  1.4000E+01  5.0000E-01  0.0000E+00  2.1292E+00  0.0000E+00  7.4594E+00  0.0000E+00 -1.5672E+00  0.0000E+00  1.0000E+00  2.1292E+00  7.3093E+00  0.0000E+00  0.0000E+00
  1.4000E+01  1.0000E+00  0.0000E+00  5.3215E+00  0.0000E+00  8.6492E+00  0.0000E+00 -8.4384E-01  0.0000E+00  0.0000E+00  5.3215E+00  8.2524E+00  0.0000E+00  0.0000E+00
  1.4000E+01  2.0000E+00  0.0000E+00  1.5855E+00  0.0000E+00  8.0143E+00  0.0000E+00 -1.7593E+00  1.0000E+00  1.0000E+00  1.5855E+00  5.6759E-02  0.0000E+00  0.0000E+00
  1.4000E+01  3.0000E+00  0.0000E+00  4.6656E+00  0.0000E+00  7.0485E+00  0.0000E+00 -7.4147E-01  0.0000E+00  0.0000E+00  4.6656E+00  5.9153E+00  0.0000E+00  0.0000E+00
  1.4000E+01  4.0000E+00  0.0000E+00  9.8137E+00  0.0000E+00  6.1812E+00  0.0000E+00  1.2889E+00  0.0000E+00  0.0000E+00  9.8137E+00  4.8554E+00  0.0000E+00  0.0000E+00
  1.4000E+01  6.0000E+00  0.0000E+00  3.3627E+00  0.0000E+00  4.7521E+00  0.0000E+00 -6.4126E-01  0.0000E+00  0.0000E+00  3.3627E+00  3.2700E+00  0.0000E+00  0.0000E+00
  1.4000E+01  8.0000E+00  0.0000E+00  3.2281E+00  0.0000E+00  3.6534E+00  0.0000E+00 -2.5533E-01  0.0000E+00  0.0000E+00  3.2281E+00  2.2023E+00  0.0000E+00  0.0000E+00
  1.4000E+01  1.2000E+01  0.0000E+00  3.5025E+00  0.0000E+00  2.1593E+00  0.0000E+00  1.3643E+00  0.0000E+00  0.0000E+00  3.5025E+00  9.9886E-01  0.0000E+00  0.0000E+00
  1.4000E+01  2.4000E+01  0.0000E+00  4.0948E-01  0.0000E+00  4.4583E-01  0.0000E+00 -1.7884E-01  1.0000E+00  1.0000E+00  4.0948E-01  1.0000E+00  0.0000E+00  0.0000E+00
  1.5000E+01  0.0000E+00  1.0000E+01  0.0000E+00  1.0000E+00  0.0000E+00  0.0000E+00  0.0000E+00  0.0000E+00  0.0000E+00  0.0000E+00  1.0000E+00  0.0000E+00  0.0000E+00
  1.5000E+01  5.0000E-01  0.0000E+00  9.7736E+00  0.0000E+00  7.3830E+00  0.0000E+00  7.1017E-01  0.0000E+00  0.0000E+00  9.7736E+00  7.3093E+00  0.0000E+00  0.0000E+00
  1.5000E+01  1.0000E+00  0.0000E+00  7.1148E+00  0.0000E+00  8.4459E+00  0.0000E+00 -3.4566E-01  0.0000E+00  0.0000E+00  7.1148E+00  8.2524E+00  0.0000E+00  0.0000E+00
  1.5000E+01  2.0000E+00  0.0000E+00  5.4499E+00  0.0000E+00  7.5821E+00  0.0000E+00 -6.1677E-01  0.0000E+00  0.0000E+00  5.4499E+00  7.1832E+00  0.0000E+00  0.0000E+00
  1.5000E+01  3.0000E+00  0.0000E+00  1.1477E+01  0.0000E+00  6.4501E+00  0.0000E+00  1.7093E+00  0.0000E+00  0.0000E+00  1.1477E+01  5.9153E+00  0.0000E+00  0.0000E+00
  1.5000E+01  4.0000E+00  0.0000E+00  4.4785E+00  0.0000E+00  5.4703E+00  0.0000E+00 -3.9764E-01  0.0000E+00  0.0000E+00  4.4785E+00  4.8554E+00  0.0000E+00  0.0000E+00
  1.5000E+01  6.0000E+00  0.0000E+00  6.8431E+00  0.0000E+00  3.9332E+00  0.0000E+00  1.6227E+00  0.0000E+00  0.0000E+00  6.8431E+00  3.2700E+00  0.0000E+00  0.0000E+00
  1.5000E+01  8.0000E+00  0.0000E+00  2.4118E+00  0.0000E+00  2.8279E+00  0.0000E+00 -3.2274E-01  0.0000E+00  1.0000E+00  2.4118E+00  2.2023E+00  0.0000E+00  0.0000E+00
  1.5000E+01  1.2000E+01  0.0000E+00  1.2577E+00  0.0000E+00  1.4619E+00  0.0000E+00 -3.0638E-01  1.0000E+00  1.0000E+00  1.2577E+00  9.8603E-01  0.0000E+00  0.0000E+00
  1.5000E+01  2.4000E+01  0.0000E+00  9.7412E-02  0.0000E+00  2.0197E-01  0.0000E+00 -1.1354E+00  1.0000E+00  1.0000E+00  9.7412E-02  1.0000E+00  0.0000E+00  0.0000E+00
  1.6000E+01  0.0000E+00  1.0000E+01  0.0000E+00  1.0000E+00  0.0000E+00  0.0000E+00  0.0000E+00  0.0000E+00  0.0000E+00  0.0000E+00  1.0000E+00  0.0000E+00  0.0000E+00
  1.6000E+01  5.0000E-01  0.0000E+00  5.0100E+00  0.0000E+00  7.3513E+00  0.0000E+00 -6.9852E-01  0.0000E+00  0.0000E+00  5.0100E+00  7.3093E+00  0.0000E+00  0.0000E+00
  1.6000E+01  1.0000E+00  0.0000E+00  4.6209E+00  0.0000E+00  8.3624E+00  0.0000E+00 -9.8130E-01  0.0000E+00  0.0000E+00  4.6209E+00  8.2524E+00  0.0000E+00  0.0000E+00
  1.6000E+01  2.0000E+00  0.0000E+00  8.1173E+00  0.0000E+00  7.4086E+00  0.0000E+00  2.0981E-01  0.0000E+00  0.0000E+00  8.1173E+00  7.1832E+00  0.0000E+00  0.0000E+00
  1.6000E+01  3.0000E+00  0.0000E+00  5.8607E-01  0.0000E+00  6.2154E+00  0.0000E+00 -1.9864E+00  1.0000E+00  1.0000E+00  5.8607E-01  7.3293E-02  0.0000E+00  0.0000E+00
  1.6000E+01  4.0000E+00  0.0000E+00  5.4076E+00  0.0000E+00  5.1980E+00  0.0000E+00  8.8430E-02  0.0000E+00  0.0000E+00  5.4076E+00  4.8554E+00  0.0000E+00  0.0000E+00
  1.6000E+01  6.0000E+00  0.0000E+00  6.6789E+00  0.0000E+00  3.6342E+00  0.0000E+00  1.8375E+00  0.0000E+00  0.0000E+00  6.6789E+00  3.2700E+00  0.0000E+00  0.0000E+00
  1.6000E+01  8.0000E+00  0.0000E+00  1.9819E+00  0.0000E+00  2.5408E+00  0.0000E+00 -4.8247E-01  1.0000E+00  1.0000E+00  1.9819E+00  4.2018E-01  0.0000E+00  0.0000E+00
  1.6000E+01  1.2000E+01  0.0000E+00  1.8563E+00  0.0000E+00  1.2420E+00  0.0000E+00  1.0849E+00  1.0000E+00  1.0000E+00  1.8563E+00  9.8603E-01  0.0000E+00  0.0000E+00
  1.6000E+01  2.4000E+01  0.0000E+00  1.5395E-01  0.0000E+00  1.4505E-01  0.0000E+00  1.3461E-01  1.0000E+00  1.0000E+00  1.5395E-01  1.0000E+00  0.0000E+00  0.0000E+00
  0.0000E+00  0.0000E+00  0.0000E+00  0.0000E+00  0.0000E+00  0.0000E+00  0.0000E+00  0.0000E+00  0.0000E+00  0.0000E+00  0.0000E+00  1.0000E+00  0.0000E+00  0.0000E+00
