TABLE NO.  1
 ID          TIME        AMT         DV          MDV         IPRED       CWRES       IWRES       BQL2        BQL3        DV          PRED        RES         WRES
  1.0000E+00  0.0000E+00  1.0000E+01  0.0000E+00  1.0000E+00  0.0000E+00  0.0000E+00  0.0000E+00  0.0000E+00  0.0000E+00  0.0000E+00  0.0000E+00  0.0000E+00  0.0000E+00
  1.0000E+00  5.0000E-01  0.0000E+00  1.0317E+01  0.0000E+00  7.1657E+00  8.6166E-01  8.9172E-01  0.0000E+00  0.0000E+00  1.0317E+01  7.2647E+00  3.0523E+00  8.5245E-01
  1.0000E+00  1.0000E+00  0.0000E+00  5.9812E+00  0.0000E+00  7.8832E+00 -5.5871E-01 -4.8921E-01  0.0000E+00  0.0000E+00  5.9812E+00  8.1368E+00 -2.1556E+00 -5.3452E-01
  1.0000E+00  2.0000E+00  0.0000E+00  9.1411E+00  0.0000E+00  6.4556E+00  6.8229E-01  8.4349E-01  0.0000E+00  0.0000E+00  9.1411E+00  6.9508E+00  2.1903E+00  6.3732E-01
  1.0000E+00  3.0000E+00  0.0000E+00  4.8300E+00  0.0000E+00  4.9847E+00 -3.1884E-01 -6.2928E-02  0.0000E+00  0.0000E+00  4.8300E+00  5.6118E+00 -7.8176E-01 -2.6639E-01
  1.0000E+00  4.0000E+00  0.0000E+00  5.6112E+00  0.0000E+00  3.8348E+00  5.9087E-01  9.3925E-01  0.0000E+00  0.0000E+00  5.6112E+00  4.5154E+00  1.0958E+00  4.8487E-01
  1.0000E+00  6.0000E+00  0.0000E+00  1.3391E+00  0.0000E+00  2.2685E+00 -1.3529E+00 -8.3075E-01  1.0000E+00  1.0000E+00  1.3391E+00  2.9222E+00 -1.5831E+00 -9.5828E-01
  1.0000E+00  8.0000E+00  0.0000E+00  2.6450E+00  0.0000E+00  1.3420E+00  1.2926E+00  1.9689E+00  0.0000E+00  1.0000E+00  2.6450E+00  1.8911E+00  7.5394E-01  7.2834E-01
  1.0000E+00  1.2000E+01  0.0000E+00  4.7687E-01  0.0000E+00  4.6960E-01 -8.6858E-01  3.1407E-02  1.0000E+00  1.0000E+00  4.7687E-01  7.9197E-01 -3.1510E-01 -4.6885E-01
  1.0000E+00  2.4000E+01  0.0000E+00  1.5652E-02  0.0000E+00  2.0122E-02 -1.1585E+00 -4.4820E-01  1.0000E+00  1.0000E+00  1.5652E-02  5.8172E-02 -4.2520E-02 -3.8272E-01
  2.0000E+00  0.0000E+00  1.0000E+01  0.0000E+00  1.0000E+00  0.0000E+00  0.0000E+00  0.0000E+00  0.0000E+00  0.0000E+00  0.0000E+00  0.0000E+00  0.0000E+00  0.0000E+00
  2.0000E+00  5.0000E-01  0.0000E+00  5.4482E+00  0.0000E+00  7.0723E+00 -5.1399E-01 -4.6563E-01  0.0000E+00  0.0000E+00  5.4482E+00  7.2647E+00 -1.8165E+00 -4.9622E-01
  2.0000E+00  1.0000E+00  0.0000E+00  1.3785E+01  0.0000E+00  7.6484E+00  1.5136E+00  1.6268E+00  0.0000E+00  0.0000E+00  1.3785E+01  8.1368E+00  5.6482E+00  1.4278E+00
  2.0000E+00  2.0000E+00  0.0000E+00  7.3074E+00  0.0000E+00  6.0157E+00  1.8450E-01  4.3538E-01  0.0000E+00  0.0000E+00  7.3074E+00  6.9508E+00  3.5660E-01  1.6081E-01
  2.0000E+00  3.0000E+00  0.0000E+00  5.2564E+00  0.0000E+00  4.4510E+00 -6.8570E-03  3.6693E-01  0.0000E+00  0.0000E+00  5.2564E+00  5.6118E+00 -3.5536E-01 -2.3294E-02
  2.0000E+00  4.0000E+00  0.0000E+00  2.2611E+00  0.0000E+00  3.2801E+00 -1.1036E+00 -6.2993E-01  0.0000E+00  1.0000E+00  2.2611E+00  4.5154E+00 -2.2543E+00 -8.1449E-01
  2.0000E+00  6.0000E+00  0.0000E+00  2.4657E+00  0.0000E+00  1.7804E+00  1.7610E-01  7.8041E-01  0.0000E+00  1.0000E+00  2.4657E+00  2.9222E+00 -4.5646E-01 -2.2814E-02
  2.0000E+00  8.0000E+00  0.0000E+00  1.0926E+00  0.0000E+00  9.6639E-01 -3.9048E-01  2.6480E-01  1.0000E+00  1.0000E+00  1.0926E+00  1.8911E+00 -7.9846E-01 -3.4038E-01
  2.0000E+00  1.2000E+01  0.0000E+00  2.1600E-01  0.0000E+00  2.8471E-01 -1.0871E+00 -4.8935E-01  1.0000E+00  1.0000E+00  2.1600E-01  7.9197E-01 -5.7597E-01 -4.6429E-01
  2.0000E+00  2.4000E+01  0.0000E+00  9.5125E-03  0.0000E+00  7.2807E-03  8.5641E-02  5.9878E-01  1.0000E+00  1.0000E+00  9.5125E-03  5.8172E-02 -4.8659E-02  1.2967E-01
  3.0000E+00  0.0000E+00  1.0000E+01  0.0000E+00  1.0000E+00  0.0000E+00  0.0000E+00  0.0000E+00  0.0000E+00  0.0000E+00  0.0000E+00  0.0000E+00  0.0000E+00  0.0000E+00
  3.0000E+00  5.0000E-01  0.0000E+00  8.6958E+00  0.0000E+00  6.8121E+00  4.4697E-01  5.6069E-01  0.0000E+00  0.0000E+00  8.6958E+00  7.2647E+00  1.4311E+00  4.2597E-01
  3.0000E+00  1.0000E+00  0.0000E+00  8.0419E+00  0.0000E+00  7.0167E+00  3.2655E-02  2.9626E-01  0.0000E+00  0.0000E+00  8.0419E+00  8.1368E+00 -9.4928E-02  3.4403E-02
  3.0000E+00  2.0000E+00  0.0000E+00  3.4278E+00  0.0000E+00  4.9179E+00 -1.1606E+00 -6.1436E-01  0.0000E+00  0.0000E+00  3.4278E+00  6.9508E+00 -3.5230E+00 -8.7292E-01
  3.0000E+00  3.0000E+00  0.0000E+00  3.7295E+00  0.0000E+00  3.2194E+00 -4.2122E-01  3.2129E-01  0.0000E+00  0.0000E+00  3.7295E+00  5.6118E+00 -1.8823E+00 -4.1312E-01
  3.0000E+00  4.0000E+00  0.0000E+00  2.7019E+00  0.0000E+00  2.0970E+00 -2.5716E-01  5.8492E-01  0.0000E+00  1.0000E+00  2.7019E+00  4.5154E+00 -1.8135E+00 -4.1167E-01
  3.0000E+00  6.0000E+00  0.0000E+00  8.0390E-01  0.0000E+00  8.8899E-01 -1.0085E+00 -1.9408E-01  1.0000E+00  1.0000E+00  8.0390E-01  2.9222E+00 -2.1183E+00 -7.1577E-01
  3.0000E+00  8.0000E+00  0.0000E+00  1.9058E-01  0.0000E+00  3.7686E-01 -1.6332E+00 -1.0023E+00  1.0000E+00  1.0000E+00  1.9058E-01  1.8911E+00 -1.7005E+00 -6.8531E-01
  3.0000E+00  1.2000E+01  0.0000E+00  9.4453E-02  0.0000E+00  6.7726E-02  4.0864E-01  7.9981E-01  1.0000E+00  1.0000E+00  9.4453E-02  7.9197E-01 -6.9751E-01 -4.9720E-02
  3.0000E+00  2.4000E+01  0.0000E+00  4.8872E-04  0.0000E+00  3.9308E-04 -4.2992E-02  9.3893E-02  1.0000E+00  1.0000E+00  4.8872E-04  5.8172E-02 -5.7683E-02  7.0643E-01
  4.0000E+00  0.0000E+00  1.0000E+01  0.0000E+00  1.0000E+00  0.0000E+00  0.0000E+00  0.0000E+00  0.0000E+00  0.0000E+00  0.0000E+00  0.0000E+00  0.0000E+00  0.0000E+00
  4.0000E+00  5.0000E-01  0.0000E+00  1.5045E+01  0.0000E+00  7.4843E+00  2.0723E+00  2.0484E+00  0.0000E+00  0.0000E+00  1.5045E+01  7.2647E+00  7.7803E+00  2.1258E+00
  4.0000E+00  1.0000E+00  0.0000E+00  7.2409E+00  0.0000E+00  8.7161E+00 -2.8412E-01 -3.4319E-01  0.0000E+00  0.0000E+00  7.2409E+00  8.1368E+00 -8.9593E-01 -3.2018E-01
  4.0000E+00  2.0000E+00  0.0000E+00  1.0286E+01  0.0000E+00  8.1595E+00  6.6230E-01  5.2845E-01  0.0000E+00  0.0000E+00  1.0286E+01  6.9508E+00  3.3352E+00  7.1906E-01
  4.0000E+00  3.0000E+00  0.0000E+00  1.0191E+01  0.0000E+00  7.2537E+00  1.0244E+00  8.2106E-01  0.0000E+00  0.0000E+00  1.0191E+01  5.6118E+00  4.5792E+00  1.1871E+00
  4.0000E+00  4.0000E+00  0.0000E+00  8.7254E+00  0.0000E+00  6.4304E+00  9.8823E-01  7.2366E-01  0.0000E+00  0.0000E+00  8.7254E+00  4.5154E+00  4.2100E+00  1.1737E+00
  4.0000E+00  6.0000E+00  0.0000E+00  3.4944E+00  0.0000E+00  5.0519E+00 -2.6328E-01 -6.2512E-01  0.0000E+00  0.0000E+00  3.4944E+00  2.9222E+00  5.7224E-01 -7.2259E-01
  4.0000E+00  8.0000E+00  0.0000E+00  4.1633E+00  0.0000E+00  3.9688E+00  5.2566E-01  9.9363E-02  0.0000E+00  0.0000E+00  4.1633E+00  1.8911E+00  2.2722E+00  4.8941E-01
  4.0000E+00  1.2000E+01  0.0000E+00  3.1809E+00  0.0000E+00  2.4495E+00  1.0720E+00  6.0544E-01  0.0000E+00  0.0000E+00  3.1809E+00  7.9197E-01  2.3889E+00  1.8635E+00
  4.0000E+00  2.4000E+01  0.0000E+00  8.1160E-01  0.0000E+00  5.7588E-01  9.6744E-01  8.2998E-01  1.0000E+00  1.0000E+00  8.1160E-01  5.8172E-02  7.5343E-01  6.6092E+00
  5.0000E+00  0.0000E+00  1.0000E+01  0.0000E+00  1.0000E+00  0.0000E+00  0.0000E+00  0.0000E+00  0.0000E+00  0.0000E+00  0.0000E+00  0.0000E+00  0.0000E+00  0.0000E+00
  5.0000E+00  5.0000E-01  0.0000E+00  4.0271E+00  0.0000E+00  7.2664E+00 -9.0325E-01 -9.0392E-01  0.0000E+00  0.0000E+00  4.0271E+00  7.2647E+00 -3.2376E+00 -9.0254E-01
  5.0000E+00  1.0000E+00  0.0000E+00  5.8538E+00  0.0000E+00  8.1412E+00 -5.6766E-01 -5.6971E-01  0.0000E+00  0.0000E+00  5.8538E+00  8.1368E+00 -2.2830E+00 -5.6566E-01
  5.0000E+00  2.0000E+00  0.0000E+00  9.7944E+00  0.0000E+00  6.9596E+00  8.2907E-01  8.2593E-01  0.0000E+00  0.0000E+00  9.7944E+00  6.9508E+00  2.8436E+00  8.2542E-01
  5.0000E+00  3.0000E+00  0.0000E+00  1.3708E+00  0.0000E+00  5.6231E+00 -1.5329E+00 -1.5334E+00  1.0000E+00  1.0000E+00  1.3708E+00  5.6118E+00 -4.2410E+00 -1.4914E+00
  5.0000E+00  4.0000E+00  0.0000E+00  3.6873E+00  0.0000E+00  4.5280E+00 -3.8402E-01 -3.7646E-01  0.0000E+00  0.0000E+00  3.6873E+00  4.5154E+00 -8.2810E-01 -3.5590E-01
  5.0000E+00  6.0000E+00  0.0000E+00  2.9028E+00  0.0000E+00  2.9348E+00 -6.5878E-02 -2.2088E-02  0.0000E+00  1.0000E+00  2.9028E+00  2.9222E+00 -1.9356E-02 -3.2371E-02
  5.0000E+00  8.0000E+00  0.0000E+00  2.9505E+00  0.0000E+00  1.9021E+00  1.0077E+00  1.1176E+00  0.0000E+00  1.0000E+00  2.9505E+00  1.8911E+00  1.0594E+00  8.9781E-01
  5.0000E+00  1.2000E+01  0.0000E+00  1.2784E+00  0.0000E+00  7.9904E-01  9.1742E-01  1.2164E+00  1.0000E+00  1.0000E+00  1.2784E+00  7.9197E-01  4.8643E-01  7.4562E-01
  5.0000E+00  2.4000E+01  0.0000E+00  9.9827E-03  0.0000E+00  5.9231E-02 -1.7674E+00 -1.6849E+00  1.0000E+00  1.0000E+00  9.9827E-03  5.8172E-02 -4.8189E-02 -9.3655E-01
  6.0000E+00  0.0000E+00  1.0000E+01  0.0000E+00  1.0000E+00  0.0000E+00  0.0000E+00  0.0000E+00  0.0000E+00  0.0000E+00  0.0000E+00  0.0000E+00  0.0000E+00  0.0000E+00
  6.0000E+00  5.0000E-01  0.0000E+00  1.9776E+00  0.0000E+00  7.4531E+00 -1.4689E+00 -1.4896E+00  1.0000E+00  1.0000E+00  1.9776E+00  7.2647E+00 -5.2871E+00 -1.5112E+00
  6.0000E+00  1.0000E+00  0.0000E+00  1.0162E+01  0.0000E+00  8.6324E+00  4.1088E-01  3.5929E-01  0.0000E+00  0.0000E+00  1.0162E+01  8.1368E+00  2.0252E+00  4.2627E-01
  6.0000E+00  2.0000E+00  0.0000E+00  6.6839E+00  0.0000E+00  7.9780E+00 -2.1321E-01 -3.2890E-01  0.0000E+00  0.0000E+00  6.6839E+00  6.9508E+00 -2.6690E-01 -2.7326E-01
  6.0000E+00  3.0000E+00  0.0000E+00  8.7299E+00  0.0000E+00  6.9974E+00  6.7490E-01  5.0203E-01  0.0000E+00  0.0000E+00  8.7299E+00  5.6118E+00  3.1181E+00  7.5235E-01
  6.0000E+00  4.0000E+00  0.0000E+00  5.2278E+00  0.0000E+00  6.1196E+00 -7.4861E-02 -2.9550E-01  0.0000E+00  0.0000E+00  5.2278E+00  4.5154E+00  7.1240E-01 -2.1307E-01
  6.0000E+00  6.0000E+00  0.0000E+00  5.5355E+00  0.0000E+00  4.6791E+00  6.5848E-01  3.7114E-01  0.0000E+00  0.0000E+00  5.5355E+00  2.9222E+00  2.6133E+00  7.2806E-01
  6.0000E+00  8.0000E+00  0.0000E+00  3.9352E+00  0.0000E+00  3.5775E+00  5.1984E-01  2.0271E-01  0.0000E+00  0.0000E+00  3.9352E+00  1.8911E+00  2.0441E+00  5.1567E-01
  6.0000E+00  1.2000E+01  0.0000E+00  3.3530E+00  0.0000E+00  2.0914E+00  1.5057E+00  1.2231E+00  0.0000E+00  0.0000E+00  3.3530E+00  7.9197E-01  2.5610E+00  2.5146E+00
  6.0000E+00  2.4000E+01  0.0000E+00  5.0682E-01  0.0000E+00  4.1783E-01  2.7065E-01  4.3184E-01  1.0000E+00  1.0000E+00  5.0682E-01  5.8172E-02  4.4865E-01  2.9399E+00
  7.0000E+00  0.0000E+00  1.0000E+01  0.0000E+00  1.0000E+00  0.0000E+00  0.0000E+00  0.0000E+00  0.0000E+00  0.0000E+00  0.0000E+00  0.0000E+00  0.0000E+00  0.0000E+00
  7.0000E+00  5.0000E-01  0.0000E+00  6.7618E+00  0.0000E+00  7.1793E+00 -1.4115E-01 -1.1792E-01  0.0000E+00  0.0000E+00  6.7618E+00  7.2647E+00 -5.0295E-01 -1.3785E-01
  7.0000E+00  1.0000E+00  0.0000E+00  1.4587E+01  0.0000E+00  7.9178E+00  1.6543E+00  1.7079E+00  0.0000E+00  0.0000E+00  1.4587E+01  8.1368E+00  6.4502E+00  1.6100E+00
  7.0000E+00  2.0000E+00  0.0000E+00  9.6322E-01  0.0000E+00  6.5221E+00 -1.8531E+00 -1.7282E+00  1.0000E+00  1.0000E+00  9.6322E-01  6.9508E+00 -5.9876E+00 -1.7162E+00
  7.0000E+00  3.0000E+00  0.0000E+00  3.1605E+00  0.0000E+00  5.0673E+00 -9.6348E-01 -7.6299E-01  0.0000E+00  0.0000E+00  3.1605E+00  5.6118E+00 -2.4513E+00 -8.4198E-01
  7.0000E+00  4.0000E+00  0.0000E+00  5.5814E+00  0.0000E+00  3.9227E+00  5.8006E-01  8.5737E-01  0.0000E+00  0.0000E+00  5.5814E+00  4.5154E+00  1.0660E+00  4.8761E-01
  7.0000E+00  6.0000E+00  0.0000E+00  4.4314E+00  0.0000E+00  2.3496E+00  1.3631E+00  1.7965E+00  0.0000E+00  0.0000E+00  4.4314E+00  2.9222E+00  1.5092E+00  9.9010E-01
  7.0000E+00  8.0000E+00  0.0000E+00  1.3522E+00  0.0000E+00  1.4074E+00 -6.6728E-01 -7.9493E-02  1.0000E+00  1.0000E+00  1.3522E+00  1.8911E+00 -5.3886E-01 -4.2185E-01
  7.0000E+00  1.2000E+01  0.0000E+00  7.2350E-01  0.0000E+00  5.0492E-01  2.2857E-02  8.7775E-01  1.0000E+00  1.0000E+00  7.2350E-01  7.9197E-01 -6.8466E-02 -3.3857E-02
  7.0000E+00  2.4000E+01  0.0000E+00  1.2702E-02  0.0000E+00  2.3317E-02 -1.5806E+00 -9.1961E-01  1.0000E+00  1.0000E+00  1.2702E-02  5.8172E-02 -4.5470E-02 -4.8643E-01
  8.0000E+00  0.0000E+00  1.0000E+01  0.0000E+00  1.0000E+00  0.0000E+00  0.0000E+00  0.0000E+00  0.0000E+00  0.0000E+00  0.0000E+00  0.0000E+00  0.0000E+00  0.0000E+00
  8.0000E+00  5.0000E-01  0.0000E+00  5.4119E+00  0.0000E+00  7.2539E+00 -5.2080E-01 -5.1488E-01  0.0000E+00  0.0000E+00  5.4119E+00  7.2647E+00 -1.8528E+00 -5.1941E-01
  8.0000E+00  1.0000E+00  0.0000E+00  9.7287E+00  0.0000E+00  8.1088E+00  3.9206E-01  4.0508E-01  0.0000E+00  0.0000E+00  9.7287E+00  8.1368E+00  1.5919E+00  3.9091E-01
  8.0000E+00  2.0000E+00  0.0000E+00  3.5867E+00  0.0000E+00  6.8950E+00 -1.0055E+00 -9.7289E-01  0.0000E+00  0.0000E+00  3.5867E+00  6.9508E+00 -3.3641E+00 -9.8516E-01
  8.0000E+00  3.0000E+00  0.0000E+00  3.4883E+00  0.0000E+00  5.5397E+00 -8.0840E-01 -7.5086E-01  0.0000E+00  0.0000E+00  3.4883E+00  5.6118E+00 -2.1235E+00 -7.7351E-01
  8.0000E+00  4.0000E+00  0.0000E+00  7.3851E+00  0.0000E+00  4.4357E+00  1.2609E+00  1.3482E+00  0.0000E+00  0.0000E+00  7.3851E+00  4.5154E+00  2.8697E+00  1.1908E+00
  8.0000E+00  6.0000E+00  0.0000E+00  2.6295E+00  0.0000E+00  2.8426E+00 -3.1432E-01 -1.5202E-01  0.0000E+00  1.0000E+00  2.6295E+00  2.9222E+00 -2.9266E-01 -2.5767E-01
  8.0000E+00  8.0000E+00  0.0000E+00  2.4042E+00  0.0000E+00  1.8217E+00  3.9226E-01  6.4840E-01  0.0000E+00  1.0000E+00  2.4042E+00  1.8911E+00  5.1314E-01  3.4562E-01
  8.0000E+00  1.2000E+01  0.0000E+00  1.0786E+00  0.0000E+00  7.4812E-01  4.2047E-01  8.9570E-01  1.0000E+00  1.0000E+00  1.0786E+00  7.9197E-01  2.8663E-01  3.2669E-01
  8.0000E+00  2.4000E+01  0.0000E+00  5.2807E-02  0.0000E+00  5.1818E-02 -7.3910E-01  3.8679E-02  1.0000E+00  1.0000E+00  5.2807E-02  5.8172E-02 -5.3647E-03 -3.6019E-01
  9.0000E+00  0.0000E+00  1.0000E+01  0.0000E+00  1.0000E+00  0.0000E+00  0.0000E+00  0.0000E+00  0.0000E+00  0.0000E+00  0.0000E+00  0.0000E+00  0.0000E+00  0.0000E+00
  9.0000E+00  5.0000E-01  0.0000E+00  1.4263E+01  0.0000E+00  7.3931E+00  1.8894E+00  1.8842E+00  0.0000E+00  0.0000E+00  1.4263E+01  7.2647E+00  6.9983E+00  1.9126E+00
  9.0000E+00  1.0000E+00  0.0000E+00  1.1444E+01  0.0000E+00  8.4726E+00  7.2684E-01  7.1110E-01  0.0000E+00  0.0000E+00  1.1444E+01  8.1368E+00  3.3072E+00  7.3576E-01
  9.0000E+00  2.0000E+00  0.0000E+00  1.0816E+01  0.0000E+00  7.6382E+00  8.7369E-01  8.4359E-01  0.0000E+00  0.0000E+00  1.0816E+01  6.9508E+00  3.8652E+00  8.9969E-01
  9.0000E+00  3.0000E+00  0.0000E+00  8.6805E+00  0.0000E+00  6.5266E+00  7.0152E-01  6.6915E-01  0.0000E+00  0.0000E+00  8.6805E+00  5.6118E+00  3.0687E+00  7.0630E-01
  9.0000E+00  4.0000E+00  0.0000E+00  6.7743E+00  0.0000E+00  5.5599E+00  4.6591E-01  4.4286E-01  0.0000E+00  0.0000E+00  6.7743E+00  4.5154E+00  2.2589E+00  4.1929E-01
  9.0000E+00  6.0000E+00  0.0000E+00  3.9276E+00  0.0000E+00  4.0334E+00 -7.9260E-02 -5.3204E-02  0.0000E+00  0.0000E+00  3.9276E+00  2.9222E+00  1.0054E+00 -2.8695E-01
  9.0000E+00  8.0000E+00  0.0000E+00  5.9970E+00  0.0000E+00  2.9260E+00  2.0223E+00  2.1281E+00  0.0000E+00  0.0000E+00  5.9970E+00  1.8911E+00  4.1059E+00  2.4153E+00
  9.0000E+00  1.2000E+01  0.0000E+00  1.8282E+00  0.0000E+00  1.5398E+00  8.0687E-02  3.7973E-01  1.0000E+00  1.0000E+00  1.8282E+00  7.9197E-01  1.0362E+00  3.5650E-02
  9.0000E+00  2.4000E+01  0.0000E+00  1.0962E-01  0.0000E+00  2.2442E-01 -1.4380E+00 -1.0372E+00  1.0000E+00  1.0000E+00  1.0962E-01  5.8172E-02  5.1448E-02 -1.5731E+00
  1.0000E+01  0.0000E+00  1.0000E+01  0.0000E+00  1.0000E+00  0.0000E+00  0.0000E+00  0.0000E+00  0.0000E+00  0.0000E+00  0.0000E+00  0.0000E+00  0.0000E+00  0.0000E+00
  1.0000E+01  5.0000E-01  0.0000E+00  1.1597E+01  0.0000E+00  6.9054E+00  1.2781E+00  1.3776E+00  0.0000E+00  0.0000E+00  1.1597E+01  7.2647E+00  4.3323E+00  1.2272E+00
  1.0000E+01  1.0000E+00  0.0000E+00  9.9725E+00  0.0000E+00  7.2394E+00  5.3432E-01  7.6552E-01  0.0000E+00  0.0000E+00  9.9725E+00  8.1368E+00  1.8357E+00  4.9656E-01
  1.0000E+01  2.0000E+00  0.0000E+00  4.8801E+00  0.0000E+00  5.2906E+00 -6.6072E-01 -1.5732E-01  0.0000E+00  0.0000E+00  4.8801E+00  6.9508E+00 -2.0707E+00 -4.9775E-01
  1.0000E+01  3.0000E+00  0.0000E+00  2.9974E+00  0.0000E+00  3.6209E+00 -1.0810E+00 -3.4917E-01  0.0000E+00  1.0000E+00  2.9974E+00  5.6118E+00 -2.6144E+00 -7.4606E-01
  1.0000E+01  4.0000E+00  0.0000E+00  5.2737E+00  0.0000E+00  2.4668E+00  1.4098E+00  2.3072E+00  0.0000E+00  0.0000E+00  5.2737E+00  4.5154E+00  7.5830E-01  5.8408E-01
  1.0000E+01  6.0000E+00  0.0000E+00  8.5489E-01  0.0000E+00  1.1441E+00 -1.5545E+00 -5.1258E-01  1.0000E+00  1.0000E+00  8.5489E-01  2.9222E+00 -2.0673E+00 -8.5262E-01
  1.0000E+01  8.0000E+00  0.0000E+00  4.6868E-01  0.0000E+00  5.3063E-01 -1.2309E+00 -2.3671E-01  1.0000E+00  1.0000E+00  4.6868E-01  1.8911E+00 -1.4224E+00 -6.5693E-01
  1.0000E+01  1.2000E+01  0.0000E+00  1.0107E-01  0.0000E+00  1.1414E-01 -9.2540E-01 -2.3211E-01  1.0000E+00  1.0000E+00  1.0107E-01  7.9197E-01 -6.9090E-01 -3.2501E-01
  1.0000E+01  2.4000E+01  0.0000E+00  1.3755E-03  0.0000E+00  1.1359E-03 -4.0833E-02  2.0902E-01  1.0000E+00  1.0000E+00  1.3755E-03  5.8172E-02 -5.6796E-02  4.3174E-01
  1.1000E+01  0.0000E+00  1.0000E+01  0.0000E+00  1.0000E+00  0.0000E+00  0.0000E+00  0.0000E+00  0.0000E+00  0.0000E+00  0.0000E+00  0.0000E+00  0.0000E+00  0.0000E+00
  1.1000E+01  5.0000E-01  0.0000E+00  2.6287E+00  0.0000E+00  7.0451E+00 -1.3217E+00 -1.2711E+00  0.0000E+00  1.0000E+00  2.6287E+00  7.2647E+00 -4.6360E+00 -1.2790E+00
  1.1000E+01  1.0000E+00  0.0000E+00  8.8511E+00  0.0000E+00  7.5808E+00  2.2114E-01  3.3976E-01  0.0000E+00  0.0000E+00  8.8511E+00  8.1368E+00  7.1427E-01  2.0925E-01
  1.1000E+01  2.0000E+00  0.0000E+00  5.5796E+00  0.0000E+00  5.8922E+00 -3.6722E-01 -1.0757E-01  0.0000E+00  0.0000E+00  5.5796E+00  6.9508E+00 -1.3712E+00 -3.1716E-01
  1.1000E+01  3.0000E+00  0.0000E+00  4.3319E+00  0.0000E+00  4.3052E+00 -3.6929E-01  1.2595E-02  0.0000E+00  0.0000E+00  4.3319E+00  5.6118E+00 -1.2799E+00 -3.1424E-01
  1.1000E+01  4.0000E+00  0.0000E+00  4.7649E+00  0.0000E+00  3.1328E+00  5.7674E-01  1.0564E+00  0.0000E+00  0.0000E+00  4.7649E+00  4.5154E+00  2.4950E-01  3.0758E-01
  1.1000E+01  6.0000E+00  0.0000E+00  4.6861E-01  0.0000E+00  1.6579E+00 -2.0686E+00 -1.4545E+00  1.0000E+00  1.0000E+00  4.6861E-01  2.9222E+00 -2.4535E+00 -1.1977E+00
  1.1000E+01  8.0000E+00  0.0000E+00  1.7365E+00  0.0000E+00  8.7738E-01  1.2903E+00  1.9855E+00  1.0000E+00  1.0000E+00  1.7365E+00  1.8911E+00 -1.5456E-01  3.2905E-01
  1.1000E+01  1.2000E+01  0.0000E+00  2.0952E-01  0.0000E+00  2.4572E-01 -1.0568E+00 -2.9868E-01  1.0000E+00  1.0000E+00  2.0952E-01  7.9197E-01 -5.8245E-01 -3.6701E-01
  1.1000E+01  2.4000E+01  0.0000E+00  4.2078E-03  0.0000E+00  5.3973E-03 -8.0682E-01 -4.1831E-01  1.0000E+00  1.0000E+00  4.2078E-03  5.8172E-02 -5.3964E-02  1.5017E-01
  1.2000E+01  0.0000E+00  1.0000E+01  0.0000E+00  1.0000E+00  0.0000E+00  0.0000E+00  0.0000E+00  0.0000E+00  0.0000E+00  0.0000E+00  0.0000E+00  0.0000E+00  0.0000E+00
  1.2000E+01  5.0000E-01  0.0000E+00  1.4345E+01  0.0000E+00  7.4384E+00  1.9226E+00  1.8827E+00  0.0000E+00  0.0000E+00  1.4345E+01  7.2647E+00  7.0803E+00  1.9838E+00
  1.2000E+01  1.0000E+00  0.0000E+00  5.7446E+00  0.0000E+00  8.5931E+00 -5.7970E-01 -6.7214E-01  0.0000E+00  0.0000E+00  5.7446E+00  8.1368E+00 -2.3922E+00 -5.7701E-01
  1.2000E+01  2.0000E+00  0.0000E+00  9.9795E+00  0.0000E+00  7.8936E+00  7.5107E-01  5.3581E-01  0.0000E+00  0.0000E+00  9.9795E+00  6.9508E+00  3.0287E+00  9.1978E-01
  1.2000E+01  3.0000E+00  0.0000E+00  5.0248E+00  0.0000E+00  6.8794E+00 -2.0287E-01 -5.4663E-01  0.0000E+00  0.0000E+00  5.0248E+00  5.6118E+00 -5.8696E-01 -1.2969E-01
  1.2000E+01  4.0000E+00  0.0000E+00  3.3585E+00  0.0000E+00  5.9780E+00 -4.1666E-01 -8.8849E-01  0.0000E+00  0.0000E+00  3.3585E+00  4.5154E+00 -1.1569E+00 -3.8451E-01
  1.2000E+01  6.0000E+00  0.0000E+00  4.4708E-01  0.0000E+00  4.5125E+00 -1.1047E+00 -1.8268E+00  1.0000E+00  1.0000E+00  4.4708E-01  2.9222E+00 -2.4751E+00 -1.3696E+00
  1.2000E+01  8.0000E+00  0.0000E+00  1.8803E+00  0.0000E+00  3.4062E+00  5.0582E-02 -9.0834E-01  1.0000E+00  1.0000E+00  1.8803E+00  1.8911E+00 -1.0756E-02  2.1557E-01
  1.2000E+01  1.2000E+01  0.0000E+00  3.1064E-01  0.0000E+00  1.9408E+00 -3.3966E-01 -1.7031E+00  1.0000E+00  1.0000E+00  3.1064E-01  7.9197E-01 -4.8133E-01 -6.5549E-01
  1.2000E+01  2.4000E+01  0.0000E+00  5.7867E-01  0.0000E+00  3.5901E-01  2.9227E+00  1.2406E+00  1.0000E+00  1.0000E+00  5.7867E-01  5.8172E-02  5.2050E-01  7.0616E+00
  1.3000E+01  0.0000E+00  1.0000E+01  0.0000E+00  1.0000E+00  0.0000E+00  0.0000E+00  0.0000E+00  0.0000E+00  0.0000E+00  0.0000E+00  0.0000E+00  0.0000E+00  0.0000E+00
  1.3000E+01  5.0000E-01  0.0000E+00  4.8880E+00  0.0000E+00  7.0723E+00 -6.8474E-01 -6.2624E-01  0.0000E+00  0.0000E+00  4.8880E+00  7.2647E+00 -2.3767E+00 -6.5765E-01
  1.3000E+01  1.0000E+00  0.0000E+00  8.3507E+00  0.0000E+00  7.6484E+00  5.0622E-02  1.8619E-01  0.0000E+00  0.0000E+00  8.3507E+00  8.1368E+00  2.1387E-01  6.4855E-02
  1.3000E+01  2.0000E+00  0.0000E+00  6.1180E+00  0.0000E+00  6.0156E+00 -2.7567E-01  3.4521E-02  0.0000E+00  0.0000E+00  6.1180E+00  6.9508E+00 -8.3280E-01 -2.1051E-01
  1.3000E+01  3.0000E+00  0.0000E+00  5.5349E+00  0.0000E+00  4.4508E+00  1.1913E-02  4.9387E-01  0.0000E+00  0.0000E+00  5.5349E+00  5.6118E+00 -7.6860E-02  2.7345E-02
  1.3000E+01  4.0000E+00  0.0000E+00  5.6210E+00  0.0000E+00  3.2800E+00  8.0993E-01  1.4472E+00  0.0000E+00  0.0000E+00  5.6210E+00  4.5154E+00  1.1056E+00  5.5749E-01
  1.3000E+01  6.0000E+00  0.0000E+00  3.6145E+00  0.0000E+00  1.7803E+00  1.2124E+00  2.0890E+00  0.0000E+00  0.0000E+00  3.6145E+00  2.9222E+00  6.9234E-01  5.8531E-01
  1.3000E+01  8.0000E+00  0.0000E+00  2.6875E-01  0.0000E+00  9.6631E-01 -2.4682E+00 -1.4637E+00  1.0000E+00  1.0000E+00  2.6875E-01  1.8911E+00 -1.6223E+00 -1.2247E+00
  1.3000E+01  1.2000E+01  0.0000E+00  3.2363E-01  0.0000E+00  2.8468E-01 -7.3007E-01  2.7744E-01  1.0000E+00  1.0000E+00  3.2363E-01  7.9197E-01 -4.6834E-01 -4.5640E-01
  1.3000E+01  2.4000E+01  0.0000E+00  4.3664E-03  0.0000E+00  7.2787E-03 -1.1781E+00 -7.8154E-01  1.0000E+00  1.0000E+00  4.3664E-03  5.8172E-02 -5.3805E-02 -1.2395E-01
  1.4000E+01  0.0000E+00  1.0000E+01  0.0000E+00  1.0000E+00  0.0000E+00  0.0000E+00  0.0000E+00  0.0000E+00  0.0000E+00  0.0000E+00  0.0000E+00  0.0000E+00  0.0000E+00
  1.4000E+01  5.0000E-01  0.0000E+00  2.1292E+00  0.0000E+00  7.4428E+00 -1.4237E+00 -1.4476E+00  0.0000E+00  1.0000E+00  2.1292E+00  7.2647E+00 -5.1355E+00 -1.4565E+00
  1.4000E+01  1.0000E+00  0.0000E+00  5.3215E+00  0.0000E+00  8.6050E+00 -7.1534E-01 -7.7371E-01  0.0000E+00  0.0000E+00  5.3215E+00  8.1368E+00 -2.8153E+00 -7.5048E-01
  1.4000E+01  2.0000E+00  0.0000E+00  1.5855E+00  0.0000E+00  7.9191E+00 -1.4898E+00 -1.6217E+00  1.0000E+00  1.0000E+00  1.5855E+00  6.9508E+00 -5.3653E+00 -1.6789E+00
  1.4000E+01  3.0000E+00  0.0000E+00  4.6656E+00  0.0000E+00  6.9149E+00 -4.5938E-01 -6.5957E-01  0.0000E+00  0.0000E+00  4.6656E+00  5.6118E+00 -9.4616E-01 -5.6647E-01
  1.4000E+01  4.0000E+00  0.0000E+00  9.8137E+00  0.0000E+00  6.0205E+00  1.5374E+00  1.2775E+00  0.0000E+00  0.0000E+00  9.8137E+00  4.5154E+00  5.2983E+00  1.9157E+00
  1.4000E+01  6.0000E+00  0.0000E+00  3.3627E+00  0.0000E+00  4.5623E+00 -1.8145E-01 -5.3314E-01  0.0000E+00  0.0000E+00  3.3627E+00  2.9222E+00  4.4054E-01 -3.6989E-01
  1.4000E+01  8.0000E+00  0.0000E+00  3.2281E+00  0.0000E+00  3.4572E+00  2.7256E-01 -1.3437E-01  0.0000E+00  0.0000E+00  3.2281E+00  1.8911E+00  1.3370E+00  2.2792E-01
  1.4000E+01  1.2000E+01  0.0000E+00  3.5025E+00  0.0000E+00  1.9852E+00  1.9686E+00  1.5497E+00  0.0000E+00  0.0000E+00  3.5025E+00  7.9197E-01  2.7105E+00  3.2618E+00
  1.4000E+01  2.4000E+01  0.0000E+00  4.0948E-01  0.0000E+00  3.7589E-01  2.5951E-01  1.8118E-01  1.0000E+00  1.0000E+00  4.0948E-01  5.8172E-02  3.5131E-01  2.1502E+00
  1.5000E+01  0.0000E+00  1.0000E+01  0.0000E+00  1.0000E+00  0.0000E+00  0.0000E+00  0.0000E+00  0.0000E+00  0.0000E+00  0.0000E+00  0.0000E+00  0.0000E+00  0.0000E+00
  1.5000E+01  5.0000E-01  0.0000E+00  9.7736E+00  0.0000E+00  7.3260E+00  6.7363E-01  6.7742E-01  0.0000E+00  0.0000E+00  9.7736E+00  7.2647E+00  2.5089E+00  6.7567E-01
  1.5000E+01  1.0000E+00  0.0000E+00  7.1148E+00  0.0000E+00  8.2962E+00 -2.9487E-01 -2.8874E-01  0.0000E+00  0.0000E+00  7.1148E+00  8.1368E+00 -1.0220E+00 -3.0719E-01
  1.5000E+01  2.0000E+00  0.0000E+00  5.4499E+00  0.0000E+00  7.2725E+00 -5.2892E-01 -5.0815E-01  0.0000E+00  0.0000E+00  5.4499E+00  6.9508E+00 -1.5009E+00 -5.6544E-01
  1.5000E+01  3.0000E+00  0.0000E+00  1.1477E+01  0.0000E+00  6.0335E+00  1.7818E+00  1.8294E+00  0.0000E+00  0.0000E+00  1.1477E+01  5.6118E+00  5.8652E+00  1.8398E+00
  1.5000E+01  4.0000E+00  0.0000E+00  4.4785E+00  0.0000E+00  4.9896E+00 -2.9222E-01 -2.0771E-01  0.0000E+00  0.0000E+00  4.4785E+00  4.5154E+00 -3.6899E-02 -3.4695E-01
  1.5000E+01  6.0000E+00  0.0000E+00  6.8431E+00  0.0000E+00  3.4111E+00  1.8579E+00  2.0401E+00  0.0000E+00  0.0000E+00  6.8431E+00  2.9222E+00  3.9209E+00  1.9051E+00
  1.5000E+01  8.0000E+00  0.0000E+00  2.4118E+00  0.0000E+00  2.3319E+00 -2.2935E-01  6.9486E-02  0.0000E+00  1.0000E+00  2.4118E+00  1.8911E+00  5.2074E-01 -2.7845E-01
  1.5000E+01  1.2000E+01  0.0000E+00  1.2577E+00  0.0000E+00  1.0898E+00 -2.1461E-01  3.1242E-01  1.0000E+00  1.0000E+00  1.2577E+00  7.9197E-01  4.6573E-01 -2.0705E-01
  1.5000E+01  2.4000E+01  0.0000E+00  9.7412E-02  0.0000E+00  1.1123E-01 -9.3253E-01 -2.5192E-01  1.0000E+00  1.0000E+00  9.7412E-02  5.8172E-02  3.9240E-02 -6.9464E-01
  1.6000E+01  0.0000E+00  1.0000E+01  0.0000E+00  1.0000E+00  0.0000E+00  0.0000E+00  0.0000E+00  0.0000E+00  0.0000E+00  0.0000E+00  0.0000E+00  0.0000E+00  0.0000E+00
  1.6000E+01  5.0000E-01  0.0000E+00  5.0100E+00  0.0000E+00  7.3542E+00 -6.3359E-01 -6.4634E-01  0.0000E+00  0.0000E+00  5.0100E+00  7.2647E+00 -2.2547E+00 -6.4031E-01
  1.6000E+01  1.0000E+00  0.0000E+00  4.6209E+00  0.0000E+00  8.3701E+00 -8.7689E-01 -9.0825E-01  0.0000E+00  0.0000E+00  4.6209E+00  8.1368E+00 -3.5159E+00 -8.9826E-01
  1.6000E+01  2.0000E+00  0.0000E+00  8.1173E+00  0.0000E+00  7.4245E+00  2.5820E-01  1.8921E-01  0.0000E+00  0.0000E+00  8.1173E+00  6.9508E+00  1.1665E+00  2.7564E-01
  1.6000E+01  3.0000E+00  0.0000E+00  5.8607E-01  0.0000E+00  6.2368E+00 -1.7367E+00 -1.8371E+00  1.0000E+00  1.0000E+00  5.8607E-01  5.6118E+00 -5.0257E+00 -1.8825E+00
  1.6000E+01  4.0000E+00  0.0000E+00  5.4076E+00  0.0000E+00  5.2227E+00  1.9547E-01  7.1797E-02  0.0000E+00  0.0000E+00  5.4076E+00  4.5154E+00  8.9220E-01  2.1192E-01
  1.6000E+01  6.0000E+00  0.0000E+00  6.6789E+00  0.0000E+00  3.6609E+00  1.8161E+00  1.6715E+00  0.0000E+00  0.0000E+00  6.6789E+00  2.9222E+00  3.7567E+00  2.0378E+00
  1.6000E+01  8.0000E+00  0.0000E+00  1.9819E+00  0.0000E+00  2.5662E+00 -3.2885E-01 -4.6166E-01  1.0000E+00  1.0000E+00  1.9819E+00  1.8911E+00  9.0844E-02 -3.8291E-01
  1.6000E+01  1.2000E+01  0.0000E+00  1.8563E+00  0.0000E+00  1.2609E+00  9.9301E-01  9.5752E-01  1.0000E+00  1.0000E+00  1.8563E+00  7.9197E-01  1.0643E+00  1.1613E+00
  1.6000E+01  2.4000E+01  0.0000E+00  1.5395E-01  0.0000E+00  1.4957E-01 -2.4294E-01  5.9418E-02  1.0000E+00  1.0000E+00  1.5395E-01  5.8172E-02  9.5778E-02  1.5183E-01
  0.0000E+00  0.0000E+00  0.0000E+00  0.0000E+00  0.0000E+00  0.0000E+00  0.0000E+00  0.0000E+00  0.0000E+00  0.0000E+00  0.0000E+00  0.0000E+00  0.0000E+00  0.0000E+00
