  1    0 10000          1 2 0   2 1 1 10 2 1    0 0 0 1
  1 0.25        5948.31 0 2     2 1 1 10 2 1 0.25 0 0 0
  1  0.5       1667.954 0 2     2 1 1 10 2 1  0.5 0 0 0
  1 0.75                1 2     2 1 1 10 2 1 0.75 1 0 2
  1    1       154.4714 0 2     2 1 1 10 2 1    1 0 0 0
  1    2        38.7972 0 2     2 1 1 10 2 1    2 0 0 0
  1    4          6.104 0 2     2 1 1 10 2 1    4 0 0 0
  1    8         0.7663 0 2     2 1 1 10 2 1    8 0 0 0
  2    0 10000          1 2 0   2 1 1 10 2 1    0 0 0 1
  2 0.25       9255.616 0 2     2 1 1 10 2 1 0.25 0 0 0
  2  0.5       1585.592 0 2     2 1 1 10 2 1  0.5 0 0 0
  2 0.75       564.7792 0 2     2 1 1 10 2 1 0.75 0 0 0
  2    1        54.7291 0 2     2 1 1 10 2 1    1 0 0 0
  2    2         6.1446 0 2     2 1 1 10 2 1    2 0 0 0
  2    4         2.4249 0 2     2 1 1 10 2 1    4 0 0 0
  2    8         0.6782 0 2     2 1 1 10 2 1    8 0 0 0
  3    0 10000          1 2 0   2 1 1 10 2 1    0 0 0 1
  3 0.25       3152.184 0 2     2 1 1 10 2 1 0.25 0 0 0
  3  0.5       853.8938 0 2     2 1 1 10 2 1  0.5 0 0 0
  3 0.75       163.6987 0 2     2 1 1 10 2 1 0.75 0 0 0
  3    1         7.7905 0 2     2 1 1 10 2 1    1 0 0 0
  3    2         6.0049 0 2     2 1 1 10 2 1    2 0 0 0
  3    4         0.8741 0 2     2 1 1 10 2 1    4 0 0 0
  3    8         0.6094 0 2     2 1 1 10 2 1    8 0 0 0
