TABLE NO.  2
 ID          CL          V1          V2          Q           DOSE
  1.0000E+00  4.2718E+00  1.5395E+00  2.1564E+00  9.0956E+01  1.0000E+01
  1.0000E+00  4.2718E+00  1.5395E+00  2.1564E+00  9.0956E+01  1.0000E+01
  1.0000E+00  4.2718E+00  1.5395E+00  2.1564E+00  9.0956E+01  1.0000E+01
  1.0000E+00  4.2718E+00  1.5395E+00  2.1564E+00  9.0956E+01  1.0000E+01
  1.0000E+00  4.2718E+00  1.5395E+00  2.1564E+00  9.0956E+01  1.0000E+01
  1.0000E+00  4.2718E+00  1.5395E+00  2.1564E+00  9.0956E+01  1.0000E+01
  1.0000E+00  4.2718E+00  1.5395E+00  2.1564E+00  9.0956E+01  1.0000E+01
  1.0000E+00  4.2718E+00  1.5395E+00  2.1564E+00  9.0956E+01  1.0000E+01
  2.0000E+00  4.2718E+00  1.5395E+00  2.1564E+00  9.0956E+01  1.0000E+01
  2.0000E+00  4.2718E+00  1.5395E+00  2.1564E+00  9.0956E+01  1.0000E+01
  2.0000E+00  4.2718E+00  1.5395E+00  2.1564E+00  9.0956E+01  1.0000E+01
  2.0000E+00  4.2718E+00  1.5395E+00  2.1564E+00  9.0956E+01  1.0000E+01
  2.0000E+00  4.2718E+00  1.5395E+00  2.1564E+00  9.0956E+01  1.0000E+01
  2.0000E+00  4.2718E+00  1.5395E+00  2.1564E+00  9.0956E+01  1.0000E+01
  2.0000E+00  4.2718E+00  1.5395E+00  2.1564E+00  9.0956E+01  1.0000E+01
  2.0000E+00  4.2718E+00  1.5395E+00  2.1564E+00  9.0956E+01  1.0000E+01
  3.0000E+00  4.2718E+00  1.5395E+00  2.1564E+00  9.0956E+01  1.0000E+01
  3.0000E+00  4.2718E+00  1.5395E+00  2.1564E+00  9.0956E+01  1.0000E+01
  3.0000E+00  4.2718E+00  1.5395E+00  2.1564E+00  9.0956E+01  1.0000E+01
  3.0000E+00  4.2718E+00  1.5395E+00  2.1564E+00  9.0956E+01  1.0000E+01
  3.0000E+00  4.2718E+00  1.5395E+00  2.1564E+00  9.0956E+01  1.0000E+01
  3.0000E+00  4.2718E+00  1.5395E+00  2.1564E+00  9.0956E+01  1.0000E+01
  3.0000E+00  4.2718E+00  1.5395E+00  2.1564E+00  9.0956E+01  1.0000E+01
  3.0000E+00  4.2718E+00  1.5395E+00  2.1564E+00  9.0956E+01  1.0000E+01
