TABLE NO.  2
 ID          CL          V1          V2          Q           DOSE
  1.0000E+00  4.3049E+00  1.7037E+00  1.9995E+00  5.7933E+01  1.0000E+01
  1.0000E+00  4.3049E+00  1.7037E+00  1.9995E+00  5.7933E+01  1.0000E+01
  1.0000E+00  4.3049E+00  1.7037E+00  1.9995E+00  5.7933E+01  1.0000E+01
  1.0000E+00  4.3049E+00  1.7037E+00  1.9995E+00  5.7933E+01  1.0000E+01
  1.0000E+00  4.3049E+00  1.7037E+00  1.9995E+00  5.7933E+01  1.0000E+01
  1.0000E+00  4.3049E+00  1.7037E+00  1.9995E+00  5.7933E+01  1.0000E+01
  1.0000E+00  4.3049E+00  1.7037E+00  1.9995E+00  5.7933E+01  1.0000E+01
  1.0000E+00  4.3049E+00  1.7037E+00  1.9995E+00  5.7933E+01  1.0000E+01
  2.0000E+00  4.3049E+00  1.7037E+00  1.9995E+00  5.7933E+01  1.0000E+01
  2.0000E+00  4.3049E+00  1.7037E+00  1.9995E+00  5.7933E+01  1.0000E+01
  2.0000E+00  4.3049E+00  1.7037E+00  1.9995E+00  5.7933E+01  1.0000E+01
  2.0000E+00  4.3049E+00  1.7037E+00  1.9995E+00  5.7933E+01  1.0000E+01
  2.0000E+00  4.3049E+00  1.7037E+00  1.9995E+00  5.7933E+01  1.0000E+01
  2.0000E+00  4.3049E+00  1.7037E+00  1.9995E+00  5.7933E+01  1.0000E+01
  2.0000E+00  4.3049E+00  1.7037E+00  1.9995E+00  5.7933E+01  1.0000E+01
  2.0000E+00  4.3049E+00  1.7037E+00  1.9995E+00  5.7933E+01  1.0000E+01
  3.0000E+00  4.3049E+00  1.7037E+00  1.9995E+00  5.7933E+01  1.0000E+01
  3.0000E+00  4.3049E+00  1.7037E+00  1.9995E+00  5.7933E+01  1.0000E+01
  3.0000E+00  4.3049E+00  1.7037E+00  1.9995E+00  5.7933E+01  1.0000E+01
  3.0000E+00  4.3049E+00  1.7037E+00  1.9995E+00  5.7933E+01  1.0000E+01
  3.0000E+00  4.3049E+00  1.7037E+00  1.9995E+00  5.7933E+01  1.0000E+01
  3.0000E+00  4.3049E+00  1.7037E+00  1.9995E+00  5.7933E+01  1.0000E+01
  3.0000E+00  4.3049E+00  1.7037E+00  1.9995E+00  5.7933E+01  1.0000E+01
  3.0000E+00  4.3049E+00  1.7037E+00  1.9995E+00  5.7933E+01  1.0000E+01
