TABLE NO.  2
 ID          CL          V1          V2          Q           DOSE
  1.0000E+00  4.3257E+00  4.7502E-01  2.7440E+00  1.7787E+01  1.0000E+01
  1.0000E+00  4.3257E+00  4.7502E-01  2.7440E+00  1.7787E+01  1.0000E+01
  1.0000E+00  4.3257E+00  4.7502E-01  2.7440E+00  1.7787E+01  1.0000E+01
  1.0000E+00  4.3257E+00  4.7502E-01  2.7440E+00  1.7787E+01  1.0000E+01
  1.0000E+00  4.3257E+00  4.7502E-01  2.7440E+00  1.7787E+01  1.0000E+01
  1.0000E+00  4.3257E+00  4.7502E-01  2.7440E+00  1.7787E+01  1.0000E+01
  1.0000E+00  4.3257E+00  4.7502E-01  2.7440E+00  1.7787E+01  1.0000E+01
  1.0000E+00  4.3257E+00  4.7502E-01  2.7440E+00  1.7787E+01  1.0000E+01
  2.0000E+00  4.3257E+00  4.7502E-01  2.7440E+00  1.7787E+01  1.0000E+01
  2.0000E+00  4.3257E+00  4.7502E-01  2.7440E+00  1.7787E+01  1.0000E+01
  2.0000E+00  4.3257E+00  4.7502E-01  2.7440E+00  1.7787E+01  1.0000E+01
  2.0000E+00  4.3257E+00  4.7502E-01  2.7440E+00  1.7787E+01  1.0000E+01
  2.0000E+00  4.3257E+00  4.7502E-01  2.7440E+00  1.7787E+01  1.0000E+01
  2.0000E+00  4.3257E+00  4.7502E-01  2.7440E+00  1.7787E+01  1.0000E+01
  2.0000E+00  4.3257E+00  4.7502E-01  2.7440E+00  1.7787E+01  1.0000E+01
  2.0000E+00  4.3257E+00  4.7502E-01  2.7440E+00  1.7787E+01  1.0000E+01
  3.0000E+00  4.3257E+00  4.7502E-01  2.7440E+00  1.7787E+01  1.0000E+01
  3.0000E+00  4.3257E+00  4.7502E-01  2.7440E+00  1.7787E+01  1.0000E+01
  3.0000E+00  4.3257E+00  4.7502E-01  2.7440E+00  1.7787E+01  1.0000E+01
  3.0000E+00  4.3257E+00  4.7502E-01  2.7440E+00  1.7787E+01  1.0000E+01
  3.0000E+00  4.3257E+00  4.7502E-01  2.7440E+00  1.7787E+01  1.0000E+01
  3.0000E+00  4.3257E+00  4.7502E-01  2.7440E+00  1.7787E+01  1.0000E+01
  3.0000E+00  4.3257E+00  4.7502E-01  2.7440E+00  1.7787E+01  1.0000E+01
  3.0000E+00  4.3257E+00  4.7502E-01  2.7440E+00  1.7787E+01  1.0000E+01
