TABLE NO.  1
 ID          TIME        AMT         DV          MDV         IPRED       CWRES       IWRES       BQL         DV          PRED        RES         WRES
  1.0000E+00  0.0000E+00  1.0000E+04  0.0000E+00  1.0000E+00  0.0000E+00  0.0000E+00  0.0000E+00  0.0000E+00  0.0000E+00  0.0000E+00  0.0000E+00  0.0000E+00
  1.0000E+00  2.5000E-01  0.0000E+00  5.9483E+03  0.0000E+00  2.0239E+03  1.5664E+00  1.5664E+00  0.0000E+00  5.9483E+03  2.0239E+03  3.9244E+03  1.5664E+00
  1.0000E+00  5.0000E-01  0.0000E+00  1.6680E+03  0.0000E+00  1.5230E+03  7.6873E-02  7.6873E-02  0.0000E+00  1.6680E+03  1.5230E+03  1.4493E+02  7.6873E-02
  1.0000E+00  7.5000E-01  0.0000E+00  0.0000E+00  1.0000E+00  1.1461E+03  0.0000E+00 -8.0782E-01  1.0000E+00  0.0000E+00  1.1461E+03  0.0000E+00  0.0000E+00
  1.0000E+00  1.0000E+00  0.0000E+00  1.5447E+02  0.0000E+00  8.6244E+02 -6.6313E-01 -6.6313E-01  0.0000E+00  1.5447E+02  8.6244E+02 -7.0797E+02 -6.6313E-01
  1.0000E+00  2.0000E+00  0.0000E+00  3.8797E+01  0.0000E+00  2.7655E+02 -6.9449E-01 -6.9449E-01  0.0000E+00  3.8797E+01  2.7655E+02 -2.3776E+02 -6.9449E-01
  1.0000E+00  4.0000E+00  0.0000E+00  6.1040E+00  0.0000E+00  2.8437E+01 -6.3442E-01 -6.3442E-01  0.0000E+00  6.1040E+00  2.8437E+01 -2.2333E+01 -6.3442E-01
  1.0000E+00  8.0000E+00  0.0000E+00  7.6630E-01  0.0000E+00  3.0066E-01  1.2511E+00  1.2511E+00  0.0000E+00  7.6630E-01  3.0066E-01  4.6564E-01  1.2511E+00
  2.0000E+00  0.0000E+00  1.0000E+04  0.0000E+00  1.0000E+00  0.0000E+00  0.0000E+00  0.0000E+00  0.0000E+00  0.0000E+00  0.0000E+00  0.0000E+00  0.0000E+00
  2.0000E+00  2.5000E-01  0.0000E+00  9.2556E+03  0.0000E+00  2.0239E+03  2.8864E+00  2.8864E+00  0.0000E+00  9.2556E+03  2.0239E+03  7.2317E+03  2.8864E+00
  2.0000E+00  5.0000E-01  0.0000E+00  1.5856E+03  0.0000E+00  1.5230E+03  3.3188E-02  3.3188E-02  0.0000E+00  1.5856E+03  1.5230E+03  6.2570E+01  3.3188E-02
  2.0000E+00  7.5000E-01  0.0000E+00  5.6478E+02  0.0000E+00  1.1461E+03 -4.0974E-01 -4.0974E-01  0.0000E+00  5.6478E+02  1.1461E+03 -5.8131E+02 -4.0974E-01
  2.0000E+00  1.0000E+00  0.0000E+00  5.4729E+01  0.0000E+00  8.6244E+02 -7.5656E-01 -7.5656E-01  0.0000E+00  5.4729E+01  8.6244E+02 -8.0771E+02 -7.5656E-01
  2.0000E+00  2.0000E+00  0.0000E+00  6.1446E+00  0.0000E+00  2.7655E+02 -7.8987E-01 -7.8987E-01  0.0000E+00  6.1446E+00  2.7655E+02 -2.7041E+02 -7.8987E-01
  2.0000E+00  4.0000E+00  0.0000E+00  2.4249E+00  0.0000E+00  2.8437E+01 -7.3893E-01 -7.3893E-01  0.0000E+00  2.4249E+00  2.8437E+01 -2.6012E+01 -7.3893E-01
  2.0000E+00  8.0000E+00  0.0000E+00  6.7820E-01  0.0000E+00  3.0066E-01  1.0144E+00  1.0144E+00  0.0000E+00  6.7820E-01  3.0066E-01  3.7754E-01  1.0144E+00
  3.0000E+00  0.0000E+00  1.0000E+04  0.0000E+00  1.0000E+00  0.0000E+00  0.0000E+00  0.0000E+00  0.0000E+00  0.0000E+00  0.0000E+00  0.0000E+00  0.0000E+00
  3.0000E+00  2.5000E-01  0.0000E+00  3.1522E+03  0.0000E+00  2.0239E+03  4.5033E-01  4.5033E-01  0.0000E+00  3.1522E+03  2.0239E+03  1.1283E+03  4.5033E-01
  3.0000E+00  5.0000E-01  0.0000E+00  8.5389E+02  0.0000E+00  1.5230E+03 -3.5491E-01 -3.5491E-01  0.0000E+00  8.5389E+02  1.5230E+03 -6.6913E+02 -3.5491E-01
  3.0000E+00  7.5000E-01  0.0000E+00  1.6370E+02  0.0000E+00  1.1461E+03 -6.9244E-01 -6.9244E-01  0.0000E+00  1.6370E+02  1.1461E+03 -9.8239E+02 -6.9244E-01
  3.0000E+00  1.0000E+00  0.0000E+00  7.7905E+00  0.0000E+00  8.6244E+02 -8.0052E-01 -8.0052E-01  0.0000E+00  7.7905E+00  8.6244E+02 -8.5465E+02 -8.0052E-01
  3.0000E+00  2.0000E+00  0.0000E+00  6.0049E+00  0.0000E+00  2.7655E+02 -7.9028E-01 -7.9028E-01  0.0000E+00  6.0049E+00  2.7655E+02 -2.7055E+02 -7.9028E-01
  3.0000E+00  4.0000E+00  0.0000E+00  8.7410E-01  0.0000E+00  2.8437E+01 -7.8299E-01 -7.8299E-01  0.0000E+00  8.7410E-01  2.8437E+01 -2.7563E+01 -7.8299E-01
  3.0000E+00  8.0000E+00  0.0000E+00  6.0940E-01  0.0000E+00  3.0066E-01  8.2952E-01  8.2952E-01  0.0000E+00  6.0940E-01  3.0066E-01  3.0874E-01  8.2952E-01
