TABLE NO.  1
 ID          TIME        AMT         DV          MDV         IPRED       CWRES       IWRES       BQL         DV          PRED        RES         WRES
  1.0000E+00  0.0000E+00  1.0000E+04  0.0000E+00  1.0000E+00  1.7304E+04  0.0000E+00 -2.0176E+00  0.0000E+00  0.0000E+00  1.7304E+04  0.0000E+00  0.0000E+00
  1.0000E+00  0.0000E+00  0.0000E+00  3.4170E-01  0.0000E+00  1.7304E+04 -2.0176E+00 -2.0176E+00  0.0000E+00  3.4170E-01  1.7304E+04 -1.7303E+04 -2.0176E+00
  1.0000E+00  2.5000E-01  0.0000E+00  5.9483E+03  0.0000E+00  5.5927E+03  9.5536E-01  1.2828E-01  0.0000E+00  5.9483E+03  2.1171E+03  3.8312E+03  1.3907E+00
  1.0000E+00  5.0000E-01  0.0000E+00  1.6680E+03  0.0000E+00  1.8221E+03  9.2512E-01 -1.7072E-01  0.0000E+00  1.6680E+03  2.6594E+02  1.4020E+03  2.2386E+00
  1.0000E+00  7.5000E-01  0.0000E+00  0.0000E+00  1.0000E+00  6.0642E+02  0.0000E+00 -2.0176E+00  1.0000E+00  0.0000E+00  3.9492E+01  0.0000E+00  0.0000E+00
  1.0000E+00  1.0000E+00  0.0000E+00  1.5447E+02  0.0000E+00  2.1298E+02  4.0162E-01 -5.5426E-01  0.0000E+00  1.5447E+02  1.1080E+01  1.4339E+02  7.1800E+00
  1.0000E+00  2.0000E+00  0.0000E+00  3.8797E+01  0.0000E+00  1.9204E+01  2.2646E+00  2.0586E+00  0.0000E+00  3.8797E+01  4.4353E+00  3.4362E+01  6.4604E+00
  1.0000E+00  4.0000E+00  0.0000E+00  6.1040E+00  0.0000E+00  6.4735E+00 -7.6479E-02 -1.1517E-01  0.0000E+00  6.1040E+00  1.6492E+00  4.4548E+00 -1.7242E+00
  1.0000E+00  8.0000E+00  0.0000E+00  7.6630E-01  0.0000E+00  9.1444E-01 -3.5793E-01 -3.2686E-01  0.0000E+00  7.6630E-01  2.2813E-01  5.3817E-01 -2.4221E+00
  2.0000E+00  0.0000E+00  1.0000E+04  0.0000E+00  1.0000E+00  1.7304E+04  0.0000E+00 -2.0176E+00  0.0000E+00  0.0000E+00  1.7304E+04  0.0000E+00  0.0000E+00
  2.0000E+00  0.0000E+00  0.0000E+00  3.7560E-01  0.0000E+00  1.7304E+04 -2.0176E+00 -2.0176E+00  0.0000E+00  3.7560E-01  1.7304E+04 -1.7303E+04 -2.0176E+00
  2.0000E+00  2.5000E-01  0.0000E+00  9.2556E+03  0.0000E+00  4.6044E+03  2.2528E+00  2.0382E+00  0.0000E+00  9.2556E+03  2.1171E+03  7.1385E+03  3.0318E+00
  2.0000E+00  5.0000E-01  0.0000E+00  1.5856E+03  0.0000E+00  1.2376E+03  2.8760E-01  5.6742E-01  0.0000E+00  1.5856E+03  2.6594E+02  1.3197E+03  6.2087E-01
  2.0000E+00  7.5000E-01  0.0000E+00  5.6478E+02  0.0000E+00  3.4351E+02  6.4424E-01  1.2996E+00  0.0000E+00  5.6478E+02  3.9492E+01  5.2529E+02  5.2644E+00
  2.0000E+00  1.0000E+00  0.0000E+00  5.4729E+01  0.0000E+00  1.0484E+02 -1.6038E+00 -9.6433E-01  0.0000E+00  5.4729E+01  1.1080E+01  4.3649E+01 -2.0394E+00
  2.0000E+00  2.0000E+00  0.0000E+00  6.1446E+00  0.0000E+00  1.2500E+01 -1.1353E+00 -1.0258E+00  0.0000E+00  6.1446E+00  4.4353E+00  1.7093E+00 -3.7671E+00
  2.0000E+00  4.0000E+00  0.0000E+00  2.4249E+00  0.0000E+00  4.5247E+00 -9.6611E-01 -9.3634E-01  0.0000E+00  2.4249E+00  1.6492E+00  7.7565E-01 -3.4272E+00
  2.0000E+00  8.0000E+00  0.0000E+00  6.7820E-01  0.0000E+00  6.3477E-01  1.6994E-01  1.3804E-01  0.0000E+00  6.7820E-01  2.2813E-01  4.5007E-01 -8.6166E-01
  3.0000E+00  0.0000E+00  1.0000E+04  0.0000E+00  1.0000E+00  1.7304E+04  0.0000E+00 -2.0176E+00  0.0000E+00  0.0000E+00  1.7304E+04  0.0000E+00  0.0000E+00
  3.0000E+00  0.0000E+00  0.0000E+00  4.0200E-01  0.0000E+00  1.7304E+04 -2.0176E+00 -2.0176E+00  0.0000E+00  4.0200E-01  1.7304E+04 -1.7303E+04 -2.0176E+00
  3.0000E+00  2.5000E-01  0.0000E+00  3.1522E+03  0.0000E+00  3.1653E+03  2.7186E-01 -8.3522E-03  0.0000E+00  3.1522E+03  2.1171E+03  1.0351E+03  2.9750E-01
  3.0000E+00  5.0000E-01  0.0000E+00  8.5389E+02  0.0000E+00  5.8825E+02  8.5693E-01  9.1112E-01  0.0000E+00  8.5389E+02  2.6594E+02  5.8795E+02  1.1708E+00
  3.0000E+00  7.5000E-01  0.0000E+00  1.6370E+02  0.0000E+00  1.1745E+02  4.4337E-01  7.9438E-01  0.0000E+00  1.6370E+02  3.9492E+01  1.2421E+02  1.0870E+00
  3.0000E+00  1.0000E+00  0.0000E+00  7.7905E+00  0.0000E+00  3.0498E+01 -1.7034E+00 -1.5022E+00  0.0000E+00  7.7905E+00  1.1080E+01 -3.2895E+00 -1.7933E+00
  3.0000E+00  2.0000E+00  0.0000E+00  6.0049E+00  0.0000E+00  7.0219E+00 -2.6833E-01 -2.9221E-01  0.0000E+00  6.0049E+00  4.4353E+00  1.5696E+00 -4.5329E-01
  3.0000E+00  4.0000E+00  0.0000E+00  8.7410E-01  0.0000E+00  2.6110E+00 -1.2721E+00 -1.3422E+00  0.0000E+00  8.7410E-01  1.6492E+00 -7.7515E-01 -1.6496E+00
  3.0000E+00  8.0000E+00  0.0000E+00  6.0940E-01  0.0000E+00  3.6319E-01  1.4559E+00  1.3678E+00  0.0000E+00  6.0940E-01  2.2813E-01  3.8127E-01  1.6623E+00
  4.0000E+00  0.0000E+00  5.0000E+03  0.0000E+00  1.0000E+00  0.0000E+00  0.0000E+00  0.0000E+00  0.0000E+00  0.0000E+00  0.0000E+00  0.0000E+00  0.0000E+00
  4.0000E+00  0.0000E+00  0.0000E+00  2.8350E-01  0.0000E+00  0.0000E+00  2.8350E+03  2.8350E+03  0.0000E+00  2.8350E-01  0.0000E+00  2.8350E-01  2.8350E+03
  4.0000E+00  2.5000E-01  0.0000E+00  2.5423E+00  0.0000E+00  1.8432E+00  5.6176E-01  7.6524E-01  0.0000E+00  2.5423E+00  2.0670E+00  4.7532E-01  4.8305E-01
  4.0000E+00  5.0000E-01  0.0000E+00  2.8427E+00  0.0000E+00  1.9137E+00  7.2150E-01  9.7938E-01  0.0000E+00  2.8427E+00  2.2206E+00  6.2208E-01  5.7405E-01
  4.0000E+00  7.5000E-01  0.0000E+00  2.2885E+00  0.0000E+00  1.8360E+00  2.3111E-01  4.9728E-01  0.0000E+00  2.2885E+00  2.1457E+00  1.4284E-01  1.7290E-01
  4.0000E+00  1.0000E+00  0.0000E+00  1.5817E+00  0.0000E+00  1.7494E+00 -4.5972E-01 -1.9340E-01  0.0000E+00  1.5817E+00  2.0472E+00 -4.6546E-01 -3.7546E-01
  4.0000E+00  2.0000E+00  0.0000E+00  9.0380E-01  0.0000E+00  1.4373E+00 -1.0108E+00 -7.4890E-01  0.0000E+00  9.0380E-01  1.6832E+00 -7.7941E-01 -8.1053E-01
  4.0000E+00  4.0000E+00  0.0000E+00  7.3480E-01  0.0000E+00  9.6796E-01 -7.3848E-01 -4.8600E-01  0.0000E+00  7.3480E-01  1.1344E+00 -3.9960E-01 -5.9385E-01
  4.0000E+00  8.0000E+00  0.0000E+00  6.0290E-01  0.0000E+00  4.3704E-01  5.2787E-01  7.6574E-01  0.0000E+00  6.0290E-01  5.1250E-01  9.0397E-02  4.0649E-01
  5.0000E+00  0.0000E+00  5.0000E+03  0.0000E+00  1.0000E+00  0.0000E+00  0.0000E+00  0.0000E+00  0.0000E+00  0.0000E+00  0.0000E+00  0.0000E+00  0.0000E+00
  5.0000E+00  0.0000E+00  0.0000E+00  3.1460E-01  0.0000E+00  0.0000E+00  3.1460E+03  3.1460E+03  0.0000E+00  3.1460E-01  0.0000E+00  3.1460E-01  3.1460E+03
  5.0000E+00  2.5000E-01  0.0000E+00  5.4614E+00  0.0000E+00  2.6138E+00  2.3839E+00  2.1982E+00  0.0000E+00  5.4614E+00  2.0670E+00  3.3944E+00  2.8333E+00
  5.0000E+00  5.0000E-01  0.0000E+00  4.1521E+00  0.0000E+00  3.0986E+00  9.8673E-01  6.8595E-01  0.0000E+00  4.1521E+00  2.2206E+00  1.9315E+00  1.1968E+00
  5.0000E+00  7.5000E-01  0.0000E+00  3.3413E+00  0.0000E+00  3.0941E+00  5.0475E-01  1.6117E-01  0.0000E+00  3.3413E+00  2.1457E+00  1.1956E+00  5.7075E-01
  5.0000E+00  1.0000E+00  0.0000E+00  2.2491E+00  0.0000E+00  2.9811E+00 -1.4126E-01 -4.9544E-01  0.0000E+00  2.2491E+00  2.0472E+00  2.0194E-01 -3.0131E-01
  5.0000E+00  2.0000E+00  0.0000E+00  9.6550E-01  0.0000E+00  2.4636E+00 -8.9139E-01 -1.2269E+00  0.0000E+00  9.6550E-01  1.6832E+00 -7.1771E-01 -1.3176E+00
  5.0000E+00  4.0000E+00  0.0000E+00  1.0409E+00  0.0000E+00  1.6643E+00 -4.7131E-01 -7.5576E-01  0.0000E+00  1.0409E+00  1.1344E+00 -9.3505E-02 -7.3723E-01
  5.0000E+00  8.0000E+00  0.0000E+00  1.2393E+00  0.0000E+00  7.5340E-01  1.4982E+00  1.3012E+00  0.0000E+00  1.2393E+00  5.1250E-01  7.2680E-01  1.9632E+00
  6.0000E+00  0.0000E+00  5.0000E+03  0.0000E+00  1.0000E+00  0.0000E+00  0.0000E+00  0.0000E+00  0.0000E+00  0.0000E+00  0.0000E+00  0.0000E+00  0.0000E+00
  6.0000E+00  0.0000E+00  0.0000E+00  2.7250E-01  0.0000E+00  0.0000E+00  2.7250E+03  2.7250E+03  0.0000E+00  2.7250E-01  0.0000E+00  2.7250E-01  2.7250E+03
  6.0000E+00  2.5000E-01  0.0000E+00  2.4061E+00  0.0000E+00  1.8219E+00  4.1039E-01  6.4701E-01  0.0000E+00  2.4061E+00  2.0670E+00  3.3912E-01  3.5054E-01
  6.0000E+00  5.0000E-01  0.0000E+00  3.0076E+00  0.0000E+00  1.8858E+00  9.0214E-01  1.2001E+00  0.0000E+00  3.0076E+00  2.2206E+00  7.8698E-01  7.0837E-01
  6.0000E+00  7.5000E-01  0.0000E+00  1.9909E+00  0.0000E+00  1.8083E+00 -1.0346E-01  2.0377E-01  0.0000E+00  1.9909E+00  2.1457E+00 -1.5476E-01 -9.3135E-02
  6.0000E+00  1.0000E+00  0.0000E+00  1.9189E+00  0.0000E+00  1.7228E+00 -7.7929E-02  2.2963E-01  0.0000E+00  1.9189E+00  2.0472E+00 -1.2826E-01 -7.3674E-02
  6.0000E+00  2.0000E+00  0.0000E+00  7.8380E-01  0.0000E+00  1.4154E+00 -1.2037E+00 -9.0031E-01  0.0000E+00  7.8380E-01  1.6832E+00 -8.9941E-01 -9.5009E-01
  6.0000E+00  4.0000E+00  0.0000E+00  9.3610E-01  0.0000E+00  9.5311E-01 -3.2980E-01 -3.6014E-02  0.0000E+00  9.3610E-01  1.1344E+00 -1.9830E-01 -2.6837E-01
  6.0000E+00  8.0000E+00  0.0000E+00  4.9980E-01  0.0000E+00  4.3029E-01  5.0247E-02  3.2595E-01  0.0000E+00  4.9980E-01  5.1250E-01 -1.2703E-02  2.8224E-02
  7.0000E+00  0.0000E+00  1.0000E+04  0.0000E+00  1.0000E+00  0.0000E+00  0.0000E+00  0.0000E+00  0.0000E+00  0.0000E+00  0.0000E+00  0.0000E+00  0.0000E+00
  7.0000E+00  0.0000E+00  0.0000E+00  2.5650E-01  0.0000E+00  0.0000E+00  2.5650E+03  2.5650E+03  0.0000E+00  2.5650E-01  0.0000E+00  2.5650E-01  2.5650E+03
  7.0000E+00  2.5000E-01  0.0000E+00  7.8091E+00  0.0000E+00  4.1874E+00  1.6956E+00  1.7451E+00  0.0000E+00  7.8091E+00  4.1340E+00  3.6751E+00  1.6504E+00
  7.0000E+00  5.0000E-01  0.0000E+00  7.1369E+00  0.0000E+00  4.5178E+00  1.1038E+00  1.1697E+00  0.0000E+00  7.1369E+00  4.4412E+00  2.6957E+00  1.0489E+00
  7.0000E+00  7.5000E-01  0.0000E+00  5.7419E+00  0.0000E+00  4.3698E+00  5.6304E-01  6.3352E-01  0.0000E+00  5.7419E+00  4.2913E+00  1.4506E+00  5.3076E-01
  7.0000E+00  1.0000E+00  0.0000E+00  3.3131E+00  0.0000E+00  4.1701E+00 -4.8651E-01 -4.1464E-01  0.0000E+00  3.3131E+00  4.0943E+00 -7.8122E-01 -4.6105E-01
  7.0000E+00  2.0000E+00  0.0000E+00  1.1519E+00  0.0000E+00  3.4289E+00 -1.4134E+00 -1.3398E+00  0.0000E+00  1.1519E+00  3.3664E+00 -2.2145E+00 -1.3360E+00
  7.0000E+00  4.0000E+00  0.0000E+00  1.4944E+00  0.0000E+00  2.3109E+00 -7.8536E-01 -7.1287E-01  0.0000E+00  1.4944E+00  2.2688E+00 -7.7441E-01 -7.4514E-01
  7.0000E+00  8.0000E+00  0.0000E+00  9.3670E-01  0.0000E+00  1.0439E+00 -2.6713E-01 -2.0714E-01  0.0000E+00  9.3670E-01  1.0250E+00 -8.8305E-02 -2.6029E-01
  8.0000E+00  0.0000E+00  1.0000E+04  0.0000E+00  1.0000E+00  0.0000E+00  0.0000E+00  0.0000E+00  0.0000E+00  0.0000E+00  0.0000E+00  0.0000E+00  0.0000E+00
  8.0000E+00  0.0000E+00  0.0000E+00  2.9530E-01  0.0000E+00  0.0000E+00  2.9530E+03  2.9530E+03  0.0000E+00  2.9530E-01  0.0000E+00  2.9530E-01  2.9530E+03
  8.0000E+00  2.5000E-01  0.0000E+00  8.9260E+00  0.0000E+00  4.1408E+00  2.3558E+00  2.3316E+00  0.0000E+00  8.9260E+00  4.1340E+00  4.7920E+00  2.2647E+00
  8.0000E+00  5.0000E-01  0.0000E+00  5.0826E+00  0.0000E+00  4.4508E+00  3.1745E-01  2.8642E-01  0.0000E+00  5.0826E+00  4.4412E+00  6.4136E-01  2.8967E-01
  8.0000E+00  7.5000E-01  0.0000E+00  4.2234E+00  0.0000E+00  4.3010E+00 -2.8971E-03 -3.6411E-02  0.0000E+00  4.2234E+00  4.2913E+00 -6.7922E-02 -1.1401E-02
  8.0000E+00  1.0000E+00  0.0000E+00  2.6891E+00  0.0000E+00  4.1036E+00 -6.6073E-01 -6.9548E-01  0.0000E+00  2.6891E+00  4.0943E+00 -1.4052E+00 -6.2292E-01
  8.0000E+00  2.0000E+00  0.0000E+00  8.5280E-01  0.0000E+00  3.3740E+00 -1.4692E+00 -1.5077E+00  0.0000E+00  8.5280E-01  3.3664E+00 -2.5136E+00 -1.3739E+00
  8.0000E+00  4.0000E+00  0.0000E+00  1.5871E+00  0.0000E+00  2.2738E+00 -5.6421E-01 -6.0932E-01  0.0000E+00  1.5871E+00  2.2688E+00 -6.8171E-01 -5.3531E-01
  8.0000E+00  8.0000E+00  0.0000E+00  1.3353E+00  0.0000E+00  1.0271E+00  6.5859E-01  6.0540E-01  0.0000E+00  1.3353E+00  1.0250E+00  3.1029E-01  5.9563E-01
  9.0000E+00  0.0000E+00  1.0000E+04  0.0000E+00  1.0000E+00  0.0000E+00  0.0000E+00  0.0000E+00  0.0000E+00  0.0000E+00  0.0000E+00  0.0000E+00  0.0000E+00
  9.0000E+00  0.0000E+00  0.0000E+00  6.4110E-01  0.0000E+00  0.0000E+00  6.4110E+03  6.4110E+03  0.0000E+00  6.4110E-01  0.0000E+00  6.4110E-01  6.4110E+03
  9.0000E+00  2.5000E-01  0.0000E+00  4.6010E+00  0.0000E+00  3.9409E+00  2.2027E-01  3.3798E-01  0.0000E+00  4.6010E+00  4.1340E+00  4.6703E-01  2.0354E-01
  9.0000E+00  5.0000E-01  0.0000E+00  4.1105E+00  0.0000E+00  4.1699E+00 -1.8101E-01 -2.8745E-02  0.0000E+00  4.1105E+00  4.4412E+00 -3.3074E-01 -1.5956E-01
  9.0000E+00  7.5000E-01  0.0000E+00  4.0384E+00  0.0000E+00  4.0153E+00 -1.4890E-01  1.1616E-02  0.0000E+00  4.0384E+00  4.2913E+00 -2.5292E-01 -1.3082E-01
  9.0000E+00  1.0000E+00  0.0000E+00  4.8499E+00  0.0000E+00  3.8284E+00  3.7548E-01  5.3837E-01  0.0000E+00  4.8499E+00  4.0943E+00  7.5558E-01  3.2377E-01
  9.0000E+00  2.0000E+00  0.0000E+00  2.7472E+00  0.0000E+00  3.1467E+00 -4.2413E-01 -2.5617E-01  0.0000E+00  2.7472E+00  3.3664E+00 -6.1923E-01 -3.6880E-01
  9.0000E+00  4.0000E+00  0.0000E+00  2.1499E+00  0.0000E+00  2.1202E+00 -1.5065E-01  2.8226E-02  0.0000E+00  2.1499E+00  2.2688E+00 -1.1891E-01 -1.3158E-01
  9.0000E+00  8.0000E+00  0.0000E+00  1.6128E+00  0.0000E+00  9.5778E-01  1.1751E+00  1.3798E+00  0.0000E+00  1.6128E+00  1.0250E+00  5.8779E-01  1.0151E+00
  1.0000E+01  0.0000E+00  2.5000E+04  0.0000E+00  1.0000E+00  0.0000E+00  0.0000E+00  0.0000E+00  0.0000E+00  0.0000E+00  0.0000E+00  0.0000E+00  0.0000E+00
  1.0000E+01  0.0000E+00  0.0000E+00  5.4280E-01  0.0000E+00  0.0000E+00  5.4280E+03  5.4280E+03  0.0000E+00  5.4280E-01  0.0000E+00  5.4280E-01  5.4280E+03
  1.0000E+01  2.5000E-01  0.0000E+00  8.2588E+00  0.0000E+00  7.8641E+00 -1.4078E-01  1.0126E-01  0.0000E+00  8.2588E+00  1.0335E+01 -2.0761E+00 -1.5570E-01
  1.0000E+01  5.0000E-01  0.0000E+00  8.7963E+00  0.0000E+00  7.8869E+00 -5.2918E-02  2.3264E-01  0.0000E+00  8.7963E+00  1.1103E+01 -2.3068E+00 -9.8028E-02
  1.0000E+01  7.5000E-01  0.0000E+00  8.6617E+00  0.0000E+00  7.5294E+00  1.9645E-02  3.0343E-01  0.0000E+00  8.6617E+00  1.0728E+01 -2.0666E+00 -4.8368E-02
  1.0000E+01  1.0000E+00  0.0000E+00  5.0644E+00  0.0000E+00  7.1693E+00 -8.7004E-01 -5.9237E-01  0.0000E+00  5.0644E+00  1.0236E+01 -5.1714E+00 -6.2437E-01
  1.0000E+01  2.0000E+00  0.0000E+00  2.4789E+00  0.0000E+00  5.8868E+00 -1.4211E+00 -1.1680E+00  0.0000E+00  2.4789E+00  8.4161E+00 -5.9372E+00 -9.7629E-01
  1.0000E+01  4.0000E+00  0.0000E+00  3.6572E+00  0.0000E+00  3.9620E+00 -3.6695E-01 -1.5524E-01  0.0000E+00  3.6572E+00  5.6720E+00 -2.0148E+00 -2.8592E-01
  1.0000E+01  8.0000E+00  0.0000E+00  3.1282E+00  0.0000E+00  1.7881E+00  1.3482E+00  1.5121E+00  0.0000E+00  3.1282E+00  2.5625E+00  5.6569E-01  8.3272E-01
  1.1000E+01  0.0000E+00  2.5000E+04  0.0000E+00  1.0000E+00  0.0000E+00  0.0000E+00  0.0000E+00  0.0000E+00  0.0000E+00  0.0000E+00  0.0000E+00  0.0000E+00
  1.1000E+01  0.0000E+00  0.0000E+00  5.0200E-01  0.0000E+00  0.0000E+00  5.0200E+03  5.0200E+03  0.0000E+00  5.0200E-01  0.0000E+00  5.0200E-01  5.0200E+03
  1.1000E+01  2.5000E-01  0.0000E+00  9.2289E+00  0.0000E+00  6.2925E+00  4.1582E-01  9.4154E-01  0.0000E+00  9.2289E+00  1.0335E+01 -1.1060E+00  1.2696E-01
  1.1000E+01  5.0000E-01  0.0000E+00  9.6901E+00  0.0000E+00  6.1264E+00  6.0564E-01  1.1736E+00  0.0000E+00  9.6901E+00  1.1103E+01 -1.4130E+00  1.7844E-01
  1.1000E+01  7.5000E-01  0.0000E+00  5.2486E+00  0.0000E+00  5.8347E+00 -7.6113E-01 -2.0268E-01  0.0000E+00  5.2486E+00  1.0728E+01 -5.4797E+00 -5.1170E-01
  1.1000E+01  1.0000E+00  0.0000E+00  3.5084E+00  0.0000E+00  5.5539E+00 -1.2899E+00 -7.4309E-01  0.0000E+00  3.5084E+00  1.0236E+01 -6.7274E+00 -7.7180E-01
  1.1000E+01  2.0000E+00  0.0000E+00  1.8254E+00  0.0000E+00  4.5574E+00 -1.7104E+00 -1.2095E+00  0.0000E+00  1.8254E+00  8.4161E+00 -6.5907E+00 -9.7147E-01
  1.1000E+01  4.0000E+00  0.0000E+00  2.1519E+00  0.0000E+00  3.0646E+00 -1.0178E+00 -6.0088E-01  0.0000E+00  2.1519E+00  5.6720E+00 -3.5201E+00 -6.0594E-01
  1.1000E+01  8.0000E+00  0.0000E+00  1.3970E+00  0.0000E+00  1.3818E+00 -2.6721E-01  2.2145E-02  0.0000E+00  1.3970E+00  2.5625E+00 -1.1655E+00 -2.0461E-01
  1.2000E+01  0.0000E+00  2.5000E+04  0.0000E+00  1.0000E+00  0.0000E+00  0.0000E+00  0.0000E+00  0.0000E+00  0.0000E+00  0.0000E+00  0.0000E+00  0.0000E+00
  1.2000E+01  0.0000E+00  0.0000E+00  4.3620E-01  0.0000E+00  0.0000E+00  4.3620E+03  4.3620E+03  0.0000E+00  4.3620E-01  0.0000E+00  4.3620E-01  4.3620E+03
  1.2000E+01  2.5000E-01  0.0000E+00  7.5951E+00  0.0000E+00  6.0303E+00 -4.0106E-02  5.2356E-01  0.0000E+00  7.5951E+00  1.0335E+01 -2.7398E+00 -1.6296E-01
  1.2000E+01  5.0000E-01  0.0000E+00  7.3475E+00  0.0000E+00  5.8496E+00 -8.4836E-02  5.1663E-01  0.0000E+00  7.3475E+00  1.1103E+01 -3.7556E+00 -1.9794E-01
  1.2000E+01  7.5000E-01  0.0000E+00  6.3900E+00  0.0000E+00  5.5701E+00 -2.9420E-01  2.9697E-01  0.0000E+00  6.3900E+00  1.0728E+01 -4.3383E+00 -2.8924E-01
  1.2000E+01  1.0000E+00  0.0000E+00  3.4005E+00  0.0000E+00  5.3019E+00 -1.3029E+00 -7.2358E-01  0.0000E+00  3.4005E+00  1.0236E+01 -6.8353E+00 -7.6805E-01
  1.2000E+01  2.0000E+00  0.0000E+00  1.6606E+00  0.0000E+00  4.3504E+00 -1.7807E+00 -1.2475E+00  0.0000E+00  1.6606E+00  8.4161E+00 -6.7555E+00 -9.8439E-01
  1.2000E+01  4.0000E+00  0.0000E+00  2.7451E+00  0.0000E+00  2.9252E+00 -5.7572E-01 -1.2424E-01  0.0000E+00  2.7451E+00  5.6720E+00 -2.9269E+00 -3.8780E-01
  1.2000E+01  8.0000E+00  0.0000E+00  1.7550E+00  0.0000E+00  1.3190E+00  3.3078E-01  6.6687E-01  0.0000E+00  1.7550E+00  2.5625E+00 -8.0751E-01  7.3631E-02
