TABLE NO.  1
 ID          TIME        AMT         DV          MDV         IPRED       CWRES       IWRES       BQL         DV          PRED        RES         WRES
  1.0000E+00  0.0000E+00  1.0000E+04  0.0000E+00  1.0000E+00  0.0000E+00  0.0000E+00  0.0000E+00  0.0000E+00  0.0000E+00  0.0000E+00  0.0000E+00  0.0000E+00
  1.0000E+00  2.5000E-01  0.0000E+00  5.9483E+03  0.0000E+00  2.0230E+03  1.5672E+00  1.5672E+00  0.0000E+00  5.9483E+03  2.0230E+03  3.9253E+03  1.5672E+00
  1.0000E+00  5.0000E-01  0.0000E+00  1.6680E+03  0.0000E+00  1.5223E+03  7.7266E-02  7.7266E-02  0.0000E+00  1.6680E+03  1.5223E+03  1.4563E+02  7.7266E-02
  1.0000E+00  7.5000E-01  0.0000E+00  0.0000E+00  1.0000E+00  1.1455E+03  0.0000E+00 -8.0769E-01  1.0000E+00  0.0000E+00  1.1455E+03  0.0000E+00  0.0000E+00
  1.0000E+00  1.0000E+00  0.0000E+00  1.5447E+02  0.0000E+00  8.6201E+02 -6.6295E-01 -6.6295E-01  0.0000E+00  1.5447E+02  8.6201E+02 -7.0754E+02 -6.6295E-01
  1.0000E+00  2.0000E+00  0.0000E+00  3.8797E+01  0.0000E+00  2.7639E+02 -6.9431E-01 -6.9431E-01  0.0000E+00  3.8797E+01  2.7639E+02 -2.3760E+02 -6.9431E-01
  1.0000E+00  4.0000E+00  0.0000E+00  6.1040E+00  0.0000E+00  2.8416E+01 -6.3419E-01 -6.3419E-01  0.0000E+00  6.1040E+00  2.8416E+01 -2.2312E+01 -6.3419E-01
  1.0000E+00  8.0000E+00  0.0000E+00  7.6630E-01  0.0000E+00  3.0034E-01  1.2531E+00  1.2531E+00  0.0000E+00  7.6630E-01  3.0034E-01  4.6596E-01  1.2531E+00
  2.0000E+00  0.0000E+00  1.0000E+04  0.0000E+00  1.0000E+00  0.0000E+00  0.0000E+00  0.0000E+00  0.0000E+00  0.0000E+00  0.0000E+00  0.0000E+00  0.0000E+00
  2.0000E+00  2.5000E-01  0.0000E+00  9.2556E+03  0.0000E+00  2.0230E+03  2.8876E+00  2.8876E+00  0.0000E+00  9.2556E+03  2.0230E+03  7.2326E+03  2.8876E+00
  2.0000E+00  5.0000E-01  0.0000E+00  1.5856E+03  0.0000E+00  1.5223E+03  3.3568E-02  3.3568E-02  0.0000E+00  1.5856E+03  1.5223E+03  6.3269E+01  3.3568E-02
  2.0000E+00  7.5000E-01  0.0000E+00  5.6478E+02  0.0000E+00  1.1455E+03 -4.0948E-01 -4.0948E-01  0.0000E+00  5.6478E+02  1.1455E+03 -5.8076E+02 -4.0948E-01
  2.0000E+00  1.0000E+00  0.0000E+00  5.4729E+01  0.0000E+00  8.6201E+02 -7.5641E-01 -7.5641E-01  0.0000E+00  5.4729E+01  8.6201E+02 -8.0728E+02 -7.5641E-01
  2.0000E+00  2.0000E+00  0.0000E+00  6.1446E+00  0.0000E+00  2.7639E+02 -7.8973E-01 -7.8973E-01  0.0000E+00  6.1446E+00  2.7639E+02 -2.7025E+02 -7.8973E-01
  2.0000E+00  4.0000E+00  0.0000E+00  2.4249E+00  0.0000E+00  2.8416E+01 -7.3876E-01 -7.3876E-01  0.0000E+00  2.4249E+00  2.8416E+01 -2.5991E+01 -7.3876E-01
  2.0000E+00  8.0000E+00  0.0000E+00  6.7820E-01  0.0000E+00  3.0034E-01  1.0161E+00  1.0161E+00  0.0000E+00  6.7820E-01  3.0034E-01  3.7786E-01  1.0161E+00
  3.0000E+00  0.0000E+00  1.0000E+04  0.0000E+00  1.0000E+00  0.0000E+00  0.0000E+00  0.0000E+00  0.0000E+00  0.0000E+00  0.0000E+00  0.0000E+00  0.0000E+00
  3.0000E+00  2.5000E-01  0.0000E+00  3.1522E+03  0.0000E+00  2.0230E+03  4.5081E-01  4.5081E-01  0.0000E+00  3.1522E+03  2.0230E+03  1.1292E+03  4.5081E-01
  3.0000E+00  5.0000E-01  0.0000E+00  8.5389E+02  0.0000E+00  1.5223E+03 -3.5464E-01 -3.5464E-01  0.0000E+00  8.5389E+02  1.5223E+03 -6.6843E+02 -3.5464E-01
  3.0000E+00  7.5000E-01  0.0000E+00  1.6370E+02  0.0000E+00  1.1455E+03 -6.9227E-01 -6.9227E-01  0.0000E+00  1.6370E+02  1.1455E+03 -9.8184E+02 -6.9227E-01
  3.0000E+00  1.0000E+00  0.0000E+00  7.7905E+00  0.0000E+00  8.6201E+02 -8.0039E-01 -8.0039E-01  0.0000E+00  7.7905E+00  8.6201E+02 -8.5422E+02 -8.0039E-01
  3.0000E+00  2.0000E+00  0.0000E+00  6.0049E+00  0.0000E+00  2.7639E+02 -7.9014E-01 -7.9014E-01  0.0000E+00  6.0049E+00  2.7639E+02 -2.7039E+02 -7.9014E-01
  3.0000E+00  4.0000E+00  0.0000E+00  8.7410E-01  0.0000E+00  2.8416E+01 -7.8284E-01 -7.8284E-01  0.0000E+00  8.7410E-01  2.8416E+01 -2.7542E+01 -7.8284E-01
  3.0000E+00  8.0000E+00  0.0000E+00  6.0940E-01  0.0000E+00  3.0034E-01  8.3112E-01  8.3112E-01  0.0000E+00  6.0940E-01  3.0034E-01  3.0906E-01  8.3112E-01
