TABLE NO.  1
 ID          TIME        AMT         DV          MDV         IPRED       CWRES       IWRES       BQL         DV          PRED        RES         WRES
  1.0000E+00  0.0000E+00  2.9000E+04  0.0000E+00  1.0000E+00  0.0000E+00  0.0000E+00  0.0000E+00  0.0000E+00  0.0000E+00  1.0000E+00  0.0000E+00  0.0000E+00
  1.0000E+00  0.0000E+00  2.9000E+04  0.0000E+00  1.0000E+00  0.0000E+00  0.0000E+00  0.0000E+00  0.0000E+00  0.0000E+00  1.0000E+00  0.0000E+00  0.0000E+00
  1.0000E+00  0.0000E+00  0.0000E+00  0.0000E+00  0.0000E+00  0.0000E+00  0.0000E+00  0.0000E+00  0.0000E+00  0.0000E+00  1.0000E+00  0.0000E+00  0.0000E+00
  1.0000E+00  2.5000E-01  0.0000E+00  7.3000E-01  0.0000E+00  8.7502E+00  0.0000E+00 -8.9138E-01  0.0000E+00  7.3000E-01  1.9452E-01  0.0000E+00  0.0000E+00
  1.0000E+00  5.0000E-01  0.0000E+00  2.7500E+00  0.0000E+00  1.2109E+01  0.0000E+00 -7.5165E-01  0.0000E+00  2.7500E+00  1.2109E+01  0.0000E+00  0.0000E+00
  1.0000E+00  1.0000E+00  0.0000E+00  7.2700E+00  0.0000E+00  1.2609E+01  0.0000E+00 -4.1179E-01  0.0000E+00  7.2700E+00  1.2609E+01  0.0000E+00  0.0000E+00
  1.0000E+00  2.0000E+00  0.0000E+00  6.4500E+00  0.0000E+00  1.0047E+01  0.0000E+00 -3.4820E-01  0.0000E+00  6.4500E+00  1.0047E+01  0.0000E+00  0.0000E+00
  1.0000E+00  3.0000E+00  0.0000E+00  6.8500E+00  0.0000E+00  9.0291E+00  0.0000E+00 -2.3471E-01  0.0000E+00  6.8500E+00  9.0291E+00  0.0000E+00  0.0000E+00
  1.0000E+00  4.0000E+00  0.0000E+00  4.2300E+00  0.0000E+00  8.8065E+00  0.0000E+00 -5.0539E-01  0.0000E+00  4.2300E+00  8.8065E+00  0.0000E+00  0.0000E+00
  1.0000E+00  6.0000E+00  0.0000E+00  6.0300E+00  0.0000E+00  8.8038E+00  0.0000E+00 -3.0641E-01  0.0000E+00  6.0300E+00  8.8038E+00  0.0000E+00  0.0000E+00
  1.0000E+00  8.0000E+00  0.0000E+00  8.1100E+00  0.0000E+00  8.8491E+00  0.0000E+00 -8.1230E-02  0.0000E+00  8.1100E+00  8.8491E+00  0.0000E+00  0.0000E+00
  1.0000E+00  1.2000E+01  0.0000E+00  5.0000E-01  0.0000E+00  8.9125E+00  0.0000E+00 -9.1796E-01  1.0000E+00  5.0000E-01  1.9396E-01  0.0000E+00  0.0000E+00
  1.0000E+00  2.4000E+01  0.0000E+00  5.0000E-01  0.0000E+00  3.1088E-01  0.0000E+00  5.9163E-01  1.0000E+00  5.0000E-01  9.8445E-01  0.0000E+00  0.0000E+00
  2.0000E+00  0.0000E+00  2.9000E+04  0.0000E+00  1.0000E+00  0.0000E+00  0.0000E+00  0.0000E+00  0.0000E+00  0.0000E+00  1.0000E+00  0.0000E+00  0.0000E+00
  2.0000E+00  0.0000E+00  2.9000E+04  0.0000E+00  1.0000E+00  0.0000E+00  0.0000E+00  0.0000E+00  0.0000E+00  0.0000E+00  1.0000E+00  0.0000E+00  0.0000E+00
  2.0000E+00  0.0000E+00  0.0000E+00  0.0000E+00  0.0000E+00  0.0000E+00  0.0000E+00  0.0000E+00  0.0000E+00  0.0000E+00  1.0000E+00  0.0000E+00  0.0000E+00
  2.0000E+00  2.5000E-01  0.0000E+00  1.2000E-01  0.0000E+00  8.7502E+00  0.0000E+00 -9.5918E-01  0.0000E+00  1.2000E-01  1.9452E-01  0.0000E+00  0.0000E+00
  2.0000E+00  5.0000E-01  0.0000E+00  1.8000E-01  0.0000E+00  1.2109E+01  0.0000E+00 -9.5806E-01  0.0000E+00  1.8000E-01  1.8614E-01  0.0000E+00  0.0000E+00
  2.0000E+00  1.0000E+00  0.0000E+00  1.4000E-01  0.0000E+00  1.2609E+01  0.0000E+00 -9.6172E-01  0.0000E+00  1.4000E-01  1.8529E-01  0.0000E+00  0.0000E+00
  2.0000E+00  2.0000E+00  0.0000E+00  1.1700E+00  0.0000E+00  1.0047E+01  0.0000E+00 -8.5927E-01  0.0000E+00  1.1700E+00  1.0047E+01  0.0000E+00  0.0000E+00
  2.0000E+00  3.0000E+00  0.0000E+00  8.4000E+00  0.0000E+00  9.0291E+00  0.0000E+00 -6.7755E-02  0.0000E+00  8.4000E+00  9.0291E+00  0.0000E+00  0.0000E+00
  2.0000E+00  4.0000E+00  0.0000E+00  1.5500E+01  0.0000E+00  8.8065E+00  0.0000E+00  7.3917E-01  0.0000E+00  1.5500E+01  8.8065E+00  0.0000E+00  0.0000E+00
  2.0000E+00  6.0000E+00  0.0000E+00  8.5100E+00  0.0000E+00  8.8038E+00  0.0000E+00 -3.2460E-02  0.0000E+00  8.5100E+00  8.8038E+00  0.0000E+00  0.0000E+00
  2.0000E+00  8.0000E+00  0.0000E+00  6.0400E+00  0.0000E+00  8.8491E+00  0.0000E+00 -3.0872E-01  0.0000E+00  6.0400E+00  8.8491E+00  0.0000E+00  0.0000E+00
  2.0000E+00  1.2000E+01  0.0000E+00  5.0000E-01  0.0000E+00  8.9125E+00  0.0000E+00 -9.1796E-01  1.0000E+00  5.0000E-01  1.9396E-01  0.0000E+00  0.0000E+00
  2.0000E+00  2.4000E+01  0.0000E+00  5.0000E-01  0.0000E+00  3.1088E-01  0.0000E+00  5.9163E-01  1.0000E+00  5.0000E-01  9.8445E-01  0.0000E+00  0.0000E+00
  3.0000E+00  0.0000E+00  5.4500E+03  0.0000E+00  1.0000E+00  1.3660E+03  0.0000E+00 -9.7252E-01  0.0000E+00  0.0000E+00  1.6557E-01  0.0000E+00  0.0000E+00
  3.0000E+00  1.7000E-02  0.0000E+00  2.5500E+03  0.0000E+00  1.3256E+03  0.0000E+00  8.9834E-01  0.0000E+00  2.5500E+03  1.3256E+03  0.0000E+00  0.0000E+00
  3.0000E+00  8.3500E-02  0.0000E+00  2.1100E+03  0.0000E+00  1.1785E+03  0.0000E+00  7.6869E-01  0.0000E+00  2.1100E+03  1.1785E+03  0.0000E+00  0.0000E+00
  3.0000E+00  2.5000E-01  0.0000E+00  1.4600E+03  0.0000E+00  8.7822E+02  0.0000E+00  6.4425E-01  0.0000E+00  1.4600E+03  8.7822E+02  0.0000E+00  0.0000E+00
  3.0000E+00  5.0000E-01  0.0000E+00  8.5300E+02  0.0000E+00  5.6533E+02  0.0000E+00  4.9486E-01  0.0000E+00  8.5300E+02  5.6533E+02  0.0000E+00  0.0000E+00
  3.0000E+00  1.0000E+00  0.0000E+00  5.5500E+02  0.0000E+00  2.3583E+02  0.0000E+00  1.3162E+00  0.0000E+00  5.5500E+02  2.3583E+02  0.0000E+00  0.0000E+00
  3.0000E+00  2.0000E+00  0.0000E+00  1.0300E+02  0.0000E+00  4.4086E+01  0.0000E+00  1.2996E+00  0.0000E+00  1.0300E+02  4.4086E+01  0.0000E+00  0.0000E+00
  3.0000E+00  4.0000E+00  0.0000E+00  7.4100E+00  0.0000E+00  5.0688E+00  0.0000E+00  4.4920E-01  0.0000E+00  7.4100E+00  5.0688E+00  0.0000E+00  0.0000E+00
  3.0000E+00  6.0000E+00  0.0000E+00  4.4900E+00  0.0000E+00  3.0322E+00  0.0000E+00  4.6755E-01  0.0000E+00  4.4900E+00  3.0322E+00  0.0000E+00  0.0000E+00
  3.0000E+00  8.0000E+00  0.0000E+00  5.2500E+00  0.0000E+00  2.2758E+00  0.0000E+00  1.2709E+00  0.0000E+00  5.2500E+00  2.2758E+00  0.0000E+00  0.0000E+00
  3.0000E+00  1.2000E+01  0.0000E+00  2.4600E+00  0.0000E+00  1.3078E+00  0.0000E+00  8.5686E-01  0.0000E+00  2.4600E+00  1.3078E+00  0.0000E+00  0.0000E+00
  3.0000E+00  2.4000E+01  0.0000E+00  5.0000E-01  0.0000E+00  2.4844E-01  0.0000E+00  9.8474E-01  1.0000E+00  5.0000E-01  9.9837E-01  0.0000E+00  0.0000E+00
  4.0000E+00  0.0000E+00  5.9500E+03  0.0000E+00  1.0000E+00  1.4913E+03  0.0000E+00 -9.7252E-01  0.0000E+00  0.0000E+00  1.6556E-01  0.0000E+00  0.0000E+00
  4.0000E+00  1.7000E-02  0.0000E+00  2.3000E+03  0.0000E+00  1.4472E+03  0.0000E+00  5.7312E-01  0.0000E+00  2.3000E+03  1.4472E+03  0.0000E+00  0.0000E+00
  4.0000E+00  8.3500E-02  0.0000E+00  2.0000E+03  0.0000E+00  1.2866E+03  0.0000E+00  5.3923E-01  0.0000E+00  2.0000E+03  1.2866E+03  0.0000E+00  0.0000E+00
  4.0000E+00  2.5000E-01  0.0000E+00  1.2600E+03  0.0000E+00  9.5879E+02  0.0000E+00  3.0552E-01  0.0000E+00  1.2600E+03  9.5879E+02  0.0000E+00  0.0000E+00
  4.0000E+00  5.0000E-01  0.0000E+00  7.3500E+02  0.0000E+00  6.1720E+02  0.0000E+00  1.8562E-01  0.0000E+00  7.3500E+02  6.1720E+02  0.0000E+00  0.0000E+00
  4.0000E+00  1.0000E+00  0.0000E+00  4.3200E+02  0.0000E+00  2.5747E+02  0.0000E+00  6.5926E-01  0.0000E+00  4.3200E+02  2.5747E+02  0.0000E+00  0.0000E+00
  4.0000E+00  2.0000E+00  0.0000E+00  5.4600E+01  0.0000E+00  4.8131E+01  0.0000E+00  1.3072E-01  0.0000E+00  5.4600E+01  4.8131E+01  0.0000E+00  0.0000E+00
  4.0000E+00  4.0000E+00  0.0000E+00  7.2500E+00  0.0000E+00  5.5338E+00  0.0000E+00  3.0161E-01  0.0000E+00  7.2500E+00  5.5338E+00  0.0000E+00  0.0000E+00
  4.0000E+00  6.0000E+00  0.0000E+00  3.6500E+00  0.0000E+00  3.3104E+00  0.0000E+00  9.9765E-02  0.0000E+00  3.6500E+00  3.3104E+00  0.0000E+00  0.0000E+00
  4.0000E+00  8.0000E+00  0.0000E+00  3.3200E+00  0.0000E+00  2.4846E+00  0.0000E+00  3.2698E-01  0.0000E+00  3.3200E+00  2.4846E+00  0.0000E+00  0.0000E+00
  4.0000E+00  1.2000E+01  0.0000E+00  1.6100E+00  0.0000E+00  1.4277E+00  0.0000E+00  1.2415E-01  0.0000E+00  1.6100E+00  1.4277E+00  0.0000E+00  0.0000E+00
  4.0000E+00  2.4000E+01  0.0000E+00  5.0000E-01  0.0000E+00  2.7123E-01  0.0000E+00  8.2027E-01  1.0000E+00  5.0000E-01  9.9551E-01  0.0000E+00  0.0000E+00
  5.0000E+00  0.0000E+00  6.1000E+03  0.0000E+00  1.0000E+00  1.5289E+03  0.0000E+00 -9.7252E-01  0.0000E+00  0.0000E+00  1.6555E-01  0.0000E+00  0.0000E+00
  5.0000E+00  1.7000E-02  0.0000E+00  2.6900E+03  0.0000E+00  1.4836E+03  0.0000E+00  7.9075E-01  0.0000E+00  2.6900E+03  1.4836E+03  0.0000E+00  0.0000E+00
  5.0000E+00  8.3500E-02  0.0000E+00  2.0500E+03  0.0000E+00  1.3191E+03  0.0000E+00  5.3892E-01  0.0000E+00  2.0500E+03  1.3191E+03  0.0000E+00  0.0000E+00
  5.0000E+00  2.5000E-01  0.0000E+00  1.1600E+03  0.0000E+00  9.8296E+02  0.0000E+00  1.7516E-01  0.0000E+00  1.1600E+03  9.8296E+02  0.0000E+00  0.0000E+00
  5.0000E+00  5.0000E-01  0.0000E+00  8.2000E+02  0.0000E+00  6.3276E+02  0.0000E+00  2.8778E-01  0.0000E+00  8.2000E+02  6.3276E+02  0.0000E+00  0.0000E+00
  5.0000E+00  1.0000E+00  0.0000E+00  4.5600E+02  0.0000E+00  2.6396E+02  0.0000E+00  7.0756E-01  0.0000E+00  4.5600E+02  2.6396E+02  0.0000E+00  0.0000E+00
  5.0000E+00  2.0000E+00  0.0000E+00  5.7800E+01  0.0000E+00  4.9344E+01  0.0000E+00  1.6666E-01  0.0000E+00  5.7800E+01  4.9344E+01  0.0000E+00  0.0000E+00
  5.0000E+00  4.0000E+00  0.0000E+00  6.8700E+00  0.0000E+00  5.6733E+00  0.0000E+00  2.0514E-01  0.0000E+00  6.8700E+00  5.6733E+00  0.0000E+00  0.0000E+00
  5.0000E+00  6.0000E+00  0.0000E+00  6.0500E+00  0.0000E+00  3.3939E+00  0.0000E+00  7.6112E-01  0.0000E+00  6.0500E+00  3.3939E+00  0.0000E+00  0.0000E+00
  5.0000E+00  8.0000E+00  0.0000E+00  6.1100E+00  0.0000E+00  2.5473E+00  0.0000E+00  1.3602E+00  0.0000E+00  6.1100E+00  2.5473E+00  0.0000E+00  0.0000E+00
  5.0000E+00  1.2000E+01  0.0000E+00  1.7100E+00  0.0000E+00  1.4637E+00  0.0000E+00  1.6362E-01  0.0000E+00  1.7100E+00  1.4637E+00  0.0000E+00  0.0000E+00
  5.0000E+00  2.4000E+01  0.0000E+00  5.0000E-01  0.0000E+00  2.7807E-01  0.0000E+00  7.7618E-01  1.0000E+00  5.0000E-01  9.9421E-01  0.0000E+00  0.0000E+00
  6.0000E+00  0.0000E+00  2.1800E+04  0.0000E+00  1.0000E+00  0.0000E+00  0.0000E+00  0.0000E+00  0.0000E+00  0.0000E+00  1.0000E+00  0.0000E+00  0.0000E+00
  6.0000E+00  0.0000E+00  2.1800E+04  0.0000E+00  1.0000E+00  0.0000E+00  0.0000E+00  0.0000E+00  0.0000E+00  0.0000E+00  1.0000E+00  0.0000E+00  0.0000E+00
  6.0000E+00  0.0000E+00  0.0000E+00  0.0000E+00  0.0000E+00  0.0000E+00  0.0000E+00  0.0000E+00  0.0000E+00  0.0000E+00  1.0000E+00  0.0000E+00  0.0000E+00
  6.0000E+00  2.5000E-01  0.0000E+00  0.0000E+00  0.0000E+00  6.5777E+00  0.0000E+00 -9.7252E-01  0.0000E+00  0.0000E+00  2.0478E-01  0.0000E+00  0.0000E+00
  6.0000E+00  5.0000E-01  0.0000E+00  1.3900E+00  0.0000E+00  9.1024E+00  0.0000E+00 -8.2401E-01  0.0000E+00  1.3900E+00  9.1024E+00  0.0000E+00  0.0000E+00
  6.0000E+00  1.0000E+00  0.0000E+00  9.5800E+00  0.0000E+00  9.4784E+00  0.0000E+00  1.0419E-02  0.0000E+00  9.5800E+00  9.4784E+00  0.0000E+00  0.0000E+00
  6.0000E+00  2.0000E+00  0.0000E+00  9.5100E+00  0.0000E+00  7.5528E+00  0.0000E+00  2.5201E-01  0.0000E+00  9.5100E+00  7.5528E+00  0.0000E+00  0.0000E+00
  6.0000E+00  4.0000E+00  0.0000E+00  4.9900E+00  0.0000E+00  6.6201E+00  0.0000E+00 -2.3947E-01  0.0000E+00  4.9900E+00  6.6201E+00  0.0000E+00  0.0000E+00
  6.0000E+00  6.0000E+00  0.0000E+00  3.2100E+00  0.0000E+00  6.6181E+00  0.0000E+00 -5.0081E-01  0.0000E+00  3.2100E+00  6.6181E+00  0.0000E+00  0.0000E+00
  6.0000E+00  8.0000E+00  0.0000E+00  9.1800E+00  0.0000E+00  6.6521E+00  0.0000E+00  3.6957E-01  0.0000E+00  9.1800E+00  6.6521E+00  0.0000E+00  0.0000E+00
  6.0000E+00  1.2000E+01  0.0000E+00  3.8300E+00  0.0000E+00  6.6998E+00  0.0000E+00 -4.1657E-01  0.0000E+00  3.8300E+00  6.6998E+00  0.0000E+00  0.0000E+00
  6.0000E+00  2.4000E+01  0.0000E+00  5.0000E-01  0.0000E+00  2.3369E-01  0.0000E+00  1.1082E+00  1.0000E+00  5.0000E-01  9.9929E-01  0.0000E+00  0.0000E+00
  7.0000E+00  0.0000E+00  2.3800E+04  0.0000E+00  1.0000E+00  0.0000E+00  0.0000E+00  0.0000E+00  0.0000E+00  0.0000E+00  1.0000E+00  0.0000E+00  0.0000E+00
  7.0000E+00  0.0000E+00  2.3800E+04  0.0000E+00  1.0000E+00  0.0000E+00  0.0000E+00  0.0000E+00  0.0000E+00  0.0000E+00  1.0000E+00  0.0000E+00  0.0000E+00
  7.0000E+00  0.0000E+00  0.0000E+00  0.0000E+00  0.0000E+00  0.0000E+00  0.0000E+00  0.0000E+00  0.0000E+00  0.0000E+00  1.0000E+00  0.0000E+00  0.0000E+00
  7.0000E+00  2.5000E-01  0.0000E+00  2.7200E+00  0.0000E+00  7.1812E+00  0.0000E+00 -6.0416E-01  0.0000E+00  2.7200E+00  7.1812E+00  0.0000E+00  0.0000E+00
  7.0000E+00  5.0000E-01  0.0000E+00  3.0600E+00  0.0000E+00  9.9375E+00  0.0000E+00 -6.7306E-01  0.0000E+00  3.0600E+00  9.9375E+00  0.0000E+00  0.0000E+00
  7.0000E+00  1.0000E+00  0.0000E+00  5.3900E+00  0.0000E+00  1.0348E+01  0.0000E+00 -4.6596E-01  0.0000E+00  5.3900E+00  1.0348E+01  0.0000E+00  0.0000E+00
  7.0000E+00  2.0000E+00  0.0000E+00  2.4700E+01  0.0000E+00  8.2458E+00  0.0000E+00  1.9406E+00  0.0000E+00  2.4700E+01  8.2458E+00  0.0000E+00  0.0000E+00
  7.0000E+00  4.0000E+00  0.0000E+00  3.7600E+00  0.0000E+00  7.2274E+00  0.0000E+00 -4.6657E-01  0.0000E+00  3.7600E+00  7.2274E+00  0.0000E+00  0.0000E+00
  7.0000E+00  6.0000E+00  0.0000E+00  3.1900E+00  0.0000E+00  7.2252E+00  0.0000E+00 -5.4314E-01  0.0000E+00  3.1900E+00  7.2252E+00  0.0000E+00  0.0000E+00
  7.0000E+00  8.0000E+00  0.0000E+00  6.4300E+00  0.0000E+00  7.2624E+00  0.0000E+00 -1.1147E-01  0.0000E+00  6.4300E+00  7.2624E+00  0.0000E+00  0.0000E+00
  7.0000E+00  1.2000E+01  0.0000E+00  4.9200E+00  0.0000E+00  7.3144E+00  0.0000E+00 -3.1836E-01  0.0000E+00  4.9200E+00  7.3144E+00  0.0000E+00  0.0000E+00
  7.0000E+00  2.4000E+01  0.0000E+00  5.0000E-01  0.0000E+00  2.5513E-01  0.0000E+00  9.3337E-01  1.0000E+00  5.0000E-01  9.9774E-01  0.0000E+00  0.0000E+00
  8.0000E+00  0.0000E+00  2.4400E+04  0.0000E+00  1.0000E+00  0.0000E+00  0.0000E+00  0.0000E+00  0.0000E+00  0.0000E+00  1.0000E+00  0.0000E+00  0.0000E+00
  8.0000E+00  0.0000E+00  2.4400E+04  0.0000E+00  1.0000E+00  0.0000E+00  0.0000E+00  0.0000E+00  0.0000E+00  0.0000E+00  1.0000E+00  0.0000E+00  0.0000E+00
  8.0000E+00  0.0000E+00  0.0000E+00  0.0000E+00  0.0000E+00  0.0000E+00  0.0000E+00  0.0000E+00  0.0000E+00  0.0000E+00  1.0000E+00  0.0000E+00  0.0000E+00
  8.0000E+00  2.5000E-01  0.0000E+00  4.4400E+00  0.0000E+00  7.3622E+00  0.0000E+00 -3.8601E-01  0.0000E+00  4.4400E+00  7.3622E+00  0.0000E+00  0.0000E+00
  8.0000E+00  5.0000E-01  0.0000E+00  9.7200E+00  0.0000E+00  1.0188E+01  0.0000E+00 -4.4678E-02  0.0000E+00  9.7200E+00  1.0188E+01  0.0000E+00  0.0000E+00
  8.0000E+00  1.0000E+00  0.0000E+00  1.7700E+01  0.0000E+00  1.0609E+01  0.0000E+00  6.5004E-01  0.0000E+00  1.7700E+01  1.0609E+01  0.0000E+00  0.0000E+00
  8.0000E+00  2.0000E+00  0.0000E+00  7.3400E+00  0.0000E+00  8.4536E+00  0.0000E+00 -1.2812E-01  0.0000E+00  7.3400E+00  8.4536E+00  0.0000E+00  0.0000E+00
  8.0000E+00  4.0000E+00  0.0000E+00  4.9900E+00  0.0000E+00  7.4096E+00  0.0000E+00 -3.1758E-01  0.0000E+00  4.9900E+00  7.4096E+00  0.0000E+00  0.0000E+00
  8.0000E+00  6.0000E+00  0.0000E+00  6.1800E+00  0.0000E+00  7.4074E+00  0.0000E+00 -1.6114E-01  0.0000E+00  6.1800E+00  7.4074E+00  0.0000E+00  0.0000E+00
  8.0000E+00  8.0000E+00  0.0000E+00  4.5600E+00  0.0000E+00  7.4455E+00  0.0000E+00 -3.7690E-01  0.0000E+00  4.5600E+00  7.4455E+00  0.0000E+00  0.0000E+00
  8.0000E+00  1.2000E+01  0.0000E+00  5.4200E+00  0.0000E+00  7.4988E+00  0.0000E+00 -2.6960E-01  0.0000E+00  5.4200E+00  7.4988E+00  0.0000E+00  0.0000E+00
  8.0000E+00  2.4000E+01  0.0000E+00  5.0000E-01  0.0000E+00  2.6157E-01  0.0000E+00  8.8651E-01  1.0000E+00  5.0000E-01  9.9698E-01  0.0000E+00  0.0000E+00
  9.0000E+00  0.0000E+00  6.5700E+04  0.0000E+00  1.0000E+00  0.0000E+00  0.0000E+00  0.0000E+00  0.0000E+00  0.0000E+00  1.0000E+00  0.0000E+00  0.0000E+00
  9.0000E+00  0.0000E+00  6.5700E+04  0.0000E+00  1.0000E+00  0.0000E+00  0.0000E+00  0.0000E+00  0.0000E+00  0.0000E+00  1.0000E+00  0.0000E+00  0.0000E+00
  9.0000E+00  0.0000E+00  0.0000E+00  0.0000E+00  0.0000E+00  0.0000E+00  0.0000E+00  0.0000E+00  0.0000E+00  0.0000E+00  1.0000E+00  0.0000E+00  0.0000E+00
  9.0000E+00  2.5000E-01  0.0000E+00  6.1100E+01  0.0000E+00  1.9824E+01  0.0000E+00  2.0249E+00  0.0000E+00  6.1100E+01  1.9824E+01  0.0000E+00  0.0000E+00
  9.0000E+00  5.0000E-01  0.0000E+00  1.5100E+02  0.0000E+00  2.7433E+01  0.0000E+00  4.3806E+00  0.0000E+00  1.5100E+02  2.7433E+01  0.0000E+00  0.0000E+00
  9.0000E+00  1.0000E+00  0.0000E+00  6.1800E+01  0.0000E+00  2.8566E+01  0.0000E+00  1.1315E+00  0.0000E+00  6.1800E+01  2.8566E+01  0.0000E+00  0.0000E+00
  9.0000E+00  2.0000E+00  0.0000E+00  2.9100E+01  0.0000E+00  2.2762E+01  0.0000E+00  2.7077E-01  0.0000E+00  2.9100E+01  2.2762E+01  0.0000E+00  0.0000E+00
  9.0000E+00  4.0000E+00  0.0000E+00  1.2200E+01  0.0000E+00  1.9951E+01  0.0000E+00 -3.7783E-01  0.0000E+00  1.2200E+01  1.9951E+01  0.0000E+00  0.0000E+00
  9.0000E+00  6.0000E+00  0.0000E+00  3.5300E+01  0.0000E+00  1.9945E+01  0.0000E+00  7.4869E-01  0.0000E+00  3.5300E+01  1.9945E+01  0.0000E+00  0.0000E+00
  9.0000E+00  8.0000E+00  0.0000E+00  3.1900E+01  0.0000E+00  2.0048E+01  0.0000E+00  5.7495E-01  0.0000E+00  3.1900E+01  2.0048E+01  0.0000E+00  0.0000E+00
  9.0000E+00  1.2000E+01  0.0000E+00  2.0000E+01  0.0000E+00  2.0192E+01  0.0000E+00 -9.2243E-03  0.0000E+00  2.0000E+01  2.0192E+01  0.0000E+00  0.0000E+00
  9.0000E+00  2.4000E+01  0.0000E+00  5.0000E-01  0.0000E+00  7.0430E-01  0.0000E+00 -2.8210E-01  1.0000E+00  5.0000E-01  6.5848E-01  0.0000E+00  0.0000E+00
  1.0000E+01  0.0000E+00  7.0500E+04  0.0000E+00  1.0000E+00  0.0000E+00  0.0000E+00  0.0000E+00  0.0000E+00  0.0000E+00  1.0000E+00  0.0000E+00  0.0000E+00
  1.0000E+01  0.0000E+00  7.0500E+04  0.0000E+00  1.0000E+00  0.0000E+00  0.0000E+00  0.0000E+00  0.0000E+00  0.0000E+00  1.0000E+00  0.0000E+00  0.0000E+00
  1.0000E+01  0.0000E+00  0.0000E+00  0.0000E+00  0.0000E+00  0.0000E+00  0.0000E+00  0.0000E+00  0.0000E+00  0.0000E+00  1.0000E+00  0.0000E+00  0.0000E+00
  1.0000E+01  2.5000E-01  0.0000E+00  7.4900E+00  0.0000E+00  2.1272E+01  0.0000E+00 -6.3009E-01  0.0000E+00  7.4900E+00  2.1272E+01  0.0000E+00  0.0000E+00
  1.0000E+01  5.0000E-01  0.0000E+00  1.1400E+01  0.0000E+00  2.9437E+01  0.0000E+00 -5.9589E-01  0.0000E+00  1.1400E+01  2.9437E+01  0.0000E+00  0.0000E+00
  1.0000E+01  1.0000E+00  0.0000E+00  4.4700E+01  0.0000E+00  3.0653E+01  0.0000E+00  4.4567E-01  0.0000E+00  4.4700E+01  3.0653E+01  0.0000E+00  0.0000E+00
  1.0000E+01  2.0000E+00  0.0000E+00  4.1200E+01  0.0000E+00  2.4425E+01  0.0000E+00  6.6789E-01  0.0000E+00  4.1200E+01  2.4425E+01  0.0000E+00  0.0000E+00
  1.0000E+01  4.0000E+00  0.0000E+00  4.5400E+01  0.0000E+00  2.1409E+01  0.0000E+00  1.0898E+00  0.0000E+00  4.5400E+01  2.1409E+01  0.0000E+00  0.0000E+00
  1.0000E+01  6.0000E+00  0.0000E+00  7.5200E+01  0.0000E+00  2.1402E+01  0.0000E+00  2.4445E+00  0.0000E+00  7.5200E+01  2.1402E+01  0.0000E+00  0.0000E+00
  1.0000E+01  8.0000E+00  0.0000E+00  7.7200E+01  0.0000E+00  2.1513E+01  0.0000E+00  2.5175E+00  0.0000E+00  7.7200E+01  2.1513E+01  0.0000E+00  0.0000E+00
  1.0000E+01  1.2000E+01  0.0000E+00  4.3900E+01  0.0000E+00  2.1667E+01  0.0000E+00  9.9795E-01  0.0000E+00  4.3900E+01  2.1667E+01  0.0000E+00  0.0000E+00
  1.0000E+01  2.4000E+01  0.0000E+00  5.0000E-01  0.0000E+00  7.5576E-01  0.0000E+00 -3.2911E-01  1.0000E+00  5.0000E-01  6.2335E-01  0.0000E+00  0.0000E+00
  1.1000E+01  0.0000E+00  7.8600E+04  0.0000E+00  1.0000E+00  0.0000E+00  0.0000E+00  0.0000E+00  0.0000E+00  0.0000E+00  1.0000E+00  0.0000E+00  0.0000E+00
  1.1000E+01  0.0000E+00  7.8600E+04  0.0000E+00  1.0000E+00  0.0000E+00  0.0000E+00  0.0000E+00  0.0000E+00  0.0000E+00  1.0000E+00  0.0000E+00  0.0000E+00
  1.1000E+01  0.0000E+00  0.0000E+00  0.0000E+00  0.0000E+00  0.0000E+00  0.0000E+00  0.0000E+00  0.0000E+00  0.0000E+00  1.0000E+00  0.0000E+00  0.0000E+00
  1.1000E+01  2.5000E-01  0.0000E+00  4.7300E+00  0.0000E+00  2.3716E+01  0.0000E+00 -7.7856E-01  0.0000E+00  4.7300E+00  2.3716E+01  0.0000E+00  0.0000E+00
  1.1000E+01  5.0000E-01  0.0000E+00  8.1400E+00  0.0000E+00  3.2819E+01  0.0000E+00 -7.3131E-01  0.0000E+00  8.1400E+00  3.2819E+01  0.0000E+00  0.0000E+00
  1.1000E+01  1.0000E+00  0.0000E+00  1.2200E+01  0.0000E+00  3.4175E+01  0.0000E+00 -6.2534E-01  0.0000E+00  1.2200E+01  3.4175E+01  0.0000E+00  0.0000E+00
  1.1000E+01  2.0000E+00  0.0000E+00  1.1000E+02  0.0000E+00  2.7232E+01  0.0000E+00  2.9559E+00  0.0000E+00  1.1000E+02  2.7232E+01  0.0000E+00  0.0000E+00
  1.1000E+01  4.0000E+00  0.0000E+00  1.7000E+01  0.0000E+00  2.3869E+01  0.0000E+00 -2.7986E-01  0.0000E+00  1.7000E+01  2.3869E+01  0.0000E+00  0.0000E+00
  1.1000E+01  6.0000E+00  0.0000E+00  1.3500E+01  0.0000E+00  2.3861E+01  0.0000E+00 -4.2230E-01  0.0000E+00  1.3500E+01  2.3861E+01  0.0000E+00  0.0000E+00
  1.1000E+01  8.0000E+00  0.0000E+00  4.1300E+01  0.0000E+00  2.3984E+01  0.0000E+00  7.0213E-01  0.0000E+00  4.1300E+01  2.3984E+01  0.0000E+00  0.0000E+00
  1.1000E+01  1.2000E+01  0.0000E+00  4.7700E+01  0.0000E+00  2.4156E+01  0.0000E+00  9.4787E-01  0.0000E+00  4.7700E+01  2.4156E+01  0.0000E+00  0.0000E+00
  1.1000E+01  2.4000E+01  0.0000E+00  5.0000E-01  0.0000E+00  8.4259E-01  0.0000E+00 -3.9542E-01  1.0000E+00  5.0000E-01  5.7209E-01  0.0000E+00  0.0000E+00
  1.2000E+01  0.0000E+00  6.4500E+04  0.0000E+00  1.0000E+00  0.0000E+00  0.0000E+00  0.0000E+00  0.0000E+00  0.0000E+00  1.0000E+00  0.0000E+00  0.0000E+00
  1.2000E+01  0.0000E+00  6.4500E+04  0.0000E+00  1.0000E+00  0.0000E+00  0.0000E+00  0.0000E+00  0.0000E+00  0.0000E+00  1.0000E+00  0.0000E+00  0.0000E+00
  1.2000E+01  0.0000E+00  0.0000E+00  0.0000E+00  0.0000E+00  0.0000E+00  0.0000E+00  0.0000E+00  0.0000E+00  0.0000E+00  1.0000E+00  0.0000E+00  0.0000E+00
  1.2000E+01  2.5000E-01  0.0000E+00  0.0000E+00  0.0000E+00  1.9462E+01  0.0000E+00 -9.7252E-01  0.0000E+00  0.0000E+00  1.7812E-01  0.0000E+00  0.0000E+00
  1.2000E+01  5.0000E-01  0.0000E+00  0.0000E+00  0.0000E+00  2.6932E+01  0.0000E+00 -9.7252E-01  0.0000E+00  0.0000E+00  1.7453E-01  0.0000E+00  0.0000E+00
  1.2000E+01  1.0000E+00  0.0000E+00  1.6800E+00  0.0000E+00  2.8044E+01  0.0000E+00 -9.1426E-01  0.0000E+00  1.6800E+00  2.8044E+01  0.0000E+00  0.0000E+00
  1.2000E+01  2.0000E+00  0.0000E+00  4.5500E+00  0.0000E+00  2.2347E+01  0.0000E+00 -7.7450E-01  0.0000E+00  4.5500E+00  2.2347E+01  0.0000E+00  0.0000E+00
  1.2000E+01  4.0000E+00  0.0000E+00  8.0700E+00  0.0000E+00  1.9587E+01  0.0000E+00 -5.7183E-01  0.0000E+00  8.0700E+00  1.9587E+01  0.0000E+00  0.0000E+00
  1.2000E+01  6.0000E+00  0.0000E+00  1.6500E+01  0.0000E+00  1.9581E+01  0.0000E+00 -1.5302E-01  0.0000E+00  1.6500E+01  1.9581E+01  0.0000E+00  0.0000E+00
  1.2000E+01  8.0000E+00  0.0000E+00  8.9500E+00  0.0000E+00  1.9682E+01  0.0000E+00 -5.3028E-01  0.0000E+00  8.9500E+00  1.9682E+01  0.0000E+00  0.0000E+00
  1.2000E+01  1.2000E+01  0.0000E+00  9.3700E+00  0.0000E+00  1.9823E+01  0.0000E+00 -5.1282E-01  0.0000E+00  9.3700E+00  1.9823E+01  0.0000E+00  0.0000E+00
  1.2000E+01  2.4000E+01  0.0000E+00  1.8200E+00  0.0000E+00  6.9144E-01  0.0000E+00  1.5873E+00  0.0000E+00  1.8200E+00  6.9144E-01  0.0000E+00  0.0000E+00
  1.3000E+01  0.0000E+00  6.6900E+04  0.0000E+00  1.0000E+00  0.0000E+00  0.0000E+00  0.0000E+00  0.0000E+00  0.0000E+00  1.0000E+00  0.0000E+00  0.0000E+00
  1.3000E+01  0.0000E+00  6.6900E+04  0.0000E+00  1.0000E+00  0.0000E+00  0.0000E+00  0.0000E+00  0.0000E+00  0.0000E+00  1.0000E+00  0.0000E+00  0.0000E+00
  1.3000E+01  0.0000E+00  0.0000E+00  0.0000E+00  0.0000E+00  0.0000E+00  0.0000E+00  0.0000E+00  0.0000E+00  0.0000E+00  1.0000E+00  0.0000E+00  0.0000E+00
  1.3000E+01  2.5000E-01  0.0000E+00  2.8600E+00  0.0000E+00  2.0186E+01  0.0000E+00 -8.3473E-01  0.0000E+00  2.8600E+00  2.0186E+01  0.0000E+00  0.0000E+00
  1.3000E+01  5.0000E-01  0.0000E+00  5.9700E+00  0.0000E+00  2.7934E+01  0.0000E+00 -7.6467E-01  0.0000E+00  5.9700E+00  2.7934E+01  0.0000E+00  0.0000E+00
  1.3000E+01  1.0000E+00  0.0000E+00  9.6700E+00  0.0000E+00  2.9088E+01  0.0000E+00 -6.4921E-01  0.0000E+00  9.6700E+00  2.9088E+01  0.0000E+00  0.0000E+00
  1.3000E+01  2.0000E+00  0.0000E+00  8.9800E+00  0.0000E+00  2.3178E+01  0.0000E+00 -5.9573E-01  0.0000E+00  8.9800E+00  2.3178E+01  0.0000E+00  0.0000E+00
  1.3000E+01  4.0000E+00  0.0000E+00  1.7100E+01  0.0000E+00  2.0316E+01  0.0000E+00 -1.5394E-01  0.0000E+00  1.7100E+01  2.0316E+01  0.0000E+00  0.0000E+00
  1.3000E+01  6.0000E+00  0.0000E+00  2.7500E+01  0.0000E+00  2.0310E+01  0.0000E+00  3.4431E-01  0.0000E+00  2.7500E+01  2.0310E+01  0.0000E+00  0.0000E+00
  1.3000E+01  8.0000E+00  0.0000E+00  1.5000E+01  0.0000E+00  2.0414E+01  0.0000E+00 -2.5792E-01  0.0000E+00  1.5000E+01  2.0414E+01  0.0000E+00  0.0000E+00
  1.3000E+01  1.2000E+01  0.0000E+00  7.1400E+00  0.0000E+00  2.0560E+01  0.0000E+00 -6.3479E-01  0.0000E+00  7.1400E+00  2.0560E+01  0.0000E+00  0.0000E+00
  1.3000E+01  2.4000E+01  0.0000E+00  1.4000E+00  0.0000E+00  7.1716E-01  0.0000E+00  9.2596E-01  0.0000E+00  1.4000E+00  7.1716E-01  0.0000E+00  0.0000E+00
  1.4000E+01  0.0000E+00  7.7400E+04  0.0000E+00  1.0000E+00  0.0000E+00  0.0000E+00  0.0000E+00  0.0000E+00  0.0000E+00  1.0000E+00  0.0000E+00  0.0000E+00
  1.4000E+01  0.0000E+00  7.7400E+04  0.0000E+00  1.0000E+00  0.0000E+00  0.0000E+00  0.0000E+00  0.0000E+00  0.0000E+00  1.0000E+00  0.0000E+00  0.0000E+00
  1.4000E+01  0.0000E+00  0.0000E+00  0.0000E+00  0.0000E+00  0.0000E+00  0.0000E+00  0.0000E+00  0.0000E+00  0.0000E+00  1.0000E+00  0.0000E+00  0.0000E+00
  1.4000E+01  2.5000E-01  0.0000E+00  0.0000E+00  0.0000E+00  2.3354E+01  0.0000E+00 -9.7252E-01  0.0000E+00  0.0000E+00  1.7596E-01  0.0000E+00  0.0000E+00
  1.4000E+01  5.0000E-01  0.0000E+00  0.0000E+00  0.0000E+00  3.2318E+01  0.0000E+00 -9.7252E-01  0.0000E+00  0.0000E+00  1.7299E-01  0.0000E+00  0.0000E+00
  1.4000E+01  1.0000E+00  0.0000E+00  5.9400E+00  0.0000E+00  3.3653E+01  0.0000E+00 -8.0086E-01  0.0000E+00  5.9400E+00  3.3653E+01  0.0000E+00  0.0000E+00
  1.4000E+01  2.0000E+00  0.0000E+00  9.3600E+00  0.0000E+00  2.6816E+01  0.0000E+00 -6.3307E-01  0.0000E+00  9.3600E+00  2.6816E+01  0.0000E+00  0.0000E+00
  1.4000E+01  4.0000E+00  0.0000E+00  8.7400E+00  0.0000E+00  2.3504E+01  0.0000E+00 -6.1089E-01  0.0000E+00  8.7400E+00  2.3504E+01  0.0000E+00  0.0000E+00
  1.4000E+01  6.0000E+00  0.0000E+00  1.6700E+01  0.0000E+00  2.3497E+01  0.0000E+00 -2.8133E-01  0.0000E+00  1.6700E+01  2.3497E+01  0.0000E+00  0.0000E+00
  1.4000E+01  8.0000E+00  0.0000E+00  8.7500E+00  0.0000E+00  2.3618E+01  0.0000E+00 -6.1222E-01  0.0000E+00  8.7500E+00  2.3618E+01  0.0000E+00  0.0000E+00
  1.4000E+01  1.2000E+01  0.0000E+00  3.6200E+00  0.0000E+00  2.3787E+01  0.0000E+00 -8.2452E-01  0.0000E+00  3.6200E+00  2.3787E+01  0.0000E+00  0.0000E+00
  1.4000E+01  2.4000E+01  0.0000E+00  1.4600E+00  0.0000E+00  8.2972E-01  0.0000E+00  7.3874E-01  0.0000E+00  1.4600E+00  8.2972E-01  0.0000E+00  0.0000E+00
  1.5000E+01  0.0000E+00  2.2700E+05  0.0000E+00  1.0000E+00  0.0000E+00  0.0000E+00  0.0000E+00  0.0000E+00  0.0000E+00  1.0000E+00  0.0000E+00  0.0000E+00
  1.5000E+01  0.0000E+00  2.2700E+05  0.0000E+00  1.0000E+00  0.0000E+00  0.0000E+00  0.0000E+00  0.0000E+00  0.0000E+00  1.0000E+00  0.0000E+00  0.0000E+00
  1.5000E+01  0.0000E+00  0.0000E+00  0.0000E+00  0.0000E+00  0.0000E+00  0.0000E+00  0.0000E+00  0.0000E+00  0.0000E+00  1.0000E+00  0.0000E+00  0.0000E+00
  1.5000E+01  2.5000E-01  0.0000E+00  1.1600E+01  0.0000E+00  6.8493E+01  0.0000E+00 -8.0781E-01  0.0000E+00  1.1600E+01  6.8493E+01  0.0000E+00  0.0000E+00
  1.5000E+01  5.0000E-01  0.0000E+00  4.0600E+01  0.0000E+00  9.4782E+01  0.0000E+00 -5.5594E-01  0.0000E+00  4.0600E+01  9.4782E+01  0.0000E+00  0.0000E+00
  1.5000E+01  1.0000E+00  0.0000E+00  7.2100E+01  0.0000E+00  9.8698E+01  0.0000E+00 -2.6208E-01  0.0000E+00  7.2100E+01  9.8698E+01  0.0000E+00  0.0000E+00
  1.5000E+01  2.0000E+00  0.0000E+00  3.9700E+01  0.0000E+00  7.8647E+01  0.0000E+00 -4.8160E-01  0.0000E+00  3.9700E+01  7.8647E+01  0.0000E+00  0.0000E+00
  1.5000E+01  4.0000E+00  0.0000E+00  4.5700E+01  0.0000E+00  6.8934E+01  0.0000E+00 -3.2778E-01  0.0000E+00  4.5700E+01  6.8934E+01  0.0000E+00  0.0000E+00
  1.5000E+01  6.0000E+00  0.0000E+00  6.1800E+01  0.0000E+00  6.8913E+01  0.0000E+00 -1.0038E-01  0.0000E+00  6.1800E+01  6.8913E+01  0.0000E+00  0.0000E+00
  1.5000E+01  8.0000E+00  0.0000E+00  5.6100E+01  0.0000E+00  6.9267E+01  0.0000E+00 -1.8487E-01  0.0000E+00  5.6100E+01  6.9267E+01  0.0000E+00  0.0000E+00
  1.5000E+01  1.2000E+01  0.0000E+00  2.7000E+01  0.0000E+00  6.9764E+01  0.0000E+00 -5.9613E-01  0.0000E+00  2.7000E+01  6.9764E+01  0.0000E+00  0.0000E+00
  1.5000E+01  2.4000E+01  0.0000E+00  5.0000E-01  0.0000E+00  2.4334E+00  0.0000E+00 -7.7269E-01  1.0000E+00  5.0000E-01  2.8337E-01  0.0000E+00  0.0000E+00
  1.6000E+01  0.0000E+00  2.1500E+05  0.0000E+00  1.0000E+00  0.0000E+00  0.0000E+00  0.0000E+00  0.0000E+00  0.0000E+00  1.0000E+00  0.0000E+00  0.0000E+00
  1.6000E+01  0.0000E+00  2.1500E+05  0.0000E+00  1.0000E+00  0.0000E+00  0.0000E+00  0.0000E+00  0.0000E+00  0.0000E+00  1.0000E+00  0.0000E+00  0.0000E+00
  1.6000E+01  0.0000E+00  0.0000E+00  0.0000E+00  0.0000E+00  0.0000E+00  0.0000E+00  0.0000E+00  0.0000E+00  0.0000E+00  1.0000E+00  0.0000E+00  0.0000E+00
  1.6000E+01  2.5000E-01  0.0000E+00  6.4700E+00  0.0000E+00  6.4872E+01  0.0000E+00 -8.7552E-01  0.0000E+00  6.4700E+00  6.4872E+01  0.0000E+00  0.0000E+00
  1.6000E+01  5.0000E-01  0.0000E+00  1.1400E+01  0.0000E+00  8.9772E+01  0.0000E+00 -8.4902E-01  0.0000E+00  1.1400E+01  8.9772E+01  0.0000E+00  0.0000E+00
  1.6000E+01  1.0000E+00  0.0000E+00  1.5500E+02  0.0000E+00  9.3480E+01  0.0000E+00  6.4002E-01  0.0000E+00  1.5500E+02  9.3480E+01  0.0000E+00  0.0000E+00
  1.6000E+01  2.0000E+00  0.0000E+00  1.9400E+02  0.0000E+00  7.4489E+01  0.0000E+00  1.5603E+00  0.0000E+00  1.9400E+02  7.4489E+01  0.0000E+00  0.0000E+00
  1.6000E+01  4.0000E+00  0.0000E+00  8.8000E+01  0.0000E+00  6.5290E+01  0.0000E+00  3.3828E-01  0.0000E+00  8.8000E+01  6.5290E+01  0.0000E+00  0.0000E+00
  1.6000E+01  6.0000E+00  0.0000E+00  3.2400E+02  0.0000E+00  6.5270E+01  0.0000E+00  3.8551E+00  0.0000E+00  3.2400E+02  6.5270E+01  0.0000E+00  0.0000E+00
  1.6000E+01  8.0000E+00  0.0000E+00  2.5300E+02  0.0000E+00  6.5606E+01  0.0000E+00  2.7779E+00  0.0000E+00  2.5300E+02  6.5606E+01  0.0000E+00  0.0000E+00
  1.6000E+01  1.2000E+01  0.0000E+00  7.2500E+01  0.0000E+00  6.6076E+01  0.0000E+00  9.4554E-02  0.0000E+00  7.2500E+01  6.6076E+01  0.0000E+00  0.0000E+00
  1.6000E+01  2.4000E+01  0.0000E+00  5.0000E-01  0.0000E+00  2.3048E+00  0.0000E+00 -7.6154E-01  1.0000E+00  5.0000E-01  2.9097E-01  0.0000E+00  0.0000E+00
  1.7000E+01  0.0000E+00  2.4900E+05  0.0000E+00  1.0000E+00  0.0000E+00  0.0000E+00  0.0000E+00  0.0000E+00  0.0000E+00  1.0000E+00  0.0000E+00  0.0000E+00
  1.7000E+01  0.0000E+00  2.4900E+05  0.0000E+00  1.0000E+00  0.0000E+00  0.0000E+00  0.0000E+00  0.0000E+00  0.0000E+00  1.0000E+00  0.0000E+00  0.0000E+00
  1.7000E+01  0.0000E+00  0.0000E+00  0.0000E+00  0.0000E+00  0.0000E+00  0.0000E+00  0.0000E+00  0.0000E+00  0.0000E+00  1.0000E+00  0.0000E+00  0.0000E+00
  1.7000E+01  2.5000E-01  0.0000E+00  1.0800E+01  0.0000E+00  7.5131E+01  0.0000E+00 -8.3272E-01  0.0000E+00  1.0800E+01  7.5131E+01  0.0000E+00  0.0000E+00
  1.7000E+01  5.0000E-01  0.0000E+00  1.7400E+01  0.0000E+00  1.0397E+02  0.0000E+00 -8.0976E-01  0.0000E+00  1.7400E+01  1.0397E+02  0.0000E+00  0.0000E+00
  1.7000E+01  1.0000E+00  0.0000E+00  4.2300E+01  0.0000E+00  1.0826E+02  0.0000E+00 -5.9254E-01  0.0000E+00  4.2300E+01  1.0826E+02  0.0000E+00  0.0000E+00
  1.7000E+01  2.0000E+00  0.0000E+00  4.8500E+01  0.0000E+00  8.6269E+01  0.0000E+00 -4.2577E-01  0.0000E+00  4.8500E+01  8.6269E+01  0.0000E+00  0.0000E+00
  1.7000E+01  4.0000E+00  0.0000E+00  5.4500E+01  0.0000E+00  7.5615E+01  0.0000E+00 -2.7157E-01  0.0000E+00  5.4500E+01  7.5615E+01  0.0000E+00  0.0000E+00
  1.7000E+01  6.0000E+00  0.0000E+00  1.3500E+02  0.0000E+00  7.5592E+01  0.0000E+00  7.6431E-01  0.0000E+00  1.3500E+02  7.5592E+01  0.0000E+00  0.0000E+00
  1.7000E+01  8.0000E+00  0.0000E+00  6.3900E+01  0.0000E+00  7.5980E+01  0.0000E+00 -1.5462E-01  0.0000E+00  6.3900E+01  7.5980E+01  0.0000E+00  0.0000E+00
  1.7000E+01  1.2000E+01  0.0000E+00  3.6300E+01  0.0000E+00  7.6525E+01  0.0000E+00 -5.1120E-01  0.0000E+00  3.6300E+01  7.6525E+01  0.0000E+00  0.0000E+00
  1.7000E+01  2.4000E+01  0.0000E+00  5.0000E-01  0.0000E+00  2.6693E+00  0.0000E+00 -7.9035E-01  1.0000E+00  5.0000E-01  2.7153E-01  0.0000E+00  0.0000E+00
