TABLE NO.  2
 ID          CL          V2          V3          Q           KA          F1          FF          FA          D2          ALAG2       DOSE
  1.0000E+00  4.7213E+00  6.3172E+00  1.3449E+00  2.4122E-01  3.4865E-01  5.4647E-03  1.1311E-02  4.8313E-01  7.6724E+00  4.0004E+00  1.2500E+01
  1.0000E+00  4.7213E+00  6.3172E+00  1.3449E+00  2.4122E-01  3.4865E-01  5.4647E-03  1.1311E-02  4.8313E-01  7.6724E+00  4.0004E+00  1.2500E+01
  1.0000E+00  4.7213E+00  6.3172E+00  1.3449E+00  2.4122E-01  3.4865E-01  5.4647E-03  1.1311E-02  4.8313E-01  7.6724E+00  4.0004E+00  1.2500E+01
  1.0000E+00  4.7213E+00  6.3172E+00  1.3449E+00  2.4122E-01  3.4865E-01  5.4647E-03  1.1311E-02  4.8313E-01  7.6724E+00  4.0004E+00  1.2500E+01
  1.0000E+00  4.7213E+00  6.3172E+00  1.3449E+00  2.4122E-01  3.4865E-01  5.4647E-03  1.1311E-02  4.8313E-01  7.6724E+00  4.0004E+00  1.2500E+01
  1.0000E+00  4.7213E+00  6.3172E+00  1.3449E+00  2.4122E-01  3.4865E-01  5.4647E-03  1.1311E-02  4.8313E-01  7.6724E+00  4.0004E+00  1.2500E+01
  1.0000E+00  4.7213E+00  6.3172E+00  1.3449E+00  2.4122E-01  3.4865E-01  5.4647E-03  1.1311E-02  4.8313E-01  7.6724E+00  4.0004E+00  1.2500E+01
  1.0000E+00  4.7213E+00  6.3172E+00  1.3449E+00  2.4122E-01  3.4865E-01  5.4647E-03  1.1311E-02  4.8313E-01  7.6724E+00  4.0004E+00  1.2500E+01
  1.0000E+00  4.7213E+00  6.3172E+00  1.3449E+00  2.4122E-01  3.4865E-01  5.4647E-03  1.1311E-02  4.8313E-01  7.6724E+00  4.0004E+00  1.2500E+01
  1.0000E+00  4.7213E+00  6.3172E+00  1.3449E+00  2.4122E-01  3.4865E-01  5.4647E-03  1.1311E-02  4.8313E-01  7.6724E+00  4.0004E+00  1.2500E+01
  1.0000E+00  4.7213E+00  6.3172E+00  1.3449E+00  2.4122E-01  3.4865E-01  5.4647E-03  1.1311E-02  4.8313E-01  7.6724E+00  4.0004E+00  1.2500E+01
  1.0000E+00  4.7213E+00  6.3172E+00  1.3449E+00  2.4122E-01  3.4865E-01  5.4647E-03  1.1311E-02  4.8313E-01  7.6724E+00  4.0004E+00  1.2500E+01
  1.0000E+00  4.7213E+00  6.3172E+00  1.3449E+00  2.4122E-01  3.4865E-01  5.4647E-03  1.1311E-02  4.8313E-01  7.6724E+00  4.0004E+00  1.2500E+01
  3.0000E+00  4.7213E+00  3.0756E+00  1.3449E+00  2.4122E-01  3.4865E-01  1.0000E+00  2.3040E-02  4.8313E-01  7.6724E+00  0.0000E+00  2.5000E+00
  3.0000E+00  4.7213E+00  3.0756E+00  1.3449E+00  2.4122E-01  3.4865E-01  1.0000E+00  2.3040E-02  4.8313E-01  7.6724E+00  0.0000E+00  2.5000E+00
  3.0000E+00  4.7213E+00  3.0756E+00  1.3449E+00  2.4122E-01  3.4865E-01  1.0000E+00  2.3040E-02  4.8313E-01  7.6724E+00  0.0000E+00  2.5000E+00
  3.0000E+00  4.7213E+00  3.0756E+00  1.3449E+00  2.4122E-01  3.4865E-01  1.0000E+00  2.3040E-02  4.8313E-01  7.6724E+00  0.0000E+00  2.5000E+00
  3.0000E+00  4.7213E+00  3.0756E+00  1.3449E+00  2.4122E-01  3.4865E-01  1.0000E+00  2.3040E-02  4.8313E-01  7.6724E+00  0.0000E+00  2.5000E+00
  3.0000E+00  4.7213E+00  3.0756E+00  1.3449E+00  2.4122E-01  3.4865E-01  1.0000E+00  2.3040E-02  4.8313E-01  7.6724E+00  0.0000E+00  2.5000E+00
  3.0000E+00  4.7213E+00  3.0756E+00  1.3449E+00  2.4122E-01  3.4865E-01  1.0000E+00  2.3040E-02  4.8313E-01  7.6724E+00  0.0000E+00  2.5000E+00
  3.0000E+00  4.7213E+00  3.0756E+00  1.3449E+00  2.4122E-01  3.4865E-01  1.0000E+00  2.3040E-02  4.8313E-01  7.6724E+00  0.0000E+00  2.5000E+00
  3.0000E+00  4.7213E+00  3.0756E+00  1.3449E+00  2.4122E-01  3.4865E-01  1.0000E+00  2.3040E-02  4.8313E-01  7.6724E+00  0.0000E+00  2.5000E+00
  3.0000E+00  4.7213E+00  3.0756E+00  1.3449E+00  2.4122E-01  3.4865E-01  1.0000E+00  2.3040E-02  4.8313E-01  7.6724E+00  0.0000E+00  2.5000E+00
  3.0000E+00  4.7213E+00  3.0756E+00  1.3449E+00  2.4122E-01  3.4865E-01  1.0000E+00  2.3040E-02  4.8313E-01  7.6724E+00  0.0000E+00  2.5000E+00
  3.0000E+00  4.7213E+00  3.0756E+00  1.3449E+00  2.4122E-01  3.4865E-01  1.0000E+00  2.3040E-02  4.8313E-01  7.6724E+00  0.0000E+00  2.5000E+00
  4.0000E+00  4.7213E+00  2.5621E+00  1.3449E+00  2.4122E-01  3.4865E-01  1.0000E+00  2.3040E-02  4.8313E-01  7.6724E+00  0.0000E+00  2.5000E+00
  4.0000E+00  4.7213E+00  2.5621E+00  1.3449E+00  2.4122E-01  3.4865E-01  1.0000E+00  2.3040E-02  4.8313E-01  7.6724E+00  0.0000E+00  2.5000E+00
  4.0000E+00  4.7213E+00  2.5621E+00  1.3449E+00  2.4122E-01  3.4865E-01  1.0000E+00  2.3040E-02  4.8313E-01  7.6724E+00  0.0000E+00  2.5000E+00
  4.0000E+00  4.7213E+00  2.5621E+00  1.3449E+00  2.4122E-01  3.4865E-01  1.0000E+00  2.3040E-02  4.8313E-01  7.6724E+00  0.0000E+00  2.5000E+00
  4.0000E+00  4.7213E+00  2.5621E+00  1.3449E+00  2.4122E-01  3.4865E-01  1.0000E+00  2.3040E-02  4.8313E-01  7.6724E+00  0.0000E+00  2.5000E+00
  4.0000E+00  4.7213E+00  2.5621E+00  1.3449E+00  2.4122E-01  3.4865E-01  1.0000E+00  2.3040E-02  4.8313E-01  7.6724E+00  0.0000E+00  2.5000E+00
  4.0000E+00  4.7213E+00  2.5621E+00  1.3449E+00  2.4122E-01  3.4865E-01  1.0000E+00  2.3040E-02  4.8313E-01  7.6724E+00  0.0000E+00  2.5000E+00
  4.0000E+00  4.7213E+00  2.5621E+00  1.3449E+00  2.4122E-01  3.4865E-01  1.0000E+00  2.3040E-02  4.8313E-01  7.6724E+00  0.0000E+00  2.5000E+00
  4.0000E+00  4.7213E+00  2.5621E+00  1.3449E+00  2.4122E-01  3.4865E-01  1.0000E+00  2.3040E-02  4.8313E-01  7.6724E+00  0.0000E+00  2.5000E+00
  4.0000E+00  4.7213E+00  2.5621E+00  1.3449E+00  2.4122E-01  3.4865E-01  1.0000E+00  2.3040E-02  4.8313E-01  7.6724E+00  0.0000E+00  2.5000E+00
  4.0000E+00  4.7213E+00  2.5621E+00  1.3449E+00  2.4122E-01  3.4865E-01  1.0000E+00  2.3040E-02  4.8313E-01  7.6724E+00  0.0000E+00  2.5000E+00
  4.0000E+00  4.7213E+00  2.5621E+00  1.3449E+00  2.4122E-01  3.4865E-01  1.0000E+00  2.3040E-02  4.8313E-01  7.6724E+00  0.0000E+00  2.5000E+00
  5.0000E+00  4.7213E+00  2.6431E+00  1.3449E+00  2.4122E-01  3.4865E-01  1.0000E+00  2.3040E-02  4.8313E-01  7.6724E+00  0.0000E+00  2.5000E+00
  5.0000E+00  4.7213E+00  2.6431E+00  1.3449E+00  2.4122E-01  3.4865E-01  1.0000E+00  2.3040E-02  4.8313E-01  7.6724E+00  0.0000E+00  2.5000E+00
  5.0000E+00  4.7213E+00  2.6431E+00  1.3449E+00  2.4122E-01  3.4865E-01  1.0000E+00  2.3040E-02  4.8313E-01  7.6724E+00  0.0000E+00  2.5000E+00
  5.0000E+00  4.7213E+00  2.6431E+00  1.3449E+00  2.4122E-01  3.4865E-01  1.0000E+00  2.3040E-02  4.8313E-01  7.6724E+00  0.0000E+00  2.5000E+00
  5.0000E+00  4.7213E+00  2.6431E+00  1.3449E+00  2.4122E-01  3.4865E-01  1.0000E+00  2.3040E-02  4.8313E-01  7.6724E+00  0.0000E+00  2.5000E+00
  5.0000E+00  4.7213E+00  2.6431E+00  1.3449E+00  2.4122E-01  3.4865E-01  1.0000E+00  2.3040E-02  4.8313E-01  7.6724E+00  0.0000E+00  2.5000E+00
  5.0000E+00  4.7213E+00  2.6431E+00  1.3449E+00  2.4122E-01  3.4865E-01  1.0000E+00  2.3040E-02  4.8313E-01  7.6724E+00  0.0000E+00  2.5000E+00
  5.0000E+00  4.7213E+00  2.6431E+00  1.3449E+00  2.4122E-01  3.4865E-01  1.0000E+00  2.3040E-02  4.8313E-01  7.6724E+00  0.0000E+00  2.5000E+00
  5.0000E+00  4.7213E+00  2.6431E+00  1.3449E+00  2.4122E-01  3.4865E-01  1.0000E+00  2.3040E-02  4.8313E-01  7.6724E+00  0.0000E+00  2.5000E+00
  5.0000E+00  4.7213E+00  2.6431E+00  1.3449E+00  2.4122E-01  3.4865E-01  1.0000E+00  2.3040E-02  4.8313E-01  7.6724E+00  0.0000E+00  2.5000E+00
  5.0000E+00  4.7213E+00  2.6431E+00  1.3449E+00  2.4122E-01  3.4865E-01  1.0000E+00  2.3040E-02  4.8313E-01  7.6724E+00  0.0000E+00  2.5000E+00
  5.0000E+00  4.7213E+00  2.6431E+00  1.3449E+00  2.4122E-01  3.4865E-01  1.0000E+00  2.3040E-02  4.8313E-01  7.6724E+00  0.0000E+00  2.5000E+00
  6.0000E+00  4.7213E+00  5.1116E+00  1.3449E+00  2.4122E-01  3.4865E-01  7.9229E-03  1.6399E-02  4.8313E-01  7.6724E+00  4.0004E+00  1.0000E+01
  6.0000E+00  4.7213E+00  5.1116E+00  1.3449E+00  2.4122E-01  3.4865E-01  7.9229E-03  1.6399E-02  4.8313E-01  7.6724E+00  4.0004E+00  1.0000E+01
  6.0000E+00  4.7213E+00  5.1116E+00  1.3449E+00  2.4122E-01  3.4865E-01  7.9229E-03  1.6399E-02  4.8313E-01  7.6724E+00  4.0004E+00  1.0000E+01
  6.0000E+00  4.7213E+00  5.1116E+00  1.3449E+00  2.4122E-01  3.4865E-01  7.9229E-03  1.6399E-02  4.8313E-01  7.6724E+00  4.0004E+00  1.0000E+01
  6.0000E+00  4.7213E+00  5.1116E+00  1.3449E+00  2.4122E-01  3.4865E-01  7.9229E-03  1.6399E-02  4.8313E-01  7.6724E+00  4.0004E+00  1.0000E+01
  6.0000E+00  4.7213E+00  5.1116E+00  1.3449E+00  2.4122E-01  3.4865E-01  7.9229E-03  1.6399E-02  4.8313E-01  7.6724E+00  4.0004E+00  1.0000E+01
  6.0000E+00  4.7213E+00  5.1116E+00  1.3449E+00  2.4122E-01  3.4865E-01  7.9229E-03  1.6399E-02  4.8313E-01  7.6724E+00  4.0004E+00  1.0000E+01
  6.0000E+00  4.7213E+00  5.1116E+00  1.3449E+00  2.4122E-01  3.4865E-01  7.9229E-03  1.6399E-02  4.8313E-01  7.6724E+00  4.0004E+00  1.0000E+01
  6.0000E+00  4.7213E+00  5.1116E+00  1.3449E+00  2.4122E-01  3.4865E-01  7.9229E-03  1.6399E-02  4.8313E-01  7.6724E+00  4.0004E+00  1.0000E+01
  6.0000E+00  4.7213E+00  5.1116E+00  1.3449E+00  2.4122E-01  3.4865E-01  7.9229E-03  1.6399E-02  4.8313E-01  7.6724E+00  4.0004E+00  1.0000E+01
  6.0000E+00  4.7213E+00  5.1116E+00  1.3449E+00  2.4122E-01  3.4865E-01  7.9229E-03  1.6399E-02  4.8313E-01  7.6724E+00  4.0004E+00  1.0000E+01
  6.0000E+00  4.7213E+00  5.1116E+00  1.3449E+00  2.4122E-01  3.4865E-01  7.9229E-03  1.6399E-02  4.8313E-01  7.6724E+00  4.0004E+00  1.0000E+01
  7.0000E+00  4.7213E+00  4.9347E+00  1.3449E+00  2.4122E-01  3.4865E-01  1.0763E-02  2.2277E-02  4.8313E-01  7.6724E+00  4.0004E+00  1.0000E+01
  7.0000E+00  4.7213E+00  4.9347E+00  1.3449E+00  2.4122E-01  3.4865E-01  1.0763E-02  2.2277E-02  4.8313E-01  7.6724E+00  4.0004E+00  1.0000E+01
  7.0000E+00  4.7213E+00  4.9347E+00  1.3449E+00  2.4122E-01  3.4865E-01  1.0763E-02  2.2277E-02  4.8313E-01  7.6724E+00  4.0004E+00  1.0000E+01
  7.0000E+00  4.7213E+00  4.9347E+00  1.3449E+00  2.4122E-01  3.4865E-01  1.0763E-02  2.2277E-02  4.8313E-01  7.6724E+00  4.0004E+00  1.0000E+01
  7.0000E+00  4.7213E+00  4.9347E+00  1.3449E+00  2.4122E-01  3.4865E-01  1.0763E-02  2.2277E-02  4.8313E-01  7.6724E+00  4.0004E+00  1.0000E+01
  7.0000E+00  4.7213E+00  4.9347E+00  1.3449E+00  2.4122E-01  3.4865E-01  1.0763E-02  2.2277E-02  4.8313E-01  7.6724E+00  4.0004E+00  1.0000E+01
  7.0000E+00  4.7213E+00  4.9347E+00  1.3449E+00  2.4122E-01  3.4865E-01  1.0763E-02  2.2277E-02  4.8313E-01  7.6724E+00  4.0004E+00  1.0000E+01
  7.0000E+00  4.7213E+00  4.9347E+00  1.3449E+00  2.4122E-01  3.4865E-01  1.0763E-02  2.2277E-02  4.8313E-01  7.6724E+00  4.0004E+00  1.0000E+01
  7.0000E+00  4.7213E+00  4.9347E+00  1.3449E+00  2.4122E-01  3.4865E-01  1.0763E-02  2.2277E-02  4.8313E-01  7.6724E+00  4.0004E+00  1.0000E+01
  7.0000E+00  4.7213E+00  4.9347E+00  1.3449E+00  2.4122E-01  3.4865E-01  1.0763E-02  2.2277E-02  4.8313E-01  7.6724E+00  4.0004E+00  1.0000E+01
  7.0000E+00  4.7213E+00  4.9347E+00  1.3449E+00  2.4122E-01  3.4865E-01  1.0763E-02  2.2277E-02  4.8313E-01  7.6724E+00  4.0004E+00  1.0000E+01
  7.0000E+00  4.7213E+00  4.9347E+00  1.3449E+00  2.4122E-01  3.4865E-01  1.0763E-02  2.2277E-02  4.8313E-01  7.6724E+00  4.0004E+00  1.0000E+01
  8.0000E+00  4.7213E+00  3.0791E+00  1.3449E+00  2.4122E-01  3.4865E-01  8.6534E-03  1.7911E-02  4.8313E-01  7.6724E+00  4.0004E+00  1.0000E+01
  8.0000E+00  4.7213E+00  3.0791E+00  1.3449E+00  2.4122E-01  3.4865E-01  8.6534E-03  1.7911E-02  4.8313E-01  7.6724E+00  4.0004E+00  1.0000E+01
  8.0000E+00  4.7213E+00  3.0791E+00  1.3449E+00  2.4122E-01  3.4865E-01  8.6534E-03  1.7911E-02  4.8313E-01  7.6724E+00  4.0004E+00  1.0000E+01
  8.0000E+00  4.7213E+00  3.0791E+00  1.3449E+00  2.4122E-01  3.4865E-01  8.6534E-03  1.7911E-02  4.8313E-01  7.6724E+00  4.0004E+00  1.0000E+01
  8.0000E+00  4.7213E+00  3.0791E+00  1.3449E+00  2.4122E-01  3.4865E-01  8.6534E-03  1.7911E-02  4.8313E-01  7.6724E+00  4.0004E+00  1.0000E+01
  8.0000E+00  4.7213E+00  3.0791E+00  1.3449E+00  2.4122E-01  3.4865E-01  8.6534E-03  1.7911E-02  4.8313E-01  7.6724E+00  4.0004E+00  1.0000E+01
  8.0000E+00  4.7213E+00  3.0791E+00  1.3449E+00  2.4122E-01  3.4865E-01  8.6534E-03  1.7911E-02  4.8313E-01  7.6724E+00  4.0004E+00  1.0000E+01
  8.0000E+00  4.7213E+00  3.0791E+00  1.3449E+00  2.4122E-01  3.4865E-01  8.6534E-03  1.7911E-02  4.8313E-01  7.6724E+00  4.0004E+00  1.0000E+01
  8.0000E+00  4.7213E+00  3.0791E+00  1.3449E+00  2.4122E-01  3.4865E-01  8.6534E-03  1.7911E-02  4.8313E-01  7.6724E+00  4.0004E+00  1.0000E+01
  8.0000E+00  4.7213E+00  3.0791E+00  1.3449E+00  2.4122E-01  3.4865E-01  8.6534E-03  1.7911E-02  4.8313E-01  7.6724E+00  4.0004E+00  1.0000E+01
  8.0000E+00  4.7213E+00  3.0791E+00  1.3449E+00  2.4122E-01  3.4865E-01  8.6534E-03  1.7911E-02  4.8313E-01  7.6724E+00  4.0004E+00  1.0000E+01
  8.0000E+00  4.7213E+00  3.0791E+00  1.3449E+00  2.4122E-01  3.4865E-01  8.6534E-03  1.7911E-02  4.8313E-01  7.6724E+00  4.0004E+00  1.0000E+01
  9.0000E+00  4.7213E+00  1.4657E+00  1.3449E+00  2.4122E-01  3.4865E-01  1.9571E-02  4.0508E-02  4.8313E-01  7.6724E+00  4.0004E+00  3.0000E+01
  9.0000E+00  4.7213E+00  1.4657E+00  1.3449E+00  2.4122E-01  3.4865E-01  1.9571E-02  4.0508E-02  4.8313E-01  7.6724E+00  4.0004E+00  3.0000E+01
  9.0000E+00  4.7213E+00  1.4657E+00  1.3449E+00  2.4122E-01  3.4865E-01  1.9571E-02  4.0508E-02  4.8313E-01  7.6724E+00  4.0004E+00  3.0000E+01
  9.0000E+00  4.7213E+00  1.4657E+00  1.3449E+00  2.4122E-01  3.4865E-01  1.9571E-02  4.0508E-02  4.8313E-01  7.6724E+00  4.0004E+00  3.0000E+01
  9.0000E+00  4.7213E+00  1.4657E+00  1.3449E+00  2.4122E-01  3.4865E-01  1.9571E-02  4.0508E-02  4.8313E-01  7.6724E+00  4.0004E+00  3.0000E+01
  9.0000E+00  4.7213E+00  1.4657E+00  1.3449E+00  2.4122E-01  3.4865E-01  1.9571E-02  4.0508E-02  4.8313E-01  7.6724E+00  4.0004E+00  3.0000E+01
  9.0000E+00  4.7213E+00  1.4657E+00  1.3449E+00  2.4122E-01  3.4865E-01  1.9571E-02  4.0508E-02  4.8313E-01  7.6724E+00  4.0004E+00  3.0000E+01
  9.0000E+00  4.7213E+00  1.4657E+00  1.3449E+00  2.4122E-01  3.4865E-01  1.9571E-02  4.0508E-02  4.8313E-01  7.6724E+00  4.0004E+00  3.0000E+01
  9.0000E+00  4.7213E+00  1.4657E+00  1.3449E+00  2.4122E-01  3.4865E-01  1.9571E-02  4.0508E-02  4.8313E-01  7.6724E+00  4.0004E+00  3.0000E+01
  9.0000E+00  4.7213E+00  1.4657E+00  1.3449E+00  2.4122E-01  3.4865E-01  1.9571E-02  4.0508E-02  4.8313E-01  7.6724E+00  4.0004E+00  3.0000E+01
  9.0000E+00  4.7213E+00  1.4657E+00  1.3449E+00  2.4122E-01  3.4865E-01  1.9571E-02  4.0508E-02  4.8313E-01  7.6724E+00  4.0004E+00  3.0000E+01
  9.0000E+00  4.7213E+00  1.4657E+00  1.3449E+00  2.4122E-01  3.4865E-01  1.9571E-02  4.0508E-02  4.8313E-01  7.6724E+00  4.0004E+00  3.0000E+01
  1.0000E+01  4.7213E+00  8.5004E+00  1.3449E+00  2.4122E-01  3.4865E-01  1.8472E-02  3.8235E-02  4.8313E-01  7.6724E+00  4.0004E+00  3.0000E+01
  1.0000E+01  4.7213E+00  8.5004E+00  1.3449E+00  2.4122E-01  3.4865E-01  1.8472E-02  3.8235E-02  4.8313E-01  7.6724E+00  4.0004E+00  3.0000E+01
  1.0000E+01  4.7213E+00  8.5004E+00  1.3449E+00  2.4122E-01  3.4865E-01  1.8472E-02  3.8235E-02  4.8313E-01  7.6724E+00  4.0004E+00  3.0000E+01
  1.0000E+01  4.7213E+00  8.5004E+00  1.3449E+00  2.4122E-01  3.4865E-01  1.8472E-02  3.8235E-02  4.8313E-01  7.6724E+00  4.0004E+00  3.0000E+01
  1.0000E+01  4.7213E+00  8.5004E+00  1.3449E+00  2.4122E-01  3.4865E-01  1.8472E-02  3.8235E-02  4.8313E-01  7.6724E+00  4.0004E+00  3.0000E+01
  1.0000E+01  4.7213E+00  8.5004E+00  1.3449E+00  2.4122E-01  3.4865E-01  1.8472E-02  3.8235E-02  4.8313E-01  7.6724E+00  4.0004E+00  3.0000E+01
  1.0000E+01  4.7213E+00  8.5004E+00  1.3449E+00  2.4122E-01  3.4865E-01  1.8472E-02  3.8235E-02  4.8313E-01  7.6724E+00  4.0004E+00  3.0000E+01
  1.0000E+01  4.7213E+00  8.5004E+00  1.3449E+00  2.4122E-01  3.4865E-01  1.8472E-02  3.8235E-02  4.8313E-01  7.6724E+00  4.0004E+00  3.0000E+01
  1.0000E+01  4.7213E+00  8.5004E+00  1.3449E+00  2.4122E-01  3.4865E-01  1.8472E-02  3.8235E-02  4.8313E-01  7.6724E+00  4.0004E+00  3.0000E+01
  1.0000E+01  4.7213E+00  8.5004E+00  1.3449E+00  2.4122E-01  3.4865E-01  1.8472E-02  3.8235E-02  4.8313E-01  7.6724E+00  4.0004E+00  3.0000E+01
  1.0000E+01  4.7213E+00  8.5004E+00  1.3449E+00  2.4122E-01  3.4865E-01  1.8472E-02  3.8235E-02  4.8313E-01  7.6724E+00  4.0004E+00  3.0000E+01
  1.0000E+01  4.7213E+00  8.5004E+00  1.3449E+00  2.4122E-01  3.4865E-01  1.8472E-02  3.8235E-02  4.8313E-01  7.6724E+00  4.0004E+00  3.0000E+01
  1.1000E+01  4.7213E+00  6.0335E+00  1.3449E+00  2.4122E-01  3.4865E-01  1.6456E-02  3.4061E-02  4.8313E-01  7.6724E+00  4.0004E+00  3.0000E+01
  1.1000E+01  4.7213E+00  6.0335E+00  1.3449E+00  2.4122E-01  3.4865E-01  1.6456E-02  3.4061E-02  4.8313E-01  7.6724E+00  4.0004E+00  3.0000E+01
  1.1000E+01  4.7213E+00  6.0335E+00  1.3449E+00  2.4122E-01  3.4865E-01  1.6456E-02  3.4061E-02  4.8313E-01  7.6724E+00  4.0004E+00  3.0000E+01
  1.1000E+01  4.7213E+00  6.0335E+00  1.3449E+00  2.4122E-01  3.4865E-01  1.6456E-02  3.4061E-02  4.8313E-01  7.6724E+00  4.0004E+00  3.0000E+01
  1.1000E+01  4.7213E+00  6.0335E+00  1.3449E+00  2.4122E-01  3.4865E-01  1.6456E-02  3.4061E-02  4.8313E-01  7.6724E+00  4.0004E+00  3.0000E+01
  1.1000E+01  4.7213E+00  6.0335E+00  1.3449E+00  2.4122E-01  3.4865E-01  1.6456E-02  3.4061E-02  4.8313E-01  7.6724E+00  4.0004E+00  3.0000E+01
  1.1000E+01  4.7213E+00  6.0335E+00  1.3449E+00  2.4122E-01  3.4865E-01  1.6456E-02  3.4061E-02  4.8313E-01  7.6724E+00  4.0004E+00  3.0000E+01
  1.1000E+01  4.7213E+00  6.0335E+00  1.3449E+00  2.4122E-01  3.4865E-01  1.6456E-02  3.4061E-02  4.8313E-01  7.6724E+00  4.0004E+00  3.0000E+01
  1.1000E+01  4.7213E+00  6.0335E+00  1.3449E+00  2.4122E-01  3.4865E-01  1.6456E-02  3.4061E-02  4.8313E-01  7.6724E+00  4.0004E+00  3.0000E+01
  1.1000E+01  4.7213E+00  6.0335E+00  1.3449E+00  2.4122E-01  3.4865E-01  1.6456E-02  3.4061E-02  4.8313E-01  7.6724E+00  4.0004E+00  3.0000E+01
  1.1000E+01  4.7213E+00  6.0335E+00  1.3449E+00  2.4122E-01  3.4865E-01  1.6456E-02  3.4061E-02  4.8313E-01  7.6724E+00  4.0004E+00  3.0000E+01
  1.1000E+01  4.7213E+00  6.0335E+00  1.3449E+00  2.4122E-01  3.4865E-01  1.6456E-02  3.4061E-02  4.8313E-01  7.6724E+00  4.0004E+00  3.0000E+01
  1.5000E+01  4.7213E+00  5.0345E+00  1.3449E+00  2.4122E-01  3.4865E-01  5.8754E-03  1.2161E-02  4.8313E-01  7.6724E+00  4.0004E+00  1.0000E+02
  1.5000E+01  4.7213E+00  5.0345E+00  1.3449E+00  2.4122E-01  3.4865E-01  5.8754E-03  1.2161E-02  4.8313E-01  7.6724E+00  4.0004E+00  1.0000E+02
  1.5000E+01  4.7213E+00  5.0345E+00  1.3449E+00  2.4122E-01  3.4865E-01  5.8754E-03  1.2161E-02  4.8313E-01  7.6724E+00  4.0004E+00  1.0000E+02
  1.5000E+01  4.7213E+00  5.0345E+00  1.3449E+00  2.4122E-01  3.4865E-01  5.8754E-03  1.2161E-02  4.8313E-01  7.6724E+00  4.0004E+00  1.0000E+02
  1.5000E+01  4.7213E+00  5.0345E+00  1.3449E+00  2.4122E-01  3.4865E-01  5.8754E-03  1.2161E-02  4.8313E-01  7.6724E+00  4.0004E+00  1.0000E+02
  1.5000E+01  4.7213E+00  5.0345E+00  1.3449E+00  2.4122E-01  3.4865E-01  5.8754E-03  1.2161E-02  4.8313E-01  7.6724E+00  4.0004E+00  1.0000E+02
  1.5000E+01  4.7213E+00  5.0345E+00  1.3449E+00  2.4122E-01  3.4865E-01  5.8754E-03  1.2161E-02  4.8313E-01  7.6724E+00  4.0004E+00  1.0000E+02
  1.5000E+01  4.7213E+00  5.0345E+00  1.3449E+00  2.4122E-01  3.4865E-01  5.8754E-03  1.2161E-02  4.8313E-01  7.6724E+00  4.0004E+00  1.0000E+02
  1.5000E+01  4.7213E+00  5.0345E+00  1.3449E+00  2.4122E-01  3.4865E-01  5.8754E-03  1.2161E-02  4.8313E-01  7.6724E+00  4.0004E+00  1.0000E+02
  1.5000E+01  4.7213E+00  5.0345E+00  1.3449E+00  2.4122E-01  3.4865E-01  5.8754E-03  1.2161E-02  4.8313E-01  7.6724E+00  4.0004E+00  1.0000E+02
  1.5000E+01  4.7213E+00  5.0345E+00  1.3449E+00  2.4122E-01  3.4865E-01  5.8754E-03  1.2161E-02  4.8313E-01  7.6724E+00  4.0004E+00  1.0000E+02
  1.5000E+01  4.7213E+00  5.0345E+00  1.3449E+00  2.4122E-01  3.4865E-01  5.8754E-03  1.2161E-02  4.8313E-01  7.6724E+00  4.0004E+00  1.0000E+02
  1.6000E+01  4.7213E+00  5.1695E+00  1.3449E+00  2.4122E-01  3.4865E-01  1.9395E-02  4.0145E-02  4.8313E-01  7.6724E+00  4.0004E+00  1.0000E+02
  1.6000E+01  4.7213E+00  5.1695E+00  1.3449E+00  2.4122E-01  3.4865E-01  1.9395E-02  4.0145E-02  4.8313E-01  7.6724E+00  4.0004E+00  1.0000E+02
  1.6000E+01  4.7213E+00  5.1695E+00  1.3449E+00  2.4122E-01  3.4865E-01  1.9395E-02  4.0145E-02  4.8313E-01  7.6724E+00  4.0004E+00  1.0000E+02
  1.6000E+01  4.7213E+00  5.1695E+00  1.3449E+00  2.4122E-01  3.4865E-01  1.9395E-02  4.0145E-02  4.8313E-01  7.6724E+00  4.0004E+00  1.0000E+02
  1.6000E+01  4.7213E+00  5.1695E+00  1.3449E+00  2.4122E-01  3.4865E-01  1.9395E-02  4.0145E-02  4.8313E-01  7.6724E+00  4.0004E+00  1.0000E+02
  1.6000E+01  4.7213E+00  5.1695E+00  1.3449E+00  2.4122E-01  3.4865E-01  1.9395E-02  4.0145E-02  4.8313E-01  7.6724E+00  4.0004E+00  1.0000E+02
  1.6000E+01  4.7213E+00  5.1695E+00  1.3449E+00  2.4122E-01  3.4865E-01  1.9395E-02  4.0145E-02  4.8313E-01  7.6724E+00  4.0004E+00  1.0000E+02
  1.6000E+01  4.7213E+00  5.1695E+00  1.3449E+00  2.4122E-01  3.4865E-01  1.9395E-02  4.0145E-02  4.8313E-01  7.6724E+00  4.0004E+00  1.0000E+02
  1.6000E+01  4.7213E+00  5.1695E+00  1.3449E+00  2.4122E-01  3.4865E-01  1.9395E-02  4.0145E-02  4.8313E-01  7.6724E+00  4.0004E+00  1.0000E+02
  1.6000E+01  4.7213E+00  5.1695E+00  1.3449E+00  2.4122E-01  3.4865E-01  1.9395E-02  4.0145E-02  4.8313E-01  7.6724E+00  4.0004E+00  1.0000E+02
  1.6000E+01  4.7213E+00  5.1695E+00  1.3449E+00  2.4122E-01  3.4865E-01  1.9395E-02  4.0145E-02  4.8313E-01  7.6724E+00  4.0004E+00  1.0000E+02
  1.6000E+01  4.7213E+00  5.1695E+00  1.3449E+00  2.4122E-01  3.4865E-01  1.9395E-02  4.0145E-02  4.8313E-01  7.6724E+00  4.0004E+00  1.0000E+02
  1.7000E+01  4.7213E+00  8.2481E+00  1.3449E+00  2.4122E-01  3.4865E-01  6.9528E-03  1.4391E-02  4.8313E-01  7.6724E+00  4.0004E+00  1.0000E+02
  1.7000E+01  4.7213E+00  8.2481E+00  1.3449E+00  2.4122E-01  3.4865E-01  6.9528E-03  1.4391E-02  4.8313E-01  7.6724E+00  4.0004E+00  1.0000E+02
  1.7000E+01  4.7213E+00  8.2481E+00  1.3449E+00  2.4122E-01  3.4865E-01  6.9528E-03  1.4391E-02  4.8313E-01  7.6724E+00  4.0004E+00  1.0000E+02
  1.7000E+01  4.7213E+00  8.2481E+00  1.3449E+00  2.4122E-01  3.4865E-01  6.9528E-03  1.4391E-02  4.8313E-01  7.6724E+00  4.0004E+00  1.0000E+02
  1.7000E+01  4.7213E+00  8.2481E+00  1.3449E+00  2.4122E-01  3.4865E-01  6.9528E-03  1.4391E-02  4.8313E-01  7.6724E+00  4.0004E+00  1.0000E+02
  1.7000E+01  4.7213E+00  8.2481E+00  1.3449E+00  2.4122E-01  3.4865E-01  6.9528E-03  1.4391E-02  4.8313E-01  7.6724E+00  4.0004E+00  1.0000E+02
  1.7000E+01  4.7213E+00  8.2481E+00  1.3449E+00  2.4122E-01  3.4865E-01  6.9528E-03  1.4391E-02  4.8313E-01  7.6724E+00  4.0004E+00  1.0000E+02
  1.7000E+01  4.7213E+00  8.2481E+00  1.3449E+00  2.4122E-01  3.4865E-01  6.9528E-03  1.4391E-02  4.8313E-01  7.6724E+00  4.0004E+00  1.0000E+02
  1.7000E+01  4.7213E+00  8.2481E+00  1.3449E+00  2.4122E-01  3.4865E-01  6.9528E-03  1.4391E-02  4.8313E-01  7.6724E+00  4.0004E+00  1.0000E+02
  1.7000E+01  4.7213E+00  8.2481E+00  1.3449E+00  2.4122E-01  3.4865E-01  6.9528E-03  1.4391E-02  4.8313E-01  7.6724E+00  4.0004E+00  1.0000E+02
  1.7000E+01  4.7213E+00  8.2481E+00  1.3449E+00  2.4122E-01  3.4865E-01  6.9528E-03  1.4391E-02  4.8313E-01  7.6724E+00  4.0004E+00  1.0000E+02
  1.7000E+01  4.7213E+00  8.2481E+00  1.3449E+00  2.4122E-01  3.4865E-01  6.9528E-03  1.4391E-02  4.8313E-01  7.6724E+00  4.0004E+00  1.0000E+02
