TABLE NO.  1
 ID          TIME        AMT         DV          MDV         IPRED       CWRES       IWRES       BQL         ROUTE       DV          PRED        RES         WRES
  1.0000E+00  0.0000E+00  2.9000E+04  0.0000E+00  1.0000E+00  0.0000E+00  0.0000E+00  0.0000E+00  0.0000E+00  1.0000E+00  0.0000E+00  1.0000E+00  0.0000E+00  0.0000E+00
  1.0000E+00  0.0000E+00  2.9000E+04  0.0000E+00  1.0000E+00  0.0000E+00  0.0000E+00  0.0000E+00  0.0000E+00  1.0000E+00  0.0000E+00  1.0000E+00  0.0000E+00  0.0000E+00
  1.0000E+00  0.0000E+00  0.0000E+00  0.0000E+00  0.0000E+00  0.0000E+00  0.0000E+00  0.0000E+00  0.0000E+00  1.0000E+00  0.0000E+00  1.0000E+00  0.0000E+00  0.0000E+00
  1.0000E+00  2.5000E-01  0.0000E+00  7.3000E-01  0.0000E+00  1.8986E+00  0.0000E+00 -1.2118E+00  0.0000E+00  1.0000E+00  7.3000E-01  5.2925E-02  0.0000E+00  0.0000E+00
  1.0000E+00  5.0000E-01  0.0000E+00  2.7500E+00  0.0000E+00  3.3010E+00  0.0000E+00 -3.2862E-01  0.0000E+00  1.0000E+00  2.7500E+00  9.2858E+00  0.0000E+00  0.0000E+00
  1.0000E+00  1.0000E+00  0.0000E+00  7.2700E+00  0.0000E+00  5.0061E+00  0.0000E+00  8.9036E-01  0.0000E+00  1.0000E+00  7.2700E+00  1.2927E+01  0.0000E+00  0.0000E+00
  1.0000E+00  2.0000E+00  0.0000E+00  6.4500E+00  0.0000E+00  5.8366E+00  0.0000E+00  2.0693E-01  0.0000E+00  1.0000E+00  6.4500E+00  1.3107E+01  0.0000E+00  0.0000E+00
  1.0000E+00  3.0000E+00  0.0000E+00  6.8500E+00  0.0000E+00  5.1971E+00  0.0000E+00  6.2619E-01  0.0000E+00  1.0000E+00  6.8500E+00  1.0537E+01  0.0000E+00  0.0000E+00
  1.0000E+00  4.0000E+00  0.0000E+00  4.2300E+00  0.0000E+00  4.1872E+00  0.0000E+00  2.0148E-02  0.0000E+00  1.0000E+00  4.2300E+00  7.9012E+00  0.0000E+00  0.0000E+00
  1.0000E+00  6.0000E+00  0.0000E+00  6.0300E+00  0.0000E+00  5.9541E+00  0.0000E+00  2.5109E-02  0.0000E+00  1.0000E+00  6.0300E+00  1.2485E+01  0.0000E+00  0.0000E+00
  1.0000E+00  8.0000E+00  0.0000E+00  8.1100E+00  0.0000E+00  5.6312E+00  0.0000E+00  8.6664E-01  0.0000E+00  1.0000E+00  8.1100E+00  1.1358E+01  0.0000E+00  0.0000E+00
  1.0000E+00  1.2000E+01  0.0000E+00  5.0000E-01  0.0000E+00  3.9596E+00  0.0000E+00 -1.7202E+00  1.0000E+00  1.0000E+00  5.0000E-01  4.5425E-02  0.0000E+00  0.0000E+00
  1.0000E+00  2.4000E+01  0.0000E+00  5.0000E-01  0.0000E+00  5.3016E-02  0.0000E+00  1.6599E+01  1.0000E+00  1.0000E+00  5.0000E-01  1.0000E+00  0.0000E+00  0.0000E+00
  3.0000E+00  0.0000E+00  5.4500E+03  0.0000E+00  1.0000E+00  1.7720E+03  0.0000E+00 -1.9688E+00  0.0000E+00  2.0000E+00  0.0000E+00  2.4572E-02  0.0000E+00  0.0000E+00
  3.0000E+00  1.7000E-02  0.0000E+00  2.5500E+03  0.0000E+00  1.7240E+03  0.0000E+00  9.4323E-01  0.0000E+00  2.0000E+00  2.5500E+03  1.2861E+03  0.0000E+00  0.0000E+00
  3.0000E+00  8.3500E-02  0.0000E+00  2.1100E+03  0.0000E+00  1.5487E+03  0.0000E+00  7.1354E-01  0.0000E+00  2.0000E+00  2.1100E+03  1.1878E+03  0.0000E+00  0.0000E+00
  3.0000E+00  2.5000E-01  0.0000E+00  1.4600E+03  0.0000E+00  1.1844E+03  0.0000E+00  4.5815E-01  0.0000E+00  2.0000E+00  1.4600E+03  9.7384E+02  0.0000E+00  0.0000E+00
  3.0000E+00  5.0000E-01  0.0000E+00  8.5300E+02  0.0000E+00  7.9265E+02  0.0000E+00  1.4990E-01  0.0000E+00  2.0000E+00  8.5300E+02  7.2320E+02  0.0000E+00  0.0000E+00
  3.0000E+00  1.0000E+00  0.0000E+00  5.5500E+02  0.0000E+00  3.5723E+02  0.0000E+00  1.0900E+00  0.0000E+00  2.0000E+00  5.5500E+02  4.0026E+02  0.0000E+00  0.0000E+00
  3.0000E+00  2.0000E+00  0.0000E+00  1.0300E+02  0.0000E+00  7.6951E+01  0.0000E+00  6.6650E-01  0.0000E+00  2.0000E+00  1.0300E+02  1.2585E+02  0.0000E+00  0.0000E+00
  3.0000E+00  4.0000E+00  0.0000E+00  7.4100E+00  0.0000E+00  8.6914E+00  0.0000E+00 -2.9027E-01  0.0000E+00  2.0000E+00  7.4100E+00  1.7015E+01  0.0000E+00  0.0000E+00
  3.0000E+00  6.0000E+00  0.0000E+00  4.4900E+00  0.0000E+00  4.3963E+00  0.0000E+00  4.1981E-02  0.0000E+00  2.0000E+00  4.4900E+00  5.6024E+00  0.0000E+00  0.0000E+00
  3.0000E+00  8.0000E+00  0.0000E+00  5.2500E+00  0.0000E+00  3.0617E+00  0.0000E+00  1.4072E+00  0.0000E+00  2.0000E+00  5.2500E+00  3.4079E+00  0.0000E+00  0.0000E+00
  3.0000E+00  1.2000E+01  0.0000E+00  2.4600E+00  0.0000E+00  1.5514E+00  0.0000E+00  1.1531E+00  0.0000E+00  2.0000E+00  2.4600E+00  1.6898E+00  0.0000E+00  0.0000E+00
  3.0000E+00  2.4000E+01  0.0000E+00  5.0000E-01  0.0000E+00  2.0264E-01  0.0000E+00  2.8891E+00  1.0000E+00  2.0000E+00  5.0000E-01  1.0000E+00  0.0000E+00  0.0000E+00
  4.0000E+00  0.0000E+00  5.9500E+03  0.0000E+00  1.0000E+00  2.3223E+03  0.0000E+00 -1.9688E+00  0.0000E+00  2.0000E+00  0.0000E+00  2.4564E-02  0.0000E+00  0.0000E+00
  4.0000E+00  1.7000E-02  0.0000E+00  2.3000E+03  0.0000E+00  2.2471E+03  0.0000E+00  4.6360E-02  0.0000E+00  2.0000E+00  2.3000E+03  1.4040E+03  0.0000E+00  0.0000E+00
  4.0000E+00  8.3500E-02  0.0000E+00  2.0000E+03  0.0000E+00  1.9756E+03  0.0000E+00  2.4275E-02  0.0000E+00  2.0000E+00  2.0000E+03  1.2968E+03  0.0000E+00  0.0000E+00
  4.0000E+00  2.5000E-01  0.0000E+00  1.2600E+03  0.0000E+00  1.4318E+03  0.0000E+00 -2.3628E-01  0.0000E+00  2.0000E+00  1.2600E+03  1.0632E+03  0.0000E+00  0.0000E+00
  4.0000E+00  5.0000E-01  0.0000E+00  7.3500E+02  0.0000E+00  8.8428E+02  0.0000E+00 -3.3236E-01  0.0000E+00  2.0000E+00  7.3500E+02  7.8954E+02  0.0000E+00  0.0000E+00
  4.0000E+00  1.0000E+00  0.0000E+00  4.3200E+02  0.0000E+00  3.4034E+02  0.0000E+00  5.3022E-01  0.0000E+00  2.0000E+00  4.3200E+02  4.3698E+02  0.0000E+00  0.0000E+00
  4.0000E+00  2.0000E+00  0.0000E+00  5.4600E+01  0.0000E+00  5.5985E+01  0.0000E+00 -4.8713E-02  0.0000E+00  2.0000E+00  5.4600E+01  1.3739E+02  0.0000E+00  0.0000E+00
  4.0000E+00  4.0000E+00  0.0000E+00  7.2500E+00  0.0000E+00  7.2935E+00  0.0000E+00 -1.1745E-02  0.0000E+00  2.0000E+00  7.2500E+00  1.8575E+01  0.0000E+00  0.0000E+00
  4.0000E+00  6.0000E+00  0.0000E+00  3.6500E+00  0.0000E+00  4.5293E+00  0.0000E+00 -3.8221E-01  0.0000E+00  2.0000E+00  3.6500E+00  6.1164E+00  0.0000E+00  0.0000E+00
  4.0000E+00  8.0000E+00  0.0000E+00  3.3200E+00  0.0000E+00  3.2115E+00  0.0000E+00  6.6518E-02  0.0000E+00  2.0000E+00  3.3200E+00  3.7206E+00  0.0000E+00  0.0000E+00
  4.0000E+00  1.2000E+01  0.0000E+00  1.6100E+00  0.0000E+00  1.6280E+00  0.0000E+00 -2.1818E-02  0.0000E+00  2.0000E+00  1.6100E+00  1.8448E+00  0.0000E+00  0.0000E+00
  4.0000E+00  2.4000E+01  0.0000E+00  5.0000E-01  0.0000E+00  2.1218E-01  0.0000E+00  2.6708E+00  1.0000E+00  2.0000E+00  5.0000E-01  1.0000E+00  0.0000E+00  0.0000E+00
  5.0000E+00  0.0000E+00  6.1000E+03  0.0000E+00  1.0000E+00  2.3079E+03  0.0000E+00 -1.9688E+00  0.0000E+00  2.0000E+00  0.0000E+00  2.4563E-02  0.0000E+00  0.0000E+00
  5.0000E+00  1.7000E-02  0.0000E+00  2.6900E+03  0.0000E+00  2.2354E+03  0.0000E+00  4.0037E-01  0.0000E+00  2.0000E+00  2.6900E+03  1.4394E+03  0.0000E+00  0.0000E+00
  5.0000E+00  8.3500E-02  0.0000E+00  2.0500E+03  0.0000E+00  1.9732E+03  0.0000E+00  7.6682E-02  0.0000E+00  2.0000E+00  2.0500E+03  1.3295E+03  0.0000E+00  0.0000E+00
  5.0000E+00  2.5000E-01  0.0000E+00  1.1600E+03  0.0000E+00  1.4442E+03  0.0000E+00 -3.8744E-01  0.0000E+00  2.0000E+00  1.1600E+03  1.0900E+03  0.0000E+00  0.0000E+00
  5.0000E+00  5.0000E-01  0.0000E+00  8.2000E+02  0.0000E+00  9.0515E+02  0.0000E+00 -1.8522E-01  0.0000E+00  2.0000E+00  8.2000E+02  8.0945E+02  0.0000E+00  0.0000E+00
  5.0000E+00  1.0000E+00  0.0000E+00  4.5600E+02  0.0000E+00  3.5858E+02  0.0000E+00  5.3487E-01  0.0000E+00  2.0000E+00  4.5600E+02  4.4800E+02  0.0000E+00  0.0000E+00
  5.0000E+00  2.0000E+00  0.0000E+00  5.7800E+01  0.0000E+00  6.1854E+01  0.0000E+00 -1.2904E-01  0.0000E+00  2.0000E+00  5.7800E+01  1.4086E+02  0.0000E+00  0.0000E+00
  5.0000E+00  4.0000E+00  0.0000E+00  6.8700E+00  0.0000E+00  7.7412E+00  0.0000E+00 -2.2158E-01  0.0000E+00  2.0000E+00  6.8700E+00  1.9044E+01  0.0000E+00  0.0000E+00
  5.0000E+00  6.0000E+00  0.0000E+00  6.0500E+00  0.0000E+00  4.6791E+00  0.0000E+00  5.7686E-01  0.0000E+00  2.0000E+00  6.0500E+00  6.2706E+00  0.0000E+00  0.0000E+00
  5.0000E+00  8.0000E+00  0.0000E+00  6.1100E+00  0.0000E+00  3.3128E+00  0.0000E+00  1.6625E+00  0.0000E+00  2.0000E+00  6.1100E+00  3.8144E+00  0.0000E+00  0.0000E+00
  5.0000E+00  1.2000E+01  0.0000E+00  1.7100E+00  0.0000E+00  1.6795E+00  0.0000E+00  3.5811E-02  0.0000E+00  2.0000E+00  1.7100E+00  1.8913E+00  0.0000E+00  0.0000E+00
  5.0000E+00  2.4000E+01  0.0000E+00  5.0000E-01  0.0000E+00  2.1895E-01  0.0000E+00  2.5272E+00  1.0000E+00  2.0000E+00  5.0000E-01  1.0000E+00  0.0000E+00  0.0000E+00
  6.0000E+00  0.0000E+00  2.1800E+04  0.0000E+00  1.0000E+00  0.0000E+00  0.0000E+00  0.0000E+00  0.0000E+00  1.0000E+00  0.0000E+00  1.0000E+00  0.0000E+00  0.0000E+00
  6.0000E+00  0.0000E+00  2.1800E+04  0.0000E+00  1.0000E+00  0.0000E+00  0.0000E+00  0.0000E+00  0.0000E+00  1.0000E+00  0.0000E+00  1.0000E+00  0.0000E+00  0.0000E+00
  6.0000E+00  0.0000E+00  0.0000E+00  0.0000E+00  0.0000E+00  0.0000E+00  0.0000E+00  0.0000E+00  0.0000E+00  1.0000E+00  0.0000E+00  1.0000E+00  0.0000E+00  0.0000E+00
  6.0000E+00  2.5000E-01  0.0000E+00  0.0000E+00  0.0000E+00  2.5001E+00  0.0000E+00 -1.9688E+00  0.0000E+00  1.0000E+00  0.0000E+00  6.6682E-02  0.0000E+00  0.0000E+00
  6.0000E+00  5.0000E-01  0.0000E+00  1.3900E+00  0.0000E+00  4.2539E+00  0.0000E+00 -1.3255E+00  0.0000E+00  1.0000E+00  1.3900E+00  6.9803E+00  0.0000E+00  0.0000E+00
  6.0000E+00  1.0000E+00  0.0000E+00  9.5800E+00  0.0000E+00  6.1983E+00  0.0000E+00  1.0742E+00  0.0000E+00  1.0000E+00  9.5800E+00  9.7172E+00  0.0000E+00  0.0000E+00
  6.0000E+00  2.0000E+00  0.0000E+00  9.5100E+00  0.0000E+00  6.7524E+00  0.0000E+00  8.0403E-01  0.0000E+00  1.0000E+00  9.5100E+00  9.8526E+00  0.0000E+00  0.0000E+00
  6.0000E+00  4.0000E+00  0.0000E+00  4.9900E+00  0.0000E+00  4.4158E+00  0.0000E+00  2.5599E-01  0.0000E+00  1.0000E+00  4.9900E+00  5.9395E+00  0.0000E+00  0.0000E+00
  6.0000E+00  6.0000E+00  0.0000E+00  3.2100E+00  0.0000E+00  6.5983E+00  0.0000E+00 -1.0110E+00  0.0000E+00  1.0000E+00  3.2100E+00  9.3855E+00  0.0000E+00  0.0000E+00
  6.0000E+00  8.0000E+00  0.0000E+00  9.1800E+00  0.0000E+00  6.1137E+00  0.0000E+00  9.8746E-01  0.0000E+00  1.0000E+00  9.1800E+00  8.5384E+00  0.0000E+00  0.0000E+00
  6.0000E+00  1.2000E+01  0.0000E+00  3.8300E+00  0.0000E+00  4.0635E+00  0.0000E+00 -1.1315E-01  0.0000E+00  1.0000E+00  3.8300E+00  5.3255E+00  0.0000E+00  0.0000E+00
  6.0000E+00  2.4000E+01  0.0000E+00  5.0000E-01  0.0000E+00  5.1754E-02  0.0000E+00  1.7052E+01  1.0000E+00  1.0000E+00  5.0000E-01  1.0000E+00  0.0000E+00  0.0000E+00
  7.0000E+00  0.0000E+00  2.3800E+04  0.0000E+00  1.0000E+00  0.0000E+00  0.0000E+00  0.0000E+00  0.0000E+00  1.0000E+00  0.0000E+00  1.0000E+00  0.0000E+00  0.0000E+00
  7.0000E+00  0.0000E+00  2.3800E+04  0.0000E+00  1.0000E+00  0.0000E+00  0.0000E+00  0.0000E+00  0.0000E+00  1.0000E+00  0.0000E+00  1.0000E+00  0.0000E+00  0.0000E+00
  7.0000E+00  0.0000E+00  0.0000E+00  0.0000E+00  0.0000E+00  0.0000E+00  0.0000E+00  0.0000E+00  0.0000E+00  1.0000E+00  0.0000E+00  1.0000E+00  0.0000E+00  0.0000E+00
  7.0000E+00  2.5000E-01  0.0000E+00  2.7200E+00  0.0000E+00  3.8245E+00  0.0000E+00 -5.6861E-01  0.0000E+00  1.0000E+00  2.7200E+00  4.5941E+00  0.0000E+00  0.0000E+00
  7.0000E+00  5.0000E-01  0.0000E+00  3.0600E+00  0.0000E+00  6.4815E+00  0.0000E+00 -1.0393E+00  0.0000E+00  1.0000E+00  3.0600E+00  7.6207E+00  0.0000E+00  0.0000E+00
  7.0000E+00  1.0000E+00  0.0000E+00  5.3900E+00  0.0000E+00  9.3755E+00  0.0000E+00 -8.3696E-01  0.0000E+00  1.0000E+00  5.3900E+00  1.0609E+01  0.0000E+00  0.0000E+00
  7.0000E+00  2.0000E+00  0.0000E+00  2.4700E+01  0.0000E+00  1.0093E+01  0.0000E+00  2.8493E+00  0.0000E+00  1.0000E+00  2.4700E+01  1.0756E+01  0.0000E+00  0.0000E+00
  7.0000E+00  4.0000E+00  0.0000E+00  3.7600E+00  0.0000E+00  6.5046E+00  0.0000E+00 -8.3076E-01  0.0000E+00  1.0000E+00  3.7600E+00  6.4845E+00  0.0000E+00  0.0000E+00
  7.0000E+00  6.0000E+00  0.0000E+00  3.1900E+00  0.0000E+00  9.8089E+00  0.0000E+00 -1.3285E+00  0.0000E+00  1.0000E+00  3.1900E+00  1.0247E+01  0.0000E+00  0.0000E+00
  7.0000E+00  8.0000E+00  0.0000E+00  6.4300E+00  0.0000E+00  9.0589E+00  0.0000E+00 -5.7136E-01  0.0000E+00  1.0000E+00  6.4300E+00  9.3217E+00  0.0000E+00  0.0000E+00
  7.0000E+00  1.2000E+01  0.0000E+00  4.9200E+00  0.0000E+00  5.9607E+00  0.0000E+00 -3.4374E-01  0.0000E+00  1.0000E+00  4.9200E+00  5.8141E+00  0.0000E+00  0.0000E+00
  7.0000E+00  2.4000E+01  0.0000E+00  5.0000E-01  0.0000E+00  7.5587E-02  0.0000E+00  1.1055E+01  1.0000E+00  1.0000E+00  5.0000E-01  1.0000E+00  0.0000E+00  0.0000E+00
  8.0000E+00  0.0000E+00  2.4400E+04  0.0000E+00  1.0000E+00  0.0000E+00  0.0000E+00  0.0000E+00  0.0000E+00  1.0000E+00  0.0000E+00  1.0000E+00  0.0000E+00  0.0000E+00
  8.0000E+00  0.0000E+00  2.4400E+04  0.0000E+00  1.0000E+00  0.0000E+00  0.0000E+00  0.0000E+00  0.0000E+00  1.0000E+00  0.0000E+00  1.0000E+00  0.0000E+00  0.0000E+00
  8.0000E+00  0.0000E+00  0.0000E+00  0.0000E+00  0.0000E+00  0.0000E+00  0.0000E+00  0.0000E+00  0.0000E+00  1.0000E+00  0.0000E+00  1.0000E+00  0.0000E+00  0.0000E+00
  8.0000E+00  2.5000E-01  0.0000E+00  4.4400E+00  0.0000E+00  4.6981E+00  0.0000E+00 -1.0818E-01  0.0000E+00  1.0000E+00  4.4400E+00  4.7099E+00  0.0000E+00  0.0000E+00
  8.0000E+00  5.0000E-01  0.0000E+00  9.7200E+00  0.0000E+00  7.4494E+00  0.0000E+00  6.0011E-01  0.0000E+00  1.0000E+00  9.7200E+00  7.8129E+00  0.0000E+00  0.0000E+00
  8.0000E+00  1.0000E+00  0.0000E+00  1.7700E+01  0.0000E+00  9.6027E+00  0.0000E+00  1.6602E+00  0.0000E+00  1.0000E+00  1.7700E+01  1.0876E+01  0.0000E+00  0.0000E+00
  8.0000E+00  2.0000E+00  0.0000E+00  7.3400E+00  0.0000E+00  8.7539E+00  0.0000E+00 -3.1801E-01  0.0000E+00  1.0000E+00  7.3400E+00  1.1028E+01  0.0000E+00  0.0000E+00
  8.0000E+00  4.0000E+00  0.0000E+00  4.9900E+00  0.0000E+00  4.8301E+00  0.0000E+00  6.5185E-02  0.0000E+00  1.0000E+00  4.9900E+00  6.6479E+00  0.0000E+00  0.0000E+00
  8.0000E+00  6.0000E+00  0.0000E+00  6.1800E+00  0.0000E+00  8.2530E+00  0.0000E+00 -4.9454E-01  0.0000E+00  1.0000E+00  6.1800E+00  1.0505E+01  0.0000E+00  0.0000E+00
  8.0000E+00  8.0000E+00  0.0000E+00  4.5600E+00  0.0000E+00  7.3575E+00  0.0000E+00 -7.4860E-01  0.0000E+00  1.0000E+00  4.5600E+00  9.5567E+00  0.0000E+00  0.0000E+00
  8.0000E+00  1.2000E+01  0.0000E+00  5.4200E+00  0.0000E+00  4.0942E+00  0.0000E+00  6.3756E-01  0.0000E+00  1.0000E+00  5.4200E+00  5.9606E+00  0.0000E+00  0.0000E+00
  8.0000E+00  2.4000E+01  0.0000E+00  5.0000E-01  0.0000E+00  5.3448E-02  0.0000E+00  1.6449E+01  1.0000E+00  1.0000E+00  5.0000E-01  1.0000E+00  0.0000E+00  0.0000E+00
  9.0000E+00  0.0000E+00  6.5700E+04  0.0000E+00  1.0000E+00  0.0000E+00  0.0000E+00  0.0000E+00  0.0000E+00  1.0000E+00  0.0000E+00  1.0000E+00  0.0000E+00  0.0000E+00
  9.0000E+00  0.0000E+00  6.5700E+04  0.0000E+00  1.0000E+00  0.0000E+00  0.0000E+00  0.0000E+00  0.0000E+00  1.0000E+00  0.0000E+00  1.0000E+00  0.0000E+00  0.0000E+00
  9.0000E+00  0.0000E+00  0.0000E+00  0.0000E+00  0.0000E+00  0.0000E+00  0.0000E+00  0.0000E+00  0.0000E+00  1.0000E+00  0.0000E+00  1.0000E+00  0.0000E+00  0.0000E+00
  9.0000E+00  2.5000E-01  0.0000E+00  6.1100E+01  0.0000E+00  4.9118E+01  0.0000E+00  4.8029E-01  0.0000E+00  1.0000E+00  6.1100E+01  1.2682E+01  0.0000E+00  0.0000E+00
  9.0000E+00  5.0000E-01  0.0000E+00  1.5100E+02  0.0000E+00  6.6147E+01  0.0000E+00  2.5256E+00  0.0000E+00  1.0000E+00  1.5100E+02  2.1037E+01  0.0000E+00  0.0000E+00
  9.0000E+00  1.0000E+00  0.0000E+00  6.1800E+01  0.0000E+00  6.7962E+01  0.0000E+00 -1.7850E-01  0.0000E+00  1.0000E+00  6.1800E+01  2.9285E+01  0.0000E+00  0.0000E+00
  9.0000E+00  2.0000E+00  0.0000E+00  2.9100E+01  0.0000E+00  5.0781E+01  0.0000E+00 -8.4060E-01  0.0000E+00  1.0000E+00  2.9100E+01  2.9693E+01  0.0000E+00  0.0000E+00
  9.0000E+00  4.0000E+00  0.0000E+00  1.2200E+01  0.0000E+00  2.6083E+01  0.0000E+00 -1.0479E+00  0.0000E+00  1.0000E+00  1.2200E+01  1.7900E+01  0.0000E+00  0.0000E+00
  9.0000E+00  6.0000E+00  0.0000E+00  3.5300E+01  0.0000E+00  4.9993E+01  0.0000E+00 -5.7866E-01  0.0000E+00  1.0000E+00  3.5300E+01  2.8286E+01  0.0000E+00  0.0000E+00
  9.0000E+00  8.0000E+00  0.0000E+00  3.1900E+01  0.0000E+00  4.4044E+01  0.0000E+00 -5.4285E-01  0.0000E+00  1.0000E+00  3.1900E+01  2.5733E+01  0.0000E+00  0.0000E+00
  9.0000E+00  1.2000E+01  0.0000E+00  2.0000E+01  0.0000E+00  1.5326E+01  0.0000E+00  6.0040E-01  0.0000E+00  1.0000E+00  2.0000E+01  1.6050E+01  0.0000E+00  0.0000E+00
  9.0000E+00  2.4000E+01  0.0000E+00  5.0000E-01  0.0000E+00  2.8730E-01  0.0000E+00  1.4576E+00  1.0000E+00  1.0000E+00  5.0000E-01  1.0000E+00  0.0000E+00  0.0000E+00
  1.0000E+01  0.0000E+00  7.0500E+04  0.0000E+00  1.0000E+00  0.0000E+00  0.0000E+00  0.0000E+00  0.0000E+00  1.0000E+00  0.0000E+00  1.0000E+00  0.0000E+00  0.0000E+00
  1.0000E+01  0.0000E+00  7.0500E+04  0.0000E+00  1.0000E+00  0.0000E+00  0.0000E+00  0.0000E+00  0.0000E+00  1.0000E+00  0.0000E+00  1.0000E+00  0.0000E+00  0.0000E+00
  1.0000E+01  0.0000E+00  0.0000E+00  0.0000E+00  0.0000E+00  0.0000E+00  0.0000E+00  0.0000E+00  0.0000E+00  1.0000E+00  0.0000E+00  1.0000E+00  0.0000E+00  0.0000E+00
  1.0000E+01  2.5000E-01  0.0000E+00  7.4900E+00  0.0000E+00  1.1887E+01  0.0000E+00 -7.2827E-01  0.0000E+00  1.0000E+00  7.4900E+00  1.3609E+01  0.0000E+00  0.0000E+00
  1.0000E+01  5.0000E-01  0.0000E+00  1.1400E+01  0.0000E+00  2.1171E+01  0.0000E+00 -9.0867E-01  0.0000E+00  1.0000E+00  1.1400E+01  2.2574E+01  0.0000E+00  0.0000E+00
  1.0000E+01  1.0000E+00  0.0000E+00  4.4700E+01  0.0000E+00  3.3618E+01  0.0000E+00  6.4903E-01  0.0000E+00  1.0000E+00  4.4700E+01  3.1425E+01  0.0000E+00  0.0000E+00
  1.0000E+01  2.0000E+00  0.0000E+00  4.1200E+01  0.0000E+00  4.2593E+01  0.0000E+00 -6.4396E-02  0.0000E+00  1.0000E+00  4.1200E+01  3.1863E+01  0.0000E+00  0.0000E+00
  1.0000E+01  4.0000E+00  0.0000E+00  4.5400E+01  0.0000E+00  3.4893E+01  0.0000E+00  5.9286E-01  0.0000E+00  1.0000E+00  4.5400E+01  1.9208E+01  0.0000E+00  0.0000E+00
  1.0000E+01  6.0000E+00  0.0000E+00  7.5200E+01  0.0000E+00  4.7349E+01  0.0000E+00  1.1581E+00  0.0000E+00  1.0000E+00  7.5200E+01  3.0352E+01  0.0000E+00  0.0000E+00
  1.0000E+01  8.0000E+00  0.0000E+00  7.7200E+01  0.0000E+00  4.6185E+01  0.0000E+00  1.3221E+00  0.0000E+00  1.0000E+00  7.7200E+01  2.7613E+01  0.0000E+00  0.0000E+00
  1.0000E+01  1.2000E+01  0.0000E+00  4.3900E+01  0.0000E+00  3.4880E+01  0.0000E+00  5.0914E-01  0.0000E+00  1.0000E+00  4.3900E+01  1.7222E+01  0.0000E+00  0.0000E+00
  1.0000E+01  2.4000E+01  0.0000E+00  5.0000E-01  0.0000E+00  5.5580E-01  0.0000E+00 -1.9766E-01  1.0000E+00  1.0000E+00  5.0000E-01  1.0000E+00  0.0000E+00  0.0000E+00
  1.1000E+01  0.0000E+00  7.8600E+04  0.0000E+00  1.0000E+00  0.0000E+00  0.0000E+00  0.0000E+00  0.0000E+00  1.0000E+00  0.0000E+00  1.0000E+00  0.0000E+00  0.0000E+00
  1.1000E+01  0.0000E+00  7.8600E+04  0.0000E+00  1.0000E+00  0.0000E+00  0.0000E+00  0.0000E+00  0.0000E+00  1.0000E+00  0.0000E+00  1.0000E+00  0.0000E+00  0.0000E+00
  1.1000E+01  0.0000E+00  0.0000E+00  0.0000E+00  0.0000E+00  0.0000E+00  0.0000E+00  0.0000E+00  0.0000E+00  1.0000E+00  0.0000E+00  1.0000E+00  0.0000E+00  0.0000E+00
  1.1000E+01  2.5000E-01  0.0000E+00  4.7300E+00  0.0000E+00  1.6151E+01  0.0000E+00 -1.3923E+00  0.0000E+00  1.0000E+00  4.7300E+00  1.5172E+01  0.0000E+00  0.0000E+00
  1.1000E+01  5.0000E-01  0.0000E+00  8.1400E+00  0.0000E+00  2.7959E+01  0.0000E+00 -1.3956E+00  0.0000E+00  1.0000E+00  8.1400E+00  2.5168E+01  0.0000E+00  0.0000E+00
  1.1000E+01  1.0000E+00  0.0000E+00  1.2200E+01  0.0000E+00  4.2058E+01  0.0000E+00 -1.3977E+00  0.0000E+00  1.0000E+00  1.2200E+01  3.5035E+01  0.0000E+00  0.0000E+00
  1.1000E+01  2.0000E+00  0.0000E+00  1.1000E+02  0.0000E+00  4.8345E+01  0.0000E+00  2.5109E+00  0.0000E+00  1.0000E+00  1.1000E+02  3.5523E+01  0.0000E+00  0.0000E+00
  1.1000E+01  4.0000E+00  0.0000E+00  1.7000E+01  0.0000E+00  3.3977E+01  0.0000E+00 -9.8377E-01  0.0000E+00  1.0000E+00  1.7000E+01  2.1415E+01  0.0000E+00  0.0000E+00
  1.1000E+01  6.0000E+00  0.0000E+00  1.3500E+01  0.0000E+00  4.8790E+01  0.0000E+00 -1.4241E+00  0.0000E+00  1.0000E+00  1.3500E+01  3.3840E+01  0.0000E+00  0.0000E+00
  1.1000E+01  8.0000E+00  0.0000E+00  4.1300E+01  0.0000E+00  4.5935E+01  0.0000E+00 -1.9865E-01  0.0000E+00  1.0000E+00  4.1300E+01  3.0785E+01  0.0000E+00  0.0000E+00
  1.1000E+01  1.2000E+01  0.0000E+00  4.7700E+01  0.0000E+00  3.1924E+01  0.0000E+00  9.7294E-01  0.0000E+00  1.0000E+00  4.7700E+01  1.9201E+01  0.0000E+00  0.0000E+00
  1.1000E+01  2.4000E+01  0.0000E+00  5.0000E-01  0.0000E+00  4.2117E-01  0.0000E+00  3.6850E-01  1.0000E+00  1.0000E+00  5.0000E-01  1.0000E+00  0.0000E+00  0.0000E+00
  1.5000E+01  0.0000E+00  2.2700E+05  0.0000E+00  1.0000E+00  0.0000E+00  0.0000E+00  0.0000E+00  0.0000E+00  1.0000E+00  0.0000E+00  1.0000E+00  0.0000E+00  0.0000E+00
  1.5000E+01  0.0000E+00  2.2700E+05  0.0000E+00  1.0000E+00  0.0000E+00  0.0000E+00  0.0000E+00  0.0000E+00  1.0000E+00  0.0000E+00  1.0000E+00  0.0000E+00  0.0000E+00
  1.5000E+01  0.0000E+00  0.0000E+00  0.0000E+00  0.0000E+00  0.0000E+00  0.0000E+00  0.0000E+00  0.0000E+00  1.0000E+00  0.0000E+00  1.0000E+00  0.0000E+00  0.0000E+00
  1.5000E+01  2.5000E-01  0.0000E+00  1.1600E+01  0.0000E+00  1.9566E+01  0.0000E+00 -8.0157E-01  0.0000E+00  1.0000E+00  1.1600E+01  4.3818E+01  0.0000E+00  0.0000E+00
  1.5000E+01  5.0000E-01  0.0000E+00  4.0600E+01  0.0000E+00  3.3234E+01  0.0000E+00  4.3637E-01  0.0000E+00  1.0000E+00  4.0600E+01  7.2685E+01  0.0000E+00  0.0000E+00
  1.5000E+01  1.0000E+00  0.0000E+00  7.2100E+01  0.0000E+00  4.8274E+01  0.0000E+00  9.7174E-01  0.0000E+00  1.0000E+00  7.2100E+01  1.0118E+02  0.0000E+00  0.0000E+00
  1.5000E+01  2.0000E+00  0.0000E+00  3.9700E+01  0.0000E+00  5.2322E+01  0.0000E+00 -4.7496E-01  0.0000E+00  1.0000E+00  3.9700E+01  1.0259E+02  0.0000E+00  0.0000E+00
  1.5000E+01  4.0000E+00  0.0000E+00  4.5700E+01  0.0000E+00  3.4000E+01  0.0000E+00  6.7752E-01  0.0000E+00  1.0000E+00  4.5700E+01  6.1848E+01  0.0000E+00  0.0000E+00
  1.5000E+01  6.0000E+00  0.0000E+00  6.1800E+01  0.0000E+00  5.1004E+01  0.0000E+00  4.1675E-01  0.0000E+00  1.0000E+00  6.1800E+01  9.7730E+01  0.0000E+00  0.0000E+00
  1.5000E+01  8.0000E+00  0.0000E+00  5.6100E+01  0.0000E+00  4.7191E+01  0.0000E+00  3.7168E-01  0.0000E+00  1.0000E+00  5.6100E+01  8.8909E+01  0.0000E+00  0.0000E+00
  1.5000E+01  1.2000E+01  0.0000E+00  2.7000E+01  0.0000E+00  3.1231E+01  0.0000E+00 -2.6672E-01  0.0000E+00  1.0000E+00  2.7000E+01  5.5453E+01  0.0000E+00  0.0000E+00
  1.5000E+01  2.4000E+01  0.0000E+00  5.0000E-01  0.0000E+00  3.9697E-01  0.0000E+00  5.1102E-01  1.0000E+00  1.0000E+00  5.0000E-01  8.0293E-01  0.0000E+00  0.0000E+00
  1.6000E+01  0.0000E+00  2.1500E+05  0.0000E+00  1.0000E+00  0.0000E+00  0.0000E+00  0.0000E+00  0.0000E+00  1.0000E+00  0.0000E+00  1.0000E+00  0.0000E+00  0.0000E+00
  1.6000E+01  0.0000E+00  2.1500E+05  0.0000E+00  1.0000E+00  0.0000E+00  0.0000E+00  0.0000E+00  0.0000E+00  1.0000E+00  0.0000E+00  1.0000E+00  0.0000E+00  0.0000E+00
  1.6000E+01  0.0000E+00  0.0000E+00  0.0000E+00  0.0000E+00  0.0000E+00  0.0000E+00  0.0000E+00  0.0000E+00  1.0000E+00  0.0000E+00  1.0000E+00  0.0000E+00  0.0000E+00
  1.6000E+01  2.5000E-01  0.0000E+00  6.4700E+00  0.0000E+00  5.9764E+01  0.0000E+00 -1.7557E+00  0.0000E+00  1.0000E+00  6.4700E+00  4.1501E+01  0.0000E+00  0.0000E+00
  1.6000E+01  5.0000E-01  0.0000E+00  1.1400E+01  0.0000E+00  1.0181E+02  0.0000E+00 -1.7484E+00  0.0000E+00  1.0000E+00  1.1400E+01  6.8843E+01  0.0000E+00  0.0000E+00
  1.6000E+01  1.0000E+00  0.0000E+00  1.5500E+02  0.0000E+00  1.4869E+02  0.0000E+00  8.3520E-02  0.0000E+00  1.0000E+00  1.5500E+02  9.5835E+01  0.0000E+00  0.0000E+00
  1.6000E+01  2.0000E+00  0.0000E+00  1.9400E+02  0.0000E+00  1.6260E+02  0.0000E+00  3.8026E-01  0.0000E+00  1.0000E+00  1.9400E+02  9.7170E+01  0.0000E+00  0.0000E+00
  1.6000E+01  4.0000E+00  0.0000E+00  8.8000E+01  0.0000E+00  1.0684E+02  0.0000E+00 -3.4714E-01  0.0000E+00  1.0000E+00  8.8000E+01  5.8578E+01  0.0000E+00  0.0000E+00
  1.6000E+01  6.0000E+00  0.0000E+00  3.2400E+02  0.0000E+00  1.5918E+02  0.0000E+00  2.0386E+00  0.0000E+00  1.0000E+00  3.2400E+02  9.2564E+01  0.0000E+00  0.0000E+00
  1.6000E+01  8.0000E+00  0.0000E+00  2.5300E+02  0.0000E+00  1.4764E+02  0.0000E+00  1.4049E+00  0.0000E+00  1.0000E+00  2.5300E+02  8.4209E+01  0.0000E+00  0.0000E+00
  1.6000E+01  1.2000E+01  0.0000E+00  7.2500E+01  0.0000E+00  9.8445E+01  0.0000E+00 -5.1889E-01  0.0000E+00  1.0000E+00  7.2500E+01  5.2522E+01  0.0000E+00  0.0000E+00
  1.6000E+01  2.4000E+01  0.0000E+00  5.0000E-01  0.0000E+00  1.2558E+00  0.0000E+00 -1.1850E+00  1.0000E+00  1.0000E+00  5.0000E-01  8.4365E-01  0.0000E+00  0.0000E+00
  1.7000E+01  0.0000E+00  2.4900E+05  0.0000E+00  1.0000E+00  0.0000E+00  0.0000E+00  0.0000E+00  0.0000E+00  1.0000E+00  0.0000E+00  1.0000E+00  0.0000E+00  0.0000E+00
  1.7000E+01  0.0000E+00  2.4900E+05  0.0000E+00  1.0000E+00  0.0000E+00  0.0000E+00  0.0000E+00  0.0000E+00  1.0000E+00  0.0000E+00  1.0000E+00  0.0000E+00  0.0000E+00
  1.7000E+01  0.0000E+00  0.0000E+00  0.0000E+00  0.0000E+00  0.0000E+00  0.0000E+00  0.0000E+00  0.0000E+00  1.0000E+00  0.0000E+00  1.0000E+00  0.0000E+00  0.0000E+00
  1.7000E+01  2.5000E-01  0.0000E+00  1.0800E+01  0.0000E+00  1.6250E+01  0.0000E+00 -6.6030E-01  0.0000E+00  1.0000E+00  1.0800E+01  4.8064E+01  0.0000E+00  0.0000E+00
  1.7000E+01  5.0000E-01  0.0000E+00  1.7400E+01  0.0000E+00  2.8879E+01  0.0000E+00 -7.8257E-01  0.0000E+00  1.0000E+00  1.7400E+01  7.9730E+01  0.0000E+00  0.0000E+00
  1.7000E+01  1.0000E+00  0.0000E+00  4.2300E+01  0.0000E+00  4.5666E+01  0.0000E+00 -1.4514E-01  0.0000E+00  1.0000E+00  4.2300E+01  1.1099E+02  0.0000E+00  0.0000E+00
  1.7000E+01  2.0000E+00  0.0000E+00  4.8500E+01  0.0000E+00  5.7411E+01  0.0000E+00 -3.0560E-01  0.0000E+00  1.0000E+00  4.8500E+01  1.1254E+02  0.0000E+00  0.0000E+00
  1.7000E+01  4.0000E+00  0.0000E+00  5.4500E+01  0.0000E+00  4.6414E+01  0.0000E+00  3.4298E-01  0.0000E+00  1.0000E+00  5.4500E+01  6.7842E+01  0.0000E+00  0.0000E+00
  1.7000E+01  6.0000E+00  0.0000E+00  1.3500E+02  0.0000E+00  6.3198E+01  0.0000E+00  2.2369E+00  0.0000E+00  1.0000E+00  1.3500E+02  1.0720E+02  0.0000E+00  0.0000E+00
  1.7000E+01  8.0000E+00  0.0000E+00  6.3900E+01  0.0000E+00  6.1444E+01  0.0000E+00  7.8684E-02  0.0000E+00  1.0000E+00  6.3900E+01  9.7525E+01  0.0000E+00  0.0000E+00
  1.7000E+01  1.2000E+01  0.0000E+00  3.6300E+01  0.0000E+00  4.6077E+01  0.0000E+00 -4.1777E-01  0.0000E+00  1.0000E+00  3.6300E+01  6.0828E+01  0.0000E+00  0.0000E+00
  1.7000E+01  2.4000E+01  0.0000E+00  5.0000E-01  0.0000E+00  7.1564E-01  0.0000E+00 -5.9325E-01  1.0000E+00  1.0000E+00  5.0000E-01  7.2671E-01  0.0000E+00  0.0000E+00
