TABLE NO.  2
 ID          CL          V2          V3          Q           KA          F1          FF          FA          D2          ALAG2       DOSE
  1.0000E+00  4.8386E+00  1.0886E+01  1.4677E+00  2.4583E-01  2.9788E-01  7.7749E-03  1.2427E-02  6.2567E-01  7.9224E+00  4.0002E+00  1.2500E+01
  1.0000E+00  4.8386E+00  1.0886E+01  1.4677E+00  2.4583E-01  2.9788E-01  7.7749E-03  1.2427E-02  6.2567E-01  7.9224E+00  4.0002E+00  1.2500E+01
  1.0000E+00  4.8386E+00  1.0886E+01  1.4677E+00  2.4583E-01  2.9788E-01  7.7749E-03  1.2427E-02  6.2567E-01  7.9224E+00  4.0002E+00  1.2500E+01
  1.0000E+00  4.8386E+00  1.0886E+01  1.4677E+00  2.4583E-01  2.9788E-01  7.7749E-03  1.2427E-02  6.2567E-01  7.9224E+00  4.0002E+00  1.2500E+01
  1.0000E+00  4.8386E+00  1.0886E+01  1.4677E+00  2.4583E-01  2.9788E-01  7.7749E-03  1.2427E-02  6.2567E-01  7.9224E+00  4.0002E+00  1.2500E+01
  1.0000E+00  4.8386E+00  1.0886E+01  1.4677E+00  2.4583E-01  2.9788E-01  7.7749E-03  1.2427E-02  6.2567E-01  7.9224E+00  4.0002E+00  1.2500E+01
  1.0000E+00  4.8386E+00  1.0886E+01  1.4677E+00  2.4583E-01  2.9788E-01  7.7749E-03  1.2427E-02  6.2567E-01  7.9224E+00  4.0002E+00  1.2500E+01
  1.0000E+00  4.8386E+00  1.0886E+01  1.4677E+00  2.4583E-01  2.9788E-01  7.7749E-03  1.2427E-02  6.2567E-01  7.9224E+00  4.0002E+00  1.2500E+01
  1.0000E+00  4.8386E+00  1.0886E+01  1.4677E+00  2.4583E-01  2.9788E-01  7.7749E-03  1.2427E-02  6.2567E-01  7.9224E+00  4.0002E+00  1.2500E+01
  1.0000E+00  4.8386E+00  1.0886E+01  1.4677E+00  2.4583E-01  2.9788E-01  7.7749E-03  1.2427E-02  6.2567E-01  7.9224E+00  4.0002E+00  1.2500E+01
  1.0000E+00  4.8386E+00  1.0886E+01  1.4677E+00  2.4583E-01  2.9788E-01  7.7749E-03  1.2427E-02  6.2567E-01  7.9224E+00  4.0002E+00  1.2500E+01
  1.0000E+00  4.8386E+00  1.0886E+01  1.4677E+00  2.4583E-01  2.9788E-01  7.7749E-03  1.2427E-02  6.2567E-01  7.9224E+00  4.0002E+00  1.2500E+01
  1.0000E+00  4.8386E+00  1.0886E+01  1.4677E+00  2.4583E-01  2.9788E-01  7.7749E-03  1.2427E-02  6.2567E-01  7.9224E+00  4.0002E+00  1.2500E+01
  2.0000E+00  4.8386E+00  1.8710E+01  1.4677E+00  2.4583E-01  2.9788E-01  1.1693E-02  1.8690E-02  6.2567E-01  7.9224E+00  4.0002E+00  1.2500E+01
  2.0000E+00  4.8386E+00  1.8710E+01  1.4677E+00  2.4583E-01  2.9788E-01  1.1693E-02  1.8690E-02  6.2567E-01  7.9224E+00  4.0002E+00  1.2500E+01
  2.0000E+00  4.8386E+00  1.8710E+01  1.4677E+00  2.4583E-01  2.9788E-01  1.1693E-02  1.8690E-02  6.2567E-01  7.9224E+00  4.0002E+00  1.2500E+01
  2.0000E+00  4.8386E+00  1.8710E+01  1.4677E+00  2.4583E-01  2.9788E-01  1.1693E-02  1.8690E-02  6.2567E-01  7.9224E+00  4.0002E+00  1.2500E+01
  2.0000E+00  4.8386E+00  1.8710E+01  1.4677E+00  2.4583E-01  2.9788E-01  1.1693E-02  1.8690E-02  6.2567E-01  7.9224E+00  4.0002E+00  1.2500E+01
  2.0000E+00  4.8386E+00  1.8710E+01  1.4677E+00  2.4583E-01  2.9788E-01  1.1693E-02  1.8690E-02  6.2567E-01  7.9224E+00  4.0002E+00  1.2500E+01
  2.0000E+00  4.8386E+00  1.8710E+01  1.4677E+00  2.4583E-01  2.9788E-01  1.1693E-02  1.8690E-02  6.2567E-01  7.9224E+00  4.0002E+00  1.2500E+01
  2.0000E+00  4.8386E+00  1.8710E+01  1.4677E+00  2.4583E-01  2.9788E-01  1.1693E-02  1.8690E-02  6.2567E-01  7.9224E+00  4.0002E+00  1.2500E+01
  2.0000E+00  4.8386E+00  1.8710E+01  1.4677E+00  2.4583E-01  2.9788E-01  1.1693E-02  1.8690E-02  6.2567E-01  7.9224E+00  4.0002E+00  1.2500E+01
  2.0000E+00  4.8386E+00  1.8710E+01  1.4677E+00  2.4583E-01  2.9788E-01  1.1693E-02  1.8690E-02  6.2567E-01  7.9224E+00  4.0002E+00  1.2500E+01
  2.0000E+00  4.8386E+00  1.8710E+01  1.4677E+00  2.4583E-01  2.9788E-01  1.1693E-02  1.8690E-02  6.2567E-01  7.9224E+00  4.0002E+00  1.2500E+01
  2.0000E+00  4.8386E+00  1.8710E+01  1.4677E+00  2.4583E-01  2.9788E-01  1.1693E-02  1.8690E-02  6.2567E-01  7.9224E+00  4.0002E+00  1.2500E+01
  2.0000E+00  4.8386E+00  1.8710E+01  1.4677E+00  2.4583E-01  2.9788E-01  1.1693E-02  1.8690E-02  6.2567E-01  7.9224E+00  4.0002E+00  1.2500E+01
  3.0000E+00  4.8386E+00  3.1479E+00  1.4677E+00  2.4583E-01  2.9788E-01  1.0000E+00  1.9752E-02  6.2567E-01  7.9224E+00  0.0000E+00  2.5000E+00
  3.0000E+00  4.8386E+00  3.1479E+00  1.4677E+00  2.4583E-01  2.9788E-01  1.0000E+00  1.9752E-02  6.2567E-01  7.9224E+00  0.0000E+00  2.5000E+00
  3.0000E+00  4.8386E+00  3.1479E+00  1.4677E+00  2.4583E-01  2.9788E-01  1.0000E+00  1.9752E-02  6.2567E-01  7.9224E+00  0.0000E+00  2.5000E+00
  3.0000E+00  4.8386E+00  3.1479E+00  1.4677E+00  2.4583E-01  2.9788E-01  1.0000E+00  1.9752E-02  6.2567E-01  7.9224E+00  0.0000E+00  2.5000E+00
  3.0000E+00  4.8386E+00  3.1479E+00  1.4677E+00  2.4583E-01  2.9788E-01  1.0000E+00  1.9752E-02  6.2567E-01  7.9224E+00  0.0000E+00  2.5000E+00
  3.0000E+00  4.8386E+00  3.1479E+00  1.4677E+00  2.4583E-01  2.9788E-01  1.0000E+00  1.9752E-02  6.2567E-01  7.9224E+00  0.0000E+00  2.5000E+00
  3.0000E+00  4.8386E+00  3.1479E+00  1.4677E+00  2.4583E-01  2.9788E-01  1.0000E+00  1.9752E-02  6.2567E-01  7.9224E+00  0.0000E+00  2.5000E+00
  3.0000E+00  4.8386E+00  3.1479E+00  1.4677E+00  2.4583E-01  2.9788E-01  1.0000E+00  1.9752E-02  6.2567E-01  7.9224E+00  0.0000E+00  2.5000E+00
  3.0000E+00  4.8386E+00  3.1479E+00  1.4677E+00  2.4583E-01  2.9788E-01  1.0000E+00  1.9752E-02  6.2567E-01  7.9224E+00  0.0000E+00  2.5000E+00
  3.0000E+00  4.8386E+00  3.1479E+00  1.4677E+00  2.4583E-01  2.9788E-01  1.0000E+00  1.9752E-02  6.2567E-01  7.9224E+00  0.0000E+00  2.5000E+00
  3.0000E+00  4.8386E+00  3.1479E+00  1.4677E+00  2.4583E-01  2.9788E-01  1.0000E+00  1.9752E-02  6.2567E-01  7.9224E+00  0.0000E+00  2.5000E+00
  3.0000E+00  4.8386E+00  3.1479E+00  1.4677E+00  2.4583E-01  2.9788E-01  1.0000E+00  1.9752E-02  6.2567E-01  7.9224E+00  0.0000E+00  2.5000E+00
  4.0000E+00  4.8386E+00  2.6073E+00  1.4677E+00  2.4583E-01  2.9788E-01  1.0000E+00  1.9752E-02  6.2567E-01  7.9224E+00  0.0000E+00  2.5000E+00
  4.0000E+00  4.8386E+00  2.6073E+00  1.4677E+00  2.4583E-01  2.9788E-01  1.0000E+00  1.9752E-02  6.2567E-01  7.9224E+00  0.0000E+00  2.5000E+00
  4.0000E+00  4.8386E+00  2.6073E+00  1.4677E+00  2.4583E-01  2.9788E-01  1.0000E+00  1.9752E-02  6.2567E-01  7.9224E+00  0.0000E+00  2.5000E+00
  4.0000E+00  4.8386E+00  2.6073E+00  1.4677E+00  2.4583E-01  2.9788E-01  1.0000E+00  1.9752E-02  6.2567E-01  7.9224E+00  0.0000E+00  2.5000E+00
  4.0000E+00  4.8386E+00  2.6073E+00  1.4677E+00  2.4583E-01  2.9788E-01  1.0000E+00  1.9752E-02  6.2567E-01  7.9224E+00  0.0000E+00  2.5000E+00
  4.0000E+00  4.8386E+00  2.6073E+00  1.4677E+00  2.4583E-01  2.9788E-01  1.0000E+00  1.9752E-02  6.2567E-01  7.9224E+00  0.0000E+00  2.5000E+00
  4.0000E+00  4.8386E+00  2.6073E+00  1.4677E+00  2.4583E-01  2.9788E-01  1.0000E+00  1.9752E-02  6.2567E-01  7.9224E+00  0.0000E+00  2.5000E+00
  4.0000E+00  4.8386E+00  2.6073E+00  1.4677E+00  2.4583E-01  2.9788E-01  1.0000E+00  1.9752E-02  6.2567E-01  7.9224E+00  0.0000E+00  2.5000E+00
  4.0000E+00  4.8386E+00  2.6073E+00  1.4677E+00  2.4583E-01  2.9788E-01  1.0000E+00  1.9752E-02  6.2567E-01  7.9224E+00  0.0000E+00  2.5000E+00
  4.0000E+00  4.8386E+00  2.6073E+00  1.4677E+00  2.4583E-01  2.9788E-01  1.0000E+00  1.9752E-02  6.2567E-01  7.9224E+00  0.0000E+00  2.5000E+00
  4.0000E+00  4.8386E+00  2.6073E+00  1.4677E+00  2.4583E-01  2.9788E-01  1.0000E+00  1.9752E-02  6.2567E-01  7.9224E+00  0.0000E+00  2.5000E+00
  4.0000E+00  4.8386E+00  2.6073E+00  1.4677E+00  2.4583E-01  2.9788E-01  1.0000E+00  1.9752E-02  6.2567E-01  7.9224E+00  0.0000E+00  2.5000E+00
  5.0000E+00  4.8386E+00  2.6824E+00  1.4677E+00  2.4583E-01  2.9788E-01  1.0000E+00  1.9752E-02  6.2567E-01  7.9224E+00  0.0000E+00  2.5000E+00
  5.0000E+00  4.8386E+00  2.6824E+00  1.4677E+00  2.4583E-01  2.9788E-01  1.0000E+00  1.9752E-02  6.2567E-01  7.9224E+00  0.0000E+00  2.5000E+00
  5.0000E+00  4.8386E+00  2.6824E+00  1.4677E+00  2.4583E-01  2.9788E-01  1.0000E+00  1.9752E-02  6.2567E-01  7.9224E+00  0.0000E+00  2.5000E+00
  5.0000E+00  4.8386E+00  2.6824E+00  1.4677E+00  2.4583E-01  2.9788E-01  1.0000E+00  1.9752E-02  6.2567E-01  7.9224E+00  0.0000E+00  2.5000E+00
  5.0000E+00  4.8386E+00  2.6824E+00  1.4677E+00  2.4583E-01  2.9788E-01  1.0000E+00  1.9752E-02  6.2567E-01  7.9224E+00  0.0000E+00  2.5000E+00
  5.0000E+00  4.8386E+00  2.6824E+00  1.4677E+00  2.4583E-01  2.9788E-01  1.0000E+00  1.9752E-02  6.2567E-01  7.9224E+00  0.0000E+00  2.5000E+00
  5.0000E+00  4.8386E+00  2.6824E+00  1.4677E+00  2.4583E-01  2.9788E-01  1.0000E+00  1.9752E-02  6.2567E-01  7.9224E+00  0.0000E+00  2.5000E+00
  5.0000E+00  4.8386E+00  2.6824E+00  1.4677E+00  2.4583E-01  2.9788E-01  1.0000E+00  1.9752E-02  6.2567E-01  7.9224E+00  0.0000E+00  2.5000E+00
  5.0000E+00  4.8386E+00  2.6824E+00  1.4677E+00  2.4583E-01  2.9788E-01  1.0000E+00  1.9752E-02  6.2567E-01  7.9224E+00  0.0000E+00  2.5000E+00
  5.0000E+00  4.8386E+00  2.6824E+00  1.4677E+00  2.4583E-01  2.9788E-01  1.0000E+00  1.9752E-02  6.2567E-01  7.9224E+00  0.0000E+00  2.5000E+00
  5.0000E+00  4.8386E+00  2.6824E+00  1.4677E+00  2.4583E-01  2.9788E-01  1.0000E+00  1.9752E-02  6.2567E-01  7.9224E+00  0.0000E+00  2.5000E+00
  5.0000E+00  4.8386E+00  2.6824E+00  1.4677E+00  2.4583E-01  2.9788E-01  1.0000E+00  1.9752E-02  6.2567E-01  7.9224E+00  0.0000E+00  2.5000E+00
  6.0000E+00  4.8386E+00  7.9966E+00  1.4677E+00  2.4583E-01  2.9788E-01  1.0572E-02  1.6898E-02  6.2567E-01  7.9224E+00  4.0002E+00  1.0000E+01
  6.0000E+00  4.8386E+00  7.9966E+00  1.4677E+00  2.4583E-01  2.9788E-01  1.0572E-02  1.6898E-02  6.2567E-01  7.9224E+00  4.0002E+00  1.0000E+01
  6.0000E+00  4.8386E+00  7.9966E+00  1.4677E+00  2.4583E-01  2.9788E-01  1.0572E-02  1.6898E-02  6.2567E-01  7.9224E+00  4.0002E+00  1.0000E+01
  6.0000E+00  4.8386E+00  7.9966E+00  1.4677E+00  2.4583E-01  2.9788E-01  1.0572E-02  1.6898E-02  6.2567E-01  7.9224E+00  4.0002E+00  1.0000E+01
  6.0000E+00  4.8386E+00  7.9966E+00  1.4677E+00  2.4583E-01  2.9788E-01  1.0572E-02  1.6898E-02  6.2567E-01  7.9224E+00  4.0002E+00  1.0000E+01
  6.0000E+00  4.8386E+00  7.9966E+00  1.4677E+00  2.4583E-01  2.9788E-01  1.0572E-02  1.6898E-02  6.2567E-01  7.9224E+00  4.0002E+00  1.0000E+01
  6.0000E+00  4.8386E+00  7.9966E+00  1.4677E+00  2.4583E-01  2.9788E-01  1.0572E-02  1.6898E-02  6.2567E-01  7.9224E+00  4.0002E+00  1.0000E+01
  6.0000E+00  4.8386E+00  7.9966E+00  1.4677E+00  2.4583E-01  2.9788E-01  1.0572E-02  1.6898E-02  6.2567E-01  7.9224E+00  4.0002E+00  1.0000E+01
  6.0000E+00  4.8386E+00  7.9966E+00  1.4677E+00  2.4583E-01  2.9788E-01  1.0572E-02  1.6898E-02  6.2567E-01  7.9224E+00  4.0002E+00  1.0000E+01
  6.0000E+00  4.8386E+00  7.9966E+00  1.4677E+00  2.4583E-01  2.9788E-01  1.0572E-02  1.6898E-02  6.2567E-01  7.9224E+00  4.0002E+00  1.0000E+01
  6.0000E+00  4.8386E+00  7.9966E+00  1.4677E+00  2.4583E-01  2.9788E-01  1.0572E-02  1.6898E-02  6.2567E-01  7.9224E+00  4.0002E+00  1.0000E+01
  6.0000E+00  4.8386E+00  7.9966E+00  1.4677E+00  2.4583E-01  2.9788E-01  1.0572E-02  1.6898E-02  6.2567E-01  7.9224E+00  4.0002E+00  1.0000E+01
  7.0000E+00  4.8386E+00  6.1679E+00  1.4677E+00  2.4583E-01  2.9788E-01  1.2664E-02  2.0241E-02  6.2567E-01  7.9224E+00  4.0002E+00  1.0000E+01
  7.0000E+00  4.8386E+00  6.1679E+00  1.4677E+00  2.4583E-01  2.9788E-01  1.2664E-02  2.0241E-02  6.2567E-01  7.9224E+00  4.0002E+00  1.0000E+01
  7.0000E+00  4.8386E+00  6.1679E+00  1.4677E+00  2.4583E-01  2.9788E-01  1.2664E-02  2.0241E-02  6.2567E-01  7.9224E+00  4.0002E+00  1.0000E+01
  7.0000E+00  4.8386E+00  6.1679E+00  1.4677E+00  2.4583E-01  2.9788E-01  1.2664E-02  2.0241E-02  6.2567E-01  7.9224E+00  4.0002E+00  1.0000E+01
  7.0000E+00  4.8386E+00  6.1679E+00  1.4677E+00  2.4583E-01  2.9788E-01  1.2664E-02  2.0241E-02  6.2567E-01  7.9224E+00  4.0002E+00  1.0000E+01
  7.0000E+00  4.8386E+00  6.1679E+00  1.4677E+00  2.4583E-01  2.9788E-01  1.2664E-02  2.0241E-02  6.2567E-01  7.9224E+00  4.0002E+00  1.0000E+01
  7.0000E+00  4.8386E+00  6.1679E+00  1.4677E+00  2.4583E-01  2.9788E-01  1.2664E-02  2.0241E-02  6.2567E-01  7.9224E+00  4.0002E+00  1.0000E+01
  7.0000E+00  4.8386E+00  6.1679E+00  1.4677E+00  2.4583E-01  2.9788E-01  1.2664E-02  2.0241E-02  6.2567E-01  7.9224E+00  4.0002E+00  1.0000E+01
  7.0000E+00  4.8386E+00  6.1679E+00  1.4677E+00  2.4583E-01  2.9788E-01  1.2664E-02  2.0241E-02  6.2567E-01  7.9224E+00  4.0002E+00  1.0000E+01
  7.0000E+00  4.8386E+00  6.1679E+00  1.4677E+00  2.4583E-01  2.9788E-01  1.2664E-02  2.0241E-02  6.2567E-01  7.9224E+00  4.0002E+00  1.0000E+01
  7.0000E+00  4.8386E+00  6.1679E+00  1.4677E+00  2.4583E-01  2.9788E-01  1.2664E-02  2.0241E-02  6.2567E-01  7.9224E+00  4.0002E+00  1.0000E+01
  7.0000E+00  4.8386E+00  6.1679E+00  1.4677E+00  2.4583E-01  2.9788E-01  1.2664E-02  2.0241E-02  6.2567E-01  7.9224E+00  4.0002E+00  1.0000E+01
  8.0000E+00  4.8386E+00  3.0277E+00  1.4677E+00  2.4583E-01  2.9788E-01  9.8992E-03  1.5822E-02  6.2567E-01  7.9224E+00  4.0002E+00  1.0000E+01
  8.0000E+00  4.8386E+00  3.0277E+00  1.4677E+00  2.4583E-01  2.9788E-01  9.8992E-03  1.5822E-02  6.2567E-01  7.9224E+00  4.0002E+00  1.0000E+01
  8.0000E+00  4.8386E+00  3.0277E+00  1.4677E+00  2.4583E-01  2.9788E-01  9.8992E-03  1.5822E-02  6.2567E-01  7.9224E+00  4.0002E+00  1.0000E+01
  8.0000E+00  4.8386E+00  3.0277E+00  1.4677E+00  2.4583E-01  2.9788E-01  9.8992E-03  1.5822E-02  6.2567E-01  7.9224E+00  4.0002E+00  1.0000E+01
  8.0000E+00  4.8386E+00  3.0277E+00  1.4677E+00  2.4583E-01  2.9788E-01  9.8992E-03  1.5822E-02  6.2567E-01  7.9224E+00  4.0002E+00  1.0000E+01
  8.0000E+00  4.8386E+00  3.0277E+00  1.4677E+00  2.4583E-01  2.9788E-01  9.8992E-03  1.5822E-02  6.2567E-01  7.9224E+00  4.0002E+00  1.0000E+01
  8.0000E+00  4.8386E+00  3.0277E+00  1.4677E+00  2.4583E-01  2.9788E-01  9.8992E-03  1.5822E-02  6.2567E-01  7.9224E+00  4.0002E+00  1.0000E+01
  8.0000E+00  4.8386E+00  3.0277E+00  1.4677E+00  2.4583E-01  2.9788E-01  9.8992E-03  1.5822E-02  6.2567E-01  7.9224E+00  4.0002E+00  1.0000E+01
  8.0000E+00  4.8386E+00  3.0277E+00  1.4677E+00  2.4583E-01  2.9788E-01  9.8992E-03  1.5822E-02  6.2567E-01  7.9224E+00  4.0002E+00  1.0000E+01
  8.0000E+00  4.8386E+00  3.0277E+00  1.4677E+00  2.4583E-01  2.9788E-01  9.8992E-03  1.5822E-02  6.2567E-01  7.9224E+00  4.0002E+00  1.0000E+01
  8.0000E+00  4.8386E+00  3.0277E+00  1.4677E+00  2.4583E-01  2.9788E-01  9.8992E-03  1.5822E-02  6.2567E-01  7.9224E+00  4.0002E+00  1.0000E+01
  8.0000E+00  4.8386E+00  3.0277E+00  1.4677E+00  2.4583E-01  2.9788E-01  9.8992E-03  1.5822E-02  6.2567E-01  7.9224E+00  4.0002E+00  1.0000E+01
  9.0000E+00  4.8386E+00  1.0369E+00  1.4677E+00  2.4583E-01  2.9788E-01  2.0390E-02  3.2589E-02  6.2567E-01  7.9224E+00  4.0002E+00  3.0000E+01
  9.0000E+00  4.8386E+00  1.0369E+00  1.4677E+00  2.4583E-01  2.9788E-01  2.0390E-02  3.2589E-02  6.2567E-01  7.9224E+00  4.0002E+00  3.0000E+01
  9.0000E+00  4.8386E+00  1.0369E+00  1.4677E+00  2.4583E-01  2.9788E-01  2.0390E-02  3.2589E-02  6.2567E-01  7.9224E+00  4.0002E+00  3.0000E+01
  9.0000E+00  4.8386E+00  1.0369E+00  1.4677E+00  2.4583E-01  2.9788E-01  2.0390E-02  3.2589E-02  6.2567E-01  7.9224E+00  4.0002E+00  3.0000E+01
  9.0000E+00  4.8386E+00  1.0369E+00  1.4677E+00  2.4583E-01  2.9788E-01  2.0390E-02  3.2589E-02  6.2567E-01  7.9224E+00  4.0002E+00  3.0000E+01
  9.0000E+00  4.8386E+00  1.0369E+00  1.4677E+00  2.4583E-01  2.9788E-01  2.0390E-02  3.2589E-02  6.2567E-01  7.9224E+00  4.0002E+00  3.0000E+01
  9.0000E+00  4.8386E+00  1.0369E+00  1.4677E+00  2.4583E-01  2.9788E-01  2.0390E-02  3.2589E-02  6.2567E-01  7.9224E+00  4.0002E+00  3.0000E+01
  9.0000E+00  4.8386E+00  1.0369E+00  1.4677E+00  2.4583E-01  2.9788E-01  2.0390E-02  3.2589E-02  6.2567E-01  7.9224E+00  4.0002E+00  3.0000E+01
  9.0000E+00  4.8386E+00  1.0369E+00  1.4677E+00  2.4583E-01  2.9788E-01  2.0390E-02  3.2589E-02  6.2567E-01  7.9224E+00  4.0002E+00  3.0000E+01
  9.0000E+00  4.8386E+00  1.0369E+00  1.4677E+00  2.4583E-01  2.9788E-01  2.0390E-02  3.2589E-02  6.2567E-01  7.9224E+00  4.0002E+00  3.0000E+01
  9.0000E+00  4.8386E+00  1.0369E+00  1.4677E+00  2.4583E-01  2.9788E-01  2.0390E-02  3.2589E-02  6.2567E-01  7.9224E+00  4.0002E+00  3.0000E+01
  9.0000E+00  4.8386E+00  1.0369E+00  1.4677E+00  2.4583E-01  2.9788E-01  2.0390E-02  3.2589E-02  6.2567E-01  7.9224E+00  4.0002E+00  3.0000E+01
  1.0000E+01  4.8386E+00  1.1424E+01  1.4677E+00  2.4583E-01  2.9788E-01  2.3869E-02  3.8150E-02  6.2567E-01  7.9224E+00  4.0002E+00  3.0000E+01
  1.0000E+01  4.8386E+00  1.1424E+01  1.4677E+00  2.4583E-01  2.9788E-01  2.3869E-02  3.8150E-02  6.2567E-01  7.9224E+00  4.0002E+00  3.0000E+01
  1.0000E+01  4.8386E+00  1.1424E+01  1.4677E+00  2.4583E-01  2.9788E-01  2.3869E-02  3.8150E-02  6.2567E-01  7.9224E+00  4.0002E+00  3.0000E+01
  1.0000E+01  4.8386E+00  1.1424E+01  1.4677E+00  2.4583E-01  2.9788E-01  2.3869E-02  3.8150E-02  6.2567E-01  7.9224E+00  4.0002E+00  3.0000E+01
  1.0000E+01  4.8386E+00  1.1424E+01  1.4677E+00  2.4583E-01  2.9788E-01  2.3869E-02  3.8150E-02  6.2567E-01  7.9224E+00  4.0002E+00  3.0000E+01
  1.0000E+01  4.8386E+00  1.1424E+01  1.4677E+00  2.4583E-01  2.9788E-01  2.3869E-02  3.8150E-02  6.2567E-01  7.9224E+00  4.0002E+00  3.0000E+01
  1.0000E+01  4.8386E+00  1.1424E+01  1.4677E+00  2.4583E-01  2.9788E-01  2.3869E-02  3.8150E-02  6.2567E-01  7.9224E+00  4.0002E+00  3.0000E+01
  1.0000E+01  4.8386E+00  1.1424E+01  1.4677E+00  2.4583E-01  2.9788E-01  2.3869E-02  3.8150E-02  6.2567E-01  7.9224E+00  4.0002E+00  3.0000E+01
  1.0000E+01  4.8386E+00  1.1424E+01  1.4677E+00  2.4583E-01  2.9788E-01  2.3869E-02  3.8150E-02  6.2567E-01  7.9224E+00  4.0002E+00  3.0000E+01
  1.0000E+01  4.8386E+00  1.1424E+01  1.4677E+00  2.4583E-01  2.9788E-01  2.3869E-02  3.8150E-02  6.2567E-01  7.9224E+00  4.0002E+00  3.0000E+01
  1.0000E+01  4.8386E+00  1.1424E+01  1.4677E+00  2.4583E-01  2.9788E-01  2.3869E-02  3.8150E-02  6.2567E-01  7.9224E+00  4.0002E+00  3.0000E+01
  1.0000E+01  4.8386E+00  1.1424E+01  1.4677E+00  2.4583E-01  2.9788E-01  2.3869E-02  3.8150E-02  6.2567E-01  7.9224E+00  4.0002E+00  3.0000E+01
  1.1000E+01  4.8386E+00  8.1326E+00  1.4677E+00  2.4583E-01  2.9788E-01  2.0078E-02  3.2090E-02  6.2567E-01  7.9224E+00  4.0002E+00  3.0000E+01
  1.1000E+01  4.8386E+00  8.1326E+00  1.4677E+00  2.4583E-01  2.9788E-01  2.0078E-02  3.2090E-02  6.2567E-01  7.9224E+00  4.0002E+00  3.0000E+01
  1.1000E+01  4.8386E+00  8.1326E+00  1.4677E+00  2.4583E-01  2.9788E-01  2.0078E-02  3.2090E-02  6.2567E-01  7.9224E+00  4.0002E+00  3.0000E+01
  1.1000E+01  4.8386E+00  8.1326E+00  1.4677E+00  2.4583E-01  2.9788E-01  2.0078E-02  3.2090E-02  6.2567E-01  7.9224E+00  4.0002E+00  3.0000E+01
  1.1000E+01  4.8386E+00  8.1326E+00  1.4677E+00  2.4583E-01  2.9788E-01  2.0078E-02  3.2090E-02  6.2567E-01  7.9224E+00  4.0002E+00  3.0000E+01
  1.1000E+01  4.8386E+00  8.1326E+00  1.4677E+00  2.4583E-01  2.9788E-01  2.0078E-02  3.2090E-02  6.2567E-01  7.9224E+00  4.0002E+00  3.0000E+01
  1.1000E+01  4.8386E+00  8.1326E+00  1.4677E+00  2.4583E-01  2.9788E-01  2.0078E-02  3.2090E-02  6.2567E-01  7.9224E+00  4.0002E+00  3.0000E+01
  1.1000E+01  4.8386E+00  8.1326E+00  1.4677E+00  2.4583E-01  2.9788E-01  2.0078E-02  3.2090E-02  6.2567E-01  7.9224E+00  4.0002E+00  3.0000E+01
  1.1000E+01  4.8386E+00  8.1326E+00  1.4677E+00  2.4583E-01  2.9788E-01  2.0078E-02  3.2090E-02  6.2567E-01  7.9224E+00  4.0002E+00  3.0000E+01
  1.1000E+01  4.8386E+00  8.1326E+00  1.4677E+00  2.4583E-01  2.9788E-01  2.0078E-02  3.2090E-02  6.2567E-01  7.9224E+00  4.0002E+00  3.0000E+01
  1.1000E+01  4.8386E+00  8.1326E+00  1.4677E+00  2.4583E-01  2.9788E-01  2.0078E-02  3.2090E-02  6.2567E-01  7.9224E+00  4.0002E+00  3.0000E+01
  1.1000E+01  4.8386E+00  8.1326E+00  1.4677E+00  2.4583E-01  2.9788E-01  2.0078E-02  3.2090E-02  6.2567E-01  7.9224E+00  4.0002E+00  3.0000E+01
  1.2000E+01  4.8386E+00  3.4540E+01  1.4677E+00  2.4583E-01  2.9788E-01  7.0448E-03  1.1260E-02  6.2567E-01  7.9224E+00  4.0002E+00  3.0000E+01
  1.2000E+01  4.8386E+00  3.4540E+01  1.4677E+00  2.4583E-01  2.9788E-01  7.0448E-03  1.1260E-02  6.2567E-01  7.9224E+00  4.0002E+00  3.0000E+01
  1.2000E+01  4.8386E+00  3.4540E+01  1.4677E+00  2.4583E-01  2.9788E-01  7.0448E-03  1.1260E-02  6.2567E-01  7.9224E+00  4.0002E+00  3.0000E+01
  1.2000E+01  4.8386E+00  3.4540E+01  1.4677E+00  2.4583E-01  2.9788E-01  7.0448E-03  1.1260E-02  6.2567E-01  7.9224E+00  4.0002E+00  3.0000E+01
  1.2000E+01  4.8386E+00  3.4540E+01  1.4677E+00  2.4583E-01  2.9788E-01  7.0448E-03  1.1260E-02  6.2567E-01  7.9224E+00  4.0002E+00  3.0000E+01
  1.2000E+01  4.8386E+00  3.4540E+01  1.4677E+00  2.4583E-01  2.9788E-01  7.0448E-03  1.1260E-02  6.2567E-01  7.9224E+00  4.0002E+00  3.0000E+01
  1.2000E+01  4.8386E+00  3.4540E+01  1.4677E+00  2.4583E-01  2.9788E-01  7.0448E-03  1.1260E-02  6.2567E-01  7.9224E+00  4.0002E+00  3.0000E+01
  1.2000E+01  4.8386E+00  3.4540E+01  1.4677E+00  2.4583E-01  2.9788E-01  7.0448E-03  1.1260E-02  6.2567E-01  7.9224E+00  4.0002E+00  3.0000E+01
  1.2000E+01  4.8386E+00  3.4540E+01  1.4677E+00  2.4583E-01  2.9788E-01  7.0448E-03  1.1260E-02  6.2567E-01  7.9224E+00  4.0002E+00  3.0000E+01
  1.2000E+01  4.8386E+00  3.4540E+01  1.4677E+00  2.4583E-01  2.9788E-01  7.0448E-03  1.1260E-02  6.2567E-01  7.9224E+00  4.0002E+00  3.0000E+01
  1.2000E+01  4.8386E+00  3.4540E+01  1.4677E+00  2.4583E-01  2.9788E-01  7.0448E-03  1.1260E-02  6.2567E-01  7.9224E+00  4.0002E+00  3.0000E+01
  1.2000E+01  4.8386E+00  3.4540E+01  1.4677E+00  2.4583E-01  2.9788E-01  7.0448E-03  1.1260E-02  6.2567E-01  7.9224E+00  4.0002E+00  3.0000E+01
  1.3000E+01  4.8386E+00  1.9736E+01  1.4677E+00  2.4583E-01  2.9788E-01  1.0229E-02  1.6350E-02  6.2567E-01  7.9224E+00  4.0002E+00  3.0000E+01
  1.3000E+01  4.8386E+00  1.9736E+01  1.4677E+00  2.4583E-01  2.9788E-01  1.0229E-02  1.6350E-02  6.2567E-01  7.9224E+00  4.0002E+00  3.0000E+01
  1.3000E+01  4.8386E+00  1.9736E+01  1.4677E+00  2.4583E-01  2.9788E-01  1.0229E-02  1.6350E-02  6.2567E-01  7.9224E+00  4.0002E+00  3.0000E+01
  1.3000E+01  4.8386E+00  1.9736E+01  1.4677E+00  2.4583E-01  2.9788E-01  1.0229E-02  1.6350E-02  6.2567E-01  7.9224E+00  4.0002E+00  3.0000E+01
  1.3000E+01  4.8386E+00  1.9736E+01  1.4677E+00  2.4583E-01  2.9788E-01  1.0229E-02  1.6350E-02  6.2567E-01  7.9224E+00  4.0002E+00  3.0000E+01
  1.3000E+01  4.8386E+00  1.9736E+01  1.4677E+00  2.4583E-01  2.9788E-01  1.0229E-02  1.6350E-02  6.2567E-01  7.9224E+00  4.0002E+00  3.0000E+01
  1.3000E+01  4.8386E+00  1.9736E+01  1.4677E+00  2.4583E-01  2.9788E-01  1.0229E-02  1.6350E-02  6.2567E-01  7.9224E+00  4.0002E+00  3.0000E+01
  1.3000E+01  4.8386E+00  1.9736E+01  1.4677E+00  2.4583E-01  2.9788E-01  1.0229E-02  1.6350E-02  6.2567E-01  7.9224E+00  4.0002E+00  3.0000E+01
  1.3000E+01  4.8386E+00  1.9736E+01  1.4677E+00  2.4583E-01  2.9788E-01  1.0229E-02  1.6350E-02  6.2567E-01  7.9224E+00  4.0002E+00  3.0000E+01
  1.3000E+01  4.8386E+00  1.9736E+01  1.4677E+00  2.4583E-01  2.9788E-01  1.0229E-02  1.6350E-02  6.2567E-01  7.9224E+00  4.0002E+00  3.0000E+01
  1.3000E+01  4.8386E+00  1.9736E+01  1.4677E+00  2.4583E-01  2.9788E-01  1.0229E-02  1.6350E-02  6.2567E-01  7.9224E+00  4.0002E+00  3.0000E+01
  1.3000E+01  4.8386E+00  1.9736E+01  1.4677E+00  2.4583E-01  2.9788E-01  1.0229E-02  1.6350E-02  6.2567E-01  7.9224E+00  4.0002E+00  3.0000E+01
  1.4000E+01  4.8386E+00  2.5488E+01  1.4677E+00  2.4583E-01  2.9788E-01  6.2211E-03  9.9432E-03  6.2567E-01  7.9224E+00  4.0002E+00  3.0000E+01
  1.4000E+01  4.8386E+00  2.5488E+01  1.4677E+00  2.4583E-01  2.9788E-01  6.2211E-03  9.9432E-03  6.2567E-01  7.9224E+00  4.0002E+00  3.0000E+01
  1.4000E+01  4.8386E+00  2.5488E+01  1.4677E+00  2.4583E-01  2.9788E-01  6.2211E-03  9.9432E-03  6.2567E-01  7.9224E+00  4.0002E+00  3.0000E+01
  1.4000E+01  4.8386E+00  2.5488E+01  1.4677E+00  2.4583E-01  2.9788E-01  6.2211E-03  9.9432E-03  6.2567E-01  7.9224E+00  4.0002E+00  3.0000E+01
  1.4000E+01  4.8386E+00  2.5488E+01  1.4677E+00  2.4583E-01  2.9788E-01  6.2211E-03  9.9432E-03  6.2567E-01  7.9224E+00  4.0002E+00  3.0000E+01
  1.4000E+01  4.8386E+00  2.5488E+01  1.4677E+00  2.4583E-01  2.9788E-01  6.2211E-03  9.9432E-03  6.2567E-01  7.9224E+00  4.0002E+00  3.0000E+01
  1.4000E+01  4.8386E+00  2.5488E+01  1.4677E+00  2.4583E-01  2.9788E-01  6.2211E-03  9.9432E-03  6.2567E-01  7.9224E+00  4.0002E+00  3.0000E+01
  1.4000E+01  4.8386E+00  2.5488E+01  1.4677E+00  2.4583E-01  2.9788E-01  6.2211E-03  9.9432E-03  6.2567E-01  7.9224E+00  4.0002E+00  3.0000E+01
  1.4000E+01  4.8386E+00  2.5488E+01  1.4677E+00  2.4583E-01  2.9788E-01  6.2211E-03  9.9432E-03  6.2567E-01  7.9224E+00  4.0002E+00  3.0000E+01
  1.4000E+01  4.8386E+00  2.5488E+01  1.4677E+00  2.4583E-01  2.9788E-01  6.2211E-03  9.9432E-03  6.2567E-01  7.9224E+00  4.0002E+00  3.0000E+01
  1.4000E+01  4.8386E+00  2.5488E+01  1.4677E+00  2.4583E-01  2.9788E-01  6.2211E-03  9.9432E-03  6.2567E-01  7.9224E+00  4.0002E+00  3.0000E+01
  1.4000E+01  4.8386E+00  2.5488E+01  1.4677E+00  2.4583E-01  2.9788E-01  6.2211E-03  9.9432E-03  6.2567E-01  7.9224E+00  4.0002E+00  3.0000E+01
  1.5000E+01  4.8386E+00  6.6519E+00  1.4677E+00  2.4583E-01  2.9788E-01  7.5910E-03  1.2133E-02  6.2567E-01  7.9224E+00  4.0002E+00  1.0000E+02
  1.5000E+01  4.8386E+00  6.6519E+00  1.4677E+00  2.4583E-01  2.9788E-01  7.5910E-03  1.2133E-02  6.2567E-01  7.9224E+00  4.0002E+00  1.0000E+02
  1.5000E+01  4.8386E+00  6.6519E+00  1.4677E+00  2.4583E-01  2.9788E-01  7.5910E-03  1.2133E-02  6.2567E-01  7.9224E+00  4.0002E+00  1.0000E+02
  1.5000E+01  4.8386E+00  6.6519E+00  1.4677E+00  2.4583E-01  2.9788E-01  7.5910E-03  1.2133E-02  6.2567E-01  7.9224E+00  4.0002E+00  1.0000E+02
  1.5000E+01  4.8386E+00  6.6519E+00  1.4677E+00  2.4583E-01  2.9788E-01  7.5910E-03  1.2133E-02  6.2567E-01  7.9224E+00  4.0002E+00  1.0000E+02
  1.5000E+01  4.8386E+00  6.6519E+00  1.4677E+00  2.4583E-01  2.9788E-01  7.5910E-03  1.2133E-02  6.2567E-01  7.9224E+00  4.0002E+00  1.0000E+02
  1.5000E+01  4.8386E+00  6.6519E+00  1.4677E+00  2.4583E-01  2.9788E-01  7.5910E-03  1.2133E-02  6.2567E-01  7.9224E+00  4.0002E+00  1.0000E+02
  1.5000E+01  4.8386E+00  6.6519E+00  1.4677E+00  2.4583E-01  2.9788E-01  7.5910E-03  1.2133E-02  6.2567E-01  7.9224E+00  4.0002E+00  1.0000E+02
  1.5000E+01  4.8386E+00  6.6519E+00  1.4677E+00  2.4583E-01  2.9788E-01  7.5910E-03  1.2133E-02  6.2567E-01  7.9224E+00  4.0002E+00  1.0000E+02
  1.5000E+01  4.8386E+00  6.6519E+00  1.4677E+00  2.4583E-01  2.9788E-01  7.5910E-03  1.2133E-02  6.2567E-01  7.9224E+00  4.0002E+00  1.0000E+02
  1.5000E+01  4.8386E+00  6.6519E+00  1.4677E+00  2.4583E-01  2.9788E-01  7.5910E-03  1.2133E-02  6.2567E-01  7.9224E+00  4.0002E+00  1.0000E+02
  1.5000E+01  4.8386E+00  6.6519E+00  1.4677E+00  2.4583E-01  2.9788E-01  7.5910E-03  1.2133E-02  6.2567E-01  7.9224E+00  4.0002E+00  1.0000E+02
  1.6000E+01  4.8386E+00  1.0051E+01  1.4677E+00  2.4583E-01  2.9788E-01  2.6779E-02  4.2801E-02  6.2567E-01  7.9224E+00  4.0002E+00  1.0000E+02
  1.6000E+01  4.8386E+00  1.0051E+01  1.4677E+00  2.4583E-01  2.9788E-01  2.6779E-02  4.2801E-02  6.2567E-01  7.9224E+00  4.0002E+00  1.0000E+02
  1.6000E+01  4.8386E+00  1.0051E+01  1.4677E+00  2.4583E-01  2.9788E-01  2.6779E-02  4.2801E-02  6.2567E-01  7.9224E+00  4.0002E+00  1.0000E+02
  1.6000E+01  4.8386E+00  1.0051E+01  1.4677E+00  2.4583E-01  2.9788E-01  2.6779E-02  4.2801E-02  6.2567E-01  7.9224E+00  4.0002E+00  1.0000E+02
  1.6000E+01  4.8386E+00  1.0051E+01  1.4677E+00  2.4583E-01  2.9788E-01  2.6779E-02  4.2801E-02  6.2567E-01  7.9224E+00  4.0002E+00  1.0000E+02
  1.6000E+01  4.8386E+00  1.0051E+01  1.4677E+00  2.4583E-01  2.9788E-01  2.6779E-02  4.2801E-02  6.2567E-01  7.9224E+00  4.0002E+00  1.0000E+02
  1.6000E+01  4.8386E+00  1.0051E+01  1.4677E+00  2.4583E-01  2.9788E-01  2.6779E-02  4.2801E-02  6.2567E-01  7.9224E+00  4.0002E+00  1.0000E+02
  1.6000E+01  4.8386E+00  1.0051E+01  1.4677E+00  2.4583E-01  2.9788E-01  2.6779E-02  4.2801E-02  6.2567E-01  7.9224E+00  4.0002E+00  1.0000E+02
  1.6000E+01  4.8386E+00  1.0051E+01  1.4677E+00  2.4583E-01  2.9788E-01  2.6779E-02  4.2801E-02  6.2567E-01  7.9224E+00  4.0002E+00  1.0000E+02
  1.6000E+01  4.8386E+00  1.0051E+01  1.4677E+00  2.4583E-01  2.9788E-01  2.6779E-02  4.2801E-02  6.2567E-01  7.9224E+00  4.0002E+00  1.0000E+02
  1.6000E+01  4.8386E+00  1.0051E+01  1.4677E+00  2.4583E-01  2.9788E-01  2.6779E-02  4.2801E-02  6.2567E-01  7.9224E+00  4.0002E+00  1.0000E+02
  1.6000E+01  4.8386E+00  1.0051E+01  1.4677E+00  2.4583E-01  2.9788E-01  2.6779E-02  4.2801E-02  6.2567E-01  7.9224E+00  4.0002E+00  1.0000E+02
  1.7000E+01  4.8386E+00  1.2143E+01  1.4677E+00  2.4583E-01  2.9788E-01  9.1816E-03  1.4675E-02  6.2567E-01  7.9224E+00  4.0002E+00  1.0000E+02
  1.7000E+01  4.8386E+00  1.2143E+01  1.4677E+00  2.4583E-01  2.9788E-01  9.1816E-03  1.4675E-02  6.2567E-01  7.9224E+00  4.0002E+00  1.0000E+02
  1.7000E+01  4.8386E+00  1.2143E+01  1.4677E+00  2.4583E-01  2.9788E-01  9.1816E-03  1.4675E-02  6.2567E-01  7.9224E+00  4.0002E+00  1.0000E+02
  1.7000E+01  4.8386E+00  1.2143E+01  1.4677E+00  2.4583E-01  2.9788E-01  9.1816E-03  1.4675E-02  6.2567E-01  7.9224E+00  4.0002E+00  1.0000E+02
  1.7000E+01  4.8386E+00  1.2143E+01  1.4677E+00  2.4583E-01  2.9788E-01  9.1816E-03  1.4675E-02  6.2567E-01  7.9224E+00  4.0002E+00  1.0000E+02
  1.7000E+01  4.8386E+00  1.2143E+01  1.4677E+00  2.4583E-01  2.9788E-01  9.1816E-03  1.4675E-02  6.2567E-01  7.9224E+00  4.0002E+00  1.0000E+02
  1.7000E+01  4.8386E+00  1.2143E+01  1.4677E+00  2.4583E-01  2.9788E-01  9.1816E-03  1.4675E-02  6.2567E-01  7.9224E+00  4.0002E+00  1.0000E+02
  1.7000E+01  4.8386E+00  1.2143E+01  1.4677E+00  2.4583E-01  2.9788E-01  9.1816E-03  1.4675E-02  6.2567E-01  7.9224E+00  4.0002E+00  1.0000E+02
  1.7000E+01  4.8386E+00  1.2143E+01  1.4677E+00  2.4583E-01  2.9788E-01  9.1816E-03  1.4675E-02  6.2567E-01  7.9224E+00  4.0002E+00  1.0000E+02
  1.7000E+01  4.8386E+00  1.2143E+01  1.4677E+00  2.4583E-01  2.9788E-01  9.1816E-03  1.4675E-02  6.2567E-01  7.9224E+00  4.0002E+00  1.0000E+02
  1.7000E+01  4.8386E+00  1.2143E+01  1.4677E+00  2.4583E-01  2.9788E-01  9.1816E-03  1.4675E-02  6.2567E-01  7.9224E+00  4.0002E+00  1.0000E+02
  1.7000E+01  4.8386E+00  1.2143E+01  1.4677E+00  2.4583E-01  2.9788E-01  9.1816E-03  1.4675E-02  6.2567E-01  7.9224E+00  4.0002E+00  1.0000E+02
