TABLE NO.  1
 ID          TIME        AMT         DV          MDV         IPRED       CWRES       IWRES       BQL         ROUTE       DV          PRED        RES         WRES
  1.0000E+00  0.0000E+00  2.9000E+04  0.0000E+00  1.0000E+00  0.0000E+00  0.0000E+00  0.0000E+00  0.0000E+00  1.0000E+00  0.0000E+00  1.0000E+00  0.0000E+00  0.0000E+00
  1.0000E+00  0.0000E+00  2.9000E+04  0.0000E+00  1.0000E+00  0.0000E+00  0.0000E+00  0.0000E+00  0.0000E+00  1.0000E+00  0.0000E+00  1.0000E+00  0.0000E+00  0.0000E+00
  1.0000E+00  0.0000E+00  0.0000E+00  0.0000E+00  0.0000E+00  0.0000E+00  0.0000E+00  0.0000E+00  0.0000E+00  1.0000E+00  0.0000E+00  1.0000E+00  0.0000E+00  0.0000E+00
  1.0000E+00  2.5000E-01  0.0000E+00  7.3000E-01  0.0000E+00  1.4038E+00  0.0000E+00 -9.3165E-01  0.0000E+00  1.0000E+00  7.3000E-01  6.7007E-02  0.0000E+00  0.0000E+00
  1.0000E+00  5.0000E-01  0.0000E+00  2.7500E+00  0.0000E+00  2.5579E+00  0.0000E+00  1.4636E-01  0.0000E+00  1.0000E+00  2.7500E+00  7.6097E+00  0.0000E+00  0.0000E+00
  1.0000E+00  1.0000E+00  0.0000E+00  7.2700E+00  0.0000E+00  4.2479E+00  0.0000E+00  1.3885E+00  0.0000E+00  1.0000E+00  7.2700E+00  1.1890E+01  0.0000E+00  0.0000E+00
  1.0000E+00  2.0000E+00  0.0000E+00  6.4500E+00  0.0000E+00  5.8654E+00  0.0000E+00  1.9460E-01  0.0000E+00  1.0000E+00  6.4500E+00  1.4556E+01  0.0000E+00  0.0000E+00
  1.0000E+00  3.0000E+00  0.0000E+00  6.8500E+00  0.0000E+00  6.0857E+00  0.0000E+00  2.4521E-01  0.0000E+00  1.0000E+00  6.8500E+00  1.3420E+01  0.0000E+00  0.0000E+00
  1.0000E+00  4.0000E+00  0.0000E+00  4.2300E+00  0.0000E+00  5.6248E+00  0.0000E+00 -4.8410E-01  0.0000E+00  1.0000E+00  4.2300E+00  1.1048E+01  0.0000E+00  0.0000E+00
  1.0000E+00  6.0000E+00  0.0000E+00  6.0300E+00  0.0000E+00  6.0027E+00  0.0000E+00  8.8847E-03  0.0000E+00  1.0000E+00  6.0300E+00  1.1632E+01  0.0000E+00  0.0000E+00
  1.0000E+00  8.0000E+00  0.0000E+00  8.1100E+00  0.0000E+00  6.2145E+00  0.0000E+00  5.9550E-01  0.0000E+00  1.0000E+00  8.1100E+00  1.1615E+01  0.0000E+00  0.0000E+00
  1.0000E+00  1.2000E+01  0.0000E+00  5.0000E-01  0.0000E+00  5.7855E+00  0.0000E+00 -1.7836E+00  1.0000E+00  1.0000E+00  5.0000E-01  3.9140E-02  0.0000E+00  0.0000E+00
  1.0000E+00  2.4000E+01  0.0000E+00  5.0000E-01  0.0000E+00  2.3135E-01  0.0000E+00  1.8801E+00  1.0000E+00  1.0000E+00  5.0000E-01  1.0000E+00  0.0000E+00  0.0000E+00
  3.0000E+00  0.0000E+00  5.4500E+03  0.0000E+00  1.0000E+00  1.7741E+03  0.0000E+00 -1.9530E+00  0.0000E+00  2.0000E+00  0.0000E+00  2.5595E-02  0.0000E+00  0.0000E+00
  3.0000E+00  1.7000E-02  0.0000E+00  2.5500E+03  0.0000E+00  1.7261E+03  0.0000E+00  9.3218E-01  0.0000E+00  2.0000E+00  2.5500E+03  6.2345E+02  0.0000E+00  0.0000E+00
  3.0000E+00  8.3500E-02  0.0000E+00  2.1100E+03  0.0000E+00  1.5505E+03  0.0000E+00  7.0475E-01  0.0000E+00  2.0000E+00  2.1100E+03  6.0016E+02  0.0000E+00  0.0000E+00
  3.0000E+00  2.5000E-01  0.0000E+00  1.4600E+03  0.0000E+00  1.1855E+03  0.0000E+00  4.5213E-01  0.0000E+00  2.0000E+00  1.4600E+03  5.4564E+02  0.0000E+00  0.0000E+00
  3.0000E+00  5.0000E-01  0.0000E+00  8.5300E+02  0.0000E+00  7.9310E+02  0.0000E+00  1.4751E-01  0.0000E+00  2.0000E+00  8.5300E+02  4.7305E+02  0.0000E+00  0.0000E+00
  3.0000E+00  1.0000E+00  0.0000E+00  5.5500E+02  0.0000E+00  3.5686E+02  0.0000E+00  1.0843E+00  0.0000E+00  2.0000E+00  5.5500E+02  3.5592E+02  0.0000E+00  0.0000E+00
  3.0000E+00  2.0000E+00  0.0000E+00  1.0300E+02  0.0000E+00  7.6154E+01  0.0000E+00  6.8846E-01  0.0000E+00  2.0000E+00  1.0300E+02  2.0255E+02  0.0000E+00  0.0000E+00
  3.0000E+00  4.0000E+00  0.0000E+00  7.4100E+00  0.0000E+00  8.1618E+00  0.0000E+00 -1.7986E-01  0.0000E+00  2.0000E+00  7.4100E+00  6.7842E+01  0.0000E+00  0.0000E+00
  3.0000E+00  6.0000E+00  0.0000E+00  4.4900E+00  0.0000E+00  4.1638E+00  0.0000E+00  1.5289E-01  0.0000E+00  2.0000E+00  4.4900E+00  2.4650E+01  0.0000E+00  0.0000E+00
  3.0000E+00  8.0000E+00  0.0000E+00  5.2500E+00  0.0000E+00  3.0097E+00  0.0000E+00  1.4518E+00  0.0000E+00  2.0000E+00  5.2500E+00  1.0289E+01  0.0000E+00  0.0000E+00
  3.0000E+00  1.2000E+01  0.0000E+00  2.4600E+00  0.0000E+00  1.6478E+00  0.0000E+00  9.5840E-01  0.0000E+00  2.0000E+00  2.4600E+00  3.0428E+00  0.0000E+00  0.0000E+00
  3.0000E+00  2.4000E+01  0.0000E+00  5.0000E-01  0.0000E+00  2.7149E-01  0.0000E+00  1.4252E+00  1.0000E+00  2.0000E+00  5.0000E-01  9.9453E-01  0.0000E+00  0.0000E+00
  4.0000E+00  0.0000E+00  5.9500E+03  0.0000E+00  1.0000E+00  2.3372E+03  0.0000E+00 -1.9530E+00  0.0000E+00  2.0000E+00  0.0000E+00  2.5579E-02  0.0000E+00  0.0000E+00
  4.0000E+00  1.7000E-02  0.0000E+00  2.3000E+03  0.0000E+00  2.2611E+03  0.0000E+00  3.3624E-02  0.0000E+00  2.0000E+00  2.3000E+03  6.8065E+02  0.0000E+00  0.0000E+00
  4.0000E+00  8.3500E-02  0.0000E+00  2.0000E+03  0.0000E+00  1.9865E+03  0.0000E+00  1.3292E-02  0.0000E+00  2.0000E+00  2.0000E+03  6.5522E+02  0.0000E+00  0.0000E+00
  4.0000E+00  2.5000E-01  0.0000E+00  1.2600E+03  0.0000E+00  1.4370E+03  0.0000E+00 -2.4053E-01  0.0000E+00  2.0000E+00  1.2600E+03  5.9570E+02  0.0000E+00  0.0000E+00
  4.0000E+00  5.0000E-01  0.0000E+00  7.3500E+02  0.0000E+00  8.8478E+02  0.0000E+00 -3.3062E-01  0.0000E+00  2.0000E+00  7.3500E+02  5.1645E+02  0.0000E+00  0.0000E+00
  4.0000E+00  1.0000E+00  0.0000E+00  4.3200E+02  0.0000E+00  3.3815E+02  0.0000E+00  5.4205E-01  0.0000E+00  2.0000E+00  4.3200E+02  3.8857E+02  0.0000E+00  0.0000E+00
  4.0000E+00  2.0000E+00  0.0000E+00  5.4600E+01  0.0000E+00  5.4356E+01  0.0000E+00  8.7778E-03  0.0000E+00  2.0000E+00  5.4600E+01  2.2113E+02  0.0000E+00  0.0000E+00
  4.0000E+00  4.0000E+00  0.0000E+00  7.2500E+00  0.0000E+00  6.7156E+00  0.0000E+00  1.5536E-01  0.0000E+00  2.0000E+00  7.2500E+00  7.4066E+01  0.0000E+00  0.0000E+00
  4.0000E+00  6.0000E+00  0.0000E+00  3.6500E+00  0.0000E+00  4.3005E+00  0.0000E+00 -2.9520E-01  0.0000E+00  2.0000E+00  3.6500E+00  2.6911E+01  0.0000E+00  0.0000E+00
  4.0000E+00  8.0000E+00  0.0000E+00  3.3200E+00  0.0000E+00  3.1698E+00  0.0000E+00  9.2418E-02  0.0000E+00  2.0000E+00  3.3200E+00  1.1233E+01  0.0000E+00  0.0000E+00
  4.0000E+00  1.2000E+01  0.0000E+00  1.6100E+00  0.0000E+00  1.7366E+00  0.0000E+00 -1.4176E-01  0.0000E+00  2.0000E+00  1.6100E+00  3.3219E+00  0.0000E+00  0.0000E+00
  4.0000E+00  2.4000E+01  0.0000E+00  5.0000E-01  0.0000E+00  2.8563E-01  0.0000E+00  1.2863E+00  1.0000E+00  2.0000E+00  5.0000E-01  9.8606E-01  0.0000E+00  0.0000E+00
  5.0000E+00  0.0000E+00  6.1000E+03  0.0000E+00  1.0000E+00  2.3318E+03  0.0000E+00 -1.9530E+00  0.0000E+00  2.0000E+00  0.0000E+00  2.5575E-02  0.0000E+00  0.0000E+00
  5.0000E+00  1.7000E-02  0.0000E+00  2.6900E+03  0.0000E+00  2.2578E+03  0.0000E+00  3.7382E-01  0.0000E+00  2.0000E+00  2.6900E+03  6.9781E+02  0.0000E+00  0.0000E+00
  5.0000E+00  8.3500E-02  0.0000E+00  2.0500E+03  0.0000E+00  1.9905E+03  0.0000E+00  5.8334E-02  0.0000E+00  2.0000E+00  2.0500E+03  6.7174E+02  0.0000E+00  0.0000E+00
  5.0000E+00  2.5000E-01  0.0000E+00  1.1600E+03  0.0000E+00  1.4525E+03  0.0000E+00 -3.9327E-01  0.0000E+00  2.0000E+00  1.1600E+03  6.1071E+02  0.0000E+00  0.0000E+00
  5.0000E+00  5.0000E-01  0.0000E+00  8.2000E+02  0.0000E+00  9.0604E+02  0.0000E+00 -1.8546E-01  0.0000E+00  2.0000E+00  8.2000E+02  5.2947E+02  0.0000E+00  0.0000E+00
  5.0000E+00  1.0000E+00  0.0000E+00  4.5600E+02  0.0000E+00  3.5523E+02  0.0000E+00  5.5404E-01  0.0000E+00  2.0000E+00  4.5600E+02  3.9837E+02  0.0000E+00  0.0000E+00
  5.0000E+00  2.0000E+00  0.0000E+00  5.7800E+01  0.0000E+00  5.9592E+01  0.0000E+00 -5.8715E-02  0.0000E+00  2.0000E+00  5.7800E+01  2.2670E+02  0.0000E+00  0.0000E+00
  5.0000E+00  4.0000E+00  0.0000E+00  6.8700E+00  0.0000E+00  7.1021E+00  0.0000E+00 -6.3813E-02  0.0000E+00  2.0000E+00  6.8700E+00  7.5933E+01  0.0000E+00  0.0000E+00
  5.0000E+00  6.0000E+00  0.0000E+00  6.0500E+00  0.0000E+00  4.4353E+00  0.0000E+00  7.1056E-01  0.0000E+00  2.0000E+00  6.0500E+00  2.7590E+01  0.0000E+00  0.0000E+00
  5.0000E+00  8.0000E+00  0.0000E+00  6.1100E+00  0.0000E+00  3.2649E+00  0.0000E+00  1.6999E+00  0.0000E+00  2.0000E+00  6.1100E+00  1.1516E+01  0.0000E+00  0.0000E+00
  5.0000E+00  1.2000E+01  0.0000E+00  1.7100E+00  0.0000E+00  1.7887E+00  0.0000E+00 -8.5597E-02  0.0000E+00  2.0000E+00  1.7100E+00  3.4057E+00  0.0000E+00  0.0000E+00
  5.0000E+00  2.4000E+01  0.0000E+00  5.0000E-01  0.0000E+00  2.9428E-01  0.0000E+00  1.2062E+00  1.0000E+00  2.0000E+00  5.0000E-01  9.8235E-01  0.0000E+00  0.0000E+00
  6.0000E+00  0.0000E+00  2.1800E+04  0.0000E+00  1.0000E+00  0.0000E+00  0.0000E+00  0.0000E+00  0.0000E+00  1.0000E+00  0.0000E+00  1.0000E+00  0.0000E+00  0.0000E+00
  6.0000E+00  0.0000E+00  2.1800E+04  0.0000E+00  1.0000E+00  0.0000E+00  0.0000E+00  0.0000E+00  0.0000E+00  1.0000E+00  0.0000E+00  1.0000E+00  0.0000E+00  0.0000E+00
  6.0000E+00  0.0000E+00  0.0000E+00  0.0000E+00  0.0000E+00  0.0000E+00  0.0000E+00  0.0000E+00  0.0000E+00  1.0000E+00  0.0000E+00  1.0000E+00  0.0000E+00  0.0000E+00
  6.0000E+00  2.5000E-01  0.0000E+00  0.0000E+00  0.0000E+00  2.0095E+00  0.0000E+00 -1.9471E+00  0.0000E+00  1.0000E+00  0.0000E+00  8.8815E-02  0.0000E+00  0.0000E+00
  6.0000E+00  5.0000E-01  0.0000E+00  1.3900E+00  0.0000E+00  3.5719E+00  0.0000E+00 -1.1918E+00  0.0000E+00  1.0000E+00  1.3900E+00  5.7204E+00  0.0000E+00  0.0000E+00
  6.0000E+00  1.0000E+00  0.0000E+00  9.5800E+00  0.0000E+00  5.6452E+00  0.0000E+00  1.3607E+00  0.0000E+00  1.0000E+00  9.5800E+00  8.9382E+00  0.0000E+00  0.0000E+00
  6.0000E+00  2.0000E+00  0.0000E+00  9.5100E+00  0.0000E+00  7.0643E+00  0.0000E+00  6.7596E-01  0.0000E+00  1.0000E+00  9.5100E+00  1.0942E+01  0.0000E+00  0.0000E+00
  6.0000E+00  4.0000E+00  0.0000E+00  4.9900E+00  0.0000E+00  5.5822E+00  0.0000E+00 -2.0712E-01  0.0000E+00  1.0000E+00  4.9900E+00  8.3051E+00  0.0000E+00  0.0000E+00
  6.0000E+00  6.0000E+00  0.0000E+00  3.2100E+00  0.0000E+00  5.8479E+00  0.0000E+00 -8.8066E-01  0.0000E+00  1.0000E+00  3.2100E+00  8.7443E+00  0.0000E+00  0.0000E+00
  6.0000E+00  8.0000E+00  0.0000E+00  9.1800E+00  0.0000E+00  5.8640E+00  0.0000E+00  1.1040E+00  0.0000E+00  1.0000E+00  9.1800E+00  8.7311E+00  0.0000E+00  0.0000E+00
  6.0000E+00  1.2000E+01  0.0000E+00  3.8300E+00  0.0000E+00  5.1724E+00  0.0000E+00 -5.0664E-01  0.0000E+00  1.0000E+00  3.8300E+00  7.6454E+00  0.0000E+00  0.0000E+00
  6.0000E+00  2.4000E+01  0.0000E+00  5.0000E-01  0.0000E+00  8.6898E-02  0.0000E+00  4.5173E+00  1.0000E+00  1.0000E+00  5.0000E-01  1.0000E+00  0.0000E+00  0.0000E+00
  7.0000E+00  0.0000E+00  2.3800E+04  0.0000E+00  1.0000E+00  0.0000E+00  0.0000E+00  0.0000E+00  0.0000E+00  1.0000E+00  0.0000E+00  1.0000E+00  0.0000E+00  0.0000E+00
  7.0000E+00  0.0000E+00  2.3800E+04  0.0000E+00  1.0000E+00  0.0000E+00  0.0000E+00  0.0000E+00  0.0000E+00  1.0000E+00  0.0000E+00  1.0000E+00  0.0000E+00  0.0000E+00
  7.0000E+00  0.0000E+00  0.0000E+00  0.0000E+00  0.0000E+00  0.0000E+00  0.0000E+00  0.0000E+00  0.0000E+00  1.0000E+00  0.0000E+00  1.0000E+00  0.0000E+00  0.0000E+00
  7.0000E+00  2.5000E-01  0.0000E+00  2.7200E+00  0.0000E+00  3.3933E+00  0.0000E+00 -3.8708E-01  0.0000E+00  1.0000E+00  2.7200E+00  3.5340E+00  0.0000E+00  0.0000E+00
  7.0000E+00  5.0000E-01  0.0000E+00  3.0600E+00  0.0000E+00  5.9048E+00  0.0000E+00 -9.4058E-01  0.0000E+00  1.0000E+00  3.0600E+00  6.2452E+00  0.0000E+00  0.0000E+00
  7.0000E+00  1.0000E+00  0.0000E+00  5.3900E+00  0.0000E+00  8.9547E+00  0.0000E+00 -7.7733E-01  0.0000E+00  1.0000E+00  5.3900E+00  9.7583E+00  0.0000E+00  0.0000E+00
  7.0000E+00  2.0000E+00  0.0000E+00  2.4700E+01  0.0000E+00  1.0364E+01  0.0000E+00  2.7010E+00  0.0000E+00  1.0000E+00  2.4700E+01  1.1946E+01  0.0000E+00  0.0000E+00
  7.0000E+00  4.0000E+00  0.0000E+00  3.7600E+00  0.0000E+00  7.1373E+00  0.0000E+00 -9.2392E-01  0.0000E+00  1.0000E+00  3.7600E+00  9.0671E+00  0.0000E+00  0.0000E+00
  7.0000E+00  6.0000E+00  0.0000E+00  3.1900E+00  0.0000E+00  7.7099E+00  0.0000E+00 -1.1447E+00  0.0000E+00  1.0000E+00  3.1900E+00  9.5466E+00  0.0000E+00  0.0000E+00
  7.0000E+00  8.0000E+00  0.0000E+00  6.4300E+00  0.0000E+00  7.6229E+00  0.0000E+00 -3.0556E-01  0.0000E+00  1.0000E+00  6.4300E+00  9.5321E+00  0.0000E+00  0.0000E+00
  7.0000E+00  1.2000E+01  0.0000E+00  4.9200E+00  0.0000E+00  6.5739E+00  0.0000E+00 -4.9121E-01  0.0000E+00  1.0000E+00  4.9200E+00  8.3468E+00  0.0000E+00  0.0000E+00
  7.0000E+00  2.4000E+01  0.0000E+00  5.0000E-01  0.0000E+00  8.5876E-02  0.0000E+00  4.5410E+00  1.0000E+00  1.0000E+00  5.0000E-01  1.0000E+00  0.0000E+00  0.0000E+00
  8.0000E+00  0.0000E+00  2.4400E+04  0.0000E+00  1.0000E+00  0.0000E+00  0.0000E+00  0.0000E+00  0.0000E+00  1.0000E+00  0.0000E+00  1.0000E+00  0.0000E+00  0.0000E+00
  8.0000E+00  0.0000E+00  2.4400E+04  0.0000E+00  1.0000E+00  0.0000E+00  0.0000E+00  0.0000E+00  0.0000E+00  1.0000E+00  0.0000E+00  1.0000E+00  0.0000E+00  0.0000E+00
  8.0000E+00  0.0000E+00  0.0000E+00  0.0000E+00  0.0000E+00  0.0000E+00  0.0000E+00  0.0000E+00  0.0000E+00  1.0000E+00  0.0000E+00  1.0000E+00  0.0000E+00  0.0000E+00
  8.0000E+00  2.5000E-01  0.0000E+00  4.4400E+00  0.0000E+00  4.8683E+00  0.0000E+00 -1.7173E-01  0.0000E+00  1.0000E+00  4.4400E+00  3.6230E+00  0.0000E+00  0.0000E+00
  8.0000E+00  5.0000E-01  0.0000E+00  9.7200E+00  0.0000E+00  7.7818E+00  0.0000E+00  4.8632E-01  0.0000E+00  1.0000E+00  9.7200E+00  6.4026E+00  0.0000E+00  0.0000E+00
  8.0000E+00  1.0000E+00  0.0000E+00  1.7700E+01  0.0000E+00  1.0109E+01  0.0000E+00  1.4662E+00  0.0000E+00  1.0000E+00  1.7700E+01  1.0004E+01  0.0000E+00  0.0000E+00
  8.0000E+00  2.0000E+00  0.0000E+00  7.3400E+00  0.0000E+00  9.0917E+00  0.0000E+00 -3.7623E-01  0.0000E+00  1.0000E+00  7.3400E+00  1.2247E+01  0.0000E+00  0.0000E+00
  8.0000E+00  4.0000E+00  0.0000E+00  4.9900E+00  0.0000E+00  4.5518E+00  0.0000E+00  1.8789E-01  0.0000E+00  1.0000E+00  4.9900E+00  9.2957E+00  0.0000E+00  0.0000E+00
  8.0000E+00  6.0000E+00  0.0000E+00  6.1800E+00  0.0000E+00  6.2106E+00  0.0000E+00 -9.6103E-03  0.0000E+00  1.0000E+00  6.1800E+00  9.7872E+00  0.0000E+00  0.0000E+00
  8.0000E+00  8.0000E+00  0.0000E+00  4.5600E+00  0.0000E+00  5.7598E+00  0.0000E+00 -4.0667E-01  0.0000E+00  1.0000E+00  4.5600E+00  9.7724E+00  0.0000E+00  0.0000E+00
  8.0000E+00  1.2000E+01  0.0000E+00  5.4200E+00  0.0000E+00  4.7318E+00  0.0000E+00  2.8390E-01  0.0000E+00  1.0000E+00  5.4200E+00  8.5572E+00  0.0000E+00  0.0000E+00
  8.0000E+00  2.4000E+01  0.0000E+00  5.0000E-01  0.0000E+00  4.9130E-02  0.0000E+00  5.3827E+00  1.0000E+00  1.0000E+00  5.0000E-01  1.0000E+00  0.0000E+00  0.0000E+00
  9.0000E+00  0.0000E+00  6.5700E+04  0.0000E+00  1.0000E+00  0.0000E+00  0.0000E+00  0.0000E+00  0.0000E+00  1.0000E+00  0.0000E+00  1.0000E+00  0.0000E+00  0.0000E+00
  9.0000E+00  0.0000E+00  6.5700E+04  0.0000E+00  1.0000E+00  0.0000E+00  0.0000E+00  0.0000E+00  0.0000E+00  1.0000E+00  0.0000E+00  1.0000E+00  0.0000E+00  0.0000E+00
  9.0000E+00  0.0000E+00  0.0000E+00  0.0000E+00  0.0000E+00  0.0000E+00  0.0000E+00  0.0000E+00  0.0000E+00  1.0000E+00  0.0000E+00  1.0000E+00  0.0000E+00  0.0000E+00
  9.0000E+00  2.5000E-01  0.0000E+00  6.1100E+01  0.0000E+00  5.9103E+01  0.0000E+00  6.6005E-02  0.0000E+00  1.0000E+00  6.1100E+01  9.7555E+00  0.0000E+00  0.0000E+00
  9.0000E+00  5.0000E-01  0.0000E+00  1.5100E+02  0.0000E+00  7.0103E+01  0.0000E+00  2.2537E+00  0.0000E+00  1.0000E+00  1.5100E+02  1.7240E+01  0.0000E+00  0.0000E+00
  9.0000E+00  1.0000E+00  0.0000E+00  6.1800E+01  0.0000E+00  6.2737E+01  0.0000E+00 -2.9159E-02  0.0000E+00  1.0000E+00  6.1800E+01  2.6938E+01  0.0000E+00  0.0000E+00
  9.0000E+00  2.0000E+00  0.0000E+00  2.9100E+01  0.0000E+00  4.2087E+01  0.0000E+00 -6.0265E-01  0.0000E+00  1.0000E+00  2.9100E+01  3.2977E+01  0.0000E+00  0.0000E+00
  9.0000E+00  4.0000E+00  0.0000E+00  1.2200E+01  0.0000E+00  1.8772E+01  0.0000E+00 -6.8368E-01  0.0000E+00  1.0000E+00  1.2200E+01  2.5030E+01  0.0000E+00  0.0000E+00
  9.0000E+00  6.0000E+00  0.0000E+00  3.5300E+01  0.0000E+00  3.3279E+01  0.0000E+00  1.1863E-01  0.0000E+00  1.0000E+00  3.5300E+01  2.6353E+01  0.0000E+00  0.0000E+00
  9.0000E+00  8.0000E+00  0.0000E+00  3.1900E+01  0.0000E+00  2.9047E+01  0.0000E+00  1.9182E-01  0.0000E+00  1.0000E+00  3.1900E+01  2.6313E+01  0.0000E+00  0.0000E+00
  9.0000E+00  1.2000E+01  0.0000E+00  2.0000E+01  0.0000E+00  1.9764E+01  0.0000E+00  2.3280E-02  0.0000E+00  1.0000E+00  2.0000E+01  2.3041E+01  0.0000E+00  0.0000E+00
  9.0000E+00  2.4000E+01  0.0000E+00  5.0000E-01  0.0000E+00  2.1496E-01  0.0000E+00  2.0958E+00  1.0000E+00  1.0000E+00  5.0000E-01  9.9949E-01  0.0000E+00  0.0000E+00
  1.0000E+01  0.0000E+00  7.0500E+04  0.0000E+00  1.0000E+00  0.0000E+00  0.0000E+00  0.0000E+00  0.0000E+00  1.0000E+00  0.0000E+00  1.0000E+00  0.0000E+00  0.0000E+00
  1.0000E+01  0.0000E+00  7.0500E+04  0.0000E+00  1.0000E+00  0.0000E+00  0.0000E+00  0.0000E+00  0.0000E+00  1.0000E+00  0.0000E+00  1.0000E+00  0.0000E+00  0.0000E+00
  1.0000E+01  0.0000E+00  0.0000E+00  0.0000E+00  0.0000E+00  0.0000E+00  0.0000E+00  0.0000E+00  0.0000E+00  1.0000E+00  0.0000E+00  1.0000E+00  0.0000E+00  0.0000E+00
  1.0000E+01  2.5000E-01  0.0000E+00  7.4900E+00  0.0000E+00  1.1806E+01  0.0000E+00 -7.1389E-01  0.0000E+00  1.0000E+00  7.4900E+00  1.0468E+01  0.0000E+00  0.0000E+00
  1.0000E+01  5.0000E-01  0.0000E+00  1.1400E+01  0.0000E+00  2.1280E+01  0.0000E+00 -9.0670E-01  0.0000E+00  1.0000E+00  1.1400E+01  1.8499E+01  0.0000E+00  0.0000E+00
  1.0000E+01  1.0000E+00  0.0000E+00  4.4700E+01  0.0000E+00  3.4574E+01  0.0000E+00  5.7195E-01  0.0000E+00  1.0000E+00  4.4700E+01  2.8906E+01  0.0000E+00  0.0000E+00
  1.0000E+01  2.0000E+00  0.0000E+00  4.1200E+01  0.0000E+00  4.5681E+01  0.0000E+00 -1.9158E-01  0.0000E+00  1.0000E+00  4.1200E+01  3.5387E+01  0.0000E+00  0.0000E+00
  1.0000E+01  4.0000E+00  0.0000E+00  4.5400E+01  0.0000E+00  4.0071E+01  0.0000E+00  2.5973E-01  0.0000E+00  1.0000E+00  4.5400E+01  2.6858E+01  0.0000E+00  0.0000E+00
  1.0000E+01  6.0000E+00  0.0000E+00  7.5200E+01  0.0000E+00  4.2042E+01  0.0000E+00  1.5403E+00  0.0000E+00  1.0000E+00  7.5200E+01  2.8279E+01  0.0000E+00  0.0000E+00
  1.0000E+01  8.0000E+00  0.0000E+00  7.7200E+01  0.0000E+00  4.2752E+01  0.0000E+00  1.5737E+00  0.0000E+00  1.0000E+00  7.7200E+01  2.8236E+01  0.0000E+00  0.0000E+00
  1.0000E+01  1.2000E+01  0.0000E+00  4.3900E+01  0.0000E+00  3.8623E+01  0.0000E+00  2.6683E-01  0.0000E+00  1.0000E+00  4.3900E+01  2.4725E+01  0.0000E+00  0.0000E+00
  1.0000E+01  2.4000E+01  0.0000E+00  5.0000E-01  0.0000E+00  9.4345E-01  0.0000E+00 -9.0566E-01  1.0000E+00  1.0000E+00  5.0000E-01  9.9853E-01  0.0000E+00  0.0000E+00
  1.1000E+01  0.0000E+00  7.8600E+04  0.0000E+00  1.0000E+00  0.0000E+00  0.0000E+00  0.0000E+00  0.0000E+00  1.0000E+00  0.0000E+00  1.0000E+00  0.0000E+00  0.0000E+00
  1.1000E+01  0.0000E+00  7.8600E+04  0.0000E+00  1.0000E+00  0.0000E+00  0.0000E+00  0.0000E+00  0.0000E+00  1.0000E+00  0.0000E+00  1.0000E+00  0.0000E+00  0.0000E+00
  1.1000E+01  0.0000E+00  0.0000E+00  0.0000E+00  0.0000E+00  0.0000E+00  0.0000E+00  0.0000E+00  0.0000E+00  1.0000E+00  0.0000E+00  1.0000E+00  0.0000E+00  0.0000E+00
  1.1000E+01  2.5000E-01  0.0000E+00  4.7300E+00  0.0000E+00  1.4512E+01  0.0000E+00 -1.3164E+00  0.0000E+00  1.0000E+00  4.7300E+00  1.1671E+01  0.0000E+00  0.0000E+00
  1.1000E+01  5.0000E-01  0.0000E+00  8.1400E+00  0.0000E+00  2.5612E+01  0.0000E+00 -1.3323E+00  0.0000E+00  1.0000E+00  8.1400E+00  2.0625E+01  0.0000E+00  0.0000E+00
  1.1000E+01  1.0000E+00  0.0000E+00  1.2200E+01  0.0000E+00  3.9915E+01  0.0000E+00 -1.3561E+00  0.0000E+00  1.0000E+00  1.2200E+01  3.2227E+01  0.0000E+00  0.0000E+00
  1.1000E+01  2.0000E+00  0.0000E+00  1.1000E+02  0.0000E+00  4.8624E+01  0.0000E+00  2.4652E+00  0.0000E+00  1.0000E+00  1.1000E+02  3.9452E+01  0.0000E+00  0.0000E+00
  1.1000E+01  4.0000E+00  0.0000E+00  1.7000E+01  0.0000E+00  3.6579E+01  0.0000E+00 -1.0453E+00  0.0000E+00  1.0000E+00  1.7000E+01  2.9944E+01  0.0000E+00  0.0000E+00
  1.1000E+01  6.0000E+00  0.0000E+00  1.3500E+01  0.0000E+00  3.8573E+01  0.0000E+00 -1.2695E+00  0.0000E+00  1.0000E+00  1.3500E+01  3.1528E+01  0.0000E+00  0.0000E+00
  1.1000E+01  8.0000E+00  0.0000E+00  4.1300E+01  0.0000E+00  3.8480E+01  0.0000E+00  1.4314E-01  0.0000E+00  1.0000E+00  4.1300E+01  3.1480E+01  0.0000E+00  0.0000E+00
  1.1000E+01  1.2000E+01  0.0000E+00  4.7700E+01  0.0000E+00  3.3644E+01  0.0000E+00  8.1594E-01  0.0000E+00  1.0000E+00  4.7700E+01  2.7565E+01  0.0000E+00  0.0000E+00
  1.1000E+01  2.4000E+01  0.0000E+00  5.0000E-01  0.0000E+00  5.0466E-01  0.0000E+00 -1.7226E-02  1.0000E+00  1.0000E+00  5.0000E-01  9.9410E-01  0.0000E+00  0.0000E+00
  1.5000E+01  0.0000E+00  2.2700E+05  0.0000E+00  1.0000E+00  0.0000E+00  0.0000E+00  0.0000E+00  0.0000E+00  1.0000E+00  0.0000E+00  1.0000E+00  0.0000E+00  0.0000E+00
  1.5000E+01  0.0000E+00  2.2700E+05  0.0000E+00  1.0000E+00  0.0000E+00  0.0000E+00  0.0000E+00  0.0000E+00  1.0000E+00  0.0000E+00  1.0000E+00  0.0000E+00  0.0000E+00
  1.5000E+01  0.0000E+00  0.0000E+00  0.0000E+00  0.0000E+00  0.0000E+00  0.0000E+00  0.0000E+00  0.0000E+00  1.0000E+00  0.0000E+00  1.0000E+00  0.0000E+00  0.0000E+00
  1.5000E+01  2.5000E-01  0.0000E+00  1.1600E+01  0.0000E+00  1.7509E+01  0.0000E+00 -6.5909E-01  0.0000E+00  1.0000E+00  1.1600E+01  3.3706E+01  0.0000E+00  0.0000E+00
  1.5000E+01  5.0000E-01  0.0000E+00  4.0600E+01  0.0000E+00  3.0826E+01  0.0000E+00  6.1926E-01  0.0000E+00  1.0000E+00  4.0600E+01  5.9565E+01  0.0000E+00  0.0000E+00
  1.5000E+01  1.0000E+00  0.0000E+00  7.2100E+01  0.0000E+00  4.7812E+01  0.0000E+00  9.9209E-01  0.0000E+00  1.0000E+00  7.2100E+01  9.3073E+01  0.0000E+00  0.0000E+00
  1.5000E+01  2.0000E+00  0.0000E+00  3.9700E+01  0.0000E+00  5.7716E+01  0.0000E+00 -6.0963E-01  0.0000E+00  1.0000E+00  3.9700E+01  1.1394E+02  0.0000E+00  0.0000E+00
  1.5000E+01  4.0000E+00  0.0000E+00  4.5700E+01  0.0000E+00  4.2721E+01  0.0000E+00  1.3619E-01  0.0000E+00  1.0000E+00  4.5700E+01  8.6480E+01  0.0000E+00  0.0000E+00
  1.5000E+01  6.0000E+00  0.0000E+00  6.1800E+01  0.0000E+00  4.5195E+01  0.0000E+00  7.1753E-01  0.0000E+00  1.0000E+00  6.1800E+01  9.1053E+01  0.0000E+00  0.0000E+00
  1.5000E+01  8.0000E+00  0.0000E+00  5.6100E+01  0.0000E+00  4.5013E+01  0.0000E+00  4.8103E-01  0.0000E+00  1.0000E+00  5.6100E+01  9.0915E+01  0.0000E+00  0.0000E+00
  1.5000E+01  1.2000E+01  0.0000E+00  2.7000E+01  0.0000E+00  3.9251E+01  0.0000E+00 -6.0955E-01  0.0000E+00  1.0000E+00  2.7000E+01  7.9610E+01  0.0000E+00  0.0000E+00
  1.5000E+01  2.4000E+01  0.0000E+00  5.0000E-01  0.0000E+00  5.7094E-01  0.0000E+00 -2.3407E-01  1.0000E+00  1.0000E+00  5.0000E-01  3.6538E-01  0.0000E+00  0.0000E+00
  1.6000E+01  0.0000E+00  2.1500E+05  0.0000E+00  1.0000E+00  0.0000E+00  0.0000E+00  0.0000E+00  0.0000E+00  1.0000E+00  0.0000E+00  1.0000E+00  0.0000E+00  0.0000E+00
  1.6000E+01  0.0000E+00  2.1500E+05  0.0000E+00  1.0000E+00  0.0000E+00  0.0000E+00  0.0000E+00  0.0000E+00  1.0000E+00  0.0000E+00  1.0000E+00  0.0000E+00  0.0000E+00
  1.6000E+01  0.0000E+00  0.0000E+00  0.0000E+00  0.0000E+00  0.0000E+00  0.0000E+00  0.0000E+00  0.0000E+00  1.0000E+00  0.0000E+00  1.0000E+00  0.0000E+00  0.0000E+00
  1.6000E+01  2.5000E-01  0.0000E+00  6.4700E+00  0.0000E+00  4.6112E+01  0.0000E+00 -1.6790E+00  0.0000E+00  1.0000E+00  6.4700E+00  3.1924E+01  0.0000E+00  0.0000E+00
  1.6000E+01  5.0000E-01  0.0000E+00  1.1400E+01  0.0000E+00  8.2692E+01  0.0000E+00 -1.6837E+00  0.0000E+00  1.0000E+00  1.1400E+01  5.6416E+01  0.0000E+00  0.0000E+00
  1.6000E+01  1.0000E+00  0.0000E+00  1.5500E+02  0.0000E+00  1.3300E+02  0.0000E+00  3.2309E-01  0.0000E+00  1.0000E+00  1.5500E+02  8.8152E+01  0.0000E+00  0.0000E+00
  1.6000E+01  2.0000E+00  0.0000E+00  1.9400E+02  0.0000E+00  1.7222E+02  0.0000E+00  2.4703E-01  0.0000E+00  1.0000E+00  1.9400E+02  1.0792E+02  0.0000E+00  0.0000E+00
  1.6000E+01  4.0000E+00  0.0000E+00  8.8000E+01  0.0000E+00  1.4522E+02  0.0000E+00 -7.6950E-01  0.0000E+00  1.0000E+00  8.8000E+01  8.1909E+01  0.0000E+00  0.0000E+00
  1.6000E+01  6.0000E+00  0.0000E+00  3.2400E+02  0.0000E+00  1.5190E+02  0.0000E+00  2.2126E+00  0.0000E+00  1.0000E+00  3.2400E+02  8.6240E+01  0.0000E+00  0.0000E+00
  1.6000E+01  8.0000E+00  0.0000E+00  2.5300E+02  0.0000E+00  1.5355E+02  0.0000E+00  1.2649E+00  0.0000E+00  1.0000E+00  2.5300E+02  8.6109E+01  0.0000E+00  0.0000E+00
  1.6000E+01  1.2000E+01  0.0000E+00  7.2500E+01  0.0000E+00  1.3732E+02  0.0000E+00 -9.2190E-01  0.0000E+00  1.0000E+00  7.2500E+01  7.5402E+01  0.0000E+00  0.0000E+00
  1.6000E+01  2.4000E+01  0.0000E+00  5.0000E-01  0.0000E+00  2.8411E+00  0.0000E+00 -1.6069E+00  1.0000E+00  1.0000E+00  5.0000E-01  3.9937E-01  0.0000E+00  0.0000E+00
  1.7000E+01  0.0000E+00  2.4900E+05  0.0000E+00  1.0000E+00  0.0000E+00  0.0000E+00  0.0000E+00  0.0000E+00  1.0000E+00  0.0000E+00  1.0000E+00  0.0000E+00  0.0000E+00
  1.7000E+01  0.0000E+00  2.4900E+05  0.0000E+00  1.0000E+00  0.0000E+00  0.0000E+00  0.0000E+00  0.0000E+00  1.0000E+00  0.0000E+00  1.0000E+00  0.0000E+00  0.0000E+00
  1.7000E+01  0.0000E+00  0.0000E+00  0.0000E+00  0.0000E+00  0.0000E+00  0.0000E+00  0.0000E+00  0.0000E+00  1.0000E+00  0.0000E+00  1.0000E+00  0.0000E+00  0.0000E+00
  1.7000E+01  2.5000E-01  0.0000E+00  1.0800E+01  0.0000E+00  1.2869E+01  0.0000E+00 -3.1397E-01  0.0000E+00  1.0000E+00  1.0800E+01  3.6973E+01  0.0000E+00  0.0000E+00
  1.7000E+01  5.0000E-01  0.0000E+00  1.7400E+01  0.0000E+00  2.3594E+01  0.0000E+00 -5.1267E-01  0.0000E+00  1.0000E+00  1.7400E+01  6.5338E+01  0.0000E+00  0.0000E+00
  1.7000E+01  1.0000E+00  0.0000E+00  4.2300E+01  0.0000E+00  3.9670E+01  0.0000E+00  1.2948E-01  0.0000E+00  1.0000E+00  4.2300E+01  1.0209E+02  0.0000E+00  0.0000E+00
  1.7000E+01  2.0000E+00  0.0000E+00  4.8500E+01  0.0000E+00  5.6182E+01  0.0000E+00 -2.6703E-01  0.0000E+00  1.0000E+00  4.8500E+01  1.2498E+02  0.0000E+00  0.0000E+00
  1.7000E+01  4.0000E+00  0.0000E+00  5.4500E+01  0.0000E+00  5.6806E+01  0.0000E+00 -7.9292E-02  0.0000E+00  1.0000E+00  5.4500E+01  9.4861E+01  0.0000E+00  0.0000E+00
  1.7000E+01  6.0000E+00  0.0000E+00  1.3500E+02  0.0000E+00  6.1629E+01  0.0000E+00  2.3251E+00  0.0000E+00  1.0000E+00  1.3500E+02  9.9878E+01  0.0000E+00  0.0000E+00
  1.7000E+01  8.0000E+00  0.0000E+00  6.3900E+01  0.0000E+00  6.4723E+01  0.0000E+00 -2.4847E-02  0.0000E+00  1.0000E+00  6.3900E+01  9.9727E+01  0.0000E+00  0.0000E+00
  1.7000E+01  1.2000E+01  0.0000E+00  3.6300E+01  0.0000E+00  6.1733E+01  0.0000E+00 -8.0459E-01  0.0000E+00  1.0000E+00  3.6300E+01  8.7326E+01  0.0000E+00  0.0000E+00
  1.7000E+01  2.4000E+01  0.0000E+00  5.0000E-01  0.0000E+00  3.5451E+00  0.0000E+00 -1.6759E+00  1.0000E+00  1.0000E+00  5.0000E-01  3.1365E-01  0.0000E+00  0.0000E+00
