TABLE NO.  2
 ID          CL          V2          V3          Q           KA          F1          DOSE
  1.0000E+00  5.7214E+00  5.4774E+00  2.0241E+00  5.8461E-01  3.1517E-01  5.5499E-03  1.2500E+01
  1.0000E+00  5.7214E+00  5.4774E+00  2.0241E+00  5.8461E-01  3.1517E-01  5.5499E-03  1.2500E+01
  1.0000E+00  5.7214E+00  5.4774E+00  2.0241E+00  5.8461E-01  3.1517E-01  5.5499E-03  1.2500E+01
  1.0000E+00  5.7214E+00  5.4774E+00  2.0241E+00  5.8461E-01  3.1517E-01  5.5499E-03  1.2500E+01
  1.0000E+00  5.7214E+00  5.4774E+00  2.0241E+00  5.8461E-01  3.1517E-01  5.5499E-03  1.2500E+01
  1.0000E+00  5.7214E+00  5.4774E+00  2.0241E+00  5.8461E-01  3.1517E-01  5.5499E-03  1.2500E+01
  1.0000E+00  5.7214E+00  5.4774E+00  2.0241E+00  5.8461E-01  3.1517E-01  5.5499E-03  1.2500E+01
  1.0000E+00  5.7214E+00  5.4774E+00  2.0241E+00  5.8461E-01  3.1517E-01  5.5499E-03  1.2500E+01
  1.0000E+00  5.7214E+00  5.4774E+00  2.0241E+00  5.8461E-01  3.1517E-01  5.5499E-03  1.2500E+01
  1.0000E+00  5.7214E+00  5.4774E+00  2.0241E+00  5.8461E-01  3.1517E-01  5.5499E-03  1.2500E+01
  1.0000E+00  5.7214E+00  5.4774E+00  2.0241E+00  5.8461E-01  3.1517E-01  5.5499E-03  1.2500E+01
  1.0000E+00  5.7214E+00  5.4774E+00  2.0241E+00  5.8461E-01  3.1517E-01  5.5499E-03  1.2500E+01
  1.0000E+00  5.7214E+00  5.4774E+00  2.0241E+00  5.8461E-01  3.1517E-01  5.5499E-03  1.2500E+01
  2.0000E+00  5.7214E+00  1.1269E+01  2.0241E+00  5.8461E-01  3.1517E-01  6.4884E-03  1.2500E+01
  2.0000E+00  5.7214E+00  1.1269E+01  2.0241E+00  5.8461E-01  3.1517E-01  6.4884E-03  1.2500E+01
  2.0000E+00  5.7214E+00  1.1269E+01  2.0241E+00  5.8461E-01  3.1517E-01  6.4884E-03  1.2500E+01
  2.0000E+00  5.7214E+00  1.1269E+01  2.0241E+00  5.8461E-01  3.1517E-01  6.4884E-03  1.2500E+01
  2.0000E+00  5.7214E+00  1.1269E+01  2.0241E+00  5.8461E-01  3.1517E-01  6.4884E-03  1.2500E+01
  2.0000E+00  5.7214E+00  1.1269E+01  2.0241E+00  5.8461E-01  3.1517E-01  6.4884E-03  1.2500E+01
  2.0000E+00  5.7214E+00  1.1269E+01  2.0241E+00  5.8461E-01  3.1517E-01  6.4884E-03  1.2500E+01
  2.0000E+00  5.7214E+00  1.1269E+01  2.0241E+00  5.8461E-01  3.1517E-01  6.4884E-03  1.2500E+01
  2.0000E+00  5.7214E+00  1.1269E+01  2.0241E+00  5.8461E-01  3.1517E-01  6.4884E-03  1.2500E+01
  2.0000E+00  5.7214E+00  1.1269E+01  2.0241E+00  5.8461E-01  3.1517E-01  6.4884E-03  1.2500E+01
  2.0000E+00  5.7214E+00  1.1269E+01  2.0241E+00  5.8461E-01  3.1517E-01  6.4884E-03  1.2500E+01
  2.0000E+00  5.7214E+00  1.1269E+01  2.0241E+00  5.8461E-01  3.1517E-01  6.4884E-03  1.2500E+01
  2.0000E+00  5.7214E+00  1.1269E+01  2.0241E+00  5.8461E-01  3.1517E-01  6.4884E-03  1.2500E+01
  3.0000E+00  5.7214E+00  3.7099E+00  2.0241E+00  5.8461E-01  3.1517E-01  1.0000E+00  2.5000E+00
  3.0000E+00  5.7214E+00  3.7099E+00  2.0241E+00  5.8461E-01  3.1517E-01  1.0000E+00  2.5000E+00
  3.0000E+00  5.7214E+00  3.7099E+00  2.0241E+00  5.8461E-01  3.1517E-01  1.0000E+00  2.5000E+00
  3.0000E+00  5.7214E+00  3.7099E+00  2.0241E+00  5.8461E-01  3.1517E-01  1.0000E+00  2.5000E+00
  3.0000E+00  5.7214E+00  3.7099E+00  2.0241E+00  5.8461E-01  3.1517E-01  1.0000E+00  2.5000E+00
  3.0000E+00  5.7214E+00  3.7099E+00  2.0241E+00  5.8461E-01  3.1517E-01  1.0000E+00  2.5000E+00
  3.0000E+00  5.7214E+00  3.7099E+00  2.0241E+00  5.8461E-01  3.1517E-01  1.0000E+00  2.5000E+00
  3.0000E+00  5.7214E+00  3.7099E+00  2.0241E+00  5.8461E-01  3.1517E-01  1.0000E+00  2.5000E+00
  3.0000E+00  5.7214E+00  3.7099E+00  2.0241E+00  5.8461E-01  3.1517E-01  1.0000E+00  2.5000E+00
  3.0000E+00  5.7214E+00  3.7099E+00  2.0241E+00  5.8461E-01  3.1517E-01  1.0000E+00  2.5000E+00
  3.0000E+00  5.7214E+00  3.7099E+00  2.0241E+00  5.8461E-01  3.1517E-01  1.0000E+00  2.5000E+00
  3.0000E+00  5.7214E+00  3.7099E+00  2.0241E+00  5.8461E-01  3.1517E-01  1.0000E+00  2.5000E+00
  4.0000E+00  5.7214E+00  3.0843E+00  2.0241E+00  5.8461E-01  3.1517E-01  1.0000E+00  2.5000E+00
  4.0000E+00  5.7214E+00  3.0843E+00  2.0241E+00  5.8461E-01  3.1517E-01  1.0000E+00  2.5000E+00
  4.0000E+00  5.7214E+00  3.0843E+00  2.0241E+00  5.8461E-01  3.1517E-01  1.0000E+00  2.5000E+00
  4.0000E+00  5.7214E+00  3.0843E+00  2.0241E+00  5.8461E-01  3.1517E-01  1.0000E+00  2.5000E+00
  4.0000E+00  5.7214E+00  3.0843E+00  2.0241E+00  5.8461E-01  3.1517E-01  1.0000E+00  2.5000E+00
  4.0000E+00  5.7214E+00  3.0843E+00  2.0241E+00  5.8461E-01  3.1517E-01  1.0000E+00  2.5000E+00
  4.0000E+00  5.7214E+00  3.0843E+00  2.0241E+00  5.8461E-01  3.1517E-01  1.0000E+00  2.5000E+00
  4.0000E+00  5.7214E+00  3.0843E+00  2.0241E+00  5.8461E-01  3.1517E-01  1.0000E+00  2.5000E+00
  4.0000E+00  5.7214E+00  3.0843E+00  2.0241E+00  5.8461E-01  3.1517E-01  1.0000E+00  2.5000E+00
  4.0000E+00  5.7214E+00  3.0843E+00  2.0241E+00  5.8461E-01  3.1517E-01  1.0000E+00  2.5000E+00
  4.0000E+00  5.7214E+00  3.0843E+00  2.0241E+00  5.8461E-01  3.1517E-01  1.0000E+00  2.5000E+00
  4.0000E+00  5.7214E+00  3.0843E+00  2.0241E+00  5.8461E-01  3.1517E-01  1.0000E+00  2.5000E+00
  5.0000E+00  5.7214E+00  3.1369E+00  2.0241E+00  5.8461E-01  3.1517E-01  1.0000E+00  2.5000E+00
  5.0000E+00  5.7214E+00  3.1369E+00  2.0241E+00  5.8461E-01  3.1517E-01  1.0000E+00  2.5000E+00
  5.0000E+00  5.7214E+00  3.1369E+00  2.0241E+00  5.8461E-01  3.1517E-01  1.0000E+00  2.5000E+00
  5.0000E+00  5.7214E+00  3.1369E+00  2.0241E+00  5.8461E-01  3.1517E-01  1.0000E+00  2.5000E+00
  5.0000E+00  5.7214E+00  3.1369E+00  2.0241E+00  5.8461E-01  3.1517E-01  1.0000E+00  2.5000E+00
  5.0000E+00  5.7214E+00  3.1369E+00  2.0241E+00  5.8461E-01  3.1517E-01  1.0000E+00  2.5000E+00
  5.0000E+00  5.7214E+00  3.1369E+00  2.0241E+00  5.8461E-01  3.1517E-01  1.0000E+00  2.5000E+00
  5.0000E+00  5.7214E+00  3.1369E+00  2.0241E+00  5.8461E-01  3.1517E-01  1.0000E+00  2.5000E+00
  5.0000E+00  5.7214E+00  3.1369E+00  2.0241E+00  5.8461E-01  3.1517E-01  1.0000E+00  2.5000E+00
  5.0000E+00  5.7214E+00  3.1369E+00  2.0241E+00  5.8461E-01  3.1517E-01  1.0000E+00  2.5000E+00
  5.0000E+00  5.7214E+00  3.1369E+00  2.0241E+00  5.8461E-01  3.1517E-01  1.0000E+00  2.5000E+00
  5.0000E+00  5.7214E+00  3.1369E+00  2.0241E+00  5.8461E-01  3.1517E-01  1.0000E+00  2.5000E+00
  6.0000E+00  5.7214E+00  7.3031E+00  2.0241E+00  5.8461E-01  3.1517E-01  1.0558E-02  1.0000E+01
  6.0000E+00  5.7214E+00  7.3031E+00  2.0241E+00  5.8461E-01  3.1517E-01  1.0558E-02  1.0000E+01
  6.0000E+00  5.7214E+00  7.3031E+00  2.0241E+00  5.8461E-01  3.1517E-01  1.0558E-02  1.0000E+01
  6.0000E+00  5.7214E+00  7.3031E+00  2.0241E+00  5.8461E-01  3.1517E-01  1.0558E-02  1.0000E+01
  6.0000E+00  5.7214E+00  7.3031E+00  2.0241E+00  5.8461E-01  3.1517E-01  1.0558E-02  1.0000E+01
  6.0000E+00  5.7214E+00  7.3031E+00  2.0241E+00  5.8461E-01  3.1517E-01  1.0558E-02  1.0000E+01
  6.0000E+00  5.7214E+00  7.3031E+00  2.0241E+00  5.8461E-01  3.1517E-01  1.0558E-02  1.0000E+01
  6.0000E+00  5.7214E+00  7.3031E+00  2.0241E+00  5.8461E-01  3.1517E-01  1.0558E-02  1.0000E+01
  6.0000E+00  5.7214E+00  7.3031E+00  2.0241E+00  5.8461E-01  3.1517E-01  1.0558E-02  1.0000E+01
  6.0000E+00  5.7214E+00  7.3031E+00  2.0241E+00  5.8461E-01  3.1517E-01  1.0558E-02  1.0000E+01
  6.0000E+00  5.7214E+00  7.3031E+00  2.0241E+00  5.8461E-01  3.1517E-01  1.0558E-02  1.0000E+01
  6.0000E+00  5.7214E+00  7.3031E+00  2.0241E+00  5.8461E-01  3.1517E-01  1.0558E-02  1.0000E+01
  7.0000E+00  5.7214E+00  5.8706E+00  2.0241E+00  5.8461E-01  3.1517E-01  1.2341E-02  1.0000E+01
  7.0000E+00  5.7214E+00  5.8706E+00  2.0241E+00  5.8461E-01  3.1517E-01  1.2341E-02  1.0000E+01
  7.0000E+00  5.7214E+00  5.8706E+00  2.0241E+00  5.8461E-01  3.1517E-01  1.2341E-02  1.0000E+01
  7.0000E+00  5.7214E+00  5.8706E+00  2.0241E+00  5.8461E-01  3.1517E-01  1.2341E-02  1.0000E+01
  7.0000E+00  5.7214E+00  5.8706E+00  2.0241E+00  5.8461E-01  3.1517E-01  1.2341E-02  1.0000E+01
  7.0000E+00  5.7214E+00  5.8706E+00  2.0241E+00  5.8461E-01  3.1517E-01  1.2341E-02  1.0000E+01
  7.0000E+00  5.7214E+00  5.8706E+00  2.0241E+00  5.8461E-01  3.1517E-01  1.2341E-02  1.0000E+01
  7.0000E+00  5.7214E+00  5.8706E+00  2.0241E+00  5.8461E-01  3.1517E-01  1.2341E-02  1.0000E+01
  7.0000E+00  5.7214E+00  5.8706E+00  2.0241E+00  5.8461E-01  3.1517E-01  1.2341E-02  1.0000E+01
  7.0000E+00  5.7214E+00  5.8706E+00  2.0241E+00  5.8461E-01  3.1517E-01  1.2341E-02  1.0000E+01
  7.0000E+00  5.7214E+00  5.8706E+00  2.0241E+00  5.8461E-01  3.1517E-01  1.2341E-02  1.0000E+01
  7.0000E+00  5.7214E+00  5.8706E+00  2.0241E+00  5.8461E-01  3.1517E-01  1.2341E-02  1.0000E+01
  8.0000E+00  5.7214E+00  3.1148E+00  2.0241E+00  5.8461E-01  3.1517E-01  1.2622E-02  1.0000E+01
  8.0000E+00  5.7214E+00  3.1148E+00  2.0241E+00  5.8461E-01  3.1517E-01  1.2622E-02  1.0000E+01
  8.0000E+00  5.7214E+00  3.1148E+00  2.0241E+00  5.8461E-01  3.1517E-01  1.2622E-02  1.0000E+01
  8.0000E+00  5.7214E+00  3.1148E+00  2.0241E+00  5.8461E-01  3.1517E-01  1.2622E-02  1.0000E+01
  8.0000E+00  5.7214E+00  3.1148E+00  2.0241E+00  5.8461E-01  3.1517E-01  1.2622E-02  1.0000E+01
  8.0000E+00  5.7214E+00  3.1148E+00  2.0241E+00  5.8461E-01  3.1517E-01  1.2622E-02  1.0000E+01
  8.0000E+00  5.7214E+00  3.1148E+00  2.0241E+00  5.8461E-01  3.1517E-01  1.2622E-02  1.0000E+01
  8.0000E+00  5.7214E+00  3.1148E+00  2.0241E+00  5.8461E-01  3.1517E-01  1.2622E-02  1.0000E+01
  8.0000E+00  5.7214E+00  3.1148E+00  2.0241E+00  5.8461E-01  3.1517E-01  1.2622E-02  1.0000E+01
  8.0000E+00  5.7214E+00  3.1148E+00  2.0241E+00  5.8461E-01  3.1517E-01  1.2622E-02  1.0000E+01
  8.0000E+00  5.7214E+00  3.1148E+00  2.0241E+00  5.8461E-01  3.1517E-01  1.2622E-02  1.0000E+01
  8.0000E+00  5.7214E+00  3.1148E+00  2.0241E+00  5.8461E-01  3.1517E-01  1.2622E-02  1.0000E+01
  9.0000E+00  5.7214E+00  9.8441E-01  2.0241E+00  5.8461E-01  3.1517E-01  2.4776E-02  3.0000E+01
  9.0000E+00  5.7214E+00  9.8441E-01  2.0241E+00  5.8461E-01  3.1517E-01  2.4776E-02  3.0000E+01
  9.0000E+00  5.7214E+00  9.8441E-01  2.0241E+00  5.8461E-01  3.1517E-01  2.4776E-02  3.0000E+01
  9.0000E+00  5.7214E+00  9.8441E-01  2.0241E+00  5.8461E-01  3.1517E-01  2.4776E-02  3.0000E+01
  9.0000E+00  5.7214E+00  9.8441E-01  2.0241E+00  5.8461E-01  3.1517E-01  2.4776E-02  3.0000E+01
  9.0000E+00  5.7214E+00  9.8441E-01  2.0241E+00  5.8461E-01  3.1517E-01  2.4776E-02  3.0000E+01
  9.0000E+00  5.7214E+00  9.8441E-01  2.0241E+00  5.8461E-01  3.1517E-01  2.4776E-02  3.0000E+01
  9.0000E+00  5.7214E+00  9.8441E-01  2.0241E+00  5.8461E-01  3.1517E-01  2.4776E-02  3.0000E+01
  9.0000E+00  5.7214E+00  9.8441E-01  2.0241E+00  5.8461E-01  3.1517E-01  2.4776E-02  3.0000E+01
  9.0000E+00  5.7214E+00  9.8441E-01  2.0241E+00  5.8461E-01  3.1517E-01  2.4776E-02  3.0000E+01
  9.0000E+00  5.7214E+00  9.8441E-01  2.0241E+00  5.8461E-01  3.1517E-01  2.4776E-02  3.0000E+01
  9.0000E+00  5.7214E+00  9.8441E-01  2.0241E+00  5.8461E-01  3.1517E-01  2.4776E-02  3.0000E+01
  1.0000E+01  5.7214E+00  1.1925E+01  2.0241E+00  5.8461E-01  3.1517E-01  2.4639E-02  3.0000E+01
  1.0000E+01  5.7214E+00  1.1925E+01  2.0241E+00  5.8461E-01  3.1517E-01  2.4639E-02  3.0000E+01
  1.0000E+01  5.7214E+00  1.1925E+01  2.0241E+00  5.8461E-01  3.1517E-01  2.4639E-02  3.0000E+01
  1.0000E+01  5.7214E+00  1.1925E+01  2.0241E+00  5.8461E-01  3.1517E-01  2.4639E-02  3.0000E+01
  1.0000E+01  5.7214E+00  1.1925E+01  2.0241E+00  5.8461E-01  3.1517E-01  2.4639E-02  3.0000E+01
  1.0000E+01  5.7214E+00  1.1925E+01  2.0241E+00  5.8461E-01  3.1517E-01  2.4639E-02  3.0000E+01
  1.0000E+01  5.7214E+00  1.1925E+01  2.0241E+00  5.8461E-01  3.1517E-01  2.4639E-02  3.0000E+01
  1.0000E+01  5.7214E+00  1.1925E+01  2.0241E+00  5.8461E-01  3.1517E-01  2.4639E-02  3.0000E+01
  1.0000E+01  5.7214E+00  1.1925E+01  2.0241E+00  5.8461E-01  3.1517E-01  2.4639E-02  3.0000E+01
  1.0000E+01  5.7214E+00  1.1925E+01  2.0241E+00  5.8461E-01  3.1517E-01  2.4639E-02  3.0000E+01
  1.0000E+01  5.7214E+00  1.1925E+01  2.0241E+00  5.8461E-01  3.1517E-01  2.4639E-02  3.0000E+01
  1.0000E+01  5.7214E+00  1.1925E+01  2.0241E+00  5.8461E-01  3.1517E-01  2.4639E-02  3.0000E+01
  1.1000E+01  5.7214E+00  1.1823E+01  2.0241E+00  5.8461E-01  3.1517E-01  2.2051E-02  3.0000E+01
  1.1000E+01  5.7214E+00  1.1823E+01  2.0241E+00  5.8461E-01  3.1517E-01  2.2051E-02  3.0000E+01
  1.1000E+01  5.7214E+00  1.1823E+01  2.0241E+00  5.8461E-01  3.1517E-01  2.2051E-02  3.0000E+01
  1.1000E+01  5.7214E+00  1.1823E+01  2.0241E+00  5.8461E-01  3.1517E-01  2.2051E-02  3.0000E+01
  1.1000E+01  5.7214E+00  1.1823E+01  2.0241E+00  5.8461E-01  3.1517E-01  2.2051E-02  3.0000E+01
  1.1000E+01  5.7214E+00  1.1823E+01  2.0241E+00  5.8461E-01  3.1517E-01  2.2051E-02  3.0000E+01
  1.1000E+01  5.7214E+00  1.1823E+01  2.0241E+00  5.8461E-01  3.1517E-01  2.2051E-02  3.0000E+01
  1.1000E+01  5.7214E+00  1.1823E+01  2.0241E+00  5.8461E-01  3.1517E-01  2.2051E-02  3.0000E+01
  1.1000E+01  5.7214E+00  1.1823E+01  2.0241E+00  5.8461E-01  3.1517E-01  2.2051E-02  3.0000E+01
  1.1000E+01  5.7214E+00  1.1823E+01  2.0241E+00  5.8461E-01  3.1517E-01  2.2051E-02  3.0000E+01
  1.1000E+01  5.7214E+00  1.1823E+01  2.0241E+00  5.8461E-01  3.1517E-01  2.2051E-02  3.0000E+01
  1.1000E+01  5.7214E+00  1.1823E+01  2.0241E+00  5.8461E-01  3.1517E-01  2.2051E-02  3.0000E+01
  1.2000E+01  5.7214E+00  3.5345E+01  2.0241E+00  5.8461E-01  3.1517E-01  6.0170E-03  3.0000E+01
  1.2000E+01  5.7214E+00  3.5345E+01  2.0241E+00  5.8461E-01  3.1517E-01  6.0170E-03  3.0000E+01
  1.2000E+01  5.7214E+00  3.5345E+01  2.0241E+00  5.8461E-01  3.1517E-01  6.0170E-03  3.0000E+01
  1.2000E+01  5.7214E+00  3.5345E+01  2.0241E+00  5.8461E-01  3.1517E-01  6.0170E-03  3.0000E+01
  1.2000E+01  5.7214E+00  3.5345E+01  2.0241E+00  5.8461E-01  3.1517E-01  6.0170E-03  3.0000E+01
  1.2000E+01  5.7214E+00  3.5345E+01  2.0241E+00  5.8461E-01  3.1517E-01  6.0170E-03  3.0000E+01
  1.2000E+01  5.7214E+00  3.5345E+01  2.0241E+00  5.8461E-01  3.1517E-01  6.0170E-03  3.0000E+01
  1.2000E+01  5.7214E+00  3.5345E+01  2.0241E+00  5.8461E-01  3.1517E-01  6.0170E-03  3.0000E+01
  1.2000E+01  5.7214E+00  3.5345E+01  2.0241E+00  5.8461E-01  3.1517E-01  6.0170E-03  3.0000E+01
  1.2000E+01  5.7214E+00  3.5345E+01  2.0241E+00  5.8461E-01  3.1517E-01  6.0170E-03  3.0000E+01
  1.2000E+01  5.7214E+00  3.5345E+01  2.0241E+00  5.8461E-01  3.1517E-01  6.0170E-03  3.0000E+01
  1.2000E+01  5.7214E+00  3.5345E+01  2.0241E+00  5.8461E-01  3.1517E-01  6.0170E-03  3.0000E+01
  1.3000E+01  5.7214E+00  1.8353E+01  2.0241E+00  5.8461E-01  3.1517E-01  9.9611E-03  3.0000E+01
  1.3000E+01  5.7214E+00  1.8353E+01  2.0241E+00  5.8461E-01  3.1517E-01  9.9611E-03  3.0000E+01
  1.3000E+01  5.7214E+00  1.8353E+01  2.0241E+00  5.8461E-01  3.1517E-01  9.9611E-03  3.0000E+01
  1.3000E+01  5.7214E+00  1.8353E+01  2.0241E+00  5.8461E-01  3.1517E-01  9.9611E-03  3.0000E+01
  1.3000E+01  5.7214E+00  1.8353E+01  2.0241E+00  5.8461E-01  3.1517E-01  9.9611E-03  3.0000E+01
  1.3000E+01  5.7214E+00  1.8353E+01  2.0241E+00  5.8461E-01  3.1517E-01  9.9611E-03  3.0000E+01
  1.3000E+01  5.7214E+00  1.8353E+01  2.0241E+00  5.8461E-01  3.1517E-01  9.9611E-03  3.0000E+01
  1.3000E+01  5.7214E+00  1.8353E+01  2.0241E+00  5.8461E-01  3.1517E-01  9.9611E-03  3.0000E+01
  1.3000E+01  5.7214E+00  1.8353E+01  2.0241E+00  5.8461E-01  3.1517E-01  9.9611E-03  3.0000E+01
  1.3000E+01  5.7214E+00  1.8353E+01  2.0241E+00  5.8461E-01  3.1517E-01  9.9611E-03  3.0000E+01
  1.3000E+01  5.7214E+00  1.8353E+01  2.0241E+00  5.8461E-01  3.1517E-01  9.9611E-03  3.0000E+01
  1.3000E+01  5.7214E+00  1.8353E+01  2.0241E+00  5.8461E-01  3.1517E-01  9.9611E-03  3.0000E+01
  1.4000E+01  5.7214E+00  2.4542E+01  2.0241E+00  5.8461E-01  3.1517E-01  5.8022E-03  3.0000E+01
  1.4000E+01  5.7214E+00  2.4542E+01  2.0241E+00  5.8461E-01  3.1517E-01  5.8022E-03  3.0000E+01
  1.4000E+01  5.7214E+00  2.4542E+01  2.0241E+00  5.8461E-01  3.1517E-01  5.8022E-03  3.0000E+01
  1.4000E+01  5.7214E+00  2.4542E+01  2.0241E+00  5.8461E-01  3.1517E-01  5.8022E-03  3.0000E+01
  1.4000E+01  5.7214E+00  2.4542E+01  2.0241E+00  5.8461E-01  3.1517E-01  5.8022E-03  3.0000E+01
  1.4000E+01  5.7214E+00  2.4542E+01  2.0241E+00  5.8461E-01  3.1517E-01  5.8022E-03  3.0000E+01
  1.4000E+01  5.7214E+00  2.4542E+01  2.0241E+00  5.8461E-01  3.1517E-01  5.8022E-03  3.0000E+01
  1.4000E+01  5.7214E+00  2.4542E+01  2.0241E+00  5.8461E-01  3.1517E-01  5.8022E-03  3.0000E+01
  1.4000E+01  5.7214E+00  2.4542E+01  2.0241E+00  5.8461E-01  3.1517E-01  5.8022E-03  3.0000E+01
  1.4000E+01  5.7214E+00  2.4542E+01  2.0241E+00  5.8461E-01  3.1517E-01  5.8022E-03  3.0000E+01
  1.4000E+01  5.7214E+00  2.4542E+01  2.0241E+00  5.8461E-01  3.1517E-01  5.8022E-03  3.0000E+01
  1.4000E+01  5.7214E+00  2.4542E+01  2.0241E+00  5.8461E-01  3.1517E-01  5.8022E-03  3.0000E+01
  1.5000E+01  5.7214E+00  4.9749E+00  2.0241E+00  5.8461E-01  3.1517E-01  7.3849E-03  1.0000E+02
  1.5000E+01  5.7214E+00  4.9749E+00  2.0241E+00  5.8461E-01  3.1517E-01  7.3849E-03  1.0000E+02
  1.5000E+01  5.7214E+00  4.9749E+00  2.0241E+00  5.8461E-01  3.1517E-01  7.3849E-03  1.0000E+02
  1.5000E+01  5.7214E+00  4.9749E+00  2.0241E+00  5.8461E-01  3.1517E-01  7.3849E-03  1.0000E+02
  1.5000E+01  5.7214E+00  4.9749E+00  2.0241E+00  5.8461E-01  3.1517E-01  7.3849E-03  1.0000E+02
  1.5000E+01  5.7214E+00  4.9749E+00  2.0241E+00  5.8461E-01  3.1517E-01  7.3849E-03  1.0000E+02
  1.5000E+01  5.7214E+00  4.9749E+00  2.0241E+00  5.8461E-01  3.1517E-01  7.3849E-03  1.0000E+02
  1.5000E+01  5.7214E+00  4.9749E+00  2.0241E+00  5.8461E-01  3.1517E-01  7.3849E-03  1.0000E+02
  1.5000E+01  5.7214E+00  4.9749E+00  2.0241E+00  5.8461E-01  3.1517E-01  7.3849E-03  1.0000E+02
  1.5000E+01  5.7214E+00  4.9749E+00  2.0241E+00  5.8461E-01  3.1517E-01  7.3849E-03  1.0000E+02
  1.5000E+01  5.7214E+00  4.9749E+00  2.0241E+00  5.8461E-01  3.1517E-01  7.3849E-03  1.0000E+02
  1.5000E+01  5.7214E+00  4.9749E+00  2.0241E+00  5.8461E-01  3.1517E-01  7.3849E-03  1.0000E+02
  1.6000E+01  5.7214E+00  8.6016E+00  2.0241E+00  5.8461E-01  3.1517E-01  2.3804E-02  1.0000E+02
  1.6000E+01  5.7214E+00  8.6016E+00  2.0241E+00  5.8461E-01  3.1517E-01  2.3804E-02  1.0000E+02
  1.6000E+01  5.7214E+00  8.6016E+00  2.0241E+00  5.8461E-01  3.1517E-01  2.3804E-02  1.0000E+02
  1.6000E+01  5.7214E+00  8.6016E+00  2.0241E+00  5.8461E-01  3.1517E-01  2.3804E-02  1.0000E+02
  1.6000E+01  5.7214E+00  8.6016E+00  2.0241E+00  5.8461E-01  3.1517E-01  2.3804E-02  1.0000E+02
  1.6000E+01  5.7214E+00  8.6016E+00  2.0241E+00  5.8461E-01  3.1517E-01  2.3804E-02  1.0000E+02
  1.6000E+01  5.7214E+00  8.6016E+00  2.0241E+00  5.8461E-01  3.1517E-01  2.3804E-02  1.0000E+02
  1.6000E+01  5.7214E+00  8.6016E+00  2.0241E+00  5.8461E-01  3.1517E-01  2.3804E-02  1.0000E+02
  1.6000E+01  5.7214E+00  8.6016E+00  2.0241E+00  5.8461E-01  3.1517E-01  2.3804E-02  1.0000E+02
  1.6000E+01  5.7214E+00  8.6016E+00  2.0241E+00  5.8461E-01  3.1517E-01  2.3804E-02  1.0000E+02
  1.6000E+01  5.7214E+00  8.6016E+00  2.0241E+00  5.8461E-01  3.1517E-01  2.3804E-02  1.0000E+02
  1.6000E+01  5.7214E+00  8.6016E+00  2.0241E+00  5.8461E-01  3.1517E-01  2.3804E-02  1.0000E+02
  1.7000E+01  5.7214E+00  9.1989E+00  2.0241E+00  5.8461E-01  3.1517E-01  8.3451E-03  1.0000E+02
  1.7000E+01  5.7214E+00  9.1989E+00  2.0241E+00  5.8461E-01  3.1517E-01  8.3451E-03  1.0000E+02
  1.7000E+01  5.7214E+00  9.1989E+00  2.0241E+00  5.8461E-01  3.1517E-01  8.3451E-03  1.0000E+02
  1.7000E+01  5.7214E+00  9.1989E+00  2.0241E+00  5.8461E-01  3.1517E-01  8.3451E-03  1.0000E+02
  1.7000E+01  5.7214E+00  9.1989E+00  2.0241E+00  5.8461E-01  3.1517E-01  8.3451E-03  1.0000E+02
  1.7000E+01  5.7214E+00  9.1989E+00  2.0241E+00  5.8461E-01  3.1517E-01  8.3451E-03  1.0000E+02
  1.7000E+01  5.7214E+00  9.1989E+00  2.0241E+00  5.8461E-01  3.1517E-01  8.3451E-03  1.0000E+02
  1.7000E+01  5.7214E+00  9.1989E+00  2.0241E+00  5.8461E-01  3.1517E-01  8.3451E-03  1.0000E+02
  1.7000E+01  5.7214E+00  9.1989E+00  2.0241E+00  5.8461E-01  3.1517E-01  8.3451E-03  1.0000E+02
  1.7000E+01  5.7214E+00  9.1989E+00  2.0241E+00  5.8461E-01  3.1517E-01  8.3451E-03  1.0000E+02
  1.7000E+01  5.7214E+00  9.1989E+00  2.0241E+00  5.8461E-01  3.1517E-01  8.3451E-03  1.0000E+02
  1.7000E+01  5.7214E+00  9.1989E+00  2.0241E+00  5.8461E-01  3.1517E-01  8.3451E-03  1.0000E+02
