TABLE NO.  1
 ID          TIME        AMT         DV          MDV         IPRED       CWRES       IWRES       BQL         DV          PRED        RES         WRES
  1.0000E+00  0.0000E+00  2.9000E+04  0.0000E+00  1.0000E+00  0.0000E+00  0.0000E+00  0.0000E+00  0.0000E+00  0.0000E+00  1.0000E+00  0.0000E+00  0.0000E+00
  1.0000E+00  0.0000E+00  2.9000E+04  0.0000E+00  1.0000E+00  0.0000E+00  0.0000E+00  0.0000E+00  0.0000E+00  0.0000E+00  1.0000E+00  0.0000E+00  0.0000E+00
  1.0000E+00  0.0000E+00  0.0000E+00  0.0000E+00  0.0000E+00  0.0000E+00  0.0000E+00  0.0000E+00  0.0000E+00  0.0000E+00  1.0000E+00  0.0000E+00  0.0000E+00
  1.0000E+00  2.5000E-01  0.0000E+00  7.3000E-01  0.0000E+00  2.8417E-01  0.0000E+00  2.5068E+00  0.0000E+00  7.3000E-01  1.0000E+00  0.0000E+00  0.0000E+00
  1.0000E+00  5.0000E-01  0.0000E+00  2.7500E+00  0.0000E+00  2.1867E+00  0.0000E+00  4.1159E-01  0.0000E+00  2.7500E+00  3.4178E+00  0.0000E+00  0.0000E+00
  1.0000E+00  1.0000E+00  0.0000E+00  7.2700E+00  0.0000E+00  4.6949E+00  0.0000E+00  8.7635E-01  0.0000E+00  7.2700E+00  8.3494E+00  0.0000E+00  0.0000E+00
  1.0000E+00  2.0000E+00  0.0000E+00  6.4500E+00  0.0000E+00  6.9646E+00  0.0000E+00 -1.1805E-01  0.0000E+00  6.4500E+00  1.3710E+01  0.0000E+00  0.0000E+00
  1.0000E+00  3.0000E+00  0.0000E+00  6.8500E+00  0.0000E+00  7.7720E+00  0.0000E+00 -1.8954E-01  0.0000E+00  6.8500E+00  1.6111E+01  0.0000E+00  0.0000E+00
  1.0000E+00  4.0000E+00  0.0000E+00  4.2300E+00  0.0000E+00  5.4556E+00  0.0000E+00 -3.5895E-01  0.0000E+00  4.2300E+00  1.2981E+01  0.0000E+00  0.0000E+00
  1.0000E+00  6.0000E+00  0.0000E+00  6.0300E+00  0.0000E+00  5.5543E+00  0.0000E+00  1.3685E-01  0.0000E+00  6.0300E+00  1.1801E+01  0.0000E+00  0.0000E+00
  1.0000E+00  8.0000E+00  0.0000E+00  8.1100E+00  0.0000E+00  4.3657E+00  0.0000E+00  1.3704E+00  0.0000E+00  8.1100E+00  9.9199E+00  0.0000E+00  0.0000E+00
  1.0000E+00  1.2000E+01  0.0000E+00  5.0000E-01  0.0000E+00  1.5219E+00  0.0000E+00 -1.0728E+00  1.0000E+00  5.0000E-01  1.2153E-01  0.0000E+00  0.0000E+00
  1.0000E+00  2.4000E+01  0.0000E+00  5.0000E-01  0.0000E+00  5.9745E-02  0.0000E+00  1.1774E+01  1.0000E+00  5.0000E-01  1.0000E+00  0.0000E+00  0.0000E+00
  2.0000E+00  0.0000E+00  2.9000E+04  0.0000E+00  1.0000E+00  0.0000E+00  0.0000E+00  0.0000E+00  0.0000E+00  0.0000E+00  1.0000E+00  0.0000E+00  0.0000E+00
  2.0000E+00  0.0000E+00  2.9000E+04  0.0000E+00  1.0000E+00  0.0000E+00  0.0000E+00  0.0000E+00  0.0000E+00  0.0000E+00  1.0000E+00  0.0000E+00  0.0000E+00
  2.0000E+00  0.0000E+00  0.0000E+00  0.0000E+00  0.0000E+00  0.0000E+00  0.0000E+00  0.0000E+00  0.0000E+00  0.0000E+00  1.0000E+00  0.0000E+00  0.0000E+00
  2.0000E+00  2.5000E-01  0.0000E+00  1.2000E-01  0.0000E+00  0.0000E+00  0.0000E+00  1.2000E+03  0.0000E+00  1.2000E-01  1.0000E+00  0.0000E+00  0.0000E+00
  2.0000E+00  5.0000E-01  0.0000E+00  1.8000E-01  0.0000E+00  0.0000E+00  0.0000E+00  1.8000E+03  0.0000E+00  1.8000E-01  1.2918E-01  0.0000E+00  0.0000E+00
  2.0000E+00  1.0000E+00  0.0000E+00  1.4000E-01  0.0000E+00  1.9579E+00  0.0000E+00 -1.4835E+00  0.0000E+00  1.4000E-01  7.9802E-02  0.0000E+00  0.0000E+00
  2.0000E+00  2.0000E+00  0.0000E+00  1.1700E+00  0.0000E+00  5.0932E+00  0.0000E+00 -1.2307E+00  0.0000E+00  1.1700E+00  1.3710E+01  0.0000E+00  0.0000E+00
  2.0000E+00  3.0000E+00  0.0000E+00  8.4000E+00  0.0000E+00  6.9306E+00  0.0000E+00  3.3876E-01  0.0000E+00  8.4000E+00  1.6111E+01  0.0000E+00  0.0000E+00
  2.0000E+00  4.0000E+00  0.0000E+00  1.5500E+01  0.0000E+00  8.0329E+00  0.0000E+00  1.4852E+00  0.0000E+00  1.5500E+01  1.2981E+01  0.0000E+00  0.0000E+00
  2.0000E+00  6.0000E+00  0.0000E+00  8.5100E+00  0.0000E+00  6.4130E+00  0.0000E+00  5.2246E-01  0.0000E+00  8.5100E+00  1.1801E+01  0.0000E+00  0.0000E+00
  2.0000E+00  8.0000E+00  0.0000E+00  6.0400E+00  0.0000E+00  5.5881E+00  0.0000E+00  1.2922E-01  0.0000E+00  6.0400E+00  9.9199E+00  0.0000E+00  0.0000E+00
  2.0000E+00  1.2000E+01  0.0000E+00  5.0000E-01  0.0000E+00  2.4359E+00  0.0000E+00 -1.2698E+00  1.0000E+00  5.0000E-01  1.2153E-01  0.0000E+00  0.0000E+00
  2.0000E+00  2.4000E+01  0.0000E+00  5.0000E-01  0.0000E+00  1.2048E-01  0.0000E+00  5.0329E+00  1.0000E+00  5.0000E-01  1.0000E+00  0.0000E+00  0.0000E+00
  3.0000E+00  0.0000E+00  5.4500E+03  0.0000E+00  1.0000E+00  1.4691E+03  0.0000E+00 -1.5978E+00  0.0000E+00  0.0000E+00  5.5284E-02  0.0000E+00  0.0000E+00
  3.0000E+00  1.7000E-02  0.0000E+00  2.5500E+03  0.0000E+00  1.4272E+03  0.0000E+00  1.2569E+00  0.0000E+00  2.5500E+03  7.4054E+02  0.0000E+00  0.0000E+00
  3.0000E+00  8.3500E-02  0.0000E+00  2.1100E+03  0.0000E+00  1.2749E+03  0.0000E+00  1.0466E+00  0.0000E+00  2.1100E+03  6.9899E+02  0.0000E+00  0.0000E+00
  3.0000E+00  2.5000E-01  0.0000E+00  1.4600E+03  0.0000E+00  9.6201E+02  0.0000E+00  8.2709E-01  0.0000E+00  1.4600E+03  6.0518E+02  0.0000E+00  0.0000E+00
  3.0000E+00  5.0000E-01  0.0000E+00  8.5300E+02  0.0000E+00  6.3255E+02  0.0000E+00  5.5685E-01  0.0000E+00  8.5300E+02  4.8812E+02  0.0000E+00  0.0000E+00
  3.0000E+00  1.0000E+00  0.0000E+00  5.5500E+02  0.0000E+00  2.7883E+02  0.0000E+00  1.5825E+00  0.0000E+00  5.5500E+02  3.1949E+02  0.0000E+00  0.0000E+00
  3.0000E+00  2.0000E+00  0.0000E+00  1.0300E+02  0.0000E+00  6.3858E+01  0.0000E+00  9.7937E-01  0.0000E+00  1.0300E+02  1.4151E+02  0.0000E+00  0.0000E+00
  3.0000E+00  4.0000E+00  0.0000E+00  7.4100E+00  0.0000E+00  1.2648E+01  0.0000E+00 -6.6171E-01  0.0000E+00  7.4100E+00  3.4594E+01  0.0000E+00  0.0000E+00
  3.0000E+00  6.0000E+00  0.0000E+00  4.4900E+00  0.0000E+00  6.7608E+00  0.0000E+00 -5.3665E-01  0.0000E+00  4.4900E+00  1.2619E+01  0.0000E+00  0.0000E+00
  3.0000E+00  8.0000E+00  0.0000E+00  5.2500E+00  0.0000E+00  4.0163E+00  0.0000E+00  4.9077E-01  0.0000E+00  5.2500E+00  6.2814E+00  0.0000E+00  0.0000E+00
  3.0000E+00  1.2000E+01  0.0000E+00  2.4600E+00  0.0000E+00  1.4347E+00  0.0000E+00  1.1419E+00  0.0000E+00  2.4600E+00  2.1305E+00  0.0000E+00  0.0000E+00
  3.0000E+00  2.4000E+01  0.0000E+00  5.0000E-01  0.0000E+00  6.5462E-02  0.0000E+00  1.0606E+01  1.0000E+00  5.0000E-01  1.0000E+00  0.0000E+00  0.0000E+00
  4.0000E+00  0.0000E+00  5.9500E+03  0.0000E+00  1.0000E+00  1.9291E+03  0.0000E+00 -1.5978E+00  0.0000E+00  0.0000E+00  5.5264E-02  0.0000E+00  0.0000E+00
  4.0000E+00  1.7000E-02  0.0000E+00  2.3000E+03  0.0000E+00  1.8632E+03  0.0000E+00  3.7454E-01  0.0000E+00  2.3000E+03  8.0848E+02  0.0000E+00  0.0000E+00
  4.0000E+00  8.3500E-02  0.0000E+00  2.0000E+03  0.0000E+00  1.6267E+03  0.0000E+00  3.6668E-01  0.0000E+00  2.0000E+03  7.6312E+02  0.0000E+00  0.0000E+00
  4.0000E+00  2.5000E-01  0.0000E+00  1.2600E+03  0.0000E+00  1.1594E+03  0.0000E+00  1.3862E-01  0.0000E+00  1.2600E+03  6.6070E+02  0.0000E+00  0.0000E+00
  4.0000E+00  5.0000E-01  0.0000E+00  7.3500E+02  0.0000E+00  7.0056E+02  0.0000E+00  7.8541E-02  0.0000E+00  7.3500E+02  5.3290E+02  0.0000E+00  0.0000E+00
  4.0000E+00  1.0000E+00  0.0000E+00  4.3200E+02  0.0000E+00  2.6321E+02  0.0000E+00  1.0246E+00  0.0000E+00  4.3200E+02  3.4880E+02  0.0000E+00  0.0000E+00
  4.0000E+00  2.0000E+00  0.0000E+00  5.4600E+01  0.0000E+00  4.9301E+01  0.0000E+00  1.7175E-01  0.0000E+00  5.4600E+01  1.5449E+02  0.0000E+00  0.0000E+00
  4.0000E+00  4.0000E+00  0.0000E+00  7.2500E+00  0.0000E+00  1.2055E+01  0.0000E+00 -6.3687E-01  0.0000E+00  7.2500E+00  3.7768E+01  0.0000E+00  0.0000E+00
  4.0000E+00  6.0000E+00  0.0000E+00  3.6500E+00  0.0000E+00  6.9196E+00  0.0000E+00 -7.5497E-01  0.0000E+00  3.6500E+00  1.3777E+01  0.0000E+00  0.0000E+00
  4.0000E+00  8.0000E+00  0.0000E+00  3.3200E+00  0.0000E+00  4.1246E+00  0.0000E+00 -3.1168E-01  0.0000E+00  3.3200E+00  6.8577E+00  0.0000E+00  0.0000E+00
  4.0000E+00  1.2000E+01  0.0000E+00  1.6100E+00  0.0000E+00  1.4685E+00  0.0000E+00  1.5396E-01  0.0000E+00  1.6100E+00  2.3260E+00  0.0000E+00  0.0000E+00
  4.0000E+00  2.4000E+01  0.0000E+00  5.0000E-01  0.0000E+00  6.6280E-02  0.0000E+00  1.0455E+01  1.0000E+00  5.0000E-01  1.0000E+00  0.0000E+00  0.0000E+00
  5.0000E+00  0.0000E+00  6.1000E+03  0.0000E+00  1.0000E+00  1.9446E+03  0.0000E+00 -1.5978E+00  0.0000E+00  0.0000E+00  5.5259E-02  0.0000E+00  0.0000E+00
  5.0000E+00  1.7000E-02  0.0000E+00  2.6900E+03  0.0000E+00  1.8793E+03  0.0000E+00  6.8929E-01  0.0000E+00  2.6900E+03  8.2887E+02  0.0000E+00  0.0000E+00
  5.0000E+00  8.3500E-02  0.0000E+00  2.0500E+03  0.0000E+00  1.6444E+03  0.0000E+00  3.9407E-01  0.0000E+00  2.0500E+03  7.8235E+02  0.0000E+00  0.0000E+00
  5.0000E+00  2.5000E-01  0.0000E+00  1.1600E+03  0.0000E+00  1.1787E+03  0.0000E+00 -2.5380E-02  0.0000E+00  1.1600E+03  6.7736E+02  0.0000E+00  0.0000E+00
  5.0000E+00  5.0000E-01  0.0000E+00  8.2000E+02  0.0000E+00  7.1823E+02  0.0000E+00  2.2638E-01  0.0000E+00  8.2000E+02  5.4634E+02  0.0000E+00  0.0000E+00
  5.0000E+00  1.0000E+00  0.0000E+00  4.5600E+02  0.0000E+00  2.7413E+02  0.0000E+00  1.0600E+00  0.0000E+00  4.5600E+02  3.5760E+02  0.0000E+00  0.0000E+00
  5.0000E+00  2.0000E+00  0.0000E+00  5.7800E+01  0.0000E+00  5.2244E+01  0.0000E+00  1.6993E-01  0.0000E+00  5.7800E+01  1.5839E+02  0.0000E+00  0.0000E+00
  5.0000E+00  4.0000E+00  0.0000E+00  6.8700E+00  0.0000E+00  1.2477E+01  0.0000E+00 -7.1803E-01  0.0000E+00  6.8700E+00  3.8720E+01  0.0000E+00  0.0000E+00
  5.0000E+00  6.0000E+00  0.0000E+00  6.0500E+00  0.0000E+00  7.1307E+00  0.0000E+00 -2.4214E-01  0.0000E+00  6.0500E+00  1.4124E+01  0.0000E+00  0.0000E+00
  5.0000E+00  8.0000E+00  0.0000E+00  6.1100E+00  0.0000E+00  4.2501E+00  0.0000E+00  6.9919E-01  0.0000E+00  6.1100E+00  7.0306E+00  0.0000E+00  0.0000E+00
  5.0000E+00  1.2000E+01  0.0000E+00  1.7100E+00  0.0000E+00  1.5136E+00  0.0000E+00  2.0729E-01  0.0000E+00  1.7100E+00  2.3846E+00  0.0000E+00  0.0000E+00
  5.0000E+00  2.4000E+01  0.0000E+00  5.0000E-01  0.0000E+00  6.8378E-02  0.0000E+00  1.0086E+01  1.0000E+00  5.0000E-01  1.0000E+00  0.0000E+00  0.0000E+00
  6.0000E+00  0.0000E+00  2.1800E+04  0.0000E+00  1.0000E+00  0.0000E+00  0.0000E+00  0.0000E+00  0.0000E+00  0.0000E+00  1.0000E+00  0.0000E+00  0.0000E+00
  6.0000E+00  0.0000E+00  2.1800E+04  0.0000E+00  1.0000E+00  0.0000E+00  0.0000E+00  0.0000E+00  0.0000E+00  0.0000E+00  1.0000E+00  0.0000E+00  0.0000E+00
  6.0000E+00  0.0000E+00  0.0000E+00  0.0000E+00  0.0000E+00  0.0000E+00  0.0000E+00  0.0000E+00  0.0000E+00  0.0000E+00  1.0000E+00  0.0000E+00  0.0000E+00
  6.0000E+00  2.5000E-01  0.0000E+00  0.0000E+00  0.0000E+00  0.0000E+00  0.0000E+00  0.0000E+00  0.0000E+00  0.0000E+00  1.0000E+00  0.0000E+00  0.0000E+00
  6.0000E+00  5.0000E-01  0.0000E+00  1.3900E+00  0.0000E+00  1.7463E+00  0.0000E+00 -3.2599E-01  0.0000E+00  1.3900E+00  2.5692E+00  0.0000E+00  0.0000E+00
  6.0000E+00  1.0000E+00  0.0000E+00  9.5800E+00  0.0000E+00  5.0975E+00  0.0000E+00  1.4050E+00  0.0000E+00  9.5800E+00  6.2765E+00  0.0000E+00  0.0000E+00
  6.0000E+00  2.0000E+00  0.0000E+00  9.5100E+00  0.0000E+00  8.7500E+00  0.0000E+00  1.3878E-01  0.0000E+00  9.5100E+00  1.0306E+01  0.0000E+00  0.0000E+00
  6.0000E+00  4.0000E+00  0.0000E+00  4.9900E+00  0.0000E+00  8.8420E+00  0.0000E+00 -6.9607E-01  0.0000E+00  4.9900E+00  9.7581E+00  0.0000E+00  0.0000E+00
  6.0000E+00  6.0000E+00  0.0000E+00  3.2100E+00  0.0000E+00  7.7363E+00  0.0000E+00 -9.3481E-01  0.0000E+00  3.2100E+00  8.8707E+00  0.0000E+00  0.0000E+00
  6.0000E+00  8.0000E+00  0.0000E+00  9.1800E+00  0.0000E+00  6.4678E+00  0.0000E+00  6.6999E-01  0.0000E+00  9.1800E+00  7.4570E+00  0.0000E+00  0.0000E+00
  6.0000E+00  1.2000E+01  0.0000E+00  3.8300E+00  0.0000E+00  2.4221E+00  0.0000E+00  9.2872E-01  0.0000E+00  3.8300E+00  2.7907E+00  0.0000E+00  0.0000E+00
  6.0000E+00  2.4000E+01  0.0000E+00  5.0000E-01  0.0000E+00  1.0028E-01  0.0000E+00  6.3690E+00  1.0000E+00  5.0000E-01  1.0000E+00  0.0000E+00  0.0000E+00
  7.0000E+00  0.0000E+00  2.3800E+04  0.0000E+00  1.0000E+00  0.0000E+00  0.0000E+00  0.0000E+00  0.0000E+00  0.0000E+00  1.0000E+00  0.0000E+00  0.0000E+00
  7.0000E+00  0.0000E+00  2.3800E+04  0.0000E+00  1.0000E+00  0.0000E+00  0.0000E+00  0.0000E+00  0.0000E+00  0.0000E+00  1.0000E+00  0.0000E+00  0.0000E+00
  7.0000E+00  0.0000E+00  0.0000E+00  0.0000E+00  0.0000E+00  0.0000E+00  0.0000E+00  0.0000E+00  0.0000E+00  0.0000E+00  1.0000E+00  0.0000E+00  0.0000E+00
  7.0000E+00  2.5000E-01  0.0000E+00  2.7200E+00  0.0000E+00  1.6472E+00  0.0000E+00  1.0407E+00  0.0000E+00  2.7200E+00  2.6036E-02  0.0000E+00  0.0000E+00
  7.0000E+00  5.0000E-01  0.0000E+00  3.0600E+00  0.0000E+00  4.6520E+00  0.0000E+00 -5.4679E-01  0.0000E+00  3.0600E+00  2.8049E+00  0.0000E+00  0.0000E+00
  7.0000E+00  1.0000E+00  0.0000E+00  5.3900E+00  0.0000E+00  8.7275E+00  0.0000E+00 -6.1101E-01  0.0000E+00  5.3900E+00  6.8523E+00  0.0000E+00  0.0000E+00
  7.0000E+00  2.0000E+00  0.0000E+00  2.4700E+01  0.0000E+00  1.2616E+01  0.0000E+00  1.5303E+00  0.0000E+00  2.4700E+01  1.1252E+01  0.0000E+00  0.0000E+00
  7.0000E+00  4.0000E+00  0.0000E+00  3.7600E+00  0.0000E+00  9.3485E+00  0.0000E+00 -9.5514E-01  0.0000E+00  3.7600E+00  1.0653E+01  0.0000E+00  0.0000E+00
  7.0000E+00  6.0000E+00  0.0000E+00  3.1900E+00  0.0000E+00  9.9249E+00  0.0000E+00 -1.0842E+00  0.0000E+00  3.1900E+00  9.6846E+00  0.0000E+00  0.0000E+00
  7.0000E+00  8.0000E+00  0.0000E+00  6.4300E+00  0.0000E+00  8.0145E+00  0.0000E+00 -3.1588E-01  0.0000E+00  6.4300E+00  8.1412E+00  0.0000E+00  0.0000E+00
  7.0000E+00  1.2000E+01  0.0000E+00  4.9200E+00  0.0000E+00  2.8385E+00  0.0000E+00  1.1716E+00  0.0000E+00  4.9200E+00  3.0467E+00  0.0000E+00  0.0000E+00
  7.0000E+00  2.4000E+01  0.0000E+00  5.0000E-01  0.0000E+00  1.1254E-01  0.0000E+00  5.5006E+00  1.0000E+00  5.0000E-01  1.0000E+00  0.0000E+00  0.0000E+00
  8.0000E+00  0.0000E+00  2.4400E+04  0.0000E+00  1.0000E+00  0.0000E+00  0.0000E+00  0.0000E+00  0.0000E+00  0.0000E+00  1.0000E+00  0.0000E+00  0.0000E+00
  8.0000E+00  0.0000E+00  2.4400E+04  0.0000E+00  1.0000E+00  0.0000E+00  0.0000E+00  0.0000E+00  0.0000E+00  0.0000E+00  1.0000E+00  0.0000E+00  0.0000E+00
  8.0000E+00  0.0000E+00  0.0000E+00  0.0000E+00  0.0000E+00  0.0000E+00  0.0000E+00  0.0000E+00  0.0000E+00  0.0000E+00  1.0000E+00  0.0000E+00  0.0000E+00
  8.0000E+00  2.5000E-01  0.0000E+00  4.4400E+00  0.0000E+00  2.9305E+00  0.0000E+00  8.2305E-01  0.0000E+00  4.4400E+00  2.6693E-02  0.0000E+00  0.0000E+00
  8.0000E+00  5.0000E-01  0.0000E+00  9.7200E+00  0.0000E+00  7.7696E+00  0.0000E+00  4.0108E-01  0.0000E+00  9.7200E+00  2.8756E+00  0.0000E+00  0.0000E+00
  8.0000E+00  1.0000E+00  0.0000E+00  1.7700E+01  0.0000E+00  1.2502E+01  0.0000E+00  6.6431E-01  0.0000E+00  1.7700E+01  7.0250E+00  0.0000E+00  0.0000E+00
  8.0000E+00  2.0000E+00  0.0000E+00  7.3400E+00  0.0000E+00  1.5062E+01  0.0000E+00 -8.1913E-01  0.0000E+00  7.3400E+00  1.1536E+01  0.0000E+00  0.0000E+00
  8.0000E+00  4.0000E+00  0.0000E+00  4.9900E+00  0.0000E+00  7.0915E+00  0.0000E+00 -4.7348E-01  0.0000E+00  4.9900E+00  1.0922E+01  0.0000E+00  0.0000E+00
  8.0000E+00  6.0000E+00  0.0000E+00  6.1800E+00  0.0000E+00  1.1760E+01  0.0000E+00 -7.5814E-01  0.0000E+00  6.1800E+00  9.9287E+00  0.0000E+00  0.0000E+00
  8.0000E+00  8.0000E+00  0.0000E+00  4.5600E+00  0.0000E+00  7.7342E+00  0.0000E+00 -6.5574E-01  0.0000E+00  4.5600E+00  8.3464E+00  0.0000E+00  0.0000E+00
  8.0000E+00  1.2000E+01  0.0000E+00  5.4200E+00  0.0000E+00  2.5361E+00  0.0000E+00  1.8168E+00  0.0000E+00  5.4200E+00  3.1235E+00  0.0000E+00  0.0000E+00
  8.0000E+00  2.4000E+01  0.0000E+00  5.0000E-01  0.0000E+00  9.4522E-02  0.0000E+00  6.8540E+00  1.0000E+00  5.0000E-01  1.0000E+00  0.0000E+00  0.0000E+00
  9.0000E+00  0.0000E+00  6.5700E+04  0.0000E+00  1.0000E+00  0.0000E+00  0.0000E+00  0.0000E+00  0.0000E+00  0.0000E+00  1.0000E+00  0.0000E+00  0.0000E+00
  9.0000E+00  0.0000E+00  6.5700E+04  0.0000E+00  1.0000E+00  0.0000E+00  0.0000E+00  0.0000E+00  0.0000E+00  0.0000E+00  1.0000E+00  0.0000E+00  0.0000E+00
  9.0000E+00  0.0000E+00  0.0000E+00  0.0000E+00  0.0000E+00  0.0000E+00  0.0000E+00  0.0000E+00  0.0000E+00  0.0000E+00  1.0000E+00  0.0000E+00  0.0000E+00
  9.0000E+00  2.5000E-01  0.0000E+00  6.1100E+01  0.0000E+00  3.9774E+01  0.0000E+00  8.5666E-01  0.0000E+00  6.1100E+01  7.1874E-02  0.0000E+00  0.0000E+00
  9.0000E+00  5.0000E-01  0.0000E+00  1.5100E+02  0.0000E+00  7.1943E+01  0.0000E+00  1.7558E+00  0.0000E+00  1.5100E+02  7.7430E+00  0.0000E+00  0.0000E+00
  9.0000E+00  1.0000E+00  0.0000E+00  6.1800E+01  0.0000E+00  8.0529E+01  0.0000E+00 -3.7159E-01  0.0000E+00  6.1800E+01  1.8916E+01  0.0000E+00  0.0000E+00
  9.0000E+00  2.0000E+00  0.0000E+00  2.9100E+01  0.0000E+00  8.2471E+01  0.0000E+00 -1.0340E+00  0.0000E+00  2.9100E+01  3.1061E+01  0.0000E+00  0.0000E+00
  9.0000E+00  4.0000E+00  0.0000E+00  1.2200E+01  0.0000E+00  9.6032E+00  0.0000E+00  4.3205E-01  0.0000E+00  1.2200E+01  2.9409E+01  0.0000E+00  0.0000E+00
  9.0000E+00  6.0000E+00  0.0000E+00  3.5300E+01  0.0000E+00  6.5222E+01  0.0000E+00 -7.3301E-01  0.0000E+00  3.5300E+01  2.6734E+01  0.0000E+00  0.0000E+00
  9.0000E+00  8.0000E+00  0.0000E+00  3.1900E+01  0.0000E+00  3.6953E+01  0.0000E+00 -2.1848E-01  0.0000E+00  3.1900E+01  2.2474E+01  0.0000E+00  0.0000E+00
  9.0000E+00  1.2000E+01  0.0000E+00  2.0000E+01  0.0000E+00  1.1931E+01  0.0000E+00  1.0807E+00  0.0000E+00  2.0000E+01  8.4104E+00  0.0000E+00  0.0000E+00
  9.0000E+00  2.4000E+01  0.0000E+00  5.0000E-01  0.0000E+00  4.2770E-01  0.0000E+00  2.7007E-01  1.0000E+00  5.0000E-01  9.9865E-01  0.0000E+00  0.0000E+00
  1.0000E+01  0.0000E+00  7.0500E+04  0.0000E+00  1.0000E+00  0.0000E+00  0.0000E+00  0.0000E+00  0.0000E+00  0.0000E+00  1.0000E+00  0.0000E+00  0.0000E+00
  1.0000E+01  0.0000E+00  7.0500E+04  0.0000E+00  1.0000E+00  0.0000E+00  0.0000E+00  0.0000E+00  0.0000E+00  0.0000E+00  1.0000E+00  0.0000E+00  0.0000E+00
  1.0000E+01  0.0000E+00  0.0000E+00  0.0000E+00  0.0000E+00  0.0000E+00  0.0000E+00  0.0000E+00  0.0000E+00  0.0000E+00  1.0000E+00  0.0000E+00  0.0000E+00
  1.0000E+01  2.5000E-01  0.0000E+00  7.4900E+00  0.0000E+00  4.6499E+00  0.0000E+00  9.7588E-01  0.0000E+00  7.4900E+00  7.7125E-02  0.0000E+00  0.0000E+00
  1.0000E+01  5.0000E-01  0.0000E+00  1.1400E+01  0.0000E+00  1.4621E+01  0.0000E+00 -3.5195E-01  0.0000E+00  1.1400E+01  8.3087E+00  0.0000E+00  0.0000E+00
  1.0000E+01  1.0000E+00  0.0000E+00  4.4700E+01  0.0000E+00  3.1049E+01  0.0000E+00  7.0244E-01  0.0000E+00  4.4700E+01  2.0298E+01  0.0000E+00  0.0000E+00
  1.0000E+01  2.0000E+00  0.0000E+00  4.1200E+01  0.0000E+00  5.3601E+01  0.0000E+00 -3.6965E-01  0.0000E+00  4.1200E+01  3.3330E+01  0.0000E+00  0.0000E+00
  1.0000E+01  4.0000E+00  0.0000E+00  4.5400E+01  0.0000E+00  5.8539E+01  0.0000E+00 -3.5862E-01  0.0000E+00  4.5400E+01  3.1557E+01  0.0000E+00  0.0000E+00
  1.0000E+01  6.0000E+00  0.0000E+00  7.5200E+01  0.0000E+00  5.3889E+01  0.0000E+00  6.3184E-01  0.0000E+00  7.5200E+01  2.8687E+01  0.0000E+00  0.0000E+00
  1.0000E+01  8.0000E+00  0.0000E+00  7.7200E+01  0.0000E+00  4.9907E+01  0.0000E+00  8.7378E-01  0.0000E+00  7.7200E+01  2.4116E+01  0.0000E+00  0.0000E+00
  1.0000E+01  1.2000E+01  0.0000E+00  4.3900E+01  0.0000E+00  2.2780E+01  0.0000E+00  1.4814E+00  0.0000E+00  4.3900E+01  9.0249E+00  0.0000E+00  0.0000E+00
  1.0000E+01  2.4000E+01  0.0000E+00  5.0000E-01  0.0000E+00  1.1757E+00  0.0000E+00 -9.1827E-01  1.0000E+00  5.0000E-01  9.9639E-01  0.0000E+00  0.0000E+00
  1.1000E+01  0.0000E+00  7.8600E+04  0.0000E+00  1.0000E+00  0.0000E+00  0.0000E+00  0.0000E+00  0.0000E+00  0.0000E+00  1.0000E+00  0.0000E+00  0.0000E+00
  1.1000E+01  0.0000E+00  7.8600E+04  0.0000E+00  1.0000E+00  0.0000E+00  0.0000E+00  0.0000E+00  0.0000E+00  0.0000E+00  1.0000E+00  0.0000E+00  0.0000E+00
  1.1000E+01  0.0000E+00  0.0000E+00  0.0000E+00  0.0000E+00  0.0000E+00  0.0000E+00  0.0000E+00  0.0000E+00  0.0000E+00  1.0000E+00  0.0000E+00  0.0000E+00
  1.1000E+01  2.5000E-01  0.0000E+00  4.7300E+00  0.0000E+00  3.2585E+00  0.0000E+00  7.2154E-01  0.0000E+00  4.7300E+00  8.5986E-02  0.0000E+00  0.0000E+00
  1.1000E+01  5.0000E-01  0.0000E+00  8.1400E+00  0.0000E+00  1.3458E+01  0.0000E+00 -6.3140E-01  0.0000E+00  8.1400E+00  9.2633E+00  0.0000E+00  0.0000E+00
  1.1000E+01  1.0000E+00  0.0000E+00  1.2200E+01  0.0000E+00  3.0235E+01  0.0000E+00 -9.5305E-01  0.0000E+00  1.2200E+01  2.2630E+01  0.0000E+00  0.0000E+00
  1.1000E+01  2.0000E+00  0.0000E+00  1.1000E+02  0.0000E+00  5.3181E+01  0.0000E+00  1.7071E+00  0.0000E+00  1.1000E+02  3.7160E+01  0.0000E+00  0.0000E+00
  1.1000E+01  4.0000E+00  0.0000E+00  1.7000E+01  0.0000E+00  5.9463E+01  0.0000E+00 -1.1410E+00  0.0000E+00  1.7000E+01  3.5183E+01  0.0000E+00  0.0000E+00
  1.1000E+01  6.0000E+00  0.0000E+00  1.3500E+01  0.0000E+00  5.4164E+01  0.0000E+00 -1.1995E+00  0.0000E+00  1.3500E+01  3.1983E+01  0.0000E+00  0.0000E+00
  1.1000E+01  8.0000E+00  0.0000E+00  4.1300E+01  0.0000E+00  4.9914E+01  0.0000E+00 -2.7575E-01  0.0000E+00  4.1300E+01  2.6886E+01  0.0000E+00  0.0000E+00
  1.1000E+01  1.2000E+01  0.0000E+00  4.7700E+01  0.0000E+00  2.2661E+01  0.0000E+00  1.7654E+00  0.0000E+00  4.7700E+01  1.0062E+01  0.0000E+00  0.0000E+00
  1.1000E+01  2.4000E+01  0.0000E+00  5.0000E-01  0.0000E+00  1.1621E+00  0.0000E+00 -9.1031E-01  1.0000E+00  5.0000E-01  9.8761E-01  0.0000E+00  0.0000E+00
  1.2000E+01  0.0000E+00  6.4500E+04  0.0000E+00  1.0000E+00  0.0000E+00  0.0000E+00  0.0000E+00  0.0000E+00  0.0000E+00  1.0000E+00  0.0000E+00  0.0000E+00
  1.2000E+01  0.0000E+00  6.4500E+04  0.0000E+00  1.0000E+00  0.0000E+00  0.0000E+00  0.0000E+00  0.0000E+00  0.0000E+00  1.0000E+00  0.0000E+00  0.0000E+00
  1.2000E+01  0.0000E+00  0.0000E+00  0.0000E+00  0.0000E+00  0.0000E+00  0.0000E+00  0.0000E+00  0.0000E+00  0.0000E+00  1.0000E+00  0.0000E+00  0.0000E+00
  1.2000E+01  2.5000E-01  0.0000E+00  0.0000E+00  0.0000E+00  0.0000E+00  0.0000E+00  0.0000E+00  0.0000E+00  0.0000E+00  1.0000E+00  0.0000E+00  0.0000E+00
  1.2000E+01  5.0000E-01  0.0000E+00  0.0000E+00  0.0000E+00  3.8385E-01  0.0000E+00 -1.5978E+00  0.0000E+00  0.0000E+00  8.2633E-02  0.0000E+00  0.0000E+00
  1.2000E+01  1.0000E+00  0.0000E+00  1.6800E+00  0.0000E+00  1.9749E+00  0.0000E+00 -2.3855E-01  0.0000E+00  1.6800E+00  1.8570E+01  0.0000E+00  0.0000E+00
  1.2000E+01  2.0000E+00  0.0000E+00  4.5500E+00  0.0000E+00  4.7683E+00  0.0000E+00 -7.3161E-02  0.0000E+00  4.5500E+00  3.0494E+01  0.0000E+00  0.0000E+00
  1.2000E+01  4.0000E+00  0.0000E+00  8.0700E+00  0.0000E+00  8.4842E+00  0.0000E+00 -7.7995E-02  0.0000E+00  8.0700E+00  2.8871E+01  0.0000E+00  0.0000E+00
  1.2000E+01  6.0000E+00  0.0000E+00  1.6500E+01  0.0000E+00  8.8990E+00  0.0000E+00  1.3647E+00  0.0000E+00  1.6500E+01  2.6246E+01  0.0000E+00  0.0000E+00
  1.2000E+01  8.0000E+00  0.0000E+00  8.9500E+00  0.0000E+00  9.4448E+00  0.0000E+00 -8.3700E-02  0.0000E+00  8.9500E+00  2.2063E+01  0.0000E+00  0.0000E+00
  1.2000E+01  1.2000E+01  0.0000E+00  9.3700E+00  0.0000E+00  6.9906E+00  0.0000E+00  5.4384E-01  0.0000E+00  9.3700E+00  8.2568E+00  0.0000E+00  0.0000E+00
  1.2000E+01  2.4000E+01  0.0000E+00  1.8200E+00  0.0000E+00  1.4259E+00  0.0000E+00  4.4156E-01  0.0000E+00  1.8200E+00  3.4122E-01  0.0000E+00  0.0000E+00
  1.3000E+01  0.0000E+00  6.6900E+04  0.0000E+00  1.0000E+00  0.0000E+00  0.0000E+00  0.0000E+00  0.0000E+00  0.0000E+00  1.0000E+00  0.0000E+00  0.0000E+00
  1.3000E+01  0.0000E+00  6.6900E+04  0.0000E+00  1.0000E+00  0.0000E+00  0.0000E+00  0.0000E+00  0.0000E+00  0.0000E+00  1.0000E+00  0.0000E+00  0.0000E+00
  1.3000E+01  0.0000E+00  0.0000E+00  0.0000E+00  0.0000E+00  0.0000E+00  0.0000E+00  0.0000E+00  0.0000E+00  0.0000E+00  1.0000E+00  0.0000E+00  0.0000E+00
  1.3000E+01  2.5000E-01  0.0000E+00  2.8600E+00  0.0000E+00  1.5483E+00  0.0000E+00  1.3536E+00  0.0000E+00  2.8600E+00  7.3187E-02  0.0000E+00  0.0000E+00
  1.3000E+01  5.0000E-01  0.0000E+00  5.9700E+00  0.0000E+00  4.1100E+00  0.0000E+00  7.2308E-01  0.0000E+00  5.9700E+00  7.8844E+00  0.0000E+00  0.0000E+00
  1.3000E+01  1.0000E+00  0.0000E+00  9.6700E+00  0.0000E+00  8.6255E+00  0.0000E+00  1.9349E-01  0.0000E+00  9.6700E+00  1.9261E+01  0.0000E+00  0.0000E+00
  1.3000E+01  2.0000E+00  0.0000E+00  8.9800E+00  0.0000E+00  1.5681E+01  0.0000E+00 -6.8278E-01  0.0000E+00  8.9800E+00  3.1628E+01  0.0000E+00  0.0000E+00
  1.3000E+01  4.0000E+00  0.0000E+00  1.7100E+01  0.0000E+00  1.9665E+01  0.0000E+00 -2.0842E-01  0.0000E+00  1.7100E+01  2.9946E+01  0.0000E+00  0.0000E+00
  1.3000E+01  6.0000E+00  0.0000E+00  2.7500E+01  0.0000E+00  1.9033E+01  0.0000E+00  7.1077E-01  0.0000E+00  2.7500E+01  2.7223E+01  0.0000E+00  0.0000E+00
  1.3000E+01  8.0000E+00  0.0000E+00  1.5000E+01  0.0000E+00  1.8757E+01  0.0000E+00 -3.2005E-01  0.0000E+00  1.5000E+01  2.2884E+01  0.0000E+00  0.0000E+00
  1.3000E+01  1.2000E+01  0.0000E+00  7.1400E+00  0.0000E+00  1.0520E+01  0.0000E+00 -5.1332E-01  0.0000E+00  7.1400E+00  8.5640E+00  0.0000E+00  0.0000E+00
  1.3000E+01  2.4000E+01  0.0000E+00  1.4000E+00  0.0000E+00  8.4755E-01  0.0000E+00  1.0415E+00  0.0000E+00  1.4000E+00  3.5392E-01  0.0000E+00  0.0000E+00
  1.4000E+01  0.0000E+00  7.7400E+04  0.0000E+00  1.0000E+00  0.0000E+00  0.0000E+00  0.0000E+00  0.0000E+00  0.0000E+00  1.0000E+00  0.0000E+00  0.0000E+00
  1.4000E+01  0.0000E+00  7.7400E+04  0.0000E+00  1.0000E+00  0.0000E+00  0.0000E+00  0.0000E+00  0.0000E+00  0.0000E+00  1.0000E+00  0.0000E+00  0.0000E+00
  1.4000E+01  0.0000E+00  0.0000E+00  0.0000E+00  0.0000E+00  0.0000E+00  0.0000E+00  0.0000E+00  0.0000E+00  0.0000E+00  1.0000E+00  0.0000E+00  0.0000E+00
  1.4000E+01  2.5000E-01  0.0000E+00  0.0000E+00  0.0000E+00  0.0000E+00  0.0000E+00  0.0000E+00  0.0000E+00  0.0000E+00  1.0000E+00  0.0000E+00  0.0000E+00
  1.4000E+01  5.0000E-01  0.0000E+00  0.0000E+00  0.0000E+00  7.1056E-01  0.0000E+00 -1.5978E+00  0.0000E+00  0.0000E+00  7.7424E-02  0.0000E+00  0.0000E+00
  1.4000E+01  1.0000E+00  0.0000E+00  5.9400E+00  0.0000E+00  3.2798E+00  0.0000E+00  1.2959E+00  0.0000E+00  5.9400E+00  2.2284E+01  0.0000E+00  0.0000E+00
  1.4000E+01  2.0000E+00  0.0000E+00  9.3600E+00  0.0000E+00  7.5428E+00  0.0000E+00  3.8492E-01  0.0000E+00  9.3600E+00  3.6592E+01  0.0000E+00  0.0000E+00
  1.4000E+01  4.0000E+00  0.0000E+00  8.7400E+00  0.0000E+00  1.2386E+01  0.0000E+00 -4.7037E-01  0.0000E+00  8.7400E+00  3.4646E+01  0.0000E+00  0.0000E+00
  1.4000E+01  6.0000E+00  0.0000E+00  1.6700E+01  0.0000E+00  1.2191E+01  0.0000E+00  5.9100E-01  0.0000E+00  1.6700E+01  3.1495E+01  0.0000E+00  0.0000E+00
  1.4000E+01  8.0000E+00  0.0000E+00  8.7500E+00  0.0000E+00  1.2299E+01  0.0000E+00 -4.6109E-01  0.0000E+00  8.7500E+00  2.6476E+01  0.0000E+00  0.0000E+00
  1.4000E+01  1.2000E+01  0.0000E+00  3.6200E+00  0.0000E+00  7.8224E+00  0.0000E+00 -8.5836E-01  0.0000E+00  3.6200E+00  9.9081E+00  0.0000E+00  0.0000E+00
  1.4000E+01  2.4000E+01  0.0000E+00  1.4600E+00  0.0000E+00  9.4599E-01  0.0000E+00  8.6816E-01  0.0000E+00  1.4600E+00  4.0947E-01  0.0000E+00  0.0000E+00
  1.5000E+01  0.0000E+00  2.2700E+05  0.0000E+00  1.0000E+00  0.0000E+00  0.0000E+00  0.0000E+00  0.0000E+00  0.0000E+00  1.0000E+00  0.0000E+00  0.0000E+00
  1.5000E+01  0.0000E+00  2.2700E+05  0.0000E+00  1.0000E+00  0.0000E+00  0.0000E+00  0.0000E+00  0.0000E+00  0.0000E+00  1.0000E+00  0.0000E+00  0.0000E+00
  1.5000E+01  0.0000E+00  0.0000E+00  0.0000E+00  0.0000E+00  0.0000E+00  0.0000E+00  0.0000E+00  0.0000E+00  0.0000E+00  1.0000E+00  0.0000E+00  0.0000E+00
  1.5000E+01  2.5000E-01  0.0000E+00  1.1600E+01  0.0000E+00  8.3583E+00  0.0000E+00  6.1967E-01  0.0000E+00  1.1600E+01  2.4833E-01  0.0000E+00  0.0000E+00
  1.5000E+01  5.0000E-01  0.0000E+00  4.0600E+01  0.0000E+00  2.8418E+01  0.0000E+00  6.8491E-01  0.0000E+00  4.0600E+01  2.6753E+01  0.0000E+00  0.0000E+00
  1.5000E+01  1.0000E+00  0.0000E+00  7.2100E+01  0.0000E+00  5.3829E+01  0.0000E+00  5.4234E-01  0.0000E+00  7.2100E+01  6.5356E+01  0.0000E+00  0.0000E+00
  1.5000E+01  2.0000E+00  0.0000E+00  3.9700E+01  0.0000E+00  7.5243E+01  0.0000E+00 -7.5475E-01  0.0000E+00  3.9700E+01  1.0732E+02  0.0000E+00  0.0000E+00
  1.5000E+01  4.0000E+00  0.0000E+00  4.5700E+01  0.0000E+00  5.1882E+01  0.0000E+00 -1.9039E-01  0.0000E+00  4.5700E+01  1.0161E+02  0.0000E+00  0.0000E+00
  1.5000E+01  6.0000E+00  0.0000E+00  6.1800E+01  0.0000E+00  5.8536E+01  0.0000E+00  8.9105E-02  0.0000E+00  6.1800E+01  9.2370E+01  0.0000E+00  0.0000E+00
  1.5000E+01  8.0000E+00  0.0000E+00  5.6100E+01  0.0000E+00  4.4873E+01  0.0000E+00  3.9974E-01  0.0000E+00  5.6100E+01  7.7649E+01  0.0000E+00  0.0000E+00
  1.5000E+01  1.2000E+01  0.0000E+00  2.7000E+01  0.0000E+00  1.5378E+01  0.0000E+00  1.2075E+00  0.0000E+00  2.7000E+01  2.9059E+01  0.0000E+00  0.0000E+00
  1.5000E+01  2.4000E+01  0.0000E+00  5.0000E-01  0.0000E+00  5.9631E-01  0.0000E+00 -2.5805E-01  1.0000E+00  5.0000E-01  3.9463E-01  0.0000E+00  0.0000E+00
  1.6000E+01  0.0000E+00  2.1500E+05  0.0000E+00  1.0000E+00  0.0000E+00  0.0000E+00  0.0000E+00  0.0000E+00  0.0000E+00  1.0000E+00  0.0000E+00  0.0000E+00
  1.6000E+01  0.0000E+00  2.1500E+05  0.0000E+00  1.0000E+00  0.0000E+00  0.0000E+00  0.0000E+00  0.0000E+00  0.0000E+00  1.0000E+00  0.0000E+00  0.0000E+00
  1.6000E+01  0.0000E+00  0.0000E+00  0.0000E+00  0.0000E+00  0.0000E+00  0.0000E+00  0.0000E+00  0.0000E+00  0.0000E+00  1.0000E+00  0.0000E+00  0.0000E+00
  1.6000E+01  2.5000E-01  0.0000E+00  6.4700E+00  0.0000E+00  4.8411E+00  0.0000E+00  5.3760E-01  0.0000E+00  6.4700E+00  2.3520E-01  0.0000E+00  0.0000E+00
  1.6000E+01  5.0000E-01  0.0000E+00  1.1400E+01  0.0000E+00  4.6045E+01  0.0000E+00 -1.2022E+00  0.0000E+00  1.1400E+01  2.5339E+01  0.0000E+00  0.0000E+00
  1.6000E+01  1.0000E+00  0.0000E+00  1.5500E+02  0.0000E+00  1.0908E+02  0.0000E+00  6.7261E-01  0.0000E+00  1.5500E+02  6.1901E+01  0.0000E+00  0.0000E+00
  1.6000E+01  2.0000E+00  0.0000E+00  1.9400E+02  0.0000E+00  1.8423E+02  0.0000E+00  8.4740E-02  0.0000E+00  1.9400E+02  1.0165E+02  0.0000E+00  0.0000E+00
  1.6000E+01  4.0000E+00  0.0000E+00  8.8000E+01  0.0000E+00  1.8546E+02  0.0000E+00 -8.3963E-01  0.0000E+00  8.8000E+01  9.6238E+01  0.0000E+00  0.0000E+00
  1.6000E+01  6.0000E+00  0.0000E+00  3.2400E+02  0.0000E+00  1.6678E+02  0.0000E+00  1.5063E+00  0.0000E+00  3.2400E+02  8.7487E+01  0.0000E+00  0.0000E+00
  1.6000E+01  8.0000E+00  0.0000E+00  2.5300E+02  0.0000E+00  1.4537E+02  0.0000E+00  1.1830E+00  0.0000E+00  2.5300E+02  7.3544E+01  0.0000E+00  0.0000E+00
  1.6000E+01  1.2000E+01  0.0000E+00  7.2500E+01  0.0000E+00  5.7703E+01  0.0000E+00  4.0974E-01  0.0000E+00  7.2500E+01  2.7523E+01  0.0000E+00  0.0000E+00
  1.6000E+01  2.4000E+01  0.0000E+00  5.0000E-01  0.0000E+00  2.5079E+00  0.0000E+00 -1.2792E+00  1.0000E+00  5.0000E-01  4.2347E-01  0.0000E+00  0.0000E+00
  1.7000E+01  0.0000E+00  2.4900E+05  0.0000E+00  1.0000E+00  0.0000E+00  0.0000E+00  0.0000E+00  0.0000E+00  0.0000E+00  1.0000E+00  0.0000E+00  0.0000E+00
  1.7000E+01  0.0000E+00  2.4900E+05  0.0000E+00  1.0000E+00  0.0000E+00  0.0000E+00  0.0000E+00  0.0000E+00  0.0000E+00  1.0000E+00  0.0000E+00  0.0000E+00
  1.7000E+01  0.0000E+00  0.0000E+00  0.0000E+00  0.0000E+00  0.0000E+00  0.0000E+00  0.0000E+00  0.0000E+00  0.0000E+00  1.0000E+00  0.0000E+00  0.0000E+00
  1.7000E+01  2.5000E-01  0.0000E+00  1.0800E+01  0.0000E+00  6.7347E+00  0.0000E+00  9.6446E-01  0.0000E+00  1.0800E+01  2.7240E-01  0.0000E+00  0.0000E+00
  1.7000E+01  5.0000E-01  0.0000E+00  1.7400E+01  0.0000E+00  2.1720E+01  0.0000E+00 -3.1782E-01  0.0000E+00  1.7400E+01  2.9346E+01  0.0000E+00  0.0000E+00
  1.7000E+01  1.0000E+00  0.0000E+00  4.2300E+01  0.0000E+00  4.5056E+01  0.0000E+00 -9.7730E-02  0.0000E+00  4.2300E+01  7.1690E+01  0.0000E+00  0.0000E+00
  1.7000E+01  2.0000E+00  0.0000E+00  4.8500E+01  0.0000E+00  7.3829E+01  0.0000E+00 -5.4815E-01  0.0000E+00  4.8500E+01  1.1772E+02  0.0000E+00  0.0000E+00
  1.7000E+01  4.0000E+00  0.0000E+00  5.4500E+01  0.0000E+00  7.1722E+01  0.0000E+00 -3.8366E-01  0.0000E+00  5.4500E+01  1.1146E+02  0.0000E+00  0.0000E+00
  1.7000E+01  6.0000E+00  0.0000E+00  1.3500E+02  0.0000E+00  6.6373E+01  0.0000E+00  1.6520E+00  0.0000E+00  1.3500E+02  1.0132E+02  0.0000E+00  0.0000E+00
  1.7000E+01  8.0000E+00  0.0000E+00  6.3900E+01  0.0000E+00  5.9053E+01  0.0000E+00  1.3113E-01  0.0000E+00  6.3900E+01  8.5174E+01  0.0000E+00  0.0000E+00
  1.7000E+01  1.2000E+01  0.0000E+00  3.6300E+01  0.0000E+00  2.4115E+01  0.0000E+00  8.0738E-01  0.0000E+00  3.6300E+01  3.1875E+01  0.0000E+00  0.0000E+00
  1.7000E+01  2.4000E+01  0.0000E+00  5.0000E-01  0.0000E+00  1.0758E+00  0.0000E+00 -8.5516E-01  1.0000E+00  5.0000E-01  3.5018E-01  0.0000E+00  0.0000E+00
