TABLE NO.  1
 ID          TIME        AMT         CMT         DV          MDV         IPRED       CWRES       IWRES       DV          PRED        RES         WRES
  1.0000E+00  0.0000E+00  2.7680E+05  3.0000E+00  0.0000E+00  1.0000E+00  2.7680E+06  0.0000E+00 -1.0137E-01  0.0000E+00  2.7680E+06  0.0000E+00  0.0000E+00
  1.0000E+00  3.3000E-02  0.0000E+00  3.0000E+00  7.3336E+03  0.0000E+00  1.2344E+02  5.9208E+00  5.9208E+00  7.3336E+03  1.2344E+02  7.2101E+03  5.9208E+00
  2.0000E+00  0.0000E+00  2.6980E+05  3.0000E+00  0.0000E+00  1.0000E+00  2.6980E+06  0.0000E+00 -1.0137E-01  0.0000E+00  2.6980E+06  0.0000E+00  0.0000E+00
  2.0000E+00  3.3000E-02  0.0000E+00  3.0000E+00  4.6639E+03  0.0000E+00  1.2290E+02  3.7455E+00  3.7455E+00  4.6639E+03  1.2290E+02  4.5410E+03  3.7455E+00
  3.0000E+00  0.0000E+00  2.9570E+05  3.0000E+00  0.0000E+00  1.0000E+00  2.9570E+06  0.0000E+00 -1.0137E-01  0.0000E+00  2.9570E+06  0.0000E+00  0.0000E+00
  3.0000E+00  3.3000E-02  0.0000E+00  3.0000E+00  3.7945E+03  0.0000E+00  1.2500E+02  2.9757E+00  2.9757E+00  3.7945E+03  1.2500E+02  3.6695E+03  2.9757E+00
  4.0000E+00  0.0000E+00  2.9840E+05  3.0000E+00  0.0000E+00  1.0000E+00  2.9840E+06  0.0000E+00 -1.0137E-01  0.0000E+00  2.9840E+06  0.0000E+00  0.0000E+00
  4.0000E+00  8.3000E-02  0.0000E+00  3.0000E+00  1.1915E+03  0.0000E+00  1.2341E+02  8.7731E-01  8.7731E-01  1.1915E+03  1.2341E+02  1.0681E+03  8.7731E-01
  5.0000E+00  0.0000E+00  2.7970E+05  3.0000E+00  0.0000E+00  1.0000E+00  2.7970E+06  0.0000E+00 -1.0137E-01  0.0000E+00  2.7970E+06  0.0000E+00  0.0000E+00
  5.0000E+00  8.3000E-02  0.0000E+00  3.0000E+00  1.1788E+03  0.0000E+00  1.2187E+02  8.7909E-01  8.7909E-01  1.1788E+03  1.2187E+02  1.0569E+03  8.7909E-01
  6.0000E+00  0.0000E+00  3.0520E+05  3.0000E+00  0.0000E+00  1.0000E+00  3.0520E+06  0.0000E+00 -1.0137E-01  0.0000E+00  3.0520E+06  0.0000E+00  0.0000E+00
  6.0000E+00  8.3000E-02  0.0000E+00  3.0000E+00  1.2588E+03  0.0000E+00  1.2400E+02  9.2770E-01  9.2770E-01  1.2588E+03  1.2400E+02  1.1348E+03  9.2770E-01
  7.0000E+00  0.0000E+00  2.8200E+05  3.0000E+00  0.0000E+00  1.0000E+00  2.8200E+06  0.0000E+00 -1.0137E-01  0.0000E+00  2.8200E+06  0.0000E+00  0.0000E+00
  7.0000E+00  2.5000E-01  0.0000E+00  3.0000E+00  8.7932E+02  0.0000E+00  1.1625E+02  6.6536E-01  6.6536E-01  8.7932E+02  1.1625E+02  7.6307E+02  6.6536E-01
  8.0000E+00  0.0000E+00  2.7560E+05  3.0000E+00  0.0000E+00  1.0000E+00  2.7560E+06  0.0000E+00 -1.0137E-01  0.0000E+00  2.7560E+06  0.0000E+00  0.0000E+00
  8.0000E+00  2.5000E-01  0.0000E+00  3.0000E+00  5.2594E+02  0.0000E+00  1.1578E+02  3.5910E-01  3.5910E-01  5.2594E+02  1.1578E+02  4.1016E+02  3.5910E-01
  9.0000E+00  0.0000E+00  2.8240E+05  3.0000E+00  0.0000E+00  1.0000E+00  2.8240E+06  0.0000E+00 -1.0137E-01  0.0000E+00  2.8240E+06  0.0000E+00  0.0000E+00
  9.0000E+00  2.5000E-01  0.0000E+00  3.0000E+00  5.4645E+02  0.0000E+00  1.1628E+02  3.7499E-01  3.7499E-01  5.4645E+02  1.1628E+02  4.3017E+02  3.7499E-01
  1.0000E+01  0.0000E+00  2.8360E+05  3.0000E+00  0.0000E+00  1.0000E+00  2.8360E+06  0.0000E+00 -1.0137E-01  0.0000E+00  2.8360E+06  0.0000E+00  0.0000E+00
  1.0000E+01  0.0000E+00  0.0000E+00  2.0000E+00  0.0000E+00  0.0000E+00  0.0000E+00  0.0000E+00  0.0000E+00  0.0000E+00  0.0000E+00  0.0000E+00  0.0000E+00
  1.0000E+01  5.0000E-01  0.0000E+00  2.0000E+00  2.3807E+03  0.0000E+00  7.6016E+00  1.1367E+00  1.1367E+00  2.3807E+03  7.6016E+00  2.3731E+03  1.1367E+00
  1.0000E+01  5.0000E-01  0.0000E+00  3.0000E+00  1.2562E+03  0.0000E+00  1.0818E+02  1.0757E+00  1.0757E+00  1.2562E+03  1.0818E+02  1.1480E+03  1.0757E+00
  1.1000E+01  0.0000E+00  3.0380E+05  3.0000E+00  0.0000E+00  1.0000E+00  3.0380E+06  0.0000E+00 -1.0137E-01  0.0000E+00  3.0380E+06  0.0000E+00  0.0000E+00
  1.1000E+01  0.0000E+00  0.0000E+00  2.0000E+00  0.0000E+00  0.0000E+00  0.0000E+00  0.0000E+00  0.0000E+00  0.0000E+00  0.0000E+00  0.0000E+00  0.0000E+00
  1.1000E+01  5.0000E-01  0.0000E+00  2.0000E+00  2.0303E+03  0.0000E+00  7.4249E+00  9.9200E-01  9.9200E-01  2.0303E+03  7.4249E+00  2.0229E+03  9.9200E-01
  1.1000E+01  5.0000E-01  0.0000E+00  3.0000E+00  3.5647E+02  0.0000E+00  1.0963E+02  2.2823E-01  2.2823E-01  3.5647E+02  1.0963E+02  2.4684E+02  2.2823E-01
  1.2000E+01  0.0000E+00  2.7610E+05  3.0000E+00  0.0000E+00  1.0000E+00  2.7610E+06  0.0000E+00 -1.0137E-01  0.0000E+00  2.7610E+06  0.0000E+00  0.0000E+00
  1.2000E+01  0.0000E+00  0.0000E+00  2.0000E+00  0.0000E+00  0.0000E+00  0.0000E+00  0.0000E+00  0.0000E+00  0.0000E+00  0.0000E+00  0.0000E+00  0.0000E+00
  1.2000E+01  5.0000E-01  0.0000E+00  2.0000E+00  2.4197E+03  0.0000E+00  7.6732E+00  1.1446E+00  1.1446E+00  2.4197E+03  7.6732E+00  2.4121E+03  1.1446E+00
  1.2000E+01  5.0000E-01  0.0000E+00  3.0000E+00  4.9880E+01  0.0000E+00  1.0768E+02 -5.4411E-02 -5.4411E-02  4.9880E+01  1.0768E+02 -5.7800E+01 -5.4411E-02
  1.3000E+01  0.0000E+00  2.8890E+05  3.0000E+00  0.0000E+00  1.0000E+00  2.8890E+06  0.0000E+00 -1.0137E-01  0.0000E+00  2.8890E+06  0.0000E+00  0.0000E+00
  1.3000E+01  7.5000E-01  0.0000E+00  3.0000E+00  2.3189E+02  0.0000E+00  1.0091E+02  1.3158E-01  1.3158E-01  2.3189E+02  1.0091E+02  1.3098E+02  1.3158E-01
  1.4000E+01  0.0000E+00  2.7910E+05  3.0000E+00  0.0000E+00  1.0000E+00  2.7910E+06  0.0000E+00 -1.0137E-01  0.0000E+00  2.7910E+06  0.0000E+00  0.0000E+00
  1.4000E+01  7.5000E-01  0.0000E+00  3.0000E+00  2.1360E+01  0.0000E+00  1.0030E+02 -7.9779E-02 -7.9779E-02  2.1360E+01  1.0030E+02 -7.8939E+01 -7.9779E-02
  1.5000E+01  0.0000E+00  2.9030E+05  3.0000E+00  0.0000E+00  1.0000E+00  2.9030E+06  0.0000E+00 -1.0137E-01  0.0000E+00  2.9030E+06  0.0000E+00  0.0000E+00
  1.5000E+01  7.5000E-01  0.0000E+00  3.0000E+00  1.6510E+01  0.0000E+00  1.0100E+02 -8.4797E-02 -8.4797E-02  1.6510E+01  1.0100E+02 -8.4487E+01 -8.4797E-02
  1.6000E+01  0.0000E+00  2.7740E+05  3.0000E+00  0.0000E+00  1.0000E+00  2.7740E+06  0.0000E+00 -1.0137E-01  0.0000E+00  2.7740E+06  0.0000E+00  0.0000E+00
  1.6000E+01  0.0000E+00  0.0000E+00  2.0000E+00  0.0000E+00  0.0000E+00  0.0000E+00  0.0000E+00  0.0000E+00  0.0000E+00  0.0000E+00  0.0000E+00  0.0000E+00
  1.6000E+01  1.0000E+00  0.0000E+00  2.0000E+00  2.6094E+03  0.0000E+00  6.6221E+00  1.4311E+00  1.4311E+00  2.6094E+03  6.6221E+00  2.6027E+03  1.4311E+00
  1.6000E+01  1.0000E+00  0.0000E+00  3.0000E+00  3.0794E+02  0.0000E+00  9.3154E+01  2.3372E-01  2.3372E-01  3.0794E+02  9.3154E+01  2.1479E+02  2.3372E-01
  1.7000E+01  0.0000E+00  2.8000E+05  3.0000E+00  0.0000E+00  1.0000E+00  2.8000E+06  0.0000E+00 -1.0137E-01  0.0000E+00  2.8000E+06  0.0000E+00  0.0000E+00
  1.7000E+01  0.0000E+00  0.0000E+00  2.0000E+00  0.0000E+00  0.0000E+00  0.0000E+00  0.0000E+00  0.0000E+00  0.0000E+00  0.0000E+00  0.0000E+00  0.0000E+00
  1.7000E+01  1.0000E+00  0.0000E+00  2.0000E+00  2.6464E+03  0.0000E+00  6.5991E+00  1.4565E+00  1.4565E+00  2.6464E+03  6.5991E+00  2.6398E+03  1.4565E+00
  1.7000E+01  1.0000E+00  0.0000E+00  3.0000E+00  5.5186E+02  0.0000E+00  9.3289E+01  4.9828E-01  4.9828E-01  5.5186E+02  9.3289E+01  4.5857E+02  4.9828E-01
  1.8000E+01  0.0000E+00  2.9030E+05  3.0000E+00  0.0000E+00  1.0000E+00  2.9030E+06  0.0000E+00 -1.0137E-01  0.0000E+00  2.9030E+06  0.0000E+00  0.0000E+00
  1.8000E+01  0.0000E+00  0.0000E+00  2.0000E+00  0.0000E+00  0.0000E+00  0.0000E+00  0.0000E+00  0.0000E+00  0.0000E+00  0.0000E+00  0.0000E+00  0.0000E+00
  1.8000E+01  1.0000E+00  0.0000E+00  2.0000E+00  3.7975E+03  0.0000E+00  6.5155E+00  2.1186E+00  2.1186E+00  3.7975E+03  6.5155E+00  3.7910E+03  2.1186E+00
  1.8000E+01  1.0000E+00  0.0000E+00  3.0000E+00  6.6900E+00  0.0000E+00  9.3879E+01 -9.4143E-02 -9.4143E-02  6.6900E+00  9.3879E+01 -8.7189E+01 -9.4143E-02
  1.9000E+01  0.0000E+00  2.8100E+05  3.0000E+00  0.0000E+00  1.0000E+00  2.8100E+06  0.0000E+00 -1.0137E-01  0.0000E+00  2.8100E+06  0.0000E+00  0.0000E+00
  1.9000E+01  0.0000E+00  0.0000E+00  2.0000E+00  0.0000E+00  0.0000E+00  0.0000E+00  0.0000E+00  0.0000E+00  0.0000E+00  0.0000E+00  0.0000E+00  0.0000E+00
  1.9000E+01  2.0000E+00  0.0000E+00  2.0000E+00  1.4469E+03  0.0000E+00  4.9236E+00  1.0664E+00  1.0664E+00  1.4469E+03  4.9236E+00  1.4420E+03  1.0664E+00
  1.9000E+01  2.0000E+00  0.0000E+00  3.0000E+00  9.0000E-01  0.0000E+00  6.9730E+01 -1.0006E-01 -1.0006E-01  9.0000E-01  6.9730E+01 -6.8830E+01 -1.0006E-01
  2.0000E+01  0.0000E+00  2.7670E+05  3.0000E+00  0.0000E+00  1.0000E+00  2.7670E+06  0.0000E+00 -1.0137E-01  0.0000E+00  2.7670E+06  0.0000E+00  0.0000E+00
  2.0000E+01  0.0000E+00  0.0000E+00  2.0000E+00  0.0000E+00  0.0000E+00  0.0000E+00  0.0000E+00  0.0000E+00  0.0000E+00  0.0000E+00  0.0000E+00  0.0000E+00
  2.0000E+01  2.0000E+00  0.0000E+00  2.0000E+00  2.2905E+03  0.0000E+00  4.9522E+00  1.6805E+00  1.6805E+00  2.2905E+03  4.9522E+00  2.2856E+03  1.6805E+00
  2.0000E+01  2.0000E+00  0.0000E+00  3.0000E+00  4.8000E+00  0.0000E+00  6.9572E+01 -9.4373E-02 -9.4373E-02  4.8000E+00  6.9572E+01 -6.4772E+01 -9.4373E-02
  2.1000E+01  0.0000E+00  2.6520E+05  3.0000E+00  0.0000E+00  1.0000E+00  2.6520E+06  0.0000E+00 -1.0137E-01  0.0000E+00  2.6520E+06  0.0000E+00  0.0000E+00
  2.1000E+01  0.0000E+00  0.0000E+00  2.0000E+00  0.0000E+00  0.0000E+00  0.0000E+00  0.0000E+00  0.0000E+00  0.0000E+00  0.0000E+00  0.0000E+00  0.0000E+00
  2.1000E+01  2.0000E+00  0.0000E+00  2.0000E+00  1.7209E+03  0.0000E+00  5.0325E+00  1.2414E+00  1.2414E+00  1.7209E+03  5.0325E+00  1.7158E+03  1.2414E+00
  2.1000E+01  2.0000E+00  0.0000E+00  3.0000E+00  3.6000E+00  0.0000E+00  6.9171E+01 -9.6091E-02 -9.6091E-02  3.6000E+00  6.9171E+01 -6.5571E+01 -9.6091E-02
  2.5000E+01  0.0000E+00  2.7030E+05  3.0000E+00  0.0000E+00  1.0000E+00  2.7030E+06  0.0000E+00 -1.0137E-01  0.0000E+00  2.7030E+06  0.0000E+00  0.0000E+00
  2.5000E+01  0.0000E+00  0.0000E+00  2.0000E+00  0.0000E+00  0.0000E+00  0.0000E+00  0.0000E+00  0.0000E+00  0.0000E+00  0.0000E+00  0.0000E+00  0.0000E+00
  2.5000E+01  4.0000E+00  0.0000E+00  2.0000E+00  7.4300E+02  0.0000E+00  2.7918E+00  9.6540E-01  9.6540E-01  7.4300E+02  2.7918E+00  7.4021E+02  9.6540E-01
  2.5000E+01  4.0000E+00  0.0000E+00  3.0000E+00  1.0200E+00  0.0000E+00  3.8747E+01 -9.8699E-02 -9.8699E-02  1.0200E+00  3.8747E+01 -3.7727E+01 -9.8699E-02
  2.6000E+01  0.0000E+00  2.8290E+05  3.0000E+00  0.0000E+00  1.0000E+00  2.8290E+06  0.0000E+00 -1.0137E-01  0.0000E+00  2.8290E+06  0.0000E+00  0.0000E+00
  2.6000E+01  0.0000E+00  0.0000E+00  2.0000E+00  0.0000E+00  0.0000E+00  0.0000E+00  0.0000E+00  0.0000E+00  0.0000E+00  0.0000E+00  0.0000E+00  0.0000E+00
  2.6000E+01  4.0000E+00  0.0000E+00  2.0000E+00  2.6331E+02  0.0000E+00  2.7397E+00  3.4630E-01  3.4630E-01  2.6331E+02  2.7397E+00  2.6057E+02  3.4630E-01
  2.6000E+01  4.0000E+00  0.0000E+00  3.0000E+00  3.0000E-02  0.0000E+00  3.8939E+01 -1.0129E-01 -1.0129E-01  3.0000E-02  3.8939E+01 -3.8909E+01 -1.0129E-01
  2.7000E+01  0.0000E+00  2.7840E+05  3.0000E+00  0.0000E+00  1.0000E+00  2.7840E+06  0.0000E+00 -1.0137E-01  0.0000E+00  2.7840E+06  0.0000E+00  0.0000E+00
  2.7000E+01  0.0000E+00  0.0000E+00  2.0000E+00  0.0000E+00  0.0000E+00  0.0000E+00  0.0000E+00  0.0000E+00  0.0000E+00  0.0000E+00  0.0000E+00  0.0000E+00
  2.7000E+01  4.0000E+00  0.0000E+00  2.0000E+00  1.1280E+03  0.0000E+00  2.7578E+00  1.4856E+00  1.4856E+00  1.1280E+03  2.7578E+00  1.1252E+03  1.4856E+00
  2.7000E+01  4.0000E+00  0.0000E+00  3.0000E+00  1.2000E+00  0.0000E+00  3.8868E+01 -9.8237E-02 -9.8237E-02  1.2000E+00  3.8868E+01 -3.7668E+01 -9.8237E-02
  2.8000E+01  0.0000E+00  2.7880E+05  3.0000E+00  0.0000E+00  1.0000E+00  2.7880E+06  0.0000E+00 -1.0137E-01  0.0000E+00  2.7880E+06  0.0000E+00  0.0000E+00
  2.8000E+01  6.0000E+00  0.0000E+00  3.0000E+00  0.0000E+00  1.0000E+00  2.1697E+01  0.0000E+00 -1.0137E-01  0.0000E+00  2.1697E+01  0.0000E+00  0.0000E+00
  2.9000E+01  0.0000E+00  2.6510E+05  3.0000E+00  0.0000E+00  1.0000E+00  2.6510E+06  0.0000E+00 -1.0137E-01  0.0000E+00  2.6510E+06  0.0000E+00  0.0000E+00
  2.9000E+01  6.0000E+00  0.0000E+00  3.0000E+00  6.0000E-01  0.0000E+00  2.1626E+01 -9.8555E-02 -9.8555E-02  6.0000E-01  2.1626E+01 -2.1026E+01 -9.8555E-02
  3.0000E+01  0.0000E+00  2.8940E+05  3.0000E+00  0.0000E+00  1.0000E+00  2.8940E+06  0.0000E+00 -1.0137E-01  0.0000E+00  2.8940E+06  0.0000E+00  0.0000E+00
  3.0000E+01  6.0000E+00  0.0000E+00  3.0000E+00  3.0500E+00  0.0000E+00  2.1767E+01 -8.7163E-02 -8.7163E-02  3.0500E+00  2.1767E+01 -1.8717E+01 -8.7163E-02
  3.1000E+01  0.0000E+00  2.8210E+05  3.0000E+00  0.0000E+00  1.0000E+00  2.8210E+06  0.0000E+00 -1.0137E-01  0.0000E+00  2.8210E+06  0.0000E+00  0.0000E+00
  3.1000E+01  0.0000E+00  0.0000E+00  2.0000E+00  0.0000E+00  0.0000E+00  0.0000E+00  0.0000E+00  0.0000E+00  0.0000E+00  0.0000E+00  0.0000E+00  0.0000E+00
  3.1000E+01  8.0000E+00  0.0000E+00  2.0000E+00  3.3662E+02  0.0000E+00  8.5380E-01  1.4319E+00  1.4319E+00  3.3662E+02  8.5380E-01  3.3577E+02  1.4319E+00
  3.1000E+01  8.0000E+00  0.0000E+00  3.0000E+00  6.1000E-01  0.0000E+00  1.2116E+01 -9.6264E-02 -9.6264E-02  6.1000E-01  1.2116E+01 -1.1506E+01 -9.6264E-02
  3.2000E+01  0.0000E+00  2.7200E+05  3.0000E+00  0.0000E+00  1.0000E+00  2.7200E+06  0.0000E+00 -1.0137E-01  0.0000E+00  2.7200E+06  0.0000E+00  0.0000E+00
  3.2000E+01  0.0000E+00  0.0000E+00  2.0000E+00  0.0000E+00  0.0000E+00  0.0000E+00  0.0000E+00  0.0000E+00  0.0000E+00  0.0000E+00  0.0000E+00  0.0000E+00
  3.2000E+01  8.0000E+00  0.0000E+00  2.0000E+00  4.0401E+02  0.0000E+00  8.6890E-01  1.6894E+00  1.6894E+00  4.0401E+02  8.6890E-01  4.0314E+02  1.6894E+00
  3.2000E+01  8.0000E+00  0.0000E+00  3.0000E+00  8.5000E-01  0.0000E+00  1.2099E+01 -9.4245E-02 -9.4245E-02  8.5000E-01  1.2099E+01 -1.1249E+01 -9.4245E-02
  3.3000E+01  0.0000E+00  2.7720E+05  3.0000E+00  0.0000E+00  1.0000E+00  2.7720E+06  0.0000E+00 -1.0137E-01  0.0000E+00  2.7720E+06  0.0000E+00  0.0000E+00
  3.3000E+01  0.0000E+00  0.0000E+00  2.0000E+00  0.0000E+00  0.0000E+00  0.0000E+00  0.0000E+00  0.0000E+00  0.0000E+00  0.0000E+00  0.0000E+00  0.0000E+00
  3.3000E+01  8.0000E+00  0.0000E+00  2.0000E+00  2.8438E+02  0.0000E+00  8.6101E-01  1.1990E+00  1.1990E+00  2.8438E+02  8.6101E-01  2.8352E+02  1.1990E+00
  3.3000E+01  8.0000E+00  0.0000E+00  3.0000E+00  3.8000E-01  0.0000E+00  1.2107E+01 -9.8185E-02 -9.8185E-02  3.8000E-01  1.2107E+01 -1.1727E+01 -9.8185E-02
  3.4000E+01  0.0000E+00  2.7340E+05  1.0000E+00  0.0000E+00  1.0000E+00  0.0000E+00  0.0000E+00  0.0000E+00  0.0000E+00  0.0000E+00  0.0000E+00  0.0000E+00
  3.4000E+01  0.0000E+00  0.0000E+00  3.0000E+00  0.0000E+00  0.0000E+00  0.0000E+00  0.0000E+00  0.0000E+00  0.0000E+00  0.0000E+00  0.0000E+00  0.0000E+00
  3.4000E+01  3.3000E-02  0.0000E+00  3.0000E+00  2.1440E+01  0.0000E+00  1.3826E+02 -8.5648E-02 -8.5648E-02  2.1440E+01  1.3826E+02 -1.1682E+02 -8.5648E-02
  3.5000E+01  0.0000E+00  2.7740E+05  1.0000E+00  0.0000E+00  1.0000E+00  0.0000E+00  0.0000E+00  0.0000E+00  0.0000E+00  0.0000E+00  0.0000E+00  0.0000E+00
  3.5000E+01  0.0000E+00  0.0000E+00  3.0000E+00  0.0000E+00  0.0000E+00  0.0000E+00  0.0000E+00  0.0000E+00  0.0000E+00  0.0000E+00  0.0000E+00  0.0000E+00
  3.5000E+01  3.3000E-02  0.0000E+00  3.0000E+00  1.6600E+01  0.0000E+00  1.3840E+02 -8.9209E-02 -8.9209E-02  1.6600E+01  1.3840E+02 -1.2180E+02 -8.9209E-02
  3.6000E+01  0.0000E+00  2.7080E+05  1.0000E+00  0.0000E+00  1.0000E+00  0.0000E+00  0.0000E+00  0.0000E+00  0.0000E+00  0.0000E+00  0.0000E+00  0.0000E+00
  3.6000E+01  0.0000E+00  0.0000E+00  3.0000E+00  0.0000E+00  0.0000E+00  0.0000E+00  0.0000E+00  0.0000E+00  0.0000E+00  0.0000E+00  0.0000E+00  0.0000E+00
  3.6000E+01  3.3000E-02  0.0000E+00  3.0000E+00  2.2370E+01  0.0000E+00  1.3817E+02 -8.4956E-02 -8.4956E-02  2.2370E+01  1.3817E+02 -1.1580E+02 -8.4956E-02
  3.7000E+01  0.0000E+00  2.7300E+05  1.0000E+00  0.0000E+00  1.0000E+00  0.0000E+00  0.0000E+00  0.0000E+00  0.0000E+00  0.0000E+00  0.0000E+00  0.0000E+00
  3.7000E+01  0.0000E+00  0.0000E+00  3.0000E+00  0.0000E+00  0.0000E+00  0.0000E+00  0.0000E+00  0.0000E+00  0.0000E+00  0.0000E+00  0.0000E+00  0.0000E+00
  3.7000E+01  8.3000E-02  0.0000E+00  3.0000E+00  2.5680E+01  0.0000E+00  1.3785E+02 -8.2484E-02 -8.2484E-02  2.5680E+01  1.3785E+02 -1.1217E+02 -8.2484E-02
  3.8000E+01  0.0000E+00  2.9290E+05  1.0000E+00  0.0000E+00  1.0000E+00  0.0000E+00  0.0000E+00  0.0000E+00  0.0000E+00  0.0000E+00  0.0000E+00  0.0000E+00
  3.8000E+01  0.0000E+00  0.0000E+00  3.0000E+00  0.0000E+00  0.0000E+00  0.0000E+00  0.0000E+00  0.0000E+00  0.0000E+00  0.0000E+00  0.0000E+00  0.0000E+00
  3.8000E+01  8.3000E-02  0.0000E+00  3.0000E+00  9.5200E+00  0.0000E+00  1.3849E+02 -9.4399E-02 -9.4399E-02  9.5200E+00  1.3849E+02 -1.2897E+02 -9.4399E-02
  3.9000E+01  0.0000E+00  2.6590E+05  1.0000E+00  0.0000E+00  1.0000E+00  0.0000E+00  0.0000E+00  0.0000E+00  0.0000E+00  0.0000E+00  0.0000E+00  0.0000E+00
  3.9000E+01  0.0000E+00  0.0000E+00  3.0000E+00  0.0000E+00  0.0000E+00  0.0000E+00  0.0000E+00  0.0000E+00  0.0000E+00  0.0000E+00  0.0000E+00  0.0000E+00
  3.9000E+01  8.3000E-02  0.0000E+00  3.0000E+00  4.6710E+01  0.0000E+00  1.3760E+02 -6.6957E-02 -6.6957E-02  4.6710E+01  1.3760E+02 -9.0892E+01 -6.6957E-02
  4.0000E+01  0.0000E+00  2.6870E+05  1.0000E+00  0.0000E+00  1.0000E+00  0.0000E+00  0.0000E+00  0.0000E+00  0.0000E+00  0.0000E+00  0.0000E+00  0.0000E+00
  4.0000E+01  0.0000E+00  0.0000E+00  3.0000E+00  0.0000E+00  0.0000E+00  0.0000E+00  0.0000E+00  0.0000E+00  0.0000E+00  0.0000E+00  0.0000E+00  0.0000E+00
  4.0000E+01  2.5000E-01  0.0000E+00  3.0000E+00  4.4580E+01  0.0000E+00  1.3636E+02 -6.8228E-02 -6.8228E-02  4.4580E+01  1.3636E+02 -9.1784E+01 -6.8228E-02
  4.1000E+01  0.0000E+00  2.7380E+05  1.0000E+00  0.0000E+00  1.0000E+00  0.0000E+00  0.0000E+00  0.0000E+00  0.0000E+00  0.0000E+00  0.0000E+00  0.0000E+00
  4.1000E+01  0.0000E+00  0.0000E+00  3.0000E+00  0.0000E+00  0.0000E+00  0.0000E+00  0.0000E+00  0.0000E+00  0.0000E+00  0.0000E+00  0.0000E+00  0.0000E+00
  4.1000E+01  2.5000E-01  0.0000E+00  3.0000E+00  3.0570E+01  0.0000E+00  1.3653E+02 -7.8671E-02 -7.8671E-02  3.0570E+01  1.3653E+02 -1.0596E+02 -7.8671E-02
  4.2000E+01  0.0000E+00  2.7710E+05  1.0000E+00  0.0000E+00  1.0000E+00  0.0000E+00  0.0000E+00  0.0000E+00  0.0000E+00  0.0000E+00  0.0000E+00  0.0000E+00
  4.2000E+01  0.0000E+00  0.0000E+00  3.0000E+00  0.0000E+00  0.0000E+00  0.0000E+00  0.0000E+00  0.0000E+00  0.0000E+00  0.0000E+00  0.0000E+00  0.0000E+00
  4.2000E+01  2.5000E-01  0.0000E+00  3.0000E+00  5.0100E+00  0.0000E+00  1.3664E+02 -9.7650E-02 -9.7650E-02  5.0100E+00  1.3664E+02 -1.3163E+02 -9.7650E-02
  4.3000E+01  0.0000E+00  2.8320E+05  1.0000E+00  0.0000E+00  1.0000E+00  0.0000E+00  0.0000E+00  0.0000E+00  0.0000E+00  0.0000E+00  0.0000E+00  0.0000E+00
  4.3000E+01  0.0000E+00  0.0000E+00  2.0000E+00  0.0000E+00  0.0000E+00  0.0000E+00  0.0000E+00  0.0000E+00  0.0000E+00  0.0000E+00  0.0000E+00  0.0000E+00
  4.3000E+01  0.0000E+00  0.0000E+00  3.0000E+00  0.0000E+00  0.0000E+00  0.0000E+00  0.0000E+00  0.0000E+00  0.0000E+00  0.0000E+00  0.0000E+00  0.0000E+00
  4.3000E+01  5.0000E-01  0.0000E+00  2.0000E+00  2.9643E+03  0.0000E+00  2.1523E+01  4.9784E-01  4.9784E-01  2.9643E+03  2.1523E+01  2.9428E+03  4.9784E-01
  4.3000E+01  5.0000E-01  0.0000E+00  3.0000E+00  2.1490E+01  0.0000E+00  1.3475E+02 -8.5201E-02 -8.5201E-02  2.1490E+01  1.3475E+02 -1.1326E+02 -8.5201E-02
  4.4000E+01  0.0000E+00  2.9510E+05  1.0000E+00  0.0000E+00  1.0000E+00  0.0000E+00  0.0000E+00  0.0000E+00  0.0000E+00  0.0000E+00  0.0000E+00  0.0000E+00
  4.4000E+01  0.0000E+00  0.0000E+00  2.0000E+00  0.0000E+00  0.0000E+00  0.0000E+00  0.0000E+00  0.0000E+00  0.0000E+00  0.0000E+00  0.0000E+00  0.0000E+00
  4.4000E+01  0.0000E+00  0.0000E+00  3.0000E+00  0.0000E+00  0.0000E+00  0.0000E+00  0.0000E+00  0.0000E+00  0.0000E+00  0.0000E+00  0.0000E+00  0.0000E+00
  4.4000E+01  5.0000E-01  0.0000E+00  2.0000E+00  3.1964E+03  0.0000E+00  2.1574E+01  5.3581E-01  5.3581E-01  3.1964E+03  2.1574E+01  3.1748E+03  5.3581E-01
  4.4000E+01  5.0000E-01  0.0000E+00  3.0000E+00  4.7160E+01  0.0000E+00  1.3507E+02 -6.5975E-02 -6.5975E-02  4.7160E+01  1.3507E+02 -8.7911E+01 -6.5975E-02
  4.5000E+01  0.0000E+00  3.0100E+05  1.0000E+00  0.0000E+00  1.0000E+00  0.0000E+00  0.0000E+00  0.0000E+00  0.0000E+00  0.0000E+00  0.0000E+00  0.0000E+00
  4.5000E+01  0.0000E+00  0.0000E+00  2.0000E+00  0.0000E+00  0.0000E+00  0.0000E+00  0.0000E+00  0.0000E+00  0.0000E+00  0.0000E+00  0.0000E+00  0.0000E+00
  4.5000E+01  0.0000E+00  0.0000E+00  3.0000E+00  0.0000E+00  0.0000E+00  0.0000E+00  0.0000E+00  0.0000E+00  0.0000E+00  0.0000E+00  0.0000E+00  0.0000E+00
  4.5000E+01  5.0000E-01  0.0000E+00  2.0000E+00  2.3976E+03  0.0000E+00  2.1598E+01  4.0055E-01  4.0055E-01  2.3976E+03  2.1598E+01  2.3760E+03  4.0055E-01
  4.5000E+01  5.0000E-01  0.0000E+00  3.0000E+00  4.6160E+01  0.0000E+00  1.3522E+02 -6.6764E-02 -6.6764E-02  4.6160E+01  1.3522E+02 -8.9061E+01 -6.6764E-02
  4.6000E+01  0.0000E+00  2.9830E+05  1.0000E+00  0.0000E+00  1.0000E+00  0.0000E+00  0.0000E+00  0.0000E+00  0.0000E+00  0.0000E+00  0.0000E+00  0.0000E+00
  4.6000E+01  0.0000E+00  0.0000E+00  3.0000E+00  0.0000E+00  0.0000E+00  0.0000E+00  0.0000E+00  0.0000E+00  0.0000E+00  0.0000E+00  0.0000E+00  0.0000E+00
  4.6000E+01  7.5000E-01  0.0000E+00  3.0000E+00  7.6970E+01  0.0000E+00  1.3300E+02 -4.2704E-02 -4.2704E-02  7.6970E+01  1.3300E+02 -5.6031E+01 -4.2704E-02
  4.7000E+01  0.0000E+00  2.9610E+05  1.0000E+00  0.0000E+00  1.0000E+00  0.0000E+00  0.0000E+00  0.0000E+00  0.0000E+00  0.0000E+00  0.0000E+00  0.0000E+00
  4.7000E+01  0.0000E+00  0.0000E+00  3.0000E+00  0.0000E+00  0.0000E+00  0.0000E+00  0.0000E+00  0.0000E+00  0.0000E+00  0.0000E+00  0.0000E+00  0.0000E+00
  4.7000E+01  7.5000E-01  0.0000E+00  3.0000E+00  1.9560E+01  0.0000E+00  1.3295E+02 -8.6453E-02 -8.6453E-02  1.9560E+01  1.3295E+02 -1.1339E+02 -8.6453E-02
  4.8000E+01  0.0000E+00  2.8730E+05  1.0000E+00  0.0000E+00  1.0000E+00  0.0000E+00  0.0000E+00  0.0000E+00  0.0000E+00  0.0000E+00  0.0000E+00  0.0000E+00
  4.8000E+01  0.0000E+00  0.0000E+00  3.0000E+00  0.0000E+00  0.0000E+00  0.0000E+00  0.0000E+00  0.0000E+00  0.0000E+00  0.0000E+00  0.0000E+00  0.0000E+00
  4.8000E+01  7.5000E-01  0.0000E+00  3.0000E+00  1.5360E+01  0.0000E+00  1.3273E+02 -8.9637E-02 -8.9637E-02  1.5360E+01  1.3273E+02 -1.1737E+02 -8.9637E-02
  4.9000E+01  0.0000E+00  2.7290E+05  1.0000E+00  0.0000E+00  1.0000E+00  0.0000E+00  0.0000E+00  0.0000E+00  0.0000E+00  0.0000E+00  0.0000E+00  0.0000E+00
  4.9000E+01  0.0000E+00  0.0000E+00  2.0000E+00  0.0000E+00  0.0000E+00  0.0000E+00  0.0000E+00  0.0000E+00  0.0000E+00  0.0000E+00  0.0000E+00  0.0000E+00
  4.9000E+01  0.0000E+00  0.0000E+00  3.0000E+00  0.0000E+00  0.0000E+00  0.0000E+00  0.0000E+00  0.0000E+00  0.0000E+00  0.0000E+00  0.0000E+00  0.0000E+00
  4.9000E+01  1.0000E+00  0.0000E+00  2.0000E+00  2.4504E+03  0.0000E+00  2.0595E+01  4.2959E-01  4.2959E-01  2.4504E+03  2.0595E+01  2.4299E+03  4.2959E-01
  4.9000E+01  1.0000E+00  0.0000E+00  3.0000E+00  7.4600E+00  0.0000E+00  1.3022E+02 -9.5560E-02 -9.5560E-02  7.4600E+00  1.3022E+02 -1.2276E+02 -9.5560E-02
  5.0000E+01  0.0000E+00  2.8710E+05  1.0000E+00  0.0000E+00  1.0000E+00  0.0000E+00  0.0000E+00  0.0000E+00  0.0000E+00  0.0000E+00  0.0000E+00  0.0000E+00
  5.0000E+01  0.0000E+00  0.0000E+00  2.0000E+00  0.0000E+00  0.0000E+00  0.0000E+00  0.0000E+00  0.0000E+00  0.0000E+00  0.0000E+00  0.0000E+00  0.0000E+00
  5.0000E+01  0.0000E+00  0.0000E+00  3.0000E+00  0.0000E+00  0.0000E+00  0.0000E+00  0.0000E+00  0.0000E+00  0.0000E+00  0.0000E+00  0.0000E+00  0.0000E+00
  5.0000E+01  1.0000E+00  0.0000E+00  2.0000E+00  2.8164E+03  0.0000E+00  2.0649E+01  4.9297E-01  4.9297E-01  2.8164E+03  2.0649E+01  2.7957E+03  4.9297E-01
  5.0000E+01  1.0000E+00  0.0000E+00  3.0000E+00  5.9380E+01  0.0000E+00  1.3057E+02 -5.5267E-02 -5.5267E-02  5.9380E+01  1.3057E+02 -7.1188E+01 -5.5267E-02
  5.1000E+01  0.0000E+00  2.9630E+05  1.0000E+00  0.0000E+00  1.0000E+00  0.0000E+00  0.0000E+00  0.0000E+00  0.0000E+00  0.0000E+00  0.0000E+00  0.0000E+00
  5.1000E+01  0.0000E+00  0.0000E+00  2.0000E+00  0.0000E+00  0.0000E+00  0.0000E+00  0.0000E+00  0.0000E+00  0.0000E+00  0.0000E+00  0.0000E+00  0.0000E+00
  5.1000E+01  0.0000E+00  0.0000E+00  3.0000E+00  0.0000E+00  0.0000E+00  0.0000E+00  0.0000E+00  0.0000E+00  0.0000E+00  0.0000E+00  0.0000E+00  0.0000E+00
  5.1000E+01  1.0000E+00  0.0000E+00  2.0000E+00  1.9708E+03  0.0000E+00  2.0682E+01  3.4332E-01  3.4332E-01  1.9708E+03  2.0682E+01  1.9502E+03  3.4332E-01
  5.1000E+01  1.0000E+00  0.0000E+00  3.0000E+00  2.2340E+01  0.0000E+00  1.3078E+02 -8.4051E-02 -8.4051E-02  2.2340E+01  1.3078E+02 -1.0844E+02 -8.4051E-02
  5.2000E+01  0.0000E+00  2.8480E+05  1.0000E+00  0.0000E+00  1.0000E+00  0.0000E+00  0.0000E+00  0.0000E+00  0.0000E+00  0.0000E+00  0.0000E+00  0.0000E+00
  5.2000E+01  0.0000E+00  0.0000E+00  2.0000E+00  0.0000E+00  0.0000E+00  0.0000E+00  0.0000E+00  0.0000E+00  0.0000E+00  0.0000E+00  0.0000E+00  0.0000E+00
  5.2000E+01  0.0000E+00  0.0000E+00  3.0000E+00  0.0000E+00  0.0000E+00  0.0000E+00  0.0000E+00  0.0000E+00  0.0000E+00  0.0000E+00  0.0000E+00  0.0000E+00
  5.2000E+01  2.0000E+00  0.0000E+00  2.0000E+00  4.1375E+03  0.0000E+00  1.8929E+01  7.9224E-01  7.9224E-01  4.1375E+03  1.8929E+01  4.1186E+03  7.9224E-01
  5.2000E+01  2.0000E+00  0.0000E+00  3.0000E+00  3.2000E+00  0.0000E+00  1.2169E+02 -9.8702E-02 -9.8702E-02  3.2000E+00  1.2169E+02 -1.1849E+02 -9.8702E-02
  5.3000E+01  0.0000E+00  2.8510E+05  1.0000E+00  0.0000E+00  1.0000E+00  0.0000E+00  0.0000E+00  0.0000E+00  0.0000E+00  0.0000E+00  0.0000E+00  0.0000E+00
  5.3000E+01  0.0000E+00  0.0000E+00  2.0000E+00  0.0000E+00  0.0000E+00  0.0000E+00  0.0000E+00  0.0000E+00  0.0000E+00  0.0000E+00  0.0000E+00  0.0000E+00
  5.3000E+01  0.0000E+00  0.0000E+00  3.0000E+00  0.0000E+00  0.0000E+00  0.0000E+00  0.0000E+00  0.0000E+00  0.0000E+00  0.0000E+00  0.0000E+00  0.0000E+00
  5.3000E+01  2.0000E+00  0.0000E+00  2.0000E+00  2.5330E+03  0.0000E+00  1.8930E+01  4.8358E-01  4.8358E-01  2.5330E+03  1.8930E+01  2.5140E+03  4.8358E-01
  5.3000E+01  2.0000E+00  0.0000E+00  3.0000E+00  1.1500E+00  0.0000E+00  1.2170E+02 -1.0041E-01 -1.0041E-01  1.1500E+00  1.2170E+02 -1.2055E+02 -1.0041E-01
  5.4000E+01  0.0000E+00  2.7490E+05  1.0000E+00  0.0000E+00  1.0000E+00  0.0000E+00  0.0000E+00  0.0000E+00  0.0000E+00  0.0000E+00  0.0000E+00  0.0000E+00
  5.4000E+01  0.0000E+00  0.0000E+00  2.0000E+00  0.0000E+00  0.0000E+00  0.0000E+00  0.0000E+00  0.0000E+00  0.0000E+00  0.0000E+00  0.0000E+00  0.0000E+00
  5.4000E+01  0.0000E+00  0.0000E+00  3.0000E+00  0.0000E+00  0.0000E+00  0.0000E+00  0.0000E+00  0.0000E+00  0.0000E+00  0.0000E+00  0.0000E+00  0.0000E+00
  5.4000E+01  2.0000E+00  0.0000E+00  2.0000E+00  3.2506E+03  0.0000E+00  1.8903E+01  6.2252E-01  6.2252E-01  3.2506E+03  1.8903E+01  3.2317E+03  6.2252E-01
  5.4000E+01  2.0000E+00  0.0000E+00  3.0000E+00  2.4320E+01  0.0000E+00  1.2152E+02 -8.1081E-02 -8.1081E-02  2.4320E+01  1.2152E+02 -9.7202E+01 -8.1081E-02
  5.5000E+01  0.0000E+00  3.0330E+05  1.0000E+00  0.0000E+00  1.0000E+00  0.0000E+00  0.0000E+00  0.0000E+00  0.0000E+00  0.0000E+00  0.0000E+00  0.0000E+00
  5.5000E+01  0.0000E+00  0.0000E+00  3.0000E+00  0.0000E+00  0.0000E+00  0.0000E+00  0.0000E+00  0.0000E+00  0.0000E+00  0.0000E+00  0.0000E+00  0.0000E+00
  5.5000E+01  3.0000E+00  0.0000E+00  3.0000E+00  1.6550E+01  0.0000E+00  1.1300E+02 -8.6521E-02 -8.6521E-02  1.6550E+01  1.1300E+02 -9.6454E+01 -8.6521E-02
  5.6000E+01  0.0000E+00  2.7950E+05  1.0000E+00  0.0000E+00  1.0000E+00  0.0000E+00  0.0000E+00  0.0000E+00  0.0000E+00  0.0000E+00  0.0000E+00  0.0000E+00
  5.6000E+01  0.0000E+00  0.0000E+00  3.0000E+00  0.0000E+00  0.0000E+00  0.0000E+00  0.0000E+00  0.0000E+00  0.0000E+00  0.0000E+00  0.0000E+00  0.0000E+00
  5.6000E+01  3.0000E+00  0.0000E+00  3.0000E+00  2.5600E+00  0.0000E+00  1.1274E+02 -9.9065E-02 -9.9065E-02  2.5600E+00  1.1274E+02 -1.1018E+02 -9.9065E-02
  5.7000E+01  0.0000E+00  2.7500E+05  1.0000E+00  0.0000E+00  1.0000E+00  0.0000E+00  0.0000E+00  0.0000E+00  0.0000E+00  0.0000E+00  0.0000E+00  0.0000E+00
  5.7000E+01  0.0000E+00  0.0000E+00  3.0000E+00  0.0000E+00  0.0000E+00  0.0000E+00  0.0000E+00  0.0000E+00  0.0000E+00  0.0000E+00  0.0000E+00  0.0000E+00
  5.7000E+01  3.0000E+00  0.0000E+00  3.0000E+00  1.8400E+00  0.0000E+00  1.1269E+02 -9.9712E-02 -9.9712E-02  1.8400E+00  1.1269E+02 -1.1085E+02 -9.9712E-02
  5.8000E+01  0.0000E+00  2.7450E+05  1.0000E+00  0.0000E+00  1.0000E+00  0.0000E+00  0.0000E+00  0.0000E+00  0.0000E+00  0.0000E+00  0.0000E+00  0.0000E+00
  5.8000E+01  0.0000E+00  0.0000E+00  2.0000E+00  0.0000E+00  0.0000E+00  0.0000E+00  0.0000E+00  0.0000E+00  0.0000E+00  0.0000E+00  0.0000E+00  0.0000E+00
  5.8000E+01  0.0000E+00  0.0000E+00  3.0000E+00  0.0000E+00  0.0000E+00  0.0000E+00  0.0000E+00  0.0000E+00  0.0000E+00  0.0000E+00  0.0000E+00  0.0000E+00
  5.8000E+01  4.0000E+00  0.0000E+00  2.0000E+00  4.5601E+02  0.0000E+00  1.5798E+01  1.0146E-01  1.0146E-01  4.5601E+02  1.5798E+01  4.4021E+02  1.0146E-01
  5.8000E+01  4.0000E+00  0.0000E+00  3.0000E+00  3.8500E+00  0.0000E+00  1.0399E+02 -9.7614E-02 -9.7614E-02  3.8500E+00  1.0399E+02 -1.0014E+02 -9.7614E-02
  5.9000E+01  0.0000E+00  2.8350E+05  1.0000E+00  0.0000E+00  1.0000E+00  0.0000E+00  0.0000E+00  0.0000E+00  0.0000E+00  0.0000E+00  0.0000E+00  0.0000E+00
  5.9000E+01  0.0000E+00  0.0000E+00  2.0000E+00  0.0000E+00  0.0000E+00  0.0000E+00  0.0000E+00  0.0000E+00  0.0000E+00  0.0000E+00  0.0000E+00  0.0000E+00
  5.9000E+01  0.0000E+00  0.0000E+00  3.0000E+00  0.0000E+00  0.0000E+00  0.0000E+00  0.0000E+00  0.0000E+00  0.0000E+00  0.0000E+00  0.0000E+00  0.0000E+00
  5.9000E+01  4.0000E+00  0.0000E+00  2.0000E+00  1.0256E+03  0.0000E+00  1.5808E+01  2.3258E-01  2.3258E-01  1.0256E+03  1.5808E+01  1.0098E+03  2.3258E-01
  5.9000E+01  4.0000E+00  0.0000E+00  3.0000E+00  7.7800E+00  0.0000E+00  1.0407E+02 -9.3789E-02 -9.3789E-02  7.7800E+00  1.0407E+02 -9.6287E+01 -9.3789E-02
  6.0000E+01  0.0000E+00  2.8850E+05  1.0000E+00  0.0000E+00  1.0000E+00  0.0000E+00  0.0000E+00  0.0000E+00  0.0000E+00  0.0000E+00  0.0000E+00  0.0000E+00
  6.0000E+01  0.0000E+00  0.0000E+00  2.0000E+00  0.0000E+00  0.0000E+00  0.0000E+00  0.0000E+00  0.0000E+00  0.0000E+00  0.0000E+00  0.0000E+00  0.0000E+00
  6.0000E+01  0.0000E+00  0.0000E+00  3.0000E+00  0.0000E+00  0.0000E+00  0.0000E+00  0.0000E+00  0.0000E+00  0.0000E+00  0.0000E+00  0.0000E+00  0.0000E+00
  6.0000E+01  4.0000E+00  0.0000E+00  2.0000E+00  7.7402E+02  0.0000E+00  1.5813E+01  1.7458E-01  1.7458E-01  7.7402E+02  1.5813E+01  7.5820E+02  1.7458E-01
  6.0000E+01  4.0000E+00  0.0000E+00  3.0000E+00  2.8000E+00  0.0000E+00  1.0410E+02 -9.8641E-02 -9.8641E-02  2.8000E+00  1.0410E+02 -1.0130E+02 -9.8641E-02
  6.1000E+01  0.0000E+00  2.8250E+05  1.0000E+00  0.0000E+00  1.0000E+00  0.0000E+00  0.0000E+00  0.0000E+00  0.0000E+00  0.0000E+00  0.0000E+00  0.0000E+00
  6.1000E+01  0.0000E+00  0.0000E+00  3.0000E+00  0.0000E+00  0.0000E+00  0.0000E+00  0.0000E+00  0.0000E+00  0.0000E+00  0.0000E+00  0.0000E+00  0.0000E+00
  6.1000E+01  6.0000E+00  0.0000E+00  3.0000E+00  0.0000E+00  1.0000E+00  8.7682E+01  0.0000E+00 -1.0137E-01  0.0000E+00  8.7682E+01  0.0000E+00  0.0000E+00
  6.2000E+01  0.0000E+00  2.9040E+05  1.0000E+00  0.0000E+00  1.0000E+00  0.0000E+00  0.0000E+00  0.0000E+00  0.0000E+00  0.0000E+00  0.0000E+00  0.0000E+00
  6.2000E+01  0.0000E+00  0.0000E+00  3.0000E+00  0.0000E+00  0.0000E+00  0.0000E+00  0.0000E+00  0.0000E+00  0.0000E+00  0.0000E+00  0.0000E+00  0.0000E+00
  6.2000E+01  6.0000E+00  0.0000E+00  3.0000E+00  1.6000E-01  0.0000E+00  8.7702E+01 -1.0118E-01 -1.0118E-01  1.6000E-01  8.7702E+01 -8.7542E+01 -1.0118E-01
  6.3000E+01  0.0000E+00  2.7330E+05  1.0000E+00  0.0000E+00  1.0000E+00  0.0000E+00  0.0000E+00  0.0000E+00  0.0000E+00  0.0000E+00  0.0000E+00  0.0000E+00
  6.3000E+01  0.0000E+00  0.0000E+00  3.0000E+00  0.0000E+00  0.0000E+00  0.0000E+00  0.0000E+00  0.0000E+00  0.0000E+00  0.0000E+00  0.0000E+00  0.0000E+00
  6.3000E+01  6.0000E+00  0.0000E+00  3.0000E+00  2.7000E+00  0.0000E+00  8.7657E+01 -9.8245E-02 -9.8245E-02  2.7000E+00  8.7657E+01 -8.4957E+01 -9.8245E-02
  6.4000E+01  0.0000E+00  2.8850E+05  1.0000E+00  0.0000E+00  1.0000E+00  0.0000E+00  0.0000E+00  0.0000E+00  0.0000E+00  0.0000E+00  0.0000E+00  0.0000E+00
  6.4000E+01  0.0000E+00  0.0000E+00  2.0000E+00  0.0000E+00  0.0000E+00  0.0000E+00  0.0000E+00  0.0000E+00  0.0000E+00  0.0000E+00  0.0000E+00  0.0000E+00
  6.4000E+01  0.0000E+00  0.0000E+00  3.0000E+00  0.0000E+00  0.0000E+00  0.0000E+00  0.0000E+00  0.0000E+00  0.0000E+00  0.0000E+00  0.0000E+00  0.0000E+00
  6.4000E+01  8.0000E+00  0.0000E+00  2.0000E+00  2.7488E+02  0.0000E+00  1.0836E+01  8.8723E-02  8.8723E-02  2.7488E+02  1.0836E+01  2.6404E+02  8.8723E-02
  6.4000E+01  8.0000E+00  0.0000E+00  3.0000E+00  0.0000E+00  1.0000E+00  7.3174E+01  0.0000E+00 -1.0137E-01  0.0000E+00  7.3174E+01  0.0000E+00  0.0000E+00
  6.5000E+01  0.0000E+00  2.8560E+05  1.0000E+00  0.0000E+00  1.0000E+00  0.0000E+00  0.0000E+00  0.0000E+00  0.0000E+00  0.0000E+00  0.0000E+00  0.0000E+00
  6.5000E+01  0.0000E+00  0.0000E+00  2.0000E+00  0.0000E+00  0.0000E+00  0.0000E+00  0.0000E+00  0.0000E+00  0.0000E+00  0.0000E+00  0.0000E+00  0.0000E+00
  6.5000E+01  0.0000E+00  0.0000E+00  3.0000E+00  0.0000E+00  0.0000E+00  0.0000E+00  0.0000E+00  0.0000E+00  0.0000E+00  0.0000E+00  0.0000E+00  0.0000E+00
  6.5000E+01  8.0000E+00  0.0000E+00  2.0000E+00  3.4885E+02  0.0000E+00  1.0836E+01  1.1357E-01  1.1357E-01  3.4885E+02  1.0836E+01  3.3801E+02  1.1357E-01
  6.5000E+01  8.0000E+00  0.0000E+00  3.0000E+00  5.5000E-01  0.0000E+00  7.3175E+01 -1.0061E-01 -1.0061E-01  5.5000E-01  7.3175E+01 -7.2625E+01 -1.0061E-01
  6.6000E+01  0.0000E+00  2.7370E+05  1.0000E+00  0.0000E+00  1.0000E+00  0.0000E+00  0.0000E+00  0.0000E+00  0.0000E+00  0.0000E+00  0.0000E+00  0.0000E+00
  6.6000E+01  0.0000E+00  0.0000E+00  2.0000E+00  0.0000E+00  0.0000E+00  0.0000E+00  0.0000E+00  0.0000E+00  0.0000E+00  0.0000E+00  0.0000E+00  0.0000E+00
  6.6000E+01  0.0000E+00  0.0000E+00  3.0000E+00  0.0000E+00  0.0000E+00  0.0000E+00  0.0000E+00  0.0000E+00  0.0000E+00  0.0000E+00  0.0000E+00  0.0000E+00
  6.6000E+01  8.0000E+00  0.0000E+00  2.0000E+00  1.6299E+02  0.0000E+00  1.0837E+01  5.1121E-02  5.1121E-02  1.6299E+02  1.0837E+01  1.5215E+02  5.1121E-02
  6.6000E+01  8.0000E+00  0.0000E+00  3.0000E+00  2.4400E+00  0.0000E+00  7.3175E+01 -9.7987E-02 -9.7987E-02  2.4400E+00  7.3175E+01 -7.0735E+01 -9.7987E-02
  6.7000E+01  0.0000E+00  2.8000E+05  1.0000E+00  0.0000E+00  1.0000E+00  0.0000E+00  0.0000E+00  0.0000E+00  0.0000E+00  0.0000E+00  0.0000E+00  0.0000E+00
  6.7000E+01  1.7000E-02  0.0000E+00  3.0000E+00  7.2560E+03  0.0000E+00  1.3860E+02  5.2053E+00  5.2053E+00  7.2560E+03  1.3860E+02  7.1174E+03  5.2053E+00
  6.8000E+01  0.0000E+00  2.8000E+05  1.0000E+00  0.0000E+00  1.0000E+00  0.0000E+00  0.0000E+00  0.0000E+00  0.0000E+00  0.0000E+00  0.0000E+00  0.0000E+00
  6.8000E+01  1.7000E-02  0.0000E+00  3.0000E+00  8.3999E+03  0.0000E+00  1.3860E+02  6.0419E+00  6.0419E+00  8.3999E+03  1.3860E+02  8.2613E+03  6.0419E+00
  6.9000E+01  0.0000E+00  2.8000E+05  1.0000E+00  0.0000E+00  1.0000E+00  0.0000E+00  0.0000E+00  0.0000E+00  0.0000E+00  0.0000E+00  0.0000E+00  0.0000E+00
  6.9000E+01  1.7000E-02  0.0000E+00  3.0000E+00  1.0783E+04  0.0000E+00  1.3860E+02  7.7850E+00  7.7850E+00  1.0783E+04  1.3860E+02  1.0645E+04  7.7850E+00
  7.0000E+01  0.0000E+00  2.8000E+05  1.0000E+00  0.0000E+00  1.0000E+00  0.0000E+00  0.0000E+00  0.0000E+00  0.0000E+00  0.0000E+00  0.0000E+00  0.0000E+00
  7.0000E+01  8.3000E-02  0.0000E+00  3.0000E+00  1.9424E+03  0.0000E+00  1.3809E+02  1.3245E+00  1.3245E+00  1.9424E+03  1.3809E+02  1.8043E+03  1.3245E+00
  7.1000E+01  0.0000E+00  2.8000E+05  1.0000E+00  0.0000E+00  1.0000E+00  0.0000E+00  0.0000E+00  0.0000E+00  0.0000E+00  0.0000E+00  0.0000E+00  0.0000E+00
  7.1000E+01  8.3000E-02  0.0000E+00  3.0000E+00  1.9194E+03  0.0000E+00  1.3809E+02  1.3076E+00  1.3076E+00  1.9194E+03  1.3809E+02  1.7813E+03  1.3076E+00
  7.2000E+01  0.0000E+00  2.8000E+05  1.0000E+00  0.0000E+00  1.0000E+00  0.0000E+00  0.0000E+00  0.0000E+00  0.0000E+00  0.0000E+00  0.0000E+00  0.0000E+00
  7.2000E+01  8.3000E-02  0.0000E+00  3.0000E+00  1.7315E+03  0.0000E+00  1.3809E+02  1.1697E+00  1.1697E+00  1.7315E+03  1.3809E+02  1.5934E+03  1.1697E+00
  7.3000E+01  0.0000E+00  2.8000E+05  1.0000E+00  0.0000E+00  1.0000E+00  0.0000E+00  0.0000E+00  0.0000E+00  0.0000E+00  0.0000E+00  0.0000E+00  0.0000E+00
  7.3000E+01  2.5000E-01  0.0000E+00  3.0000E+00  2.1170E+02  0.0000E+00  1.3673E+02  5.5581E-02  5.5581E-02  2.1170E+02  1.3673E+02  7.4970E+01  5.5581E-02
  7.4000E+01  0.0000E+00  2.8000E+05  1.0000E+00  0.0000E+00  1.0000E+00  0.0000E+00  0.0000E+00  0.0000E+00  0.0000E+00  0.0000E+00  0.0000E+00  0.0000E+00
  7.4000E+01  2.5000E-01  0.0000E+00  3.0000E+00  3.0850E+02  0.0000E+00  1.3673E+02  1.2734E-01  1.2734E-01  3.0850E+02  1.3673E+02  1.7177E+02  1.2734E-01
  7.5000E+01  0.0000E+00  2.8000E+05  1.0000E+00  0.0000E+00  1.0000E+00  0.0000E+00  0.0000E+00  0.0000E+00  0.0000E+00  0.0000E+00  0.0000E+00  0.0000E+00
  7.5000E+01  2.5000E-01  0.0000E+00  3.0000E+00  3.0460E+02  0.0000E+00  1.3673E+02  1.2445E-01  1.2445E-01  3.0460E+02  1.3673E+02  1.6787E+02  1.2445E-01
  7.6000E+01  0.0000E+00  2.8000E+05  1.0000E+00  0.0000E+00  1.0000E+00  0.0000E+00  0.0000E+00  0.0000E+00  0.0000E+00  0.0000E+00  0.0000E+00  0.0000E+00
  7.6000E+01  5.0000E-01  0.0000E+00  3.0000E+00  7.1700E+01  0.0000E+00  1.3466E+02 -4.7393E-02 -4.7393E-02  7.1700E+01  1.3466E+02 -6.2957E+01 -4.7393E-02
  7.7000E+01  0.0000E+00  2.8000E+05  1.0000E+00  0.0000E+00  1.0000E+00  0.0000E+00  0.0000E+00  0.0000E+00  0.0000E+00  0.0000E+00  0.0000E+00  0.0000E+00
  7.7000E+01  5.0000E-01  0.0000E+00  3.0000E+00  1.6950E+02  0.0000E+00  1.3466E+02  2.6229E-02  2.6229E-02  1.6950E+02  1.3466E+02  3.4843E+01  2.6229E-02
  7.8000E+01  0.0000E+00  2.8000E+05  1.0000E+00  0.0000E+00  1.0000E+00  0.0000E+00  0.0000E+00  0.0000E+00  0.0000E+00  0.0000E+00  0.0000E+00  0.0000E+00
  7.8000E+01  5.0000E-01  0.0000E+00  3.0000E+00  1.9250E+02  0.0000E+00  1.3466E+02  4.3542E-02  4.3542E-02  1.9250E+02  1.3466E+02  5.7843E+01  4.3542E-02
  7.9000E+01  0.0000E+00  2.8000E+05  1.0000E+00  0.0000E+00  1.0000E+00  0.0000E+00  0.0000E+00  0.0000E+00  0.0000E+00  0.0000E+00  0.0000E+00  0.0000E+00
  7.9000E+01  1.0000E+00  0.0000E+00  3.0000E+00  3.0940E+02  0.0000E+00  1.3040E+02  1.3915E-01  1.3915E-01  3.0940E+02  1.3040E+02  1.7900E+02  1.3915E-01
  8.0000E+01  0.0000E+00  2.8000E+05  1.0000E+00  0.0000E+00  1.0000E+00  0.0000E+00  0.0000E+00  0.0000E+00  0.0000E+00  0.0000E+00  0.0000E+00  0.0000E+00
  8.0000E+01  1.0000E+00  0.0000E+00  3.0000E+00  7.2400E+01  0.0000E+00  1.3040E+02 -4.5086E-02 -4.5086E-02  7.2400E+01  1.3040E+02 -5.7999E+01 -4.5086E-02
  8.1000E+01  0.0000E+00  2.8000E+05  1.0000E+00  0.0000E+00  1.0000E+00  0.0000E+00  0.0000E+00  0.0000E+00  0.0000E+00  0.0000E+00  0.0000E+00  0.0000E+00
  8.1000E+01  1.0000E+00  0.0000E+00  3.0000E+00  1.7600E+01  0.0000E+00  1.3040E+02 -8.7685E-02 -8.7685E-02  1.7600E+01  1.3040E+02 -1.1280E+02 -8.7685E-02
  8.2000E+01  0.0000E+00  2.8000E+05  1.0000E+00  0.0000E+00  1.0000E+00  0.0000E+00  0.0000E+00  0.0000E+00  0.0000E+00  0.0000E+00  0.0000E+00  0.0000E+00
  8.2000E+01  2.0000E+00  0.0000E+00  3.0000E+00  4.5000E+00  0.0000E+00  1.2161E+02 -9.7616E-02 -9.7616E-02  4.5000E+00  1.2161E+02 -1.1711E+02 -9.7616E-02
  8.3000E+01  0.0000E+00  2.8000E+05  1.0000E+00  0.0000E+00  1.0000E+00  0.0000E+00  0.0000E+00  0.0000E+00  0.0000E+00  0.0000E+00  0.0000E+00  0.0000E+00
  8.3000E+01  2.0000E+00  0.0000E+00  3.0000E+00  4.5000E+00  0.0000E+00  1.2161E+02 -9.7616E-02 -9.7616E-02  4.5000E+00  1.2161E+02 -1.1711E+02 -9.7616E-02
  8.4000E+01  0.0000E+00  2.8000E+05  1.0000E+00  0.0000E+00  1.0000E+00  0.0000E+00  0.0000E+00  0.0000E+00  0.0000E+00  0.0000E+00  0.0000E+00  0.0000E+00
  8.4000E+01  2.0000E+00  0.0000E+00  3.0000E+00  9.8000E+00  0.0000E+00  1.2161E+02 -9.3198E-02 -9.3198E-02  9.8000E+00  1.2161E+02 -1.1181E+02 -9.3198E-02
  8.5000E+01  0.0000E+00  2.8000E+05  1.0000E+00  0.0000E+00  1.0000E+00  0.0000E+00  0.0000E+00  0.0000E+00  0.0000E+00  0.0000E+00  0.0000E+00  0.0000E+00
  8.5000E+01  4.0000E+00  0.0000E+00  3.0000E+00  5.4000E+00  0.0000E+00  1.0404E+02 -9.6106E-02 -9.6106E-02  5.4000E+00  1.0404E+02 -9.8638E+01 -9.6106E-02
  8.6000E+01  0.0000E+00  2.8000E+05  1.0000E+00  0.0000E+00  1.0000E+00  0.0000E+00  0.0000E+00  0.0000E+00  0.0000E+00  0.0000E+00  0.0000E+00  0.0000E+00
  8.6000E+01  4.0000E+00  0.0000E+00  3.0000E+00  2.0000E-01  0.0000E+00  1.0404E+02 -1.0117E-01 -1.0117E-01  2.0000E-01  1.0404E+02 -1.0384E+02 -1.0117E-01
  8.7000E+01  0.0000E+00  2.8000E+05  1.0000E+00  0.0000E+00  1.0000E+00  0.0000E+00  0.0000E+00  0.0000E+00  0.0000E+00  0.0000E+00  0.0000E+00  0.0000E+00
  8.7000E+01  4.0000E+00  0.0000E+00  3.0000E+00  1.3600E+01  0.0000E+00  1.0404E+02 -8.8116E-02 -8.8116E-02  1.3600E+01  1.0404E+02 -9.0438E+01 -8.8116E-02
  8.8000E+01  0.0000E+00  2.8000E+05  1.0000E+00  0.0000E+00  1.0000E+00  0.0000E+00  0.0000E+00  0.0000E+00  0.0000E+00  0.0000E+00  0.0000E+00  0.0000E+00
  8.8000E+01  6.0000E+00  0.0000E+00  3.0000E+00  1.6100E+01  0.0000E+00  8.7674E+01 -8.2753E-02 -8.2753E-02  1.6100E+01  8.7674E+01 -7.1574E+01 -8.2753E-02
  8.9000E+01  0.0000E+00  2.8000E+05  1.0000E+00  0.0000E+00  1.0000E+00  0.0000E+00  0.0000E+00  0.0000E+00  0.0000E+00  0.0000E+00  0.0000E+00  0.0000E+00
  8.9000E+01  6.0000E+00  0.0000E+00  3.0000E+00  4.0000E-01  0.0000E+00  8.7674E+01 -1.0090E-01 -1.0090E-01  4.0000E-01  8.7674E+01 -8.7274E+01 -1.0090E-01
  9.0000E+01  0.0000E+00  2.8000E+05  1.0000E+00  0.0000E+00  1.0000E+00  0.0000E+00  0.0000E+00  0.0000E+00  0.0000E+00  0.0000E+00  0.0000E+00  0.0000E+00
  9.0000E+01  6.0000E+00  0.0000E+00  3.0000E+00  6.0000E-01  0.0000E+00  8.7674E+01 -1.0067E-01 -1.0067E-01  6.0000E-01  8.7674E+01 -8.7074E+01 -1.0067E-01
  9.1000E+01  0.0000E+00  2.8000E+05  1.0000E+00  0.0000E+00  1.0000E+00  0.0000E+00  0.0000E+00  0.0000E+00  0.0000E+00  0.0000E+00  0.0000E+00  0.0000E+00
  9.1000E+01  8.0000E+00  0.0000E+00  3.0000E+00  5.0000E-01  0.0000E+00  7.3174E+01 -1.0067E-01 -1.0067E-01  5.0000E-01  7.3174E+01 -7.2674E+01 -1.0067E-01
  9.2000E+01  0.0000E+00  2.8000E+05  1.0000E+00  0.0000E+00  1.0000E+00  0.0000E+00  0.0000E+00  0.0000E+00  0.0000E+00  0.0000E+00  0.0000E+00  0.0000E+00
  9.2000E+01  8.0000E+00  0.0000E+00  3.0000E+00  6.0000E-01  0.0000E+00  7.3174E+01 -1.0054E-01 -1.0054E-01  6.0000E-01  7.3174E+01 -7.2574E+01 -1.0054E-01
  9.3000E+01  0.0000E+00  2.8000E+05  1.0000E+00  0.0000E+00  1.0000E+00  0.0000E+00  0.0000E+00  0.0000E+00  0.0000E+00  0.0000E+00  0.0000E+00  0.0000E+00
  9.3000E+01  8.0000E+00  0.0000E+00  3.0000E+00  3.5000E+00  0.0000E+00  7.3174E+01 -9.6518E-02 -9.6518E-02  3.5000E+00  7.3174E+01 -6.9674E+01 -9.6518E-02
  9.4000E+01  0.0000E+00  2.8000E+05  1.0000E+00  0.0000E+00  1.0000E+00  0.0000E+00  0.0000E+00  0.0000E+00  0.0000E+00  0.0000E+00  0.0000E+00  0.0000E+00
  9.4000E+01  1.2000E+01  0.0000E+00  3.0000E+00  4.0000E-01  0.0000E+00  5.0119E+01 -1.0056E-01 -1.0056E-01  4.0000E-01  5.0119E+01 -4.9719E+01 -1.0056E-01
  9.5000E+01  0.0000E+00  2.8000E+05  1.0000E+00  0.0000E+00  1.0000E+00  0.0000E+00  0.0000E+00  0.0000E+00  0.0000E+00  0.0000E+00  0.0000E+00  0.0000E+00
  9.5000E+01  1.2000E+01  0.0000E+00  3.0000E+00  6.0000E-01  0.0000E+00  5.0119E+01 -1.0015E-01 -1.0015E-01  6.0000E-01  5.0119E+01 -4.9519E+01 -1.0015E-01
  9.6000E+01  0.0000E+00  2.8000E+05  1.0000E+00  0.0000E+00  1.0000E+00  0.0000E+00  0.0000E+00  0.0000E+00  0.0000E+00  0.0000E+00  0.0000E+00  0.0000E+00
  9.6000E+01  1.2000E+01  0.0000E+00  3.0000E+00  6.8000E+00  0.0000E+00  5.0119E+01 -8.7614E-02 -8.7614E-02  6.8000E+00  5.0119E+01 -4.3319E+01 -8.7614E-02
  9.7000E+01  0.0000E+00  2.8000E+05  1.0000E+00  0.0000E+00  1.0000E+00  0.0000E+00  0.0000E+00  0.0000E+00  0.0000E+00  0.0000E+00  0.0000E+00  0.0000E+00
  9.7000E+01  2.4000E+01  0.0000E+00  3.0000E+00  4.0000E-01  0.0000E+00  1.5347E+01 -9.8725E-02 -9.8725E-02  4.0000E-01  1.5347E+01 -1.4947E+01 -9.8725E-02
  9.8000E+01  0.0000E+00  2.8000E+05  1.0000E+00  0.0000E+00  1.0000E+00  0.0000E+00  0.0000E+00  0.0000E+00  0.0000E+00  0.0000E+00  0.0000E+00  0.0000E+00
  9.8000E+01  2.4000E+01  0.0000E+00  3.0000E+00  2.2000E+00  0.0000E+00  1.5347E+01 -8.6836E-02 -8.6836E-02  2.2000E+00  1.5347E+01 -1.3147E+01 -8.6836E-02
  9.9000E+01  0.0000E+00  2.8000E+05  1.0000E+00  0.0000E+00  1.0000E+00  0.0000E+00  0.0000E+00  0.0000E+00  0.0000E+00  0.0000E+00  0.0000E+00  0.0000E+00
  9.9000E+01  2.4000E+01  0.0000E+00  3.0000E+00  9.0000E-01  0.0000E+00  1.5347E+01 -9.5423E-02 -9.5423E-02  9.0000E-01  1.5347E+01 -1.4447E+01 -9.5423E-02
  1.0000E+02  0.0000E+00  2.8000E+05  3.0000E+00  0.0000E+00  1.0000E+00  2.8000E+06  0.0000E+00 -1.0137E-01  0.0000E+00  2.8000E+06  0.0000E+00  0.0000E+00
  1.0000E+02  0.0000E+00  0.0000E+00  3.0000E+00  0.0000E+00  0.0000E+00  2.8000E+06 -1.0137E-01 -1.0137E-01  0.0000E+00  2.8000E+06 -2.8000E+06 -1.0137E-01
  1.0000E+02  0.0000E+00  0.0000E+00  3.0000E+00  0.0000E+00  0.0000E+00  2.8000E+06 -1.0137E-01 -1.0137E-01  0.0000E+00  2.8000E+06 -2.8000E+06 -1.0137E-01
  1.0100E+02  0.0000E+00  2.8000E+05  3.0000E+00  0.0000E+00  1.0000E+00  2.8000E+06  0.0000E+00 -1.0137E-01  0.0000E+00  2.8000E+06  0.0000E+00  0.0000E+00
  1.0100E+02  0.0000E+00  0.0000E+00  3.0000E+00  0.0000E+00  0.0000E+00  2.8000E+06 -1.0137E-01 -1.0137E-01  0.0000E+00  2.8000E+06 -2.8000E+06 -1.0137E-01
  1.0100E+02  0.0000E+00  0.0000E+00  3.0000E+00  0.0000E+00  0.0000E+00  2.8000E+06 -1.0137E-01 -1.0137E-01  0.0000E+00  2.8000E+06 -2.8000E+06 -1.0137E-01
  1.0200E+02  0.0000E+00  2.8000E+05  3.0000E+00  0.0000E+00  1.0000E+00  2.8000E+06  0.0000E+00 -1.0137E-01  0.0000E+00  2.8000E+06  0.0000E+00  0.0000E+00
  1.0200E+02  0.0000E+00  0.0000E+00  3.0000E+00  0.0000E+00  0.0000E+00  2.8000E+06 -1.0137E-01 -1.0137E-01  0.0000E+00  2.8000E+06 -2.8000E+06 -1.0137E-01
  1.0200E+02  0.0000E+00  0.0000E+00  3.0000E+00  0.0000E+00  0.0000E+00  2.8000E+06 -1.0137E-01 -1.0137E-01  0.0000E+00  2.8000E+06 -2.8000E+06 -1.0137E-01
  1.0300E+02  0.0000E+00  2.8000E+05  3.0000E+00  0.0000E+00  1.0000E+00  2.8000E+06  0.0000E+00 -1.0137E-01  0.0000E+00  2.8000E+06  0.0000E+00  0.0000E+00
  1.0300E+02  0.0000E+00  0.0000E+00  3.0000E+00  0.0000E+00  0.0000E+00  2.8000E+06 -1.0137E-01 -1.0137E-01  0.0000E+00  2.8000E+06 -2.8000E+06 -1.0137E-01
  1.0300E+02  2.5000E-01  0.0000E+00  3.0000E+00  1.7200E+01  0.0000E+00  1.1611E+02 -8.6350E-02 -8.6350E-02  1.7200E+01  1.1611E+02 -9.8905E+01 -8.6350E-02
  1.0400E+02  0.0000E+00  2.8000E+05  3.0000E+00  0.0000E+00  1.0000E+00  2.8000E+06  0.0000E+00 -1.0137E-01  0.0000E+00  2.8000E+06  0.0000E+00  0.0000E+00
  1.0400E+02  0.0000E+00  0.0000E+00  3.0000E+00  0.0000E+00  0.0000E+00  2.8000E+06 -1.0137E-01 -1.0137E-01  0.0000E+00  2.8000E+06 -2.8000E+06 -1.0137E-01
  1.0400E+02  2.5000E-01  0.0000E+00  3.0000E+00  1.2800E+01  0.0000E+00  1.1611E+02 -9.0192E-02 -9.0192E-02  1.2800E+01  1.1611E+02 -1.0331E+02 -9.0192E-02
  1.0500E+02  0.0000E+00  2.8000E+05  3.0000E+00  0.0000E+00  1.0000E+00  2.8000E+06  0.0000E+00 -1.0137E-01  0.0000E+00  2.8000E+06  0.0000E+00  0.0000E+00
  1.0500E+02  0.0000E+00  0.0000E+00  3.0000E+00  0.0000E+00  0.0000E+00  2.8000E+06 -1.0137E-01 -1.0137E-01  0.0000E+00  2.8000E+06 -2.8000E+06 -1.0137E-01
  1.0500E+02  2.5000E-01  0.0000E+00  3.0000E+00  4.2300E+01  0.0000E+00  1.1611E+02 -6.4436E-02 -6.4436E-02  4.2300E+01  1.1611E+02 -7.3805E+01 -6.4436E-02
  1.0600E+02  0.0000E+00  2.8000E+05  3.0000E+00  0.0000E+00  1.0000E+00  2.8000E+06  0.0000E+00 -1.0137E-01  0.0000E+00  2.8000E+06  0.0000E+00  0.0000E+00
  1.0600E+02  0.0000E+00  0.0000E+00  3.0000E+00  0.0000E+00  0.0000E+00  2.8000E+06 -1.0137E-01 -1.0137E-01  0.0000E+00  2.8000E+06 -2.8000E+06 -1.0137E-01
  1.0600E+02  5.0000E-01  0.0000E+00  3.0000E+00  8.7000E+00  0.0000E+00  1.0794E+02 -9.3197E-02 -9.3197E-02  8.7000E+00  1.0794E+02 -9.9241E+01 -9.3197E-02
  1.0700E+02  0.0000E+00  2.8000E+05  3.0000E+00  0.0000E+00  1.0000E+00  2.8000E+06  0.0000E+00 -1.0137E-01  0.0000E+00  2.8000E+06  0.0000E+00  0.0000E+00
  1.0700E+02  0.0000E+00  0.0000E+00  3.0000E+00  0.0000E+00  0.0000E+00  2.8000E+06 -1.0137E-01 -1.0137E-01  0.0000E+00  2.8000E+06 -2.8000E+06 -1.0137E-01
  1.0700E+02  5.0000E-01  0.0000E+00  3.0000E+00  1.3400E+01  0.0000E+00  1.0794E+02 -8.8783E-02 -8.8783E-02  1.3400E+01  1.0794E+02 -9.4541E+01 -8.8783E-02
  1.0800E+02  0.0000E+00  2.8000E+05  3.0000E+00  0.0000E+00  1.0000E+00  2.8000E+06  0.0000E+00 -1.0137E-01  0.0000E+00  2.8000E+06  0.0000E+00  0.0000E+00
  1.0800E+02  0.0000E+00  0.0000E+00  3.0000E+00  0.0000E+00  0.0000E+00  2.8000E+06 -1.0137E-01 -1.0137E-01  0.0000E+00  2.8000E+06 -2.8000E+06 -1.0137E-01
  1.0800E+02  5.0000E-01  0.0000E+00  3.0000E+00  1.2600E+01  0.0000E+00  1.0794E+02 -8.9534E-02 -8.9534E-02  1.2600E+01  1.0794E+02 -9.5341E+01 -8.9534E-02
  1.0900E+02  0.0000E+00  2.8000E+05  3.0000E+00  0.0000E+00  1.0000E+00  2.8000E+06  0.0000E+00 -1.0137E-01  0.0000E+00  2.8000E+06  0.0000E+00  0.0000E+00
  1.0900E+02  0.0000E+00  0.0000E+00  3.0000E+00  0.0000E+00  0.0000E+00  2.8000E+06 -1.0137E-01 -1.0137E-01  0.0000E+00  2.8000E+06 -2.8000E+06 -1.0137E-01
  1.0900E+02  1.0000E+00  0.0000E+00  3.0000E+00  8.3000E+00  0.0000E+00  9.3294E+01 -9.2349E-02 -9.2349E-02  8.3000E+00  9.3294E+01 -8.4994E+01 -9.2349E-02
  1.1000E+02  0.0000E+00  2.8000E+05  3.0000E+00  0.0000E+00  1.0000E+00  2.8000E+06  0.0000E+00 -1.0137E-01  0.0000E+00  2.8000E+06  0.0000E+00  0.0000E+00
  1.1000E+02  0.0000E+00  0.0000E+00  3.0000E+00  0.0000E+00  0.0000E+00  2.8000E+06 -1.0137E-01 -1.0137E-01  0.0000E+00  2.8000E+06 -2.8000E+06 -1.0137E-01
  1.1000E+02  1.0000E+00  0.0000E+00  3.0000E+00  5.6000E+00  0.0000E+00  9.3294E+01 -9.5282E-02 -9.5282E-02  5.6000E+00  9.3294E+01 -8.7694E+01 -9.5282E-02
  1.1100E+02  0.0000E+00  2.8000E+05  3.0000E+00  0.0000E+00  1.0000E+00  2.8000E+06  0.0000E+00 -1.0137E-01  0.0000E+00  2.8000E+06  0.0000E+00  0.0000E+00
  1.1100E+02  0.0000E+00  0.0000E+00  3.0000E+00  0.0000E+00  0.0000E+00  2.8000E+06 -1.0137E-01 -1.0137E-01  0.0000E+00  2.8000E+06 -2.8000E+06 -1.0137E-01
  1.1100E+02  1.0000E+00  0.0000E+00  3.0000E+00  8.9000E+00  0.0000E+00  9.3294E+01 -9.1697E-02 -9.1697E-02  8.9000E+00  9.3294E+01 -8.4394E+01 -9.1697E-02
  1.1200E+02  0.0000E+00  2.8000E+05  3.0000E+00  0.0000E+00  1.0000E+00  2.8000E+06  0.0000E+00 -1.0137E-01  0.0000E+00  2.8000E+06  0.0000E+00  0.0000E+00
  1.1200E+02  0.0000E+00  0.0000E+00  3.0000E+00  0.0000E+00  0.0000E+00  2.8000E+06 -1.0137E-01 -1.0137E-01  0.0000E+00  2.8000E+06 -2.8000E+06 -1.0137E-01
  1.1200E+02  2.0000E+00  0.0000E+00  3.0000E+00  2.5700E+01  0.0000E+00  6.9692E+01 -6.3986E-02 -6.3986E-02  2.5700E+01  6.9692E+01 -4.3992E+01 -6.3986E-02
  1.1300E+02  0.0000E+00  2.8000E+05  3.0000E+00  0.0000E+00  1.0000E+00  2.8000E+06  0.0000E+00 -1.0137E-01  0.0000E+00  2.8000E+06  0.0000E+00  0.0000E+00
  1.1300E+02  0.0000E+00  0.0000E+00  3.0000E+00  0.0000E+00  0.0000E+00  2.8000E+06 -1.0137E-01 -1.0137E-01  0.0000E+00  2.8000E+06 -2.8000E+06 -1.0137E-01
  1.1300E+02  2.0000E+00  0.0000E+00  3.0000E+00  4.0000E-01  0.0000E+00  6.9692E+01 -1.0079E-01 -1.0079E-01  4.0000E-01  6.9692E+01 -6.9292E+01 -1.0079E-01
  1.1400E+02  0.0000E+00  2.8000E+05  3.0000E+00  0.0000E+00  1.0000E+00  2.8000E+06  0.0000E+00 -1.0137E-01  0.0000E+00  2.8000E+06  0.0000E+00  0.0000E+00
  1.1400E+02  0.0000E+00  0.0000E+00  3.0000E+00  0.0000E+00  0.0000E+00  2.8000E+06 -1.0137E-01 -1.0137E-01  0.0000E+00  2.8000E+06 -2.8000E+06 -1.0137E-01
  1.1400E+02  2.0000E+00  0.0000E+00  3.0000E+00  2.4000E+01  0.0000E+00  6.9692E+01 -6.6459E-02 -6.6459E-02  2.4000E+01  6.9692E+01 -4.5692E+01 -6.6459E-02
  1.1500E+02  0.0000E+00  2.8000E+05  3.0000E+00  0.0000E+00  1.0000E+00  2.8000E+06  0.0000E+00 -1.0137E-01  0.0000E+00  2.8000E+06  0.0000E+00  0.0000E+00
  1.1500E+02  0.0000E+00  0.0000E+00  3.0000E+00  0.0000E+00  0.0000E+00  2.8000E+06 -1.0137E-01 -1.0137E-01  0.0000E+00  2.8000E+06 -2.8000E+06 -1.0137E-01
  1.1500E+02  4.0000E+00  0.0000E+00  3.0000E+00  1.7000E+00  0.0000E+00  3.8891E+01 -9.6936E-02 -9.6936E-02  1.7000E+00  3.8891E+01 -3.7191E+01 -9.6936E-02
  1.1600E+02  0.0000E+00  2.8000E+05  3.0000E+00  0.0000E+00  1.0000E+00  2.8000E+06  0.0000E+00 -1.0137E-01  0.0000E+00  2.8000E+06  0.0000E+00  0.0000E+00
  1.1600E+02  0.0000E+00  0.0000E+00  3.0000E+00  0.0000E+00  0.0000E+00  2.8000E+06 -1.0137E-01 -1.0137E-01  0.0000E+00  2.8000E+06 -2.8000E+06 -1.0137E-01
  1.1600E+02  4.0000E+00  0.0000E+00  3.0000E+00  9.0000E-01  0.0000E+00  3.8891E+01 -9.9021E-02 -9.9021E-02  9.0000E-01  3.8891E+01 -3.7991E+01 -9.9021E-02
  1.1700E+02  0.0000E+00  2.8000E+05  3.0000E+00  0.0000E+00  1.0000E+00  2.8000E+06  0.0000E+00 -1.0137E-01  0.0000E+00  2.8000E+06  0.0000E+00  0.0000E+00
  1.1700E+02  0.0000E+00  0.0000E+00  3.0000E+00  0.0000E+00  0.0000E+00  2.8000E+06 -1.0137E-01 -1.0137E-01  0.0000E+00  2.8000E+06 -2.8000E+06 -1.0137E-01
  1.1700E+02  4.0000E+00  0.0000E+00  3.0000E+00  3.0000E-01  0.0000E+00  3.8891E+01 -1.0059E-01 -1.0059E-01  3.0000E-01  3.8891E+01 -3.8591E+01 -1.0059E-01
  1.1800E+02  0.0000E+00  2.8000E+05  3.0000E+00  0.0000E+00  1.0000E+00  2.8000E+06  0.0000E+00 -1.0137E-01  0.0000E+00  2.8000E+06  0.0000E+00  0.0000E+00
  1.1800E+02  0.0000E+00  0.0000E+00  3.0000E+00  0.0000E+00  0.0000E+00  2.8000E+06 -1.0137E-01 -1.0137E-01  0.0000E+00  2.8000E+06 -2.8000E+06 -1.0137E-01
  1.1800E+02  6.0000E+00  0.0000E+00  3.0000E+00  9.0000E-01  0.0000E+00  2.1703E+01 -9.7163E-02 -9.7163E-02  9.0000E-01  2.1703E+01 -2.0803E+01 -9.7163E-02
  1.1900E+02  0.0000E+00  2.8000E+05  3.0000E+00  0.0000E+00  1.0000E+00  2.8000E+06  0.0000E+00 -1.0137E-01  0.0000E+00  2.8000E+06  0.0000E+00  0.0000E+00
  1.1900E+02  0.0000E+00  0.0000E+00  3.0000E+00  0.0000E+00  0.0000E+00  2.8000E+06 -1.0137E-01 -1.0137E-01  0.0000E+00  2.8000E+06 -2.8000E+06 -1.0137E-01
  1.1900E+02  6.0000E+00  0.0000E+00  3.0000E+00  3.0000E+00  0.0000E+00  2.1703E+01 -8.7355E-02 -8.7355E-02  3.0000E+00  2.1703E+01 -1.8703E+01 -8.7355E-02
  1.2000E+02  0.0000E+00  2.8000E+05  3.0000E+00  0.0000E+00  1.0000E+00  2.8000E+06  0.0000E+00 -1.0137E-01  0.0000E+00  2.8000E+06  0.0000E+00  0.0000E+00
  1.2000E+02  0.0000E+00  0.0000E+00  3.0000E+00  0.0000E+00  0.0000E+00  2.8000E+06 -1.0137E-01 -1.0137E-01  0.0000E+00  2.8000E+06 -2.8000E+06 -1.0137E-01
  1.2000E+02  6.0000E+00  0.0000E+00  3.0000E+00  3.8000E+00  0.0000E+00  2.1703E+01 -8.3618E-02 -8.3618E-02  3.8000E+00  2.1703E+01 -1.7903E+01 -8.3618E-02
  1.2100E+02  0.0000E+00  2.8000E+05  3.0000E+00  0.0000E+00  1.0000E+00  2.8000E+06  0.0000E+00 -1.0137E-01  0.0000E+00  2.8000E+06  0.0000E+00  0.0000E+00
  1.2100E+02  0.0000E+00  0.0000E+00  3.0000E+00  0.0000E+00  0.0000E+00  2.8000E+06 -1.0137E-01 -1.0137E-01  0.0000E+00  2.8000E+06 -2.8000E+06 -1.0137E-01
  1.2100E+02  8.0000E+00  0.0000E+00  3.0000E+00  8.0000E-01  0.0000E+00  1.2111E+01 -9.4671E-02 -9.4671E-02  8.0000E-01  1.2111E+01 -1.1311E+01 -9.4671E-02
  1.2200E+02  0.0000E+00  2.8000E+05  3.0000E+00  0.0000E+00  1.0000E+00  2.8000E+06  0.0000E+00 -1.0137E-01  0.0000E+00  2.8000E+06  0.0000E+00  0.0000E+00
  1.2200E+02  0.0000E+00  0.0000E+00  3.0000E+00  0.0000E+00  0.0000E+00  2.8000E+06 -1.0137E-01 -1.0137E-01  0.0000E+00  2.8000E+06 -2.8000E+06 -1.0137E-01
  1.2200E+02  8.0000E+00  0.0000E+00  3.0000E+00  1.2000E+00  0.0000E+00  1.2111E+01 -9.1323E-02 -9.1323E-02  1.2000E+00  1.2111E+01 -1.0911E+01 -9.1323E-02
  1.2300E+02  0.0000E+00  2.8000E+05  3.0000E+00  0.0000E+00  1.0000E+00  2.8000E+06  0.0000E+00 -1.0137E-01  0.0000E+00  2.8000E+06  0.0000E+00  0.0000E+00
  1.2300E+02  0.0000E+00  0.0000E+00  3.0000E+00  0.0000E+00  0.0000E+00  2.8000E+06 -1.0137E-01 -1.0137E-01  0.0000E+00  2.8000E+06 -2.8000E+06 -1.0137E-01
  1.2300E+02  8.0000E+00  0.0000E+00  3.0000E+00  9.0000E-01  0.0000E+00  1.2111E+01 -9.3834E-02 -9.3834E-02  9.0000E-01  1.2111E+01 -1.1211E+01 -9.3834E-02
  1.2400E+02  0.0000E+00  2.8000E+05  3.0000E+00  0.0000E+00  1.0000E+00  2.8000E+06  0.0000E+00 -1.0137E-01  0.0000E+00  2.8000E+06  0.0000E+00  0.0000E+00
  1.2400E+02  0.0000E+00  0.0000E+00  3.0000E+00  0.0000E+00  0.0000E+00  2.8000E+06 -1.0137E-01 -1.0137E-01  0.0000E+00  2.8000E+06 -2.8000E+06 -1.0137E-01
  1.2400E+02  1.2000E+01  0.0000E+00  3.0000E+00  2.8000E+00  0.0000E+00  3.7715E+00 -2.6111E-02 -2.6111E-02  2.8000E+00  3.7715E+00 -9.7151E-01 -2.6111E-02
  1.2500E+02  0.0000E+00  2.8000E+05  3.0000E+00  0.0000E+00  1.0000E+00  2.8000E+06  0.0000E+00 -1.0137E-01  0.0000E+00  2.8000E+06  0.0000E+00  0.0000E+00
  1.2500E+02  0.0000E+00  0.0000E+00  3.0000E+00  0.0000E+00  0.0000E+00  2.8000E+06 -1.0137E-01 -1.0137E-01  0.0000E+00  2.8000E+06 -2.8000E+06 -1.0137E-01
  1.2500E+02  1.2000E+01  0.0000E+00  3.0000E+00  5.6200E+01  0.0000E+00  3.7715E+00  1.4091E+00  1.4091E+00  5.6200E+01  3.7715E+00  5.2428E+01  1.4091E+00
  1.2600E+02  0.0000E+00  2.8000E+05  3.0000E+00  0.0000E+00  1.0000E+00  2.8000E+06  0.0000E+00 -1.0137E-01  0.0000E+00  2.8000E+06  0.0000E+00  0.0000E+00
  1.2600E+02  0.0000E+00  0.0000E+00  3.0000E+00  0.0000E+00  0.0000E+00  2.8000E+06 -1.0137E-01 -1.0137E-01  0.0000E+00  2.8000E+06 -2.8000E+06 -1.0137E-01
  1.2600E+02  1.2000E+01  0.0000E+00  3.0000E+00  8.0000E-01  0.0000E+00  3.7715E+00 -7.9865E-02 -7.9865E-02  8.0000E-01  3.7715E+00 -2.9715E+00 -7.9865E-02
  1.2700E+02  0.0000E+00  2.8000E+05  3.0000E+00  0.0000E+00  1.0000E+00  2.8000E+06  0.0000E+00 -1.0137E-01  0.0000E+00  2.8000E+06  0.0000E+00  0.0000E+00
  1.2700E+02  0.0000E+00  0.0000E+00  3.0000E+00  0.0000E+00  0.0000E+00  2.8000E+06 -1.0137E-01 -1.0137E-01  0.0000E+00  2.8000E+06 -2.8000E+06 -1.0137E-01
  1.2700E+02  2.4000E+01  0.0000E+00  3.0000E+00  3.9000E+00  0.0000E+00  1.1390E-01  3.3696E+00  3.3696E+00  3.9000E+00  1.1390E-01  3.7861E+00  3.3696E+00
  1.2800E+02  0.0000E+00  2.8000E+05  3.0000E+00  0.0000E+00  1.0000E+00  2.8000E+06  0.0000E+00 -1.0137E-01  0.0000E+00  2.8000E+06  0.0000E+00  0.0000E+00
  1.2800E+02  0.0000E+00  0.0000E+00  3.0000E+00  0.0000E+00  0.0000E+00  2.8000E+06 -1.0137E-01 -1.0137E-01  0.0000E+00  2.8000E+06 -2.8000E+06 -1.0137E-01
  1.2800E+02  2.4000E+01  0.0000E+00  3.0000E+00  4.0000E-01  0.0000E+00  1.1390E-01  2.5463E-01  2.5463E-01  4.0000E-01  1.1390E-01  2.8610E-01  2.5463E-01
  1.2900E+02  0.0000E+00  2.8000E+05  3.0000E+00  0.0000E+00  1.0000E+00  2.8000E+06  0.0000E+00 -1.0137E-01  0.0000E+00  2.8000E+06  0.0000E+00  0.0000E+00
  1.2900E+02  0.0000E+00  0.0000E+00  3.0000E+00  0.0000E+00  0.0000E+00  2.8000E+06 -1.0137E-01 -1.0137E-01  0.0000E+00  2.8000E+06 -2.8000E+06 -1.0137E-01
  1.2900E+02  2.4000E+01  0.0000E+00  3.0000E+00  1.4000E+00  0.0000E+00  1.1390E-01  1.1446E+00  1.1446E+00  1.4000E+00  1.1390E-01  1.2861E+00  1.1446E+00
  1.3000E+02  0.0000E+00  7.0000E+05  3.0000E+00  0.0000E+00  1.0000E+00  7.0000E+06  0.0000E+00 -1.0137E-01  0.0000E+00  7.0000E+06  0.0000E+00  0.0000E+00
  1.3000E+02  0.0000E+00  0.0000E+00  3.0000E+00  0.0000E+00  0.0000E+00  7.0000E+06 -1.0137E-01 -1.0137E-01  0.0000E+00  7.0000E+06 -7.0000E+06 -1.0137E-01
  1.3000E+02  0.0000E+00  0.0000E+00  3.0000E+00  0.0000E+00  0.0000E+00  7.0000E+06 -1.0137E-01 -1.0137E-01  0.0000E+00  7.0000E+06 -7.0000E+06 -1.0137E-01
  1.3100E+02  0.0000E+00  7.0000E+05  3.0000E+00  0.0000E+00  1.0000E+00  7.0000E+06  0.0000E+00 -1.0137E-01  0.0000E+00  7.0000E+06  0.0000E+00  0.0000E+00
  1.3100E+02  0.0000E+00  0.0000E+00  3.0000E+00  0.0000E+00  0.0000E+00  7.0000E+06 -1.0137E-01 -1.0137E-01  0.0000E+00  7.0000E+06 -7.0000E+06 -1.0137E-01
  1.3100E+02  0.0000E+00  0.0000E+00  3.0000E+00  0.0000E+00  0.0000E+00  7.0000E+06 -1.0137E-01 -1.0137E-01  0.0000E+00  7.0000E+06 -7.0000E+06 -1.0137E-01
  1.3200E+02  0.0000E+00  7.0000E+05  3.0000E+00  0.0000E+00  1.0000E+00  7.0000E+06  0.0000E+00 -1.0137E-01  0.0000E+00  7.0000E+06  0.0000E+00  0.0000E+00
  1.3200E+02  0.0000E+00  0.0000E+00  3.0000E+00  0.0000E+00  0.0000E+00  7.0000E+06 -1.0137E-01 -1.0137E-01  0.0000E+00  7.0000E+06 -7.0000E+06 -1.0137E-01
  1.3200E+02  0.0000E+00  0.0000E+00  3.0000E+00  0.0000E+00  0.0000E+00  7.0000E+06 -1.0137E-01 -1.0137E-01  0.0000E+00  7.0000E+06 -7.0000E+06 -1.0137E-01
  1.3300E+02  0.0000E+00  7.0000E+05  3.0000E+00  0.0000E+00  1.0000E+00  7.0000E+06  0.0000E+00 -1.0137E-01  0.0000E+00  7.0000E+06  0.0000E+00  0.0000E+00
  1.3300E+02  0.0000E+00  0.0000E+00  3.0000E+00  0.0000E+00  0.0000E+00  7.0000E+06 -1.0137E-01 -1.0137E-01  0.0000E+00  7.0000E+06 -7.0000E+06 -1.0137E-01
  1.3300E+02  2.5000E-01  0.0000E+00  3.0000E+00  7.9800E+01  0.0000E+00  2.9026E+02 -7.3499E-02 -7.3499E-02  7.9800E+01  2.9026E+02 -2.1046E+02 -7.3499E-02
  1.3400E+02  0.0000E+00  7.0000E+05  3.0000E+00  0.0000E+00  1.0000E+00  7.0000E+06  0.0000E+00 -1.0137E-01  0.0000E+00  7.0000E+06  0.0000E+00  0.0000E+00
  1.3400E+02  0.0000E+00  0.0000E+00  3.0000E+00  0.0000E+00  0.0000E+00  7.0000E+06 -1.0137E-01 -1.0137E-01  0.0000E+00  7.0000E+06 -7.0000E+06 -1.0137E-01
  1.3400E+02  2.5000E-01  0.0000E+00  3.0000E+00  6.8500E+01  0.0000E+00  2.9026E+02 -7.7445E-02 -7.7445E-02  6.8500E+01  2.9026E+02 -2.2176E+02 -7.7445E-02
  1.3500E+02  0.0000E+00  7.0000E+05  3.0000E+00  0.0000E+00  1.0000E+00  7.0000E+06  0.0000E+00 -1.0137E-01  0.0000E+00  7.0000E+06  0.0000E+00  0.0000E+00
  1.3500E+02  0.0000E+00  0.0000E+00  3.0000E+00  0.0000E+00  0.0000E+00  7.0000E+06 -1.0137E-01 -1.0137E-01  0.0000E+00  7.0000E+06 -7.0000E+06 -1.0137E-01
  1.3500E+02  2.5000E-01  0.0000E+00  3.0000E+00  6.8200E+01  0.0000E+00  2.9026E+02 -7.7550E-02 -7.7550E-02  6.8200E+01  2.9026E+02 -2.2206E+02 -7.7550E-02
  1.3600E+02  0.0000E+00  7.0000E+05  3.0000E+00  0.0000E+00  1.0000E+00  7.0000E+06  0.0000E+00 -1.0137E-01  0.0000E+00  7.0000E+06  0.0000E+00  0.0000E+00
  1.3600E+02  0.0000E+00  0.0000E+00  3.0000E+00  0.0000E+00  0.0000E+00  7.0000E+06 -1.0137E-01 -1.0137E-01  0.0000E+00  7.0000E+06 -7.0000E+06 -1.0137E-01
  1.3600E+02  5.0000E-01  0.0000E+00  3.0000E+00  5.1000E+01  0.0000E+00  2.6985E+02 -8.2209E-02 -8.2209E-02  5.1000E+01  2.6985E+02 -2.1885E+02 -8.2209E-02
  1.3700E+02  0.0000E+00  7.0000E+05  3.0000E+00  0.0000E+00  1.0000E+00  7.0000E+06  0.0000E+00 -1.0137E-01  0.0000E+00  7.0000E+06  0.0000E+00  0.0000E+00
  1.3700E+02  0.0000E+00  0.0000E+00  3.0000E+00  0.0000E+00  0.0000E+00  7.0000E+06 -1.0137E-01 -1.0137E-01  0.0000E+00  7.0000E+06 -7.0000E+06 -1.0137E-01
  1.3700E+02  5.0000E-01  0.0000E+00  3.0000E+00  3.3700E+01  0.0000E+00  2.6985E+02 -8.8708E-02 -8.8708E-02  3.3700E+01  2.6985E+02 -2.3615E+02 -8.8708E-02
  1.3800E+02  0.0000E+00  7.0000E+05  3.0000E+00  0.0000E+00  1.0000E+00  7.0000E+06  0.0000E+00 -1.0137E-01  0.0000E+00  7.0000E+06  0.0000E+00  0.0000E+00
  1.3800E+02  0.0000E+00  0.0000E+00  3.0000E+00  0.0000E+00  0.0000E+00  7.0000E+06 -1.0137E-01 -1.0137E-01  0.0000E+00  7.0000E+06 -7.0000E+06 -1.0137E-01
  1.3800E+02  5.0000E-01  0.0000E+00  3.0000E+00  4.6000E+00  0.0000E+00  2.6985E+02 -9.9639E-02 -9.9639E-02  4.6000E+00  2.6985E+02 -2.6525E+02 -9.9639E-02
  1.3900E+02  0.0000E+00  7.0000E+05  3.0000E+00  0.0000E+00  1.0000E+00  7.0000E+06  0.0000E+00 -1.0137E-01  0.0000E+00  7.0000E+06  0.0000E+00  0.0000E+00
  1.3900E+02  0.0000E+00  0.0000E+00  3.0000E+00  0.0000E+00  0.0000E+00  7.0000E+06 -1.0137E-01 -1.0137E-01  0.0000E+00  7.0000E+06 -7.0000E+06 -1.0137E-01
  1.3900E+02  1.0000E+00  0.0000E+00  3.0000E+00  1.1480E+02  0.0000E+00  2.3323E+02 -5.1473E-02 -5.1473E-02  1.1480E+02  2.3323E+02 -1.1843E+02 -5.1473E-02
  1.4000E+02  0.0000E+00  7.0000E+05  3.0000E+00  0.0000E+00  1.0000E+00  7.0000E+06  0.0000E+00 -1.0137E-01  0.0000E+00  7.0000E+06  0.0000E+00  0.0000E+00
  1.4000E+02  0.0000E+00  0.0000E+00  3.0000E+00  0.0000E+00  0.0000E+00  7.0000E+06 -1.0137E-01 -1.0137E-01  0.0000E+00  7.0000E+06 -7.0000E+06 -1.0137E-01
  1.4000E+02  1.0000E+00  0.0000E+00  3.0000E+00  1.7800E+01  0.0000E+00  2.3323E+02 -9.3631E-02 -9.3631E-02  1.7800E+01  2.3323E+02 -2.1543E+02 -9.3631E-02
  1.4100E+02  0.0000E+00  7.0000E+05  3.0000E+00  0.0000E+00  1.0000E+00  7.0000E+06  0.0000E+00 -1.0137E-01  0.0000E+00  7.0000E+06  0.0000E+00  0.0000E+00
  1.4100E+02  0.0000E+00  0.0000E+00  3.0000E+00  0.0000E+00  0.0000E+00  7.0000E+06 -1.0137E-01 -1.0137E-01  0.0000E+00  7.0000E+06 -7.0000E+06 -1.0137E-01
  1.4100E+02  1.0000E+00  0.0000E+00  3.0000E+00  3.2700E+01  0.0000E+00  2.3323E+02 -8.7155E-02 -8.7155E-02  3.2700E+01  2.3323E+02 -2.0053E+02 -8.7155E-02
  1.4200E+02  0.0000E+00  7.0000E+05  3.0000E+00  0.0000E+00  1.0000E+00  7.0000E+06  0.0000E+00 -1.0137E-01  0.0000E+00  7.0000E+06  0.0000E+00  0.0000E+00
  1.4200E+02  0.0000E+00  0.0000E+00  3.0000E+00  0.0000E+00  0.0000E+00  7.0000E+06 -1.0137E-01 -1.0137E-01  0.0000E+00  7.0000E+06 -7.0000E+06 -1.0137E-01
  1.4200E+02  2.0000E+00  0.0000E+00  3.0000E+00  3.6000E+00  0.0000E+00  1.7423E+02 -9.9273E-02 -9.9273E-02  3.6000E+00  1.7423E+02 -1.7063E+02 -9.9273E-02
  1.4300E+02  0.0000E+00  7.0000E+05  3.0000E+00  0.0000E+00  1.0000E+00  7.0000E+06  0.0000E+00 -1.0137E-01  0.0000E+00  7.0000E+06  0.0000E+00  0.0000E+00
  1.4300E+02  0.0000E+00  0.0000E+00  3.0000E+00  0.0000E+00  0.0000E+00  7.0000E+06 -1.0137E-01 -1.0137E-01  0.0000E+00  7.0000E+06 -7.0000E+06 -1.0137E-01
  1.4300E+02  2.0000E+00  0.0000E+00  3.0000E+00  7.2600E+01  0.0000E+00  1.7423E+02 -5.9128E-02 -5.9128E-02  7.2600E+01  1.7423E+02 -1.0163E+02 -5.9128E-02
  1.4400E+02  0.0000E+00  7.0000E+05  3.0000E+00  0.0000E+00  1.0000E+00  7.0000E+06  0.0000E+00 -1.0137E-01  0.0000E+00  7.0000E+06  0.0000E+00  0.0000E+00
  1.4400E+02  0.0000E+00  0.0000E+00  3.0000E+00  0.0000E+00  0.0000E+00  7.0000E+06 -1.0137E-01 -1.0137E-01  0.0000E+00  7.0000E+06 -7.0000E+06 -1.0137E-01
  1.4400E+02  2.0000E+00  0.0000E+00  3.0000E+00  2.2000E+00  0.0000E+00  1.7423E+02 -1.0009E-01 -1.0009E-01  2.2000E+00  1.7423E+02 -1.7203E+02 -1.0009E-01
  1.4500E+02  0.0000E+00  7.0000E+05  3.0000E+00  0.0000E+00  1.0000E+00  7.0000E+06  0.0000E+00 -1.0137E-01  0.0000E+00  7.0000E+06  0.0000E+00  0.0000E+00
  1.4500E+02  0.0000E+00  0.0000E+00  3.0000E+00  0.0000E+00  0.0000E+00  7.0000E+06 -1.0137E-01 -1.0137E-01  0.0000E+00  7.0000E+06 -7.0000E+06 -1.0137E-01
  1.4500E+02  4.0000E+00  0.0000E+00  3.0000E+00  2.5000E+00  0.0000E+00  9.7228E+01 -9.8761E-02 -9.8761E-02  2.5000E+00  9.7228E+01 -9.4728E+01 -9.8761E-02
  1.4600E+02  0.0000E+00  7.0000E+05  3.0000E+00  0.0000E+00  1.0000E+00  7.0000E+06  0.0000E+00 -1.0137E-01  0.0000E+00  7.0000E+06  0.0000E+00  0.0000E+00
  1.4600E+02  0.0000E+00  0.0000E+00  3.0000E+00  0.0000E+00  0.0000E+00  7.0000E+06 -1.0137E-01 -1.0137E-01  0.0000E+00  7.0000E+06 -7.0000E+06 -1.0137E-01
  1.4600E+02  4.0000E+00  0.0000E+00  3.0000E+00  1.4400E+01  0.0000E+00  9.7228E+01 -8.6354E-02 -8.6354E-02  1.4400E+01  9.7228E+01 -8.2828E+01 -8.6354E-02
  1.4700E+02  0.0000E+00  7.0000E+05  3.0000E+00  0.0000E+00  1.0000E+00  7.0000E+06  0.0000E+00 -1.0137E-01  0.0000E+00  7.0000E+06  0.0000E+00  0.0000E+00
  1.4700E+02  0.0000E+00  0.0000E+00  3.0000E+00  0.0000E+00  0.0000E+00  7.0000E+06 -1.0137E-01 -1.0137E-01  0.0000E+00  7.0000E+06 -7.0000E+06 -1.0137E-01
  1.4700E+02  4.0000E+00  0.0000E+00  3.0000E+00  2.3000E+00  0.0000E+00  9.7228E+01 -9.8969E-02 -9.8969E-02  2.3000E+00  9.7228E+01 -9.4928E+01 -9.8969E-02
  1.4800E+02  0.0000E+00  7.0000E+05  3.0000E+00  0.0000E+00  1.0000E+00  7.0000E+06  0.0000E+00 -1.0137E-01  0.0000E+00  7.0000E+06  0.0000E+00  0.0000E+00
  1.4800E+02  0.0000E+00  0.0000E+00  3.0000E+00  0.0000E+00  0.0000E+00  7.0000E+06 -1.0137E-01 -1.0137E-01  0.0000E+00  7.0000E+06 -7.0000E+06 -1.0137E-01
  1.4800E+02  6.0000E+00  0.0000E+00  3.0000E+00  1.1000E+00  0.0000E+00  5.4257E+01 -9.9312E-02 -9.9312E-02  1.1000E+00  5.4257E+01 -5.3157E+01 -9.9312E-02
  1.4900E+02  0.0000E+00  7.0000E+05  3.0000E+00  0.0000E+00  1.0000E+00  7.0000E+06  0.0000E+00 -1.0137E-01  0.0000E+00  7.0000E+06  0.0000E+00  0.0000E+00
  1.4900E+02  0.0000E+00  0.0000E+00  3.0000E+00  0.0000E+00  0.0000E+00  7.0000E+06 -1.0137E-01 -1.0137E-01  0.0000E+00  7.0000E+06 -7.0000E+06 -1.0137E-01
  1.4900E+02  6.0000E+00  0.0000E+00  3.0000E+00  4.8000E+00  0.0000E+00  5.4257E+01 -9.2399E-02 -9.2399E-02  4.8000E+00  5.4257E+01 -4.9457E+01 -9.2399E-02
  1.5000E+02  0.0000E+00  7.0000E+05  3.0000E+00  0.0000E+00  1.0000E+00  7.0000E+06  0.0000E+00 -1.0137E-01  0.0000E+00  7.0000E+06  0.0000E+00  0.0000E+00
  1.5000E+02  0.0000E+00  0.0000E+00  3.0000E+00  0.0000E+00  0.0000E+00  7.0000E+06 -1.0137E-01 -1.0137E-01  0.0000E+00  7.0000E+06 -7.0000E+06 -1.0137E-01
  1.5000E+02  6.0000E+00  0.0000E+00  3.0000E+00  5.9000E+00  0.0000E+00  5.4257E+01 -9.0344E-02 -9.0344E-02  5.9000E+00  5.4257E+01 -4.8357E+01 -9.0344E-02
  1.5100E+02  0.0000E+00  7.0000E+05  3.0000E+00  0.0000E+00  1.0000E+00  7.0000E+06  0.0000E+00 -1.0137E-01  0.0000E+00  7.0000E+06  0.0000E+00  0.0000E+00
  1.5100E+02  0.0000E+00  0.0000E+00  3.0000E+00  0.0000E+00  0.0000E+00  7.0000E+06 -1.0137E-01 -1.0137E-01  0.0000E+00  7.0000E+06 -7.0000E+06 -1.0137E-01
  1.5100E+02  8.0000E+00  0.0000E+00  3.0000E+00  7.0000E-01  0.0000E+00  3.0278E+01 -9.9023E-02 -9.9023E-02  7.0000E-01  3.0278E+01 -2.9578E+01 -9.9023E-02
  1.5200E+02  0.0000E+00  7.0000E+05  3.0000E+00  0.0000E+00  1.0000E+00  7.0000E+06  0.0000E+00 -1.0137E-01  0.0000E+00  7.0000E+06  0.0000E+00  0.0000E+00
  1.5200E+02  0.0000E+00  0.0000E+00  3.0000E+00  0.0000E+00  0.0000E+00  7.0000E+06 -1.0137E-01 -1.0137E-01  0.0000E+00  7.0000E+06 -7.0000E+06 -1.0137E-01
  1.5200E+02  8.0000E+00  0.0000E+00  3.0000E+00  7.0000E-01  0.0000E+00  3.0278E+01 -9.9023E-02 -9.9023E-02  7.0000E-01  3.0278E+01 -2.9578E+01 -9.9023E-02
  1.5300E+02  0.0000E+00  7.0000E+05  3.0000E+00  0.0000E+00  1.0000E+00  7.0000E+06  0.0000E+00 -1.0137E-01  0.0000E+00  7.0000E+06  0.0000E+00  0.0000E+00
  1.5300E+02  0.0000E+00  0.0000E+00  3.0000E+00  0.0000E+00  0.0000E+00  7.0000E+06 -1.0137E-01 -1.0137E-01  0.0000E+00  7.0000E+06 -7.0000E+06 -1.0137E-01
  1.5300E+02  8.0000E+00  0.0000E+00  3.0000E+00  1.3000E+00  0.0000E+00  3.0278E+01 -9.7015E-02 -9.7015E-02  1.3000E+00  3.0278E+01 -2.8978E+01 -9.7015E-02
  1.5400E+02  0.0000E+00  7.0000E+05  3.0000E+00  0.0000E+00  1.0000E+00  7.0000E+06  0.0000E+00 -1.0137E-01  0.0000E+00  7.0000E+06  0.0000E+00  0.0000E+00
  1.5400E+02  0.0000E+00  0.0000E+00  3.0000E+00  0.0000E+00  0.0000E+00  7.0000E+06 -1.0137E-01 -1.0137E-01  0.0000E+00  7.0000E+06 -7.0000E+06 -1.0137E-01
  1.5400E+02  1.2000E+01  0.0000E+00  3.0000E+00  3.0000E-01  0.0000E+00  9.4288E+00 -9.8142E-02 -9.8142E-02  3.0000E-01  9.4288E+00 -9.1288E+00 -9.8142E-02
  1.5500E+02  0.0000E+00  7.0000E+05  3.0000E+00  0.0000E+00  1.0000E+00  7.0000E+06  0.0000E+00 -1.0137E-01  0.0000E+00  7.0000E+06  0.0000E+00  0.0000E+00
  1.5500E+02  0.0000E+00  0.0000E+00  3.0000E+00  0.0000E+00  0.0000E+00  7.0000E+06 -1.0137E-01 -1.0137E-01  0.0000E+00  7.0000E+06 -7.0000E+06 -1.0137E-01
  1.5500E+02  1.2000E+01  0.0000E+00  3.0000E+00  9.9000E+00  0.0000E+00  9.4288E+00  5.0662E-03  5.0662E-03  9.9000E+00  9.4288E+00  4.7123E-01  5.0662E-03
  1.5600E+02  0.0000E+00  7.0000E+05  3.0000E+00  0.0000E+00  1.0000E+00  7.0000E+06  0.0000E+00 -1.0137E-01  0.0000E+00  7.0000E+06  0.0000E+00  0.0000E+00
  1.5600E+02  0.0000E+00  0.0000E+00  3.0000E+00  0.0000E+00  0.0000E+00  7.0000E+06 -1.0137E-01 -1.0137E-01  0.0000E+00  7.0000E+06 -7.0000E+06 -1.0137E-01
  1.5600E+02  1.2000E+01  0.0000E+00  3.0000E+00  2.0190E+02  0.0000E+00  9.4288E+00  2.0692E+00  2.0692E+00  2.0190E+02  9.4288E+00  1.9247E+02  2.0692E+00
  1.5700E+02  0.0000E+00  7.0000E+05  3.0000E+00  0.0000E+00  1.0000E+00  7.0000E+06  0.0000E+00 -1.0137E-01  0.0000E+00  7.0000E+06  0.0000E+00  0.0000E+00
  1.5700E+02  0.0000E+00  0.0000E+00  3.0000E+00  0.0000E+00  0.0000E+00  7.0000E+06 -1.0137E-01 -1.0137E-01  0.0000E+00  7.0000E+06 -7.0000E+06 -1.0137E-01
  1.5700E+02  2.4000E+01  0.0000E+00  3.0000E+00  1.5000E+00  0.0000E+00  2.8474E-01  4.3263E-01  4.3263E-01  1.5000E+00  2.8474E-01  1.2153E+00  4.3263E-01
  1.5800E+02  0.0000E+00  7.0000E+05  3.0000E+00  0.0000E+00  1.0000E+00  7.0000E+06  0.0000E+00 -1.0137E-01  0.0000E+00  7.0000E+06  0.0000E+00  0.0000E+00
  1.5800E+02  0.0000E+00  0.0000E+00  3.0000E+00  0.0000E+00  0.0000E+00  7.0000E+06 -1.0137E-01 -1.0137E-01  0.0000E+00  7.0000E+06 -7.0000E+06 -1.0137E-01
  1.5800E+02  2.4000E+01  0.0000E+00  3.0000E+00  8.0000E-01  0.0000E+00  2.8474E-01  1.8343E-01  1.8343E-01  8.0000E-01  2.8474E-01  5.1526E-01  1.8343E-01
  1.5900E+02  0.0000E+00  7.0000E+05  3.0000E+00  0.0000E+00  1.0000E+00  7.0000E+06  0.0000E+00 -1.0137E-01  0.0000E+00  7.0000E+06  0.0000E+00  0.0000E+00
  1.5900E+02  0.0000E+00  0.0000E+00  3.0000E+00  0.0000E+00  0.0000E+00  7.0000E+06 -1.0137E-01 -1.0137E-01  0.0000E+00  7.0000E+06 -7.0000E+06 -1.0137E-01
  1.5900E+02  2.4000E+01  0.0000E+00  3.0000E+00  1.7000E+00  0.0000E+00  2.8474E-01  5.0383E-01  5.0383E-01  1.7000E+00  2.8474E-01  1.4153E+00  5.0383E-01
