TABLE NO.  2
 ID          CL          V2          V3          Q           KA          F1          FF          FA          D2          ALAG2       DOSE
  1.0000E+00  4.7189E+00  6.3136E+00  1.3435E+00  2.4101E-01  3.4862E-01  5.4626E-03  1.1306E-02  4.8316E-01  7.6715E+00  4.0003E+00  1.2500E+01
  1.0000E+00  4.7189E+00  6.3136E+00  1.3435E+00  2.4101E-01  3.4862E-01  5.4626E-03  1.1306E-02  4.8316E-01  7.6715E+00  4.0003E+00  1.2500E+01
  1.0000E+00  4.7189E+00  6.3136E+00  1.3435E+00  2.4101E-01  3.4862E-01  5.4626E-03  1.1306E-02  4.8316E-01  7.6715E+00  4.0003E+00  1.2500E+01
  1.0000E+00  4.7189E+00  6.3136E+00  1.3435E+00  2.4101E-01  3.4862E-01  5.4626E-03  1.1306E-02  4.8316E-01  7.6715E+00  4.0003E+00  1.2500E+01
  1.0000E+00  4.7189E+00  6.3136E+00  1.3435E+00  2.4101E-01  3.4862E-01  5.4626E-03  1.1306E-02  4.8316E-01  7.6715E+00  4.0003E+00  1.2500E+01
  1.0000E+00  4.7189E+00  6.3136E+00  1.3435E+00  2.4101E-01  3.4862E-01  5.4626E-03  1.1306E-02  4.8316E-01  7.6715E+00  4.0003E+00  1.2500E+01
  1.0000E+00  4.7189E+00  6.3136E+00  1.3435E+00  2.4101E-01  3.4862E-01  5.4626E-03  1.1306E-02  4.8316E-01  7.6715E+00  4.0003E+00  1.2500E+01
  1.0000E+00  4.7189E+00  6.3136E+00  1.3435E+00  2.4101E-01  3.4862E-01  5.4626E-03  1.1306E-02  4.8316E-01  7.6715E+00  4.0003E+00  1.2500E+01
  1.0000E+00  4.7189E+00  6.3136E+00  1.3435E+00  2.4101E-01  3.4862E-01  5.4626E-03  1.1306E-02  4.8316E-01  7.6715E+00  4.0003E+00  1.2500E+01
  1.0000E+00  4.7189E+00  6.3136E+00  1.3435E+00  2.4101E-01  3.4862E-01  5.4626E-03  1.1306E-02  4.8316E-01  7.6715E+00  4.0003E+00  1.2500E+01
  1.0000E+00  4.7189E+00  6.3136E+00  1.3435E+00  2.4101E-01  3.4862E-01  5.4626E-03  1.1306E-02  4.8316E-01  7.6715E+00  4.0003E+00  1.2500E+01
  1.0000E+00  4.7189E+00  6.3136E+00  1.3435E+00  2.4101E-01  3.4862E-01  5.4626E-03  1.1306E-02  4.8316E-01  7.6715E+00  4.0003E+00  1.2500E+01
  1.0000E+00  4.7189E+00  6.3136E+00  1.3435E+00  2.4101E-01  3.4862E-01  5.4626E-03  1.1306E-02  4.8316E-01  7.6715E+00  4.0003E+00  1.2500E+01
  3.0000E+00  4.7189E+00  3.0741E+00  1.3435E+00  2.4101E-01  3.4862E-01  1.0000E+00  2.3038E-02  4.8316E-01  7.6715E+00  0.0000E+00  2.5000E+00
  3.0000E+00  4.7189E+00  3.0741E+00  1.3435E+00  2.4101E-01  3.4862E-01  1.0000E+00  2.3038E-02  4.8316E-01  7.6715E+00  0.0000E+00  2.5000E+00
  3.0000E+00  4.7189E+00  3.0741E+00  1.3435E+00  2.4101E-01  3.4862E-01  1.0000E+00  2.3038E-02  4.8316E-01  7.6715E+00  0.0000E+00  2.5000E+00
  3.0000E+00  4.7189E+00  3.0741E+00  1.3435E+00  2.4101E-01  3.4862E-01  1.0000E+00  2.3038E-02  4.8316E-01  7.6715E+00  0.0000E+00  2.5000E+00
  3.0000E+00  4.7189E+00  3.0741E+00  1.3435E+00  2.4101E-01  3.4862E-01  1.0000E+00  2.3038E-02  4.8316E-01  7.6715E+00  0.0000E+00  2.5000E+00
  3.0000E+00  4.7189E+00  3.0741E+00  1.3435E+00  2.4101E-01  3.4862E-01  1.0000E+00  2.3038E-02  4.8316E-01  7.6715E+00  0.0000E+00  2.5000E+00
  3.0000E+00  4.7189E+00  3.0741E+00  1.3435E+00  2.4101E-01  3.4862E-01  1.0000E+00  2.3038E-02  4.8316E-01  7.6715E+00  0.0000E+00  2.5000E+00
  3.0000E+00  4.7189E+00  3.0741E+00  1.3435E+00  2.4101E-01  3.4862E-01  1.0000E+00  2.3038E-02  4.8316E-01  7.6715E+00  0.0000E+00  2.5000E+00
  3.0000E+00  4.7189E+00  3.0741E+00  1.3435E+00  2.4101E-01  3.4862E-01  1.0000E+00  2.3038E-02  4.8316E-01  7.6715E+00  0.0000E+00  2.5000E+00
  3.0000E+00  4.7189E+00  3.0741E+00  1.3435E+00  2.4101E-01  3.4862E-01  1.0000E+00  2.3038E-02  4.8316E-01  7.6715E+00  0.0000E+00  2.5000E+00
  3.0000E+00  4.7189E+00  3.0741E+00  1.3435E+00  2.4101E-01  3.4862E-01  1.0000E+00  2.3038E-02  4.8316E-01  7.6715E+00  0.0000E+00  2.5000E+00
  3.0000E+00  4.7189E+00  3.0741E+00  1.3435E+00  2.4101E-01  3.4862E-01  1.0000E+00  2.3038E-02  4.8316E-01  7.6715E+00  0.0000E+00  2.5000E+00
  4.0000E+00  4.7189E+00  2.5608E+00  1.3435E+00  2.4101E-01  3.4862E-01  1.0000E+00  2.3038E-02  4.8316E-01  7.6715E+00  0.0000E+00  2.5000E+00
  4.0000E+00  4.7189E+00  2.5608E+00  1.3435E+00  2.4101E-01  3.4862E-01  1.0000E+00  2.3038E-02  4.8316E-01  7.6715E+00  0.0000E+00  2.5000E+00
  4.0000E+00  4.7189E+00  2.5608E+00  1.3435E+00  2.4101E-01  3.4862E-01  1.0000E+00  2.3038E-02  4.8316E-01  7.6715E+00  0.0000E+00  2.5000E+00
  4.0000E+00  4.7189E+00  2.5608E+00  1.3435E+00  2.4101E-01  3.4862E-01  1.0000E+00  2.3038E-02  4.8316E-01  7.6715E+00  0.0000E+00  2.5000E+00
  4.0000E+00  4.7189E+00  2.5608E+00  1.3435E+00  2.4101E-01  3.4862E-01  1.0000E+00  2.3038E-02  4.8316E-01  7.6715E+00  0.0000E+00  2.5000E+00
  4.0000E+00  4.7189E+00  2.5608E+00  1.3435E+00  2.4101E-01  3.4862E-01  1.0000E+00  2.3038E-02  4.8316E-01  7.6715E+00  0.0000E+00  2.5000E+00
  4.0000E+00  4.7189E+00  2.5608E+00  1.3435E+00  2.4101E-01  3.4862E-01  1.0000E+00  2.3038E-02  4.8316E-01  7.6715E+00  0.0000E+00  2.5000E+00
  4.0000E+00  4.7189E+00  2.5608E+00  1.3435E+00  2.4101E-01  3.4862E-01  1.0000E+00  2.3038E-02  4.8316E-01  7.6715E+00  0.0000E+00  2.5000E+00
  4.0000E+00  4.7189E+00  2.5608E+00  1.3435E+00  2.4101E-01  3.4862E-01  1.0000E+00  2.3038E-02  4.8316E-01  7.6715E+00  0.0000E+00  2.5000E+00
  4.0000E+00  4.7189E+00  2.5608E+00  1.3435E+00  2.4101E-01  3.4862E-01  1.0000E+00  2.3038E-02  4.8316E-01  7.6715E+00  0.0000E+00  2.5000E+00
  4.0000E+00  4.7189E+00  2.5608E+00  1.3435E+00  2.4101E-01  3.4862E-01  1.0000E+00  2.3038E-02  4.8316E-01  7.6715E+00  0.0000E+00  2.5000E+00
  4.0000E+00  4.7189E+00  2.5608E+00  1.3435E+00  2.4101E-01  3.4862E-01  1.0000E+00  2.3038E-02  4.8316E-01  7.6715E+00  0.0000E+00  2.5000E+00
  5.0000E+00  4.7189E+00  2.6418E+00  1.3435E+00  2.4101E-01  3.4862E-01  1.0000E+00  2.3038E-02  4.8316E-01  7.6715E+00  0.0000E+00  2.5000E+00
  5.0000E+00  4.7189E+00  2.6418E+00  1.3435E+00  2.4101E-01  3.4862E-01  1.0000E+00  2.3038E-02  4.8316E-01  7.6715E+00  0.0000E+00  2.5000E+00
  5.0000E+00  4.7189E+00  2.6418E+00  1.3435E+00  2.4101E-01  3.4862E-01  1.0000E+00  2.3038E-02  4.8316E-01  7.6715E+00  0.0000E+00  2.5000E+00
  5.0000E+00  4.7189E+00  2.6418E+00  1.3435E+00  2.4101E-01  3.4862E-01  1.0000E+00  2.3038E-02  4.8316E-01  7.6715E+00  0.0000E+00  2.5000E+00
  5.0000E+00  4.7189E+00  2.6418E+00  1.3435E+00  2.4101E-01  3.4862E-01  1.0000E+00  2.3038E-02  4.8316E-01  7.6715E+00  0.0000E+00  2.5000E+00
  5.0000E+00  4.7189E+00  2.6418E+00  1.3435E+00  2.4101E-01  3.4862E-01  1.0000E+00  2.3038E-02  4.8316E-01  7.6715E+00  0.0000E+00  2.5000E+00
  5.0000E+00  4.7189E+00  2.6418E+00  1.3435E+00  2.4101E-01  3.4862E-01  1.0000E+00  2.3038E-02  4.8316E-01  7.6715E+00  0.0000E+00  2.5000E+00
  5.0000E+00  4.7189E+00  2.6418E+00  1.3435E+00  2.4101E-01  3.4862E-01  1.0000E+00  2.3038E-02  4.8316E-01  7.6715E+00  0.0000E+00  2.5000E+00
  5.0000E+00  4.7189E+00  2.6418E+00  1.3435E+00  2.4101E-01  3.4862E-01  1.0000E+00  2.3038E-02  4.8316E-01  7.6715E+00  0.0000E+00  2.5000E+00
  5.0000E+00  4.7189E+00  2.6418E+00  1.3435E+00  2.4101E-01  3.4862E-01  1.0000E+00  2.3038E-02  4.8316E-01  7.6715E+00  0.0000E+00  2.5000E+00
  5.0000E+00  4.7189E+00  2.6418E+00  1.3435E+00  2.4101E-01  3.4862E-01  1.0000E+00  2.3038E-02  4.8316E-01  7.6715E+00  0.0000E+00  2.5000E+00
  5.0000E+00  4.7189E+00  2.6418E+00  1.3435E+00  2.4101E-01  3.4862E-01  1.0000E+00  2.3038E-02  4.8316E-01  7.6715E+00  0.0000E+00  2.5000E+00
  6.0000E+00  4.7189E+00  5.1098E+00  1.3435E+00  2.4101E-01  3.4862E-01  7.9207E-03  1.6394E-02  4.8316E-01  7.6715E+00  4.0003E+00  1.0000E+01
  6.0000E+00  4.7189E+00  5.1098E+00  1.3435E+00  2.4101E-01  3.4862E-01  7.9207E-03  1.6394E-02  4.8316E-01  7.6715E+00  4.0003E+00  1.0000E+01
  6.0000E+00  4.7189E+00  5.1098E+00  1.3435E+00  2.4101E-01  3.4862E-01  7.9207E-03  1.6394E-02  4.8316E-01  7.6715E+00  4.0003E+00  1.0000E+01
  6.0000E+00  4.7189E+00  5.1098E+00  1.3435E+00  2.4101E-01  3.4862E-01  7.9207E-03  1.6394E-02  4.8316E-01  7.6715E+00  4.0003E+00  1.0000E+01
  6.0000E+00  4.7189E+00  5.1098E+00  1.3435E+00  2.4101E-01  3.4862E-01  7.9207E-03  1.6394E-02  4.8316E-01  7.6715E+00  4.0003E+00  1.0000E+01
  6.0000E+00  4.7189E+00  5.1098E+00  1.3435E+00  2.4101E-01  3.4862E-01  7.9207E-03  1.6394E-02  4.8316E-01  7.6715E+00  4.0003E+00  1.0000E+01
  6.0000E+00  4.7189E+00  5.1098E+00  1.3435E+00  2.4101E-01  3.4862E-01  7.9207E-03  1.6394E-02  4.8316E-01  7.6715E+00  4.0003E+00  1.0000E+01
  6.0000E+00  4.7189E+00  5.1098E+00  1.3435E+00  2.4101E-01  3.4862E-01  7.9207E-03  1.6394E-02  4.8316E-01  7.6715E+00  4.0003E+00  1.0000E+01
  6.0000E+00  4.7189E+00  5.1098E+00  1.3435E+00  2.4101E-01  3.4862E-01  7.9207E-03  1.6394E-02  4.8316E-01  7.6715E+00  4.0003E+00  1.0000E+01
  6.0000E+00  4.7189E+00  5.1098E+00  1.3435E+00  2.4101E-01  3.4862E-01  7.9207E-03  1.6394E-02  4.8316E-01  7.6715E+00  4.0003E+00  1.0000E+01
  6.0000E+00  4.7189E+00  5.1098E+00  1.3435E+00  2.4101E-01  3.4862E-01  7.9207E-03  1.6394E-02  4.8316E-01  7.6715E+00  4.0003E+00  1.0000E+01
  6.0000E+00  4.7189E+00  5.1098E+00  1.3435E+00  2.4101E-01  3.4862E-01  7.9207E-03  1.6394E-02  4.8316E-01  7.6715E+00  4.0003E+00  1.0000E+01
  7.0000E+00  4.7189E+00  4.9326E+00  1.3435E+00  2.4101E-01  3.4862E-01  1.0760E-02  2.2270E-02  4.8316E-01  7.6715E+00  4.0003E+00  1.0000E+01
  7.0000E+00  4.7189E+00  4.9326E+00  1.3435E+00  2.4101E-01  3.4862E-01  1.0760E-02  2.2270E-02  4.8316E-01  7.6715E+00  4.0003E+00  1.0000E+01
  7.0000E+00  4.7189E+00  4.9326E+00  1.3435E+00  2.4101E-01  3.4862E-01  1.0760E-02  2.2270E-02  4.8316E-01  7.6715E+00  4.0003E+00  1.0000E+01
  7.0000E+00  4.7189E+00  4.9326E+00  1.3435E+00  2.4101E-01  3.4862E-01  1.0760E-02  2.2270E-02  4.8316E-01  7.6715E+00  4.0003E+00  1.0000E+01
  7.0000E+00  4.7189E+00  4.9326E+00  1.3435E+00  2.4101E-01  3.4862E-01  1.0760E-02  2.2270E-02  4.8316E-01  7.6715E+00  4.0003E+00  1.0000E+01
  7.0000E+00  4.7189E+00  4.9326E+00  1.3435E+00  2.4101E-01  3.4862E-01  1.0760E-02  2.2270E-02  4.8316E-01  7.6715E+00  4.0003E+00  1.0000E+01
  7.0000E+00  4.7189E+00  4.9326E+00  1.3435E+00  2.4101E-01  3.4862E-01  1.0760E-02  2.2270E-02  4.8316E-01  7.6715E+00  4.0003E+00  1.0000E+01
  7.0000E+00  4.7189E+00  4.9326E+00  1.3435E+00  2.4101E-01  3.4862E-01  1.0760E-02  2.2270E-02  4.8316E-01  7.6715E+00  4.0003E+00  1.0000E+01
  7.0000E+00  4.7189E+00  4.9326E+00  1.3435E+00  2.4101E-01  3.4862E-01  1.0760E-02  2.2270E-02  4.8316E-01  7.6715E+00  4.0003E+00  1.0000E+01
  7.0000E+00  4.7189E+00  4.9326E+00  1.3435E+00  2.4101E-01  3.4862E-01  1.0760E-02  2.2270E-02  4.8316E-01  7.6715E+00  4.0003E+00  1.0000E+01
  7.0000E+00  4.7189E+00  4.9326E+00  1.3435E+00  2.4101E-01  3.4862E-01  1.0760E-02  2.2270E-02  4.8316E-01  7.6715E+00  4.0003E+00  1.0000E+01
  7.0000E+00  4.7189E+00  4.9326E+00  1.3435E+00  2.4101E-01  3.4862E-01  1.0760E-02  2.2270E-02  4.8316E-01  7.6715E+00  4.0003E+00  1.0000E+01
  8.0000E+00  4.7189E+00  3.0800E+00  1.3435E+00  2.4101E-01  3.4862E-01  8.6535E-03  1.7910E-02  4.8316E-01  7.6715E+00  4.0003E+00  1.0000E+01
  8.0000E+00  4.7189E+00  3.0800E+00  1.3435E+00  2.4101E-01  3.4862E-01  8.6535E-03  1.7910E-02  4.8316E-01  7.6715E+00  4.0003E+00  1.0000E+01
  8.0000E+00  4.7189E+00  3.0800E+00  1.3435E+00  2.4101E-01  3.4862E-01  8.6535E-03  1.7910E-02  4.8316E-01  7.6715E+00  4.0003E+00  1.0000E+01
  8.0000E+00  4.7189E+00  3.0800E+00  1.3435E+00  2.4101E-01  3.4862E-01  8.6535E-03  1.7910E-02  4.8316E-01  7.6715E+00  4.0003E+00  1.0000E+01
  8.0000E+00  4.7189E+00  3.0800E+00  1.3435E+00  2.4101E-01  3.4862E-01  8.6535E-03  1.7910E-02  4.8316E-01  7.6715E+00  4.0003E+00  1.0000E+01
  8.0000E+00  4.7189E+00  3.0800E+00  1.3435E+00  2.4101E-01  3.4862E-01  8.6535E-03  1.7910E-02  4.8316E-01  7.6715E+00  4.0003E+00  1.0000E+01
  8.0000E+00  4.7189E+00  3.0800E+00  1.3435E+00  2.4101E-01  3.4862E-01  8.6535E-03  1.7910E-02  4.8316E-01  7.6715E+00  4.0003E+00  1.0000E+01
  8.0000E+00  4.7189E+00  3.0800E+00  1.3435E+00  2.4101E-01  3.4862E-01  8.6535E-03  1.7910E-02  4.8316E-01  7.6715E+00  4.0003E+00  1.0000E+01
  8.0000E+00  4.7189E+00  3.0800E+00  1.3435E+00  2.4101E-01  3.4862E-01  8.6535E-03  1.7910E-02  4.8316E-01  7.6715E+00  4.0003E+00  1.0000E+01
  8.0000E+00  4.7189E+00  3.0800E+00  1.3435E+00  2.4101E-01  3.4862E-01  8.6535E-03  1.7910E-02  4.8316E-01  7.6715E+00  4.0003E+00  1.0000E+01
  8.0000E+00  4.7189E+00  3.0800E+00  1.3435E+00  2.4101E-01  3.4862E-01  8.6535E-03  1.7910E-02  4.8316E-01  7.6715E+00  4.0003E+00  1.0000E+01
  8.0000E+00  4.7189E+00  3.0800E+00  1.3435E+00  2.4101E-01  3.4862E-01  8.6535E-03  1.7910E-02  4.8316E-01  7.6715E+00  4.0003E+00  1.0000E+01
  9.0000E+00  4.7189E+00  1.4669E+00  1.3435E+00  2.4101E-01  3.4862E-01  1.9575E-02  4.0514E-02  4.8316E-01  7.6715E+00  4.0003E+00  3.0000E+01
  9.0000E+00  4.7189E+00  1.4669E+00  1.3435E+00  2.4101E-01  3.4862E-01  1.9575E-02  4.0514E-02  4.8316E-01  7.6715E+00  4.0003E+00  3.0000E+01
  9.0000E+00  4.7189E+00  1.4669E+00  1.3435E+00  2.4101E-01  3.4862E-01  1.9575E-02  4.0514E-02  4.8316E-01  7.6715E+00  4.0003E+00  3.0000E+01
  9.0000E+00  4.7189E+00  1.4669E+00  1.3435E+00  2.4101E-01  3.4862E-01  1.9575E-02  4.0514E-02  4.8316E-01  7.6715E+00  4.0003E+00  3.0000E+01
  9.0000E+00  4.7189E+00  1.4669E+00  1.3435E+00  2.4101E-01  3.4862E-01  1.9575E-02  4.0514E-02  4.8316E-01  7.6715E+00  4.0003E+00  3.0000E+01
  9.0000E+00  4.7189E+00  1.4669E+00  1.3435E+00  2.4101E-01  3.4862E-01  1.9575E-02  4.0514E-02  4.8316E-01  7.6715E+00  4.0003E+00  3.0000E+01
  9.0000E+00  4.7189E+00  1.4669E+00  1.3435E+00  2.4101E-01  3.4862E-01  1.9575E-02  4.0514E-02  4.8316E-01  7.6715E+00  4.0003E+00  3.0000E+01
  9.0000E+00  4.7189E+00  1.4669E+00  1.3435E+00  2.4101E-01  3.4862E-01  1.9575E-02  4.0514E-02  4.8316E-01  7.6715E+00  4.0003E+00  3.0000E+01
  9.0000E+00  4.7189E+00  1.4669E+00  1.3435E+00  2.4101E-01  3.4862E-01  1.9575E-02  4.0514E-02  4.8316E-01  7.6715E+00  4.0003E+00  3.0000E+01
  9.0000E+00  4.7189E+00  1.4669E+00  1.3435E+00  2.4101E-01  3.4862E-01  1.9575E-02  4.0514E-02  4.8316E-01  7.6715E+00  4.0003E+00  3.0000E+01
  9.0000E+00  4.7189E+00  1.4669E+00  1.3435E+00  2.4101E-01  3.4862E-01  1.9575E-02  4.0514E-02  4.8316E-01  7.6715E+00  4.0003E+00  3.0000E+01
  9.0000E+00  4.7189E+00  1.4669E+00  1.3435E+00  2.4101E-01  3.4862E-01  1.9575E-02  4.0514E-02  4.8316E-01  7.6715E+00  4.0003E+00  3.0000E+01
  1.0000E+01  4.7189E+00  8.4968E+00  1.3435E+00  2.4101E-01  3.4862E-01  1.8466E-02  3.8220E-02  4.8316E-01  7.6715E+00  4.0003E+00  3.0000E+01
  1.0000E+01  4.7189E+00  8.4968E+00  1.3435E+00  2.4101E-01  3.4862E-01  1.8466E-02  3.8220E-02  4.8316E-01  7.6715E+00  4.0003E+00  3.0000E+01
  1.0000E+01  4.7189E+00  8.4968E+00  1.3435E+00  2.4101E-01  3.4862E-01  1.8466E-02  3.8220E-02  4.8316E-01  7.6715E+00  4.0003E+00  3.0000E+01
  1.0000E+01  4.7189E+00  8.4968E+00  1.3435E+00  2.4101E-01  3.4862E-01  1.8466E-02  3.8220E-02  4.8316E-01  7.6715E+00  4.0003E+00  3.0000E+01
  1.0000E+01  4.7189E+00  8.4968E+00  1.3435E+00  2.4101E-01  3.4862E-01  1.8466E-02  3.8220E-02  4.8316E-01  7.6715E+00  4.0003E+00  3.0000E+01
  1.0000E+01  4.7189E+00  8.4968E+00  1.3435E+00  2.4101E-01  3.4862E-01  1.8466E-02  3.8220E-02  4.8316E-01  7.6715E+00  4.0003E+00  3.0000E+01
  1.0000E+01  4.7189E+00  8.4968E+00  1.3435E+00  2.4101E-01  3.4862E-01  1.8466E-02  3.8220E-02  4.8316E-01  7.6715E+00  4.0003E+00  3.0000E+01
  1.0000E+01  4.7189E+00  8.4968E+00  1.3435E+00  2.4101E-01  3.4862E-01  1.8466E-02  3.8220E-02  4.8316E-01  7.6715E+00  4.0003E+00  3.0000E+01
  1.0000E+01  4.7189E+00  8.4968E+00  1.3435E+00  2.4101E-01  3.4862E-01  1.8466E-02  3.8220E-02  4.8316E-01  7.6715E+00  4.0003E+00  3.0000E+01
  1.0000E+01  4.7189E+00  8.4968E+00  1.3435E+00  2.4101E-01  3.4862E-01  1.8466E-02  3.8220E-02  4.8316E-01  7.6715E+00  4.0003E+00  3.0000E+01
  1.0000E+01  4.7189E+00  8.4968E+00  1.3435E+00  2.4101E-01  3.4862E-01  1.8466E-02  3.8220E-02  4.8316E-01  7.6715E+00  4.0003E+00  3.0000E+01
  1.0000E+01  4.7189E+00  8.4968E+00  1.3435E+00  2.4101E-01  3.4862E-01  1.8466E-02  3.8220E-02  4.8316E-01  7.6715E+00  4.0003E+00  3.0000E+01
  1.1000E+01  4.7189E+00  6.0331E+00  1.3435E+00  2.4101E-01  3.4862E-01  1.6453E-02  3.4053E-02  4.8316E-01  7.6715E+00  4.0003E+00  3.0000E+01
  1.1000E+01  4.7189E+00  6.0331E+00  1.3435E+00  2.4101E-01  3.4862E-01  1.6453E-02  3.4053E-02  4.8316E-01  7.6715E+00  4.0003E+00  3.0000E+01
  1.1000E+01  4.7189E+00  6.0331E+00  1.3435E+00  2.4101E-01  3.4862E-01  1.6453E-02  3.4053E-02  4.8316E-01  7.6715E+00  4.0003E+00  3.0000E+01
  1.1000E+01  4.7189E+00  6.0331E+00  1.3435E+00  2.4101E-01  3.4862E-01  1.6453E-02  3.4053E-02  4.8316E-01  7.6715E+00  4.0003E+00  3.0000E+01
  1.1000E+01  4.7189E+00  6.0331E+00  1.3435E+00  2.4101E-01  3.4862E-01  1.6453E-02  3.4053E-02  4.8316E-01  7.6715E+00  4.0003E+00  3.0000E+01
  1.1000E+01  4.7189E+00  6.0331E+00  1.3435E+00  2.4101E-01  3.4862E-01  1.6453E-02  3.4053E-02  4.8316E-01  7.6715E+00  4.0003E+00  3.0000E+01
  1.1000E+01  4.7189E+00  6.0331E+00  1.3435E+00  2.4101E-01  3.4862E-01  1.6453E-02  3.4053E-02  4.8316E-01  7.6715E+00  4.0003E+00  3.0000E+01
  1.1000E+01  4.7189E+00  6.0331E+00  1.3435E+00  2.4101E-01  3.4862E-01  1.6453E-02  3.4053E-02  4.8316E-01  7.6715E+00  4.0003E+00  3.0000E+01
  1.1000E+01  4.7189E+00  6.0331E+00  1.3435E+00  2.4101E-01  3.4862E-01  1.6453E-02  3.4053E-02  4.8316E-01  7.6715E+00  4.0003E+00  3.0000E+01
  1.1000E+01  4.7189E+00  6.0331E+00  1.3435E+00  2.4101E-01  3.4862E-01  1.6453E-02  3.4053E-02  4.8316E-01  7.6715E+00  4.0003E+00  3.0000E+01
  1.1000E+01  4.7189E+00  6.0331E+00  1.3435E+00  2.4101E-01  3.4862E-01  1.6453E-02  3.4053E-02  4.8316E-01  7.6715E+00  4.0003E+00  3.0000E+01
  1.1000E+01  4.7189E+00  6.0331E+00  1.3435E+00  2.4101E-01  3.4862E-01  1.6453E-02  3.4053E-02  4.8316E-01  7.6715E+00  4.0003E+00  3.0000E+01
  1.5000E+01  4.7189E+00  5.0325E+00  1.3435E+00  2.4101E-01  3.4862E-01  5.8738E-03  1.2157E-02  4.8316E-01  7.6715E+00  4.0003E+00  1.0000E+02
  1.5000E+01  4.7189E+00  5.0325E+00  1.3435E+00  2.4101E-01  3.4862E-01  5.8738E-03  1.2157E-02  4.8316E-01  7.6715E+00  4.0003E+00  1.0000E+02
  1.5000E+01  4.7189E+00  5.0325E+00  1.3435E+00  2.4101E-01  3.4862E-01  5.8738E-03  1.2157E-02  4.8316E-01  7.6715E+00  4.0003E+00  1.0000E+02
  1.5000E+01  4.7189E+00  5.0325E+00  1.3435E+00  2.4101E-01  3.4862E-01  5.8738E-03  1.2157E-02  4.8316E-01  7.6715E+00  4.0003E+00  1.0000E+02
  1.5000E+01  4.7189E+00  5.0325E+00  1.3435E+00  2.4101E-01  3.4862E-01  5.8738E-03  1.2157E-02  4.8316E-01  7.6715E+00  4.0003E+00  1.0000E+02
  1.5000E+01  4.7189E+00  5.0325E+00  1.3435E+00  2.4101E-01  3.4862E-01  5.8738E-03  1.2157E-02  4.8316E-01  7.6715E+00  4.0003E+00  1.0000E+02
  1.5000E+01  4.7189E+00  5.0325E+00  1.3435E+00  2.4101E-01  3.4862E-01  5.8738E-03  1.2157E-02  4.8316E-01  7.6715E+00  4.0003E+00  1.0000E+02
  1.5000E+01  4.7189E+00  5.0325E+00  1.3435E+00  2.4101E-01  3.4862E-01  5.8738E-03  1.2157E-02  4.8316E-01  7.6715E+00  4.0003E+00  1.0000E+02
  1.5000E+01  4.7189E+00  5.0325E+00  1.3435E+00  2.4101E-01  3.4862E-01  5.8738E-03  1.2157E-02  4.8316E-01  7.6715E+00  4.0003E+00  1.0000E+02
  1.5000E+01  4.7189E+00  5.0325E+00  1.3435E+00  2.4101E-01  3.4862E-01  5.8738E-03  1.2157E-02  4.8316E-01  7.6715E+00  4.0003E+00  1.0000E+02
  1.5000E+01  4.7189E+00  5.0325E+00  1.3435E+00  2.4101E-01  3.4862E-01  5.8738E-03  1.2157E-02  4.8316E-01  7.6715E+00  4.0003E+00  1.0000E+02
  1.5000E+01  4.7189E+00  5.0325E+00  1.3435E+00  2.4101E-01  3.4862E-01  5.8738E-03  1.2157E-02  4.8316E-01  7.6715E+00  4.0003E+00  1.0000E+02
  1.6000E+01  4.7189E+00  5.1662E+00  1.3435E+00  2.4101E-01  3.4862E-01  1.9388E-02  4.0126E-02  4.8316E-01  7.6715E+00  4.0003E+00  1.0000E+02
  1.6000E+01  4.7189E+00  5.1662E+00  1.3435E+00  2.4101E-01  3.4862E-01  1.9388E-02  4.0126E-02  4.8316E-01  7.6715E+00  4.0003E+00  1.0000E+02
  1.6000E+01  4.7189E+00  5.1662E+00  1.3435E+00  2.4101E-01  3.4862E-01  1.9388E-02  4.0126E-02  4.8316E-01  7.6715E+00  4.0003E+00  1.0000E+02
  1.6000E+01  4.7189E+00  5.1662E+00  1.3435E+00  2.4101E-01  3.4862E-01  1.9388E-02  4.0126E-02  4.8316E-01  7.6715E+00  4.0003E+00  1.0000E+02
  1.6000E+01  4.7189E+00  5.1662E+00  1.3435E+00  2.4101E-01  3.4862E-01  1.9388E-02  4.0126E-02  4.8316E-01  7.6715E+00  4.0003E+00  1.0000E+02
  1.6000E+01  4.7189E+00  5.1662E+00  1.3435E+00  2.4101E-01  3.4862E-01  1.9388E-02  4.0126E-02  4.8316E-01  7.6715E+00  4.0003E+00  1.0000E+02
  1.6000E+01  4.7189E+00  5.1662E+00  1.3435E+00  2.4101E-01  3.4862E-01  1.9388E-02  4.0126E-02  4.8316E-01  7.6715E+00  4.0003E+00  1.0000E+02
  1.6000E+01  4.7189E+00  5.1662E+00  1.3435E+00  2.4101E-01  3.4862E-01  1.9388E-02  4.0126E-02  4.8316E-01  7.6715E+00  4.0003E+00  1.0000E+02
  1.6000E+01  4.7189E+00  5.1662E+00  1.3435E+00  2.4101E-01  3.4862E-01  1.9388E-02  4.0126E-02  4.8316E-01  7.6715E+00  4.0003E+00  1.0000E+02
  1.6000E+01  4.7189E+00  5.1662E+00  1.3435E+00  2.4101E-01  3.4862E-01  1.9388E-02  4.0126E-02  4.8316E-01  7.6715E+00  4.0003E+00  1.0000E+02
  1.6000E+01  4.7189E+00  5.1662E+00  1.3435E+00  2.4101E-01  3.4862E-01  1.9388E-02  4.0126E-02  4.8316E-01  7.6715E+00  4.0003E+00  1.0000E+02
  1.6000E+01  4.7189E+00  5.1662E+00  1.3435E+00  2.4101E-01  3.4862E-01  1.9388E-02  4.0126E-02  4.8316E-01  7.6715E+00  4.0003E+00  1.0000E+02
  1.7000E+01  4.7189E+00  8.2437E+00  1.3435E+00  2.4101E-01  3.4862E-01  6.9505E-03  1.4385E-02  4.8316E-01  7.6715E+00  4.0003E+00  1.0000E+02
  1.7000E+01  4.7189E+00  8.2437E+00  1.3435E+00  2.4101E-01  3.4862E-01  6.9505E-03  1.4385E-02  4.8316E-01  7.6715E+00  4.0003E+00  1.0000E+02
  1.7000E+01  4.7189E+00  8.2437E+00  1.3435E+00  2.4101E-01  3.4862E-01  6.9505E-03  1.4385E-02  4.8316E-01  7.6715E+00  4.0003E+00  1.0000E+02
  1.7000E+01  4.7189E+00  8.2437E+00  1.3435E+00  2.4101E-01  3.4862E-01  6.9505E-03  1.4385E-02  4.8316E-01  7.6715E+00  4.0003E+00  1.0000E+02
  1.7000E+01  4.7189E+00  8.2437E+00  1.3435E+00  2.4101E-01  3.4862E-01  6.9505E-03  1.4385E-02  4.8316E-01  7.6715E+00  4.0003E+00  1.0000E+02
  1.7000E+01  4.7189E+00  8.2437E+00  1.3435E+00  2.4101E-01  3.4862E-01  6.9505E-03  1.4385E-02  4.8316E-01  7.6715E+00  4.0003E+00  1.0000E+02
  1.7000E+01  4.7189E+00  8.2437E+00  1.3435E+00  2.4101E-01  3.4862E-01  6.9505E-03  1.4385E-02  4.8316E-01  7.6715E+00  4.0003E+00  1.0000E+02
  1.7000E+01  4.7189E+00  8.2437E+00  1.3435E+00  2.4101E-01  3.4862E-01  6.9505E-03  1.4385E-02  4.8316E-01  7.6715E+00  4.0003E+00  1.0000E+02
  1.7000E+01  4.7189E+00  8.2437E+00  1.3435E+00  2.4101E-01  3.4862E-01  6.9505E-03  1.4385E-02  4.8316E-01  7.6715E+00  4.0003E+00  1.0000E+02
  1.7000E+01  4.7189E+00  8.2437E+00  1.3435E+00  2.4101E-01  3.4862E-01  6.9505E-03  1.4385E-02  4.8316E-01  7.6715E+00  4.0003E+00  1.0000E+02
  1.7000E+01  4.7189E+00  8.2437E+00  1.3435E+00  2.4101E-01  3.4862E-01  6.9505E-03  1.4385E-02  4.8316E-01  7.6715E+00  4.0003E+00  1.0000E+02
  1.7000E+01  4.7189E+00  8.2437E+00  1.3435E+00  2.4101E-01  3.4862E-01  6.9505E-03  1.4385E-02  4.8316E-01  7.6715E+00  4.0003E+00  1.0000E+02
