TABLE NO.  1
 ID          TIME        AMT         DV          MDV         IPRED       CWRES       IWRES       BQL         ROUTE       DV          PRED        RES         WRES
  1.0000E+00  0.0000E+00  2.9000E+04  0.0000E+00  1.0000E+00  0.0000E+00  0.0000E+00  0.0000E+00  0.0000E+00  1.0000E+00  0.0000E+00  1.0000E+00  0.0000E+00  0.0000E+00
  1.0000E+00  0.0000E+00  2.9000E+04  0.0000E+00  1.0000E+00  0.0000E+00  0.0000E+00  0.0000E+00  0.0000E+00  1.0000E+00  0.0000E+00  1.0000E+00  0.0000E+00  0.0000E+00
  1.0000E+00  0.0000E+00  0.0000E+00  0.0000E+00  0.0000E+00  0.0000E+00  0.0000E+00  0.0000E+00  0.0000E+00  1.0000E+00  0.0000E+00  1.0000E+00  0.0000E+00  0.0000E+00
  1.0000E+00  2.5000E-01  0.0000E+00  7.3000E-01  0.0000E+00  1.8989E+00  0.0000E+00 -1.2123E+00  0.0000E+00  1.0000E+00  7.3000E-01  5.2879E-02  0.0000E+00  0.0000E+00
  1.0000E+00  5.0000E-01  0.0000E+00  2.7500E+00  0.0000E+00  3.3013E+00  0.0000E+00 -3.2890E-01  0.0000E+00  1.0000E+00  2.7500E+00  9.2861E+00  0.0000E+00  0.0000E+00
  1.0000E+00  1.0000E+00  0.0000E+00  7.2700E+00  0.0000E+00  5.0067E+00  0.0000E+00  8.9027E-01  0.0000E+00  1.0000E+00  7.2700E+00  1.2929E+01  0.0000E+00  0.0000E+00
  1.0000E+00  2.0000E+00  0.0000E+00  6.4500E+00  0.0000E+00  5.8372E+00  0.0000E+00  2.0673E-01  0.0000E+00  1.0000E+00  6.4500E+00  1.3111E+01  0.0000E+00  0.0000E+00
  1.0000E+00  3.0000E+00  0.0000E+00  6.8500E+00  0.0000E+00  5.1977E+00  0.0000E+00  6.2606E-01  0.0000E+00  1.0000E+00  6.8500E+00  1.0542E+01  0.0000E+00  0.0000E+00
  1.0000E+00  4.0000E+00  0.0000E+00  4.2300E+00  0.0000E+00  4.1877E+00  0.0000E+00  1.9907E-02  0.0000E+00  1.0000E+00  4.2300E+00  7.9057E+00  0.0000E+00  0.0000E+00
  1.0000E+00  6.0000E+00  0.0000E+00  6.0300E+00  0.0000E+00  5.9551E+00  0.0000E+00  2.4784E-02  0.0000E+00  1.0000E+00  6.0300E+00  1.2491E+01  0.0000E+00  0.0000E+00
  1.0000E+00  8.0000E+00  0.0000E+00  8.1100E+00  0.0000E+00  5.6321E+00  0.0000E+00  8.6644E-01  0.0000E+00  1.0000E+00  8.1100E+00  1.1364E+01  0.0000E+00  0.0000E+00
  1.0000E+00  1.2000E+01  0.0000E+00  5.0000E-01  0.0000E+00  3.9576E+00  0.0000E+00 -1.7206E+00  1.0000E+00  1.0000E+00  5.0000E-01  4.5389E-02  0.0000E+00  0.0000E+00
  1.0000E+00  2.4000E+01  0.0000E+00  5.0000E-01  0.0000E+00  5.2990E-02  0.0000E+00  1.6613E+01  1.0000E+00  1.0000E+00  5.0000E-01  1.0000E+00  0.0000E+00  0.0000E+00
  3.0000E+00  0.0000E+00  5.4500E+03  0.0000E+00  1.0000E+00  1.7729E+03  0.0000E+00 -1.9694E+00  0.0000E+00  2.0000E+00  0.0000E+00  2.4541E-02  0.0000E+00  0.0000E+00
  3.0000E+00  1.7000E-02  0.0000E+00  2.5500E+03  0.0000E+00  1.7249E+03  0.0000E+00  9.4204E-01  0.0000E+00  2.0000E+00  2.5500E+03  1.2861E+03  0.0000E+00  0.0000E+00
  3.0000E+00  8.3500E-02  0.0000E+00  2.1100E+03  0.0000E+00  1.5495E+03  0.0000E+00  7.1240E-01  0.0000E+00  2.0000E+00  2.1100E+03  1.1879E+03  0.0000E+00  0.0000E+00
  3.0000E+00  2.5000E-01  0.0000E+00  1.4600E+03  0.0000E+00  1.1850E+03  0.0000E+00  4.5705E-01  0.0000E+00  2.0000E+00  1.4600E+03  9.7400E+02  0.0000E+00  0.0000E+00
  3.0000E+00  5.0000E-01  0.0000E+00  8.5300E+02  0.0000E+00  7.9306E+02  0.0000E+00  1.4885E-01  0.0000E+00  2.0000E+00  8.5300E+02  7.2342E+02  0.0000E+00  0.0000E+00
  3.0000E+00  1.0000E+00  0.0000E+00  5.5500E+02  0.0000E+00  3.5742E+02  0.0000E+00  1.0887E+00  0.0000E+00  2.0000E+00  5.5500E+02  4.0050E+02  0.0000E+00  0.0000E+00
  3.0000E+00  2.0000E+00  0.0000E+00  1.0300E+02  0.0000E+00  7.6992E+01  0.0000E+00  6.6527E-01  0.0000E+00  2.0000E+00  1.0300E+02  1.2599E+02  0.0000E+00  0.0000E+00
  3.0000E+00  4.0000E+00  0.0000E+00  7.4100E+00  0.0000E+00  8.6946E+00  0.0000E+00 -2.9097E-01  0.0000E+00  2.0000E+00  7.4100E+00  1.7043E+01  0.0000E+00  0.0000E+00
  3.0000E+00  6.0000E+00  0.0000E+00  4.4900E+00  0.0000E+00  4.3972E+00  0.0000E+00  4.1583E-02  0.0000E+00  2.0000E+00  4.4900E+00  5.6075E+00  0.0000E+00  0.0000E+00
  3.0000E+00  8.0000E+00  0.0000E+00  5.2500E+00  0.0000E+00  3.0621E+00  0.0000E+00  1.4072E+00  0.0000E+00  2.0000E+00  5.2500E+00  3.4094E+00  0.0000E+00  0.0000E+00
  3.0000E+00  1.2000E+01  0.0000E+00  2.4600E+00  0.0000E+00  1.5514E+00  0.0000E+00  1.1534E+00  0.0000E+00  2.0000E+00  2.4600E+00  1.6901E+00  0.0000E+00  0.0000E+00
  3.0000E+00  2.4000E+01  0.0000E+00  5.0000E-01  0.0000E+00  2.0257E-01  0.0000E+00  2.8916E+00  1.0000E+00  2.0000E+00  5.0000E-01  1.0000E+00  0.0000E+00  0.0000E+00
  4.0000E+00  0.0000E+00  5.9500E+03  0.0000E+00  1.0000E+00  2.3235E+03  0.0000E+00 -1.9694E+00  0.0000E+00  2.0000E+00  0.0000E+00  2.4533E-02  0.0000E+00  0.0000E+00
  4.0000E+00  1.7000E-02  0.0000E+00  2.3000E+03  0.0000E+00  2.2483E+03  0.0000E+00  4.5322E-02  0.0000E+00  2.0000E+00  2.3000E+03  1.4041E+03  0.0000E+00  0.0000E+00
  4.0000E+00  8.3500E-02  0.0000E+00  2.0000E+03  0.0000E+00  1.9767E+03  0.0000E+00  2.3244E-02  0.0000E+00  2.0000E+00  2.0000E+03  1.2969E+03  0.0000E+00  0.0000E+00
  4.0000E+00  2.5000E-01  0.0000E+00  1.2600E+03  0.0000E+00  1.4326E+03  0.0000E+00 -2.3724E-01  0.0000E+00  2.0000E+00  1.2600E+03  1.0634E+03  0.0000E+00  0.0000E+00
  4.0000E+00  5.0000E-01  0.0000E+00  7.3500E+02  0.0000E+00  8.8473E+02  0.0000E+00 -3.3330E-01  0.0000E+00  2.0000E+00  7.3500E+02  7.8979E+02  0.0000E+00  0.0000E+00
  4.0000E+00  1.0000E+00  0.0000E+00  4.3200E+02  0.0000E+00  3.4052E+02  0.0000E+00  5.2910E-01  0.0000E+00  2.0000E+00  4.3200E+02  4.3725E+02  0.0000E+00  0.0000E+00
  4.0000E+00  2.0000E+00  0.0000E+00  5.4600E+01  0.0000E+00  5.6012E+01  0.0000E+00 -4.9632E-02  0.0000E+00  2.0000E+00  5.4600E+01  1.3755E+02  0.0000E+00  0.0000E+00
  4.0000E+00  4.0000E+00  0.0000E+00  7.2500E+00  0.0000E+00  7.2955E+00  0.0000E+00 -1.2280E-02  0.0000E+00  2.0000E+00  7.2500E+00  1.8606E+01  0.0000E+00  0.0000E+00
  4.0000E+00  6.0000E+00  0.0000E+00  3.6500E+00  0.0000E+00  4.5301E+00  0.0000E+00 -3.8260E-01  0.0000E+00  2.0000E+00  3.6500E+00  6.1220E+00  0.0000E+00  0.0000E+00
  4.0000E+00  8.0000E+00  0.0000E+00  3.3200E+00  0.0000E+00  3.2119E+00  0.0000E+00  6.6297E-02  0.0000E+00  2.0000E+00  3.3200E+00  3.7222E+00  0.0000E+00  0.0000E+00
  4.0000E+00  1.2000E+01  0.0000E+00  1.6100E+00  0.0000E+00  1.6280E+00  0.0000E+00 -2.1818E-02  0.0000E+00  2.0000E+00  1.6100E+00  1.8451E+00  0.0000E+00  0.0000E+00
  4.0000E+00  2.4000E+01  0.0000E+00  5.0000E-01  0.0000E+00  2.1210E-01  0.0000E+00  2.6732E+00  1.0000E+00  2.0000E+00  5.0000E-01  1.0000E+00  0.0000E+00  0.0000E+00
  5.0000E+00  0.0000E+00  6.1000E+03  0.0000E+00  1.0000E+00  2.3090E+03  0.0000E+00 -1.9694E+00  0.0000E+00  2.0000E+00  0.0000E+00  2.4531E-02  0.0000E+00  0.0000E+00
  5.0000E+00  1.7000E-02  0.0000E+00  2.6900E+03  0.0000E+00  2.2365E+03  0.0000E+00  3.9934E-01  0.0000E+00  2.0000E+00  2.6900E+03  1.4395E+03  0.0000E+00  0.0000E+00
  5.0000E+00  8.3500E-02  0.0000E+00  2.0500E+03  0.0000E+00  1.9741E+03  0.0000E+00  7.5710E-02  0.0000E+00  2.0000E+00  2.0500E+03  1.3296E+03  0.0000E+00  0.0000E+00
  5.0000E+00  2.5000E-01  0.0000E+00  1.1600E+03  0.0000E+00  1.4449E+03  0.0000E+00 -3.8833E-01  0.0000E+00  2.0000E+00  1.1600E+03  1.0902E+03  0.0000E+00  0.0000E+00
  5.0000E+00  5.0000E-01  0.0000E+00  8.2000E+02  0.0000E+00  9.0562E+02  0.0000E+00 -1.8618E-01  0.0000E+00  2.0000E+00  8.2000E+02  8.0970E+02  0.0000E+00  0.0000E+00
  5.0000E+00  1.0000E+00  0.0000E+00  4.5600E+02  0.0000E+00  3.5878E+02  0.0000E+00  5.3366E-01  0.0000E+00  2.0000E+00  4.5600E+02  4.4827E+02  0.0000E+00  0.0000E+00
  5.0000E+00  2.0000E+00  0.0000E+00  5.7800E+01  0.0000E+00  6.1889E+01  0.0000E+00 -1.3013E-01  0.0000E+00  2.0000E+00  5.7800E+01  1.4102E+02  0.0000E+00  0.0000E+00
  5.0000E+00  4.0000E+00  0.0000E+00  6.8700E+00  0.0000E+00  7.7438E+00  0.0000E+00 -2.2221E-01  0.0000E+00  2.0000E+00  6.8700E+00  1.9075E+01  0.0000E+00  0.0000E+00
  5.0000E+00  6.0000E+00  0.0000E+00  6.0500E+00  0.0000E+00  4.6800E+00  0.0000E+00  5.7653E-01  0.0000E+00  2.0000E+00  6.0500E+00  6.2763E+00  0.0000E+00  0.0000E+00
  5.0000E+00  8.0000E+00  0.0000E+00  6.1100E+00  0.0000E+00  3.3132E+00  0.0000E+00  1.6625E+00  0.0000E+00  2.0000E+00  6.1100E+00  3.8160E+00  0.0000E+00  0.0000E+00
  5.0000E+00  1.2000E+01  0.0000E+00  1.7100E+00  0.0000E+00  1.6795E+00  0.0000E+00  3.5808E-02  0.0000E+00  2.0000E+00  1.7100E+00  1.8917E+00  0.0000E+00  0.0000E+00
  5.0000E+00  2.4000E+01  0.0000E+00  5.0000E-01  0.0000E+00  2.1888E-01  0.0000E+00  2.5295E+00  1.0000E+00  2.0000E+00  5.0000E-01  1.0000E+00  0.0000E+00  0.0000E+00
  6.0000E+00  0.0000E+00  2.1800E+04  0.0000E+00  1.0000E+00  0.0000E+00  0.0000E+00  0.0000E+00  0.0000E+00  1.0000E+00  0.0000E+00  1.0000E+00  0.0000E+00  0.0000E+00
  6.0000E+00  0.0000E+00  2.1800E+04  0.0000E+00  1.0000E+00  0.0000E+00  0.0000E+00  0.0000E+00  0.0000E+00  1.0000E+00  0.0000E+00  1.0000E+00  0.0000E+00  0.0000E+00
  6.0000E+00  0.0000E+00  0.0000E+00  0.0000E+00  0.0000E+00  0.0000E+00  0.0000E+00  0.0000E+00  0.0000E+00  1.0000E+00  0.0000E+00  1.0000E+00  0.0000E+00  0.0000E+00
  6.0000E+00  2.5000E-01  0.0000E+00  0.0000E+00  0.0000E+00  2.5002E+00  0.0000E+00 -1.9694E+00  0.0000E+00  1.0000E+00  0.0000E+00  6.6631E-02  0.0000E+00  0.0000E+00
  6.0000E+00  5.0000E-01  0.0000E+00  1.3900E+00  0.0000E+00  4.2541E+00  0.0000E+00 -1.3259E+00  0.0000E+00  1.0000E+00  1.3900E+00  6.9806E+00  0.0000E+00  0.0000E+00
  6.0000E+00  1.0000E+00  0.0000E+00  9.5800E+00  0.0000E+00  6.1989E+00  0.0000E+00  1.0742E+00  0.0000E+00  1.0000E+00  9.5800E+00  9.7188E+00  0.0000E+00  0.0000E+00
  6.0000E+00  2.0000E+00  0.0000E+00  9.5100E+00  0.0000E+00  6.7535E+00  0.0000E+00  8.0382E-01  0.0000E+00  1.0000E+00  9.5100E+00  9.8561E+00  0.0000E+00  0.0000E+00
  6.0000E+00  4.0000E+00  0.0000E+00  4.9900E+00  0.0000E+00  4.4170E+00  0.0000E+00  2.5550E-01  0.0000E+00  1.0000E+00  4.9900E+00  5.9429E+00  0.0000E+00  0.0000E+00
  6.0000E+00  6.0000E+00  0.0000E+00  3.2100E+00  0.0000E+00  6.5999E+00  0.0000E+00 -1.0115E+00  0.0000E+00  1.0000E+00  3.2100E+00  9.3898E+00  0.0000E+00  0.0000E+00
  6.0000E+00  8.0000E+00  0.0000E+00  9.1800E+00  0.0000E+00  6.1152E+00  0.0000E+00  9.8700E-01  0.0000E+00  1.0000E+00  9.1800E+00  8.5426E+00  0.0000E+00  0.0000E+00
  6.0000E+00  1.2000E+01  0.0000E+00  3.8300E+00  0.0000E+00  4.0615E+00  0.0000E+00 -1.1225E-01  0.0000E+00  1.0000E+00  3.8300E+00  5.3238E+00  0.0000E+00  0.0000E+00
  6.0000E+00  2.4000E+01  0.0000E+00  5.0000E-01  0.0000E+00  5.1736E-02  0.0000E+00  1.7063E+01  1.0000E+00  1.0000E+00  5.0000E-01  1.0000E+00  0.0000E+00  0.0000E+00
  7.0000E+00  0.0000E+00  2.3800E+04  0.0000E+00  1.0000E+00  0.0000E+00  0.0000E+00  0.0000E+00  0.0000E+00  1.0000E+00  0.0000E+00  1.0000E+00  0.0000E+00  0.0000E+00
  7.0000E+00  0.0000E+00  2.3800E+04  0.0000E+00  1.0000E+00  0.0000E+00  0.0000E+00  0.0000E+00  0.0000E+00  1.0000E+00  0.0000E+00  1.0000E+00  0.0000E+00  0.0000E+00
  7.0000E+00  0.0000E+00  0.0000E+00  0.0000E+00  0.0000E+00  0.0000E+00  0.0000E+00  0.0000E+00  0.0000E+00  1.0000E+00  0.0000E+00  1.0000E+00  0.0000E+00  0.0000E+00
  7.0000E+00  2.5000E-01  0.0000E+00  2.7200E+00  0.0000E+00  3.8249E+00  0.0000E+00 -5.6888E-01  0.0000E+00  1.0000E+00  2.7200E+00  4.5939E+00  0.0000E+00  0.0000E+00
  7.0000E+00  5.0000E-01  0.0000E+00  3.0600E+00  0.0000E+00  6.4821E+00  0.0000E+00 -1.0397E+00  0.0000E+00  1.0000E+00  3.0600E+00  7.6210E+00  0.0000E+00  0.0000E+00
  7.0000E+00  1.0000E+00  0.0000E+00  5.3900E+00  0.0000E+00  9.3767E+00  0.0000E+00 -8.3732E-01  0.0000E+00  1.0000E+00  5.3900E+00  1.0610E+01  0.0000E+00  0.0000E+00
  7.0000E+00  2.0000E+00  0.0000E+00  2.4700E+01  0.0000E+00  1.0095E+01  0.0000E+00  2.8492E+00  0.0000E+00  1.0000E+00  2.4700E+01  1.0760E+01  0.0000E+00  0.0000E+00
  7.0000E+00  4.0000E+00  0.0000E+00  3.7600E+00  0.0000E+00  6.5062E+00  0.0000E+00 -8.3125E-01  0.0000E+00  1.0000E+00  3.7600E+00  6.4882E+00  0.0000E+00  0.0000E+00
  7.0000E+00  6.0000E+00  0.0000E+00  3.1900E+00  0.0000E+00  9.8113E+00  0.0000E+00 -1.3291E+00  0.0000E+00  1.0000E+00  3.1900E+00  1.0251E+01  0.0000E+00  0.0000E+00
  7.0000E+00  8.0000E+00  0.0000E+00  6.4300E+00  0.0000E+00  9.0611E+00  0.0000E+00 -5.7186E-01  0.0000E+00  1.0000E+00  6.4300E+00  9.3263E+00  0.0000E+00  0.0000E+00
  7.0000E+00  1.2000E+01  0.0000E+00  4.9200E+00  0.0000E+00  5.9573E+00  0.0000E+00 -3.4293E-01  0.0000E+00  1.0000E+00  4.9200E+00  5.8122E+00  0.0000E+00  0.0000E+00
  7.0000E+00  2.4000E+01  0.0000E+00  5.0000E-01  0.0000E+00  7.5559E-02  0.0000E+00  1.1063E+01  1.0000E+00  1.0000E+00  5.0000E-01  1.0000E+00  0.0000E+00  0.0000E+00
  8.0000E+00  0.0000E+00  2.4400E+04  0.0000E+00  1.0000E+00  0.0000E+00  0.0000E+00  0.0000E+00  0.0000E+00  1.0000E+00  0.0000E+00  1.0000E+00  0.0000E+00  0.0000E+00
  8.0000E+00  0.0000E+00  2.4400E+04  0.0000E+00  1.0000E+00  0.0000E+00  0.0000E+00  0.0000E+00  0.0000E+00  1.0000E+00  0.0000E+00  1.0000E+00  0.0000E+00  0.0000E+00
  8.0000E+00  0.0000E+00  0.0000E+00  0.0000E+00  0.0000E+00  0.0000E+00  0.0000E+00  0.0000E+00  0.0000E+00  1.0000E+00  0.0000E+00  1.0000E+00  0.0000E+00  0.0000E+00
  8.0000E+00  2.5000E-01  0.0000E+00  4.4400E+00  0.0000E+00  4.6973E+00  0.0000E+00 -1.0786E-01  0.0000E+00  1.0000E+00  4.4400E+00  4.7097E+00  0.0000E+00  0.0000E+00
  8.0000E+00  5.0000E-01  0.0000E+00  9.7200E+00  0.0000E+00  7.4490E+00  0.0000E+00  6.0040E-01  0.0000E+00  1.0000E+00  9.7200E+00  7.8132E+00  0.0000E+00  0.0000E+00
  8.0000E+00  1.0000E+00  0.0000E+00  1.7700E+01  0.0000E+00  9.6045E+00  0.0000E+00  1.6600E+00  0.0000E+00  1.0000E+00  1.7700E+01  1.0878E+01  0.0000E+00  0.0000E+00
  8.0000E+00  2.0000E+00  0.0000E+00  7.3400E+00  0.0000E+00  8.7581E+00  0.0000E+00 -3.1888E-01  0.0000E+00  1.0000E+00  7.3400E+00  1.1032E+01  0.0000E+00  0.0000E+00
  8.0000E+00  4.0000E+00  0.0000E+00  4.9900E+00  0.0000E+00  4.8335E+00  0.0000E+00  6.3780E-02  0.0000E+00  1.0000E+00  4.9900E+00  6.6517E+00  0.0000E+00  0.0000E+00
  8.0000E+00  6.0000E+00  0.0000E+00  6.1800E+00  0.0000E+00  8.2574E+00  0.0000E+00 -4.9545E-01  0.0000E+00  1.0000E+00  6.1800E+00  1.0510E+01  0.0000E+00  0.0000E+00
  8.0000E+00  8.0000E+00  0.0000E+00  4.5600E+00  0.0000E+00  7.3616E+00  0.0000E+00 -7.4949E-01  0.0000E+00  1.0000E+00  4.5600E+00  9.5614E+00  0.0000E+00  0.0000E+00
  8.0000E+00  1.2000E+01  0.0000E+00  5.4200E+00  0.0000E+00  4.0926E+00  0.0000E+00  6.3873E-01  0.0000E+00  1.0000E+00  5.4200E+00  5.9588E+00  0.0000E+00  0.0000E+00
  8.0000E+00  2.4000E+01  0.0000E+00  5.0000E-01  0.0000E+00  5.3451E-02  0.0000E+00  1.6453E+01  1.0000E+00  1.0000E+00  5.0000E-01  1.0000E+00  0.0000E+00  0.0000E+00
  9.0000E+00  0.0000E+00  6.5700E+04  0.0000E+00  1.0000E+00  0.0000E+00  0.0000E+00  0.0000E+00  0.0000E+00  1.0000E+00  0.0000E+00  1.0000E+00  0.0000E+00  0.0000E+00
  9.0000E+00  0.0000E+00  6.5700E+04  0.0000E+00  1.0000E+00  0.0000E+00  0.0000E+00  0.0000E+00  0.0000E+00  1.0000E+00  0.0000E+00  1.0000E+00  0.0000E+00  0.0000E+00
  9.0000E+00  0.0000E+00  0.0000E+00  0.0000E+00  0.0000E+00  0.0000E+00  0.0000E+00  0.0000E+00  0.0000E+00  1.0000E+00  0.0000E+00  1.0000E+00  0.0000E+00  0.0000E+00
  9.0000E+00  2.5000E-01  0.0000E+00  6.1100E+01  0.0000E+00  4.9108E+01  0.0000E+00  4.8091E-01  0.0000E+00  1.0000E+00  6.1100E+01  1.2682E+01  0.0000E+00  0.0000E+00
  9.0000E+00  5.0000E-01  0.0000E+00  1.5100E+02  0.0000E+00  6.6158E+01  0.0000E+00  2.5256E+00  0.0000E+00  1.0000E+00  1.5100E+02  2.1038E+01  0.0000E+00  0.0000E+00
  9.0000E+00  1.0000E+00  0.0000E+00  6.1800E+01  0.0000E+00  6.8001E+01  0.0000E+00 -1.7959E-01  0.0000E+00  1.0000E+00  6.1800E+01  2.9290E+01  0.0000E+00  0.0000E+00
  9.0000E+00  2.0000E+00  0.0000E+00  2.9100E+01  0.0000E+00  5.0822E+01  0.0000E+00 -8.4174E-01  0.0000E+00  1.0000E+00  2.9100E+01  2.9704E+01  0.0000E+00  0.0000E+00
  9.0000E+00  4.0000E+00  0.0000E+00  1.2200E+01  0.0000E+00  2.6105E+01  0.0000E+00 -1.0490E+00  0.0000E+00  1.0000E+00  1.2200E+01  1.7911E+01  0.0000E+00  0.0000E+00
  9.0000E+00  6.0000E+00  0.0000E+00  3.5300E+01  0.0000E+00  5.0031E+01  0.0000E+00 -5.7986E-01  0.0000E+00  1.0000E+00  3.5300E+01  2.8299E+01  0.0000E+00  0.0000E+00
  9.0000E+00  8.0000E+00  0.0000E+00  3.1900E+01  0.0000E+00  4.4076E+01  0.0000E+00 -5.4406E-01  0.0000E+00  1.0000E+00  3.1900E+01  2.5745E+01  0.0000E+00  0.0000E+00
  9.0000E+00  1.2000E+01  0.0000E+00  2.0000E+01  0.0000E+00  1.5318E+01  0.0000E+00  6.0202E-01  0.0000E+00  1.0000E+00  2.0000E+01  1.6045E+01  0.0000E+00  0.0000E+00
  9.0000E+00  2.4000E+01  0.0000E+00  5.0000E-01  0.0000E+00  2.8735E-01  0.0000E+00  1.4574E+00  1.0000E+00  1.0000E+00  5.0000E-01  1.0000E+00  0.0000E+00  0.0000E+00
  1.0000E+01  0.0000E+00  7.0500E+04  0.0000E+00  1.0000E+00  0.0000E+00  0.0000E+00  0.0000E+00  0.0000E+00  1.0000E+00  0.0000E+00  1.0000E+00  0.0000E+00  0.0000E+00
  1.0000E+01  0.0000E+00  7.0500E+04  0.0000E+00  1.0000E+00  0.0000E+00  0.0000E+00  0.0000E+00  0.0000E+00  1.0000E+00  0.0000E+00  1.0000E+00  0.0000E+00  0.0000E+00
  1.0000E+01  0.0000E+00  0.0000E+00  0.0000E+00  0.0000E+00  0.0000E+00  0.0000E+00  0.0000E+00  0.0000E+00  1.0000E+00  0.0000E+00  1.0000E+00  0.0000E+00  0.0000E+00
  1.0000E+01  2.5000E-01  0.0000E+00  7.4900E+00  0.0000E+00  1.1887E+01  0.0000E+00 -7.2850E-01  0.0000E+00  1.0000E+00  7.4900E+00  1.3608E+01  0.0000E+00  0.0000E+00
  1.0000E+01  5.0000E-01  0.0000E+00  1.1400E+01  0.0000E+00  2.1172E+01  0.0000E+00 -9.0896E-01  0.0000E+00  1.0000E+00  1.1400E+01  2.2575E+01  0.0000E+00  0.0000E+00
  1.0000E+01  1.0000E+00  0.0000E+00  4.4700E+01  0.0000E+00  3.3620E+01  0.0000E+00  6.4905E-01  0.0000E+00  1.0000E+00  4.4700E+01  3.1430E+01  0.0000E+00  0.0000E+00
  1.0000E+01  2.0000E+00  0.0000E+00  4.1200E+01  0.0000E+00  4.2597E+01  0.0000E+00 -6.4602E-02  0.0000E+00  1.0000E+00  4.1200E+01  3.1874E+01  0.0000E+00  0.0000E+00
  1.0000E+01  4.0000E+00  0.0000E+00  4.5400E+01  0.0000E+00  3.4899E+01  0.0000E+00  5.9259E-01  0.0000E+00  1.0000E+00  4.5400E+01  1.9219E+01  0.0000E+00  0.0000E+00
  1.0000E+01  6.0000E+00  0.0000E+00  7.5200E+01  0.0000E+00  4.7359E+01  0.0000E+00  1.1578E+00  0.0000E+00  1.0000E+00  7.5200E+01  3.0366E+01  0.0000E+00  0.0000E+00
  1.0000E+01  8.0000E+00  0.0000E+00  7.7200E+01  0.0000E+00  4.6195E+01  0.0000E+00  1.3218E+00  0.0000E+00  1.0000E+00  7.7200E+01  2.7626E+01  0.0000E+00  0.0000E+00
  1.0000E+01  1.2000E+01  0.0000E+00  4.3900E+01  0.0000E+00  3.4871E+01  0.0000E+00  5.0992E-01  0.0000E+00  1.0000E+00  4.3900E+01  1.7217E+01  0.0000E+00  0.0000E+00
  1.0000E+01  2.4000E+01  0.0000E+00  5.0000E-01  0.0000E+00  5.5565E-01  0.0000E+00 -1.9724E-01  1.0000E+00  1.0000E+00  5.0000E-01  1.0000E+00  0.0000E+00  0.0000E+00
  1.1000E+01  0.0000E+00  7.8600E+04  0.0000E+00  1.0000E+00  0.0000E+00  0.0000E+00  0.0000E+00  0.0000E+00  1.0000E+00  0.0000E+00  1.0000E+00  0.0000E+00  0.0000E+00
  1.1000E+01  0.0000E+00  7.8600E+04  0.0000E+00  1.0000E+00  0.0000E+00  0.0000E+00  0.0000E+00  0.0000E+00  1.0000E+00  0.0000E+00  1.0000E+00  0.0000E+00  0.0000E+00
  1.1000E+01  0.0000E+00  0.0000E+00  0.0000E+00  0.0000E+00  0.0000E+00  0.0000E+00  0.0000E+00  0.0000E+00  1.0000E+00  0.0000E+00  1.0000E+00  0.0000E+00  0.0000E+00
  1.1000E+01  2.5000E-01  0.0000E+00  4.7300E+00  0.0000E+00  1.6150E+01  0.0000E+00 -1.3926E+00  0.0000E+00  1.0000E+00  4.7300E+00  1.5172E+01  0.0000E+00  0.0000E+00
  1.1000E+01  5.0000E-01  0.0000E+00  8.1400E+00  0.0000E+00  2.7957E+01  0.0000E+00 -1.3960E+00  0.0000E+00  1.0000E+00  8.1400E+00  2.5169E+01  0.0000E+00  0.0000E+00
  1.1000E+01  1.0000E+00  0.0000E+00  1.2200E+01  0.0000E+00  4.2059E+01  0.0000E+00 -1.3981E+00  0.0000E+00  1.0000E+00  1.2200E+01  3.5041E+01  0.0000E+00  0.0000E+00
  1.1000E+01  2.0000E+00  0.0000E+00  1.1000E+02  0.0000E+00  4.8354E+01  0.0000E+00  2.5108E+00  0.0000E+00  1.0000E+00  1.1000E+02  3.5536E+01  0.0000E+00  0.0000E+00
  1.1000E+01  4.0000E+00  0.0000E+00  1.7000E+01  0.0000E+00  3.3991E+01  0.0000E+00 -9.8444E-01  0.0000E+00  1.0000E+00  1.7000E+01  2.1427E+01  0.0000E+00  0.0000E+00
  1.1000E+01  6.0000E+00  0.0000E+00  1.3500E+01  0.0000E+00  4.8807E+01  0.0000E+00 -1.4247E+00  0.0000E+00  1.0000E+00  1.3500E+01  3.3855E+01  0.0000E+00  0.0000E+00
  1.1000E+01  8.0000E+00  0.0000E+00  4.1300E+01  0.0000E+00  4.5952E+01  0.0000E+00 -1.9938E-01  0.0000E+00  1.0000E+00  4.1300E+01  3.0800E+01  0.0000E+00  0.0000E+00
  1.1000E+01  1.2000E+01  0.0000E+00  4.7700E+01  0.0000E+00  3.1918E+01  0.0000E+00  9.7374E-01  0.0000E+00  1.0000E+00  4.7700E+01  1.9195E+01  0.0000E+00  0.0000E+00
  1.1000E+01  2.4000E+01  0.0000E+00  5.0000E-01  0.0000E+00  4.2117E-01  0.0000E+00  3.6860E-01  1.0000E+00  1.0000E+00  5.0000E-01  1.0000E+00  0.0000E+00  0.0000E+00
  1.5000E+01  0.0000E+00  2.2700E+05  0.0000E+00  1.0000E+00  0.0000E+00  0.0000E+00  0.0000E+00  0.0000E+00  1.0000E+00  0.0000E+00  1.0000E+00  0.0000E+00  0.0000E+00
  1.5000E+01  0.0000E+00  2.2700E+05  0.0000E+00  1.0000E+00  0.0000E+00  0.0000E+00  0.0000E+00  0.0000E+00  1.0000E+00  0.0000E+00  1.0000E+00  0.0000E+00  0.0000E+00
  1.5000E+01  0.0000E+00  0.0000E+00  0.0000E+00  0.0000E+00  0.0000E+00  0.0000E+00  0.0000E+00  0.0000E+00  1.0000E+00  0.0000E+00  1.0000E+00  0.0000E+00  0.0000E+00
  1.5000E+01  2.5000E-01  0.0000E+00  1.1600E+01  0.0000E+00  1.9567E+01  0.0000E+00 -8.0187E-01  0.0000E+00  1.0000E+00  1.1600E+01  4.3816E+01  0.0000E+00  0.0000E+00
  1.5000E+01  5.0000E-01  0.0000E+00  4.0600E+01  0.0000E+00  3.3237E+01  0.0000E+00  4.3629E-01  0.0000E+00  1.0000E+00  4.0600E+01  7.2688E+01  0.0000E+00  0.0000E+00
  1.5000E+01  1.0000E+00  0.0000E+00  7.2100E+01  0.0000E+00  4.8279E+01  0.0000E+00  9.7168E-01  0.0000E+00  1.0000E+00  7.2100E+01  1.0120E+02  0.0000E+00  0.0000E+00
  1.5000E+01  2.0000E+00  0.0000E+00  3.9700E+01  0.0000E+00  5.2331E+01  0.0000E+00 -4.7534E-01  0.0000E+00  1.0000E+00  3.9700E+01  1.0263E+02  0.0000E+00  0.0000E+00
  1.5000E+01  4.0000E+00  0.0000E+00  4.5700E+01  0.0000E+00  3.4008E+01  0.0000E+00  6.7706E-01  0.0000E+00  1.0000E+00  4.5700E+01  6.1883E+01  0.0000E+00  0.0000E+00
  1.5000E+01  6.0000E+00  0.0000E+00  6.1800E+01  0.0000E+00  5.1016E+01  0.0000E+00  4.1628E-01  0.0000E+00  1.0000E+00  6.1800E+01  9.7775E+01  0.0000E+00  0.0000E+00
  1.5000E+01  8.0000E+00  0.0000E+00  5.6100E+01  0.0000E+00  4.7203E+01  0.0000E+00  3.7121E-01  0.0000E+00  1.0000E+00  5.6100E+01  8.8952E+01  0.0000E+00  0.0000E+00
  1.5000E+01  1.2000E+01  0.0000E+00  2.7000E+01  0.0000E+00  3.1214E+01  0.0000E+00 -2.6589E-01  0.0000E+00  1.0000E+00  2.7000E+01  5.5436E+01  0.0000E+00  0.0000E+00
  1.5000E+01  2.4000E+01  0.0000E+00  5.0000E-01  0.0000E+00  3.9682E-01  0.0000E+00  5.1205E-01  1.0000E+00  1.0000E+00  5.0000E-01  8.0301E-01  0.0000E+00  0.0000E+00
  1.6000E+01  0.0000E+00  2.1500E+05  0.0000E+00  1.0000E+00  0.0000E+00  0.0000E+00  0.0000E+00  0.0000E+00  1.0000E+00  0.0000E+00  1.0000E+00  0.0000E+00  0.0000E+00
  1.6000E+01  0.0000E+00  2.1500E+05  0.0000E+00  1.0000E+00  0.0000E+00  0.0000E+00  0.0000E+00  0.0000E+00  1.0000E+00  0.0000E+00  1.0000E+00  0.0000E+00  0.0000E+00
  1.6000E+01  0.0000E+00  0.0000E+00  0.0000E+00  0.0000E+00  0.0000E+00  0.0000E+00  0.0000E+00  0.0000E+00  1.0000E+00  0.0000E+00  1.0000E+00  0.0000E+00  0.0000E+00
  1.6000E+01  2.5000E-01  0.0000E+00  6.4700E+00  0.0000E+00  5.9772E+01  0.0000E+00 -1.7562E+00  0.0000E+00  1.0000E+00  6.4700E+00  4.1500E+01  0.0000E+00  0.0000E+00
  1.6000E+01  5.0000E-01  0.0000E+00  1.1400E+01  0.0000E+00  1.0183E+02  0.0000E+00 -1.7489E+00  0.0000E+00  1.0000E+00  1.1400E+01  6.8845E+01  0.0000E+00  0.0000E+00
  1.6000E+01  1.0000E+00  0.0000E+00  1.5500E+02  0.0000E+00  1.4871E+02  0.0000E+00  8.3301E-02  0.0000E+00  1.0000E+00  1.5500E+02  9.5850E+01  0.0000E+00  0.0000E+00
  1.6000E+01  2.0000E+00  0.0000E+00  1.9400E+02  0.0000E+00  1.6261E+02  0.0000E+00  3.8014E-01  0.0000E+00  1.0000E+00  1.9400E+02  9.7204E+01  0.0000E+00  0.0000E+00
  1.6000E+01  4.0000E+00  0.0000E+00  8.8000E+01  0.0000E+00  1.0685E+02  0.0000E+00 -3.4737E-01  0.0000E+00  1.0000E+00  8.8000E+01  5.8612E+01  0.0000E+00  0.0000E+00
  1.6000E+01  6.0000E+00  0.0000E+00  3.2400E+02  0.0000E+00  1.5920E+02  0.0000E+00  2.0386E+00  0.0000E+00  1.0000E+00  3.2400E+02  9.2606E+01  0.0000E+00  0.0000E+00
  1.6000E+01  8.0000E+00  0.0000E+00  2.5300E+02  0.0000E+00  1.4766E+02  0.0000E+00  1.4049E+00  0.0000E+00  1.0000E+00  2.5300E+02  8.4250E+01  0.0000E+00  0.0000E+00
  1.6000E+01  1.2000E+01  0.0000E+00  7.2500E+01  0.0000E+00  9.8377E+01  0.0000E+00 -5.1802E-01  0.0000E+00  1.0000E+00  7.2500E+01  5.2505E+01  0.0000E+00  0.0000E+00
  1.6000E+01  2.4000E+01  0.0000E+00  5.0000E-01  0.0000E+00  1.2551E+00  0.0000E+00 -1.1848E+00  1.0000E+00  1.0000E+00  5.0000E-01  8.4373E-01  0.0000E+00  0.0000E+00
  1.7000E+01  0.0000E+00  2.4900E+05  0.0000E+00  1.0000E+00  0.0000E+00  0.0000E+00  0.0000E+00  0.0000E+00  1.0000E+00  0.0000E+00  1.0000E+00  0.0000E+00  0.0000E+00
  1.7000E+01  0.0000E+00  2.4900E+05  0.0000E+00  1.0000E+00  0.0000E+00  0.0000E+00  0.0000E+00  0.0000E+00  1.0000E+00  0.0000E+00  1.0000E+00  0.0000E+00  0.0000E+00
  1.7000E+01  0.0000E+00  0.0000E+00  0.0000E+00  0.0000E+00  0.0000E+00  0.0000E+00  0.0000E+00  0.0000E+00  1.0000E+00  0.0000E+00  1.0000E+00  0.0000E+00  0.0000E+00
  1.7000E+01  2.5000E-01  0.0000E+00  1.0800E+01  0.0000E+00  1.6252E+01  0.0000E+00 -6.6064E-01  0.0000E+00  1.0000E+00  1.0800E+01  4.8063E+01  0.0000E+00  0.0000E+00
  1.7000E+01  5.0000E-01  0.0000E+00  1.7400E+01  0.0000E+00  2.8882E+01  0.0000E+00 -7.8294E-01  0.0000E+00  1.0000E+00  1.7400E+01  7.9733E+01  0.0000E+00  0.0000E+00
  1.7000E+01  1.0000E+00  0.0000E+00  4.2300E+01  0.0000E+00  4.5672E+01  0.0000E+00 -1.4541E-01  0.0000E+00  1.0000E+00  4.2300E+01  1.1101E+02  0.0000E+00  0.0000E+00
  1.7000E+01  2.0000E+00  0.0000E+00  4.8500E+01  0.0000E+00  5.7419E+01  0.0000E+00 -3.0591E-01  0.0000E+00  1.0000E+00  4.8500E+01  1.1258E+02  0.0000E+00  0.0000E+00
  1.7000E+01  4.0000E+00  0.0000E+00  5.4500E+01  0.0000E+00  4.6422E+01  0.0000E+00  3.4270E-01  0.0000E+00  1.0000E+00  5.4500E+01  6.7880E+01  0.0000E+00  0.0000E+00
  1.7000E+01  6.0000E+00  0.0000E+00  1.3500E+02  0.0000E+00  6.3210E+01  0.0000E+00  2.2367E+00  0.0000E+00  1.0000E+00  1.3500E+02  1.0725E+02  0.0000E+00  0.0000E+00
  1.7000E+01  8.0000E+00  0.0000E+00  6.3900E+01  0.0000E+00  6.1456E+01  0.0000E+00  7.8315E-02  0.0000E+00  1.0000E+00  6.3900E+01  9.7573E+01  0.0000E+00  0.0000E+00
  1.7000E+01  1.2000E+01  0.0000E+00  3.6300E+01  0.0000E+00  4.6063E+01  0.0000E+00 -4.1740E-01  0.0000E+00  1.0000E+00  3.6300E+01  6.0809E+01  0.0000E+00  0.0000E+00
  1.7000E+01  2.4000E+01  0.0000E+00  5.0000E-01  0.0000E+00  7.1535E-01  0.0000E+00 -5.9286E-01  1.0000E+00  1.0000E+00  5.0000E-01  7.2678E-01  0.0000E+00  0.0000E+00
