  1      0   10000          1 1        0 1 1 1   10 2 1 1
  1      0                0 0 1          1 1 1   10 2 1 0
  1  0.033         7333.591 0 1          1 1 1   10 2 1 0
  1  0.083         1191.499 0 1          1 1 1   10 2 1 0
  1   0.25          879.315 0 1          1 1 1   10 2 1 0
  1    0.5          1256.22 0 1          1 1 1   10 2 1 0
  1    0.7          231.888 0 1          1 1 1   10 2 1 0
  1      1          307.939 0 1          1 1 1   10 2 1 0
  1      2            0.897 0 1          1 1 1   10 2 1 0
  1      4            1.016 0 1          1 1 1   10 2 1 0
  1      6                  1 1          1 1 1   10 2 1 2
  1      8            0.609 0 1          1 1 1   10 2 1 0
  2      0   10000          1 1        0 1 1 1   10 2 1 1
  2      0                0 0 1          1 1 1   10 2 1 0
  2  0.033         4663.908 0 1          1 1 1   10 2 1 0
  2  0.083         1178.814 0 1          1 1 1   10 2 1 0
  2   0.25          525.943 0 1          1 1 1   10 2 1 0
  2    0.5          356.473 0 1          1 1 1   10 2 1 0
  2   0.75            21.36 0 1          1 1 1   10 2 1 0
  2      1          551.863 0 1          1 1 1   10 2 1 0
  2      2            4.798 0 1          1 1 1   10 2 1 0
  2      4            0.033 0 1          1 1 1   10 2 1 0
  2      6            0.597 0 1          1 1 1   10 2 1 0
  2      8            0.846 0 1          1 1 1   10 2 1 0
  3      0   10000          1 1        0 1 1 1   10 2 1 1
  3      0                0 0 1          1 1 1   10 2 1 0
  3  0.033         3794.482 0 1          1 1 1   10 2 1 0
  3  0.083         1258.792 0 1          1 1 1   10 2 1 0
  3   0.25          546.447 0 1          1 1 1   10 2 1 0
  3    0.5           49.878 0 1          1 1 1   10 2 1 0
  3   0.75           16.505 0 1          1 1 1   10 2 1 0
  3      1            6.693 0 1          1 1 1   10 2 1 0
  3      2            3.601 0 1          1 1 1   10 2 1 0
  3      4            1.197 0 1          1 1 1   10 2 1 0
  3      6            3.047 0 1          1 1 1   10 2 1 0
  3      8             0.38 0 1          1 1 1   10 2 1 0
  4      0   10000          1 1       -2 1 1 1   10 1 1 1
  4      0                0 0 1          1 1 1   10 1 1 0
  4  0.033           21.445 0 1          1 1 1   10 1 1 0
  4  0.083           25.683 0 1          1 1 1   10 1 1 0
  4   0.25           44.576 0 1          1 1 1   10 1 1 0
  4    0.5           21.491 0 1          1 1 1   10 1 1 0
  4   0.75           76.971 0 1          1 1 1   10 1 1 0
  4      1            7.457 0 1          1 1 1   10 1 1 0
  4      2            3.196 0 1          1 1 1   10 1 1 0
  4      3            16.55 0 1          1 1 1   10 1 1 0
  4      4            3.849 0 1          1 1 1   10 1 1 0
  4      6                  1 1          1 1 1   10 1 1 2
  4      8                  1 1          1 1 1   10 1 1 2
  5      0   10000          1 1       -2 1 1 1   10 1 1 1
  5      0                0 0 1          1 1 1   10 1 1 0
  5  0.033           16.601 0 1          1 1 1   10 1 1 0
  5  0.083            9.523 0 1          1 1 1   10 1 1 0
  5   0.25           30.571 0 1          1 1 1   10 1 1 0
  5    0.5           47.158 0 1          1 1 1   10 1 1 0
  5   0.75           19.559 0 1          1 1 1   10 1 1 0
  5      1           59.384 0 1          1 1 1   10 1 1 0
  5      2            1.146 0 1          1 1 1   10 1 1 0
  5      3            2.559 0 1          1 1 1   10 1 1 0
  5      4            7.778 0 1          1 1 1   10 1 1 0
  5      6            0.162 0 1          1 1 1   10 1 1 0
  5      8            0.551 0 1          1 1 1   10 1 1 0
  6      0   10000          1 1       -2 1 1 1   10 1 1 1
  6      0                0 0 1          1 1 1   10 1 1 0
  6  0.033           22.373 0 1          1 1 1   10 1 1 0
  6  0.083           46.713 0 1          1 1 1   10 1 1 0
  6   0.25            5.011 0 1          1 1 1   10 1 1 0
  6    0.5           46.163 0 1          1 1 1   10 1 1 0
  6   0.75           15.363 0 1          1 1 1   10 1 1 0
  6      1           22.338 0 1          1 1 1   10 1 1 0
  6      2           24.323 0 1          1 1 1   10 1 1 0
  6      3             1.84 0 1          1 1 1   10 1 1 0
  6      4            2.796 0 1          1 1 1   10 1 1 0
  6      6              2.7 0 1          1 1 1   10 1 1 0
  6      8            2.445 0 1          1 1 1   10 1 1 0
  7      0  125000          1 1       -2 1 1 1  125 1 1 1
  7      0                0 0 1          1 1 1  125 1 1 0
  7    0.5            5.352 0 1          1 1 1  125 1 1 0
  7      1            16.18 0 1          1 1 1  125 1 1 0
  7      2            4.443 0 1          1 1 1  125 1 1 0
  7      4           19.128 0 1          1 1 1  125 1 1 0
  7      8            5.687 0 1          1 1 1  125 1 1 0
  7     24              0.6 0 1          1 1 1  125 1 1 0
  8      0  125000          1 1       -2 1 1 1  125 1 1 1
  8      0                0 0 1          1 1 1  125 1 1 0
  8    0.5           31.708 0 1          1 1 1  125 1 1 0
  8      1           29.239 0 1          1 1 1  125 1 1 0
  8      2            9.145 0 1          1 1 1  125 1 1 0
  8      4            7.196 0 1          1 1 1  125 1 1 0
  8      8            3.941 0 1          1 1 1  125 1 1 0
  8     24              0.6 0 1          1 1 1  125 1 1 0
  9      0  125000          1 1       -2 1 1 1  125 1 1 1
  9      0                0 0 1          1 1 1  125 1 1 0
  9    0.5           25.875 0 1          1 1 1  125 1 1 0
  9      1            12.36 0 1          1 1 1  125 1 1 0
  9      2           25.667 0 1          1 1 1  125 1 1 0
  9      4           14.443 0 1          1 1 1  125 1 1 0
  9      8            6.726 0 1          1 1 1  125 1 1 0
  9     24            1.457 0 1          1 1 1  125 1 1 0
 10      0  250000          1 1       -2 1 1 1  250 1 1 1
 10      0                0 0 1          1 1 1  250 1 1 0
 10    0.5           32.559 0 1          1 1 1  250 1 1 0
 10      1           27.382 0 1          1 1 1  250 1 1 0
 10      2           20.366 0 1          1 1 1  250 1 1 0
 10      4           31.808 0 1          1 1 1  250 1 1 0
 10      8           63.644 0 1          1 1 1  250 1 1 0
 10     24            2.516 0 1          1 1 1  250 1 1 0
 11      0  250000          1 1       -2 1 1 1  250 1 1 1
 11      0                0 0 1          1 1 1  250 1 1 0
 11    0.5           22.787 0 1          1 1 1  250 1 1 0
 11      1           47.157 0 1          1 1 1  250 1 1 0
 11      2            4.356 0 1          1 1 1  250 1 1 0
 11      4           11.033 0 1          1 1 1  250 1 1 0
 11      8              9.2 0 1          1 1 1  250 1 1 0
 11     24              0.6 0 1          1 1 1  250 1 1 0
 12      0  250000          1 1       -2 1 1 1  250 1 1 1
 12      0                0 0 1          1 1 1  250 1 1 0
 12    0.5           29.301 0 1          1 1 1  250 1 1 0
 12      1           14.208 0 1          1 1 1  250 1 1 0
 12      2           11.723 0 1          1 1 1  250 1 1 0
 12      4            8.516 0 1          1 1 1  250 1 1 0
 12      8            8.299 0 1          1 1 1  250 1 1 0
 12     24            1.262 0 1          1 1 1  250 1 1 0
 13      0  500000          1 1       -2 1 1 1  500 1 1 1
 13      0                0 0 1          1 1 1  500 1 1 0
 13    0.5           55.055 0 1          1 1 1  500 1 1 0
 13      1           19.613 0 1          1 1 1  500 1 1 0
 13      2           23.639 0 1          1 1 1  500 1 1 0
 13      4           13.103 0 1          1 1 1  500 1 1 0
 13      8           13.568 0 1          1 1 1  500 1 1 0
 13     24           17.556 0 1          1 1 1  500 1 1 0
 14      0  500000          1 1       -2 1 1 1  500 1 1 1
 14      0                0 0 1          1 1 1  500 1 1 0
 14    0.5            49.29 0 1          1 1 1  500 1 1 0
 14      1           30.508 0 1          1 1 1  500 1 1 0
 14      2           26.968 0 1          1 1 1  500 1 1 0
 14      4           22.871 0 1          1 1 1  500 1 1 0
 14      8           21.883 0 1          1 1 1  500 1 1 0
 14     24              0.6 0 1          1 1 1  500 1 1 0
 15      0  500000          1 1       -2 1 1 1  500 1 1 1
 15      0                0 0 1          1 1 1  500 1 1 0
 15    0.5           63.812 0 1          1 1 1  500 1 1 0
 15      1            7.177 0 1          1 1 1  500 1 1 0
 15      2           34.378 0 1          1 1 1  500 1 1 0
 15      4           18.738 0 1          1 1 1  500 1 1 0
 15      8           35.351 0 1          1 1 1  500 1 1 0
 15     24           20.765 0 1          1 1 1  500 1 1 0
 16      0  125000          1 1       -2 1 2 1  125 1 1 1
 16      0                0 0 1          1 2 1  125 1 1 0
 16    0.5            8.162 0 1          1 2 1  125 1 1 0
 16      1           16.289 0 1          1 2 1  125 1 1 0
 16      2            4.886 0 1          1 2 1  125 1 1 0
 16      4            8.051 0 1          1 2 1  125 1 1 0
 16      8            3.213 0 1          1 2 1  125 1 1 0
 16     24              0.6 0 1          1 2 1  125 1 1 0
 17      0  125000          1 1       -2 1 2 1  125 1 1 1
 17      0                0 0 1          1 2 1  125 1 1 0
 17    0.5           24.603 0 1          1 2 1  125 1 1 0
 17      1            7.208 0 1          1 2 1  125 1 1 0
 17      2             5.45 0 1          1 2 1  125 1 1 0
 17      4            2.712 0 1          1 2 1  125 1 1 0
 17      8            5.692 0 1          1 2 1  125 1 1 0
 17     24              0.6 0 1          1 2 1  125 1 1 0
 18      0  125000          1 1       -2 1 2 1  125 1 1 1
 18      0                0 0 1          1 2 1  125 1 1 0
 18    0.5           10.414 0 1          1 2 1  125 1 1 0
 18      1            3.239 0 1          1 2 1  125 1 1 0
 18      2            7.208 0 1          1 2 1  125 1 1 0
 18      4            2.685 0 1          1 2 1  125 1 1 0
 18      8            4.986 0 1          1 2 1  125 1 1 0
 18     24              0.6 0 1          1 2 1  125 1 1 0
 19      0  250000          1 1       -2 1 2 1  250 1 1 1
 19      0                0 0 1          1 2 1  250 1 1 0
 19    0.5           28.991 0 1          1 2 1  250 1 1 0
 19      1            7.388 0 1          1 2 1  250 1 1 0
 19      2            5.663 0 1          1 2 1  250 1 1 0
 19      4            9.286 0 1          1 2 1  250 1 1 0
 19      8            4.047 0 1          1 2 1  250 1 1 0
 19     24              0.6 0 1          1 2 1  250 1 1 0
 20      0  250000          1 1       -2 1 2 1  250 1 1 1
 20      0                0 0 1          1 2 1  250 1 1 0
 20    0.5           20.607 0 1          1 2 1  250 1 1 0
 20      1            12.83 0 1          1 2 1  250 1 1 0
 20      2           12.017 0 1          1 2 1  250 1 1 0
 20      4            6.588 0 1          1 2 1  250 1 1 0
 20      8            2.871 0 1          1 2 1  250 1 1 0
 20     24              0.6 0 1          1 2 1  250 1 1 0
 21      0  250000          1 1       -2 1 2 1  250 1 1 1
 21      0                0 0 1          1 2 1  250 1 1 0
 21    0.5           20.194 0 1          1 2 1  250 1 1 0
 21      1           13.124 0 1          1 2 1  250 1 1 0
 21      2            6.508 0 1          1 2 1  250 1 1 0
 21      4            1.815 0 1          1 2 1  250 1 1 0
 21      8            6.661 0 1          1 2 1  250 1 1 0
 21     24              0.6 0 1          1 2 1  250 1 1 0
 22      0  500000          1 1       -2 1 2 1  500 1 1 1
 22      0                0 0 1          1 2 1  500 1 1 0
 22    0.5           20.892 0 1          1 2 1  500 1 1 0
 22      1           20.896 0 1          1 2 1  500 1 1 0
 22      2           16.873 0 1          1 2 1  500 1 1 0
 22      4            5.738 0 1          1 2 1  500 1 1 0
 22      8           14.398 0 1          1 2 1  500 1 1 0
 22     24            1.113 0 1          1 2 1  500 1 1 0
 23      0  500000          1 1       -2 1 2 1  500 1 1 1
 23      0                0 0 1          1 2 1  500 1 1 0
 23    0.5            63.52 0 1          1 2 1  500 1 1 0
 23      1           27.973 0 1          1 2 1  500 1 1 0
 23      2           12.101 0 1          1 2 1  500 1 1 0
 23      4            7.779 0 1          1 2 1  500 1 1 0
 23      8           11.122 0 1          1 2 1  500 1 1 0
 23     24              0.6 0 1          1 2 1  500 1 1 0
 24      0  500000          1 1       -2 1 2 1  500 1 1 1
 24      0                0 0 1          1 2 1  500 1 1 0
 24    0.5           62.078 0 1          1 2 1  500 1 1 0
 24      1           17.933 0 1          1 2 1  500 1 1 0
 24      2           20.081 0 1          1 2 1  500 1 1 0
 24      4           13.612 0 1          1 2 1  500 1 1 0
 24      8           73.308 0 1          1 2 1  500 1 1 0
 24     24            1.259 0 1          1 2 1  500 1 1 0
 25      0  125000          1 1 27 24 -2 1 1 2  125 1 1 1
 25  648.5           74.066 0 1          1 1 2  125 1 1 0
 25    649           30.944 0 1          1 1 2  125 1 1 0
 25    650            6.125 0 1          1 1 2  125 1 1 0
 25    652           30.089 0 1          1 1 2  125 1 1 0
 25    656           84.092 0 1          1 1 2  125 1 1 0
 25    672            8.009 0 1          1 1 2  125 1 1 0
 26      0  125000          1 1 27 24 -2 1 1 2  125 1 1 1
 26  648.5           50.296 0 1          1 1 2  125 1 1 0
 26    649          146.332 0 1          1 1 2  125 1 1 0
 26    650            8.666 0 1          1 1 2  125 1 1 0
 26    652            31.89 0 1          1 1 2  125 1 1 0
 26    656           21.724 0 1          1 1 2  125 1 1 0
 26    672            2.522 0 1          1 1 2  125 1 1 0
 27      0  125000          1 1 27 24 -2 1 1 2  125 1 1 1
 27  648.5          212.516 0 1          1 1 2  125 1 1 0
 27    649           30.835 0 1          1 1 2  125 1 1 0
 27    650          146.408 0 1          1 1 2  125 1 1 0
 27    652            9.823 0 1          1 1 2  125 1 1 0
 27    656            32.82 0 1          1 1 2  125 1 1 0
 27    672            6.001 0 1          1 1 2  125 1 1 0
 28      0  250000          1 1 27 24 -2 1 1 2  250 1 1 1
 28  648.5           64.244 0 1          1 1 2  250 1 1 0
 28    649           37.738 0 1          1 1 2  250 1 1 0
 28    650            9.722 0 1          1 1 2  250 1 1 0
 28    652           20.965 0 1          1 1 2  250 1 1 0
 28    656           103.45 0 1          1 1 2  250 1 1 0
 28    672            2.154 0 1          1 1 2  250 1 1 0
 29      0  250000          1 1 27 24 -2 1 1 2  250 1 1 1
 29  648.5          146.117 0 1          1 1 2  250 1 1 0
 29    649           24.291 0 1          1 1 2  250 1 1 0
 29    650            24.49 0 1          1 1 2  250 1 1 0
 29    652            82.62 0 1          1 1 2  250 1 1 0
 29    656           53.802 0 1          1 1 2  250 1 1 0
 29    672           17.604 0 1          1 1 2  250 1 1 0
 30      0  250000          1 1 27 24 -2 1 1 2  250 1 1 1
 30  648.5           24.478 0 1          1 1 2  250 1 1 0
 30    649           43.707 0 1          1 1 2  250 1 1 0
 30    650            21.75 0 1          1 1 2  250 1 1 0
 30    652           77.547 0 1          1 1 2  250 1 1 0
 30    656           17.104 0 1          1 1 2  250 1 1 0
 30    672            1.492 0 1          1 1 2  250 1 1 0
 31      0  500000          1 1 27 24 -2 1 1 2  500 1 1 1
 31  648.5          147.627 0 1          1 1 2  500 1 1 0
 31    649           60.196 0 1          1 1 2  500 1 1 0
 31    650           45.454 0 1          1 1 2  500 1 1 0
 31    652           37.415 0 1          1 1 2  500 1 1 0
 31    656          201.736 0 1          1 1 2  500 1 1 0
 31    672             4.07 0 1          1 1 2  500 1 1 0
 32      0  500000          1 1 27 24 -2 1 1 2  500 1 1 1
 32  648.5            24.42 0 1          1 1 2  500 1 1 0
 32    649           45.068 0 1          1 1 2  500 1 1 0
 32    650          150.024 0 1          1 1 2  500 1 1 0
 32    652           87.104 0 1          1 1 2  500 1 1 0
 32    656           60.706 0 1          1 1 2  500 1 1 0
 32    672            28.84 0 1          1 1 2  500 1 1 0
 33      0  500000          1 1 27 24 -2 1 1 2  500 1 1 1
 33  648.5           98.501 0 1          1 1 2  500 1 1 0
 33    649           53.954 0 1          1 1 2  500 1 1 0
 33    650            64.53 0 1          1 1 2  500 1 1 0
 33    652          133.172 0 1          1 1 2  500 1 1 0
 33    656           39.382 0 1          1 1 2  500 1 1 0
 33    672           30.098 0 1          1 1 2  500 1 1 0
 34      0  125000          1 1 27 24 -2 1 2 2  125 1 1 1
 34  648.5            35.01 0 1          1 2 2  125 1 1 0
 34    649            5.025 0 1          1 2 2  125 1 1 0
 34    650                  1 1          1 2 2  125 1 1 2
 34    652            6.269 0 1          1 2 2  125 1 1 0
 34    656            3.551 0 1          1 2 2  125 1 1 0
 34    672              0.6 0 1          1 2 2  125 1 1 0
 35      0  125000          1 1 27 24 -2 1 2 2  125 1 1 1
 35  648.5           21.542 0 1          1 2 2  125 1 1 0
 35    649            8.612 0 1          1 2 2  125 1 1 0
 35    650             6.89 0 1          1 2 2  125 1 1 0
 35    652            2.534 0 1          1 2 2  125 1 1 0
 35    656            5.978 0 1          1 2 2  125 1 1 0
 35    672              0.6 0 1          1 2 2  125 1 1 0
 36      0  125000          1 1 27 24 -2 1 2 2  125 1 1 1
 36  648.5           34.776 0 1          1 2 2  125 1 1 0
 36    649           13.631 0 1          1 2 2  125 1 1 0
 36    650            4.071 0 1          1 2 2  125 1 1 0
 36    652            4.767 0 1          1 2 2  125 1 1 0
 36    656            5.292 0 1          1 2 2  125 1 1 0
 36    672              0.6 0 1          1 2 2  125 1 1 0
 37      0  250000          1 1 27 24 -2 1 2 2  250 1 1 1
 37  648.5           28.486 0 1          1 2 2  250 1 1 0
 37    649           11.131 0 1          1 2 2  250 1 1 0
 37    650           15.256 0 1          1 2 2  250 1 1 0
 37    652           10.727 0 1          1 2 2  250 1 1 0
 37    656            4.578 0 1          1 2 2  250 1 1 0
 37    672            1.006 0 1          1 2 2  250 1 1 0
 38      0  250000          1 1 27 24 -2 1 2 2  250 1 1 1
 38  648.5             30.1 0 1          1 2 2  250 1 1 0
 38    649           26.832 0 1          1 2 2  250 1 1 0
 38    650           10.962 0 1          1 2 2  250 1 1 0
 38    652           15.374 0 1          1 2 2  250 1 1 0
 38    656           11.924 0 1          1 2 2  250 1 1 0
 38    672            2.036 0 1          1 2 2  250 1 1 0
 39      0  250000          1 1 27 24 -2 1 2 2  250 1 1 1
 39  648.5           40.823 0 1          1 2 2  250 1 1 0
 39    649           14.413 0 1          1 2 2  250 1 1 0
 39    650           12.523 0 1          1 2 2  250 1 1 0
 39    652            15.13 0 1          1 2 2  250 1 1 0
 39    656            5.841 0 1          1 2 2  250 1 1 0
 39    672            1.766 0 1          1 2 2  250 1 1 0
 40      0  500000          1 1 27 24 -2 1 2 2  500 1 1 1
 40  648.5           45.391 0 1          1 2 2  500 1 1 0
 40    649            34.48 0 1          1 2 2  500 1 1 0
 40    650            13.88 0 1          1 2 2  500 1 1 0
 40    652           20.645 0 1          1 2 2  500 1 1 0
 40    656           46.133 0 1          1 2 2  500 1 1 0
 40    672            0.971 0 1          1 2 2  500 1 1 0
 41      0  500000          1 1 27 24 -2 1 2 2  500 1 1 1
 41  648.5           64.231 0 1          1 2 2  500 1 1 0
 41    649           28.485 0 1          1 2 2  500 1 1 0
 41    650            9.464 0 1          1 2 2  500 1 1 0
 41    652           30.919 0 1          1 2 2  500 1 1 0
 41    656           25.956 0 1          1 2 2  500 1 1 0
 41    672              0.6 0 1          1 2 2  500 1 1 0
 42      0  500000          1 1 27 24 -2 1 2 2  500 1 1 1
 42  648.5           40.872 0 1          1 2 2  500 1 1 0
 42    649           14.567 0 1          1 2 2  500 1 1 0
 42    650           31.051 0 1          1 2 2  500 1 1 0
 42    652           10.596 0 1          1 2 2  500 1 1 0
 42    656           19.287 0 1          1 2 2  500 1 1 0
 42    672              0.6 0 1          1 2 2  500 1 1 0
 43      0  300000          1 1       -2 1 1 1  300 1 1 1
 43      0                0 0 1          1 1 1  300 1 1 0
 43    0.5           139.07 0 1          1 1 1  300 1 1 0
 43      1            59.99 0 1          1 1 1  300 1 1 0
 43      2            39.92 0 1          1 1 1  300 1 1 0
 43      4            22.69 0 1          1 1 1  300 1 1 0
 43      8            32.95 0 1          1 1 1  300 1 1 0
 44      0  300000          1 1       -2 1 1 1  300 1 1 1
 44      0                0 0 1          1 1 1  300 1 1 0
 44    0.5            73.19 0 1          1 1 1  300 1 1 0
 44      1            34.49 0 1          1 1 1  300 1 1 0
 44      2            30.34 0 1          1 1 1  300 1 1 0
 44      4             11.7 0 1          1 1 1  300 1 1 0
 44      8            27.96 0 1          1 1 1  300 1 1 0
 45      0  300000          1 1       -2 1 1 1  300 1 1 1
 45      0                0 0 1          1 1 1  300 1 1 0
 45    0.5            48.07 0 1          1 1 1  300 1 1 0
 45      1            41.74 0 1          1 1 1  300 1 1 0
 45      2            28.02 0 1          1 1 1  300 1 1 0
 45      4            16.53 0 1          1 1 1  300 1 1 0
 45      8            13.99 0 1          1 1 1  300 1 1 0
 46      0  800000          1 1       -2 1 1 1  800 1 1 1
 46      0                0 0 1          1 1 1  800 1 1 0
 46    0.5            78.27 0 1          1 1 1  800 1 1 0
 46      1             79.7 0 1          1 1 1  800 1 1 0
 46      2            43.45 0 1          1 1 1  800 1 1 0
 46      4            46.07 0 1          1 1 1  800 1 1 0
 46      8             82.9 0 1          1 1 1  800 1 1 0
 47      0  800000          1 1       -2 1 1 1  800 1 1 1
 47      0                0 0 1          1 1 1  800 1 1 0
 47    0.5            54.28 0 1          1 1 1  800 1 1 0
 47      1            13.12 0 1          1 1 1  800 1 1 0
 47      2            68.02 0 1          1 1 1  800 1 1 0
 47      4            58.22 0 1          1 1 1  800 1 1 0
 47      8            32.92 0 1          1 1 1  800 1 1 0
 48      0  800000          1 1       -2 1 1 1  800 1 1 1
 48      0                0 0 1          1 1 1  800 1 1 0
 48    0.5            36.88 0 1          1 1 1  800 1 1 0
 48      1            75.55 0 1          1 1 1  800 1 1 0
 48      2            48.52 0 1          1 1 1  800 1 1 0
 48      4            48.47 0 1          1 1 1  800 1 1 0
 48      8            16.48 0 1          1 1 1  800 1 1 0
 49      0 1500000          1 1       -2 1 1 1 1500 1 1 1
 49      0                0 0 1          1 1 1 1500 1 1 0
 49    0.5            84.14 0 1          1 1 1 1500 1 1 0
 49      1            56.53 0 1          1 1 1 1500 1 1 0
 49      2            39.12 0 1          1 1 1 1500 1 1 0
 49      4            31.62 0 1          1 1 1 1500 1 1 0
 49      8            23.63 0 1          1 1 1 1500 1 1 0
 50      0 1500000          1 1       -2 1 1 1 1500 1 1 1
 50      0                0 0 1          1 1 1 1500 1 1 0
 50    0.5           135.35 0 1          1 1 1 1500 1 1 0
 50      1           182.97 0 1          1 1 1 1500 1 1 0
 50      2            55.43 0 1          1 1 1 1500 1 1 0
 50      4             71.5 0 1          1 1 1 1500 1 1 0
 50      8            108.1 0 1          1 1 1 1500 1 1 0
 51      0 1500000          1 1       -2 1 1 1 1500 1 1 1
 51      0                0 0 1          1 1 1 1500 1 1 0
 51    0.5            61.34 0 1          1 1 1 1500 1 1 0
 51      2            60.58 0 1          1 1 1 1500 1 1 0
 51      4            58.89 0 1          1 1 1 1500 1 1 0
 51      8            75.56 0 1          1 1 1 1500 1 1 0
 52      0  300000          1 1       -2 1 2 1  300 1 1 1
 52      0                0 0 1          1 2 1  300 1 1 0
 52    0.5            49.57 0 1          1 2 1  300 1 1 0
 52      1            13.94 0 1          1 2 1  300 1 1 0
 52      2           339.56 0 1          1 2 1  300 1 1 0
 52      4            15.16 0 1          1 2 1  300 1 1 0
 52      8             2.48 0 1          1 2 1  300 1 1 0
 53      0  300000          1 1       -2 1 2 1  300 1 1 1
 53      0                0 0 1          1 2 1  300 1 1 0
 53    0.5            27.51 0 1          1 2 1  300 1 1 0
 53      1            24.07 0 1          1 2 1  300 1 1 0
 53      2            30.78 0 1          1 2 1  300 1 1 0
 53      4             6.72 0 1          1 2 1  300 1 1 0
 53      8            12.39 0 1          1 2 1  300 1 1 0
 54      0  300000          1 1       -2 1 2 1  300 1 1 1
 54      0                0 0 1          1 2 1  300 1 1 0
 54    0.5           103.59 0 1          1 2 1  300 1 1 0
 54      1            32.89 0 1          1 2 1  300 1 1 0
 54      2               19 0 1          1 2 1  300 1 1 0
 54      4            13.24 0 1          1 2 1  300 1 1 0
 54      8             9.32 0 1          1 2 1  300 1 1 0
 55      0  800000          1 1       -2 1 2 1  800 1 1 1
 55      0                0 0 1          1 2 1  800 1 1 0
 55    0.5            31.77 0 1          1 2 1  800 1 1 0
 55      1            80.99 0 1          1 2 1  800 1 1 0
 55      2            55.61 0 1          1 2 1  800 1 1 0
 55      4            25.94 0 1          1 2 1  800 1 1 0
 55      8            13.11 0 1          1 2 1  800 1 1 0
 56      0  800000          1 1       -2 1 2 1  800 1 1 1
 56      0                0 0 1          1 2 1  800 1 1 0
 56    0.5            46.71 0 1          1 2 1  800 1 1 0
 56      1            46.19 0 1          1 2 1  800 1 1 0
 56      2            51.68 0 1          1 2 1  800 1 1 0
 56      4            11.53 0 1          1 2 1  800 1 1 0
 56      8             1.96 0 1          1 2 1  800 1 1 0
 57      0  800000          1 1       -2 1 2 1  800 1 1 1
 57      0                0 0 1          1 2 1  800 1 1 0
 57    0.5            40.78 0 1          1 2 1  800 1 1 0
 57      2            30.77 0 1          1 2 1  800 1 1 0
 57      4            15.53 0 1          1 2 1  800 1 1 0
 57      8             2.68 0 1          1 2 1  800 1 1 0
 58      0 1500000          1 1       -2 1 2 1 1500 1 1 1
 58      0                0 0 1          1 2 1 1500 1 1 0
 58    0.5            36.03 0 1          1 2 1 1500 1 1 0
 58      1             82.8 0 1          1 2 1 1500 1 1 0
 58      2            77.57 0 1          1 2 1 1500 1 1 0
 58      4            27.97 0 1          1 2 1 1500 1 1 0
 58      8             35.9 0 1          1 2 1 1500 1 1 0
 59      0 1500000          1 1       -2 1 2 1 1500 1 1 1
 59      0                0 0 1          1 2 1 1500 1 1 0
 59    0.5            42.59 0 1          1 2 1 1500 1 1 0
 59      1            47.08 0 1          1 2 1 1500 1 1 0
 59      2           421.74 0 1          1 2 1 1500 1 1 0
 59      4            15.74 0 1          1 2 1 1500 1 1 0
 59      8             1.71 0 1          1 2 1 1500 1 1 0
 60      0 1500000          1 1       -2 1 2 1 1500 1 1 1
 60      0                0 0 1          1 2 1 1500 1 1 0
 60    0.5            86.41 0 1          1 2 1 1500 1 1 0
 60      1            42.61 0 1          1 2 1 1500 1 1 0
 60      2           126.97 0 1          1 2 1 1500 1 1 0
 60      4            17.93 0 1          1 2 1 1500 1 1 0
 60      8             9.45 0 1          1 2 1 1500 1 1 0
 61      0  300000          1 1 27 24 -2 1 1 2  300 1 1 1
 61  648.5           145.89 0 1          1 1 2  300 1 1 0
 61    649               76 0 1          1 1 2  300 1 1 0
 61    650             43.8 0 1          1 1 2  300 1 1 0
 61    652            23.99 0 1          1 1 2  300 1 1 0
 61    656            39.49 0 1          1 1 2  300 1 1 0
 62      0  300000          1 1 27 24 -2 1 1 2  300 1 1 1
 62  648.5            51.15 0 1          1 1 2  300 1 1 0
 62    649            35.01 0 1          1 1 2  300 1 1 0
 62    650            19.83 0 1          1 1 2  300 1 1 0
 62    652            13.47 0 1          1 1 2  300 1 1 0
 62    656            17.88 0 1          1 1 2  300 1 1 0
 63      0  300000          1 1 27 24 -2 1 1 2  300 1 1 1
 63  648.5           146.26 0 1          1 1 2  300 1 1 0
 63    649           123.81 0 1          1 1 2  300 1 1 0
 63    650            90.63 0 1          1 1 2  300 1 1 0
 63    652            16.71 0 1          1 1 2  300 1 1 0
 63    656             7.89 0 1          1 1 2  300 1 1 0
 64      0  800000          1 1 27 24 -2 1 1 2  800 1 1 1
 64  648.5           120.51 0 1          1 1 2  800 1 1 0
 64    649           185.88 0 1          1 1 2  800 1 1 0
 64    650            32.05 0 1          1 1 2  800 1 1 0
 64    652           108.42 0 1          1 1 2  800 1 1 0
 64    656            139.2 0 1          1 1 2  800 1 1 0
 65      0  800000          1 1 27 24 -2 1 1 2  800 1 1 1
 65  648.5            77.65 0 1          1 1 2  800 1 1 0
 65    649            45.05 0 1          1 1 2  800 1 1 0
 65    650            45.49 0 1          1 1 2  800 1 1 0
 65    652            80.01 0 1          1 1 2  800 1 1 0
 65    656            79.04 0 1          1 1 2  800 1 1 0
 66      0  800000          1 1 27 24 -2 1 1 2  800 1 1 1
 66  648.5           116.16 0 1          1 1 2  800 1 1 0
 66    649            83.74 0 1          1 1 2  800 1 1 0
 66    650            89.32 0 1          1 1 2  800 1 1 0
 66    652            84.27 0 1          1 1 2  800 1 1 0
 66    656             14.3 0 1          1 1 2  800 1 1 0
 67      0 1500000          1 1 27 24 -2 1 1 2 1500 1 1 1
 67  648.5            52.27 0 1          1 1 2 1500 1 1 0
 67    649            52.44 0 1          1 1 2 1500 1 1 0
 67    650            31.88 0 1          1 1 2 1500 1 1 0
 67    652            16.97 0 1          1 1 2 1500 1 1 0
 67    656           119.08 0 1          1 1 2 1500 1 1 0
 68      0 1500000          1 1 27 24 -2 1 1 2 1500 1 1 1
 68  648.5           198.69 0 1          1 1 2 1500 1 1 0
 68    649            98.04 0 1          1 1 2 1500 1 1 0
 68    650            42.91 0 1          1 1 2 1500 1 1 0
 68    652            90.75 0 1          1 1 2 1500 1 1 0
 68    656            36.01 0 1          1 1 2 1500 1 1 0
 69      0 1500000          1 1 27 24 -2 1 1 2 1500 1 1 1
 69  648.5            90.16 0 1          1 1 2 1500 1 1 0
 69    649            69.29 0 1          1 1 2 1500 1 1 0
 69    650           106.51 0 1          1 1 2 1500 1 1 0
 69    652            41.83 0 1          1 1 2 1500 1 1 0
 69    656           177.57 0 1          1 1 2 1500 1 1 0
 70      0  300000          1 1 27 24 -2 1 2 2  300 1 1 1
 70  648.5            48.23 0 1          1 2 2  300 1 1 0
 70    649            44.41 0 1          1 2 2  300 1 1 0
 70    650             15.1 0 1          1 2 2  300 1 1 0
 70    652            12.46 0 1          1 2 2  300 1 1 0
 70    656             3.77 0 1          1 2 2  300 1 1 0
 71      0  300000          1 1 27 24 -2 1 2 2  300 1 1 1
 71  648.5             4.74 0 1          1 2 2  300 1 1 0
 71    649            25.07 0 1          1 2 2  300 1 1 0
 71    650            21.56 0 1          1 2 2  300 1 1 0
 71    652           108.75 0 1          1 2 2  300 1 1 0
 71    656             7.83 0 1          1 2 2  300 1 1 0
 72      0  300000          1 1 27 24 -2 1 2 2  300 1 1 1
 72  648.5            40.01 0 1          1 2 2  300 1 1 0
 72    649            38.13 0 1          1 2 2  300 1 1 0
 72    650            18.12 0 1          1 2 2  300 1 1 0
 72    652            31.29 0 1          1 2 2  300 1 1 0
 72    656                  1 1          1 2 2  300 1 1 2
 73      0  800000          1 1 27 24 -2 1 2 2  800 1 1 1
 73  648.5            30.15 0 1          1 2 2  800 1 1 0
 73    649            20.34 0 1          1 2 2  800 1 1 0
 73    650            27.19 0 1          1 2 2  800 1 1 0
 73    652            29.34 0 1          1 2 2  800 1 1 0
 73    656           270.43 0 1          1 2 2  800 1 1 0
 74      0  800000          1 1 27 24 -2 1 2 2  800 1 1 1
 74  648.5            44.48 0 1          1 2 2  800 1 1 0
 74    649            32.67 0 1          1 2 2  800 1 1 0
 74    650            35.68 0 1          1 2 2  800 1 1 0
 74    652            78.19 0 1          1 2 2  800 1 1 0
 74    656            19.85 0 1          1 2 2  800 1 1 0
 75      0  800000          1 1 27 24 -2 1 2 2  800 1 1 1
 75  648.5            37.64 0 1          1 2 2  800 1 1 0
 75    649            24.66 0 1          1 2 2  800 1 1 0
 75    650            35.94 0 1          1 2 2  800 1 1 0
 75    652            22.23 0 1          1 2 2  800 1 1 0
 75    656            26.36 0 1          1 2 2  800 1 1 0
 76      0 1500000          1 1 27 24 -2 1 2 2 1500 1 1 1
 76  648.5             95.2 0 1          1 2 2 1500 1 1 0
 76    649            36.96 0 1          1 2 2 1500 1 1 0
 76    650            34.51 0 1          1 2 2 1500 1 1 0
 76    652            23.33 0 1          1 2 2 1500 1 1 0
 76    656             2.95 0 1          1 2 2 1500 1 1 0
 77      0 1500000          1 1 27 24 -2 1 2 2 1500 1 1 1
 77  648.5            56.52 0 1          1 2 2 1500 1 1 0
 77    649             26.1 0 1          1 2 2 1500 1 1 0
 77    650           190.64 0 1          1 2 2 1500 1 1 0
 77    652            15.29 0 1          1 2 2 1500 1 1 0
 77    656            30.47 0 1          1 2 2 1500 1 1 0
 78      0 1500000          1 1 27 24 -2 1 2 2 1500 1 1 1
 78  648.5            33.56 0 1          1 2 2 1500 1 1 0
 78    649            47.27 0 1          1 2 2 1500 1 1 0
 78    650            78.64 0 1          1 2 2 1500 1 1 0
 78    652            69.68 0 1          1 2 2 1500 1 1 0
 78    656            10.97 0 1          1 2 2 1500 1 1 0
