TABLE NO.  2
 ID          CL          V2          V3          Q           KA          F1          DOSE
  1.0000E+00  8.1773E+00  3.5085E+00  4.9550E+02  1.8377E+00  6.8489E-01  2.9153E-01  1.0000E+01
  1.0000E+00  8.1773E+00  3.5085E+00  4.9550E+02  1.8377E+00  6.8489E-01  2.9153E-01  1.0000E+01
  1.0000E+00  8.1773E+00  3.5085E+00  4.9550E+02  1.8377E+00  6.8489E-01  2.9153E-01  1.0000E+01
  1.0000E+00  8.1773E+00  3.5085E+00  4.9550E+02  1.8377E+00  6.8489E-01  2.9153E-01  1.0000E+01
  1.0000E+00  8.1773E+00  3.5085E+00  4.9550E+02  1.8377E+00  6.8489E-01  2.9153E-01  1.0000E+01
  1.0000E+00  8.1773E+00  3.5085E+00  4.9550E+02  1.8377E+00  6.8489E-01  2.9153E-01  1.0000E+01
  1.0000E+00  8.1773E+00  3.5085E+00  4.9550E+02  1.8377E+00  6.8489E-01  2.9153E-01  1.0000E+01
  1.0000E+00  8.1773E+00  3.5085E+00  4.9550E+02  1.8377E+00  6.8489E-01  2.9153E-01  1.0000E+01
  1.0000E+00  8.1773E+00  3.5085E+00  4.9550E+02  1.8377E+00  6.8489E-01  2.9153E-01  1.0000E+01
  1.0000E+00  8.1773E+00  3.5085E+00  4.9550E+02  1.8377E+00  6.8489E-01  2.9153E-01  1.0000E+01
  1.0000E+00  8.1773E+00  3.5085E+00  4.9550E+02  1.8377E+00  6.8489E-01  2.9153E-01  1.0000E+01
  1.0000E+00  8.1773E+00  3.5085E+00  4.9550E+02  1.8377E+00  6.8489E-01  2.9153E-01  1.0000E+01
  2.0000E+00  7.3196E+00  3.5085E+00  4.9550E+02  1.4687E+00  6.8489E-01  2.9153E-01  1.0000E+01
  2.0000E+00  7.3196E+00  3.5085E+00  4.9550E+02  1.4687E+00  6.8489E-01  2.9153E-01  1.0000E+01
  2.0000E+00  7.3196E+00  3.5085E+00  4.9550E+02  1.4687E+00  6.8489E-01  2.9153E-01  1.0000E+01
  2.0000E+00  7.3196E+00  3.5085E+00  4.9550E+02  1.4687E+00  6.8489E-01  2.9153E-01  1.0000E+01
  2.0000E+00  7.3196E+00  3.5085E+00  4.9550E+02  1.4687E+00  6.8489E-01  2.9153E-01  1.0000E+01
  2.0000E+00  7.3196E+00  3.5085E+00  4.9550E+02  1.4687E+00  6.8489E-01  2.9153E-01  1.0000E+01
  2.0000E+00  7.3196E+00  3.5085E+00  4.9550E+02  1.4687E+00  6.8489E-01  2.9153E-01  1.0000E+01
  2.0000E+00  7.3196E+00  3.5085E+00  4.9550E+02  1.4687E+00  6.8489E-01  2.9153E-01  1.0000E+01
  2.0000E+00  7.3196E+00  3.5085E+00  4.9550E+02  1.4687E+00  6.8489E-01  2.9153E-01  1.0000E+01
  2.0000E+00  7.3196E+00  3.5085E+00  4.9550E+02  1.4687E+00  6.8489E-01  2.9153E-01  1.0000E+01
  2.0000E+00  7.3196E+00  3.5085E+00  4.9550E+02  1.4687E+00  6.8489E-01  2.9153E-01  1.0000E+01
  2.0000E+00  7.3196E+00  3.5085E+00  4.9550E+02  1.4687E+00  6.8489E-01  2.9153E-01  1.0000E+01
  3.0000E+00  1.7389E+01  3.5085E+00  4.9550E+02  9.2318E+00  6.8489E-01  2.9153E-01  1.0000E+01
  3.0000E+00  1.7389E+01  3.5085E+00  4.9550E+02  9.2318E+00  6.8489E-01  2.9153E-01  1.0000E+01
  3.0000E+00  1.7389E+01  3.5085E+00  4.9550E+02  9.2318E+00  6.8489E-01  2.9153E-01  1.0000E+01
  3.0000E+00  1.7389E+01  3.5085E+00  4.9550E+02  9.2318E+00  6.8489E-01  2.9153E-01  1.0000E+01
  3.0000E+00  1.7389E+01  3.5085E+00  4.9550E+02  9.2318E+00  6.8489E-01  2.9153E-01  1.0000E+01
  3.0000E+00  1.7389E+01  3.5085E+00  4.9550E+02  9.2318E+00  6.8489E-01  2.9153E-01  1.0000E+01
  3.0000E+00  1.7389E+01  3.5085E+00  4.9550E+02  9.2318E+00  6.8489E-01  2.9153E-01  1.0000E+01
  3.0000E+00  1.7389E+01  3.5085E+00  4.9550E+02  9.2318E+00  6.8489E-01  2.9153E-01  1.0000E+01
  3.0000E+00  1.7389E+01  3.5085E+00  4.9550E+02  9.2318E+00  6.8489E-01  2.9153E-01  1.0000E+01
  3.0000E+00  1.7389E+01  3.5085E+00  4.9550E+02  9.2318E+00  6.8489E-01  2.9153E-01  1.0000E+01
  3.0000E+00  1.7389E+01  3.5085E+00  4.9550E+02  9.2318E+00  6.8489E-01  2.9153E-01  1.0000E+01
  3.0000E+00  1.7389E+01  3.5085E+00  4.9550E+02  9.2318E+00  6.8489E-01  2.9153E-01  1.0000E+01
  4.0000E+00  1.6704E+01  3.5085E+00  4.9550E+02  2.0128E+01  6.8488E-01  2.9153E-01  1.0000E+01
  4.0000E+00  1.6704E+01  3.5085E+00  4.9550E+02  2.0128E+01  6.8488E-01  2.9153E-01  1.0000E+01
  4.0000E+00  1.6704E+01  3.5085E+00  4.9550E+02  2.0128E+01  6.8488E-01  2.9153E-01  1.0000E+01
  4.0000E+00  1.6704E+01  3.5085E+00  4.9550E+02  2.0128E+01  6.8488E-01  2.9153E-01  1.0000E+01
  4.0000E+00  1.6704E+01  3.5085E+00  4.9550E+02  2.0128E+01  6.8488E-01  2.9153E-01  1.0000E+01
  4.0000E+00  1.6704E+01  3.5085E+00  4.9550E+02  2.0128E+01  6.8488E-01  2.9153E-01  1.0000E+01
  4.0000E+00  1.6704E+01  3.5085E+00  4.9550E+02  2.0128E+01  6.8488E-01  2.9153E-01  1.0000E+01
  4.0000E+00  1.6704E+01  3.5085E+00  4.9550E+02  2.0128E+01  6.8488E-01  2.9153E-01  1.0000E+01
  4.0000E+00  1.6704E+01  3.5085E+00  4.9550E+02  2.0128E+01  6.8488E-01  2.9153E-01  1.0000E+01
  4.0000E+00  1.6704E+01  3.5085E+00  4.9550E+02  2.0128E+01  6.8488E-01  2.9153E-01  1.0000E+01
  4.0000E+00  1.6704E+01  3.5085E+00  4.9550E+02  2.0128E+01  6.8488E-01  2.9153E-01  1.0000E+01
  4.0000E+00  1.6704E+01  3.5085E+00  4.9550E+02  2.0128E+01  6.8488E-01  2.9153E-01  1.0000E+01
  4.0000E+00  1.6704E+01  3.5085E+00  4.9550E+02  2.0128E+01  6.8488E-01  2.9153E-01  1.0000E+01
  5.0000E+00  2.9596E+01  3.5085E+00  4.9550E+02  9.1839E+00  6.8487E-01  2.9153E-01  1.0000E+01
  5.0000E+00  2.9596E+01  3.5085E+00  4.9550E+02  9.1839E+00  6.8487E-01  2.9153E-01  1.0000E+01
  5.0000E+00  2.9596E+01  3.5085E+00  4.9550E+02  9.1839E+00  6.8487E-01  2.9153E-01  1.0000E+01
  5.0000E+00  2.9596E+01  3.5085E+00  4.9550E+02  9.1839E+00  6.8487E-01  2.9153E-01  1.0000E+01
  5.0000E+00  2.9596E+01  3.5085E+00  4.9550E+02  9.1839E+00  6.8487E-01  2.9153E-01  1.0000E+01
  5.0000E+00  2.9596E+01  3.5085E+00  4.9550E+02  9.1839E+00  6.8487E-01  2.9153E-01  1.0000E+01
  5.0000E+00  2.9596E+01  3.5085E+00  4.9550E+02  9.1839E+00  6.8487E-01  2.9153E-01  1.0000E+01
  5.0000E+00  2.9596E+01  3.5085E+00  4.9550E+02  9.1839E+00  6.8487E-01  2.9153E-01  1.0000E+01
  5.0000E+00  2.9596E+01  3.5085E+00  4.9550E+02  9.1839E+00  6.8487E-01  2.9153E-01  1.0000E+01
  5.0000E+00  2.9596E+01  3.5085E+00  4.9550E+02  9.1839E+00  6.8487E-01  2.9153E-01  1.0000E+01
  5.0000E+00  2.9596E+01  3.5085E+00  4.9550E+02  9.1839E+00  6.8487E-01  2.9153E-01  1.0000E+01
  5.0000E+00  2.9596E+01  3.5085E+00  4.9550E+02  9.1839E+00  6.8487E-01  2.9153E-01  1.0000E+01
  5.0000E+00  2.9596E+01  3.5085E+00  4.9550E+02  9.1839E+00  6.8487E-01  2.9153E-01  1.0000E+01
  6.0000E+00  2.2874E+01  3.5085E+00  4.9550E+02  2.8298E+01  6.8491E-01  2.9153E-01  1.0000E+01
  6.0000E+00  2.2874E+01  3.5085E+00  4.9550E+02  2.8298E+01  6.8491E-01  2.9153E-01  1.0000E+01
  6.0000E+00  2.2874E+01  3.5085E+00  4.9550E+02  2.8298E+01  6.8491E-01  2.9153E-01  1.0000E+01
  6.0000E+00  2.2874E+01  3.5085E+00  4.9550E+02  2.8298E+01  6.8491E-01  2.9153E-01  1.0000E+01
  6.0000E+00  2.2874E+01  3.5085E+00  4.9550E+02  2.8298E+01  6.8491E-01  2.9153E-01  1.0000E+01
  6.0000E+00  2.2874E+01  3.5085E+00  4.9550E+02  2.8298E+01  6.8491E-01  2.9153E-01  1.0000E+01
  6.0000E+00  2.2874E+01  3.5085E+00  4.9550E+02  2.8298E+01  6.8491E-01  2.9153E-01  1.0000E+01
  6.0000E+00  2.2874E+01  3.5085E+00  4.9550E+02  2.8298E+01  6.8491E-01  2.9153E-01  1.0000E+01
  6.0000E+00  2.2874E+01  3.5085E+00  4.9550E+02  2.8298E+01  6.8491E-01  2.9153E-01  1.0000E+01
  6.0000E+00  2.2874E+01  3.5085E+00  4.9550E+02  2.8298E+01  6.8491E-01  2.9153E-01  1.0000E+01
  6.0000E+00  2.2874E+01  3.5085E+00  4.9550E+02  2.8298E+01  6.8491E-01  2.9153E-01  1.0000E+01
  6.0000E+00  2.2874E+01  3.5085E+00  4.9550E+02  2.8298E+01  6.8491E-01  2.9153E-01  1.0000E+01
  6.0000E+00  2.2874E+01  3.5085E+00  4.9550E+02  2.8298E+01  6.8491E-01  2.9153E-01  1.0000E+01
  7.0000E+00  7.6540E+01  3.5085E+00  4.9550E+02  9.1774E+02  6.8489E-01  6.3113E-02  1.2500E+02
  7.0000E+00  7.6540E+01  3.5085E+00  4.9550E+02  9.1774E+02  6.8489E-01  6.3113E-02  1.2500E+02
  7.0000E+00  7.6540E+01  3.5085E+00  4.9550E+02  9.1774E+02  6.8489E-01  6.3113E-02  1.2500E+02
  7.0000E+00  7.6540E+01  3.5085E+00  4.9550E+02  9.1774E+02  6.8489E-01  6.3113E-02  1.2500E+02
  7.0000E+00  7.6540E+01  3.5085E+00  4.9550E+02  9.1774E+02  6.8489E-01  6.3113E-02  1.2500E+02
  7.0000E+00  7.6540E+01  3.5085E+00  4.9550E+02  9.1774E+02  6.8489E-01  6.3113E-02  1.2500E+02
  7.0000E+00  7.6540E+01  3.5085E+00  4.9550E+02  9.1774E+02  6.8489E-01  6.3113E-02  1.2500E+02
  7.0000E+00  7.6540E+01  3.5085E+00  4.9550E+02  9.1774E+02  6.8489E-01  6.3113E-02  1.2500E+02
  8.0000E+00  8.2049E+01  3.5085E+00  4.9550E+02  9.7473E+01  6.8490E-01  6.3113E-02  1.2500E+02
  8.0000E+00  8.2049E+01  3.5085E+00  4.9550E+02  9.7473E+01  6.8490E-01  6.3113E-02  1.2500E+02
  8.0000E+00  8.2049E+01  3.5085E+00  4.9550E+02  9.7473E+01  6.8490E-01  6.3113E-02  1.2500E+02
  8.0000E+00  8.2049E+01  3.5085E+00  4.9550E+02  9.7473E+01  6.8490E-01  6.3113E-02  1.2500E+02
  8.0000E+00  8.2049E+01  3.5085E+00  4.9550E+02  9.7473E+01  6.8490E-01  6.3113E-02  1.2500E+02
  8.0000E+00  8.2049E+01  3.5085E+00  4.9550E+02  9.7473E+01  6.8490E-01  6.3113E-02  1.2500E+02
  8.0000E+00  8.2049E+01  3.5085E+00  4.9550E+02  9.7473E+01  6.8490E-01  6.3113E-02  1.2500E+02
  8.0000E+00  8.2049E+01  3.5085E+00  4.9550E+02  9.7473E+01  6.8490E-01  6.3113E-02  1.2500E+02
  9.0000E+00  5.0590E+01  3.5085E+00  4.9550E+02  1.7960E+02  6.8489E-01  6.3113E-02  1.2500E+02
  9.0000E+00  5.0590E+01  3.5085E+00  4.9550E+02  1.7960E+02  6.8489E-01  6.3113E-02  1.2500E+02
  9.0000E+00  5.0590E+01  3.5085E+00  4.9550E+02  1.7960E+02  6.8489E-01  6.3113E-02  1.2500E+02
  9.0000E+00  5.0590E+01  3.5085E+00  4.9550E+02  1.7960E+02  6.8489E-01  6.3113E-02  1.2500E+02
  9.0000E+00  5.0590E+01  3.5085E+00  4.9550E+02  1.7960E+02  6.8489E-01  6.3113E-02  1.2500E+02
  9.0000E+00  5.0590E+01  3.5085E+00  4.9550E+02  1.7960E+02  6.8489E-01  6.3113E-02  1.2500E+02
  9.0000E+00  5.0590E+01  3.5085E+00  4.9550E+02  1.7960E+02  6.8489E-01  6.3113E-02  1.2500E+02
  9.0000E+00  5.0590E+01  3.5085E+00  4.9550E+02  1.7960E+02  6.8489E-01  6.3113E-02  1.2500E+02
  1.0000E+01  6.3015E+00  3.5085E+00  4.9550E+02  3.2593E+02  6.8489E-01  4.3264E-02  2.5000E+02
  1.0000E+01  6.3015E+00  3.5085E+00  4.9550E+02  3.2593E+02  6.8489E-01  4.3264E-02  2.5000E+02
  1.0000E+01  6.3015E+00  3.5085E+00  4.9550E+02  3.2593E+02  6.8489E-01  4.3264E-02  2.5000E+02
  1.0000E+01  6.3015E+00  3.5085E+00  4.9550E+02  3.2593E+02  6.8489E-01  4.3264E-02  2.5000E+02
  1.0000E+01  6.3015E+00  3.5085E+00  4.9550E+02  3.2593E+02  6.8489E-01  4.3264E-02  2.5000E+02
  1.0000E+01  6.3015E+00  3.5085E+00  4.9550E+02  3.2593E+02  6.8489E-01  4.3264E-02  2.5000E+02
  1.0000E+01  6.3015E+00  3.5085E+00  4.9550E+02  3.2593E+02  6.8489E-01  4.3264E-02  2.5000E+02
  1.0000E+01  6.3015E+00  3.5085E+00  4.9550E+02  3.2593E+02  6.8489E-01  4.3264E-02  2.5000E+02
  1.1000E+01  6.9380E+01  3.5085E+00  4.9550E+02  1.3718E+02  6.8489E-01  4.3264E-02  2.5000E+02
  1.1000E+01  6.9380E+01  3.5085E+00  4.9550E+02  1.3718E+02  6.8489E-01  4.3264E-02  2.5000E+02
  1.1000E+01  6.9380E+01  3.5085E+00  4.9550E+02  1.3718E+02  6.8489E-01  4.3264E-02  2.5000E+02
  1.1000E+01  6.9380E+01  3.5085E+00  4.9550E+02  1.3718E+02  6.8489E-01  4.3264E-02  2.5000E+02
  1.1000E+01  6.9380E+01  3.5085E+00  4.9550E+02  1.3718E+02  6.8489E-01  4.3264E-02  2.5000E+02
  1.1000E+01  6.9380E+01  3.5085E+00  4.9550E+02  1.3718E+02  6.8489E-01  4.3264E-02  2.5000E+02
  1.1000E+01  6.9380E+01  3.5085E+00  4.9550E+02  1.3718E+02  6.8489E-01  4.3264E-02  2.5000E+02
  1.1000E+01  6.9380E+01  3.5085E+00  4.9550E+02  1.3718E+02  6.8489E-01  4.3264E-02  2.5000E+02
  1.2000E+01  7.5873E+01  3.5085E+00  4.9550E+02  2.3546E+02  6.8489E-01  4.3264E-02  2.5000E+02
  1.2000E+01  7.5873E+01  3.5085E+00  4.9550E+02  2.3546E+02  6.8489E-01  4.3264E-02  2.5000E+02
  1.2000E+01  7.5873E+01  3.5085E+00  4.9550E+02  2.3546E+02  6.8489E-01  4.3264E-02  2.5000E+02
  1.2000E+01  7.5873E+01  3.5085E+00  4.9550E+02  2.3546E+02  6.8489E-01  4.3264E-02  2.5000E+02
  1.2000E+01  7.5873E+01  3.5085E+00  4.9550E+02  2.3546E+02  6.8489E-01  4.3264E-02  2.5000E+02
  1.2000E+01  7.5873E+01  3.5085E+00  4.9550E+02  2.3546E+02  6.8489E-01  4.3264E-02  2.5000E+02
  1.2000E+01  7.5873E+01  3.5085E+00  4.9550E+02  2.3546E+02  6.8489E-01  4.3264E-02  2.5000E+02
  1.2000E+01  7.5873E+01  3.5085E+00  4.9550E+02  2.3546E+02  6.8489E-01  4.3264E-02  2.5000E+02
  1.3000E+01  2.2898E+01  3.5085E+00  4.9550E+02  2.6758E+02  6.8489E-01  3.2708E-02  5.0000E+02
  1.3000E+01  2.2898E+01  3.5085E+00  4.9550E+02  2.6758E+02  6.8489E-01  3.2708E-02  5.0000E+02
  1.3000E+01  2.2898E+01  3.5085E+00  4.9550E+02  2.6758E+02  6.8489E-01  3.2708E-02  5.0000E+02
  1.3000E+01  2.2898E+01  3.5085E+00  4.9550E+02  2.6758E+02  6.8489E-01  3.2708E-02  5.0000E+02
  1.3000E+01  2.2898E+01  3.5085E+00  4.9550E+02  2.6758E+02  6.8489E-01  3.2708E-02  5.0000E+02
  1.3000E+01  2.2898E+01  3.5085E+00  4.9550E+02  2.6758E+02  6.8489E-01  3.2708E-02  5.0000E+02
  1.3000E+01  2.2898E+01  3.5085E+00  4.9550E+02  2.6758E+02  6.8489E-01  3.2708E-02  5.0000E+02
  1.3000E+01  2.2898E+01  3.5085E+00  4.9550E+02  2.6758E+02  6.8489E-01  3.2708E-02  5.0000E+02
  1.4000E+01  5.9008E+01  3.5085E+00  4.9550E+02  2.6993E+02  6.8489E-01  3.2708E-02  5.0000E+02
  1.4000E+01  5.9008E+01  3.5085E+00  4.9550E+02  2.6993E+02  6.8489E-01  3.2708E-02  5.0000E+02
  1.4000E+01  5.9008E+01  3.5085E+00  4.9550E+02  2.6993E+02  6.8489E-01  3.2708E-02  5.0000E+02
  1.4000E+01  5.9008E+01  3.5085E+00  4.9550E+02  2.6993E+02  6.8489E-01  3.2708E-02  5.0000E+02
  1.4000E+01  5.9008E+01  3.5085E+00  4.9550E+02  2.6993E+02  6.8489E-01  3.2708E-02  5.0000E+02
  1.4000E+01  5.9008E+01  3.5085E+00  4.9550E+02  2.6993E+02  6.8489E-01  3.2708E-02  5.0000E+02
  1.4000E+01  5.9008E+01  3.5085E+00  4.9550E+02  2.6993E+02  6.8489E-01  3.2708E-02  5.0000E+02
  1.4000E+01  5.9008E+01  3.5085E+00  4.9550E+02  2.6993E+02  6.8489E-01  3.2708E-02  5.0000E+02
  1.5000E+01  1.7204E+01  3.5085E+00  4.9550E+02  2.3431E+02  6.8489E-01  3.2708E-02  5.0000E+02
  1.5000E+01  1.7204E+01  3.5085E+00  4.9550E+02  2.3431E+02  6.8489E-01  3.2708E-02  5.0000E+02
  1.5000E+01  1.7204E+01  3.5085E+00  4.9550E+02  2.3431E+02  6.8489E-01  3.2708E-02  5.0000E+02
  1.5000E+01  1.7204E+01  3.5085E+00  4.9550E+02  2.3431E+02  6.8489E-01  3.2708E-02  5.0000E+02
  1.5000E+01  1.7204E+01  3.5085E+00  4.9550E+02  2.3431E+02  6.8489E-01  3.2708E-02  5.0000E+02
  1.5000E+01  1.7204E+01  3.5085E+00  4.9550E+02  2.3431E+02  6.8489E-01  3.2708E-02  5.0000E+02
  1.5000E+01  1.7204E+01  3.5085E+00  4.9550E+02  2.3431E+02  6.8489E-01  3.2708E-02  5.0000E+02
  1.5000E+01  1.7204E+01  3.5085E+00  4.9550E+02  2.3431E+02  6.8489E-01  3.2708E-02  5.0000E+02
  1.6000E+01  9.0551E+01  3.5085E+00  4.9550E+02  2.8132E+02  6.8488E-01  6.3113E-02  1.2500E+02
  1.6000E+01  9.0551E+01  3.5085E+00  4.9550E+02  2.8132E+02  6.8488E-01  6.3113E-02  1.2500E+02
  1.6000E+01  9.0551E+01  3.5085E+00  4.9550E+02  2.8132E+02  6.8488E-01  6.3113E-02  1.2500E+02
  1.6000E+01  9.0551E+01  3.5085E+00  4.9550E+02  2.8132E+02  6.8488E-01  6.3113E-02  1.2500E+02
  1.6000E+01  9.0551E+01  3.5085E+00  4.9550E+02  2.8132E+02  6.8488E-01  6.3113E-02  1.2500E+02
  1.6000E+01  9.0551E+01  3.5085E+00  4.9550E+02  2.8132E+02  6.8488E-01  6.3113E-02  1.2500E+02
  1.6000E+01  9.0551E+01  3.5085E+00  4.9550E+02  2.8132E+02  6.8488E-01  6.3113E-02  1.2500E+02
  1.6000E+01  9.0551E+01  3.5085E+00  4.9550E+02  2.8132E+02  6.8488E-01  6.3113E-02  1.2500E+02
  1.7000E+01  8.8154E+01  3.5085E+00  4.9550E+02  2.0402E+02  6.8489E-01  6.3113E-02  1.2500E+02
  1.7000E+01  8.8154E+01  3.5085E+00  4.9550E+02  2.0402E+02  6.8489E-01  6.3113E-02  1.2500E+02
  1.7000E+01  8.8154E+01  3.5085E+00  4.9550E+02  2.0402E+02  6.8489E-01  6.3113E-02  1.2500E+02
  1.7000E+01  8.8154E+01  3.5085E+00  4.9550E+02  2.0402E+02  6.8489E-01  6.3113E-02  1.2500E+02
  1.7000E+01  8.8154E+01  3.5085E+00  4.9550E+02  2.0402E+02  6.8489E-01  6.3113E-02  1.2500E+02
  1.7000E+01  8.8154E+01  3.5085E+00  4.9550E+02  2.0402E+02  6.8489E-01  6.3113E-02  1.2500E+02
  1.7000E+01  8.8154E+01  3.5085E+00  4.9550E+02  2.0402E+02  6.8489E-01  6.3113E-02  1.2500E+02
  1.7000E+01  8.8154E+01  3.5085E+00  4.9550E+02  2.0402E+02  6.8489E-01  6.3113E-02  1.2500E+02
  1.8000E+01  8.6317E+01  3.5085E+00  4.9550E+02  5.1199E+02  6.8488E-01  6.3113E-02  1.2500E+02
  1.8000E+01  8.6317E+01  3.5085E+00  4.9550E+02  5.1199E+02  6.8488E-01  6.3113E-02  1.2500E+02
  1.8000E+01  8.6317E+01  3.5085E+00  4.9550E+02  5.1199E+02  6.8488E-01  6.3113E-02  1.2500E+02
  1.8000E+01  8.6317E+01  3.5085E+00  4.9550E+02  5.1199E+02  6.8488E-01  6.3113E-02  1.2500E+02
  1.8000E+01  8.6317E+01  3.5085E+00  4.9550E+02  5.1199E+02  6.8488E-01  6.3113E-02  1.2500E+02
  1.8000E+01  8.6317E+01  3.5085E+00  4.9550E+02  5.1199E+02  6.8488E-01  6.3113E-02  1.2500E+02
  1.8000E+01  8.6317E+01  3.5085E+00  4.9550E+02  5.1199E+02  6.8488E-01  6.3113E-02  1.2500E+02
  1.8000E+01  8.6317E+01  3.5085E+00  4.9550E+02  5.1199E+02  6.8488E-01  6.3113E-02  1.2500E+02
  1.9000E+01  1.0642E+02  3.5085E+00  4.9550E+02  1.7719E+02  6.8489E-01  4.3264E-02  2.5000E+02
  1.9000E+01  1.0642E+02  3.5085E+00  4.9550E+02  1.7719E+02  6.8489E-01  4.3264E-02  2.5000E+02
  1.9000E+01  1.0642E+02  3.5085E+00  4.9550E+02  1.7719E+02  6.8489E-01  4.3264E-02  2.5000E+02
  1.9000E+01  1.0642E+02  3.5085E+00  4.9550E+02  1.7719E+02  6.8489E-01  4.3264E-02  2.5000E+02
  1.9000E+01  1.0642E+02  3.5085E+00  4.9550E+02  1.7719E+02  6.8489E-01  4.3264E-02  2.5000E+02
  1.9000E+01  1.0642E+02  3.5085E+00  4.9550E+02  1.7719E+02  6.8489E-01  4.3264E-02  2.5000E+02
  1.9000E+01  1.0642E+02  3.5085E+00  4.9550E+02  1.7719E+02  6.8489E-01  4.3264E-02  2.5000E+02
  1.9000E+01  1.0642E+02  3.5085E+00  4.9550E+02  1.7719E+02  6.8489E-01  4.3264E-02  2.5000E+02
  2.0000E+01  1.1494E+02  3.5085E+00  4.9550E+02  1.3357E+02  6.8488E-01  4.3264E-02  2.5000E+02
  2.0000E+01  1.1494E+02  3.5085E+00  4.9550E+02  1.3357E+02  6.8488E-01  4.3264E-02  2.5000E+02
  2.0000E+01  1.1494E+02  3.5085E+00  4.9550E+02  1.3357E+02  6.8488E-01  4.3264E-02  2.5000E+02
  2.0000E+01  1.1494E+02  3.5085E+00  4.9550E+02  1.3357E+02  6.8488E-01  4.3264E-02  2.5000E+02
  2.0000E+01  1.1494E+02  3.5085E+00  4.9550E+02  1.3357E+02  6.8488E-01  4.3264E-02  2.5000E+02
  2.0000E+01  1.1494E+02  3.5085E+00  4.9550E+02  1.3357E+02  6.8488E-01  4.3264E-02  2.5000E+02
  2.0000E+01  1.1494E+02  3.5085E+00  4.9550E+02  1.3357E+02  6.8488E-01  4.3264E-02  2.5000E+02
  2.0000E+01  1.1494E+02  3.5085E+00  4.9550E+02  1.3357E+02  6.8488E-01  4.3264E-02  2.5000E+02
  2.1000E+01  9.7924E+01  3.5085E+00  4.9550E+02  3.1541E+02  6.8488E-01  4.3264E-02  2.5000E+02
  2.1000E+01  9.7924E+01  3.5085E+00  4.9550E+02  3.1541E+02  6.8488E-01  4.3264E-02  2.5000E+02
  2.1000E+01  9.7924E+01  3.5085E+00  4.9550E+02  3.1541E+02  6.8488E-01  4.3264E-02  2.5000E+02
  2.1000E+01  9.7924E+01  3.5085E+00  4.9550E+02  3.1541E+02  6.8488E-01  4.3264E-02  2.5000E+02
  2.1000E+01  9.7924E+01  3.5085E+00  4.9550E+02  3.1541E+02  6.8488E-01  4.3264E-02  2.5000E+02
  2.1000E+01  9.7924E+01  3.5085E+00  4.9550E+02  3.1541E+02  6.8488E-01  4.3264E-02  2.5000E+02
  2.1000E+01  9.7924E+01  3.5085E+00  4.9550E+02  3.1541E+02  6.8488E-01  4.3264E-02  2.5000E+02
  2.1000E+01  9.7924E+01  3.5085E+00  4.9550E+02  3.1541E+02  6.8488E-01  4.3264E-02  2.5000E+02
  2.2000E+01  8.5473E+01  3.5085E+00  4.9550E+02  6.0682E+02  6.8488E-01  3.2708E-02  5.0000E+02
  2.2000E+01  8.5473E+01  3.5085E+00  4.9550E+02  6.0682E+02  6.8488E-01  3.2708E-02  5.0000E+02
  2.2000E+01  8.5473E+01  3.5085E+00  4.9550E+02  6.0682E+02  6.8488E-01  3.2708E-02  5.0000E+02
  2.2000E+01  8.5473E+01  3.5085E+00  4.9550E+02  6.0682E+02  6.8488E-01  3.2708E-02  5.0000E+02
  2.2000E+01  8.5473E+01  3.5085E+00  4.9550E+02  6.0682E+02  6.8488E-01  3.2708E-02  5.0000E+02
  2.2000E+01  8.5473E+01  3.5085E+00  4.9550E+02  6.0682E+02  6.8488E-01  3.2708E-02  5.0000E+02
  2.2000E+01  8.5473E+01  3.5085E+00  4.9550E+02  6.0682E+02  6.8488E-01  3.2708E-02  5.0000E+02
  2.2000E+01  8.5473E+01  3.5085E+00  4.9550E+02  6.0682E+02  6.8488E-01  3.2708E-02  5.0000E+02
  2.3000E+01  9.8693E+01  3.5085E+00  4.9550E+02  1.6924E+02  6.8490E-01  3.2708E-02  5.0000E+02
  2.3000E+01  9.8693E+01  3.5085E+00  4.9550E+02  1.6924E+02  6.8490E-01  3.2708E-02  5.0000E+02
  2.3000E+01  9.8693E+01  3.5085E+00  4.9550E+02  1.6924E+02  6.8490E-01  3.2708E-02  5.0000E+02
  2.3000E+01  9.8693E+01  3.5085E+00  4.9550E+02  1.6924E+02  6.8490E-01  3.2708E-02  5.0000E+02
  2.3000E+01  9.8693E+01  3.5085E+00  4.9550E+02  1.6924E+02  6.8490E-01  3.2708E-02  5.0000E+02
  2.3000E+01  9.8693E+01  3.5085E+00  4.9550E+02  1.6924E+02  6.8490E-01  3.2708E-02  5.0000E+02
  2.3000E+01  9.8693E+01  3.5085E+00  4.9550E+02  1.6924E+02  6.8490E-01  3.2708E-02  5.0000E+02
  2.3000E+01  9.8693E+01  3.5085E+00  4.9550E+02  1.6924E+02  6.8490E-01  3.2708E-02  5.0000E+02
  2.4000E+01  1.0225E+01  3.5085E+00  4.9550E+02  2.8839E+02  6.8489E-01  3.2708E-02  5.0000E+02
  2.4000E+01  1.0225E+01  3.5085E+00  4.9550E+02  2.8839E+02  6.8489E-01  3.2708E-02  5.0000E+02
  2.4000E+01  1.0225E+01  3.5085E+00  4.9550E+02  2.8839E+02  6.8489E-01  3.2708E-02  5.0000E+02
  2.4000E+01  1.0225E+01  3.5085E+00  4.9550E+02  2.8839E+02  6.8489E-01  3.2708E-02  5.0000E+02
  2.4000E+01  1.0225E+01  3.5085E+00  4.9550E+02  2.8839E+02  6.8489E-01  3.2708E-02  5.0000E+02
  2.4000E+01  1.0225E+01  3.5085E+00  4.9550E+02  2.8839E+02  6.8489E-01  3.2708E-02  5.0000E+02
  2.4000E+01  1.0225E+01  3.5085E+00  4.9550E+02  2.8839E+02  6.8489E-01  3.2708E-02  5.0000E+02
  2.4000E+01  1.0225E+01  3.5085E+00  4.9550E+02  2.8839E+02  6.8489E-01  3.2708E-02  5.0000E+02
  2.5000E+01  9.2413E+00  3.5085E+00  4.9550E+02  2.7661E+02  6.8489E-01  6.3113E-02  1.2500E+02
  2.5000E+01  9.2413E+00  3.5085E+00  4.9550E+02  2.7661E+02  6.8489E-01  6.3113E-02  1.2500E+02
  2.5000E+01  9.2413E+00  3.5085E+00  4.9550E+02  2.7661E+02  6.8489E-01  6.3113E-02  1.2500E+02
  2.5000E+01  9.2413E+00  3.5085E+00  4.9550E+02  2.7661E+02  6.8489E-01  6.3113E-02  1.2500E+02
  2.5000E+01  9.2413E+00  3.5085E+00  4.9550E+02  2.7661E+02  6.8489E-01  6.3113E-02  1.2500E+02
  2.5000E+01  9.2413E+00  3.5085E+00  4.9550E+02  2.7661E+02  6.8489E-01  6.3113E-02  1.2500E+02
  2.5000E+01  9.2413E+00  3.5085E+00  4.9550E+02  2.7661E+02  6.8489E-01  6.3113E-02  1.2500E+02
  2.6000E+01  1.7510E+01  3.5085E+00  4.9550E+02  3.0302E+01  6.8489E-01  6.3113E-02  1.2500E+02
  2.6000E+01  1.7510E+01  3.5085E+00  4.9550E+02  3.0302E+01  6.8489E-01  6.3113E-02  1.2500E+02
  2.6000E+01  1.7510E+01  3.5085E+00  4.9550E+02  3.0302E+01  6.8489E-01  6.3113E-02  1.2500E+02
  2.6000E+01  1.7510E+01  3.5085E+00  4.9550E+02  3.0302E+01  6.8489E-01  6.3113E-02  1.2500E+02
  2.6000E+01  1.7510E+01  3.5085E+00  4.9550E+02  3.0302E+01  6.8489E-01  6.3113E-02  1.2500E+02
  2.6000E+01  1.7510E+01  3.5085E+00  4.9550E+02  3.0302E+01  6.8489E-01  6.3113E-02  1.2500E+02
  2.6000E+01  1.7510E+01  3.5085E+00  4.9550E+02  3.0302E+01  6.8489E-01  6.3113E-02  1.2500E+02
  2.7000E+01  1.1485E+01  3.5085E+00  4.9550E+02  1.7358E+01  6.8488E-01  6.3113E-02  1.2500E+02
  2.7000E+01  1.1485E+01  3.5085E+00  4.9550E+02  1.7358E+01  6.8488E-01  6.3113E-02  1.2500E+02
  2.7000E+01  1.1485E+01  3.5085E+00  4.9550E+02  1.7358E+01  6.8488E-01  6.3113E-02  1.2500E+02
  2.7000E+01  1.1485E+01  3.5085E+00  4.9550E+02  1.7358E+01  6.8488E-01  6.3113E-02  1.2500E+02
  2.7000E+01  1.1485E+01  3.5085E+00  4.9550E+02  1.7358E+01  6.8488E-01  6.3113E-02  1.2500E+02
  2.7000E+01  1.1485E+01  3.5085E+00  4.9550E+02  1.7358E+01  6.8488E-01  6.3113E-02  1.2500E+02
  2.7000E+01  1.1485E+01  3.5085E+00  4.9550E+02  1.7358E+01  6.8488E-01  6.3113E-02  1.2500E+02
  2.8000E+01  1.0979E+01  3.5085E+00  4.9550E+02  5.0253E+02  6.8488E-01  4.3264E-02  2.5000E+02
  2.8000E+01  1.0979E+01  3.5085E+00  4.9550E+02  5.0253E+02  6.8488E-01  4.3264E-02  2.5000E+02
  2.8000E+01  1.0979E+01  3.5085E+00  4.9550E+02  5.0253E+02  6.8488E-01  4.3264E-02  2.5000E+02
  2.8000E+01  1.0979E+01  3.5085E+00  4.9550E+02  5.0253E+02  6.8488E-01  4.3264E-02  2.5000E+02
  2.8000E+01  1.0979E+01  3.5085E+00  4.9550E+02  5.0253E+02  6.8488E-01  4.3264E-02  2.5000E+02
  2.8000E+01  1.0979E+01  3.5085E+00  4.9550E+02  5.0253E+02  6.8488E-01  4.3264E-02  2.5000E+02
  2.8000E+01  1.0979E+01  3.5085E+00  4.9550E+02  5.0253E+02  6.8488E-01  4.3264E-02  2.5000E+02
  2.9000E+01  1.2251E+01  3.5085E+00  4.9550E+02  9.0240E+01  6.8489E-01  4.3264E-02  2.5000E+02
  2.9000E+01  1.2251E+01  3.5085E+00  4.9550E+02  9.0240E+01  6.8489E-01  4.3264E-02  2.5000E+02
  2.9000E+01  1.2251E+01  3.5085E+00  4.9550E+02  9.0240E+01  6.8489E-01  4.3264E-02  2.5000E+02
  2.9000E+01  1.2251E+01  3.5085E+00  4.9550E+02  9.0240E+01  6.8489E-01  4.3264E-02  2.5000E+02
  2.9000E+01  1.2251E+01  3.5085E+00  4.9550E+02  9.0240E+01  6.8489E-01  4.3264E-02  2.5000E+02
  2.9000E+01  1.2251E+01  3.5085E+00  4.9550E+02  9.0240E+01  6.8489E-01  4.3264E-02  2.5000E+02
  2.9000E+01  1.2251E+01  3.5085E+00  4.9550E+02  9.0240E+01  6.8489E-01  4.3264E-02  2.5000E+02
  3.0000E+01  1.8010E+01  3.5085E+00  4.9550E+02  6.0815E+02  6.8489E-01  4.3264E-02  2.5000E+02
  3.0000E+01  1.8010E+01  3.5085E+00  4.9550E+02  6.0815E+02  6.8489E-01  4.3264E-02  2.5000E+02
  3.0000E+01  1.8010E+01  3.5085E+00  4.9550E+02  6.0815E+02  6.8489E-01  4.3264E-02  2.5000E+02
  3.0000E+01  1.8010E+01  3.5085E+00  4.9550E+02  6.0815E+02  6.8489E-01  4.3264E-02  2.5000E+02
  3.0000E+01  1.8010E+01  3.5085E+00  4.9550E+02  6.0815E+02  6.8489E-01  4.3264E-02  2.5000E+02
  3.0000E+01  1.8010E+01  3.5085E+00  4.9550E+02  6.0815E+02  6.8489E-01  4.3264E-02  2.5000E+02
  3.0000E+01  1.8010E+01  3.5085E+00  4.9550E+02  6.0815E+02  6.8489E-01  4.3264E-02  2.5000E+02
  3.1000E+01  8.2492E+00  3.5085E+00  4.9550E+02  3.6942E+02  6.8489E-01  3.2708E-02  5.0000E+02
  3.1000E+01  8.2492E+00  3.5085E+00  4.9550E+02  3.6942E+02  6.8489E-01  3.2708E-02  5.0000E+02
  3.1000E+01  8.2492E+00  3.5085E+00  4.9550E+02  3.6942E+02  6.8489E-01  3.2708E-02  5.0000E+02
  3.1000E+01  8.2492E+00  3.5085E+00  4.9550E+02  3.6942E+02  6.8489E-01  3.2708E-02  5.0000E+02
  3.1000E+01  8.2492E+00  3.5085E+00  4.9550E+02  3.6942E+02  6.8489E-01  3.2708E-02  5.0000E+02
  3.1000E+01  8.2492E+00  3.5085E+00  4.9550E+02  3.6942E+02  6.8489E-01  3.2708E-02  5.0000E+02
  3.1000E+01  8.2492E+00  3.5085E+00  4.9550E+02  3.6942E+02  6.8489E-01  3.2708E-02  5.0000E+02
  3.2000E+01  1.3581E+01  3.5085E+00  4.9550E+02  3.2192E+02  6.8489E-01  3.2708E-02  5.0000E+02
  3.2000E+01  1.3581E+01  3.5085E+00  4.9550E+02  3.2192E+02  6.8489E-01  3.2708E-02  5.0000E+02
  3.2000E+01  1.3581E+01  3.5085E+00  4.9550E+02  3.2192E+02  6.8489E-01  3.2708E-02  5.0000E+02
  3.2000E+01  1.3581E+01  3.5085E+00  4.9550E+02  3.2192E+02  6.8489E-01  3.2708E-02  5.0000E+02
  3.2000E+01  1.3581E+01  3.5085E+00  4.9550E+02  3.2192E+02  6.8489E-01  3.2708E-02  5.0000E+02
  3.2000E+01  1.3581E+01  3.5085E+00  4.9550E+02  3.2192E+02  6.8489E-01  3.2708E-02  5.0000E+02
  3.2000E+01  1.3581E+01  3.5085E+00  4.9550E+02  3.2192E+02  6.8489E-01  3.2708E-02  5.0000E+02
  3.3000E+01  1.4145E+01  3.5085E+00  4.9550E+02  2.9888E+02  6.8489E-01  3.2708E-02  5.0000E+02
  3.3000E+01  1.4145E+01  3.5085E+00  4.9550E+02  2.9888E+02  6.8489E-01  3.2708E-02  5.0000E+02
  3.3000E+01  1.4145E+01  3.5085E+00  4.9550E+02  2.9888E+02  6.8489E-01  3.2708E-02  5.0000E+02
  3.3000E+01  1.4145E+01  3.5085E+00  4.9550E+02  2.9888E+02  6.8489E-01  3.2708E-02  5.0000E+02
  3.3000E+01  1.4145E+01  3.5085E+00  4.9550E+02  2.9888E+02  6.8489E-01  3.2708E-02  5.0000E+02
  3.3000E+01  1.4145E+01  3.5085E+00  4.9550E+02  2.9888E+02  6.8489E-01  3.2708E-02  5.0000E+02
  3.3000E+01  1.4145E+01  3.5085E+00  4.9550E+02  2.9888E+02  6.8489E-01  3.2708E-02  5.0000E+02
  3.4000E+01  9.4496E+01  3.5085E+00  4.9550E+02  1.0649E+02  6.8489E-01  6.3113E-02  1.2500E+02
  3.4000E+01  9.4496E+01  3.5085E+00  4.9550E+02  1.0649E+02  6.8489E-01  6.3113E-02  1.2500E+02
  3.4000E+01  9.4496E+01  3.5085E+00  4.9550E+02  1.0649E+02  6.8489E-01  6.3113E-02  1.2500E+02
  3.4000E+01  9.4496E+01  3.5085E+00  4.9550E+02  1.0649E+02  6.8489E-01  6.3113E-02  1.2500E+02
  3.4000E+01  9.4496E+01  3.5085E+00  4.9550E+02  1.0649E+02  6.8489E-01  6.3113E-02  1.2500E+02
  3.4000E+01  9.4496E+01  3.5085E+00  4.9550E+02  1.0649E+02  6.8489E-01  6.3113E-02  1.2500E+02
  3.4000E+01  9.4496E+01  3.5085E+00  4.9550E+02  1.0649E+02  6.8489E-01  6.3113E-02  1.2500E+02
  3.5000E+01  8.9671E+01  3.5085E+00  4.9550E+02  2.4395E+02  6.8489E-01  6.3113E-02  1.2500E+02
  3.5000E+01  8.9671E+01  3.5085E+00  4.9550E+02  2.4395E+02  6.8489E-01  6.3113E-02  1.2500E+02
  3.5000E+01  8.9671E+01  3.5085E+00  4.9550E+02  2.4395E+02  6.8489E-01  6.3113E-02  1.2500E+02
  3.5000E+01  8.9671E+01  3.5085E+00  4.9550E+02  2.4395E+02  6.8489E-01  6.3113E-02  1.2500E+02
  3.5000E+01  8.9671E+01  3.5085E+00  4.9550E+02  2.4395E+02  6.8489E-01  6.3113E-02  1.2500E+02
  3.5000E+01  8.9671E+01  3.5085E+00  4.9550E+02  2.4395E+02  6.8489E-01  6.3113E-02  1.2500E+02
  3.5000E+01  8.9671E+01  3.5085E+00  4.9550E+02  2.4395E+02  6.8489E-01  6.3113E-02  1.2500E+02
  3.6000E+01  8.9405E+01  3.5085E+00  4.9550E+02  1.3532E+02  6.8490E-01  6.3113E-02  1.2500E+02
  3.6000E+01  8.9405E+01  3.5085E+00  4.9550E+02  1.3532E+02  6.8490E-01  6.3113E-02  1.2500E+02
  3.6000E+01  8.9405E+01  3.5085E+00  4.9550E+02  1.3532E+02  6.8490E-01  6.3113E-02  1.2500E+02
  3.6000E+01  8.9405E+01  3.5085E+00  4.9550E+02  1.3532E+02  6.8490E-01  6.3113E-02  1.2500E+02
  3.6000E+01  8.9405E+01  3.5085E+00  4.9550E+02  1.3532E+02  6.8490E-01  6.3113E-02  1.2500E+02
  3.6000E+01  8.9405E+01  3.5085E+00  4.9550E+02  1.3532E+02  6.8490E-01  6.3113E-02  1.2500E+02
  3.6000E+01  8.9405E+01  3.5085E+00  4.9550E+02  1.3532E+02  6.8490E-01  6.3113E-02  1.2500E+02
  3.7000E+01  8.9278E+01  3.5085E+00  4.9550E+02  1.9354E+02  6.8489E-01  4.3264E-02  2.5000E+02
  3.7000E+01  8.9278E+01  3.5085E+00  4.9550E+02  1.9354E+02  6.8489E-01  4.3264E-02  2.5000E+02
  3.7000E+01  8.9278E+01  3.5085E+00  4.9550E+02  1.9354E+02  6.8489E-01  4.3264E-02  2.5000E+02
  3.7000E+01  8.9278E+01  3.5085E+00  4.9550E+02  1.9354E+02  6.8489E-01  4.3264E-02  2.5000E+02
  3.7000E+01  8.9278E+01  3.5085E+00  4.9550E+02  1.9354E+02  6.8489E-01  4.3264E-02  2.5000E+02
  3.7000E+01  8.9278E+01  3.5085E+00  4.9550E+02  1.9354E+02  6.8489E-01  4.3264E-02  2.5000E+02
  3.7000E+01  8.9278E+01  3.5085E+00  4.9550E+02  1.9354E+02  6.8489E-01  4.3264E-02  2.5000E+02
  3.8000E+01  6.1896E+01  3.5085E+00  4.9550E+02  2.5326E+02  6.8489E-01  4.3264E-02  2.5000E+02
  3.8000E+01  6.1896E+01  3.5085E+00  4.9550E+02  2.5326E+02  6.8489E-01  4.3264E-02  2.5000E+02
  3.8000E+01  6.1896E+01  3.5085E+00  4.9550E+02  2.5326E+02  6.8489E-01  4.3264E-02  2.5000E+02
  3.8000E+01  6.1896E+01  3.5085E+00  4.9550E+02  2.5326E+02  6.8489E-01  4.3264E-02  2.5000E+02
  3.8000E+01  6.1896E+01  3.5085E+00  4.9550E+02  2.5326E+02  6.8489E-01  4.3264E-02  2.5000E+02
  3.8000E+01  6.1896E+01  3.5085E+00  4.9550E+02  2.5326E+02  6.8489E-01  4.3264E-02  2.5000E+02
  3.8000E+01  6.1896E+01  3.5085E+00  4.9550E+02  2.5326E+02  6.8489E-01  4.3264E-02  2.5000E+02
  3.9000E+01  7.0974E+01  3.5085E+00  4.9550E+02  1.6405E+02  6.8489E-01  4.3264E-02  2.5000E+02
  3.9000E+01  7.0974E+01  3.5085E+00  4.9550E+02  1.6405E+02  6.8489E-01  4.3264E-02  2.5000E+02
  3.9000E+01  7.0974E+01  3.5085E+00  4.9550E+02  1.6405E+02  6.8489E-01  4.3264E-02  2.5000E+02
  3.9000E+01  7.0974E+01  3.5085E+00  4.9550E+02  1.6405E+02  6.8489E-01  4.3264E-02  2.5000E+02
  3.9000E+01  7.0974E+01  3.5085E+00  4.9550E+02  1.6405E+02  6.8489E-01  4.3264E-02  2.5000E+02
  3.9000E+01  7.0974E+01  3.5085E+00  4.9550E+02  1.6405E+02  6.8489E-01  4.3264E-02  2.5000E+02
  3.9000E+01  7.0974E+01  3.5085E+00  4.9550E+02  1.6405E+02  6.8489E-01  4.3264E-02  2.5000E+02
  4.0000E+01  3.7123E+01  3.5085E+00  4.9550E+02  4.6401E+02  6.8488E-01  3.2708E-02  5.0000E+02
  4.0000E+01  3.7123E+01  3.5085E+00  4.9550E+02  4.6401E+02  6.8488E-01  3.2708E-02  5.0000E+02
  4.0000E+01  3.7123E+01  3.5085E+00  4.9550E+02  4.6401E+02  6.8488E-01  3.2708E-02  5.0000E+02
  4.0000E+01  3.7123E+01  3.5085E+00  4.9550E+02  4.6401E+02  6.8488E-01  3.2708E-02  5.0000E+02
  4.0000E+01  3.7123E+01  3.5085E+00  4.9550E+02  4.6401E+02  6.8488E-01  3.2708E-02  5.0000E+02
  4.0000E+01  3.7123E+01  3.5085E+00  4.9550E+02  4.6401E+02  6.8488E-01  3.2708E-02  5.0000E+02
  4.0000E+01  3.7123E+01  3.5085E+00  4.9550E+02  4.6401E+02  6.8488E-01  3.2708E-02  5.0000E+02
  4.1000E+01  5.1850E+01  3.5085E+00  4.9550E+02  2.3892E+02  6.8489E-01  3.2708E-02  5.0000E+02
  4.1000E+01  5.1850E+01  3.5085E+00  4.9550E+02  2.3892E+02  6.8489E-01  3.2708E-02  5.0000E+02
  4.1000E+01  5.1850E+01  3.5085E+00  4.9550E+02  2.3892E+02  6.8489E-01  3.2708E-02  5.0000E+02
  4.1000E+01  5.1850E+01  3.5085E+00  4.9550E+02  2.3892E+02  6.8489E-01  3.2708E-02  5.0000E+02
  4.1000E+01  5.1850E+01  3.5085E+00  4.9550E+02  2.3892E+02  6.8489E-01  3.2708E-02  5.0000E+02
  4.1000E+01  5.1850E+01  3.5085E+00  4.9550E+02  2.3892E+02  6.8489E-01  3.2708E-02  5.0000E+02
  4.1000E+01  5.1850E+01  3.5085E+00  4.9550E+02  2.3892E+02  6.8489E-01  3.2708E-02  5.0000E+02
  4.2000E+01  8.1795E+01  3.5085E+00  4.9550E+02  3.7997E+02  6.8489E-01  3.2708E-02  5.0000E+02
  4.2000E+01  8.1795E+01  3.5085E+00  4.9550E+02  3.7997E+02  6.8489E-01  3.2708E-02  5.0000E+02
  4.2000E+01  8.1795E+01  3.5085E+00  4.9550E+02  3.7997E+02  6.8489E-01  3.2708E-02  5.0000E+02
  4.2000E+01  8.1795E+01  3.5085E+00  4.9550E+02  3.7997E+02  6.8489E-01  3.2708E-02  5.0000E+02
  4.2000E+01  8.1795E+01  3.5085E+00  4.9550E+02  3.7997E+02  6.8489E-01  3.2708E-02  5.0000E+02
  4.2000E+01  8.1795E+01  3.5085E+00  4.9550E+02  3.7997E+02  6.8489E-01  3.2708E-02  5.0000E+02
  4.2000E+01  8.1795E+01  3.5085E+00  4.9550E+02  3.7997E+02  6.8489E-01  3.2708E-02  5.0000E+02
  4.3000E+01  1.0469E+01  3.5085E+00  4.9550E+02  7.3668E+01  6.8490E-01  3.9795E-02  3.0000E+02
  4.3000E+01  1.0469E+01  3.5085E+00  4.9550E+02  7.3668E+01  6.8490E-01  3.9795E-02  3.0000E+02
  4.3000E+01  1.0469E+01  3.5085E+00  4.9550E+02  7.3668E+01  6.8490E-01  3.9795E-02  3.0000E+02
  4.3000E+01  1.0469E+01  3.5085E+00  4.9550E+02  7.3668E+01  6.8490E-01  3.9795E-02  3.0000E+02
  4.3000E+01  1.0469E+01  3.5085E+00  4.9550E+02  7.3668E+01  6.8490E-01  3.9795E-02  3.0000E+02
  4.3000E+01  1.0469E+01  3.5085E+00  4.9550E+02  7.3668E+01  6.8490E-01  3.9795E-02  3.0000E+02
  4.3000E+01  1.0469E+01  3.5085E+00  4.9550E+02  7.3668E+01  6.8490E-01  3.9795E-02  3.0000E+02
  4.4000E+01  1.7592E+01  3.5085E+00  4.9550E+02  1.3690E+02  6.8489E-01  3.9795E-02  3.0000E+02
  4.4000E+01  1.7592E+01  3.5085E+00  4.9550E+02  1.3690E+02  6.8489E-01  3.9795E-02  3.0000E+02
  4.4000E+01  1.7592E+01  3.5085E+00  4.9550E+02  1.3690E+02  6.8489E-01  3.9795E-02  3.0000E+02
  4.4000E+01  1.7592E+01  3.5085E+00  4.9550E+02  1.3690E+02  6.8489E-01  3.9795E-02  3.0000E+02
  4.4000E+01  1.7592E+01  3.5085E+00  4.9550E+02  1.3690E+02  6.8489E-01  3.9795E-02  3.0000E+02
  4.4000E+01  1.7592E+01  3.5085E+00  4.9550E+02  1.3690E+02  6.8489E-01  3.9795E-02  3.0000E+02
  4.4000E+01  1.7592E+01  3.5085E+00  4.9550E+02  1.3690E+02  6.8489E-01  3.9795E-02  3.0000E+02
  4.5000E+01  3.6879E+01  3.5085E+00  4.9550E+02  1.4088E+02  6.8489E-01  3.9795E-02  3.0000E+02
  4.5000E+01  3.6879E+01  3.5085E+00  4.9550E+02  1.4088E+02  6.8489E-01  3.9795E-02  3.0000E+02
  4.5000E+01  3.6879E+01  3.5085E+00  4.9550E+02  1.4088E+02  6.8489E-01  3.9795E-02  3.0000E+02
  4.5000E+01  3.6879E+01  3.5085E+00  4.9550E+02  1.4088E+02  6.8489E-01  3.9795E-02  3.0000E+02
  4.5000E+01  3.6879E+01  3.5085E+00  4.9550E+02  1.4088E+02  6.8489E-01  3.9795E-02  3.0000E+02
  4.5000E+01  3.6879E+01  3.5085E+00  4.9550E+02  1.4088E+02  6.8489E-01  3.9795E-02  3.0000E+02
  4.5000E+01  3.6879E+01  3.5085E+00  4.9550E+02  1.4088E+02  6.8489E-01  3.9795E-02  3.0000E+02
  4.6000E+01  1.0640E+01  3.5085E+00  4.9550E+02  2.3513E+02  6.8489E-01  2.8633E-02  8.0000E+02
  4.6000E+01  1.0640E+01  3.5085E+00  4.9550E+02  2.3513E+02  6.8489E-01  2.8633E-02  8.0000E+02
  4.6000E+01  1.0640E+01  3.5085E+00  4.9550E+02  2.3513E+02  6.8489E-01  2.8633E-02  8.0000E+02
  4.6000E+01  1.0640E+01  3.5085E+00  4.9550E+02  2.3513E+02  6.8489E-01  2.8633E-02  8.0000E+02
  4.6000E+01  1.0640E+01  3.5085E+00  4.9550E+02  2.3513E+02  6.8489E-01  2.8633E-02  8.0000E+02
  4.6000E+01  1.0640E+01  3.5085E+00  4.9550E+02  2.3513E+02  6.8489E-01  2.8633E-02  8.0000E+02
  4.6000E+01  1.0640E+01  3.5085E+00  4.9550E+02  2.3513E+02  6.8489E-01  2.8633E-02  8.0000E+02
  4.7000E+01  2.4110E+01  3.5085E+00  4.9550E+02  3.5422E+02  6.8489E-01  2.8633E-02  8.0000E+02
  4.7000E+01  2.4110E+01  3.5085E+00  4.9550E+02  3.5422E+02  6.8489E-01  2.8633E-02  8.0000E+02
  4.7000E+01  2.4110E+01  3.5085E+00  4.9550E+02  3.5422E+02  6.8489E-01  2.8633E-02  8.0000E+02
  4.7000E+01  2.4110E+01  3.5085E+00  4.9550E+02  3.5422E+02  6.8489E-01  2.8633E-02  8.0000E+02
  4.7000E+01  2.4110E+01  3.5085E+00  4.9550E+02  3.5422E+02  6.8489E-01  2.8633E-02  8.0000E+02
  4.7000E+01  2.4110E+01  3.5085E+00  4.9550E+02  3.5422E+02  6.8489E-01  2.8633E-02  8.0000E+02
  4.7000E+01  2.4110E+01  3.5085E+00  4.9550E+02  3.5422E+02  6.8489E-01  2.8633E-02  8.0000E+02
  4.8000E+01  3.8547E+01  3.5085E+00  4.9550E+02  2.3041E+02  6.8489E-01  2.8633E-02  8.0000E+02
  4.8000E+01  3.8547E+01  3.5085E+00  4.9550E+02  2.3041E+02  6.8489E-01  2.8633E-02  8.0000E+02
  4.8000E+01  3.8547E+01  3.5085E+00  4.9550E+02  2.3041E+02  6.8489E-01  2.8633E-02  8.0000E+02
  4.8000E+01  3.8547E+01  3.5085E+00  4.9550E+02  2.3041E+02  6.8489E-01  2.8633E-02  8.0000E+02
  4.8000E+01  3.8547E+01  3.5085E+00  4.9550E+02  2.3041E+02  6.8489E-01  2.8633E-02  8.0000E+02
  4.8000E+01  3.8547E+01  3.5085E+00  4.9550E+02  2.3041E+02  6.8489E-01  2.8633E-02  8.0000E+02
  4.8000E+01  3.8547E+01  3.5085E+00  4.9550E+02  2.3041E+02  6.8489E-01  2.8633E-02  8.0000E+02
  4.9000E+01  9.4597E+01  3.5085E+00  4.9550E+02  2.6647E+02  6.8489E-01  2.5417E-02  1.5000E+03
  4.9000E+01  9.4597E+01  3.5085E+00  4.9550E+02  2.6647E+02  6.8489E-01  2.5417E-02  1.5000E+03
  4.9000E+01  9.4597E+01  3.5085E+00  4.9550E+02  2.6647E+02  6.8489E-01  2.5417E-02  1.5000E+03
  4.9000E+01  9.4597E+01  3.5085E+00  4.9550E+02  2.6647E+02  6.8489E-01  2.5417E-02  1.5000E+03
  4.9000E+01  9.4597E+01  3.5085E+00  4.9550E+02  2.6647E+02  6.8489E-01  2.5417E-02  1.5000E+03
  4.9000E+01  9.4597E+01  3.5085E+00  4.9550E+02  2.6647E+02  6.8489E-01  2.5417E-02  1.5000E+03
  4.9000E+01  9.4597E+01  3.5085E+00  4.9550E+02  2.6647E+02  6.8489E-01  2.5417E-02  1.5000E+03
  5.0000E+01  1.3669E+01  3.5085E+00  4.9550E+02  1.7136E+02  6.8489E-01  2.5417E-02  1.5000E+03
  5.0000E+01  1.3669E+01  3.5085E+00  4.9550E+02  1.7136E+02  6.8489E-01  2.5417E-02  1.5000E+03
  5.0000E+01  1.3669E+01  3.5085E+00  4.9550E+02  1.7136E+02  6.8489E-01  2.5417E-02  1.5000E+03
  5.0000E+01  1.3669E+01  3.5085E+00  4.9550E+02  1.7136E+02  6.8489E-01  2.5417E-02  1.5000E+03
  5.0000E+01  1.3669E+01  3.5085E+00  4.9550E+02  1.7136E+02  6.8489E-01  2.5417E-02  1.5000E+03
  5.0000E+01  1.3669E+01  3.5085E+00  4.9550E+02  1.7136E+02  6.8489E-01  2.5417E-02  1.5000E+03
  5.0000E+01  1.3669E+01  3.5085E+00  4.9550E+02  1.7136E+02  6.8489E-01  2.5417E-02  1.5000E+03
  5.1000E+01  2.7846E+01  3.5085E+00  4.9550E+02  5.5788E+02  6.8488E-01  2.5417E-02  1.5000E+03
  5.1000E+01  2.7846E+01  3.5085E+00  4.9550E+02  5.5788E+02  6.8488E-01  2.5417E-02  1.5000E+03
  5.1000E+01  2.7846E+01  3.5085E+00  4.9550E+02  5.5788E+02  6.8488E-01  2.5417E-02  1.5000E+03
  5.1000E+01  2.7846E+01  3.5085E+00  4.9550E+02  5.5788E+02  6.8488E-01  2.5417E-02  1.5000E+03
  5.1000E+01  2.7846E+01  3.5085E+00  4.9550E+02  5.5788E+02  6.8488E-01  2.5417E-02  1.5000E+03
  5.1000E+01  2.7846E+01  3.5085E+00  4.9550E+02  5.5788E+02  6.8488E-01  2.5417E-02  1.5000E+03
  5.2000E+01  1.2681E+01  3.5085E+00  4.9550E+02  3.9383E+00  6.8492E-01  3.9795E-02  3.0000E+02
  5.2000E+01  1.2681E+01  3.5085E+00  4.9550E+02  3.9383E+00  6.8492E-01  3.9795E-02  3.0000E+02
  5.2000E+01  1.2681E+01  3.5085E+00  4.9550E+02  3.9383E+00  6.8492E-01  3.9795E-02  3.0000E+02
  5.2000E+01  1.2681E+01  3.5085E+00  4.9550E+02  3.9383E+00  6.8492E-01  3.9795E-02  3.0000E+02
  5.2000E+01  1.2681E+01  3.5085E+00  4.9550E+02  3.9383E+00  6.8492E-01  3.9795E-02  3.0000E+02
  5.2000E+01  1.2681E+01  3.5085E+00  4.9550E+02  3.9383E+00  6.8492E-01  3.9795E-02  3.0000E+02
  5.2000E+01  1.2681E+01  3.5085E+00  4.9550E+02  3.9383E+00  6.8492E-01  3.9795E-02  3.0000E+02
  5.3000E+01  4.9492E+01  3.5085E+00  4.9550E+02  2.5395E+02  6.8489E-01  3.9795E-02  3.0000E+02
  5.3000E+01  4.9492E+01  3.5085E+00  4.9550E+02  2.5395E+02  6.8489E-01  3.9795E-02  3.0000E+02
  5.3000E+01  4.9492E+01  3.5085E+00  4.9550E+02  2.5395E+02  6.8489E-01  3.9795E-02  3.0000E+02
  5.3000E+01  4.9492E+01  3.5085E+00  4.9550E+02  2.5395E+02  6.8489E-01  3.9795E-02  3.0000E+02
  5.3000E+01  4.9492E+01  3.5085E+00  4.9550E+02  2.5395E+02  6.8489E-01  3.9795E-02  3.0000E+02
  5.3000E+01  4.9492E+01  3.5085E+00  4.9550E+02  2.5395E+02  6.8489E-01  3.9795E-02  3.0000E+02
  5.3000E+01  4.9492E+01  3.5085E+00  4.9550E+02  2.5395E+02  6.8489E-01  3.9795E-02  3.0000E+02
  5.4000E+01  4.2369E+01  3.5085E+00  4.9550E+02  6.6892E+01  6.8490E-01  3.9795E-02  3.0000E+02
  5.4000E+01  4.2369E+01  3.5085E+00  4.9550E+02  6.6892E+01  6.8490E-01  3.9795E-02  3.0000E+02
  5.4000E+01  4.2369E+01  3.5085E+00  4.9550E+02  6.6892E+01  6.8490E-01  3.9795E-02  3.0000E+02
  5.4000E+01  4.2369E+01  3.5085E+00  4.9550E+02  6.6892E+01  6.8490E-01  3.9795E-02  3.0000E+02
  5.4000E+01  4.2369E+01  3.5085E+00  4.9550E+02  6.6892E+01  6.8490E-01  3.9795E-02  3.0000E+02
  5.4000E+01  4.2369E+01  3.5085E+00  4.9550E+02  6.6892E+01  6.8490E-01  3.9795E-02  3.0000E+02
  5.4000E+01  4.2369E+01  3.5085E+00  4.9550E+02  6.6892E+01  6.8490E-01  3.9795E-02  3.0000E+02
  5.5000E+01  5.9853E+01  3.5085E+00  4.9550E+02  1.2280E+02  6.8489E-01  2.8633E-02  8.0000E+02
  5.5000E+01  5.9853E+01  3.5085E+00  4.9550E+02  1.2280E+02  6.8489E-01  2.8633E-02  8.0000E+02
  5.5000E+01  5.9853E+01  3.5085E+00  4.9550E+02  1.2280E+02  6.8489E-01  2.8633E-02  8.0000E+02
  5.5000E+01  5.9853E+01  3.5085E+00  4.9550E+02  1.2280E+02  6.8489E-01  2.8633E-02  8.0000E+02
  5.5000E+01  5.9853E+01  3.5085E+00  4.9550E+02  1.2280E+02  6.8489E-01  2.8633E-02  8.0000E+02
  5.5000E+01  5.9853E+01  3.5085E+00  4.9550E+02  1.2280E+02  6.8489E-01  2.8633E-02  8.0000E+02
  5.5000E+01  5.9853E+01  3.5085E+00  4.9550E+02  1.2280E+02  6.8489E-01  2.8633E-02  8.0000E+02
  5.6000E+01  1.1644E+02  3.5085E+00  4.9550E+02  3.0944E+01  6.8488E-01  2.8633E-02  8.0000E+02
  5.6000E+01  1.1644E+02  3.5085E+00  4.9550E+02  3.0944E+01  6.8488E-01  2.8633E-02  8.0000E+02
  5.6000E+01  1.1644E+02  3.5085E+00  4.9550E+02  3.0944E+01  6.8488E-01  2.8633E-02  8.0000E+02
  5.6000E+01  1.1644E+02  3.5085E+00  4.9550E+02  3.0944E+01  6.8488E-01  2.8633E-02  8.0000E+02
  5.6000E+01  1.1644E+02  3.5085E+00  4.9550E+02  3.0944E+01  6.8488E-01  2.8633E-02  8.0000E+02
  5.6000E+01  1.1644E+02  3.5085E+00  4.9550E+02  3.0944E+01  6.8488E-01  2.8633E-02  8.0000E+02
  5.6000E+01  1.1644E+02  3.5085E+00  4.9550E+02  3.0944E+01  6.8488E-01  2.8633E-02  8.0000E+02
  5.7000E+01  1.4242E+02  3.5085E+00  4.9550E+02  1.3044E+02  6.8488E-01  2.8633E-02  8.0000E+02
  5.7000E+01  1.4242E+02  3.5085E+00  4.9550E+02  1.3044E+02  6.8488E-01  2.8633E-02  8.0000E+02
  5.7000E+01  1.4242E+02  3.5085E+00  4.9550E+02  1.3044E+02  6.8488E-01  2.8633E-02  8.0000E+02
  5.7000E+01  1.4242E+02  3.5085E+00  4.9550E+02  1.3044E+02  6.8488E-01  2.8633E-02  8.0000E+02
  5.7000E+01  1.4242E+02  3.5085E+00  4.9550E+02  1.3044E+02  6.8488E-01  2.8633E-02  8.0000E+02
  5.7000E+01  1.4242E+02  3.5085E+00  4.9550E+02  1.3044E+02  6.8488E-01  2.8633E-02  8.0000E+02
  5.8000E+01  6.1308E+01  3.5085E+00  4.9550E+02  4.0804E+02  6.8489E-01  2.5417E-02  1.5000E+03
  5.8000E+01  6.1308E+01  3.5085E+00  4.9550E+02  4.0804E+02  6.8489E-01  2.5417E-02  1.5000E+03
  5.8000E+01  6.1308E+01  3.5085E+00  4.9550E+02  4.0804E+02  6.8489E-01  2.5417E-02  1.5000E+03
  5.8000E+01  6.1308E+01  3.5085E+00  4.9550E+02  4.0804E+02  6.8489E-01  2.5417E-02  1.5000E+03
  5.8000E+01  6.1308E+01  3.5085E+00  4.9550E+02  4.0804E+02  6.8489E-01  2.5417E-02  1.5000E+03
  5.8000E+01  6.1308E+01  3.5085E+00  4.9550E+02  4.0804E+02  6.8489E-01  2.5417E-02  1.5000E+03
  5.8000E+01  6.1308E+01  3.5085E+00  4.9550E+02  4.0804E+02  6.8489E-01  2.5417E-02  1.5000E+03
  5.9000E+01  3.1638E+01  3.5085E+00  4.9550E+02  6.4012E+00  6.8491E-01  2.5417E-02  1.5000E+03
  5.9000E+01  3.1638E+01  3.5085E+00  4.9550E+02  6.4012E+00  6.8491E-01  2.5417E-02  1.5000E+03
  5.9000E+01  3.1638E+01  3.5085E+00  4.9550E+02  6.4012E+00  6.8491E-01  2.5417E-02  1.5000E+03
  5.9000E+01  3.1638E+01  3.5085E+00  4.9550E+02  6.4012E+00  6.8491E-01  2.5417E-02  1.5000E+03
  5.9000E+01  3.1638E+01  3.5085E+00  4.9550E+02  6.4012E+00  6.8491E-01  2.5417E-02  1.5000E+03
  5.9000E+01  3.1638E+01  3.5085E+00  4.9550E+02  6.4012E+00  6.8491E-01  2.5417E-02  1.5000E+03
  5.9000E+01  3.1638E+01  3.5085E+00  4.9550E+02  6.4012E+00  6.8491E-01  2.5417E-02  1.5000E+03
  6.0000E+01  7.6941E+01  3.5085E+00  4.9550E+02  4.5594E+01  6.8488E-01  2.5417E-02  1.5000E+03
  6.0000E+01  7.6941E+01  3.5085E+00  4.9550E+02  4.5594E+01  6.8488E-01  2.5417E-02  1.5000E+03
  6.0000E+01  7.6941E+01  3.5085E+00  4.9550E+02  4.5594E+01  6.8488E-01  2.5417E-02  1.5000E+03
  6.0000E+01  7.6941E+01  3.5085E+00  4.9550E+02  4.5594E+01  6.8488E-01  2.5417E-02  1.5000E+03
  6.0000E+01  7.6941E+01  3.5085E+00  4.9550E+02  4.5594E+01  6.8488E-01  2.5417E-02  1.5000E+03
  6.0000E+01  7.6941E+01  3.5085E+00  4.9550E+02  4.5594E+01  6.8488E-01  2.5417E-02  1.5000E+03
  6.0000E+01  7.6941E+01  3.5085E+00  4.9550E+02  4.5594E+01  6.8488E-01  2.5417E-02  1.5000E+03
  6.1000E+01  1.9271E+01  3.5085E+00  4.9550E+02  7.1070E+01  6.8490E-01  3.9795E-02  3.0000E+02
  6.1000E+01  1.9271E+01  3.5085E+00  4.9550E+02  7.1070E+01  6.8490E-01  3.9795E-02  3.0000E+02
  6.1000E+01  1.9271E+01  3.5085E+00  4.9550E+02  7.1070E+01  6.8490E-01  3.9795E-02  3.0000E+02
  6.1000E+01  1.9271E+01  3.5085E+00  4.9550E+02  7.1070E+01  6.8490E-01  3.9795E-02  3.0000E+02
  6.1000E+01  1.9271E+01  3.5085E+00  4.9550E+02  7.1070E+01  6.8490E-01  3.9795E-02  3.0000E+02
  6.1000E+01  1.9271E+01  3.5085E+00  4.9550E+02  7.1070E+01  6.8490E-01  3.9795E-02  3.0000E+02
  6.2000E+01  4.5575E+01  3.5085E+00  4.9550E+02  1.7466E+02  6.8489E-01  3.9795E-02  3.0000E+02
  6.2000E+01  4.5575E+01  3.5085E+00  4.9550E+02  1.7466E+02  6.8489E-01  3.9795E-02  3.0000E+02
  6.2000E+01  4.5575E+01  3.5085E+00  4.9550E+02  1.7466E+02  6.8489E-01  3.9795E-02  3.0000E+02
  6.2000E+01  4.5575E+01  3.5085E+00  4.9550E+02  1.7466E+02  6.8489E-01  3.9795E-02  3.0000E+02
  6.2000E+01  4.5575E+01  3.5085E+00  4.9550E+02  1.7466E+02  6.8489E-01  3.9795E-02  3.0000E+02
  6.2000E+01  4.5575E+01  3.5085E+00  4.9550E+02  1.7466E+02  6.8489E-01  3.9795E-02  3.0000E+02
  6.3000E+01  3.2279E+01  3.5085E+00  4.9550E+02  1.7572E+01  6.8489E-01  3.9795E-02  3.0000E+02
  6.3000E+01  3.2279E+01  3.5085E+00  4.9550E+02  1.7572E+01  6.8489E-01  3.9795E-02  3.0000E+02
  6.3000E+01  3.2279E+01  3.5085E+00  4.9550E+02  1.7572E+01  6.8489E-01  3.9795E-02  3.0000E+02
  6.3000E+01  3.2279E+01  3.5085E+00  4.9550E+02  1.7572E+01  6.8489E-01  3.9795E-02  3.0000E+02
  6.3000E+01  3.2279E+01  3.5085E+00  4.9550E+02  1.7572E+01  6.8489E-01  3.9795E-02  3.0000E+02
  6.3000E+01  3.2279E+01  3.5085E+00  4.9550E+02  1.7572E+01  6.8489E-01  3.9795E-02  3.0000E+02
  6.4000E+01  1.2247E+01  3.5085E+00  4.9550E+02  2.2911E+02  6.8489E-01  2.8633E-02  8.0000E+02
  6.4000E+01  1.2247E+01  3.5085E+00  4.9550E+02  2.2911E+02  6.8489E-01  2.8633E-02  8.0000E+02
  6.4000E+01  1.2247E+01  3.5085E+00  4.9550E+02  2.2911E+02  6.8489E-01  2.8633E-02  8.0000E+02
  6.4000E+01  1.2247E+01  3.5085E+00  4.9550E+02  2.2911E+02  6.8489E-01  2.8633E-02  8.0000E+02
  6.4000E+01  1.2247E+01  3.5085E+00  4.9550E+02  2.2911E+02  6.8489E-01  2.8633E-02  8.0000E+02
  6.4000E+01  1.2247E+01  3.5085E+00  4.9550E+02  2.2911E+02  6.8489E-01  2.8633E-02  8.0000E+02
  6.5000E+01  2.3316E+01  3.5085E+00  4.9550E+02  5.2042E+02  6.8488E-01  2.8633E-02  8.0000E+02
  6.5000E+01  2.3316E+01  3.5085E+00  4.9550E+02  5.2042E+02  6.8488E-01  2.8633E-02  8.0000E+02
  6.5000E+01  2.3316E+01  3.5085E+00  4.9550E+02  5.2042E+02  6.8488E-01  2.8633E-02  8.0000E+02
  6.5000E+01  2.3316E+01  3.5085E+00  4.9550E+02  5.2042E+02  6.8488E-01  2.8633E-02  8.0000E+02
  6.5000E+01  2.3316E+01  3.5085E+00  4.9550E+02  5.2042E+02  6.8488E-01  2.8633E-02  8.0000E+02
  6.5000E+01  2.3316E+01  3.5085E+00  4.9550E+02  5.2042E+02  6.8488E-01  2.8633E-02  8.0000E+02
  6.6000E+01  2.6039E+01  3.5085E+00  4.9550E+02  1.6944E+02  6.8489E-01  2.8633E-02  8.0000E+02
  6.6000E+01  2.6039E+01  3.5085E+00  4.9550E+02  1.6944E+02  6.8489E-01  2.8633E-02  8.0000E+02
  6.6000E+01  2.6039E+01  3.5085E+00  4.9550E+02  1.6944E+02  6.8489E-01  2.8633E-02  8.0000E+02
  6.6000E+01  2.6039E+01  3.5085E+00  4.9550E+02  1.6944E+02  6.8489E-01  2.8633E-02  8.0000E+02
  6.6000E+01  2.6039E+01  3.5085E+00  4.9550E+02  1.6944E+02  6.8489E-01  2.8633E-02  8.0000E+02
  6.6000E+01  2.6039E+01  3.5085E+00  4.9550E+02  1.6944E+02  6.8489E-01  2.8633E-02  8.0000E+02
  6.7000E+01  3.3557E+01  3.5085E+00  4.9550E+02  1.1547E+03  6.8488E-01  2.5417E-02  1.5000E+03
  6.7000E+01  3.3557E+01  3.5085E+00  4.9550E+02  1.1547E+03  6.8488E-01  2.5417E-02  1.5000E+03
  6.7000E+01  3.3557E+01  3.5085E+00  4.9550E+02  1.1547E+03  6.8488E-01  2.5417E-02  1.5000E+03
  6.7000E+01  3.3557E+01  3.5085E+00  4.9550E+02  1.1547E+03  6.8488E-01  2.5417E-02  1.5000E+03
  6.7000E+01  3.3557E+01  3.5085E+00  4.9550E+02  1.1547E+03  6.8488E-01  2.5417E-02  1.5000E+03
  6.7000E+01  3.3557E+01  3.5085E+00  4.9550E+02  1.1547E+03  6.8488E-01  2.5417E-02  1.5000E+03
  6.8000E+01  4.3823E+01  3.5085E+00  4.9550E+02  1.4676E+02  6.8489E-01  2.5417E-02  1.5000E+03
  6.8000E+01  4.3823E+01  3.5085E+00  4.9550E+02  1.4676E+02  6.8489E-01  2.5417E-02  1.5000E+03
  6.8000E+01  4.3823E+01  3.5085E+00  4.9550E+02  1.4676E+02  6.8489E-01  2.5417E-02  1.5000E+03
  6.8000E+01  4.3823E+01  3.5085E+00  4.9550E+02  1.4676E+02  6.8489E-01  2.5417E-02  1.5000E+03
  6.8000E+01  4.3823E+01  3.5085E+00  4.9550E+02  1.4676E+02  6.8489E-01  2.5417E-02  1.5000E+03
  6.8000E+01  4.3823E+01  3.5085E+00  4.9550E+02  1.4676E+02  6.8489E-01  2.5417E-02  1.5000E+03
  6.9000E+01  2.1647E+01  3.5085E+00  4.9550E+02  8.5153E+02  6.8488E-01  2.5417E-02  1.5000E+03
  6.9000E+01  2.1647E+01  3.5085E+00  4.9550E+02  8.5153E+02  6.8488E-01  2.5417E-02  1.5000E+03
  6.9000E+01  2.1647E+01  3.5085E+00  4.9550E+02  8.5153E+02  6.8488E-01  2.5417E-02  1.5000E+03
  6.9000E+01  2.1647E+01  3.5085E+00  4.9550E+02  8.5153E+02  6.8488E-01  2.5417E-02  1.5000E+03
  6.9000E+01  2.1647E+01  3.5085E+00  4.9550E+02  8.5153E+02  6.8488E-01  2.5417E-02  1.5000E+03
  6.9000E+01  2.1647E+01  3.5085E+00  4.9550E+02  8.5153E+02  6.8488E-01  2.5417E-02  1.5000E+03
  7.0000E+01  8.3959E+01  3.5085E+00  4.9550E+02  7.6137E+01  6.8489E-01  3.9795E-02  3.0000E+02
  7.0000E+01  8.3959E+01  3.5085E+00  4.9550E+02  7.6137E+01  6.8489E-01  3.9795E-02  3.0000E+02
  7.0000E+01  8.3959E+01  3.5085E+00  4.9550E+02  7.6137E+01  6.8489E-01  3.9795E-02  3.0000E+02
  7.0000E+01  8.3959E+01  3.5085E+00  4.9550E+02  7.6137E+01  6.8489E-01  3.9795E-02  3.0000E+02
  7.0000E+01  8.3959E+01  3.5085E+00  4.9550E+02  7.6137E+01  6.8489E-01  3.9795E-02  3.0000E+02
  7.0000E+01  8.3959E+01  3.5085E+00  4.9550E+02  7.6137E+01  6.8489E-01  3.9795E-02  3.0000E+02
  7.1000E+01  1.3232E+01  3.5085E+00  4.9550E+02  7.2889E+02  6.8488E-01  3.9795E-02  3.0000E+02
  7.1000E+01  1.3232E+01  3.5085E+00  4.9550E+02  7.2889E+02  6.8488E-01  3.9795E-02  3.0000E+02
  7.1000E+01  1.3232E+01  3.5085E+00  4.9550E+02  7.2889E+02  6.8488E-01  3.9795E-02  3.0000E+02
  7.1000E+01  1.3232E+01  3.5085E+00  4.9550E+02  7.2889E+02  6.8488E-01  3.9795E-02  3.0000E+02
  7.1000E+01  1.3232E+01  3.5085E+00  4.9550E+02  7.2889E+02  6.8488E-01  3.9795E-02  3.0000E+02
  7.1000E+01  1.3232E+01  3.5085E+00  4.9550E+02  7.2889E+02  6.8488E-01  3.9795E-02  3.0000E+02
  7.2000E+01  3.4962E+01  3.5085E+00  4.9550E+02  2.7150E+02  6.8489E-01  3.9795E-02  3.0000E+02
  7.2000E+01  3.4962E+01  3.5085E+00  4.9550E+02  2.7150E+02  6.8489E-01  3.9795E-02  3.0000E+02
  7.2000E+01  3.4962E+01  3.5085E+00  4.9550E+02  2.7150E+02  6.8489E-01  3.9795E-02  3.0000E+02
  7.2000E+01  3.4962E+01  3.5085E+00  4.9550E+02  2.7150E+02  6.8489E-01  3.9795E-02  3.0000E+02
  7.2000E+01  3.4962E+01  3.5085E+00  4.9550E+02  2.7150E+02  6.8489E-01  3.9795E-02  3.0000E+02
  7.2000E+01  3.4962E+01  3.5085E+00  4.9550E+02  2.7150E+02  6.8489E-01  3.9795E-02  3.0000E+02
  7.3000E+01  8.9221E+00  3.5085E+00  4.9550E+02  6.7393E+02  6.8488E-01  2.8633E-02  8.0000E+02
  7.3000E+01  8.9221E+00  3.5085E+00  4.9550E+02  6.7393E+02  6.8488E-01  2.8633E-02  8.0000E+02
  7.3000E+01  8.9221E+00  3.5085E+00  4.9550E+02  6.7393E+02  6.8488E-01  2.8633E-02  8.0000E+02
  7.3000E+01  8.9221E+00  3.5085E+00  4.9550E+02  6.7393E+02  6.8488E-01  2.8633E-02  8.0000E+02
  7.3000E+01  8.9221E+00  3.5085E+00  4.9550E+02  6.7393E+02  6.8488E-01  2.8633E-02  8.0000E+02
  7.3000E+01  8.9221E+00  3.5085E+00  4.9550E+02  6.7393E+02  6.8488E-01  2.8633E-02  8.0000E+02
  7.4000E+01  4.0081E+01  3.5085E+00  4.9550E+02  7.1253E+02  6.8488E-01  2.8633E-02  8.0000E+02
  7.4000E+01  4.0081E+01  3.5085E+00  4.9550E+02  7.1253E+02  6.8488E-01  2.8633E-02  8.0000E+02
  7.4000E+01  4.0081E+01  3.5085E+00  4.9550E+02  7.1253E+02  6.8488E-01  2.8633E-02  8.0000E+02
  7.4000E+01  4.0081E+01  3.5085E+00  4.9550E+02  7.1253E+02  6.8488E-01  2.8633E-02  8.0000E+02
  7.4000E+01  4.0081E+01  3.5085E+00  4.9550E+02  7.1253E+02  6.8488E-01  2.8633E-02  8.0000E+02
  7.4000E+01  4.0081E+01  3.5085E+00  4.9550E+02  7.1253E+02  6.8488E-01  2.8633E-02  8.0000E+02
  7.5000E+01  6.8114E+01  3.5085E+00  4.9550E+02  5.8409E+02  6.8488E-01  2.8633E-02  8.0000E+02
  7.5000E+01  6.8114E+01  3.5085E+00  4.9550E+02  5.8409E+02  6.8488E-01  2.8633E-02  8.0000E+02
  7.5000E+01  6.8114E+01  3.5085E+00  4.9550E+02  5.8409E+02  6.8488E-01  2.8633E-02  8.0000E+02
  7.5000E+01  6.8114E+01  3.5085E+00  4.9550E+02  5.8409E+02  6.8488E-01  2.8633E-02  8.0000E+02
  7.5000E+01  6.8114E+01  3.5085E+00  4.9550E+02  5.8409E+02  6.8488E-01  2.8633E-02  8.0000E+02
  7.5000E+01  6.8114E+01  3.5085E+00  4.9550E+02  5.8409E+02  6.8488E-01  2.8633E-02  8.0000E+02
  7.6000E+01  1.7604E+02  3.5085E+00  4.9550E+02  1.3245E+02  6.8489E-01  2.5417E-02  1.5000E+03
  7.6000E+01  1.7604E+02  3.5085E+00  4.9550E+02  1.3245E+02  6.8489E-01  2.5417E-02  1.5000E+03
  7.6000E+01  1.7604E+02  3.5085E+00  4.9550E+02  1.3245E+02  6.8489E-01  2.5417E-02  1.5000E+03
  7.6000E+01  1.7604E+02  3.5085E+00  4.9550E+02  1.3245E+02  6.8489E-01  2.5417E-02  1.5000E+03
  7.6000E+01  1.7604E+02  3.5085E+00  4.9550E+02  1.3245E+02  6.8489E-01  2.5417E-02  1.5000E+03
  7.6000E+01  1.7604E+02  3.5085E+00  4.9550E+02  1.3245E+02  6.8489E-01  2.5417E-02  1.5000E+03
  7.7000E+01  3.1305E+01  3.5085E+00  4.9550E+02  4.2661E+02  6.8489E-01  2.5417E-02  1.5000E+03
  7.7000E+01  3.1305E+01  3.5085E+00  4.9550E+02  4.2661E+02  6.8489E-01  2.5417E-02  1.5000E+03
  7.7000E+01  3.1305E+01  3.5085E+00  4.9550E+02  4.2661E+02  6.8489E-01  2.5417E-02  1.5000E+03
  7.7000E+01  3.1305E+01  3.5085E+00  4.9550E+02  4.2661E+02  6.8489E-01  2.5417E-02  1.5000E+03
  7.7000E+01  3.1305E+01  3.5085E+00  4.9550E+02  4.2661E+02  6.8489E-01  2.5417E-02  1.5000E+03
  7.7000E+01  3.1305E+01  3.5085E+00  4.9550E+02  4.2661E+02  6.8489E-01  2.5417E-02  1.5000E+03
  7.8000E+01  7.8882E+01  3.5085E+00  4.9550E+02  9.7440E+02  6.8488E-01  2.5417E-02  1.5000E+03
  7.8000E+01  7.8882E+01  3.5085E+00  4.9550E+02  9.7440E+02  6.8488E-01  2.5417E-02  1.5000E+03
  7.8000E+01  7.8882E+01  3.5085E+00  4.9550E+02  9.7440E+02  6.8488E-01  2.5417E-02  1.5000E+03
  7.8000E+01  7.8882E+01  3.5085E+00  4.9550E+02  9.7440E+02  6.8488E-01  2.5417E-02  1.5000E+03
  7.8000E+01  7.8882E+01  3.5085E+00  4.9550E+02  9.7440E+02  6.8488E-01  2.5417E-02  1.5000E+03
  7.8000E+01  7.8882E+01  3.5085E+00  4.9550E+02  9.7440E+02  6.8488E-01  2.5417E-02  1.5000E+03
