TABLE NO.  2
 ID          CL          V2          V3          Q           KA          F1          DOSE
  1.0000E+00  2.7341E+00  2.1504E+00  3.2488E+01  3.9870E+01  1.1492E+00  7.5742E-02  1.0000E+01
  1.0000E+00  2.7341E+00  2.1504E+00  3.2488E+01  3.9870E+01  1.1492E+00  7.5742E-02  1.0000E+01
  1.0000E+00  2.7341E+00  2.1504E+00  3.2488E+01  3.9870E+01  1.1492E+00  7.5742E-02  1.0000E+01
  1.0000E+00  2.7341E+00  2.1504E+00  3.2488E+01  3.9870E+01  1.1492E+00  7.5742E-02  1.0000E+01
  1.0000E+00  2.7341E+00  2.1504E+00  3.2488E+01  3.9870E+01  1.1492E+00  7.5742E-02  1.0000E+01
  1.0000E+00  2.7341E+00  2.1504E+00  3.2488E+01  3.9870E+01  1.1492E+00  7.5742E-02  1.0000E+01
  1.0000E+00  2.7341E+00  2.1504E+00  3.2488E+01  3.9870E+01  1.1492E+00  7.5742E-02  1.0000E+01
  1.0000E+00  2.7341E+00  2.1504E+00  3.2488E+01  3.9870E+01  1.1492E+00  7.5742E-02  1.0000E+01
  1.0000E+00  2.7341E+00  2.1504E+00  3.2488E+01  3.9870E+01  1.1492E+00  7.5742E-02  1.0000E+01
  1.0000E+00  2.7341E+00  2.1504E+00  3.2488E+01  3.9870E+01  1.1492E+00  7.5742E-02  1.0000E+01
  1.0000E+00  2.7341E+00  2.1504E+00  3.2488E+01  3.9870E+01  1.1492E+00  7.5742E-02  1.0000E+01
  1.0000E+00  2.7341E+00  2.1504E+00  3.2488E+01  3.9870E+01  1.1492E+00  7.5742E-02  1.0000E+01
  2.0000E+00  2.7341E+00  2.1504E+00  3.2488E+01  3.9870E+01  1.1492E+00  7.5742E-02  1.0000E+01
  2.0000E+00  2.7341E+00  2.1504E+00  3.2488E+01  3.9870E+01  1.1492E+00  7.5742E-02  1.0000E+01
  2.0000E+00  2.7341E+00  2.1504E+00  3.2488E+01  3.9870E+01  1.1492E+00  7.5742E-02  1.0000E+01
  2.0000E+00  2.7341E+00  2.1504E+00  3.2488E+01  3.9870E+01  1.1492E+00  7.5742E-02  1.0000E+01
  2.0000E+00  2.7341E+00  2.1504E+00  3.2488E+01  3.9870E+01  1.1492E+00  7.5742E-02  1.0000E+01
  2.0000E+00  2.7341E+00  2.1504E+00  3.2488E+01  3.9870E+01  1.1492E+00  7.5742E-02  1.0000E+01
  2.0000E+00  2.7341E+00  2.1504E+00  3.2488E+01  3.9870E+01  1.1492E+00  7.5742E-02  1.0000E+01
  2.0000E+00  2.7341E+00  2.1504E+00  3.2488E+01  3.9870E+01  1.1492E+00  7.5742E-02  1.0000E+01
  2.0000E+00  2.7341E+00  2.1504E+00  3.2488E+01  3.9870E+01  1.1492E+00  7.5742E-02  1.0000E+01
  2.0000E+00  2.7341E+00  2.1504E+00  3.2488E+01  3.9870E+01  1.1492E+00  7.5742E-02  1.0000E+01
  2.0000E+00  2.7341E+00  2.1504E+00  3.2488E+01  3.9870E+01  1.1492E+00  7.5742E-02  1.0000E+01
  2.0000E+00  2.7341E+00  2.1504E+00  3.2488E+01  3.9870E+01  1.1492E+00  7.5742E-02  1.0000E+01
  3.0000E+00  2.7341E+00  2.1504E+00  3.2488E+01  3.9870E+01  1.1492E+00  7.5742E-02  1.0000E+01
  3.0000E+00  2.7341E+00  2.1504E+00  3.2488E+01  3.9870E+01  1.1492E+00  7.5742E-02  1.0000E+01
  3.0000E+00  2.7341E+00  2.1504E+00  3.2488E+01  3.9870E+01  1.1492E+00  7.5742E-02  1.0000E+01
  3.0000E+00  2.7341E+00  2.1504E+00  3.2488E+01  3.9870E+01  1.1492E+00  7.5742E-02  1.0000E+01
  3.0000E+00  2.7341E+00  2.1504E+00  3.2488E+01  3.9870E+01  1.1492E+00  7.5742E-02  1.0000E+01
  3.0000E+00  2.7341E+00  2.1504E+00  3.2488E+01  3.9870E+01  1.1492E+00  7.5742E-02  1.0000E+01
  3.0000E+00  2.7341E+00  2.1504E+00  3.2488E+01  3.9870E+01  1.1492E+00  7.5742E-02  1.0000E+01
  3.0000E+00  2.7341E+00  2.1504E+00  3.2488E+01  3.9870E+01  1.1492E+00  7.5742E-02  1.0000E+01
  3.0000E+00  2.7341E+00  2.1504E+00  3.2488E+01  3.9870E+01  1.1492E+00  7.5742E-02  1.0000E+01
  3.0000E+00  2.7341E+00  2.1504E+00  3.2488E+01  3.9870E+01  1.1492E+00  7.5742E-02  1.0000E+01
  3.0000E+00  2.7341E+00  2.1504E+00  3.2488E+01  3.9870E+01  1.1492E+00  7.5742E-02  1.0000E+01
  3.0000E+00  2.7341E+00  2.1504E+00  3.2488E+01  3.9870E+01  1.1492E+00  7.5742E-02  1.0000E+01
  4.0000E+00  2.7341E+00  2.1504E+00  3.2488E+01  3.9870E+01  1.1492E+00  7.5742E-02  1.0000E+01
  4.0000E+00  2.7341E+00  2.1504E+00  3.2488E+01  3.9870E+01  1.1492E+00  7.5742E-02  1.0000E+01
  4.0000E+00  2.7341E+00  2.1504E+00  3.2488E+01  3.9870E+01  1.1492E+00  7.5742E-02  1.0000E+01
  4.0000E+00  2.7341E+00  2.1504E+00  3.2488E+01  3.9870E+01  1.1492E+00  7.5742E-02  1.0000E+01
  4.0000E+00  2.7341E+00  2.1504E+00  3.2488E+01  3.9870E+01  1.1492E+00  7.5742E-02  1.0000E+01
  4.0000E+00  2.7341E+00  2.1504E+00  3.2488E+01  3.9870E+01  1.1492E+00  7.5742E-02  1.0000E+01
  4.0000E+00  2.7341E+00  2.1504E+00  3.2488E+01  3.9870E+01  1.1492E+00  7.5742E-02  1.0000E+01
  4.0000E+00  2.7341E+00  2.1504E+00  3.2488E+01  3.9870E+01  1.1492E+00  7.5742E-02  1.0000E+01
  4.0000E+00  2.7341E+00  2.1504E+00  3.2488E+01  3.9870E+01  1.1492E+00  7.5742E-02  1.0000E+01
  4.0000E+00  2.7341E+00  2.1504E+00  3.2488E+01  3.9870E+01  1.1492E+00  7.5742E-02  1.0000E+01
  4.0000E+00  2.7341E+00  2.1504E+00  3.2488E+01  3.9870E+01  1.1492E+00  7.5742E-02  1.0000E+01
  4.0000E+00  2.7341E+00  2.1504E+00  3.2488E+01  3.9870E+01  1.1492E+00  7.5742E-02  1.0000E+01
  4.0000E+00  2.7341E+00  2.1504E+00  3.2488E+01  3.9870E+01  1.1492E+00  7.5742E-02  1.0000E+01
  5.0000E+00  2.7341E+00  2.1504E+00  3.2488E+01  3.9870E+01  1.1492E+00  7.5742E-02  1.0000E+01
  5.0000E+00  2.7341E+00  2.1504E+00  3.2488E+01  3.9870E+01  1.1492E+00  7.5742E-02  1.0000E+01
  5.0000E+00  2.7341E+00  2.1504E+00  3.2488E+01  3.9870E+01  1.1492E+00  7.5742E-02  1.0000E+01
  5.0000E+00  2.7341E+00  2.1504E+00  3.2488E+01  3.9870E+01  1.1492E+00  7.5742E-02  1.0000E+01
  5.0000E+00  2.7341E+00  2.1504E+00  3.2488E+01  3.9870E+01  1.1492E+00  7.5742E-02  1.0000E+01
  5.0000E+00  2.7341E+00  2.1504E+00  3.2488E+01  3.9870E+01  1.1492E+00  7.5742E-02  1.0000E+01
  5.0000E+00  2.7341E+00  2.1504E+00  3.2488E+01  3.9870E+01  1.1492E+00  7.5742E-02  1.0000E+01
  5.0000E+00  2.7341E+00  2.1504E+00  3.2488E+01  3.9870E+01  1.1492E+00  7.5742E-02  1.0000E+01
  5.0000E+00  2.7341E+00  2.1504E+00  3.2488E+01  3.9870E+01  1.1492E+00  7.5742E-02  1.0000E+01
  5.0000E+00  2.7341E+00  2.1504E+00  3.2488E+01  3.9870E+01  1.1492E+00  7.5742E-02  1.0000E+01
  5.0000E+00  2.7341E+00  2.1504E+00  3.2488E+01  3.9870E+01  1.1492E+00  7.5742E-02  1.0000E+01
  5.0000E+00  2.7341E+00  2.1504E+00  3.2488E+01  3.9870E+01  1.1492E+00  7.5742E-02  1.0000E+01
  5.0000E+00  2.7341E+00  2.1504E+00  3.2488E+01  3.9870E+01  1.1492E+00  7.5742E-02  1.0000E+01
  6.0000E+00  2.7341E+00  2.1504E+00  3.2488E+01  3.9870E+01  1.1492E+00  7.5742E-02  1.0000E+01
  6.0000E+00  2.7341E+00  2.1504E+00  3.2488E+01  3.9870E+01  1.1492E+00  7.5742E-02  1.0000E+01
  6.0000E+00  2.7341E+00  2.1504E+00  3.2488E+01  3.9870E+01  1.1492E+00  7.5742E-02  1.0000E+01
  6.0000E+00  2.7341E+00  2.1504E+00  3.2488E+01  3.9870E+01  1.1492E+00  7.5742E-02  1.0000E+01
  6.0000E+00  2.7341E+00  2.1504E+00  3.2488E+01  3.9870E+01  1.1492E+00  7.5742E-02  1.0000E+01
  6.0000E+00  2.7341E+00  2.1504E+00  3.2488E+01  3.9870E+01  1.1492E+00  7.5742E-02  1.0000E+01
  6.0000E+00  2.7341E+00  2.1504E+00  3.2488E+01  3.9870E+01  1.1492E+00  7.5742E-02  1.0000E+01
  6.0000E+00  2.7341E+00  2.1504E+00  3.2488E+01  3.9870E+01  1.1492E+00  7.5742E-02  1.0000E+01
  6.0000E+00  2.7341E+00  2.1504E+00  3.2488E+01  3.9870E+01  1.1492E+00  7.5742E-02  1.0000E+01
  6.0000E+00  2.7341E+00  2.1504E+00  3.2488E+01  3.9870E+01  1.1492E+00  7.5742E-02  1.0000E+01
  6.0000E+00  2.7341E+00  2.1504E+00  3.2488E+01  3.9870E+01  1.1492E+00  7.5742E-02  1.0000E+01
  6.0000E+00  2.7341E+00  2.1504E+00  3.2488E+01  3.9870E+01  1.1492E+00  7.5742E-02  1.0000E+01
  6.0000E+00  2.7341E+00  2.1504E+00  3.2488E+01  3.9870E+01  1.1492E+00  7.5742E-02  1.0000E+01
  7.0000E+00  2.7341E+00  2.1504E+00  3.2488E+01  3.9870E+01  1.1492E+00  9.0356E-03  1.2500E+02
  7.0000E+00  2.7341E+00  2.1504E+00  3.2488E+01  3.9870E+01  1.1492E+00  9.0356E-03  1.2500E+02
  7.0000E+00  2.7341E+00  2.1504E+00  3.2488E+01  3.9870E+01  1.1492E+00  9.0356E-03  1.2500E+02
  7.0000E+00  2.7341E+00  2.1504E+00  3.2488E+01  3.9870E+01  1.1492E+00  9.0356E-03  1.2500E+02
  7.0000E+00  2.7341E+00  2.1504E+00  3.2488E+01  3.9870E+01  1.1492E+00  9.0356E-03  1.2500E+02
  7.0000E+00  2.7341E+00  2.1504E+00  3.2488E+01  3.9870E+01  1.1492E+00  9.0356E-03  1.2500E+02
  7.0000E+00  2.7341E+00  2.1504E+00  3.2488E+01  3.9870E+01  1.1492E+00  9.0356E-03  1.2500E+02
  7.0000E+00  2.7341E+00  2.1504E+00  3.2488E+01  3.9870E+01  1.1492E+00  9.0356E-03  1.2500E+02
  8.0000E+00  2.7341E+00  2.1504E+00  3.2488E+01  3.9870E+01  1.1492E+00  9.0356E-03  1.2500E+02
  8.0000E+00  2.7341E+00  2.1504E+00  3.2488E+01  3.9870E+01  1.1492E+00  9.0356E-03  1.2500E+02
  8.0000E+00  2.7341E+00  2.1504E+00  3.2488E+01  3.9870E+01  1.1492E+00  9.0356E-03  1.2500E+02
  8.0000E+00  2.7341E+00  2.1504E+00  3.2488E+01  3.9870E+01  1.1492E+00  9.0356E-03  1.2500E+02
  8.0000E+00  2.7341E+00  2.1504E+00  3.2488E+01  3.9870E+01  1.1492E+00  9.0356E-03  1.2500E+02
  8.0000E+00  2.7341E+00  2.1504E+00  3.2488E+01  3.9870E+01  1.1492E+00  9.0356E-03  1.2500E+02
  8.0000E+00  2.7341E+00  2.1504E+00  3.2488E+01  3.9870E+01  1.1492E+00  9.0356E-03  1.2500E+02
  8.0000E+00  2.7341E+00  2.1504E+00  3.2488E+01  3.9870E+01  1.1492E+00  9.0356E-03  1.2500E+02
  9.0000E+00  2.7341E+00  2.1504E+00  3.2488E+01  3.9870E+01  1.1492E+00  9.0356E-03  1.2500E+02
  9.0000E+00  2.7341E+00  2.1504E+00  3.2488E+01  3.9870E+01  1.1492E+00  9.0356E-03  1.2500E+02
  9.0000E+00  2.7341E+00  2.1504E+00  3.2488E+01  3.9870E+01  1.1492E+00  9.0356E-03  1.2500E+02
  9.0000E+00  2.7341E+00  2.1504E+00  3.2488E+01  3.9870E+01  1.1492E+00  9.0356E-03  1.2500E+02
  9.0000E+00  2.7341E+00  2.1504E+00  3.2488E+01  3.9870E+01  1.1492E+00  9.0356E-03  1.2500E+02
  9.0000E+00  2.7341E+00  2.1504E+00  3.2488E+01  3.9870E+01  1.1492E+00  9.0356E-03  1.2500E+02
  9.0000E+00  2.7341E+00  2.1504E+00  3.2488E+01  3.9870E+01  1.1492E+00  9.0356E-03  1.2500E+02
  9.0000E+00  2.7341E+00  2.1504E+00  3.2488E+01  3.9870E+01  1.1492E+00  9.0356E-03  1.2500E+02
  1.0000E+01  2.7341E+00  2.1504E+00  3.2488E+01  3.9870E+01  1.1492E+00  5.2198E-03  2.5000E+02
  1.0000E+01  2.7341E+00  2.1504E+00  3.2488E+01  3.9870E+01  1.1492E+00  5.2198E-03  2.5000E+02
  1.0000E+01  2.7341E+00  2.1504E+00  3.2488E+01  3.9870E+01  1.1492E+00  5.2198E-03  2.5000E+02
  1.0000E+01  2.7341E+00  2.1504E+00  3.2488E+01  3.9870E+01  1.1492E+00  5.2198E-03  2.5000E+02
  1.0000E+01  2.7341E+00  2.1504E+00  3.2488E+01  3.9870E+01  1.1492E+00  5.2198E-03  2.5000E+02
  1.0000E+01  2.7341E+00  2.1504E+00  3.2488E+01  3.9870E+01  1.1492E+00  5.2198E-03  2.5000E+02
  1.0000E+01  2.7341E+00  2.1504E+00  3.2488E+01  3.9870E+01  1.1492E+00  5.2198E-03  2.5000E+02
  1.0000E+01  2.7341E+00  2.1504E+00  3.2488E+01  3.9870E+01  1.1492E+00  5.2198E-03  2.5000E+02
  1.1000E+01  2.7341E+00  2.1504E+00  3.2488E+01  3.9870E+01  1.1492E+00  5.2198E-03  2.5000E+02
  1.1000E+01  2.7341E+00  2.1504E+00  3.2488E+01  3.9870E+01  1.1492E+00  5.2198E-03  2.5000E+02
  1.1000E+01  2.7341E+00  2.1504E+00  3.2488E+01  3.9870E+01  1.1492E+00  5.2198E-03  2.5000E+02
  1.1000E+01  2.7341E+00  2.1504E+00  3.2488E+01  3.9870E+01  1.1492E+00  5.2198E-03  2.5000E+02
  1.1000E+01  2.7341E+00  2.1504E+00  3.2488E+01  3.9870E+01  1.1492E+00  5.2198E-03  2.5000E+02
  1.1000E+01  2.7341E+00  2.1504E+00  3.2488E+01  3.9870E+01  1.1492E+00  5.2198E-03  2.5000E+02
  1.1000E+01  2.7341E+00  2.1504E+00  3.2488E+01  3.9870E+01  1.1492E+00  5.2198E-03  2.5000E+02
  1.1000E+01  2.7341E+00  2.1504E+00  3.2488E+01  3.9870E+01  1.1492E+00  5.2198E-03  2.5000E+02
  1.2000E+01  2.7341E+00  2.1504E+00  3.2488E+01  3.9870E+01  1.1492E+00  5.2198E-03  2.5000E+02
  1.2000E+01  2.7341E+00  2.1504E+00  3.2488E+01  3.9870E+01  1.1492E+00  5.2198E-03  2.5000E+02
  1.2000E+01  2.7341E+00  2.1504E+00  3.2488E+01  3.9870E+01  1.1492E+00  5.2198E-03  2.5000E+02
  1.2000E+01  2.7341E+00  2.1504E+00  3.2488E+01  3.9870E+01  1.1492E+00  5.2198E-03  2.5000E+02
  1.2000E+01  2.7341E+00  2.1504E+00  3.2488E+01  3.9870E+01  1.1492E+00  5.2198E-03  2.5000E+02
  1.2000E+01  2.7341E+00  2.1504E+00  3.2488E+01  3.9870E+01  1.1492E+00  5.2198E-03  2.5000E+02
  1.2000E+01  2.7341E+00  2.1504E+00  3.2488E+01  3.9870E+01  1.1492E+00  5.2198E-03  2.5000E+02
  1.2000E+01  2.7341E+00  2.1504E+00  3.2488E+01  3.9870E+01  1.1492E+00  5.2198E-03  2.5000E+02
  1.3000E+01  2.7341E+00  2.1504E+00  3.2488E+01  3.9870E+01  1.1492E+00  3.2741E-03  5.0000E+02
  1.3000E+01  2.7341E+00  2.1504E+00  3.2488E+01  3.9870E+01  1.1492E+00  3.2741E-03  5.0000E+02
  1.3000E+01  2.7341E+00  2.1504E+00  3.2488E+01  3.9870E+01  1.1492E+00  3.2741E-03  5.0000E+02
  1.3000E+01  2.7341E+00  2.1504E+00  3.2488E+01  3.9870E+01  1.1492E+00  3.2741E-03  5.0000E+02
  1.3000E+01  2.7341E+00  2.1504E+00  3.2488E+01  3.9870E+01  1.1492E+00  3.2741E-03  5.0000E+02
  1.3000E+01  2.7341E+00  2.1504E+00  3.2488E+01  3.9870E+01  1.1492E+00  3.2741E-03  5.0000E+02
  1.3000E+01  2.7341E+00  2.1504E+00  3.2488E+01  3.9870E+01  1.1492E+00  3.2741E-03  5.0000E+02
  1.3000E+01  2.7341E+00  2.1504E+00  3.2488E+01  3.9870E+01  1.1492E+00  3.2741E-03  5.0000E+02
  1.4000E+01  2.7341E+00  2.1504E+00  3.2488E+01  3.9870E+01  1.1492E+00  3.2741E-03  5.0000E+02
  1.4000E+01  2.7341E+00  2.1504E+00  3.2488E+01  3.9870E+01  1.1492E+00  3.2741E-03  5.0000E+02
  1.4000E+01  2.7341E+00  2.1504E+00  3.2488E+01  3.9870E+01  1.1492E+00  3.2741E-03  5.0000E+02
  1.4000E+01  2.7341E+00  2.1504E+00  3.2488E+01  3.9870E+01  1.1492E+00  3.2741E-03  5.0000E+02
  1.4000E+01  2.7341E+00  2.1504E+00  3.2488E+01  3.9870E+01  1.1492E+00  3.2741E-03  5.0000E+02
  1.4000E+01  2.7341E+00  2.1504E+00  3.2488E+01  3.9870E+01  1.1492E+00  3.2741E-03  5.0000E+02
  1.4000E+01  2.7341E+00  2.1504E+00  3.2488E+01  3.9870E+01  1.1492E+00  3.2741E-03  5.0000E+02
  1.4000E+01  2.7341E+00  2.1504E+00  3.2488E+01  3.9870E+01  1.1492E+00  3.2741E-03  5.0000E+02
  1.5000E+01  2.7341E+00  2.1504E+00  3.2488E+01  3.9870E+01  1.1492E+00  3.2741E-03  5.0000E+02
  1.5000E+01  2.7341E+00  2.1504E+00  3.2488E+01  3.9870E+01  1.1492E+00  3.2741E-03  5.0000E+02
  1.5000E+01  2.7341E+00  2.1504E+00  3.2488E+01  3.9870E+01  1.1492E+00  3.2741E-03  5.0000E+02
  1.5000E+01  2.7341E+00  2.1504E+00  3.2488E+01  3.9870E+01  1.1492E+00  3.2741E-03  5.0000E+02
  1.5000E+01  2.7341E+00  2.1504E+00  3.2488E+01  3.9870E+01  1.1492E+00  3.2741E-03  5.0000E+02
  1.5000E+01  2.7341E+00  2.1504E+00  3.2488E+01  3.9870E+01  1.1492E+00  3.2741E-03  5.0000E+02
  1.5000E+01  2.7341E+00  2.1504E+00  3.2488E+01  3.9870E+01  1.1492E+00  3.2741E-03  5.0000E+02
  1.5000E+01  2.7341E+00  2.1504E+00  3.2488E+01  3.9870E+01  1.1492E+00  3.2741E-03  5.0000E+02
  1.6000E+01  2.7341E+00  2.1504E+00  3.2488E+01  3.9870E+01  1.1492E+00  9.0356E-03  1.2500E+02
  1.6000E+01  2.7341E+00  2.1504E+00  3.2488E+01  3.9870E+01  1.1492E+00  9.0356E-03  1.2500E+02
  1.6000E+01  2.7341E+00  2.1504E+00  3.2488E+01  3.9870E+01  1.1492E+00  9.0356E-03  1.2500E+02
  1.6000E+01  2.7341E+00  2.1504E+00  3.2488E+01  3.9870E+01  1.1492E+00  9.0356E-03  1.2500E+02
  1.6000E+01  2.7341E+00  2.1504E+00  3.2488E+01  3.9870E+01  1.1492E+00  9.0356E-03  1.2500E+02
  1.6000E+01  2.7341E+00  2.1504E+00  3.2488E+01  3.9870E+01  1.1492E+00  9.0356E-03  1.2500E+02
  1.6000E+01  2.7341E+00  2.1504E+00  3.2488E+01  3.9870E+01  1.1492E+00  9.0356E-03  1.2500E+02
  1.6000E+01  2.7341E+00  2.1504E+00  3.2488E+01  3.9870E+01  1.1492E+00  9.0356E-03  1.2500E+02
  1.7000E+01  2.7341E+00  2.1504E+00  3.2488E+01  3.9870E+01  1.1492E+00  9.0356E-03  1.2500E+02
  1.7000E+01  2.7341E+00  2.1504E+00  3.2488E+01  3.9870E+01  1.1492E+00  9.0356E-03  1.2500E+02
  1.7000E+01  2.7341E+00  2.1504E+00  3.2488E+01  3.9870E+01  1.1492E+00  9.0356E-03  1.2500E+02
  1.7000E+01  2.7341E+00  2.1504E+00  3.2488E+01  3.9870E+01  1.1492E+00  9.0356E-03  1.2500E+02
  1.7000E+01  2.7341E+00  2.1504E+00  3.2488E+01  3.9870E+01  1.1492E+00  9.0356E-03  1.2500E+02
  1.7000E+01  2.7341E+00  2.1504E+00  3.2488E+01  3.9870E+01  1.1492E+00  9.0356E-03  1.2500E+02
  1.7000E+01  2.7341E+00  2.1504E+00  3.2488E+01  3.9870E+01  1.1492E+00  9.0356E-03  1.2500E+02
  1.7000E+01  2.7341E+00  2.1504E+00  3.2488E+01  3.9870E+01  1.1492E+00  9.0356E-03  1.2500E+02
  1.8000E+01  2.7341E+00  2.1504E+00  3.2488E+01  3.9870E+01  1.1492E+00  9.0356E-03  1.2500E+02
  1.8000E+01  2.7341E+00  2.1504E+00  3.2488E+01  3.9870E+01  1.1492E+00  9.0356E-03  1.2500E+02
  1.8000E+01  2.7341E+00  2.1504E+00  3.2488E+01  3.9870E+01  1.1492E+00  9.0356E-03  1.2500E+02
  1.8000E+01  2.7341E+00  2.1504E+00  3.2488E+01  3.9870E+01  1.1492E+00  9.0356E-03  1.2500E+02
  1.8000E+01  2.7341E+00  2.1504E+00  3.2488E+01  3.9870E+01  1.1492E+00  9.0356E-03  1.2500E+02
  1.8000E+01  2.7341E+00  2.1504E+00  3.2488E+01  3.9870E+01  1.1492E+00  9.0356E-03  1.2500E+02
  1.8000E+01  2.7341E+00  2.1504E+00  3.2488E+01  3.9870E+01  1.1492E+00  9.0356E-03  1.2500E+02
  1.8000E+01  2.7341E+00  2.1504E+00  3.2488E+01  3.9870E+01  1.1492E+00  9.0356E-03  1.2500E+02
  1.9000E+01  2.7341E+00  2.1504E+00  3.2488E+01  3.9870E+01  1.1492E+00  5.2198E-03  2.5000E+02
  1.9000E+01  2.7341E+00  2.1504E+00  3.2488E+01  3.9870E+01  1.1492E+00  5.2198E-03  2.5000E+02
  1.9000E+01  2.7341E+00  2.1504E+00  3.2488E+01  3.9870E+01  1.1492E+00  5.2198E-03  2.5000E+02
  1.9000E+01  2.7341E+00  2.1504E+00  3.2488E+01  3.9870E+01  1.1492E+00  5.2198E-03  2.5000E+02
  1.9000E+01  2.7341E+00  2.1504E+00  3.2488E+01  3.9870E+01  1.1492E+00  5.2198E-03  2.5000E+02
  1.9000E+01  2.7341E+00  2.1504E+00  3.2488E+01  3.9870E+01  1.1492E+00  5.2198E-03  2.5000E+02
  1.9000E+01  2.7341E+00  2.1504E+00  3.2488E+01  3.9870E+01  1.1492E+00  5.2198E-03  2.5000E+02
  1.9000E+01  2.7341E+00  2.1504E+00  3.2488E+01  3.9870E+01  1.1492E+00  5.2198E-03  2.5000E+02
  2.0000E+01  2.7341E+00  2.1504E+00  3.2488E+01  3.9870E+01  1.1492E+00  5.2198E-03  2.5000E+02
  2.0000E+01  2.7341E+00  2.1504E+00  3.2488E+01  3.9870E+01  1.1492E+00  5.2198E-03  2.5000E+02
  2.0000E+01  2.7341E+00  2.1504E+00  3.2488E+01  3.9870E+01  1.1492E+00  5.2198E-03  2.5000E+02
  2.0000E+01  2.7341E+00  2.1504E+00  3.2488E+01  3.9870E+01  1.1492E+00  5.2198E-03  2.5000E+02
  2.0000E+01  2.7341E+00  2.1504E+00  3.2488E+01  3.9870E+01  1.1492E+00  5.2198E-03  2.5000E+02
  2.0000E+01  2.7341E+00  2.1504E+00  3.2488E+01  3.9870E+01  1.1492E+00  5.2198E-03  2.5000E+02
  2.0000E+01  2.7341E+00  2.1504E+00  3.2488E+01  3.9870E+01  1.1492E+00  5.2198E-03  2.5000E+02
  2.0000E+01  2.7341E+00  2.1504E+00  3.2488E+01  3.9870E+01  1.1492E+00  5.2198E-03  2.5000E+02
  2.1000E+01  2.7341E+00  2.1504E+00  3.2488E+01  3.9870E+01  1.1492E+00  5.2198E-03  2.5000E+02
  2.1000E+01  2.7341E+00  2.1504E+00  3.2488E+01  3.9870E+01  1.1492E+00  5.2198E-03  2.5000E+02
  2.1000E+01  2.7341E+00  2.1504E+00  3.2488E+01  3.9870E+01  1.1492E+00  5.2198E-03  2.5000E+02
  2.1000E+01  2.7341E+00  2.1504E+00  3.2488E+01  3.9870E+01  1.1492E+00  5.2198E-03  2.5000E+02
  2.1000E+01  2.7341E+00  2.1504E+00  3.2488E+01  3.9870E+01  1.1492E+00  5.2198E-03  2.5000E+02
  2.1000E+01  2.7341E+00  2.1504E+00  3.2488E+01  3.9870E+01  1.1492E+00  5.2198E-03  2.5000E+02
  2.1000E+01  2.7341E+00  2.1504E+00  3.2488E+01  3.9870E+01  1.1492E+00  5.2198E-03  2.5000E+02
  2.1000E+01  2.7341E+00  2.1504E+00  3.2488E+01  3.9870E+01  1.1492E+00  5.2198E-03  2.5000E+02
  2.2000E+01  2.7341E+00  2.1504E+00  3.2488E+01  3.9870E+01  1.1492E+00  3.2741E-03  5.0000E+02
  2.2000E+01  2.7341E+00  2.1504E+00  3.2488E+01  3.9870E+01  1.1492E+00  3.2741E-03  5.0000E+02
  2.2000E+01  2.7341E+00  2.1504E+00  3.2488E+01  3.9870E+01  1.1492E+00  3.2741E-03  5.0000E+02
  2.2000E+01  2.7341E+00  2.1504E+00  3.2488E+01  3.9870E+01  1.1492E+00  3.2741E-03  5.0000E+02
  2.2000E+01  2.7341E+00  2.1504E+00  3.2488E+01  3.9870E+01  1.1492E+00  3.2741E-03  5.0000E+02
  2.2000E+01  2.7341E+00  2.1504E+00  3.2488E+01  3.9870E+01  1.1492E+00  3.2741E-03  5.0000E+02
  2.2000E+01  2.7341E+00  2.1504E+00  3.2488E+01  3.9870E+01  1.1492E+00  3.2741E-03  5.0000E+02
  2.2000E+01  2.7341E+00  2.1504E+00  3.2488E+01  3.9870E+01  1.1492E+00  3.2741E-03  5.0000E+02
  2.3000E+01  2.7341E+00  2.1504E+00  3.2488E+01  3.9870E+01  1.1492E+00  3.2741E-03  5.0000E+02
  2.3000E+01  2.7341E+00  2.1504E+00  3.2488E+01  3.9870E+01  1.1492E+00  3.2741E-03  5.0000E+02
  2.3000E+01  2.7341E+00  2.1504E+00  3.2488E+01  3.9870E+01  1.1492E+00  3.2741E-03  5.0000E+02
  2.3000E+01  2.7341E+00  2.1504E+00  3.2488E+01  3.9870E+01  1.1492E+00  3.2741E-03  5.0000E+02
  2.3000E+01  2.7341E+00  2.1504E+00  3.2488E+01  3.9870E+01  1.1492E+00  3.2741E-03  5.0000E+02
  2.3000E+01  2.7341E+00  2.1504E+00  3.2488E+01  3.9870E+01  1.1492E+00  3.2741E-03  5.0000E+02
  2.3000E+01  2.7341E+00  2.1504E+00  3.2488E+01  3.9870E+01  1.1492E+00  3.2741E-03  5.0000E+02
  2.3000E+01  2.7341E+00  2.1504E+00  3.2488E+01  3.9870E+01  1.1492E+00  3.2741E-03  5.0000E+02
  2.4000E+01  2.7341E+00  2.1504E+00  3.2488E+01  3.9870E+01  1.1492E+00  3.2741E-03  5.0000E+02
  2.4000E+01  2.7341E+00  2.1504E+00  3.2488E+01  3.9870E+01  1.1492E+00  3.2741E-03  5.0000E+02
  2.4000E+01  2.7341E+00  2.1504E+00  3.2488E+01  3.9870E+01  1.1492E+00  3.2741E-03  5.0000E+02
  2.4000E+01  2.7341E+00  2.1504E+00  3.2488E+01  3.9870E+01  1.1492E+00  3.2741E-03  5.0000E+02
  2.4000E+01  2.7341E+00  2.1504E+00  3.2488E+01  3.9870E+01  1.1492E+00  3.2741E-03  5.0000E+02
  2.4000E+01  2.7341E+00  2.1504E+00  3.2488E+01  3.9870E+01  1.1492E+00  3.2741E-03  5.0000E+02
  2.4000E+01  2.7341E+00  2.1504E+00  3.2488E+01  3.9870E+01  1.1492E+00  3.2741E-03  5.0000E+02
  2.4000E+01  2.7341E+00  2.1504E+00  3.2488E+01  3.9870E+01  1.1492E+00  3.2741E-03  5.0000E+02
  2.5000E+01  2.7341E+00  2.1504E+00  3.2488E+01  3.9870E+01  1.1492E+00  9.0356E-03  1.2500E+02
  2.5000E+01  2.7341E+00  2.1504E+00  3.2488E+01  3.9870E+01  1.1492E+00  9.0356E-03  1.2500E+02
  2.5000E+01  2.7341E+00  2.1504E+00  3.2488E+01  3.9870E+01  1.1492E+00  9.0356E-03  1.2500E+02
  2.5000E+01  2.7341E+00  2.1504E+00  3.2488E+01  3.9870E+01  1.1492E+00  9.0356E-03  1.2500E+02
  2.5000E+01  2.7341E+00  2.1504E+00  3.2488E+01  3.9870E+01  1.1492E+00  9.0356E-03  1.2500E+02
  2.5000E+01  2.7341E+00  2.1504E+00  3.2488E+01  3.9870E+01  1.1492E+00  9.0356E-03  1.2500E+02
  2.5000E+01  2.7341E+00  2.1504E+00  3.2488E+01  3.9870E+01  1.1492E+00  9.0356E-03  1.2500E+02
  2.6000E+01  2.7341E+00  2.1504E+00  3.2488E+01  3.9870E+01  1.1492E+00  9.0356E-03  1.2500E+02
  2.6000E+01  2.7341E+00  2.1504E+00  3.2488E+01  3.9870E+01  1.1492E+00  9.0356E-03  1.2500E+02
  2.6000E+01  2.7341E+00  2.1504E+00  3.2488E+01  3.9870E+01  1.1492E+00  9.0356E-03  1.2500E+02
  2.6000E+01  2.7341E+00  2.1504E+00  3.2488E+01  3.9870E+01  1.1492E+00  9.0356E-03  1.2500E+02
  2.6000E+01  2.7341E+00  2.1504E+00  3.2488E+01  3.9870E+01  1.1492E+00  9.0356E-03  1.2500E+02
  2.6000E+01  2.7341E+00  2.1504E+00  3.2488E+01  3.9870E+01  1.1492E+00  9.0356E-03  1.2500E+02
  2.6000E+01  2.7341E+00  2.1504E+00  3.2488E+01  3.9870E+01  1.1492E+00  9.0356E-03  1.2500E+02
  2.7000E+01  2.7341E+00  2.1504E+00  3.2488E+01  3.9870E+01  1.1492E+00  9.0356E-03  1.2500E+02
  2.7000E+01  2.7341E+00  2.1504E+00  3.2488E+01  3.9870E+01  1.1492E+00  9.0356E-03  1.2500E+02
  2.7000E+01  2.7341E+00  2.1504E+00  3.2488E+01  3.9870E+01  1.1492E+00  9.0356E-03  1.2500E+02
  2.7000E+01  2.7341E+00  2.1504E+00  3.2488E+01  3.9870E+01  1.1492E+00  9.0356E-03  1.2500E+02
  2.7000E+01  2.7341E+00  2.1504E+00  3.2488E+01  3.9870E+01  1.1492E+00  9.0356E-03  1.2500E+02
  2.7000E+01  2.7341E+00  2.1504E+00  3.2488E+01  3.9870E+01  1.1492E+00  9.0356E-03  1.2500E+02
  2.7000E+01  2.7341E+00  2.1504E+00  3.2488E+01  3.9870E+01  1.1492E+00  9.0356E-03  1.2500E+02
  2.8000E+01  2.7341E+00  2.1504E+00  3.2488E+01  3.9870E+01  1.1492E+00  5.2198E-03  2.5000E+02
  2.8000E+01  2.7341E+00  2.1504E+00  3.2488E+01  3.9870E+01  1.1492E+00  5.2198E-03  2.5000E+02
  2.8000E+01  2.7341E+00  2.1504E+00  3.2488E+01  3.9870E+01  1.1492E+00  5.2198E-03  2.5000E+02
  2.8000E+01  2.7341E+00  2.1504E+00  3.2488E+01  3.9870E+01  1.1492E+00  5.2198E-03  2.5000E+02
  2.8000E+01  2.7341E+00  2.1504E+00  3.2488E+01  3.9870E+01  1.1492E+00  5.2198E-03  2.5000E+02
  2.8000E+01  2.7341E+00  2.1504E+00  3.2488E+01  3.9870E+01  1.1492E+00  5.2198E-03  2.5000E+02
  2.8000E+01  2.7341E+00  2.1504E+00  3.2488E+01  3.9870E+01  1.1492E+00  5.2198E-03  2.5000E+02
  2.9000E+01  2.7341E+00  2.1504E+00  3.2488E+01  3.9870E+01  1.1492E+00  5.2198E-03  2.5000E+02
  2.9000E+01  2.7341E+00  2.1504E+00  3.2488E+01  3.9870E+01  1.1492E+00  5.2198E-03  2.5000E+02
  2.9000E+01  2.7341E+00  2.1504E+00  3.2488E+01  3.9870E+01  1.1492E+00  5.2198E-03  2.5000E+02
  2.9000E+01  2.7341E+00  2.1504E+00  3.2488E+01  3.9870E+01  1.1492E+00  5.2198E-03  2.5000E+02
  2.9000E+01  2.7341E+00  2.1504E+00  3.2488E+01  3.9870E+01  1.1492E+00  5.2198E-03  2.5000E+02
  2.9000E+01  2.7341E+00  2.1504E+00  3.2488E+01  3.9870E+01  1.1492E+00  5.2198E-03  2.5000E+02
  2.9000E+01  2.7341E+00  2.1504E+00  3.2488E+01  3.9870E+01  1.1492E+00  5.2198E-03  2.5000E+02
  3.0000E+01  2.7341E+00  2.1504E+00  3.2488E+01  3.9870E+01  1.1492E+00  5.2198E-03  2.5000E+02
  3.0000E+01  2.7341E+00  2.1504E+00  3.2488E+01  3.9870E+01  1.1492E+00  5.2198E-03  2.5000E+02
  3.0000E+01  2.7341E+00  2.1504E+00  3.2488E+01  3.9870E+01  1.1492E+00  5.2198E-03  2.5000E+02
  3.0000E+01  2.7341E+00  2.1504E+00  3.2488E+01  3.9870E+01  1.1492E+00  5.2198E-03  2.5000E+02
  3.0000E+01  2.7341E+00  2.1504E+00  3.2488E+01  3.9870E+01  1.1492E+00  5.2198E-03  2.5000E+02
  3.0000E+01  2.7341E+00  2.1504E+00  3.2488E+01  3.9870E+01  1.1492E+00  5.2198E-03  2.5000E+02
  3.0000E+01  2.7341E+00  2.1504E+00  3.2488E+01  3.9870E+01  1.1492E+00  5.2198E-03  2.5000E+02
  3.1000E+01  2.7341E+00  2.1504E+00  3.2488E+01  3.9870E+01  1.1492E+00  3.2741E-03  5.0000E+02
  3.1000E+01  2.7341E+00  2.1504E+00  3.2488E+01  3.9870E+01  1.1492E+00  3.2741E-03  5.0000E+02
  3.1000E+01  2.7341E+00  2.1504E+00  3.2488E+01  3.9870E+01  1.1492E+00  3.2741E-03  5.0000E+02
  3.1000E+01  2.7341E+00  2.1504E+00  3.2488E+01  3.9870E+01  1.1492E+00  3.2741E-03  5.0000E+02
  3.1000E+01  2.7341E+00  2.1504E+00  3.2488E+01  3.9870E+01  1.1492E+00  3.2741E-03  5.0000E+02
  3.1000E+01  2.7341E+00  2.1504E+00  3.2488E+01  3.9870E+01  1.1492E+00  3.2741E-03  5.0000E+02
  3.1000E+01  2.7341E+00  2.1504E+00  3.2488E+01  3.9870E+01  1.1492E+00  3.2741E-03  5.0000E+02
  3.2000E+01  2.7341E+00  2.1504E+00  3.2488E+01  3.9870E+01  1.1492E+00  3.2741E-03  5.0000E+02
  3.2000E+01  2.7341E+00  2.1504E+00  3.2488E+01  3.9870E+01  1.1492E+00  3.2741E-03  5.0000E+02
  3.2000E+01  2.7341E+00  2.1504E+00  3.2488E+01  3.9870E+01  1.1492E+00  3.2741E-03  5.0000E+02
  3.2000E+01  2.7341E+00  2.1504E+00  3.2488E+01  3.9870E+01  1.1492E+00  3.2741E-03  5.0000E+02
  3.2000E+01  2.7341E+00  2.1504E+00  3.2488E+01  3.9870E+01  1.1492E+00  3.2741E-03  5.0000E+02
  3.2000E+01  2.7341E+00  2.1504E+00  3.2488E+01  3.9870E+01  1.1492E+00  3.2741E-03  5.0000E+02
  3.2000E+01  2.7341E+00  2.1504E+00  3.2488E+01  3.9870E+01  1.1492E+00  3.2741E-03  5.0000E+02
  3.3000E+01  2.7341E+00  2.1504E+00  3.2488E+01  3.9870E+01  1.1492E+00  3.2741E-03  5.0000E+02
  3.3000E+01  2.7341E+00  2.1504E+00  3.2488E+01  3.9870E+01  1.1492E+00  3.2741E-03  5.0000E+02
  3.3000E+01  2.7341E+00  2.1504E+00  3.2488E+01  3.9870E+01  1.1492E+00  3.2741E-03  5.0000E+02
  3.3000E+01  2.7341E+00  2.1504E+00  3.2488E+01  3.9870E+01  1.1492E+00  3.2741E-03  5.0000E+02
  3.3000E+01  2.7341E+00  2.1504E+00  3.2488E+01  3.9870E+01  1.1492E+00  3.2741E-03  5.0000E+02
  3.3000E+01  2.7341E+00  2.1504E+00  3.2488E+01  3.9870E+01  1.1492E+00  3.2741E-03  5.0000E+02
  3.3000E+01  2.7341E+00  2.1504E+00  3.2488E+01  3.9870E+01  1.1492E+00  3.2741E-03  5.0000E+02
  3.4000E+01  2.7341E+00  2.1504E+00  3.2488E+01  3.9870E+01  1.1492E+00  9.0356E-03  1.2500E+02
  3.4000E+01  2.7341E+00  2.1504E+00  3.2488E+01  3.9870E+01  1.1492E+00  9.0356E-03  1.2500E+02
  3.4000E+01  2.7341E+00  2.1504E+00  3.2488E+01  3.9870E+01  1.1492E+00  9.0356E-03  1.2500E+02
  3.4000E+01  2.7341E+00  2.1504E+00  3.2488E+01  3.9870E+01  1.1492E+00  9.0356E-03  1.2500E+02
  3.4000E+01  2.7341E+00  2.1504E+00  3.2488E+01  3.9870E+01  1.1492E+00  9.0356E-03  1.2500E+02
  3.4000E+01  2.7341E+00  2.1504E+00  3.2488E+01  3.9870E+01  1.1492E+00  9.0356E-03  1.2500E+02
  3.4000E+01  2.7341E+00  2.1504E+00  3.2488E+01  3.9870E+01  1.1492E+00  9.0356E-03  1.2500E+02
  3.5000E+01  2.7341E+00  2.1504E+00  3.2488E+01  3.9870E+01  1.1492E+00  9.0356E-03  1.2500E+02
  3.5000E+01  2.7341E+00  2.1504E+00  3.2488E+01  3.9870E+01  1.1492E+00  9.0356E-03  1.2500E+02
  3.5000E+01  2.7341E+00  2.1504E+00  3.2488E+01  3.9870E+01  1.1492E+00  9.0356E-03  1.2500E+02
  3.5000E+01  2.7341E+00  2.1504E+00  3.2488E+01  3.9870E+01  1.1492E+00  9.0356E-03  1.2500E+02
  3.5000E+01  2.7341E+00  2.1504E+00  3.2488E+01  3.9870E+01  1.1492E+00  9.0356E-03  1.2500E+02
  3.5000E+01  2.7341E+00  2.1504E+00  3.2488E+01  3.9870E+01  1.1492E+00  9.0356E-03  1.2500E+02
  3.5000E+01  2.7341E+00  2.1504E+00  3.2488E+01  3.9870E+01  1.1492E+00  9.0356E-03  1.2500E+02
  3.6000E+01  2.7341E+00  2.1504E+00  3.2488E+01  3.9870E+01  1.1492E+00  9.0356E-03  1.2500E+02
  3.6000E+01  2.7341E+00  2.1504E+00  3.2488E+01  3.9870E+01  1.1492E+00  9.0356E-03  1.2500E+02
  3.6000E+01  2.7341E+00  2.1504E+00  3.2488E+01  3.9870E+01  1.1492E+00  9.0356E-03  1.2500E+02
  3.6000E+01  2.7341E+00  2.1504E+00  3.2488E+01  3.9870E+01  1.1492E+00  9.0356E-03  1.2500E+02
  3.6000E+01  2.7341E+00  2.1504E+00  3.2488E+01  3.9870E+01  1.1492E+00  9.0356E-03  1.2500E+02
  3.6000E+01  2.7341E+00  2.1504E+00  3.2488E+01  3.9870E+01  1.1492E+00  9.0356E-03  1.2500E+02
  3.6000E+01  2.7341E+00  2.1504E+00  3.2488E+01  3.9870E+01  1.1492E+00  9.0356E-03  1.2500E+02
  3.7000E+01  2.7341E+00  2.1504E+00  3.2488E+01  3.9870E+01  1.1492E+00  5.2198E-03  2.5000E+02
  3.7000E+01  2.7341E+00  2.1504E+00  3.2488E+01  3.9870E+01  1.1492E+00  5.2198E-03  2.5000E+02
  3.7000E+01  2.7341E+00  2.1504E+00  3.2488E+01  3.9870E+01  1.1492E+00  5.2198E-03  2.5000E+02
  3.7000E+01  2.7341E+00  2.1504E+00  3.2488E+01  3.9870E+01  1.1492E+00  5.2198E-03  2.5000E+02
  3.7000E+01  2.7341E+00  2.1504E+00  3.2488E+01  3.9870E+01  1.1492E+00  5.2198E-03  2.5000E+02
  3.7000E+01  2.7341E+00  2.1504E+00  3.2488E+01  3.9870E+01  1.1492E+00  5.2198E-03  2.5000E+02
  3.7000E+01  2.7341E+00  2.1504E+00  3.2488E+01  3.9870E+01  1.1492E+00  5.2198E-03  2.5000E+02
  3.8000E+01  2.7341E+00  2.1504E+00  3.2488E+01  3.9870E+01  1.1492E+00  5.2198E-03  2.5000E+02
  3.8000E+01  2.7341E+00  2.1504E+00  3.2488E+01  3.9870E+01  1.1492E+00  5.2198E-03  2.5000E+02
  3.8000E+01  2.7341E+00  2.1504E+00  3.2488E+01  3.9870E+01  1.1492E+00  5.2198E-03  2.5000E+02
  3.8000E+01  2.7341E+00  2.1504E+00  3.2488E+01  3.9870E+01  1.1492E+00  5.2198E-03  2.5000E+02
  3.8000E+01  2.7341E+00  2.1504E+00  3.2488E+01  3.9870E+01  1.1492E+00  5.2198E-03  2.5000E+02
  3.8000E+01  2.7341E+00  2.1504E+00  3.2488E+01  3.9870E+01  1.1492E+00  5.2198E-03  2.5000E+02
  3.8000E+01  2.7341E+00  2.1504E+00  3.2488E+01  3.9870E+01  1.1492E+00  5.2198E-03  2.5000E+02
  3.9000E+01  2.7341E+00  2.1504E+00  3.2488E+01  3.9870E+01  1.1492E+00  5.2198E-03  2.5000E+02
  3.9000E+01  2.7341E+00  2.1504E+00  3.2488E+01  3.9870E+01  1.1492E+00  5.2198E-03  2.5000E+02
  3.9000E+01  2.7341E+00  2.1504E+00  3.2488E+01  3.9870E+01  1.1492E+00  5.2198E-03  2.5000E+02
  3.9000E+01  2.7341E+00  2.1504E+00  3.2488E+01  3.9870E+01  1.1492E+00  5.2198E-03  2.5000E+02
  3.9000E+01  2.7341E+00  2.1504E+00  3.2488E+01  3.9870E+01  1.1492E+00  5.2198E-03  2.5000E+02
  3.9000E+01  2.7341E+00  2.1504E+00  3.2488E+01  3.9870E+01  1.1492E+00  5.2198E-03  2.5000E+02
  3.9000E+01  2.7341E+00  2.1504E+00  3.2488E+01  3.9870E+01  1.1492E+00  5.2198E-03  2.5000E+02
  4.0000E+01  2.7341E+00  2.1504E+00  3.2488E+01  3.9870E+01  1.1492E+00  3.2741E-03  5.0000E+02
  4.0000E+01  2.7341E+00  2.1504E+00  3.2488E+01  3.9870E+01  1.1492E+00  3.2741E-03  5.0000E+02
  4.0000E+01  2.7341E+00  2.1504E+00  3.2488E+01  3.9870E+01  1.1492E+00  3.2741E-03  5.0000E+02
  4.0000E+01  2.7341E+00  2.1504E+00  3.2488E+01  3.9870E+01  1.1492E+00  3.2741E-03  5.0000E+02
  4.0000E+01  2.7341E+00  2.1504E+00  3.2488E+01  3.9870E+01  1.1492E+00  3.2741E-03  5.0000E+02
  4.0000E+01  2.7341E+00  2.1504E+00  3.2488E+01  3.9870E+01  1.1492E+00  3.2741E-03  5.0000E+02
  4.0000E+01  2.7341E+00  2.1504E+00  3.2488E+01  3.9870E+01  1.1492E+00  3.2741E-03  5.0000E+02
  4.1000E+01  2.7341E+00  2.1504E+00  3.2488E+01  3.9870E+01  1.1492E+00  3.2741E-03  5.0000E+02
  4.1000E+01  2.7341E+00  2.1504E+00  3.2488E+01  3.9870E+01  1.1492E+00  3.2741E-03  5.0000E+02
  4.1000E+01  2.7341E+00  2.1504E+00  3.2488E+01  3.9870E+01  1.1492E+00  3.2741E-03  5.0000E+02
  4.1000E+01  2.7341E+00  2.1504E+00  3.2488E+01  3.9870E+01  1.1492E+00  3.2741E-03  5.0000E+02
  4.1000E+01  2.7341E+00  2.1504E+00  3.2488E+01  3.9870E+01  1.1492E+00  3.2741E-03  5.0000E+02
  4.1000E+01  2.7341E+00  2.1504E+00  3.2488E+01  3.9870E+01  1.1492E+00  3.2741E-03  5.0000E+02
  4.1000E+01  2.7341E+00  2.1504E+00  3.2488E+01  3.9870E+01  1.1492E+00  3.2741E-03  5.0000E+02
  4.2000E+01  2.7341E+00  2.1504E+00  3.2488E+01  3.9870E+01  1.1492E+00  3.2741E-03  5.0000E+02
  4.2000E+01  2.7341E+00  2.1504E+00  3.2488E+01  3.9870E+01  1.1492E+00  3.2741E-03  5.0000E+02
  4.2000E+01  2.7341E+00  2.1504E+00  3.2488E+01  3.9870E+01  1.1492E+00  3.2741E-03  5.0000E+02
  4.2000E+01  2.7341E+00  2.1504E+00  3.2488E+01  3.9870E+01  1.1492E+00  3.2741E-03  5.0000E+02
  4.2000E+01  2.7341E+00  2.1504E+00  3.2488E+01  3.9870E+01  1.1492E+00  3.2741E-03  5.0000E+02
  4.2000E+01  2.7341E+00  2.1504E+00  3.2488E+01  3.9870E+01  1.1492E+00  3.2741E-03  5.0000E+02
  4.2000E+01  2.7341E+00  2.1504E+00  3.2488E+01  3.9870E+01  1.1492E+00  3.2741E-03  5.0000E+02
  4.3000E+01  2.7341E+00  2.1504E+00  3.2488E+01  3.9870E+01  1.1492E+00  4.5741E-03  3.0000E+02
  4.3000E+01  2.7341E+00  2.1504E+00  3.2488E+01  3.9870E+01  1.1492E+00  4.5741E-03  3.0000E+02
  4.3000E+01  2.7341E+00  2.1504E+00  3.2488E+01  3.9870E+01  1.1492E+00  4.5741E-03  3.0000E+02
  4.3000E+01  2.7341E+00  2.1504E+00  3.2488E+01  3.9870E+01  1.1492E+00  4.5741E-03  3.0000E+02
  4.3000E+01  2.7341E+00  2.1504E+00  3.2488E+01  3.9870E+01  1.1492E+00  4.5741E-03  3.0000E+02
  4.3000E+01  2.7341E+00  2.1504E+00  3.2488E+01  3.9870E+01  1.1492E+00  4.5741E-03  3.0000E+02
  4.3000E+01  2.7341E+00  2.1504E+00  3.2488E+01  3.9870E+01  1.1492E+00  4.5741E-03  3.0000E+02
  4.4000E+01  2.7341E+00  2.1504E+00  3.2488E+01  3.9870E+01  1.1492E+00  4.5741E-03  3.0000E+02
  4.4000E+01  2.7341E+00  2.1504E+00  3.2488E+01  3.9870E+01  1.1492E+00  4.5741E-03  3.0000E+02
  4.4000E+01  2.7341E+00  2.1504E+00  3.2488E+01  3.9870E+01  1.1492E+00  4.5741E-03  3.0000E+02
  4.4000E+01  2.7341E+00  2.1504E+00  3.2488E+01  3.9870E+01  1.1492E+00  4.5741E-03  3.0000E+02
  4.4000E+01  2.7341E+00  2.1504E+00  3.2488E+01  3.9870E+01  1.1492E+00  4.5741E-03  3.0000E+02
  4.4000E+01  2.7341E+00  2.1504E+00  3.2488E+01  3.9870E+01  1.1492E+00  4.5741E-03  3.0000E+02
  4.4000E+01  2.7341E+00  2.1504E+00  3.2488E+01  3.9870E+01  1.1492E+00  4.5741E-03  3.0000E+02
  4.5000E+01  2.7341E+00  2.1504E+00  3.2488E+01  3.9870E+01  1.1492E+00  4.5741E-03  3.0000E+02
  4.5000E+01  2.7341E+00  2.1504E+00  3.2488E+01  3.9870E+01  1.1492E+00  4.5741E-03  3.0000E+02
  4.5000E+01  2.7341E+00  2.1504E+00  3.2488E+01  3.9870E+01  1.1492E+00  4.5741E-03  3.0000E+02
  4.5000E+01  2.7341E+00  2.1504E+00  3.2488E+01  3.9870E+01  1.1492E+00  4.5741E-03  3.0000E+02
  4.5000E+01  2.7341E+00  2.1504E+00  3.2488E+01  3.9870E+01  1.1492E+00  4.5741E-03  3.0000E+02
  4.5000E+01  2.7341E+00  2.1504E+00  3.2488E+01  3.9870E+01  1.1492E+00  4.5741E-03  3.0000E+02
  4.5000E+01  2.7341E+00  2.1504E+00  3.2488E+01  3.9870E+01  1.1492E+00  4.5741E-03  3.0000E+02
  4.6000E+01  2.7341E+00  2.1504E+00  3.2488E+01  3.9870E+01  1.1492E+00  2.5378E-03  8.0000E+02
  4.6000E+01  2.7341E+00  2.1504E+00  3.2488E+01  3.9870E+01  1.1492E+00  2.5378E-03  8.0000E+02
  4.6000E+01  2.7341E+00  2.1504E+00  3.2488E+01  3.9870E+01  1.1492E+00  2.5378E-03  8.0000E+02
  4.6000E+01  2.7341E+00  2.1504E+00  3.2488E+01  3.9870E+01  1.1492E+00  2.5378E-03  8.0000E+02
  4.6000E+01  2.7341E+00  2.1504E+00  3.2488E+01  3.9870E+01  1.1492E+00  2.5378E-03  8.0000E+02
  4.6000E+01  2.7341E+00  2.1504E+00  3.2488E+01  3.9870E+01  1.1492E+00  2.5378E-03  8.0000E+02
  4.6000E+01  2.7341E+00  2.1504E+00  3.2488E+01  3.9870E+01  1.1492E+00  2.5378E-03  8.0000E+02
  4.7000E+01  2.7341E+00  2.1504E+00  3.2488E+01  3.9870E+01  1.1492E+00  2.5378E-03  8.0000E+02
  4.7000E+01  2.7341E+00  2.1504E+00  3.2488E+01  3.9870E+01  1.1492E+00  2.5378E-03  8.0000E+02
  4.7000E+01  2.7341E+00  2.1504E+00  3.2488E+01  3.9870E+01  1.1492E+00  2.5378E-03  8.0000E+02
  4.7000E+01  2.7341E+00  2.1504E+00  3.2488E+01  3.9870E+01  1.1492E+00  2.5378E-03  8.0000E+02
  4.7000E+01  2.7341E+00  2.1504E+00  3.2488E+01  3.9870E+01  1.1492E+00  2.5378E-03  8.0000E+02
  4.7000E+01  2.7341E+00  2.1504E+00  3.2488E+01  3.9870E+01  1.1492E+00  2.5378E-03  8.0000E+02
  4.7000E+01  2.7341E+00  2.1504E+00  3.2488E+01  3.9870E+01  1.1492E+00  2.5378E-03  8.0000E+02
  4.8000E+01  2.7341E+00  2.1504E+00  3.2488E+01  3.9870E+01  1.1492E+00  2.5378E-03  8.0000E+02
  4.8000E+01  2.7341E+00  2.1504E+00  3.2488E+01  3.9870E+01  1.1492E+00  2.5378E-03  8.0000E+02
  4.8000E+01  2.7341E+00  2.1504E+00  3.2488E+01  3.9870E+01  1.1492E+00  2.5378E-03  8.0000E+02
  4.8000E+01  2.7341E+00  2.1504E+00  3.2488E+01  3.9870E+01  1.1492E+00  2.5378E-03  8.0000E+02
  4.8000E+01  2.7341E+00  2.1504E+00  3.2488E+01  3.9870E+01  1.1492E+00  2.5378E-03  8.0000E+02
  4.8000E+01  2.7341E+00  2.1504E+00  3.2488E+01  3.9870E+01  1.1492E+00  2.5378E-03  8.0000E+02
  4.8000E+01  2.7341E+00  2.1504E+00  3.2488E+01  3.9870E+01  1.1492E+00  2.5378E-03  8.0000E+02
  4.9000E+01  2.7341E+00  2.1504E+00  3.2488E+01  3.9870E+01  1.1492E+00  1.9626E-03  1.5000E+03
  4.9000E+01  2.7341E+00  2.1504E+00  3.2488E+01  3.9870E+01  1.1492E+00  1.9626E-03  1.5000E+03
  4.9000E+01  2.7341E+00  2.1504E+00  3.2488E+01  3.9870E+01  1.1492E+00  1.9626E-03  1.5000E+03
  4.9000E+01  2.7341E+00  2.1504E+00  3.2488E+01  3.9870E+01  1.1492E+00  1.9626E-03  1.5000E+03
  4.9000E+01  2.7341E+00  2.1504E+00  3.2488E+01  3.9870E+01  1.1492E+00  1.9626E-03  1.5000E+03
  4.9000E+01  2.7341E+00  2.1504E+00  3.2488E+01  3.9870E+01  1.1492E+00  1.9626E-03  1.5000E+03
  4.9000E+01  2.7341E+00  2.1504E+00  3.2488E+01  3.9870E+01  1.1492E+00  1.9626E-03  1.5000E+03
  5.0000E+01  2.7341E+00  2.1504E+00  3.2488E+01  3.9870E+01  1.1492E+00  1.9626E-03  1.5000E+03
  5.0000E+01  2.7341E+00  2.1504E+00  3.2488E+01  3.9870E+01  1.1492E+00  1.9626E-03  1.5000E+03
  5.0000E+01  2.7341E+00  2.1504E+00  3.2488E+01  3.9870E+01  1.1492E+00  1.9626E-03  1.5000E+03
  5.0000E+01  2.7341E+00  2.1504E+00  3.2488E+01  3.9870E+01  1.1492E+00  1.9626E-03  1.5000E+03
  5.0000E+01  2.7341E+00  2.1504E+00  3.2488E+01  3.9870E+01  1.1492E+00  1.9626E-03  1.5000E+03
  5.0000E+01  2.7341E+00  2.1504E+00  3.2488E+01  3.9870E+01  1.1492E+00  1.9626E-03  1.5000E+03
  5.0000E+01  2.7341E+00  2.1504E+00  3.2488E+01  3.9870E+01  1.1492E+00  1.9626E-03  1.5000E+03
  5.1000E+01  2.7341E+00  2.1504E+00  3.2488E+01  3.9870E+01  1.1492E+00  1.9626E-03  1.5000E+03
  5.1000E+01  2.7341E+00  2.1504E+00  3.2488E+01  3.9870E+01  1.1492E+00  1.9626E-03  1.5000E+03
  5.1000E+01  2.7341E+00  2.1504E+00  3.2488E+01  3.9870E+01  1.1492E+00  1.9626E-03  1.5000E+03
  5.1000E+01  2.7341E+00  2.1504E+00  3.2488E+01  3.9870E+01  1.1492E+00  1.9626E-03  1.5000E+03
  5.1000E+01  2.7341E+00  2.1504E+00  3.2488E+01  3.9870E+01  1.1492E+00  1.9626E-03  1.5000E+03
  5.1000E+01  2.7341E+00  2.1504E+00  3.2488E+01  3.9870E+01  1.1492E+00  1.9626E-03  1.5000E+03
  5.2000E+01  2.7341E+00  2.1504E+00  3.2488E+01  3.9870E+01  1.1492E+00  4.5741E-03  3.0000E+02
  5.2000E+01  2.7341E+00  2.1504E+00  3.2488E+01  3.9870E+01  1.1492E+00  4.5741E-03  3.0000E+02
  5.2000E+01  2.7341E+00  2.1504E+00  3.2488E+01  3.9870E+01  1.1492E+00  4.5741E-03  3.0000E+02
  5.2000E+01  2.7341E+00  2.1504E+00  3.2488E+01  3.9870E+01  1.1492E+00  4.5741E-03  3.0000E+02
  5.2000E+01  2.7341E+00  2.1504E+00  3.2488E+01  3.9870E+01  1.1492E+00  4.5741E-03  3.0000E+02
  5.2000E+01  2.7341E+00  2.1504E+00  3.2488E+01  3.9870E+01  1.1492E+00  4.5741E-03  3.0000E+02
  5.2000E+01  2.7341E+00  2.1504E+00  3.2488E+01  3.9870E+01  1.1492E+00  4.5741E-03  3.0000E+02
  5.3000E+01  2.7341E+00  2.1504E+00  3.2488E+01  3.9870E+01  1.1492E+00  4.5741E-03  3.0000E+02
  5.3000E+01  2.7341E+00  2.1504E+00  3.2488E+01  3.9870E+01  1.1492E+00  4.5741E-03  3.0000E+02
  5.3000E+01  2.7341E+00  2.1504E+00  3.2488E+01  3.9870E+01  1.1492E+00  4.5741E-03  3.0000E+02
  5.3000E+01  2.7341E+00  2.1504E+00  3.2488E+01  3.9870E+01  1.1492E+00  4.5741E-03  3.0000E+02
  5.3000E+01  2.7341E+00  2.1504E+00  3.2488E+01  3.9870E+01  1.1492E+00  4.5741E-03  3.0000E+02
  5.3000E+01  2.7341E+00  2.1504E+00  3.2488E+01  3.9870E+01  1.1492E+00  4.5741E-03  3.0000E+02
  5.3000E+01  2.7341E+00  2.1504E+00  3.2488E+01  3.9870E+01  1.1492E+00  4.5741E-03  3.0000E+02
  5.4000E+01  2.7341E+00  2.1504E+00  3.2488E+01  3.9870E+01  1.1492E+00  4.5741E-03  3.0000E+02
  5.4000E+01  2.7341E+00  2.1504E+00  3.2488E+01  3.9870E+01  1.1492E+00  4.5741E-03  3.0000E+02
  5.4000E+01  2.7341E+00  2.1504E+00  3.2488E+01  3.9870E+01  1.1492E+00  4.5741E-03  3.0000E+02
  5.4000E+01  2.7341E+00  2.1504E+00  3.2488E+01  3.9870E+01  1.1492E+00  4.5741E-03  3.0000E+02
  5.4000E+01  2.7341E+00  2.1504E+00  3.2488E+01  3.9870E+01  1.1492E+00  4.5741E-03  3.0000E+02
  5.4000E+01  2.7341E+00  2.1504E+00  3.2488E+01  3.9870E+01  1.1492E+00  4.5741E-03  3.0000E+02
  5.4000E+01  2.7341E+00  2.1504E+00  3.2488E+01  3.9870E+01  1.1492E+00  4.5741E-03  3.0000E+02
  5.5000E+01  2.7341E+00  2.1504E+00  3.2488E+01  3.9870E+01  1.1492E+00  2.5378E-03  8.0000E+02
  5.5000E+01  2.7341E+00  2.1504E+00  3.2488E+01  3.9870E+01  1.1492E+00  2.5378E-03  8.0000E+02
  5.5000E+01  2.7341E+00  2.1504E+00  3.2488E+01  3.9870E+01  1.1492E+00  2.5378E-03  8.0000E+02
  5.5000E+01  2.7341E+00  2.1504E+00  3.2488E+01  3.9870E+01  1.1492E+00  2.5378E-03  8.0000E+02
  5.5000E+01  2.7341E+00  2.1504E+00  3.2488E+01  3.9870E+01  1.1492E+00  2.5378E-03  8.0000E+02
  5.5000E+01  2.7341E+00  2.1504E+00  3.2488E+01  3.9870E+01  1.1492E+00  2.5378E-03  8.0000E+02
  5.5000E+01  2.7341E+00  2.1504E+00  3.2488E+01  3.9870E+01  1.1492E+00  2.5378E-03  8.0000E+02
  5.6000E+01  2.7341E+00  2.1504E+00  3.2488E+01  3.9870E+01  1.1492E+00  2.5378E-03  8.0000E+02
  5.6000E+01  2.7341E+00  2.1504E+00  3.2488E+01  3.9870E+01  1.1492E+00  2.5378E-03  8.0000E+02
  5.6000E+01  2.7341E+00  2.1504E+00  3.2488E+01  3.9870E+01  1.1492E+00  2.5378E-03  8.0000E+02
  5.6000E+01  2.7341E+00  2.1504E+00  3.2488E+01  3.9870E+01  1.1492E+00  2.5378E-03  8.0000E+02
  5.6000E+01  2.7341E+00  2.1504E+00  3.2488E+01  3.9870E+01  1.1492E+00  2.5378E-03  8.0000E+02
  5.6000E+01  2.7341E+00  2.1504E+00  3.2488E+01  3.9870E+01  1.1492E+00  2.5378E-03  8.0000E+02
  5.6000E+01  2.7341E+00  2.1504E+00  3.2488E+01  3.9870E+01  1.1492E+00  2.5378E-03  8.0000E+02
  5.7000E+01  2.7341E+00  2.1504E+00  3.2488E+01  3.9870E+01  1.1492E+00  2.5378E-03  8.0000E+02
  5.7000E+01  2.7341E+00  2.1504E+00  3.2488E+01  3.9870E+01  1.1492E+00  2.5378E-03  8.0000E+02
  5.7000E+01  2.7341E+00  2.1504E+00  3.2488E+01  3.9870E+01  1.1492E+00  2.5378E-03  8.0000E+02
  5.7000E+01  2.7341E+00  2.1504E+00  3.2488E+01  3.9870E+01  1.1492E+00  2.5378E-03  8.0000E+02
  5.7000E+01  2.7341E+00  2.1504E+00  3.2488E+01  3.9870E+01  1.1492E+00  2.5378E-03  8.0000E+02
  5.7000E+01  2.7341E+00  2.1504E+00  3.2488E+01  3.9870E+01  1.1492E+00  2.5378E-03  8.0000E+02
  5.8000E+01  2.7341E+00  2.1504E+00  3.2488E+01  3.9870E+01  1.1492E+00  1.9626E-03  1.5000E+03
  5.8000E+01  2.7341E+00  2.1504E+00  3.2488E+01  3.9870E+01  1.1492E+00  1.9626E-03  1.5000E+03
  5.8000E+01  2.7341E+00  2.1504E+00  3.2488E+01  3.9870E+01  1.1492E+00  1.9626E-03  1.5000E+03
  5.8000E+01  2.7341E+00  2.1504E+00  3.2488E+01  3.9870E+01  1.1492E+00  1.9626E-03  1.5000E+03
  5.8000E+01  2.7341E+00  2.1504E+00  3.2488E+01  3.9870E+01  1.1492E+00  1.9626E-03  1.5000E+03
  5.8000E+01  2.7341E+00  2.1504E+00  3.2488E+01  3.9870E+01  1.1492E+00  1.9626E-03  1.5000E+03
  5.8000E+01  2.7341E+00  2.1504E+00  3.2488E+01  3.9870E+01  1.1492E+00  1.9626E-03  1.5000E+03
  5.9000E+01  2.7341E+00  2.1504E+00  3.2488E+01  3.9870E+01  1.1492E+00  1.9626E-03  1.5000E+03
  5.9000E+01  2.7341E+00  2.1504E+00  3.2488E+01  3.9870E+01  1.1492E+00  1.9626E-03  1.5000E+03
  5.9000E+01  2.7341E+00  2.1504E+00  3.2488E+01  3.9870E+01  1.1492E+00  1.9626E-03  1.5000E+03
  5.9000E+01  2.7341E+00  2.1504E+00  3.2488E+01  3.9870E+01  1.1492E+00  1.9626E-03  1.5000E+03
  5.9000E+01  2.7341E+00  2.1504E+00  3.2488E+01  3.9870E+01  1.1492E+00  1.9626E-03  1.5000E+03
  5.9000E+01  2.7341E+00  2.1504E+00  3.2488E+01  3.9870E+01  1.1492E+00  1.9626E-03  1.5000E+03
  5.9000E+01  2.7341E+00  2.1504E+00  3.2488E+01  3.9870E+01  1.1492E+00  1.9626E-03  1.5000E+03
  6.0000E+01  2.7341E+00  2.1504E+00  3.2488E+01  3.9870E+01  1.1492E+00  1.9626E-03  1.5000E+03
  6.0000E+01  2.7341E+00  2.1504E+00  3.2488E+01  3.9870E+01  1.1492E+00  1.9626E-03  1.5000E+03
  6.0000E+01  2.7341E+00  2.1504E+00  3.2488E+01  3.9870E+01  1.1492E+00  1.9626E-03  1.5000E+03
  6.0000E+01  2.7341E+00  2.1504E+00  3.2488E+01  3.9870E+01  1.1492E+00  1.9626E-03  1.5000E+03
  6.0000E+01  2.7341E+00  2.1504E+00  3.2488E+01  3.9870E+01  1.1492E+00  1.9626E-03  1.5000E+03
  6.0000E+01  2.7341E+00  2.1504E+00  3.2488E+01  3.9870E+01  1.1492E+00  1.9626E-03  1.5000E+03
  6.0000E+01  2.7341E+00  2.1504E+00  3.2488E+01  3.9870E+01  1.1492E+00  1.9626E-03  1.5000E+03
  6.1000E+01  2.7341E+00  2.1504E+00  3.2488E+01  3.9870E+01  1.1492E+00  4.5741E-03  3.0000E+02
  6.1000E+01  2.7341E+00  2.1504E+00  3.2488E+01  3.9870E+01  1.1492E+00  4.5741E-03  3.0000E+02
  6.1000E+01  2.7341E+00  2.1504E+00  3.2488E+01  3.9870E+01  1.1492E+00  4.5741E-03  3.0000E+02
  6.1000E+01  2.7341E+00  2.1504E+00  3.2488E+01  3.9870E+01  1.1492E+00  4.5741E-03  3.0000E+02
  6.1000E+01  2.7341E+00  2.1504E+00  3.2488E+01  3.9870E+01  1.1492E+00  4.5741E-03  3.0000E+02
  6.1000E+01  2.7341E+00  2.1504E+00  3.2488E+01  3.9870E+01  1.1492E+00  4.5741E-03  3.0000E+02
  6.2000E+01  2.7341E+00  2.1504E+00  3.2488E+01  3.9870E+01  1.1492E+00  4.5741E-03  3.0000E+02
  6.2000E+01  2.7341E+00  2.1504E+00  3.2488E+01  3.9870E+01  1.1492E+00  4.5741E-03  3.0000E+02
  6.2000E+01  2.7341E+00  2.1504E+00  3.2488E+01  3.9870E+01  1.1492E+00  4.5741E-03  3.0000E+02
  6.2000E+01  2.7341E+00  2.1504E+00  3.2488E+01  3.9870E+01  1.1492E+00  4.5741E-03  3.0000E+02
  6.2000E+01  2.7341E+00  2.1504E+00  3.2488E+01  3.9870E+01  1.1492E+00  4.5741E-03  3.0000E+02
  6.2000E+01  2.7341E+00  2.1504E+00  3.2488E+01  3.9870E+01  1.1492E+00  4.5741E-03  3.0000E+02
  6.3000E+01  2.7341E+00  2.1504E+00  3.2488E+01  3.9870E+01  1.1492E+00  4.5741E-03  3.0000E+02
  6.3000E+01  2.7341E+00  2.1504E+00  3.2488E+01  3.9870E+01  1.1492E+00  4.5741E-03  3.0000E+02
  6.3000E+01  2.7341E+00  2.1504E+00  3.2488E+01  3.9870E+01  1.1492E+00  4.5741E-03  3.0000E+02
  6.3000E+01  2.7341E+00  2.1504E+00  3.2488E+01  3.9870E+01  1.1492E+00  4.5741E-03  3.0000E+02
  6.3000E+01  2.7341E+00  2.1504E+00  3.2488E+01  3.9870E+01  1.1492E+00  4.5741E-03  3.0000E+02
  6.3000E+01  2.7341E+00  2.1504E+00  3.2488E+01  3.9870E+01  1.1492E+00  4.5741E-03  3.0000E+02
  6.4000E+01  2.7341E+00  2.1504E+00  3.2488E+01  3.9870E+01  1.1492E+00  2.5378E-03  8.0000E+02
  6.4000E+01  2.7341E+00  2.1504E+00  3.2488E+01  3.9870E+01  1.1492E+00  2.5378E-03  8.0000E+02
  6.4000E+01  2.7341E+00  2.1504E+00  3.2488E+01  3.9870E+01  1.1492E+00  2.5378E-03  8.0000E+02
  6.4000E+01  2.7341E+00  2.1504E+00  3.2488E+01  3.9870E+01  1.1492E+00  2.5378E-03  8.0000E+02
  6.4000E+01  2.7341E+00  2.1504E+00  3.2488E+01  3.9870E+01  1.1492E+00  2.5378E-03  8.0000E+02
  6.4000E+01  2.7341E+00  2.1504E+00  3.2488E+01  3.9870E+01  1.1492E+00  2.5378E-03  8.0000E+02
  6.5000E+01  2.7341E+00  2.1504E+00  3.2488E+01  3.9870E+01  1.1492E+00  2.5378E-03  8.0000E+02
  6.5000E+01  2.7341E+00  2.1504E+00  3.2488E+01  3.9870E+01  1.1492E+00  2.5378E-03  8.0000E+02
  6.5000E+01  2.7341E+00  2.1504E+00  3.2488E+01  3.9870E+01  1.1492E+00  2.5378E-03  8.0000E+02
  6.5000E+01  2.7341E+00  2.1504E+00  3.2488E+01  3.9870E+01  1.1492E+00  2.5378E-03  8.0000E+02
  6.5000E+01  2.7341E+00  2.1504E+00  3.2488E+01  3.9870E+01  1.1492E+00  2.5378E-03  8.0000E+02
  6.5000E+01  2.7341E+00  2.1504E+00  3.2488E+01  3.9870E+01  1.1492E+00  2.5378E-03  8.0000E+02
  6.6000E+01  2.7341E+00  2.1504E+00  3.2488E+01  3.9870E+01  1.1492E+00  2.5378E-03  8.0000E+02
  6.6000E+01  2.7341E+00  2.1504E+00  3.2488E+01  3.9870E+01  1.1492E+00  2.5378E-03  8.0000E+02
  6.6000E+01  2.7341E+00  2.1504E+00  3.2488E+01  3.9870E+01  1.1492E+00  2.5378E-03  8.0000E+02
  6.6000E+01  2.7341E+00  2.1504E+00  3.2488E+01  3.9870E+01  1.1492E+00  2.5378E-03  8.0000E+02
  6.6000E+01  2.7341E+00  2.1504E+00  3.2488E+01  3.9870E+01  1.1492E+00  2.5378E-03  8.0000E+02
  6.6000E+01  2.7341E+00  2.1504E+00  3.2488E+01  3.9870E+01  1.1492E+00  2.5378E-03  8.0000E+02
  6.7000E+01  2.7341E+00  2.1504E+00  3.2488E+01  3.9870E+01  1.1492E+00  1.9626E-03  1.5000E+03
  6.7000E+01  2.7341E+00  2.1504E+00  3.2488E+01  3.9870E+01  1.1492E+00  1.9626E-03  1.5000E+03
  6.7000E+01  2.7341E+00  2.1504E+00  3.2488E+01  3.9870E+01  1.1492E+00  1.9626E-03  1.5000E+03
  6.7000E+01  2.7341E+00  2.1504E+00  3.2488E+01  3.9870E+01  1.1492E+00  1.9626E-03  1.5000E+03
  6.7000E+01  2.7341E+00  2.1504E+00  3.2488E+01  3.9870E+01  1.1492E+00  1.9626E-03  1.5000E+03
  6.7000E+01  2.7341E+00  2.1504E+00  3.2488E+01  3.9870E+01  1.1492E+00  1.9626E-03  1.5000E+03
  6.8000E+01  2.7341E+00  2.1504E+00  3.2488E+01  3.9870E+01  1.1492E+00  1.9626E-03  1.5000E+03
  6.8000E+01  2.7341E+00  2.1504E+00  3.2488E+01  3.9870E+01  1.1492E+00  1.9626E-03  1.5000E+03
  6.8000E+01  2.7341E+00  2.1504E+00  3.2488E+01  3.9870E+01  1.1492E+00  1.9626E-03  1.5000E+03
  6.8000E+01  2.7341E+00  2.1504E+00  3.2488E+01  3.9870E+01  1.1492E+00  1.9626E-03  1.5000E+03
  6.8000E+01  2.7341E+00  2.1504E+00  3.2488E+01  3.9870E+01  1.1492E+00  1.9626E-03  1.5000E+03
  6.8000E+01  2.7341E+00  2.1504E+00  3.2488E+01  3.9870E+01  1.1492E+00  1.9626E-03  1.5000E+03
  6.9000E+01  2.7341E+00  2.1504E+00  3.2488E+01  3.9870E+01  1.1492E+00  1.9626E-03  1.5000E+03
  6.9000E+01  2.7341E+00  2.1504E+00  3.2488E+01  3.9870E+01  1.1492E+00  1.9626E-03  1.5000E+03
  6.9000E+01  2.7341E+00  2.1504E+00  3.2488E+01  3.9870E+01  1.1492E+00  1.9626E-03  1.5000E+03
  6.9000E+01  2.7341E+00  2.1504E+00  3.2488E+01  3.9870E+01  1.1492E+00  1.9626E-03  1.5000E+03
  6.9000E+01  2.7341E+00  2.1504E+00  3.2488E+01  3.9870E+01  1.1492E+00  1.9626E-03  1.5000E+03
  6.9000E+01  2.7341E+00  2.1504E+00  3.2488E+01  3.9870E+01  1.1492E+00  1.9626E-03  1.5000E+03
  7.0000E+01  2.7341E+00  2.1504E+00  3.2488E+01  3.9870E+01  1.1492E+00  4.5741E-03  3.0000E+02
  7.0000E+01  2.7341E+00  2.1504E+00  3.2488E+01  3.9870E+01  1.1492E+00  4.5741E-03  3.0000E+02
  7.0000E+01  2.7341E+00  2.1504E+00  3.2488E+01  3.9870E+01  1.1492E+00  4.5741E-03  3.0000E+02
  7.0000E+01  2.7341E+00  2.1504E+00  3.2488E+01  3.9870E+01  1.1492E+00  4.5741E-03  3.0000E+02
  7.0000E+01  2.7341E+00  2.1504E+00  3.2488E+01  3.9870E+01  1.1492E+00  4.5741E-03  3.0000E+02
  7.0000E+01  2.7341E+00  2.1504E+00  3.2488E+01  3.9870E+01  1.1492E+00  4.5741E-03  3.0000E+02
  7.1000E+01  2.7341E+00  2.1504E+00  3.2488E+01  3.9870E+01  1.1492E+00  4.5741E-03  3.0000E+02
  7.1000E+01  2.7341E+00  2.1504E+00  3.2488E+01  3.9870E+01  1.1492E+00  4.5741E-03  3.0000E+02
  7.1000E+01  2.7341E+00  2.1504E+00  3.2488E+01  3.9870E+01  1.1492E+00  4.5741E-03  3.0000E+02
  7.1000E+01  2.7341E+00  2.1504E+00  3.2488E+01  3.9870E+01  1.1492E+00  4.5741E-03  3.0000E+02
  7.1000E+01  2.7341E+00  2.1504E+00  3.2488E+01  3.9870E+01  1.1492E+00  4.5741E-03  3.0000E+02
  7.1000E+01  2.7341E+00  2.1504E+00  3.2488E+01  3.9870E+01  1.1492E+00  4.5741E-03  3.0000E+02
  7.2000E+01  2.7341E+00  2.1504E+00  3.2488E+01  3.9870E+01  1.1492E+00  4.5741E-03  3.0000E+02
  7.2000E+01  2.7341E+00  2.1504E+00  3.2488E+01  3.9870E+01  1.1492E+00  4.5741E-03  3.0000E+02
  7.2000E+01  2.7341E+00  2.1504E+00  3.2488E+01  3.9870E+01  1.1492E+00  4.5741E-03  3.0000E+02
  7.2000E+01  2.7341E+00  2.1504E+00  3.2488E+01  3.9870E+01  1.1492E+00  4.5741E-03  3.0000E+02
  7.2000E+01  2.7341E+00  2.1504E+00  3.2488E+01  3.9870E+01  1.1492E+00  4.5741E-03  3.0000E+02
  7.2000E+01  2.7341E+00  2.1504E+00  3.2488E+01  3.9870E+01  1.1492E+00  4.5741E-03  3.0000E+02
  7.3000E+01  2.7341E+00  2.1504E+00  3.2488E+01  3.9870E+01  1.1492E+00  2.5378E-03  8.0000E+02
  7.3000E+01  2.7341E+00  2.1504E+00  3.2488E+01  3.9870E+01  1.1492E+00  2.5378E-03  8.0000E+02
  7.3000E+01  2.7341E+00  2.1504E+00  3.2488E+01  3.9870E+01  1.1492E+00  2.5378E-03  8.0000E+02
  7.3000E+01  2.7341E+00  2.1504E+00  3.2488E+01  3.9870E+01  1.1492E+00  2.5378E-03  8.0000E+02
  7.3000E+01  2.7341E+00  2.1504E+00  3.2488E+01  3.9870E+01  1.1492E+00  2.5378E-03  8.0000E+02
  7.3000E+01  2.7341E+00  2.1504E+00  3.2488E+01  3.9870E+01  1.1492E+00  2.5378E-03  8.0000E+02
  7.4000E+01  2.7341E+00  2.1504E+00  3.2488E+01  3.9870E+01  1.1492E+00  2.5378E-03  8.0000E+02
  7.4000E+01  2.7341E+00  2.1504E+00  3.2488E+01  3.9870E+01  1.1492E+00  2.5378E-03  8.0000E+02
  7.4000E+01  2.7341E+00  2.1504E+00  3.2488E+01  3.9870E+01  1.1492E+00  2.5378E-03  8.0000E+02
  7.4000E+01  2.7341E+00  2.1504E+00  3.2488E+01  3.9870E+01  1.1492E+00  2.5378E-03  8.0000E+02
  7.4000E+01  2.7341E+00  2.1504E+00  3.2488E+01  3.9870E+01  1.1492E+00  2.5378E-03  8.0000E+02
  7.4000E+01  2.7341E+00  2.1504E+00  3.2488E+01  3.9870E+01  1.1492E+00  2.5378E-03  8.0000E+02
  7.5000E+01  2.7341E+00  2.1504E+00  3.2488E+01  3.9870E+01  1.1492E+00  2.5378E-03  8.0000E+02
  7.5000E+01  2.7341E+00  2.1504E+00  3.2488E+01  3.9870E+01  1.1492E+00  2.5378E-03  8.0000E+02
  7.5000E+01  2.7341E+00  2.1504E+00  3.2488E+01  3.9870E+01  1.1492E+00  2.5378E-03  8.0000E+02
  7.5000E+01  2.7341E+00  2.1504E+00  3.2488E+01  3.9870E+01  1.1492E+00  2.5378E-03  8.0000E+02
  7.5000E+01  2.7341E+00  2.1504E+00  3.2488E+01  3.9870E+01  1.1492E+00  2.5378E-03  8.0000E+02
  7.5000E+01  2.7341E+00  2.1504E+00  3.2488E+01  3.9870E+01  1.1492E+00  2.5378E-03  8.0000E+02
  7.6000E+01  2.7341E+00  2.1504E+00  3.2488E+01  3.9870E+01  1.1492E+00  1.9626E-03  1.5000E+03
  7.6000E+01  2.7341E+00  2.1504E+00  3.2488E+01  3.9870E+01  1.1492E+00  1.9626E-03  1.5000E+03
  7.6000E+01  2.7341E+00  2.1504E+00  3.2488E+01  3.9870E+01  1.1492E+00  1.9626E-03  1.5000E+03
  7.6000E+01  2.7341E+00  2.1504E+00  3.2488E+01  3.9870E+01  1.1492E+00  1.9626E-03  1.5000E+03
  7.6000E+01  2.7341E+00  2.1504E+00  3.2488E+01  3.9870E+01  1.1492E+00  1.9626E-03  1.5000E+03
  7.6000E+01  2.7341E+00  2.1504E+00  3.2488E+01  3.9870E+01  1.1492E+00  1.9626E-03  1.5000E+03
  7.7000E+01  2.7341E+00  2.1504E+00  3.2488E+01  3.9870E+01  1.1492E+00  1.9626E-03  1.5000E+03
  7.7000E+01  2.7341E+00  2.1504E+00  3.2488E+01  3.9870E+01  1.1492E+00  1.9626E-03  1.5000E+03
  7.7000E+01  2.7341E+00  2.1504E+00  3.2488E+01  3.9870E+01  1.1492E+00  1.9626E-03  1.5000E+03
  7.7000E+01  2.7341E+00  2.1504E+00  3.2488E+01  3.9870E+01  1.1492E+00  1.9626E-03  1.5000E+03
  7.7000E+01  2.7341E+00  2.1504E+00  3.2488E+01  3.9870E+01  1.1492E+00  1.9626E-03  1.5000E+03
  7.7000E+01  2.7341E+00  2.1504E+00  3.2488E+01  3.9870E+01  1.1492E+00  1.9626E-03  1.5000E+03
  7.8000E+01  2.7341E+00  2.1504E+00  3.2488E+01  3.9870E+01  1.1492E+00  1.9626E-03  1.5000E+03
  7.8000E+01  2.7341E+00  2.1504E+00  3.2488E+01  3.9870E+01  1.1492E+00  1.9626E-03  1.5000E+03
  7.8000E+01  2.7341E+00  2.1504E+00  3.2488E+01  3.9870E+01  1.1492E+00  1.9626E-03  1.5000E+03
  7.8000E+01  2.7341E+00  2.1504E+00  3.2488E+01  3.9870E+01  1.1492E+00  1.9626E-03  1.5000E+03
  7.8000E+01  2.7341E+00  2.1504E+00  3.2488E+01  3.9870E+01  1.1492E+00  1.9626E-03  1.5000E+03
  7.8000E+01  2.7341E+00  2.1504E+00  3.2488E+01  3.9870E+01  1.1492E+00  1.9626E-03  1.5000E+03
