TABLE NO.  2
 ID          CL          V2          V3          Q           KA          F1          DOSE
  1.0000E+00  5.2091E+00  2.9701E+00  2.1734E+02  4.4536E+00  1.3842E-01  6.6254E-01  1.0000E+01
  1.0000E+00  5.2091E+00  2.9701E+00  2.1734E+02  4.4536E+00  1.3842E-01  6.6254E-01  1.0000E+01
  1.0000E+00  5.2091E+00  2.9701E+00  2.1734E+02  4.4536E+00  1.3842E-01  6.6254E-01  1.0000E+01
  1.0000E+00  5.2091E+00  2.9701E+00  2.1734E+02  4.4536E+00  1.3842E-01  6.6254E-01  1.0000E+01
  1.0000E+00  5.2091E+00  2.9701E+00  2.1734E+02  4.4536E+00  1.3842E-01  6.6254E-01  1.0000E+01
  1.0000E+00  5.2091E+00  2.9701E+00  2.1734E+02  4.4536E+00  1.3842E-01  6.6254E-01  1.0000E+01
  1.0000E+00  5.2091E+00  2.9701E+00  2.1734E+02  4.4536E+00  1.3842E-01  6.6254E-01  1.0000E+01
  1.0000E+00  5.2091E+00  2.9701E+00  2.1734E+02  4.4536E+00  1.3842E-01  6.6254E-01  1.0000E+01
  1.0000E+00  5.2091E+00  2.9701E+00  2.1734E+02  4.4536E+00  1.3842E-01  6.6254E-01  1.0000E+01
  1.0000E+00  5.2091E+00  2.9701E+00  2.1734E+02  4.4536E+00  1.3842E-01  6.6254E-01  1.0000E+01
  1.0000E+00  5.2091E+00  2.9701E+00  2.1734E+02  4.4536E+00  1.3842E-01  6.6254E-01  1.0000E+01
  1.0000E+00  5.2091E+00  2.9701E+00  2.1734E+02  4.4536E+00  1.3842E-01  6.6254E-01  1.0000E+01
  2.0000E+00  4.0508E+00  2.9701E+00  2.1734E+02  4.4536E+00  1.3842E-01  6.6254E-01  1.0000E+01
  2.0000E+00  4.0508E+00  2.9701E+00  2.1734E+02  4.4536E+00  1.3842E-01  6.6254E-01  1.0000E+01
  2.0000E+00  4.0508E+00  2.9701E+00  2.1734E+02  4.4536E+00  1.3842E-01  6.6254E-01  1.0000E+01
  2.0000E+00  4.0508E+00  2.9701E+00  2.1734E+02  4.4536E+00  1.3842E-01  6.6254E-01  1.0000E+01
  2.0000E+00  4.0508E+00  2.9701E+00  2.1734E+02  4.4536E+00  1.3842E-01  6.6254E-01  1.0000E+01
  2.0000E+00  4.0508E+00  2.9701E+00  2.1734E+02  4.4536E+00  1.3842E-01  6.6254E-01  1.0000E+01
  2.0000E+00  4.0508E+00  2.9701E+00  2.1734E+02  4.4536E+00  1.3842E-01  6.6254E-01  1.0000E+01
  2.0000E+00  4.0508E+00  2.9701E+00  2.1734E+02  4.4536E+00  1.3842E-01  6.6254E-01  1.0000E+01
  2.0000E+00  4.0508E+00  2.9701E+00  2.1734E+02  4.4536E+00  1.3842E-01  6.6254E-01  1.0000E+01
  2.0000E+00  4.0508E+00  2.9701E+00  2.1734E+02  4.4536E+00  1.3842E-01  6.6254E-01  1.0000E+01
  2.0000E+00  4.0508E+00  2.9701E+00  2.1734E+02  4.4536E+00  1.3842E-01  6.6254E-01  1.0000E+01
  2.0000E+00  4.0508E+00  2.9701E+00  2.1734E+02  4.4536E+00  1.3842E-01  6.6254E-01  1.0000E+01
  3.0000E+00  1.7736E+01  2.9701E+00  2.1734E+02  4.4536E+00  1.3842E-01  6.6254E-01  1.0000E+01
  3.0000E+00  1.7736E+01  2.9701E+00  2.1734E+02  4.4536E+00  1.3842E-01  6.6254E-01  1.0000E+01
  3.0000E+00  1.7736E+01  2.9701E+00  2.1734E+02  4.4536E+00  1.3842E-01  6.6254E-01  1.0000E+01
  3.0000E+00  1.7736E+01  2.9701E+00  2.1734E+02  4.4536E+00  1.3842E-01  6.6254E-01  1.0000E+01
  3.0000E+00  1.7736E+01  2.9701E+00  2.1734E+02  4.4536E+00  1.3842E-01  6.6254E-01  1.0000E+01
  3.0000E+00  1.7736E+01  2.9701E+00  2.1734E+02  4.4536E+00  1.3842E-01  6.6254E-01  1.0000E+01
  3.0000E+00  1.7736E+01  2.9701E+00  2.1734E+02  4.4536E+00  1.3842E-01  6.6254E-01  1.0000E+01
  3.0000E+00  1.7736E+01  2.9701E+00  2.1734E+02  4.4536E+00  1.3842E-01  6.6254E-01  1.0000E+01
  3.0000E+00  1.7736E+01  2.9701E+00  2.1734E+02  4.4536E+00  1.3842E-01  6.6254E-01  1.0000E+01
  3.0000E+00  1.7736E+01  2.9701E+00  2.1734E+02  4.4536E+00  1.3842E-01  6.6254E-01  1.0000E+01
  3.0000E+00  1.7736E+01  2.9701E+00  2.1734E+02  4.4536E+00  1.3842E-01  6.6254E-01  1.0000E+01
  3.0000E+00  1.7736E+01  2.9701E+00  2.1734E+02  4.4536E+00  1.3842E-01  6.6254E-01  1.0000E+01
  4.0000E+00  2.2453E+01  2.9701E+00  2.1734E+02  4.4536E+00  1.3842E-01  6.6254E-01  1.0000E+01
  4.0000E+00  2.2453E+01  2.9701E+00  2.1734E+02  4.4536E+00  1.3842E-01  6.6254E-01  1.0000E+01
  4.0000E+00  2.2453E+01  2.9701E+00  2.1734E+02  4.4536E+00  1.3842E-01  6.6254E-01  1.0000E+01
  4.0000E+00  2.2453E+01  2.9701E+00  2.1734E+02  4.4536E+00  1.3842E-01  6.6254E-01  1.0000E+01
  4.0000E+00  2.2453E+01  2.9701E+00  2.1734E+02  4.4536E+00  1.3842E-01  6.6254E-01  1.0000E+01
  4.0000E+00  2.2453E+01  2.9701E+00  2.1734E+02  4.4536E+00  1.3842E-01  6.6254E-01  1.0000E+01
  4.0000E+00  2.2453E+01  2.9701E+00  2.1734E+02  4.4536E+00  1.3842E-01  6.6254E-01  1.0000E+01
  4.0000E+00  2.2453E+01  2.9701E+00  2.1734E+02  4.4536E+00  1.3842E-01  6.6254E-01  1.0000E+01
  4.0000E+00  2.2453E+01  2.9701E+00  2.1734E+02  4.4536E+00  1.3842E-01  6.6254E-01  1.0000E+01
  4.0000E+00  2.2453E+01  2.9701E+00  2.1734E+02  4.4536E+00  1.3842E-01  6.6254E-01  1.0000E+01
  4.0000E+00  2.2453E+01  2.9701E+00  2.1734E+02  4.4536E+00  1.3842E-01  6.6254E-01  1.0000E+01
  4.0000E+00  2.2453E+01  2.9701E+00  2.1734E+02  4.4536E+00  1.3842E-01  6.6254E-01  1.0000E+01
  4.0000E+00  2.2453E+01  2.9701E+00  2.1734E+02  4.4536E+00  1.3842E-01  6.6254E-01  1.0000E+01
  5.0000E+00  2.9252E+01  2.9701E+00  2.1734E+02  4.4536E+00  1.3842E-01  6.6254E-01  1.0000E+01
  5.0000E+00  2.9252E+01  2.9701E+00  2.1734E+02  4.4536E+00  1.3842E-01  6.6254E-01  1.0000E+01
  5.0000E+00  2.9252E+01  2.9701E+00  2.1734E+02  4.4536E+00  1.3842E-01  6.6254E-01  1.0000E+01
  5.0000E+00  2.9252E+01  2.9701E+00  2.1734E+02  4.4536E+00  1.3842E-01  6.6254E-01  1.0000E+01
  5.0000E+00  2.9252E+01  2.9701E+00  2.1734E+02  4.4536E+00  1.3842E-01  6.6254E-01  1.0000E+01
  5.0000E+00  2.9252E+01  2.9701E+00  2.1734E+02  4.4536E+00  1.3842E-01  6.6254E-01  1.0000E+01
  5.0000E+00  2.9252E+01  2.9701E+00  2.1734E+02  4.4536E+00  1.3842E-01  6.6254E-01  1.0000E+01
  5.0000E+00  2.9252E+01  2.9701E+00  2.1734E+02  4.4536E+00  1.3842E-01  6.6254E-01  1.0000E+01
  5.0000E+00  2.9252E+01  2.9701E+00  2.1734E+02  4.4536E+00  1.3842E-01  6.6254E-01  1.0000E+01
  5.0000E+00  2.9252E+01  2.9701E+00  2.1734E+02  4.4536E+00  1.3842E-01  6.6254E-01  1.0000E+01
  5.0000E+00  2.9252E+01  2.9701E+00  2.1734E+02  4.4536E+00  1.3842E-01  6.6254E-01  1.0000E+01
  5.0000E+00  2.9252E+01  2.9701E+00  2.1734E+02  4.4536E+00  1.3842E-01  6.6254E-01  1.0000E+01
  5.0000E+00  2.9252E+01  2.9701E+00  2.1734E+02  4.4536E+00  1.3842E-01  6.6254E-01  1.0000E+01
  6.0000E+00  3.3407E+01  2.9701E+00  2.1734E+02  4.4536E+00  1.3842E-01  6.6254E-01  1.0000E+01
  6.0000E+00  3.3407E+01  2.9701E+00  2.1734E+02  4.4536E+00  1.3842E-01  6.6254E-01  1.0000E+01
  6.0000E+00  3.3407E+01  2.9701E+00  2.1734E+02  4.4536E+00  1.3842E-01  6.6254E-01  1.0000E+01
  6.0000E+00  3.3407E+01  2.9701E+00  2.1734E+02  4.4536E+00  1.3842E-01  6.6254E-01  1.0000E+01
  6.0000E+00  3.3407E+01  2.9701E+00  2.1734E+02  4.4536E+00  1.3842E-01  6.6254E-01  1.0000E+01
  6.0000E+00  3.3407E+01  2.9701E+00  2.1734E+02  4.4536E+00  1.3842E-01  6.6254E-01  1.0000E+01
  6.0000E+00  3.3407E+01  2.9701E+00  2.1734E+02  4.4536E+00  1.3842E-01  6.6254E-01  1.0000E+01
  6.0000E+00  3.3407E+01  2.9701E+00  2.1734E+02  4.4536E+00  1.3842E-01  6.6254E-01  1.0000E+01
  6.0000E+00  3.3407E+01  2.9701E+00  2.1734E+02  4.4536E+00  1.3842E-01  6.6254E-01  1.0000E+01
  6.0000E+00  3.3407E+01  2.9701E+00  2.1734E+02  4.4536E+00  1.3842E-01  6.6254E-01  1.0000E+01
  6.0000E+00  3.3407E+01  2.9701E+00  2.1734E+02  4.4536E+00  1.3842E-01  6.6254E-01  1.0000E+01
  6.0000E+00  3.3407E+01  2.9701E+00  2.1734E+02  4.4536E+00  1.3842E-01  6.6254E-01  1.0000E+01
  6.0000E+00  3.3407E+01  2.9701E+00  2.1734E+02  4.4536E+00  1.3842E-01  6.6254E-01  1.0000E+01
  7.0000E+00  8.5298E+01  2.9701E+00  2.1734E+02  4.4536E+00  1.3842E-01  7.8379E-02  1.2500E+02
  7.0000E+00  8.5298E+01  2.9701E+00  2.1734E+02  4.4536E+00  1.3842E-01  7.8379E-02  1.2500E+02
  7.0000E+00  8.5298E+01  2.9701E+00  2.1734E+02  4.4536E+00  1.3842E-01  7.8379E-02  1.2500E+02
  7.0000E+00  8.5298E+01  2.9701E+00  2.1734E+02  4.4536E+00  1.3842E-01  7.8379E-02  1.2500E+02
  7.0000E+00  8.5298E+01  2.9701E+00  2.1734E+02  4.4536E+00  1.3842E-01  7.8379E-02  1.2500E+02
  7.0000E+00  8.5298E+01  2.9701E+00  2.1734E+02  4.4536E+00  1.3842E-01  7.8379E-02  1.2500E+02
  7.0000E+00  8.5298E+01  2.9701E+00  2.1734E+02  4.4536E+00  1.3842E-01  7.8379E-02  1.2500E+02
  7.0000E+00  8.5298E+01  2.9701E+00  2.1734E+02  4.4536E+00  1.3842E-01  7.8379E-02  1.2500E+02
  8.0000E+00  7.2396E+01  2.9701E+00  2.1734E+02  4.4536E+00  1.3842E-01  7.8379E-02  1.2500E+02
  8.0000E+00  7.2396E+01  2.9701E+00  2.1734E+02  4.4536E+00  1.3842E-01  7.8379E-02  1.2500E+02
  8.0000E+00  7.2396E+01  2.9701E+00  2.1734E+02  4.4536E+00  1.3842E-01  7.8379E-02  1.2500E+02
  8.0000E+00  7.2396E+01  2.9701E+00  2.1734E+02  4.4536E+00  1.3842E-01  7.8379E-02  1.2500E+02
  8.0000E+00  7.2396E+01  2.9701E+00  2.1734E+02  4.4536E+00  1.3842E-01  7.8379E-02  1.2500E+02
  8.0000E+00  7.2396E+01  2.9701E+00  2.1734E+02  4.4536E+00  1.3842E-01  7.8379E-02  1.2500E+02
  8.0000E+00  7.2396E+01  2.9701E+00  2.1734E+02  4.4536E+00  1.3842E-01  7.8379E-02  1.2500E+02
  8.0000E+00  7.2396E+01  2.9701E+00  2.1734E+02  4.4536E+00  1.3842E-01  7.8379E-02  1.2500E+02
  9.0000E+00  6.1572E+01  2.9701E+00  2.1734E+02  4.4536E+00  1.3842E-01  7.8379E-02  1.2500E+02
  9.0000E+00  6.1572E+01  2.9701E+00  2.1734E+02  4.4536E+00  1.3842E-01  7.8379E-02  1.2500E+02
  9.0000E+00  6.1572E+01  2.9701E+00  2.1734E+02  4.4536E+00  1.3842E-01  7.8379E-02  1.2500E+02
  9.0000E+00  6.1572E+01  2.9701E+00  2.1734E+02  4.4536E+00  1.3842E-01  7.8379E-02  1.2500E+02
  9.0000E+00  6.1572E+01  2.9701E+00  2.1734E+02  4.4536E+00  1.3842E-01  7.8379E-02  1.2500E+02
  9.0000E+00  6.1572E+01  2.9701E+00  2.1734E+02  4.4536E+00  1.3842E-01  7.8379E-02  1.2500E+02
  9.0000E+00  6.1572E+01  2.9701E+00  2.1734E+02  4.4536E+00  1.3842E-01  7.8379E-02  1.2500E+02
  9.0000E+00  6.1572E+01  2.9701E+00  2.1734E+02  4.4536E+00  1.3842E-01  7.8379E-02  1.2500E+02
  1.0000E+01  1.7567E+01  2.9701E+00  2.1734E+02  4.4536E+00  1.3842E-01  4.1894E-02  2.5000E+02
  1.0000E+01  1.7567E+01  2.9701E+00  2.1734E+02  4.4536E+00  1.3842E-01  4.1894E-02  2.5000E+02
  1.0000E+01  1.7567E+01  2.9701E+00  2.1734E+02  4.4536E+00  1.3842E-01  4.1894E-02  2.5000E+02
  1.0000E+01  1.7567E+01  2.9701E+00  2.1734E+02  4.4536E+00  1.3842E-01  4.1894E-02  2.5000E+02
  1.0000E+01  1.7567E+01  2.9701E+00  2.1734E+02  4.4536E+00  1.3842E-01  4.1894E-02  2.5000E+02
  1.0000E+01  1.7567E+01  2.9701E+00  2.1734E+02  4.4536E+00  1.3842E-01  4.1894E-02  2.5000E+02
  1.0000E+01  1.7567E+01  2.9701E+00  2.1734E+02  4.4536E+00  1.3842E-01  4.1894E-02  2.5000E+02
  1.0000E+01  1.7567E+01  2.9701E+00  2.1734E+02  4.4536E+00  1.3842E-01  4.1894E-02  2.5000E+02
  1.1000E+01  5.8450E+01  2.9701E+00  2.1734E+02  4.4536E+00  1.3842E-01  4.1894E-02  2.5000E+02
  1.1000E+01  5.8450E+01  2.9701E+00  2.1734E+02  4.4536E+00  1.3842E-01  4.1894E-02  2.5000E+02
  1.1000E+01  5.8450E+01  2.9701E+00  2.1734E+02  4.4536E+00  1.3842E-01  4.1894E-02  2.5000E+02
  1.1000E+01  5.8450E+01  2.9701E+00  2.1734E+02  4.4536E+00  1.3842E-01  4.1894E-02  2.5000E+02
  1.1000E+01  5.8450E+01  2.9701E+00  2.1734E+02  4.4536E+00  1.3842E-01  4.1894E-02  2.5000E+02
  1.1000E+01  5.8450E+01  2.9701E+00  2.1734E+02  4.4536E+00  1.3842E-01  4.1894E-02  2.5000E+02
  1.1000E+01  5.8450E+01  2.9701E+00  2.1734E+02  4.4536E+00  1.3842E-01  4.1894E-02  2.5000E+02
  1.1000E+01  5.8450E+01  2.9701E+00  2.1734E+02  4.4536E+00  1.3842E-01  4.1894E-02  2.5000E+02
  1.2000E+01  7.5340E+01  2.9701E+00  2.1734E+02  4.4536E+00  1.3842E-01  4.1894E-02  2.5000E+02
  1.2000E+01  7.5340E+01  2.9701E+00  2.1734E+02  4.4536E+00  1.3842E-01  4.1894E-02  2.5000E+02
  1.2000E+01  7.5340E+01  2.9701E+00  2.1734E+02  4.4536E+00  1.3842E-01  4.1894E-02  2.5000E+02
  1.2000E+01  7.5340E+01  2.9701E+00  2.1734E+02  4.4536E+00  1.3842E-01  4.1894E-02  2.5000E+02
  1.2000E+01  7.5340E+01  2.9701E+00  2.1734E+02  4.4536E+00  1.3842E-01  4.1894E-02  2.5000E+02
  1.2000E+01  7.5340E+01  2.9701E+00  2.1734E+02  4.4536E+00  1.3842E-01  4.1894E-02  2.5000E+02
  1.2000E+01  7.5340E+01  2.9701E+00  2.1734E+02  4.4536E+00  1.3842E-01  4.1894E-02  2.5000E+02
  1.2000E+01  7.5340E+01  2.9701E+00  2.1734E+02  4.4536E+00  1.3842E-01  4.1894E-02  2.5000E+02
  1.3000E+01  1.0910E+01  2.9701E+00  2.1734E+02  4.4536E+00  1.3842E-01  2.3149E-02  5.0000E+02
  1.3000E+01  1.0910E+01  2.9701E+00  2.1734E+02  4.4536E+00  1.3842E-01  2.3149E-02  5.0000E+02
  1.3000E+01  1.0910E+01  2.9701E+00  2.1734E+02  4.4536E+00  1.3842E-01  2.3149E-02  5.0000E+02
  1.3000E+01  1.0910E+01  2.9701E+00  2.1734E+02  4.4536E+00  1.3842E-01  2.3149E-02  5.0000E+02
  1.3000E+01  1.0910E+01  2.9701E+00  2.1734E+02  4.4536E+00  1.3842E-01  2.3149E-02  5.0000E+02
  1.3000E+01  1.0910E+01  2.9701E+00  2.1734E+02  4.4536E+00  1.3842E-01  2.3149E-02  5.0000E+02
  1.3000E+01  1.0910E+01  2.9701E+00  2.1734E+02  4.4536E+00  1.3842E-01  2.3149E-02  5.0000E+02
  1.3000E+01  1.0910E+01  2.9701E+00  2.1734E+02  4.4536E+00  1.3842E-01  2.3149E-02  5.0000E+02
  1.4000E+01  4.4513E+01  2.9701E+00  2.1734E+02  4.4536E+00  1.3842E-01  2.3149E-02  5.0000E+02
  1.4000E+01  4.4513E+01  2.9701E+00  2.1734E+02  4.4536E+00  1.3842E-01  2.3149E-02  5.0000E+02
  1.4000E+01  4.4513E+01  2.9701E+00  2.1734E+02  4.4536E+00  1.3842E-01  2.3149E-02  5.0000E+02
  1.4000E+01  4.4513E+01  2.9701E+00  2.1734E+02  4.4536E+00  1.3842E-01  2.3149E-02  5.0000E+02
  1.4000E+01  4.4513E+01  2.9701E+00  2.1734E+02  4.4536E+00  1.3842E-01  2.3149E-02  5.0000E+02
  1.4000E+01  4.4513E+01  2.9701E+00  2.1734E+02  4.4536E+00  1.3842E-01  2.3149E-02  5.0000E+02
  1.4000E+01  4.4513E+01  2.9701E+00  2.1734E+02  4.4536E+00  1.3842E-01  2.3149E-02  5.0000E+02
  1.4000E+01  4.4513E+01  2.9701E+00  2.1734E+02  4.4536E+00  1.3842E-01  2.3149E-02  5.0000E+02
  1.5000E+01  9.2811E+00  2.9701E+00  2.1734E+02  4.4536E+00  1.3842E-01  2.3149E-02  5.0000E+02
  1.5000E+01  9.2811E+00  2.9701E+00  2.1734E+02  4.4536E+00  1.3842E-01  2.3149E-02  5.0000E+02
  1.5000E+01  9.2811E+00  2.9701E+00  2.1734E+02  4.4536E+00  1.3842E-01  2.3149E-02  5.0000E+02
  1.5000E+01  9.2811E+00  2.9701E+00  2.1734E+02  4.4536E+00  1.3842E-01  2.3149E-02  5.0000E+02
  1.5000E+01  9.2811E+00  2.9701E+00  2.1734E+02  4.4536E+00  1.3842E-01  2.3149E-02  5.0000E+02
  1.5000E+01  9.2811E+00  2.9701E+00  2.1734E+02  4.4536E+00  1.3842E-01  2.3149E-02  5.0000E+02
  1.5000E+01  9.2811E+00  2.9701E+00  2.1734E+02  4.4536E+00  1.3842E-01  2.3149E-02  5.0000E+02
  1.5000E+01  9.2811E+00  2.9701E+00  2.1734E+02  4.4536E+00  1.3842E-01  2.3149E-02  5.0000E+02
  1.6000E+01  1.2655E+02  2.9701E+00  2.1734E+02  4.4536E+00  1.3842E-01  7.8379E-02  1.2500E+02
  1.6000E+01  1.2655E+02  2.9701E+00  2.1734E+02  4.4536E+00  1.3842E-01  7.8379E-02  1.2500E+02
  1.6000E+01  1.2655E+02  2.9701E+00  2.1734E+02  4.4536E+00  1.3842E-01  7.8379E-02  1.2500E+02
  1.6000E+01  1.2655E+02  2.9701E+00  2.1734E+02  4.4536E+00  1.3842E-01  7.8379E-02  1.2500E+02
  1.6000E+01  1.2655E+02  2.9701E+00  2.1734E+02  4.4536E+00  1.3842E-01  7.8379E-02  1.2500E+02
  1.6000E+01  1.2655E+02  2.9701E+00  2.1734E+02  4.4536E+00  1.3842E-01  7.8379E-02  1.2500E+02
  1.6000E+01  1.2655E+02  2.9701E+00  2.1734E+02  4.4536E+00  1.3842E-01  7.8379E-02  1.2500E+02
  1.6000E+01  1.2655E+02  2.9701E+00  2.1734E+02  4.4536E+00  1.3842E-01  7.8379E-02  1.2500E+02
  1.7000E+01  1.0399E+02  2.9701E+00  2.1734E+02  4.4536E+00  1.3842E-01  7.8379E-02  1.2500E+02
  1.7000E+01  1.0399E+02  2.9701E+00  2.1734E+02  4.4536E+00  1.3842E-01  7.8379E-02  1.2500E+02
  1.7000E+01  1.0399E+02  2.9701E+00  2.1734E+02  4.4536E+00  1.3842E-01  7.8379E-02  1.2500E+02
  1.7000E+01  1.0399E+02  2.9701E+00  2.1734E+02  4.4536E+00  1.3842E-01  7.8379E-02  1.2500E+02
  1.7000E+01  1.0399E+02  2.9701E+00  2.1734E+02  4.4536E+00  1.3842E-01  7.8379E-02  1.2500E+02
  1.7000E+01  1.0399E+02  2.9701E+00  2.1734E+02  4.4536E+00  1.3842E-01  7.8379E-02  1.2500E+02
  1.7000E+01  1.0399E+02  2.9701E+00  2.1734E+02  4.4536E+00  1.3842E-01  7.8379E-02  1.2500E+02
  1.7000E+01  1.0399E+02  2.9701E+00  2.1734E+02  4.4536E+00  1.3842E-01  7.8379E-02  1.2500E+02
  1.8000E+01  1.4451E+02  2.9701E+00  2.1734E+02  4.4536E+00  1.3842E-01  7.8379E-02  1.2500E+02
  1.8000E+01  1.4451E+02  2.9701E+00  2.1734E+02  4.4536E+00  1.3842E-01  7.8379E-02  1.2500E+02
  1.8000E+01  1.4451E+02  2.9701E+00  2.1734E+02  4.4536E+00  1.3842E-01  7.8379E-02  1.2500E+02
  1.8000E+01  1.4451E+02  2.9701E+00  2.1734E+02  4.4536E+00  1.3842E-01  7.8379E-02  1.2500E+02
  1.8000E+01  1.4451E+02  2.9701E+00  2.1734E+02  4.4536E+00  1.3842E-01  7.8379E-02  1.2500E+02
  1.8000E+01  1.4451E+02  2.9701E+00  2.1734E+02  4.4536E+00  1.3842E-01  7.8379E-02  1.2500E+02
  1.8000E+01  1.4451E+02  2.9701E+00  2.1734E+02  4.4536E+00  1.3842E-01  7.8379E-02  1.2500E+02
  1.8000E+01  1.4451E+02  2.9701E+00  2.1734E+02  4.4536E+00  1.3842E-01  7.8379E-02  1.2500E+02
  1.9000E+01  9.9787E+01  2.9701E+00  2.1734E+02  4.4536E+00  1.3842E-01  4.1894E-02  2.5000E+02
  1.9000E+01  9.9787E+01  2.9701E+00  2.1734E+02  4.4536E+00  1.3842E-01  4.1894E-02  2.5000E+02
  1.9000E+01  9.9787E+01  2.9701E+00  2.1734E+02  4.4536E+00  1.3842E-01  4.1894E-02  2.5000E+02
  1.9000E+01  9.9787E+01  2.9701E+00  2.1734E+02  4.4536E+00  1.3842E-01  4.1894E-02  2.5000E+02
  1.9000E+01  9.9787E+01  2.9701E+00  2.1734E+02  4.4536E+00  1.3842E-01  4.1894E-02  2.5000E+02
  1.9000E+01  9.9787E+01  2.9701E+00  2.1734E+02  4.4536E+00  1.3842E-01  4.1894E-02  2.5000E+02
  1.9000E+01  9.9787E+01  2.9701E+00  2.1734E+02  4.4536E+00  1.3842E-01  4.1894E-02  2.5000E+02
  1.9000E+01  9.9787E+01  2.9701E+00  2.1734E+02  4.4536E+00  1.3842E-01  4.1894E-02  2.5000E+02
  2.0000E+01  1.1596E+02  2.9701E+00  2.1734E+02  4.4536E+00  1.3842E-01  4.1894E-02  2.5000E+02
  2.0000E+01  1.1596E+02  2.9701E+00  2.1734E+02  4.4536E+00  1.3842E-01  4.1894E-02  2.5000E+02
  2.0000E+01  1.1596E+02  2.9701E+00  2.1734E+02  4.4536E+00  1.3842E-01  4.1894E-02  2.5000E+02
  2.0000E+01  1.1596E+02  2.9701E+00  2.1734E+02  4.4536E+00  1.3842E-01  4.1894E-02  2.5000E+02
  2.0000E+01  1.1596E+02  2.9701E+00  2.1734E+02  4.4536E+00  1.3842E-01  4.1894E-02  2.5000E+02
  2.0000E+01  1.1596E+02  2.9701E+00  2.1734E+02  4.4536E+00  1.3842E-01  4.1894E-02  2.5000E+02
  2.0000E+01  1.1596E+02  2.9701E+00  2.1734E+02  4.4536E+00  1.3842E-01  4.1894E-02  2.5000E+02
  2.0000E+01  1.1596E+02  2.9701E+00  2.1734E+02  4.4536E+00  1.3842E-01  4.1894E-02  2.5000E+02
  2.1000E+01  1.1152E+02  2.9701E+00  2.1734E+02  4.4536E+00  1.3842E-01  4.1894E-02  2.5000E+02
  2.1000E+01  1.1152E+02  2.9701E+00  2.1734E+02  4.4536E+00  1.3842E-01  4.1894E-02  2.5000E+02
  2.1000E+01  1.1152E+02  2.9701E+00  2.1734E+02  4.4536E+00  1.3842E-01  4.1894E-02  2.5000E+02
  2.1000E+01  1.1152E+02  2.9701E+00  2.1734E+02  4.4536E+00  1.3842E-01  4.1894E-02  2.5000E+02
  2.1000E+01  1.1152E+02  2.9701E+00  2.1734E+02  4.4536E+00  1.3842E-01  4.1894E-02  2.5000E+02
  2.1000E+01  1.1152E+02  2.9701E+00  2.1734E+02  4.4536E+00  1.3842E-01  4.1894E-02  2.5000E+02
  2.1000E+01  1.1152E+02  2.9701E+00  2.1734E+02  4.4536E+00  1.3842E-01  4.1894E-02  2.5000E+02
  2.1000E+01  1.1152E+02  2.9701E+00  2.1734E+02  4.4536E+00  1.3842E-01  4.1894E-02  2.5000E+02
  2.2000E+01  7.2362E+01  2.9701E+00  2.1734E+02  4.4536E+00  1.3842E-01  2.3149E-02  5.0000E+02
  2.2000E+01  7.2362E+01  2.9701E+00  2.1734E+02  4.4536E+00  1.3842E-01  2.3149E-02  5.0000E+02
  2.2000E+01  7.2362E+01  2.9701E+00  2.1734E+02  4.4536E+00  1.3842E-01  2.3149E-02  5.0000E+02
  2.2000E+01  7.2362E+01  2.9701E+00  2.1734E+02  4.4536E+00  1.3842E-01  2.3149E-02  5.0000E+02
  2.2000E+01  7.2362E+01  2.9701E+00  2.1734E+02  4.4536E+00  1.3842E-01  2.3149E-02  5.0000E+02
  2.2000E+01  7.2362E+01  2.9701E+00  2.1734E+02  4.4536E+00  1.3842E-01  2.3149E-02  5.0000E+02
  2.2000E+01  7.2362E+01  2.9701E+00  2.1734E+02  4.4536E+00  1.3842E-01  2.3149E-02  5.0000E+02
  2.2000E+01  7.2362E+01  2.9701E+00  2.1734E+02  4.4536E+00  1.3842E-01  2.3149E-02  5.0000E+02
  2.3000E+01  5.2189E+01  2.9701E+00  2.1734E+02  4.4536E+00  1.3842E-01  2.3149E-02  5.0000E+02
  2.3000E+01  5.2189E+01  2.9701E+00  2.1734E+02  4.4536E+00  1.3842E-01  2.3149E-02  5.0000E+02
  2.3000E+01  5.2189E+01  2.9701E+00  2.1734E+02  4.4536E+00  1.3842E-01  2.3149E-02  5.0000E+02
  2.3000E+01  5.2189E+01  2.9701E+00  2.1734E+02  4.4536E+00  1.3842E-01  2.3149E-02  5.0000E+02
  2.3000E+01  5.2189E+01  2.9701E+00  2.1734E+02  4.4536E+00  1.3842E-01  2.3149E-02  5.0000E+02
  2.3000E+01  5.2189E+01  2.9701E+00  2.1734E+02  4.4536E+00  1.3842E-01  2.3149E-02  5.0000E+02
  2.3000E+01  5.2189E+01  2.9701E+00  2.1734E+02  4.4536E+00  1.3842E-01  2.3149E-02  5.0000E+02
  2.3000E+01  5.2189E+01  2.9701E+00  2.1734E+02  4.4536E+00  1.3842E-01  2.3149E-02  5.0000E+02
  2.4000E+01  1.6520E+01  2.9701E+00  2.1734E+02  4.4536E+00  1.3842E-01  2.3149E-02  5.0000E+02
  2.4000E+01  1.6520E+01  2.9701E+00  2.1734E+02  4.4536E+00  1.3842E-01  2.3149E-02  5.0000E+02
  2.4000E+01  1.6520E+01  2.9701E+00  2.1734E+02  4.4536E+00  1.3842E-01  2.3149E-02  5.0000E+02
  2.4000E+01  1.6520E+01  2.9701E+00  2.1734E+02  4.4536E+00  1.3842E-01  2.3149E-02  5.0000E+02
  2.4000E+01  1.6520E+01  2.9701E+00  2.1734E+02  4.4536E+00  1.3842E-01  2.3149E-02  5.0000E+02
  2.4000E+01  1.6520E+01  2.9701E+00  2.1734E+02  4.4536E+00  1.3842E-01  2.3149E-02  5.0000E+02
  2.4000E+01  1.6520E+01  2.9701E+00  2.1734E+02  4.4536E+00  1.3842E-01  2.3149E-02  5.0000E+02
  2.4000E+01  1.6520E+01  2.9701E+00  2.1734E+02  4.4536E+00  1.3842E-01  2.3149E-02  5.0000E+02
  2.5000E+01  1.4416E+01  2.9701E+00  2.1734E+02  4.4536E+00  1.3842E-01  7.8379E-02  1.2500E+02
  2.5000E+01  1.4416E+01  2.9701E+00  2.1734E+02  4.4536E+00  1.3842E-01  7.8379E-02  1.2500E+02
  2.5000E+01  1.4416E+01  2.9701E+00  2.1734E+02  4.4536E+00  1.3842E-01  7.8379E-02  1.2500E+02
  2.5000E+01  1.4416E+01  2.9701E+00  2.1734E+02  4.4536E+00  1.3842E-01  7.8379E-02  1.2500E+02
  2.5000E+01  1.4416E+01  2.9701E+00  2.1734E+02  4.4536E+00  1.3842E-01  7.8379E-02  1.2500E+02
  2.5000E+01  1.4416E+01  2.9701E+00  2.1734E+02  4.4536E+00  1.3842E-01  7.8379E-02  1.2500E+02
  2.5000E+01  1.4416E+01  2.9701E+00  2.1734E+02  4.4536E+00  1.3842E-01  7.8379E-02  1.2500E+02
  2.6000E+01  2.0168E+01  2.9701E+00  2.1734E+02  4.4536E+00  1.3842E-01  7.8379E-02  1.2500E+02
  2.6000E+01  2.0168E+01  2.9701E+00  2.1734E+02  4.4536E+00  1.3842E-01  7.8379E-02  1.2500E+02
  2.6000E+01  2.0168E+01  2.9701E+00  2.1734E+02  4.4536E+00  1.3842E-01  7.8379E-02  1.2500E+02
  2.6000E+01  2.0168E+01  2.9701E+00  2.1734E+02  4.4536E+00  1.3842E-01  7.8379E-02  1.2500E+02
  2.6000E+01  2.0168E+01  2.9701E+00  2.1734E+02  4.4536E+00  1.3842E-01  7.8379E-02  1.2500E+02
  2.6000E+01  2.0168E+01  2.9701E+00  2.1734E+02  4.4536E+00  1.3842E-01  7.8379E-02  1.2500E+02
  2.6000E+01  2.0168E+01  2.9701E+00  2.1734E+02  4.4536E+00  1.3842E-01  7.8379E-02  1.2500E+02
  2.7000E+01  1.2154E+01  2.9701E+00  2.1734E+02  4.4536E+00  1.3842E-01  7.8379E-02  1.2500E+02
  2.7000E+01  1.2154E+01  2.9701E+00  2.1734E+02  4.4536E+00  1.3842E-01  7.8379E-02  1.2500E+02
  2.7000E+01  1.2154E+01  2.9701E+00  2.1734E+02  4.4536E+00  1.3842E-01  7.8379E-02  1.2500E+02
  2.7000E+01  1.2154E+01  2.9701E+00  2.1734E+02  4.4536E+00  1.3842E-01  7.8379E-02  1.2500E+02
  2.7000E+01  1.2154E+01  2.9701E+00  2.1734E+02  4.4536E+00  1.3842E-01  7.8379E-02  1.2500E+02
  2.7000E+01  1.2154E+01  2.9701E+00  2.1734E+02  4.4536E+00  1.3842E-01  7.8379E-02  1.2500E+02
  2.7000E+01  1.2154E+01  2.9701E+00  2.1734E+02  4.4536E+00  1.3842E-01  7.8379E-02  1.2500E+02
  2.8000E+01  1.2848E+01  2.9701E+00  2.1734E+02  4.4536E+00  1.3842E-01  4.1894E-02  2.5000E+02
  2.8000E+01  1.2848E+01  2.9701E+00  2.1734E+02  4.4536E+00  1.3842E-01  4.1894E-02  2.5000E+02
  2.8000E+01  1.2848E+01  2.9701E+00  2.1734E+02  4.4536E+00  1.3842E-01  4.1894E-02  2.5000E+02
  2.8000E+01  1.2848E+01  2.9701E+00  2.1734E+02  4.4536E+00  1.3842E-01  4.1894E-02  2.5000E+02
  2.8000E+01  1.2848E+01  2.9701E+00  2.1734E+02  4.4536E+00  1.3842E-01  4.1894E-02  2.5000E+02
  2.8000E+01  1.2848E+01  2.9701E+00  2.1734E+02  4.4536E+00  1.3842E-01  4.1894E-02  2.5000E+02
  2.8000E+01  1.2848E+01  2.9701E+00  2.1734E+02  4.4536E+00  1.3842E-01  4.1894E-02  2.5000E+02
  2.9000E+01  1.3504E+01  2.9701E+00  2.1734E+02  4.4536E+00  1.3842E-01  4.1894E-02  2.5000E+02
  2.9000E+01  1.3504E+01  2.9701E+00  2.1734E+02  4.4536E+00  1.3842E-01  4.1894E-02  2.5000E+02
  2.9000E+01  1.3504E+01  2.9701E+00  2.1734E+02  4.4536E+00  1.3842E-01  4.1894E-02  2.5000E+02
  2.9000E+01  1.3504E+01  2.9701E+00  2.1734E+02  4.4536E+00  1.3842E-01  4.1894E-02  2.5000E+02
  2.9000E+01  1.3504E+01  2.9701E+00  2.1734E+02  4.4536E+00  1.3842E-01  4.1894E-02  2.5000E+02
  2.9000E+01  1.3504E+01  2.9701E+00  2.1734E+02  4.4536E+00  1.3842E-01  4.1894E-02  2.5000E+02
  2.9000E+01  1.3504E+01  2.9701E+00  2.1734E+02  4.4536E+00  1.3842E-01  4.1894E-02  2.5000E+02
  3.0000E+01  2.7667E+01  2.9701E+00  2.1734E+02  4.4536E+00  1.3842E-01  4.1894E-02  2.5000E+02
  3.0000E+01  2.7667E+01  2.9701E+00  2.1734E+02  4.4536E+00  1.3842E-01  4.1894E-02  2.5000E+02
  3.0000E+01  2.7667E+01  2.9701E+00  2.1734E+02  4.4536E+00  1.3842E-01  4.1894E-02  2.5000E+02
  3.0000E+01  2.7667E+01  2.9701E+00  2.1734E+02  4.4536E+00  1.3842E-01  4.1894E-02  2.5000E+02
  3.0000E+01  2.7667E+01  2.9701E+00  2.1734E+02  4.4536E+00  1.3842E-01  4.1894E-02  2.5000E+02
  3.0000E+01  2.7667E+01  2.9701E+00  2.1734E+02  4.4536E+00  1.3842E-01  4.1894E-02  2.5000E+02
  3.0000E+01  2.7667E+01  2.9701E+00  2.1734E+02  4.4536E+00  1.3842E-01  4.1894E-02  2.5000E+02
  3.1000E+01  7.2768E+00  2.9701E+00  2.1734E+02  4.4536E+00  1.3842E-01  2.3149E-02  5.0000E+02
  3.1000E+01  7.2768E+00  2.9701E+00  2.1734E+02  4.4536E+00  1.3842E-01  2.3149E-02  5.0000E+02
  3.1000E+01  7.2768E+00  2.9701E+00  2.1734E+02  4.4536E+00  1.3842E-01  2.3149E-02  5.0000E+02
  3.1000E+01  7.2768E+00  2.9701E+00  2.1734E+02  4.4536E+00  1.3842E-01  2.3149E-02  5.0000E+02
  3.1000E+01  7.2768E+00  2.9701E+00  2.1734E+02  4.4536E+00  1.3842E-01  2.3149E-02  5.0000E+02
  3.1000E+01  7.2768E+00  2.9701E+00  2.1734E+02  4.4536E+00  1.3842E-01  2.3149E-02  5.0000E+02
  3.1000E+01  7.2768E+00  2.9701E+00  2.1734E+02  4.4536E+00  1.3842E-01  2.3149E-02  5.0000E+02
  3.2000E+01  1.1328E+01  2.9701E+00  2.1734E+02  4.4536E+00  1.3842E-01  2.3149E-02  5.0000E+02
  3.2000E+01  1.1328E+01  2.9701E+00  2.1734E+02  4.4536E+00  1.3842E-01  2.3149E-02  5.0000E+02
  3.2000E+01  1.1328E+01  2.9701E+00  2.1734E+02  4.4536E+00  1.3842E-01  2.3149E-02  5.0000E+02
  3.2000E+01  1.1328E+01  2.9701E+00  2.1734E+02  4.4536E+00  1.3842E-01  2.3149E-02  5.0000E+02
  3.2000E+01  1.1328E+01  2.9701E+00  2.1734E+02  4.4536E+00  1.3842E-01  2.3149E-02  5.0000E+02
  3.2000E+01  1.1328E+01  2.9701E+00  2.1734E+02  4.4536E+00  1.3842E-01  2.3149E-02  5.0000E+02
  3.2000E+01  1.1328E+01  2.9701E+00  2.1734E+02  4.4536E+00  1.3842E-01  2.3149E-02  5.0000E+02
  3.3000E+01  1.1293E+01  2.9701E+00  2.1734E+02  4.4536E+00  1.3842E-01  2.3149E-02  5.0000E+02
  3.3000E+01  1.1293E+01  2.9701E+00  2.1734E+02  4.4536E+00  1.3842E-01  2.3149E-02  5.0000E+02
  3.3000E+01  1.1293E+01  2.9701E+00  2.1734E+02  4.4536E+00  1.3842E-01  2.3149E-02  5.0000E+02
  3.3000E+01  1.1293E+01  2.9701E+00  2.1734E+02  4.4536E+00  1.3842E-01  2.3149E-02  5.0000E+02
  3.3000E+01  1.1293E+01  2.9701E+00  2.1734E+02  4.4536E+00  1.3842E-01  2.3149E-02  5.0000E+02
  3.3000E+01  1.1293E+01  2.9701E+00  2.1734E+02  4.4536E+00  1.3842E-01  2.3149E-02  5.0000E+02
  3.3000E+01  1.1293E+01  2.9701E+00  2.1734E+02  4.4536E+00  1.3842E-01  2.3149E-02  5.0000E+02
  3.4000E+01  8.3660E+01  2.9701E+00  2.1734E+02  4.4536E+00  1.3842E-01  7.8379E-02  1.2500E+02
  3.4000E+01  8.3660E+01  2.9701E+00  2.1734E+02  4.4536E+00  1.3842E-01  7.8379E-02  1.2500E+02
  3.4000E+01  8.3660E+01  2.9701E+00  2.1734E+02  4.4536E+00  1.3842E-01  7.8379E-02  1.2500E+02
  3.4000E+01  8.3660E+01  2.9701E+00  2.1734E+02  4.4536E+00  1.3842E-01  7.8379E-02  1.2500E+02
  3.4000E+01  8.3660E+01  2.9701E+00  2.1734E+02  4.4536E+00  1.3842E-01  7.8379E-02  1.2500E+02
  3.4000E+01  8.3660E+01  2.9701E+00  2.1734E+02  4.4536E+00  1.3842E-01  7.8379E-02  1.2500E+02
  3.4000E+01  8.3660E+01  2.9701E+00  2.1734E+02  4.4536E+00  1.3842E-01  7.8379E-02  1.2500E+02
  3.5000E+01  1.1743E+02  2.9701E+00  2.1734E+02  4.4536E+00  1.3842E-01  7.8379E-02  1.2500E+02
  3.5000E+01  1.1743E+02  2.9701E+00  2.1734E+02  4.4536E+00  1.3842E-01  7.8379E-02  1.2500E+02
  3.5000E+01  1.1743E+02  2.9701E+00  2.1734E+02  4.4536E+00  1.3842E-01  7.8379E-02  1.2500E+02
  3.5000E+01  1.1743E+02  2.9701E+00  2.1734E+02  4.4536E+00  1.3842E-01  7.8379E-02  1.2500E+02
  3.5000E+01  1.1743E+02  2.9701E+00  2.1734E+02  4.4536E+00  1.3842E-01  7.8379E-02  1.2500E+02
  3.5000E+01  1.1743E+02  2.9701E+00  2.1734E+02  4.4536E+00  1.3842E-01  7.8379E-02  1.2500E+02
  3.5000E+01  1.1743E+02  2.9701E+00  2.1734E+02  4.4536E+00  1.3842E-01  7.8379E-02  1.2500E+02
  3.6000E+01  8.6965E+01  2.9701E+00  2.1734E+02  4.4536E+00  1.3842E-01  7.8379E-02  1.2500E+02
  3.6000E+01  8.6965E+01  2.9701E+00  2.1734E+02  4.4536E+00  1.3842E-01  7.8379E-02  1.2500E+02
  3.6000E+01  8.6965E+01  2.9701E+00  2.1734E+02  4.4536E+00  1.3842E-01  7.8379E-02  1.2500E+02
  3.6000E+01  8.6965E+01  2.9701E+00  2.1734E+02  4.4536E+00  1.3842E-01  7.8379E-02  1.2500E+02
  3.6000E+01  8.6965E+01  2.9701E+00  2.1734E+02  4.4536E+00  1.3842E-01  7.8379E-02  1.2500E+02
  3.6000E+01  8.6965E+01  2.9701E+00  2.1734E+02  4.4536E+00  1.3842E-01  7.8379E-02  1.2500E+02
  3.6000E+01  8.6965E+01  2.9701E+00  2.1734E+02  4.4536E+00  1.3842E-01  7.8379E-02  1.2500E+02
  3.7000E+01  9.1875E+01  2.9701E+00  2.1734E+02  4.4536E+00  1.3842E-01  4.1894E-02  2.5000E+02
  3.7000E+01  9.1875E+01  2.9701E+00  2.1734E+02  4.4536E+00  1.3842E-01  4.1894E-02  2.5000E+02
  3.7000E+01  9.1875E+01  2.9701E+00  2.1734E+02  4.4536E+00  1.3842E-01  4.1894E-02  2.5000E+02
  3.7000E+01  9.1875E+01  2.9701E+00  2.1734E+02  4.4536E+00  1.3842E-01  4.1894E-02  2.5000E+02
  3.7000E+01  9.1875E+01  2.9701E+00  2.1734E+02  4.4536E+00  1.3842E-01  4.1894E-02  2.5000E+02
  3.7000E+01  9.1875E+01  2.9701E+00  2.1734E+02  4.4536E+00  1.3842E-01  4.1894E-02  2.5000E+02
  3.7000E+01  9.1875E+01  2.9701E+00  2.1734E+02  4.4536E+00  1.3842E-01  4.1894E-02  2.5000E+02
  3.8000E+01  6.1256E+01  2.9701E+00  2.1734E+02  4.4536E+00  1.3842E-01  4.1894E-02  2.5000E+02
  3.8000E+01  6.1256E+01  2.9701E+00  2.1734E+02  4.4536E+00  1.3842E-01  4.1894E-02  2.5000E+02
  3.8000E+01  6.1256E+01  2.9701E+00  2.1734E+02  4.4536E+00  1.3842E-01  4.1894E-02  2.5000E+02
  3.8000E+01  6.1256E+01  2.9701E+00  2.1734E+02  4.4536E+00  1.3842E-01  4.1894E-02  2.5000E+02
  3.8000E+01  6.1256E+01  2.9701E+00  2.1734E+02  4.4536E+00  1.3842E-01  4.1894E-02  2.5000E+02
  3.8000E+01  6.1256E+01  2.9701E+00  2.1734E+02  4.4536E+00  1.3842E-01  4.1894E-02  2.5000E+02
  3.8000E+01  6.1256E+01  2.9701E+00  2.1734E+02  4.4536E+00  1.3842E-01  4.1894E-02  2.5000E+02
  3.9000E+01  6.6142E+01  2.9701E+00  2.1734E+02  4.4536E+00  1.3842E-01  4.1894E-02  2.5000E+02
  3.9000E+01  6.6142E+01  2.9701E+00  2.1734E+02  4.4536E+00  1.3842E-01  4.1894E-02  2.5000E+02
  3.9000E+01  6.6142E+01  2.9701E+00  2.1734E+02  4.4536E+00  1.3842E-01  4.1894E-02  2.5000E+02
  3.9000E+01  6.6142E+01  2.9701E+00  2.1734E+02  4.4536E+00  1.3842E-01  4.1894E-02  2.5000E+02
  3.9000E+01  6.6142E+01  2.9701E+00  2.1734E+02  4.4536E+00  1.3842E-01  4.1894E-02  2.5000E+02
  3.9000E+01  6.6142E+01  2.9701E+00  2.1734E+02  4.4536E+00  1.3842E-01  4.1894E-02  2.5000E+02
  3.9000E+01  6.6142E+01  2.9701E+00  2.1734E+02  4.4536E+00  1.3842E-01  4.1894E-02  2.5000E+02
  4.0000E+01  3.0647E+01  2.9701E+00  2.1734E+02  4.4536E+00  1.3842E-01  2.3149E-02  5.0000E+02
  4.0000E+01  3.0647E+01  2.9701E+00  2.1734E+02  4.4536E+00  1.3842E-01  2.3149E-02  5.0000E+02
  4.0000E+01  3.0647E+01  2.9701E+00  2.1734E+02  4.4536E+00  1.3842E-01  2.3149E-02  5.0000E+02
  4.0000E+01  3.0647E+01  2.9701E+00  2.1734E+02  4.4536E+00  1.3842E-01  2.3149E-02  5.0000E+02
  4.0000E+01  3.0647E+01  2.9701E+00  2.1734E+02  4.4536E+00  1.3842E-01  2.3149E-02  5.0000E+02
  4.0000E+01  3.0647E+01  2.9701E+00  2.1734E+02  4.4536E+00  1.3842E-01  2.3149E-02  5.0000E+02
  4.0000E+01  3.0647E+01  2.9701E+00  2.1734E+02  4.4536E+00  1.3842E-01  2.3149E-02  5.0000E+02
  4.1000E+01  4.0614E+01  2.9701E+00  2.1734E+02  4.4536E+00  1.3842E-01  2.3149E-02  5.0000E+02
  4.1000E+01  4.0614E+01  2.9701E+00  2.1734E+02  4.4536E+00  1.3842E-01  2.3149E-02  5.0000E+02
  4.1000E+01  4.0614E+01  2.9701E+00  2.1734E+02  4.4536E+00  1.3842E-01  2.3149E-02  5.0000E+02
  4.1000E+01  4.0614E+01  2.9701E+00  2.1734E+02  4.4536E+00  1.3842E-01  2.3149E-02  5.0000E+02
  4.1000E+01  4.0614E+01  2.9701E+00  2.1734E+02  4.4536E+00  1.3842E-01  2.3149E-02  5.0000E+02
  4.1000E+01  4.0614E+01  2.9701E+00  2.1734E+02  4.4536E+00  1.3842E-01  2.3149E-02  5.0000E+02
  4.1000E+01  4.0614E+01  2.9701E+00  2.1734E+02  4.4536E+00  1.3842E-01  2.3149E-02  5.0000E+02
  4.2000E+01  5.7108E+01  2.9701E+00  2.1734E+02  4.4536E+00  1.3842E-01  2.3149E-02  5.0000E+02
  4.2000E+01  5.7108E+01  2.9701E+00  2.1734E+02  4.4536E+00  1.3842E-01  2.3149E-02  5.0000E+02
  4.2000E+01  5.7108E+01  2.9701E+00  2.1734E+02  4.4536E+00  1.3842E-01  2.3149E-02  5.0000E+02
  4.2000E+01  5.7108E+01  2.9701E+00  2.1734E+02  4.4536E+00  1.3842E-01  2.3149E-02  5.0000E+02
  4.2000E+01  5.7108E+01  2.9701E+00  2.1734E+02  4.4536E+00  1.3842E-01  2.3149E-02  5.0000E+02
  4.2000E+01  5.7108E+01  2.9701E+00  2.1734E+02  4.4536E+00  1.3842E-01  2.3149E-02  5.0000E+02
  4.2000E+01  5.7108E+01  2.9701E+00  2.1734E+02  4.4536E+00  1.3842E-01  2.3149E-02  5.0000E+02
  4.3000E+01  1.8311E+01  2.9701E+00  2.1734E+02  4.4536E+00  1.3842E-01  3.5684E-02  3.0000E+02
  4.3000E+01  1.8311E+01  2.9701E+00  2.1734E+02  4.4536E+00  1.3842E-01  3.5684E-02  3.0000E+02
  4.3000E+01  1.8311E+01  2.9701E+00  2.1734E+02  4.4536E+00  1.3842E-01  3.5684E-02  3.0000E+02
  4.3000E+01  1.8311E+01  2.9701E+00  2.1734E+02  4.4536E+00  1.3842E-01  3.5684E-02  3.0000E+02
  4.3000E+01  1.8311E+01  2.9701E+00  2.1734E+02  4.4536E+00  1.3842E-01  3.5684E-02  3.0000E+02
  4.3000E+01  1.8311E+01  2.9701E+00  2.1734E+02  4.4536E+00  1.3842E-01  3.5684E-02  3.0000E+02
  4.3000E+01  1.8311E+01  2.9701E+00  2.1734E+02  4.4536E+00  1.3842E-01  3.5684E-02  3.0000E+02
  4.4000E+01  2.9724E+01  2.9701E+00  2.1734E+02  4.4536E+00  1.3842E-01  3.5684E-02  3.0000E+02
  4.4000E+01  2.9724E+01  2.9701E+00  2.1734E+02  4.4536E+00  1.3842E-01  3.5684E-02  3.0000E+02
  4.4000E+01  2.9724E+01  2.9701E+00  2.1734E+02  4.4536E+00  1.3842E-01  3.5684E-02  3.0000E+02
  4.4000E+01  2.9724E+01  2.9701E+00  2.1734E+02  4.4536E+00  1.3842E-01  3.5684E-02  3.0000E+02
  4.4000E+01  2.9724E+01  2.9701E+00  2.1734E+02  4.4536E+00  1.3842E-01  3.5684E-02  3.0000E+02
  4.4000E+01  2.9724E+01  2.9701E+00  2.1734E+02  4.4536E+00  1.3842E-01  3.5684E-02  3.0000E+02
  4.4000E+01  2.9724E+01  2.9701E+00  2.1734E+02  4.4536E+00  1.3842E-01  3.5684E-02  3.0000E+02
  4.5000E+01  4.3039E+01  2.9701E+00  2.1734E+02  4.4536E+00  1.3842E-01  3.5684E-02  3.0000E+02
  4.5000E+01  4.3039E+01  2.9701E+00  2.1734E+02  4.4536E+00  1.3842E-01  3.5684E-02  3.0000E+02
  4.5000E+01  4.3039E+01  2.9701E+00  2.1734E+02  4.4536E+00  1.3842E-01  3.5684E-02  3.0000E+02
  4.5000E+01  4.3039E+01  2.9701E+00  2.1734E+02  4.4536E+00  1.3842E-01  3.5684E-02  3.0000E+02
  4.5000E+01  4.3039E+01  2.9701E+00  2.1734E+02  4.4536E+00  1.3842E-01  3.5684E-02  3.0000E+02
  4.5000E+01  4.3039E+01  2.9701E+00  2.1734E+02  4.4536E+00  1.3842E-01  3.5684E-02  3.0000E+02
  4.5000E+01  4.3039E+01  2.9701E+00  2.1734E+02  4.4536E+00  1.3842E-01  3.5684E-02  3.0000E+02
  4.6000E+01  1.4310E+01  2.9701E+00  2.1734E+02  4.4536E+00  1.3842E-01  1.6031E-02  8.0000E+02
  4.6000E+01  1.4310E+01  2.9701E+00  2.1734E+02  4.4536E+00  1.3842E-01  1.6031E-02  8.0000E+02
  4.6000E+01  1.4310E+01  2.9701E+00  2.1734E+02  4.4536E+00  1.3842E-01  1.6031E-02  8.0000E+02
  4.6000E+01  1.4310E+01  2.9701E+00  2.1734E+02  4.4536E+00  1.3842E-01  1.6031E-02  8.0000E+02
  4.6000E+01  1.4310E+01  2.9701E+00  2.1734E+02  4.4536E+00  1.3842E-01  1.6031E-02  8.0000E+02
  4.6000E+01  1.4310E+01  2.9701E+00  2.1734E+02  4.4536E+00  1.3842E-01  1.6031E-02  8.0000E+02
  4.6000E+01  1.4310E+01  2.9701E+00  2.1734E+02  4.4536E+00  1.3842E-01  1.6031E-02  8.0000E+02
  4.7000E+01  2.5820E+01  2.9701E+00  2.1734E+02  4.4536E+00  1.3842E-01  1.6031E-02  8.0000E+02
  4.7000E+01  2.5820E+01  2.9701E+00  2.1734E+02  4.4536E+00  1.3842E-01  1.6031E-02  8.0000E+02
  4.7000E+01  2.5820E+01  2.9701E+00  2.1734E+02  4.4536E+00  1.3842E-01  1.6031E-02  8.0000E+02
  4.7000E+01  2.5820E+01  2.9701E+00  2.1734E+02  4.4536E+00  1.3842E-01  1.6031E-02  8.0000E+02
  4.7000E+01  2.5820E+01  2.9701E+00  2.1734E+02  4.4536E+00  1.3842E-01  1.6031E-02  8.0000E+02
  4.7000E+01  2.5820E+01  2.9701E+00  2.1734E+02  4.4536E+00  1.3842E-01  1.6031E-02  8.0000E+02
  4.7000E+01  2.5820E+01  2.9701E+00  2.1734E+02  4.4536E+00  1.3842E-01  1.6031E-02  8.0000E+02
  4.8000E+01  3.1583E+01  2.9701E+00  2.1734E+02  4.4536E+00  1.3842E-01  1.6031E-02  8.0000E+02
  4.8000E+01  3.1583E+01  2.9701E+00  2.1734E+02  4.4536E+00  1.3842E-01  1.6031E-02  8.0000E+02
  4.8000E+01  3.1583E+01  2.9701E+00  2.1734E+02  4.4536E+00  1.3842E-01  1.6031E-02  8.0000E+02
  4.8000E+01  3.1583E+01  2.9701E+00  2.1734E+02  4.4536E+00  1.3842E-01  1.6031E-02  8.0000E+02
  4.8000E+01  3.1583E+01  2.9701E+00  2.1734E+02  4.4536E+00  1.3842E-01  1.6031E-02  8.0000E+02
  4.8000E+01  3.1583E+01  2.9701E+00  2.1734E+02  4.4536E+00  1.3842E-01  1.6031E-02  8.0000E+02
  4.8000E+01  3.1583E+01  2.9701E+00  2.1734E+02  4.4536E+00  1.3842E-01  1.6031E-02  8.0000E+02
  4.9000E+01  3.9090E+01  2.9701E+00  2.1734E+02  4.4536E+00  1.3842E-01  1.0460E-02  1.5000E+03
  4.9000E+01  3.9090E+01  2.9701E+00  2.1734E+02  4.4536E+00  1.3842E-01  1.0460E-02  1.5000E+03
  4.9000E+01  3.9090E+01  2.9701E+00  2.1734E+02  4.4536E+00  1.3842E-01  1.0460E-02  1.5000E+03
  4.9000E+01  3.9090E+01  2.9701E+00  2.1734E+02  4.4536E+00  1.3842E-01  1.0460E-02  1.5000E+03
  4.9000E+01  3.9090E+01  2.9701E+00  2.1734E+02  4.4536E+00  1.3842E-01  1.0460E-02  1.5000E+03
  4.9000E+01  3.9090E+01  2.9701E+00  2.1734E+02  4.4536E+00  1.3842E-01  1.0460E-02  1.5000E+03
  4.9000E+01  3.9090E+01  2.9701E+00  2.1734E+02  4.4536E+00  1.3842E-01  1.0460E-02  1.5000E+03
  5.0000E+01  1.1680E+01  2.9701E+00  2.1734E+02  4.4536E+00  1.3842E-01  1.0460E-02  1.5000E+03
  5.0000E+01  1.1680E+01  2.9701E+00  2.1734E+02  4.4536E+00  1.3842E-01  1.0460E-02  1.5000E+03
  5.0000E+01  1.1680E+01  2.9701E+00  2.1734E+02  4.4536E+00  1.3842E-01  1.0460E-02  1.5000E+03
  5.0000E+01  1.1680E+01  2.9701E+00  2.1734E+02  4.4536E+00  1.3842E-01  1.0460E-02  1.5000E+03
  5.0000E+01  1.1680E+01  2.9701E+00  2.1734E+02  4.4536E+00  1.3842E-01  1.0460E-02  1.5000E+03
  5.0000E+01  1.1680E+01  2.9701E+00  2.1734E+02  4.4536E+00  1.3842E-01  1.0460E-02  1.5000E+03
  5.0000E+01  1.1680E+01  2.9701E+00  2.1734E+02  4.4536E+00  1.3842E-01  1.0460E-02  1.5000E+03
  5.1000E+01  1.8067E+01  2.9701E+00  2.1734E+02  4.4536E+00  1.3842E-01  1.0460E-02  1.5000E+03
  5.1000E+01  1.8067E+01  2.9701E+00  2.1734E+02  4.4536E+00  1.3842E-01  1.0460E-02  1.5000E+03
  5.1000E+01  1.8067E+01  2.9701E+00  2.1734E+02  4.4536E+00  1.3842E-01  1.0460E-02  1.5000E+03
  5.1000E+01  1.8067E+01  2.9701E+00  2.1734E+02  4.4536E+00  1.3842E-01  1.0460E-02  1.5000E+03
  5.1000E+01  1.8067E+01  2.9701E+00  2.1734E+02  4.4536E+00  1.3842E-01  1.0460E-02  1.5000E+03
  5.1000E+01  1.8067E+01  2.9701E+00  2.1734E+02  4.4536E+00  1.3842E-01  1.0460E-02  1.5000E+03
  5.2000E+01  5.1936E+00  2.9701E+00  2.1734E+02  4.4536E+00  1.3842E-01  3.5684E-02  3.0000E+02
  5.2000E+01  5.1936E+00  2.9701E+00  2.1734E+02  4.4536E+00  1.3842E-01  3.5684E-02  3.0000E+02
  5.2000E+01  5.1936E+00  2.9701E+00  2.1734E+02  4.4536E+00  1.3842E-01  3.5684E-02  3.0000E+02
  5.2000E+01  5.1936E+00  2.9701E+00  2.1734E+02  4.4536E+00  1.3842E-01  3.5684E-02  3.0000E+02
  5.2000E+01  5.1936E+00  2.9701E+00  2.1734E+02  4.4536E+00  1.3842E-01  3.5684E-02  3.0000E+02
  5.2000E+01  5.1936E+00  2.9701E+00  2.1734E+02  4.4536E+00  1.3842E-01  3.5684E-02  3.0000E+02
  5.2000E+01  5.1936E+00  2.9701E+00  2.1734E+02  4.4536E+00  1.3842E-01  3.5684E-02  3.0000E+02
  5.3000E+01  5.7513E+01  2.9701E+00  2.1734E+02  4.4536E+00  1.3842E-01  3.5684E-02  3.0000E+02
  5.3000E+01  5.7513E+01  2.9701E+00  2.1734E+02  4.4536E+00  1.3842E-01  3.5684E-02  3.0000E+02
  5.3000E+01  5.7513E+01  2.9701E+00  2.1734E+02  4.4536E+00  1.3842E-01  3.5684E-02  3.0000E+02
  5.3000E+01  5.7513E+01  2.9701E+00  2.1734E+02  4.4536E+00  1.3842E-01  3.5684E-02  3.0000E+02
  5.3000E+01  5.7513E+01  2.9701E+00  2.1734E+02  4.4536E+00  1.3842E-01  3.5684E-02  3.0000E+02
  5.3000E+01  5.7513E+01  2.9701E+00  2.1734E+02  4.4536E+00  1.3842E-01  3.5684E-02  3.0000E+02
  5.3000E+01  5.7513E+01  2.9701E+00  2.1734E+02  4.4536E+00  1.3842E-01  3.5684E-02  3.0000E+02
  5.4000E+01  2.8774E+01  2.9701E+00  2.1734E+02  4.4536E+00  1.3842E-01  3.5684E-02  3.0000E+02
  5.4000E+01  2.8774E+01  2.9701E+00  2.1734E+02  4.4536E+00  1.3842E-01  3.5684E-02  3.0000E+02
  5.4000E+01  2.8774E+01  2.9701E+00  2.1734E+02  4.4536E+00  1.3842E-01  3.5684E-02  3.0000E+02
  5.4000E+01  2.8774E+01  2.9701E+00  2.1734E+02  4.4536E+00  1.3842E-01  3.5684E-02  3.0000E+02
  5.4000E+01  2.8774E+01  2.9701E+00  2.1734E+02  4.4536E+00  1.3842E-01  3.5684E-02  3.0000E+02
  5.4000E+01  2.8774E+01  2.9701E+00  2.1734E+02  4.4536E+00  1.3842E-01  3.5684E-02  3.0000E+02
  5.4000E+01  2.8774E+01  2.9701E+00  2.1734E+02  4.4536E+00  1.3842E-01  3.5684E-02  3.0000E+02
  5.5000E+01  3.4189E+01  2.9701E+00  2.1734E+02  4.4536E+00  1.3842E-01  1.6031E-02  8.0000E+02
  5.5000E+01  3.4189E+01  2.9701E+00  2.1734E+02  4.4536E+00  1.3842E-01  1.6031E-02  8.0000E+02
  5.5000E+01  3.4189E+01  2.9701E+00  2.1734E+02  4.4536E+00  1.3842E-01  1.6031E-02  8.0000E+02
  5.5000E+01  3.4189E+01  2.9701E+00  2.1734E+02  4.4536E+00  1.3842E-01  1.6031E-02  8.0000E+02
  5.5000E+01  3.4189E+01  2.9701E+00  2.1734E+02  4.4536E+00  1.3842E-01  1.6031E-02  8.0000E+02
  5.5000E+01  3.4189E+01  2.9701E+00  2.1734E+02  4.4536E+00  1.3842E-01  1.6031E-02  8.0000E+02
  5.5000E+01  3.4189E+01  2.9701E+00  2.1734E+02  4.4536E+00  1.3842E-01  1.6031E-02  8.0000E+02
  5.6000E+01  4.4396E+01  2.9701E+00  2.1734E+02  4.4536E+00  1.3842E-01  1.6031E-02  8.0000E+02
  5.6000E+01  4.4396E+01  2.9701E+00  2.1734E+02  4.4536E+00  1.3842E-01  1.6031E-02  8.0000E+02
  5.6000E+01  4.4396E+01  2.9701E+00  2.1734E+02  4.4536E+00  1.3842E-01  1.6031E-02  8.0000E+02
  5.6000E+01  4.4396E+01  2.9701E+00  2.1734E+02  4.4536E+00  1.3842E-01  1.6031E-02  8.0000E+02
  5.6000E+01  4.4396E+01  2.9701E+00  2.1734E+02  4.4536E+00  1.3842E-01  1.6031E-02  8.0000E+02
  5.6000E+01  4.4396E+01  2.9701E+00  2.1734E+02  4.4536E+00  1.3842E-01  1.6031E-02  8.0000E+02
  5.6000E+01  4.4396E+01  2.9701E+00  2.1734E+02  4.4536E+00  1.3842E-01  1.6031E-02  8.0000E+02
  5.7000E+01  6.2185E+01  2.9701E+00  2.1734E+02  4.4536E+00  1.3842E-01  1.6031E-02  8.0000E+02
  5.7000E+01  6.2185E+01  2.9701E+00  2.1734E+02  4.4536E+00  1.3842E-01  1.6031E-02  8.0000E+02
  5.7000E+01  6.2185E+01  2.9701E+00  2.1734E+02  4.4536E+00  1.3842E-01  1.6031E-02  8.0000E+02
  5.7000E+01  6.2185E+01  2.9701E+00  2.1734E+02  4.4536E+00  1.3842E-01  1.6031E-02  8.0000E+02
  5.7000E+01  6.2185E+01  2.9701E+00  2.1734E+02  4.4536E+00  1.3842E-01  1.6031E-02  8.0000E+02
  5.7000E+01  6.2185E+01  2.9701E+00  2.1734E+02  4.4536E+00  1.3842E-01  1.6031E-02  8.0000E+02
  5.8000E+01  3.0757E+01  2.9701E+00  2.1734E+02  4.4536E+00  1.3842E-01  1.0460E-02  1.5000E+03
  5.8000E+01  3.0757E+01  2.9701E+00  2.1734E+02  4.4536E+00  1.3842E-01  1.0460E-02  1.5000E+03
  5.8000E+01  3.0757E+01  2.9701E+00  2.1734E+02  4.4536E+00  1.3842E-01  1.0460E-02  1.5000E+03
  5.8000E+01  3.0757E+01  2.9701E+00  2.1734E+02  4.4536E+00  1.3842E-01  1.0460E-02  1.5000E+03
  5.8000E+01  3.0757E+01  2.9701E+00  2.1734E+02  4.4536E+00  1.3842E-01  1.0460E-02  1.5000E+03
  5.8000E+01  3.0757E+01  2.9701E+00  2.1734E+02  4.4536E+00  1.3842E-01  1.0460E-02  1.5000E+03
  5.8000E+01  3.0757E+01  2.9701E+00  2.1734E+02  4.4536E+00  1.3842E-01  1.0460E-02  1.5000E+03
  5.9000E+01  6.5268E+00  2.9701E+00  2.1734E+02  4.4536E+00  1.3842E-01  1.0460E-02  1.5000E+03
  5.9000E+01  6.5268E+00  2.9701E+00  2.1734E+02  4.4536E+00  1.3842E-01  1.0460E-02  1.5000E+03
  5.9000E+01  6.5268E+00  2.9701E+00  2.1734E+02  4.4536E+00  1.3842E-01  1.0460E-02  1.5000E+03
  5.9000E+01  6.5268E+00  2.9701E+00  2.1734E+02  4.4536E+00  1.3842E-01  1.0460E-02  1.5000E+03
  5.9000E+01  6.5268E+00  2.9701E+00  2.1734E+02  4.4536E+00  1.3842E-01  1.0460E-02  1.5000E+03
  5.9000E+01  6.5268E+00  2.9701E+00  2.1734E+02  4.4536E+00  1.3842E-01  1.0460E-02  1.5000E+03
  5.9000E+01  6.5268E+00  2.9701E+00  2.1734E+02  4.4536E+00  1.3842E-01  1.0460E-02  1.5000E+03
  6.0000E+01  2.6164E+01  2.9701E+00  2.1734E+02  4.4536E+00  1.3842E-01  1.0460E-02  1.5000E+03
  6.0000E+01  2.6164E+01  2.9701E+00  2.1734E+02  4.4536E+00  1.3842E-01  1.0460E-02  1.5000E+03
  6.0000E+01  2.6164E+01  2.9701E+00  2.1734E+02  4.4536E+00  1.3842E-01  1.0460E-02  1.5000E+03
  6.0000E+01  2.6164E+01  2.9701E+00  2.1734E+02  4.4536E+00  1.3842E-01  1.0460E-02  1.5000E+03
  6.0000E+01  2.6164E+01  2.9701E+00  2.1734E+02  4.4536E+00  1.3842E-01  1.0460E-02  1.5000E+03
  6.0000E+01  2.6164E+01  2.9701E+00  2.1734E+02  4.4536E+00  1.3842E-01  1.0460E-02  1.5000E+03
  6.0000E+01  2.6164E+01  2.9701E+00  2.1734E+02  4.4536E+00  1.3842E-01  1.0460E-02  1.5000E+03
  6.1000E+01  1.8647E+01  2.9701E+00  2.1734E+02  4.4536E+00  1.3842E-01  3.5684E-02  3.0000E+02
  6.1000E+01  1.8647E+01  2.9701E+00  2.1734E+02  4.4536E+00  1.3842E-01  3.5684E-02  3.0000E+02
  6.1000E+01  1.8647E+01  2.9701E+00  2.1734E+02  4.4536E+00  1.3842E-01  3.5684E-02  3.0000E+02
  6.1000E+01  1.8647E+01  2.9701E+00  2.1734E+02  4.4536E+00  1.3842E-01  3.5684E-02  3.0000E+02
  6.1000E+01  1.8647E+01  2.9701E+00  2.1734E+02  4.4536E+00  1.3842E-01  3.5684E-02  3.0000E+02
  6.1000E+01  1.8647E+01  2.9701E+00  2.1734E+02  4.4536E+00  1.3842E-01  3.5684E-02  3.0000E+02
  6.2000E+01  4.6091E+01  2.9701E+00  2.1734E+02  4.4536E+00  1.3842E-01  3.5684E-02  3.0000E+02
  6.2000E+01  4.6091E+01  2.9701E+00  2.1734E+02  4.4536E+00  1.3842E-01  3.5684E-02  3.0000E+02
  6.2000E+01  4.6091E+01  2.9701E+00  2.1734E+02  4.4536E+00  1.3842E-01  3.5684E-02  3.0000E+02
  6.2000E+01  4.6091E+01  2.9701E+00  2.1734E+02  4.4536E+00  1.3842E-01  3.5684E-02  3.0000E+02
  6.2000E+01  4.6091E+01  2.9701E+00  2.1734E+02  4.4536E+00  1.3842E-01  3.5684E-02  3.0000E+02
  6.2000E+01  4.6091E+01  2.9701E+00  2.1734E+02  4.4536E+00  1.3842E-01  3.5684E-02  3.0000E+02
  6.3000E+01  1.6119E+01  2.9701E+00  2.1734E+02  4.4536E+00  1.3842E-01  3.5684E-02  3.0000E+02
  6.3000E+01  1.6119E+01  2.9701E+00  2.1734E+02  4.4536E+00  1.3842E-01  3.5684E-02  3.0000E+02
  6.3000E+01  1.6119E+01  2.9701E+00  2.1734E+02  4.4536E+00  1.3842E-01  3.5684E-02  3.0000E+02
  6.3000E+01  1.6119E+01  2.9701E+00  2.1734E+02  4.4536E+00  1.3842E-01  3.5684E-02  3.0000E+02
  6.3000E+01  1.6119E+01  2.9701E+00  2.1734E+02  4.4536E+00  1.3842E-01  3.5684E-02  3.0000E+02
  6.3000E+01  1.6119E+01  2.9701E+00  2.1734E+02  4.4536E+00  1.3842E-01  3.5684E-02  3.0000E+02
  6.4000E+01  9.5320E+00  2.9701E+00  2.1734E+02  4.4536E+00  1.3842E-01  1.6031E-02  8.0000E+02
  6.4000E+01  9.5320E+00  2.9701E+00  2.1734E+02  4.4536E+00  1.3842E-01  1.6031E-02  8.0000E+02
  6.4000E+01  9.5320E+00  2.9701E+00  2.1734E+02  4.4536E+00  1.3842E-01  1.6031E-02  8.0000E+02
  6.4000E+01  9.5320E+00  2.9701E+00  2.1734E+02  4.4536E+00  1.3842E-01  1.6031E-02  8.0000E+02
  6.4000E+01  9.5320E+00  2.9701E+00  2.1734E+02  4.4536E+00  1.3842E-01  1.6031E-02  8.0000E+02
  6.4000E+01  9.5320E+00  2.9701E+00  2.1734E+02  4.4536E+00  1.3842E-01  1.6031E-02  8.0000E+02
  6.5000E+01  1.7027E+01  2.9701E+00  2.1734E+02  4.4536E+00  1.3842E-01  1.6031E-02  8.0000E+02
  6.5000E+01  1.7027E+01  2.9701E+00  2.1734E+02  4.4536E+00  1.3842E-01  1.6031E-02  8.0000E+02
  6.5000E+01  1.7027E+01  2.9701E+00  2.1734E+02  4.4536E+00  1.3842E-01  1.6031E-02  8.0000E+02
  6.5000E+01  1.7027E+01  2.9701E+00  2.1734E+02  4.4536E+00  1.3842E-01  1.6031E-02  8.0000E+02
  6.5000E+01  1.7027E+01  2.9701E+00  2.1734E+02  4.4536E+00  1.3842E-01  1.6031E-02  8.0000E+02
  6.5000E+01  1.7027E+01  2.9701E+00  2.1734E+02  4.4536E+00  1.3842E-01  1.6031E-02  8.0000E+02
  6.6000E+01  2.0555E+01  2.9701E+00  2.1734E+02  4.4536E+00  1.3842E-01  1.6031E-02  8.0000E+02
  6.6000E+01  2.0555E+01  2.9701E+00  2.1734E+02  4.4536E+00  1.3842E-01  1.6031E-02  8.0000E+02
  6.6000E+01  2.0555E+01  2.9701E+00  2.1734E+02  4.4536E+00  1.3842E-01  1.6031E-02  8.0000E+02
  6.6000E+01  2.0555E+01  2.9701E+00  2.1734E+02  4.4536E+00  1.3842E-01  1.6031E-02  8.0000E+02
  6.6000E+01  2.0555E+01  2.9701E+00  2.1734E+02  4.4536E+00  1.3842E-01  1.6031E-02  8.0000E+02
  6.6000E+01  2.0555E+01  2.9701E+00  2.1734E+02  4.4536E+00  1.3842E-01  1.6031E-02  8.0000E+02
  6.7000E+01  1.5268E+01  2.9701E+00  2.1734E+02  4.4536E+00  1.3842E-01  1.0460E-02  1.5000E+03
  6.7000E+01  1.5268E+01  2.9701E+00  2.1734E+02  4.4536E+00  1.3842E-01  1.0460E-02  1.5000E+03
  6.7000E+01  1.5268E+01  2.9701E+00  2.1734E+02  4.4536E+00  1.3842E-01  1.0460E-02  1.5000E+03
  6.7000E+01  1.5268E+01  2.9701E+00  2.1734E+02  4.4536E+00  1.3842E-01  1.0460E-02  1.5000E+03
  6.7000E+01  1.5268E+01  2.9701E+00  2.1734E+02  4.4536E+00  1.3842E-01  1.0460E-02  1.5000E+03
  6.7000E+01  1.5268E+01  2.9701E+00  2.1734E+02  4.4536E+00  1.3842E-01  1.0460E-02  1.5000E+03
  6.8000E+01  1.9834E+01  2.9701E+00  2.1734E+02  4.4536E+00  1.3842E-01  1.0460E-02  1.5000E+03
  6.8000E+01  1.9834E+01  2.9701E+00  2.1734E+02  4.4536E+00  1.3842E-01  1.0460E-02  1.5000E+03
  6.8000E+01  1.9834E+01  2.9701E+00  2.1734E+02  4.4536E+00  1.3842E-01  1.0460E-02  1.5000E+03
  6.8000E+01  1.9834E+01  2.9701E+00  2.1734E+02  4.4536E+00  1.3842E-01  1.0460E-02  1.5000E+03
  6.8000E+01  1.9834E+01  2.9701E+00  2.1734E+02  4.4536E+00  1.3842E-01  1.0460E-02  1.5000E+03
  6.8000E+01  1.9834E+01  2.9701E+00  2.1734E+02  4.4536E+00  1.3842E-01  1.0460E-02  1.5000E+03
  6.9000E+01  1.0345E+01  2.9701E+00  2.1734E+02  4.4536E+00  1.3842E-01  1.0460E-02  1.5000E+03
  6.9000E+01  1.0345E+01  2.9701E+00  2.1734E+02  4.4536E+00  1.3842E-01  1.0460E-02  1.5000E+03
  6.9000E+01  1.0345E+01  2.9701E+00  2.1734E+02  4.4536E+00  1.3842E-01  1.0460E-02  1.5000E+03
  6.9000E+01  1.0345E+01  2.9701E+00  2.1734E+02  4.4536E+00  1.3842E-01  1.0460E-02  1.5000E+03
  6.9000E+01  1.0345E+01  2.9701E+00  2.1734E+02  4.4536E+00  1.3842E-01  1.0460E-02  1.5000E+03
  6.9000E+01  1.0345E+01  2.9701E+00  2.1734E+02  4.4536E+00  1.3842E-01  1.0460E-02  1.5000E+03
  7.0000E+01  5.1470E+01  2.9701E+00  2.1734E+02  4.4536E+00  1.3842E-01  3.5684E-02  3.0000E+02
  7.0000E+01  5.1470E+01  2.9701E+00  2.1734E+02  4.4536E+00  1.3842E-01  3.5684E-02  3.0000E+02
  7.0000E+01  5.1470E+01  2.9701E+00  2.1734E+02  4.4536E+00  1.3842E-01  3.5684E-02  3.0000E+02
  7.0000E+01  5.1470E+01  2.9701E+00  2.1734E+02  4.4536E+00  1.3842E-01  3.5684E-02  3.0000E+02
  7.0000E+01  5.1470E+01  2.9701E+00  2.1734E+02  4.4536E+00  1.3842E-01  3.5684E-02  3.0000E+02
  7.0000E+01  5.1470E+01  2.9701E+00  2.1734E+02  4.4536E+00  1.3842E-01  3.5684E-02  3.0000E+02
  7.1000E+01  1.8446E+01  2.9701E+00  2.1734E+02  4.4536E+00  1.3842E-01  3.5684E-02  3.0000E+02
  7.1000E+01  1.8446E+01  2.9701E+00  2.1734E+02  4.4536E+00  1.3842E-01  3.5684E-02  3.0000E+02
  7.1000E+01  1.8446E+01  2.9701E+00  2.1734E+02  4.4536E+00  1.3842E-01  3.5684E-02  3.0000E+02
  7.1000E+01  1.8446E+01  2.9701E+00  2.1734E+02  4.4536E+00  1.3842E-01  3.5684E-02  3.0000E+02
  7.1000E+01  1.8446E+01  2.9701E+00  2.1734E+02  4.4536E+00  1.3842E-01  3.5684E-02  3.0000E+02
  7.1000E+01  1.8446E+01  2.9701E+00  2.1734E+02  4.4536E+00  1.3842E-01  3.5684E-02  3.0000E+02
  7.2000E+01  4.4928E+01  2.9701E+00  2.1734E+02  4.4536E+00  1.3842E-01  3.5684E-02  3.0000E+02
  7.2000E+01  4.4928E+01  2.9701E+00  2.1734E+02  4.4536E+00  1.3842E-01  3.5684E-02  3.0000E+02
  7.2000E+01  4.4928E+01  2.9701E+00  2.1734E+02  4.4536E+00  1.3842E-01  3.5684E-02  3.0000E+02
  7.2000E+01  4.4928E+01  2.9701E+00  2.1734E+02  4.4536E+00  1.3842E-01  3.5684E-02  3.0000E+02
  7.2000E+01  4.4928E+01  2.9701E+00  2.1734E+02  4.4536E+00  1.3842E-01  3.5684E-02  3.0000E+02
  7.2000E+01  4.4928E+01  2.9701E+00  2.1734E+02  4.4536E+00  1.3842E-01  3.5684E-02  3.0000E+02
  7.3000E+01  5.4690E+00  2.9701E+00  2.1734E+02  4.4536E+00  1.3842E-01  1.6031E-02  8.0000E+02
  7.3000E+01  5.4690E+00  2.9701E+00  2.1734E+02  4.4536E+00  1.3842E-01  1.6031E-02  8.0000E+02
  7.3000E+01  5.4690E+00  2.9701E+00  2.1734E+02  4.4536E+00  1.3842E-01  1.6031E-02  8.0000E+02
  7.3000E+01  5.4690E+00  2.9701E+00  2.1734E+02  4.4536E+00  1.3842E-01  1.6031E-02  8.0000E+02
  7.3000E+01  5.4690E+00  2.9701E+00  2.1734E+02  4.4536E+00  1.3842E-01  1.6031E-02  8.0000E+02
  7.3000E+01  5.4690E+00  2.9701E+00  2.1734E+02  4.4536E+00  1.3842E-01  1.6031E-02  8.0000E+02
  7.4000E+01  2.9881E+01  2.9701E+00  2.1734E+02  4.4536E+00  1.3842E-01  1.6031E-02  8.0000E+02
  7.4000E+01  2.9881E+01  2.9701E+00  2.1734E+02  4.4536E+00  1.3842E-01  1.6031E-02  8.0000E+02
  7.4000E+01  2.9881E+01  2.9701E+00  2.1734E+02  4.4536E+00  1.3842E-01  1.6031E-02  8.0000E+02
  7.4000E+01  2.9881E+01  2.9701E+00  2.1734E+02  4.4536E+00  1.3842E-01  1.6031E-02  8.0000E+02
  7.4000E+01  2.9881E+01  2.9701E+00  2.1734E+02  4.4536E+00  1.3842E-01  1.6031E-02  8.0000E+02
  7.4000E+01  2.9881E+01  2.9701E+00  2.1734E+02  4.4536E+00  1.3842E-01  1.6031E-02  8.0000E+02
  7.5000E+01  4.6323E+01  2.9701E+00  2.1734E+02  4.4536E+00  1.3842E-01  1.6031E-02  8.0000E+02
  7.5000E+01  4.6323E+01  2.9701E+00  2.1734E+02  4.4536E+00  1.3842E-01  1.6031E-02  8.0000E+02
  7.5000E+01  4.6323E+01  2.9701E+00  2.1734E+02  4.4536E+00  1.3842E-01  1.6031E-02  8.0000E+02
  7.5000E+01  4.6323E+01  2.9701E+00  2.1734E+02  4.4536E+00  1.3842E-01  1.6031E-02  8.0000E+02
  7.5000E+01  4.6323E+01  2.9701E+00  2.1734E+02  4.4536E+00  1.3842E-01  1.6031E-02  8.0000E+02
  7.5000E+01  4.6323E+01  2.9701E+00  2.1734E+02  4.4536E+00  1.3842E-01  1.6031E-02  8.0000E+02
  7.6000E+01  4.6357E+01  2.9701E+00  2.1734E+02  4.4536E+00  1.3842E-01  1.0460E-02  1.5000E+03
  7.6000E+01  4.6357E+01  2.9701E+00  2.1734E+02  4.4536E+00  1.3842E-01  1.0460E-02  1.5000E+03
  7.6000E+01  4.6357E+01  2.9701E+00  2.1734E+02  4.4536E+00  1.3842E-01  1.0460E-02  1.5000E+03
  7.6000E+01  4.6357E+01  2.9701E+00  2.1734E+02  4.4536E+00  1.3842E-01  1.0460E-02  1.5000E+03
  7.6000E+01  4.6357E+01  2.9701E+00  2.1734E+02  4.4536E+00  1.3842E-01  1.0460E-02  1.5000E+03
  7.6000E+01  4.6357E+01  2.9701E+00  2.1734E+02  4.4536E+00  1.3842E-01  1.0460E-02  1.5000E+03
  7.7000E+01  2.0044E+01  2.9701E+00  2.1734E+02  4.4536E+00  1.3842E-01  1.0460E-02  1.5000E+03
  7.7000E+01  2.0044E+01  2.9701E+00  2.1734E+02  4.4536E+00  1.3842E-01  1.0460E-02  1.5000E+03
  7.7000E+01  2.0044E+01  2.9701E+00  2.1734E+02  4.4536E+00  1.3842E-01  1.0460E-02  1.5000E+03
  7.7000E+01  2.0044E+01  2.9701E+00  2.1734E+02  4.4536E+00  1.3842E-01  1.0460E-02  1.5000E+03
  7.7000E+01  2.0044E+01  2.9701E+00  2.1734E+02  4.4536E+00  1.3842E-01  1.0460E-02  1.5000E+03
  7.7000E+01  2.0044E+01  2.9701E+00  2.1734E+02  4.4536E+00  1.3842E-01  1.0460E-02  1.5000E+03
  7.8000E+01  3.4765E+01  2.9701E+00  2.1734E+02  4.4536E+00  1.3842E-01  1.0460E-02  1.5000E+03
  7.8000E+01  3.4765E+01  2.9701E+00  2.1734E+02  4.4536E+00  1.3842E-01  1.0460E-02  1.5000E+03
  7.8000E+01  3.4765E+01  2.9701E+00  2.1734E+02  4.4536E+00  1.3842E-01  1.0460E-02  1.5000E+03
  7.8000E+01  3.4765E+01  2.9701E+00  2.1734E+02  4.4536E+00  1.3842E-01  1.0460E-02  1.5000E+03
  7.8000E+01  3.4765E+01  2.9701E+00  2.1734E+02  4.4536E+00  1.3842E-01  1.0460E-02  1.5000E+03
  7.8000E+01  3.4765E+01  2.9701E+00  2.1734E+02  4.4536E+00  1.3842E-01  1.0460E-02  1.5000E+03
