TABLE NO.  2
 ID          CL          V2          V3          Q           KA          F1          DOSE
  1.0000E+00  4.8943E+00  2.9304E+00  1.5425E+00  1.9522E+02  5.8674E-01  5.8842E-01  1.0000E+01
  1.0000E+00  4.8943E+00  2.9304E+00  1.5425E+00  1.9522E+02  5.8674E-01  5.8842E-01  1.0000E+01
  1.0000E+00  4.8943E+00  2.9304E+00  1.5425E+00  1.9522E+02  5.8674E-01  5.8842E-01  1.0000E+01
  1.0000E+00  4.8943E+00  2.9304E+00  1.5425E+00  1.9522E+02  5.8674E-01  5.8842E-01  1.0000E+01
  1.0000E+00  4.8943E+00  2.9304E+00  1.5425E+00  1.9522E+02  5.8674E-01  5.8842E-01  1.0000E+01
  1.0000E+00  4.8943E+00  2.9304E+00  1.5425E+00  1.9522E+02  5.8674E-01  5.8842E-01  1.0000E+01
  1.0000E+00  4.8943E+00  2.9304E+00  1.5425E+00  1.9522E+02  5.8674E-01  5.8842E-01  1.0000E+01
  1.0000E+00  4.8943E+00  2.9304E+00  1.5425E+00  1.9522E+02  5.8674E-01  5.8842E-01  1.0000E+01
  1.0000E+00  4.8943E+00  2.9304E+00  1.5425E+00  1.9522E+02  5.8674E-01  5.8842E-01  1.0000E+01
  1.0000E+00  4.8943E+00  2.9304E+00  1.5425E+00  1.9522E+02  5.8674E-01  5.8842E-01  1.0000E+01
  1.0000E+00  4.8943E+00  2.9304E+00  1.5425E+00  1.9522E+02  5.8674E-01  5.8842E-01  1.0000E+01
  1.0000E+00  4.8943E+00  2.9304E+00  1.5425E+00  1.9522E+02  5.8674E-01  5.8842E-01  1.0000E+01
  2.0000E+00  6.8320E+00  2.9304E+00  3.7634E+00  1.9522E+02  5.8674E-01  5.8842E-01  1.0000E+01
  2.0000E+00  6.8320E+00  2.9304E+00  3.7634E+00  1.9522E+02  5.8674E-01  5.8842E-01  1.0000E+01
  2.0000E+00  6.8320E+00  2.9304E+00  3.7634E+00  1.9522E+02  5.8674E-01  5.8842E-01  1.0000E+01
  2.0000E+00  6.8320E+00  2.9304E+00  3.7634E+00  1.9522E+02  5.8674E-01  5.8842E-01  1.0000E+01
  2.0000E+00  6.8320E+00  2.9304E+00  3.7634E+00  1.9522E+02  5.8674E-01  5.8842E-01  1.0000E+01
  2.0000E+00  6.8320E+00  2.9304E+00  3.7634E+00  1.9522E+02  5.8674E-01  5.8842E-01  1.0000E+01
  2.0000E+00  6.8320E+00  2.9304E+00  3.7634E+00  1.9522E+02  5.8674E-01  5.8842E-01  1.0000E+01
  2.0000E+00  6.8320E+00  2.9304E+00  3.7634E+00  1.9522E+02  5.8674E-01  5.8842E-01  1.0000E+01
  2.0000E+00  6.8320E+00  2.9304E+00  3.7634E+00  1.9522E+02  5.8674E-01  5.8842E-01  1.0000E+01
  2.0000E+00  6.8320E+00  2.9304E+00  3.7634E+00  1.9522E+02  5.8674E-01  5.8842E-01  1.0000E+01
  2.0000E+00  6.8320E+00  2.9304E+00  3.7634E+00  1.9522E+02  5.8674E-01  5.8842E-01  1.0000E+01
  2.0000E+00  6.8320E+00  2.9304E+00  3.7634E+00  1.9522E+02  5.8674E-01  5.8842E-01  1.0000E+01
  3.0000E+00  8.6623E+00  2.9304E+00  5.0548E+00  1.9522E+02  5.8674E-01  5.8842E-01  1.0000E+01
  3.0000E+00  8.6623E+00  2.9304E+00  5.0548E+00  1.9522E+02  5.8674E-01  5.8842E-01  1.0000E+01
  3.0000E+00  8.6623E+00  2.9304E+00  5.0548E+00  1.9522E+02  5.8674E-01  5.8842E-01  1.0000E+01
  3.0000E+00  8.6623E+00  2.9304E+00  5.0548E+00  1.9522E+02  5.8674E-01  5.8842E-01  1.0000E+01
  3.0000E+00  8.6623E+00  2.9304E+00  5.0548E+00  1.9522E+02  5.8674E-01  5.8842E-01  1.0000E+01
  3.0000E+00  8.6623E+00  2.9304E+00  5.0548E+00  1.9522E+02  5.8674E-01  5.8842E-01  1.0000E+01
  3.0000E+00  8.6623E+00  2.9304E+00  5.0548E+00  1.9522E+02  5.8674E-01  5.8842E-01  1.0000E+01
  3.0000E+00  8.6623E+00  2.9304E+00  5.0548E+00  1.9522E+02  5.8674E-01  5.8842E-01  1.0000E+01
  3.0000E+00  8.6623E+00  2.9304E+00  5.0548E+00  1.9522E+02  5.8674E-01  5.8842E-01  1.0000E+01
  3.0000E+00  8.6623E+00  2.9304E+00  5.0548E+00  1.9522E+02  5.8674E-01  5.8842E-01  1.0000E+01
  3.0000E+00  8.6623E+00  2.9304E+00  5.0548E+00  1.9522E+02  5.8674E-01  5.8842E-01  1.0000E+01
  3.0000E+00  8.6623E+00  2.9304E+00  5.0548E+00  1.9522E+02  5.8674E-01  5.8842E-01  1.0000E+01
  4.0000E+00  6.5099E+01  2.9304E+00  1.7813E+01  1.9522E+02  5.8674E-01  5.8842E-01  1.0000E+01
  4.0000E+00  6.5099E+01  2.9304E+00  1.7813E+01  1.9522E+02  5.8674E-01  5.8842E-01  1.0000E+01
  4.0000E+00  6.5099E+01  2.9304E+00  1.7813E+01  1.9522E+02  5.8674E-01  5.8842E-01  1.0000E+01
  4.0000E+00  6.5099E+01  2.9304E+00  1.7813E+01  1.9522E+02  5.8674E-01  5.8842E-01  1.0000E+01
  4.0000E+00  6.5099E+01  2.9304E+00  1.7813E+01  1.9522E+02  5.8674E-01  5.8842E-01  1.0000E+01
  4.0000E+00  6.5099E+01  2.9304E+00  1.7813E+01  1.9522E+02  5.8674E-01  5.8842E-01  1.0000E+01
  4.0000E+00  6.5099E+01  2.9304E+00  1.7813E+01  1.9522E+02  5.8674E-01  5.8842E-01  1.0000E+01
  4.0000E+00  6.5099E+01  2.9304E+00  1.7813E+01  1.9522E+02  5.8674E-01  5.8842E-01  1.0000E+01
  4.0000E+00  6.5099E+01  2.9304E+00  1.7813E+01  1.9522E+02  5.8674E-01  5.8842E-01  1.0000E+01
  4.0000E+00  6.5099E+01  2.9304E+00  1.7813E+01  1.9522E+02  5.8674E-01  5.8842E-01  1.0000E+01
  4.0000E+00  6.5099E+01  2.9304E+00  1.7813E+01  1.9522E+02  5.8674E-01  5.8842E-01  1.0000E+01
  4.0000E+00  6.5099E+01  2.9304E+00  1.7813E+01  1.9522E+02  5.8674E-01  5.8842E-01  1.0000E+01
  4.0000E+00  6.5099E+01  2.9304E+00  1.7813E+01  1.9522E+02  5.8674E-01  5.8842E-01  1.0000E+01
  5.0000E+00  8.0222E+01  2.9304E+00  2.2628E+01  1.9522E+02  5.8674E-01  5.8842E-01  1.0000E+01
  5.0000E+00  8.0222E+01  2.9304E+00  2.2628E+01  1.9522E+02  5.8674E-01  5.8842E-01  1.0000E+01
  5.0000E+00  8.0222E+01  2.9304E+00  2.2628E+01  1.9522E+02  5.8674E-01  5.8842E-01  1.0000E+01
  5.0000E+00  8.0222E+01  2.9304E+00  2.2628E+01  1.9522E+02  5.8674E-01  5.8842E-01  1.0000E+01
  5.0000E+00  8.0222E+01  2.9304E+00  2.2628E+01  1.9522E+02  5.8674E-01  5.8842E-01  1.0000E+01
  5.0000E+00  8.0222E+01  2.9304E+00  2.2628E+01  1.9522E+02  5.8674E-01  5.8842E-01  1.0000E+01
  5.0000E+00  8.0222E+01  2.9304E+00  2.2628E+01  1.9522E+02  5.8674E-01  5.8842E-01  1.0000E+01
  5.0000E+00  8.0222E+01  2.9304E+00  2.2628E+01  1.9522E+02  5.8674E-01  5.8842E-01  1.0000E+01
  5.0000E+00  8.0222E+01  2.9304E+00  2.2628E+01  1.9522E+02  5.8674E-01  5.8842E-01  1.0000E+01
  5.0000E+00  8.0222E+01  2.9304E+00  2.2628E+01  1.9522E+02  5.8674E-01  5.8842E-01  1.0000E+01
  5.0000E+00  8.0222E+01  2.9304E+00  2.2628E+01  1.9522E+02  5.8674E-01  5.8842E-01  1.0000E+01
  5.0000E+00  8.0222E+01  2.9304E+00  2.2628E+01  1.9522E+02  5.8674E-01  5.8842E-01  1.0000E+01
  5.0000E+00  8.0222E+01  2.9304E+00  2.2628E+01  1.9522E+02  5.8674E-01  5.8842E-01  1.0000E+01
  6.0000E+00  1.0636E+01  2.9304E+00  6.5785E+02  1.9522E+02  5.8674E-01  5.8842E-01  1.0000E+01
  6.0000E+00  1.0636E+01  2.9304E+00  6.5785E+02  1.9522E+02  5.8674E-01  5.8842E-01  1.0000E+01
  6.0000E+00  1.0636E+01  2.9304E+00  6.5785E+02  1.9522E+02  5.8674E-01  5.8842E-01  1.0000E+01
  6.0000E+00  1.0636E+01  2.9304E+00  6.5785E+02  1.9522E+02  5.8674E-01  5.8842E-01  1.0000E+01
  6.0000E+00  1.0636E+01  2.9304E+00  6.5785E+02  1.9522E+02  5.8674E-01  5.8842E-01  1.0000E+01
  6.0000E+00  1.0636E+01  2.9304E+00  6.5785E+02  1.9522E+02  5.8674E-01  5.8842E-01  1.0000E+01
  6.0000E+00  1.0636E+01  2.9304E+00  6.5785E+02  1.9522E+02  5.8674E-01  5.8842E-01  1.0000E+01
  6.0000E+00  1.0636E+01  2.9304E+00  6.5785E+02  1.9522E+02  5.8674E-01  5.8842E-01  1.0000E+01
  6.0000E+00  1.0636E+01  2.9304E+00  6.5785E+02  1.9522E+02  5.8674E-01  5.8842E-01  1.0000E+01
  6.0000E+00  1.0636E+01  2.9304E+00  6.5785E+02  1.9522E+02  5.8674E-01  5.8842E-01  1.0000E+01
  6.0000E+00  1.0636E+01  2.9304E+00  6.5785E+02  1.9522E+02  5.8674E-01  5.8842E-01  1.0000E+01
  6.0000E+00  1.0636E+01  2.9304E+00  6.5785E+02  1.9522E+02  5.8674E-01  5.8842E-01  1.0000E+01
  6.0000E+00  1.0636E+01  2.9304E+00  6.5785E+02  1.9522E+02  5.8674E-01  5.8842E-01  1.0000E+01
  7.0000E+00  1.0953E+02  2.9304E+00  4.6074E+02  1.9522E+02  5.8674E-01  1.1215E-01  1.2500E+02
  7.0000E+00  1.0953E+02  2.9304E+00  4.6074E+02  1.9522E+02  5.8674E-01  1.1215E-01  1.2500E+02
  7.0000E+00  1.0953E+02  2.9304E+00  4.6074E+02  1.9522E+02  5.8674E-01  1.1215E-01  1.2500E+02
  7.0000E+00  1.0953E+02  2.9304E+00  4.6074E+02  1.9522E+02  5.8674E-01  1.1215E-01  1.2500E+02
  7.0000E+00  1.0953E+02  2.9304E+00  4.6074E+02  1.9522E+02  5.8674E-01  1.1215E-01  1.2500E+02
  7.0000E+00  1.0953E+02  2.9304E+00  4.6074E+02  1.9522E+02  5.8674E-01  1.1215E-01  1.2500E+02
  7.0000E+00  1.0953E+02  2.9304E+00  4.6074E+02  1.9522E+02  5.8674E-01  1.1215E-01  1.2500E+02
  7.0000E+00  1.0953E+02  2.9304E+00  4.6074E+02  1.9522E+02  5.8674E-01  1.1215E-01  1.2500E+02
  8.0000E+00  1.4629E+02  2.9304E+00  6.9476E+02  1.9522E+02  5.8674E-01  1.1215E-01  1.2500E+02
  8.0000E+00  1.4629E+02  2.9304E+00  6.9476E+02  1.9522E+02  5.8674E-01  1.1215E-01  1.2500E+02
  8.0000E+00  1.4629E+02  2.9304E+00  6.9476E+02  1.9522E+02  5.8674E-01  1.1215E-01  1.2500E+02
  8.0000E+00  1.4629E+02  2.9304E+00  6.9476E+02  1.9522E+02  5.8674E-01  1.1215E-01  1.2500E+02
  8.0000E+00  1.4629E+02  2.9304E+00  6.9476E+02  1.9522E+02  5.8674E-01  1.1215E-01  1.2500E+02
  8.0000E+00  1.4629E+02  2.9304E+00  6.9476E+02  1.9522E+02  5.8674E-01  1.1215E-01  1.2500E+02
  8.0000E+00  1.4629E+02  2.9304E+00  6.9476E+02  1.9522E+02  5.8674E-01  1.1215E-01  1.2500E+02
  8.0000E+00  1.4629E+02  2.9304E+00  6.9476E+02  1.9522E+02  5.8674E-01  1.1215E-01  1.2500E+02
  9.0000E+00  9.2065E+01  2.9304E+00  5.9525E+02  1.9522E+02  5.8674E-01  1.1215E-01  1.2500E+02
  9.0000E+00  9.2065E+01  2.9304E+00  5.9525E+02  1.9522E+02  5.8674E-01  1.1215E-01  1.2500E+02
  9.0000E+00  9.2065E+01  2.9304E+00  5.9525E+02  1.9522E+02  5.8674E-01  1.1215E-01  1.2500E+02
  9.0000E+00  9.2065E+01  2.9304E+00  5.9525E+02  1.9522E+02  5.8674E-01  1.1215E-01  1.2500E+02
  9.0000E+00  9.2065E+01  2.9304E+00  5.9525E+02  1.9522E+02  5.8674E-01  1.1215E-01  1.2500E+02
  9.0000E+00  9.2065E+01  2.9304E+00  5.9525E+02  1.9522E+02  5.8674E-01  1.1215E-01  1.2500E+02
  9.0000E+00  9.2065E+01  2.9304E+00  5.9525E+02  1.9522E+02  5.8674E-01  1.1215E-01  1.2500E+02
  9.0000E+00  9.2065E+01  2.9304E+00  5.9525E+02  1.9522E+02  5.8674E-01  1.1215E-01  1.2500E+02
  1.0000E+01  3.0411E+01  2.9304E+00  1.8278E+02  1.9522E+02  5.8674E-01  6.3641E-02  2.5000E+02
  1.0000E+01  3.0411E+01  2.9304E+00  1.8278E+02  1.9522E+02  5.8674E-01  6.3641E-02  2.5000E+02
  1.0000E+01  3.0411E+01  2.9304E+00  1.8278E+02  1.9522E+02  5.8674E-01  6.3641E-02  2.5000E+02
  1.0000E+01  3.0411E+01  2.9304E+00  1.8278E+02  1.9522E+02  5.8674E-01  6.3641E-02  2.5000E+02
  1.0000E+01  3.0411E+01  2.9304E+00  1.8278E+02  1.9522E+02  5.8674E-01  6.3641E-02  2.5000E+02
  1.0000E+01  3.0411E+01  2.9304E+00  1.8278E+02  1.9522E+02  5.8674E-01  6.3641E-02  2.5000E+02
  1.0000E+01  3.0411E+01  2.9304E+00  1.8278E+02  1.9522E+02  5.8674E-01  6.3641E-02  2.5000E+02
  1.0000E+01  3.0411E+01  2.9304E+00  1.8278E+02  1.9522E+02  5.8674E-01  6.3641E-02  2.5000E+02
  1.1000E+01  1.0478E+02  2.9304E+00  4.2244E+02  1.9522E+02  5.8674E-01  6.3641E-02  2.5000E+02
  1.1000E+01  1.0478E+02  2.9304E+00  4.2244E+02  1.9522E+02  5.8674E-01  6.3641E-02  2.5000E+02
  1.1000E+01  1.0478E+02  2.9304E+00  4.2244E+02  1.9522E+02  5.8674E-01  6.3641E-02  2.5000E+02
  1.1000E+01  1.0478E+02  2.9304E+00  4.2244E+02  1.9522E+02  5.8674E-01  6.3641E-02  2.5000E+02
  1.1000E+01  1.0478E+02  2.9304E+00  4.2244E+02  1.9522E+02  5.8674E-01  6.3641E-02  2.5000E+02
  1.1000E+01  1.0478E+02  2.9304E+00  4.2244E+02  1.9522E+02  5.8674E-01  6.3641E-02  2.5000E+02
  1.1000E+01  1.0478E+02  2.9304E+00  4.2244E+02  1.9522E+02  5.8674E-01  6.3641E-02  2.5000E+02
  1.1000E+01  1.0478E+02  2.9304E+00  4.2244E+02  1.9522E+02  5.8674E-01  6.3641E-02  2.5000E+02
  1.2000E+01  1.1674E+02  2.9304E+00  7.6935E+02  1.9522E+02  5.8674E-01  6.3641E-02  2.5000E+02
  1.2000E+01  1.1674E+02  2.9304E+00  7.6935E+02  1.9522E+02  5.8674E-01  6.3641E-02  2.5000E+02
  1.2000E+01  1.1674E+02  2.9304E+00  7.6935E+02  1.9522E+02  5.8674E-01  6.3641E-02  2.5000E+02
  1.2000E+01  1.1674E+02  2.9304E+00  7.6935E+02  1.9522E+02  5.8674E-01  6.3641E-02  2.5000E+02
  1.2000E+01  1.1674E+02  2.9304E+00  7.6935E+02  1.9522E+02  5.8674E-01  6.3641E-02  2.5000E+02
  1.2000E+01  1.1674E+02  2.9304E+00  7.6935E+02  1.9522E+02  5.8674E-01  6.3641E-02  2.5000E+02
  1.2000E+01  1.1674E+02  2.9304E+00  7.6935E+02  1.9522E+02  5.8674E-01  6.3641E-02  2.5000E+02
  1.2000E+01  1.1674E+02  2.9304E+00  7.6935E+02  1.9522E+02  5.8674E-01  6.3641E-02  2.5000E+02
  1.3000E+01  1.8275E+01  2.9304E+00  1.2505E+03  1.9522E+02  5.8674E-01  3.7294E-02  5.0000E+02
  1.3000E+01  1.8275E+01  2.9304E+00  1.2505E+03  1.9522E+02  5.8674E-01  3.7294E-02  5.0000E+02
  1.3000E+01  1.8275E+01  2.9304E+00  1.2505E+03  1.9522E+02  5.8674E-01  3.7294E-02  5.0000E+02
  1.3000E+01  1.8275E+01  2.9304E+00  1.2505E+03  1.9522E+02  5.8674E-01  3.7294E-02  5.0000E+02
  1.3000E+01  1.8275E+01  2.9304E+00  1.2505E+03  1.9522E+02  5.8674E-01  3.7294E-02  5.0000E+02
  1.3000E+01  1.8275E+01  2.9304E+00  1.2505E+03  1.9522E+02  5.8674E-01  3.7294E-02  5.0000E+02
  1.3000E+01  1.8275E+01  2.9304E+00  1.2505E+03  1.9522E+02  5.8674E-01  3.7294E-02  5.0000E+02
  1.3000E+01  1.8275E+01  2.9304E+00  1.2505E+03  1.9522E+02  5.8674E-01  3.7294E-02  5.0000E+02
  1.4000E+01  7.4212E+01  2.9304E+00  2.7875E+02  1.9522E+02  5.8674E-01  3.7294E-02  5.0000E+02
  1.4000E+01  7.4212E+01  2.9304E+00  2.7875E+02  1.9522E+02  5.8674E-01  3.7294E-02  5.0000E+02
  1.4000E+01  7.4212E+01  2.9304E+00  2.7875E+02  1.9522E+02  5.8674E-01  3.7294E-02  5.0000E+02
  1.4000E+01  7.4212E+01  2.9304E+00  2.7875E+02  1.9522E+02  5.8674E-01  3.7294E-02  5.0000E+02
  1.4000E+01  7.4212E+01  2.9304E+00  2.7875E+02  1.9522E+02  5.8674E-01  3.7294E-02  5.0000E+02
  1.4000E+01  7.4212E+01  2.9304E+00  2.7875E+02  1.9522E+02  5.8674E-01  3.7294E-02  5.0000E+02
  1.4000E+01  7.4212E+01  2.9304E+00  2.7875E+02  1.9522E+02  5.8674E-01  3.7294E-02  5.0000E+02
  1.4000E+01  7.4212E+01  2.9304E+00  2.7875E+02  1.9522E+02  5.8674E-01  3.7294E-02  5.0000E+02
  1.5000E+01  1.7991E+01  2.9304E+00  6.6706E+02  1.9522E+02  5.8674E-01  3.7294E-02  5.0000E+02
  1.5000E+01  1.7991E+01  2.9304E+00  6.6706E+02  1.9522E+02  5.8674E-01  3.7294E-02  5.0000E+02
  1.5000E+01  1.7991E+01  2.9304E+00  6.6706E+02  1.9522E+02  5.8674E-01  3.7294E-02  5.0000E+02
  1.5000E+01  1.7991E+01  2.9304E+00  6.6706E+02  1.9522E+02  5.8674E-01  3.7294E-02  5.0000E+02
  1.5000E+01  1.7991E+01  2.9304E+00  6.6706E+02  1.9522E+02  5.8674E-01  3.7294E-02  5.0000E+02
  1.5000E+01  1.7991E+01  2.9304E+00  6.6706E+02  1.9522E+02  5.8674E-01  3.7294E-02  5.0000E+02
  1.5000E+01  1.7991E+01  2.9304E+00  6.6706E+02  1.9522E+02  5.8674E-01  3.7294E-02  5.0000E+02
  1.5000E+01  1.7991E+01  2.9304E+00  6.6706E+02  1.9522E+02  5.8674E-01  3.7294E-02  5.0000E+02
  1.6000E+01  1.7732E+02  2.9304E+00  9.0012E+02  1.9522E+02  5.8674E-01  1.1215E-01  1.2500E+02
  1.6000E+01  1.7732E+02  2.9304E+00  9.0012E+02  1.9522E+02  5.8674E-01  1.1215E-01  1.2500E+02
  1.6000E+01  1.7732E+02  2.9304E+00  9.0012E+02  1.9522E+02  5.8674E-01  1.1215E-01  1.2500E+02
  1.6000E+01  1.7732E+02  2.9304E+00  9.0012E+02  1.9522E+02  5.8674E-01  1.1215E-01  1.2500E+02
  1.6000E+01  1.7732E+02  2.9304E+00  9.0012E+02  1.9522E+02  5.8674E-01  1.1215E-01  1.2500E+02
  1.6000E+01  1.7732E+02  2.9304E+00  9.0012E+02  1.9522E+02  5.8674E-01  1.1215E-01  1.2500E+02
  1.6000E+01  1.7732E+02  2.9304E+00  9.0012E+02  1.9522E+02  5.8674E-01  1.1215E-01  1.2500E+02
  1.6000E+01  1.7732E+02  2.9304E+00  9.0012E+02  1.9522E+02  5.8674E-01  1.1215E-01  1.2500E+02
  1.7000E+01  1.5243E+02  2.9304E+00  7.5455E+02  1.9522E+02  5.8674E-01  1.1215E-01  1.2500E+02
  1.7000E+01  1.5243E+02  2.9304E+00  7.5455E+02  1.9522E+02  5.8674E-01  1.1215E-01  1.2500E+02
  1.7000E+01  1.5243E+02  2.9304E+00  7.5455E+02  1.9522E+02  5.8674E-01  1.1215E-01  1.2500E+02
  1.7000E+01  1.5243E+02  2.9304E+00  7.5455E+02  1.9522E+02  5.8674E-01  1.1215E-01  1.2500E+02
  1.7000E+01  1.5243E+02  2.9304E+00  7.5455E+02  1.9522E+02  5.8674E-01  1.1215E-01  1.2500E+02
  1.7000E+01  1.5243E+02  2.9304E+00  7.5455E+02  1.9522E+02  5.8674E-01  1.1215E-01  1.2500E+02
  1.7000E+01  1.5243E+02  2.9304E+00  7.5455E+02  1.9522E+02  5.8674E-01  1.1215E-01  1.2500E+02
  1.7000E+01  1.5243E+02  2.9304E+00  7.5455E+02  1.9522E+02  5.8674E-01  1.1215E-01  1.2500E+02
  1.8000E+01  1.6664E+02  2.9304E+00  8.5088E+02  1.9522E+02  5.8674E-01  1.1215E-01  1.2500E+02
  1.8000E+01  1.6664E+02  2.9304E+00  8.5088E+02  1.9522E+02  5.8674E-01  1.1215E-01  1.2500E+02
  1.8000E+01  1.6664E+02  2.9304E+00  8.5088E+02  1.9522E+02  5.8674E-01  1.1215E-01  1.2500E+02
  1.8000E+01  1.6664E+02  2.9304E+00  8.5088E+02  1.9522E+02  5.8674E-01  1.1215E-01  1.2500E+02
  1.8000E+01  1.6664E+02  2.9304E+00  8.5088E+02  1.9522E+02  5.8674E-01  1.1215E-01  1.2500E+02
  1.8000E+01  1.6664E+02  2.9304E+00  8.5088E+02  1.9522E+02  5.8674E-01  1.1215E-01  1.2500E+02
  1.8000E+01  1.6664E+02  2.9304E+00  8.5088E+02  1.9522E+02  5.8674E-01  1.1215E-01  1.2500E+02
  1.8000E+01  1.6664E+02  2.9304E+00  8.5088E+02  1.9522E+02  5.8674E-01  1.1215E-01  1.2500E+02
  1.9000E+01  1.7273E+02  2.9304E+00  8.0287E+02  1.9522E+02  5.8674E-01  6.3641E-02  2.5000E+02
  1.9000E+01  1.7273E+02  2.9304E+00  8.0287E+02  1.9522E+02  5.8674E-01  6.3641E-02  2.5000E+02
  1.9000E+01  1.7273E+02  2.9304E+00  8.0287E+02  1.9522E+02  5.8674E-01  6.3641E-02  2.5000E+02
  1.9000E+01  1.7273E+02  2.9304E+00  8.0287E+02  1.9522E+02  5.8674E-01  6.3641E-02  2.5000E+02
  1.9000E+01  1.7273E+02  2.9304E+00  8.0287E+02  1.9522E+02  5.8674E-01  6.3641E-02  2.5000E+02
  1.9000E+01  1.7273E+02  2.9304E+00  8.0287E+02  1.9522E+02  5.8674E-01  6.3641E-02  2.5000E+02
  1.9000E+01  1.7273E+02  2.9304E+00  8.0287E+02  1.9522E+02  5.8674E-01  6.3641E-02  2.5000E+02
  1.9000E+01  1.7273E+02  2.9304E+00  8.0287E+02  1.9522E+02  5.8674E-01  6.3641E-02  2.5000E+02
  2.0000E+01  2.0404E+02  2.9304E+00  1.0431E+03  1.9522E+02  5.8674E-01  6.3641E-02  2.5000E+02
  2.0000E+01  2.0404E+02  2.9304E+00  1.0431E+03  1.9522E+02  5.8674E-01  6.3641E-02  2.5000E+02
  2.0000E+01  2.0404E+02  2.9304E+00  1.0431E+03  1.9522E+02  5.8674E-01  6.3641E-02  2.5000E+02
  2.0000E+01  2.0404E+02  2.9304E+00  1.0431E+03  1.9522E+02  5.8674E-01  6.3641E-02  2.5000E+02
  2.0000E+01  2.0404E+02  2.9304E+00  1.0431E+03  1.9522E+02  5.8674E-01  6.3641E-02  2.5000E+02
  2.0000E+01  2.0404E+02  2.9304E+00  1.0431E+03  1.9522E+02  5.8674E-01  6.3641E-02  2.5000E+02
  2.0000E+01  2.0404E+02  2.9304E+00  1.0431E+03  1.9522E+02  5.8674E-01  6.3641E-02  2.5000E+02
  2.0000E+01  2.0404E+02  2.9304E+00  1.0431E+03  1.9522E+02  5.8674E-01  6.3641E-02  2.5000E+02
  2.1000E+01  1.5376E+02  2.9304E+00  7.0525E+02  1.9522E+02  5.8674E-01  6.3641E-02  2.5000E+02
  2.1000E+01  1.5376E+02  2.9304E+00  7.0525E+02  1.9522E+02  5.8674E-01  6.3641E-02  2.5000E+02
  2.1000E+01  1.5376E+02  2.9304E+00  7.0525E+02  1.9522E+02  5.8674E-01  6.3641E-02  2.5000E+02
  2.1000E+01  1.5376E+02  2.9304E+00  7.0525E+02  1.9522E+02  5.8674E-01  6.3641E-02  2.5000E+02
  2.1000E+01  1.5376E+02  2.9304E+00  7.0525E+02  1.9522E+02  5.8674E-01  6.3641E-02  2.5000E+02
  2.1000E+01  1.5376E+02  2.9304E+00  7.0525E+02  1.9522E+02  5.8674E-01  6.3641E-02  2.5000E+02
  2.1000E+01  1.5376E+02  2.9304E+00  7.0525E+02  1.9522E+02  5.8674E-01  6.3641E-02  2.5000E+02
  2.1000E+01  1.5376E+02  2.9304E+00  7.0525E+02  1.9522E+02  5.8674E-01  6.3641E-02  2.5000E+02
  2.2000E+01  1.0174E+02  2.9304E+00  5.2817E+02  1.9522E+02  5.8674E-01  3.7294E-02  5.0000E+02
  2.2000E+01  1.0174E+02  2.9304E+00  5.2817E+02  1.9522E+02  5.8674E-01  3.7294E-02  5.0000E+02
  2.2000E+01  1.0174E+02  2.9304E+00  5.2817E+02  1.9522E+02  5.8674E-01  3.7294E-02  5.0000E+02
  2.2000E+01  1.0174E+02  2.9304E+00  5.2817E+02  1.9522E+02  5.8674E-01  3.7294E-02  5.0000E+02
  2.2000E+01  1.0174E+02  2.9304E+00  5.2817E+02  1.9522E+02  5.8674E-01  3.7294E-02  5.0000E+02
  2.2000E+01  1.0174E+02  2.9304E+00  5.2817E+02  1.9522E+02  5.8674E-01  3.7294E-02  5.0000E+02
  2.2000E+01  1.0174E+02  2.9304E+00  5.2817E+02  1.9522E+02  5.8674E-01  3.7294E-02  5.0000E+02
  2.2000E+01  1.0174E+02  2.9304E+00  5.2817E+02  1.9522E+02  5.8674E-01  3.7294E-02  5.0000E+02
  2.3000E+01  1.0980E+02  2.9304E+00  4.2735E+02  1.9522E+02  5.8674E-01  3.7294E-02  5.0000E+02
  2.3000E+01  1.0980E+02  2.9304E+00  4.2735E+02  1.9522E+02  5.8674E-01  3.7294E-02  5.0000E+02
  2.3000E+01  1.0980E+02  2.9304E+00  4.2735E+02  1.9522E+02  5.8674E-01  3.7294E-02  5.0000E+02
  2.3000E+01  1.0980E+02  2.9304E+00  4.2735E+02  1.9522E+02  5.8674E-01  3.7294E-02  5.0000E+02
  2.3000E+01  1.0980E+02  2.9304E+00  4.2735E+02  1.9522E+02  5.8674E-01  3.7294E-02  5.0000E+02
  2.3000E+01  1.0980E+02  2.9304E+00  4.2735E+02  1.9522E+02  5.8674E-01  3.7294E-02  5.0000E+02
  2.3000E+01  1.0980E+02  2.9304E+00  4.2735E+02  1.9522E+02  5.8674E-01  3.7294E-02  5.0000E+02
  2.3000E+01  1.0980E+02  2.9304E+00  4.2735E+02  1.9522E+02  5.8674E-01  3.7294E-02  5.0000E+02
  2.4000E+01  3.0905E+01  2.9304E+00  1.3423E+02  1.9522E+02  5.8674E-01  3.7294E-02  5.0000E+02
  2.4000E+01  3.0905E+01  2.9304E+00  1.3423E+02  1.9522E+02  5.8674E-01  3.7294E-02  5.0000E+02
  2.4000E+01  3.0905E+01  2.9304E+00  1.3423E+02  1.9522E+02  5.8674E-01  3.7294E-02  5.0000E+02
  2.4000E+01  3.0905E+01  2.9304E+00  1.3423E+02  1.9522E+02  5.8674E-01  3.7294E-02  5.0000E+02
  2.4000E+01  3.0905E+01  2.9304E+00  1.3423E+02  1.9522E+02  5.8674E-01  3.7294E-02  5.0000E+02
  2.4000E+01  3.0905E+01  2.9304E+00  1.3423E+02  1.9522E+02  5.8674E-01  3.7294E-02  5.0000E+02
  2.4000E+01  3.0905E+01  2.9304E+00  1.3423E+02  1.9522E+02  5.8674E-01  3.7294E-02  5.0000E+02
  2.4000E+01  3.0905E+01  2.9304E+00  1.3423E+02  1.9522E+02  5.8674E-01  3.7294E-02  5.0000E+02
  2.5000E+01  2.0215E+01  2.9304E+00  1.7927E+02  1.9522E+02  5.8674E-01  1.1215E-01  1.2500E+02
  2.5000E+01  2.0215E+01  2.9304E+00  1.7927E+02  1.9522E+02  5.8674E-01  1.1215E-01  1.2500E+02
  2.5000E+01  2.0215E+01  2.9304E+00  1.7927E+02  1.9522E+02  5.8674E-01  1.1215E-01  1.2500E+02
  2.5000E+01  2.0215E+01  2.9304E+00  1.7927E+02  1.9522E+02  5.8674E-01  1.1215E-01  1.2500E+02
  2.5000E+01  2.0215E+01  2.9304E+00  1.7927E+02  1.9522E+02  5.8674E-01  1.1215E-01  1.2500E+02
  2.5000E+01  2.0215E+01  2.9304E+00  1.7927E+02  1.9522E+02  5.8674E-01  1.1215E-01  1.2500E+02
  2.5000E+01  2.0215E+01  2.9304E+00  1.7927E+02  1.9522E+02  5.8674E-01  1.1215E-01  1.2500E+02
  2.6000E+01  2.5041E+01  2.9304E+00  1.2019E+02  1.9522E+02  5.8674E-01  1.1215E-01  1.2500E+02
  2.6000E+01  2.5041E+01  2.9304E+00  1.2019E+02  1.9522E+02  5.8674E-01  1.1215E-01  1.2500E+02
  2.6000E+01  2.5041E+01  2.9304E+00  1.2019E+02  1.9522E+02  5.8674E-01  1.1215E-01  1.2500E+02
  2.6000E+01  2.5041E+01  2.9304E+00  1.2019E+02  1.9522E+02  5.8674E-01  1.1215E-01  1.2500E+02
  2.6000E+01  2.5041E+01  2.9304E+00  1.2019E+02  1.9522E+02  5.8674E-01  1.1215E-01  1.2500E+02
  2.6000E+01  2.5041E+01  2.9304E+00  1.2019E+02  1.9522E+02  5.8674E-01  1.1215E-01  1.2500E+02
  2.6000E+01  2.5041E+01  2.9304E+00  1.2019E+02  1.9522E+02  5.8674E-01  1.1215E-01  1.2500E+02
  2.7000E+01  1.2100E+01  2.9304E+00  6.2168E+01  1.9522E+02  5.8674E-01  1.1215E-01  1.2500E+02
  2.7000E+01  1.2100E+01  2.9304E+00  6.2168E+01  1.9522E+02  5.8674E-01  1.1215E-01  1.2500E+02
  2.7000E+01  1.2100E+01  2.9304E+00  6.2168E+01  1.9522E+02  5.8674E-01  1.1215E-01  1.2500E+02
  2.7000E+01  1.2100E+01  2.9304E+00  6.2168E+01  1.9522E+02  5.8674E-01  1.1215E-01  1.2500E+02
  2.7000E+01  1.2100E+01  2.9304E+00  6.2168E+01  1.9522E+02  5.8674E-01  1.1215E-01  1.2500E+02
  2.7000E+01  1.2100E+01  2.9304E+00  6.2168E+01  1.9522E+02  5.8674E-01  1.1215E-01  1.2500E+02
  2.7000E+01  1.2100E+01  2.9304E+00  6.2168E+01  1.9522E+02  5.8674E-01  1.1215E-01  1.2500E+02
  2.8000E+01  2.0691E+01  2.9304E+00  1.0282E+02  1.9522E+02  5.8674E-01  6.3641E-02  2.5000E+02
  2.8000E+01  2.0691E+01  2.9304E+00  1.0282E+02  1.9522E+02  5.8674E-01  6.3641E-02  2.5000E+02
  2.8000E+01  2.0691E+01  2.9304E+00  1.0282E+02  1.9522E+02  5.8674E-01  6.3641E-02  2.5000E+02
  2.8000E+01  2.0691E+01  2.9304E+00  1.0282E+02  1.9522E+02  5.8674E-01  6.3641E-02  2.5000E+02
  2.8000E+01  2.0691E+01  2.9304E+00  1.0282E+02  1.9522E+02  5.8674E-01  6.3641E-02  2.5000E+02
  2.8000E+01  2.0691E+01  2.9304E+00  1.0282E+02  1.9522E+02  5.8674E-01  6.3641E-02  2.5000E+02
  2.8000E+01  2.0691E+01  2.9304E+00  1.0282E+02  1.9522E+02  5.8674E-01  6.3641E-02  2.5000E+02
  2.9000E+01  1.8633E+01  2.9304E+00  2.9773E+02  1.9522E+02  5.8674E-01  6.3641E-02  2.5000E+02
  2.9000E+01  1.8633E+01  2.9304E+00  2.9773E+02  1.9522E+02  5.8674E-01  6.3641E-02  2.5000E+02
  2.9000E+01  1.8633E+01  2.9304E+00  2.9773E+02  1.9522E+02  5.8674E-01  6.3641E-02  2.5000E+02
  2.9000E+01  1.8633E+01  2.9304E+00  2.9773E+02  1.9522E+02  5.8674E-01  6.3641E-02  2.5000E+02
  2.9000E+01  1.8633E+01  2.9304E+00  2.9773E+02  1.9522E+02  5.8674E-01  6.3641E-02  2.5000E+02
  2.9000E+01  1.8633E+01  2.9304E+00  2.9773E+02  1.9522E+02  5.8674E-01  6.3641E-02  2.5000E+02
  2.9000E+01  1.8633E+01  2.9304E+00  2.9773E+02  1.9522E+02  5.8674E-01  6.3641E-02  2.5000E+02
  3.0000E+01  4.2054E+01  2.9304E+00  1.9014E+02  1.9522E+02  5.8674E-01  6.3641E-02  2.5000E+02
  3.0000E+01  4.2054E+01  2.9304E+00  1.9014E+02  1.9522E+02  5.8674E-01  6.3641E-02  2.5000E+02
  3.0000E+01  4.2054E+01  2.9304E+00  1.9014E+02  1.9522E+02  5.8674E-01  6.3641E-02  2.5000E+02
  3.0000E+01  4.2054E+01  2.9304E+00  1.9014E+02  1.9522E+02  5.8674E-01  6.3641E-02  2.5000E+02
  3.0000E+01  4.2054E+01  2.9304E+00  1.9014E+02  1.9522E+02  5.8674E-01  6.3641E-02  2.5000E+02
  3.0000E+01  4.2054E+01  2.9304E+00  1.9014E+02  1.9522E+02  5.8674E-01  6.3641E-02  2.5000E+02
  3.0000E+01  4.2054E+01  2.9304E+00  1.9014E+02  1.9522E+02  5.8674E-01  6.3641E-02  2.5000E+02
  3.1000E+01  1.2953E+01  2.9304E+00  6.5218E+01  1.9522E+02  5.8674E-01  3.7294E-02  5.0000E+02
  3.1000E+01  1.2953E+01  2.9304E+00  6.5218E+01  1.9522E+02  5.8674E-01  3.7294E-02  5.0000E+02
  3.1000E+01  1.2953E+01  2.9304E+00  6.5218E+01  1.9522E+02  5.8674E-01  3.7294E-02  5.0000E+02
  3.1000E+01  1.2953E+01  2.9304E+00  6.5218E+01  1.9522E+02  5.8674E-01  3.7294E-02  5.0000E+02
  3.1000E+01  1.2953E+01  2.9304E+00  6.5218E+01  1.9522E+02  5.8674E-01  3.7294E-02  5.0000E+02
  3.1000E+01  1.2953E+01  2.9304E+00  6.5218E+01  1.9522E+02  5.8674E-01  3.7294E-02  5.0000E+02
  3.1000E+01  1.2953E+01  2.9304E+00  6.5218E+01  1.9522E+02  5.8674E-01  3.7294E-02  5.0000E+02
  3.2000E+01  1.7576E+01  2.9304E+00  2.5259E+02  1.9522E+02  5.8674E-01  3.7294E-02  5.0000E+02
  3.2000E+01  1.7576E+01  2.9304E+00  2.5259E+02  1.9522E+02  5.8674E-01  3.7294E-02  5.0000E+02
  3.2000E+01  1.7576E+01  2.9304E+00  2.5259E+02  1.9522E+02  5.8674E-01  3.7294E-02  5.0000E+02
  3.2000E+01  1.7576E+01  2.9304E+00  2.5259E+02  1.9522E+02  5.8674E-01  3.7294E-02  5.0000E+02
  3.2000E+01  1.7576E+01  2.9304E+00  2.5259E+02  1.9522E+02  5.8674E-01  3.7294E-02  5.0000E+02
  3.2000E+01  1.7576E+01  2.9304E+00  2.5259E+02  1.9522E+02  5.8674E-01  3.7294E-02  5.0000E+02
  3.2000E+01  1.7576E+01  2.9304E+00  2.5259E+02  1.9522E+02  5.8674E-01  3.7294E-02  5.0000E+02
  3.3000E+01  1.7895E+01  2.9304E+00  2.8322E+02  1.9522E+02  5.8674E-01  3.7294E-02  5.0000E+02
  3.3000E+01  1.7895E+01  2.9304E+00  2.8322E+02  1.9522E+02  5.8674E-01  3.7294E-02  5.0000E+02
  3.3000E+01  1.7895E+01  2.9304E+00  2.8322E+02  1.9522E+02  5.8674E-01  3.7294E-02  5.0000E+02
  3.3000E+01  1.7895E+01  2.9304E+00  2.8322E+02  1.9522E+02  5.8674E-01  3.7294E-02  5.0000E+02
  3.3000E+01  1.7895E+01  2.9304E+00  2.8322E+02  1.9522E+02  5.8674E-01  3.7294E-02  5.0000E+02
  3.3000E+01  1.7895E+01  2.9304E+00  2.8322E+02  1.9522E+02  5.8674E-01  3.7294E-02  5.0000E+02
  3.3000E+01  1.7895E+01  2.9304E+00  2.8322E+02  1.9522E+02  5.8674E-01  3.7294E-02  5.0000E+02
  3.4000E+01  1.6598E+02  2.9304E+00  7.8841E+02  1.9522E+02  5.8674E-01  1.1215E-01  1.2500E+02
  3.4000E+01  1.6598E+02  2.9304E+00  7.8841E+02  1.9522E+02  5.8674E-01  1.1215E-01  1.2500E+02
  3.4000E+01  1.6598E+02  2.9304E+00  7.8841E+02  1.9522E+02  5.8674E-01  1.1215E-01  1.2500E+02
  3.4000E+01  1.6598E+02  2.9304E+00  7.8841E+02  1.9522E+02  5.8674E-01  1.1215E-01  1.2500E+02
  3.4000E+01  1.6598E+02  2.9304E+00  7.8841E+02  1.9522E+02  5.8674E-01  1.1215E-01  1.2500E+02
  3.4000E+01  1.6598E+02  2.9304E+00  7.8841E+02  1.9522E+02  5.8674E-01  1.1215E-01  1.2500E+02
  3.4000E+01  1.6598E+02  2.9304E+00  7.8841E+02  1.9522E+02  5.8674E-01  1.1215E-01  1.2500E+02
  3.5000E+01  1.5640E+02  2.9304E+00  7.4460E+02  1.9522E+02  5.8674E-01  1.1215E-01  1.2500E+02
  3.5000E+01  1.5640E+02  2.9304E+00  7.4460E+02  1.9522E+02  5.8674E-01  1.1215E-01  1.2500E+02
  3.5000E+01  1.5640E+02  2.9304E+00  7.4460E+02  1.9522E+02  5.8674E-01  1.1215E-01  1.2500E+02
  3.5000E+01  1.5640E+02  2.9304E+00  7.4460E+02  1.9522E+02  5.8674E-01  1.1215E-01  1.2500E+02
  3.5000E+01  1.5640E+02  2.9304E+00  7.4460E+02  1.9522E+02  5.8674E-01  1.1215E-01  1.2500E+02
  3.5000E+01  1.5640E+02  2.9304E+00  7.4460E+02  1.9522E+02  5.8674E-01  1.1215E-01  1.2500E+02
  3.5000E+01  1.5640E+02  2.9304E+00  7.4460E+02  1.9522E+02  5.8674E-01  1.1215E-01  1.2500E+02
  3.6000E+01  1.5511E+02  2.9304E+00  7.3628E+02  1.9522E+02  5.8674E-01  1.1215E-01  1.2500E+02
  3.6000E+01  1.5511E+02  2.9304E+00  7.3628E+02  1.9522E+02  5.8674E-01  1.1215E-01  1.2500E+02
  3.6000E+01  1.5511E+02  2.9304E+00  7.3628E+02  1.9522E+02  5.8674E-01  1.1215E-01  1.2500E+02
  3.6000E+01  1.5511E+02  2.9304E+00  7.3628E+02  1.9522E+02  5.8674E-01  1.1215E-01  1.2500E+02
  3.6000E+01  1.5511E+02  2.9304E+00  7.3628E+02  1.9522E+02  5.8674E-01  1.1215E-01  1.2500E+02
  3.6000E+01  1.5511E+02  2.9304E+00  7.3628E+02  1.9522E+02  5.8674E-01  1.1215E-01  1.2500E+02
  3.6000E+01  1.5511E+02  2.9304E+00  7.3628E+02  1.9522E+02  5.8674E-01  1.1215E-01  1.2500E+02
  3.7000E+01  1.5082E+02  2.9304E+00  8.5700E+02  1.9522E+02  5.8674E-01  6.3641E-02  2.5000E+02
  3.7000E+01  1.5082E+02  2.9304E+00  8.5700E+02  1.9522E+02  5.8674E-01  6.3641E-02  2.5000E+02
  3.7000E+01  1.5082E+02  2.9304E+00  8.5700E+02  1.9522E+02  5.8674E-01  6.3641E-02  2.5000E+02
  3.7000E+01  1.5082E+02  2.9304E+00  8.5700E+02  1.9522E+02  5.8674E-01  6.3641E-02  2.5000E+02
  3.7000E+01  1.5082E+02  2.9304E+00  8.5700E+02  1.9522E+02  5.8674E-01  6.3641E-02  2.5000E+02
  3.7000E+01  1.5082E+02  2.9304E+00  8.5700E+02  1.9522E+02  5.8674E-01  6.3641E-02  2.5000E+02
  3.7000E+01  1.5082E+02  2.9304E+00  8.5700E+02  1.9522E+02  5.8674E-01  6.3641E-02  2.5000E+02
  3.8000E+01  9.1559E+01  2.9304E+00  6.6027E+02  1.9522E+02  5.8674E-01  6.3641E-02  2.5000E+02
  3.8000E+01  9.1559E+01  2.9304E+00  6.6027E+02  1.9522E+02  5.8674E-01  6.3641E-02  2.5000E+02
  3.8000E+01  9.1559E+01  2.9304E+00  6.6027E+02  1.9522E+02  5.8674E-01  6.3641E-02  2.5000E+02
  3.8000E+01  9.1559E+01  2.9304E+00  6.6027E+02  1.9522E+02  5.8674E-01  6.3641E-02  2.5000E+02
  3.8000E+01  9.1559E+01  2.9304E+00  6.6027E+02  1.9522E+02  5.8674E-01  6.3641E-02  2.5000E+02
  3.8000E+01  9.1559E+01  2.9304E+00  6.6027E+02  1.9522E+02  5.8674E-01  6.3641E-02  2.5000E+02
  3.8000E+01  9.1559E+01  2.9304E+00  6.6027E+02  1.9522E+02  5.8674E-01  6.3641E-02  2.5000E+02
  3.9000E+01  1.1417E+02  2.9304E+00  8.2898E+02  1.9522E+02  5.8674E-01  6.3641E-02  2.5000E+02
  3.9000E+01  1.1417E+02  2.9304E+00  8.2898E+02  1.9522E+02  5.8674E-01  6.3641E-02  2.5000E+02
  3.9000E+01  1.1417E+02  2.9304E+00  8.2898E+02  1.9522E+02  5.8674E-01  6.3641E-02  2.5000E+02
  3.9000E+01  1.1417E+02  2.9304E+00  8.2898E+02  1.9522E+02  5.8674E-01  6.3641E-02  2.5000E+02
  3.9000E+01  1.1417E+02  2.9304E+00  8.2898E+02  1.9522E+02  5.8674E-01  6.3641E-02  2.5000E+02
  3.9000E+01  1.1417E+02  2.9304E+00  8.2898E+02  1.9522E+02  5.8674E-01  6.3641E-02  2.5000E+02
  3.9000E+01  1.1417E+02  2.9304E+00  8.2898E+02  1.9522E+02  5.8674E-01  6.3641E-02  2.5000E+02
  4.0000E+01  4.5612E+01  2.9304E+00  1.9242E+02  1.9522E+02  5.8674E-01  3.7294E-02  5.0000E+02
  4.0000E+01  4.5612E+01  2.9304E+00  1.9242E+02  1.9522E+02  5.8674E-01  3.7294E-02  5.0000E+02
  4.0000E+01  4.5612E+01  2.9304E+00  1.9242E+02  1.9522E+02  5.8674E-01  3.7294E-02  5.0000E+02
  4.0000E+01  4.5612E+01  2.9304E+00  1.9242E+02  1.9522E+02  5.8674E-01  3.7294E-02  5.0000E+02
  4.0000E+01  4.5612E+01  2.9304E+00  1.9242E+02  1.9522E+02  5.8674E-01  3.7294E-02  5.0000E+02
  4.0000E+01  4.5612E+01  2.9304E+00  1.9242E+02  1.9522E+02  5.8674E-01  3.7294E-02  5.0000E+02
  4.0000E+01  4.5612E+01  2.9304E+00  1.9242E+02  1.9522E+02  5.8674E-01  3.7294E-02  5.0000E+02
  4.1000E+01  6.3817E+01  2.9304E+00  2.3360E+02  1.9522E+02  5.8674E-01  3.7294E-02  5.0000E+02
  4.1000E+01  6.3817E+01  2.9304E+00  2.3360E+02  1.9522E+02  5.8674E-01  3.7294E-02  5.0000E+02
  4.1000E+01  6.3817E+01  2.9304E+00  2.3360E+02  1.9522E+02  5.8674E-01  3.7294E-02  5.0000E+02
  4.1000E+01  6.3817E+01  2.9304E+00  2.3360E+02  1.9522E+02  5.8674E-01  3.7294E-02  5.0000E+02
  4.1000E+01  6.3817E+01  2.9304E+00  2.3360E+02  1.9522E+02  5.8674E-01  3.7294E-02  5.0000E+02
  4.1000E+01  6.3817E+01  2.9304E+00  2.3360E+02  1.9522E+02  5.8674E-01  3.7294E-02  5.0000E+02
  4.1000E+01  6.3817E+01  2.9304E+00  2.3360E+02  1.9522E+02  5.8674E-01  3.7294E-02  5.0000E+02
  4.2000E+01  8.4265E+01  2.9304E+00  3.2026E+02  1.9522E+02  5.8674E-01  3.7294E-02  5.0000E+02
  4.2000E+01  8.4265E+01  2.9304E+00  3.2026E+02  1.9522E+02  5.8674E-01  3.7294E-02  5.0000E+02
  4.2000E+01  8.4265E+01  2.9304E+00  3.2026E+02  1.9522E+02  5.8674E-01  3.7294E-02  5.0000E+02
  4.2000E+01  8.4265E+01  2.9304E+00  3.2026E+02  1.9522E+02  5.8674E-01  3.7294E-02  5.0000E+02
  4.2000E+01  8.4265E+01  2.9304E+00  3.2026E+02  1.9522E+02  5.8674E-01  3.7294E-02  5.0000E+02
  4.2000E+01  8.4265E+01  2.9304E+00  3.2026E+02  1.9522E+02  5.8674E-01  3.7294E-02  5.0000E+02
  4.2000E+01  8.4265E+01  2.9304E+00  3.2026E+02  1.9522E+02  5.8674E-01  3.7294E-02  5.0000E+02
  4.3000E+01  3.4662E+01  2.9304E+00  1.1441E+02  1.9522E+02  5.8674E-01  5.5024E-02  3.0000E+02
  4.3000E+01  3.4662E+01  2.9304E+00  1.1441E+02  1.9522E+02  5.8674E-01  5.5024E-02  3.0000E+02
  4.3000E+01  3.4662E+01  2.9304E+00  1.1441E+02  1.9522E+02  5.8674E-01  5.5024E-02  3.0000E+02
  4.3000E+01  3.4662E+01  2.9304E+00  1.1441E+02  1.9522E+02  5.8674E-01  5.5024E-02  3.0000E+02
  4.3000E+01  3.4662E+01  2.9304E+00  1.1441E+02  1.9522E+02  5.8674E-01  5.5024E-02  3.0000E+02
  4.3000E+01  3.4662E+01  2.9304E+00  1.1441E+02  1.9522E+02  5.8674E-01  5.5024E-02  3.0000E+02
  4.3000E+01  3.4662E+01  2.9304E+00  1.1441E+02  1.9522E+02  5.8674E-01  5.5024E-02  3.0000E+02
  4.4000E+01  2.2086E+01  2.9304E+00  6.9566E+02  1.9522E+02  5.8674E-01  5.5024E-02  3.0000E+02
  4.4000E+01  2.2086E+01  2.9304E+00  6.9566E+02  1.9522E+02  5.8674E-01  5.5024E-02  3.0000E+02
  4.4000E+01  2.2086E+01  2.9304E+00  6.9566E+02  1.9522E+02  5.8674E-01  5.5024E-02  3.0000E+02
  4.4000E+01  2.2086E+01  2.9304E+00  6.9566E+02  1.9522E+02  5.8674E-01  5.5024E-02  3.0000E+02
  4.4000E+01  2.2086E+01  2.9304E+00  6.9566E+02  1.9522E+02  5.8674E-01  5.5024E-02  3.0000E+02
  4.4000E+01  2.2086E+01  2.9304E+00  6.9566E+02  1.9522E+02  5.8674E-01  5.5024E-02  3.0000E+02
  4.4000E+01  2.2086E+01  2.9304E+00  6.9566E+02  1.9522E+02  5.8674E-01  5.5024E-02  3.0000E+02
  4.5000E+01  3.2887E+01  2.9304E+00  1.0394E+03  1.9522E+02  5.8674E-01  5.5024E-02  3.0000E+02
  4.5000E+01  3.2887E+01  2.9304E+00  1.0394E+03  1.9522E+02  5.8674E-01  5.5024E-02  3.0000E+02
  4.5000E+01  3.2887E+01  2.9304E+00  1.0394E+03  1.9522E+02  5.8674E-01  5.5024E-02  3.0000E+02
  4.5000E+01  3.2887E+01  2.9304E+00  1.0394E+03  1.9522E+02  5.8674E-01  5.5024E-02  3.0000E+02
  4.5000E+01  3.2887E+01  2.9304E+00  1.0394E+03  1.9522E+02  5.8674E-01  5.5024E-02  3.0000E+02
  4.5000E+01  3.2887E+01  2.9304E+00  1.0394E+03  1.9522E+02  5.8674E-01  5.5024E-02  3.0000E+02
  4.5000E+01  3.2887E+01  2.9304E+00  1.0394E+03  1.9522E+02  5.8674E-01  5.5024E-02  3.0000E+02
  4.6000E+01  1.5264E+01  2.9304E+00  3.3182E+02  1.9522E+02  5.8674E-01  2.7019E-02  8.0000E+02
  4.6000E+01  1.5264E+01  2.9304E+00  3.3182E+02  1.9522E+02  5.8674E-01  2.7019E-02  8.0000E+02
  4.6000E+01  1.5264E+01  2.9304E+00  3.3182E+02  1.9522E+02  5.8674E-01  2.7019E-02  8.0000E+02
  4.6000E+01  1.5264E+01  2.9304E+00  3.3182E+02  1.9522E+02  5.8674E-01  2.7019E-02  8.0000E+02
  4.6000E+01  1.5264E+01  2.9304E+00  3.3182E+02  1.9522E+02  5.8674E-01  2.7019E-02  8.0000E+02
  4.6000E+01  1.5264E+01  2.9304E+00  3.3182E+02  1.9522E+02  5.8674E-01  2.7019E-02  8.0000E+02
  4.6000E+01  1.5264E+01  2.9304E+00  3.3182E+02  1.9522E+02  5.8674E-01  2.7019E-02  8.0000E+02
  4.7000E+01  3.5072E+01  2.9304E+00  3.5780E+02  1.9522E+02  5.8674E-01  2.7019E-02  8.0000E+02
  4.7000E+01  3.5072E+01  2.9304E+00  3.5780E+02  1.9522E+02  5.8674E-01  2.7019E-02  8.0000E+02
  4.7000E+01  3.5072E+01  2.9304E+00  3.5780E+02  1.9522E+02  5.8674E-01  2.7019E-02  8.0000E+02
  4.7000E+01  3.5072E+01  2.9304E+00  3.5780E+02  1.9522E+02  5.8674E-01  2.7019E-02  8.0000E+02
  4.7000E+01  3.5072E+01  2.9304E+00  3.5780E+02  1.9522E+02  5.8674E-01  2.7019E-02  8.0000E+02
  4.7000E+01  3.5072E+01  2.9304E+00  3.5780E+02  1.9522E+02  5.8674E-01  2.7019E-02  8.0000E+02
  4.7000E+01  3.5072E+01  2.9304E+00  3.5780E+02  1.9522E+02  5.8674E-01  2.7019E-02  8.0000E+02
  4.8000E+01  6.6369E+01  2.9304E+00  2.4870E+02  1.9522E+02  5.8674E-01  2.7019E-02  8.0000E+02
  4.8000E+01  6.6369E+01  2.9304E+00  2.4870E+02  1.9522E+02  5.8674E-01  2.7019E-02  8.0000E+02
  4.8000E+01  6.6369E+01  2.9304E+00  2.4870E+02  1.9522E+02  5.8674E-01  2.7019E-02  8.0000E+02
  4.8000E+01  6.6369E+01  2.9304E+00  2.4870E+02  1.9522E+02  5.8674E-01  2.7019E-02  8.0000E+02
  4.8000E+01  6.6369E+01  2.9304E+00  2.4870E+02  1.9522E+02  5.8674E-01  2.7019E-02  8.0000E+02
  4.8000E+01  6.6369E+01  2.9304E+00  2.4870E+02  1.9522E+02  5.8674E-01  2.7019E-02  8.0000E+02
  4.8000E+01  6.6369E+01  2.9304E+00  2.4870E+02  1.9522E+02  5.8674E-01  2.7019E-02  8.0000E+02
  4.9000E+01  3.7328E+01  2.9304E+00  1.0068E+03  1.9522E+02  5.8674E-01  1.8871E-02  1.5000E+03
  4.9000E+01  3.7328E+01  2.9304E+00  1.0068E+03  1.9522E+02  5.8674E-01  1.8871E-02  1.5000E+03
  4.9000E+01  3.7328E+01  2.9304E+00  1.0068E+03  1.9522E+02  5.8674E-01  1.8871E-02  1.5000E+03
  4.9000E+01  3.7328E+01  2.9304E+00  1.0068E+03  1.9522E+02  5.8674E-01  1.8871E-02  1.5000E+03
  4.9000E+01  3.7328E+01  2.9304E+00  1.0068E+03  1.9522E+02  5.8674E-01  1.8871E-02  1.5000E+03
  4.9000E+01  3.7328E+01  2.9304E+00  1.0068E+03  1.9522E+02  5.8674E-01  1.8871E-02  1.5000E+03
  4.9000E+01  3.7328E+01  2.9304E+00  1.0068E+03  1.9522E+02  5.8674E-01  1.8871E-02  1.5000E+03
  5.0000E+01  1.8687E+01  2.9304E+00  2.0820E+02  1.9522E+02  5.8674E-01  1.8871E-02  1.5000E+03
  5.0000E+01  1.8687E+01  2.9304E+00  2.0820E+02  1.9522E+02  5.8674E-01  1.8871E-02  1.5000E+03
  5.0000E+01  1.8687E+01  2.9304E+00  2.0820E+02  1.9522E+02  5.8674E-01  1.8871E-02  1.5000E+03
  5.0000E+01  1.8687E+01  2.9304E+00  2.0820E+02  1.9522E+02  5.8674E-01  1.8871E-02  1.5000E+03
  5.0000E+01  1.8687E+01  2.9304E+00  2.0820E+02  1.9522E+02  5.8674E-01  1.8871E-02  1.5000E+03
  5.0000E+01  1.8687E+01  2.9304E+00  2.0820E+02  1.9522E+02  5.8674E-01  1.8871E-02  1.5000E+03
  5.0000E+01  1.8687E+01  2.9304E+00  2.0820E+02  1.9522E+02  5.8674E-01  1.8871E-02  1.5000E+03
  5.1000E+01  2.0255E+01  2.9304E+00  4.2296E+02  1.9522E+02  5.8674E-01  1.8871E-02  1.5000E+03
  5.1000E+01  2.0255E+01  2.9304E+00  4.2296E+02  1.9522E+02  5.8674E-01  1.8871E-02  1.5000E+03
  5.1000E+01  2.0255E+01  2.9304E+00  4.2296E+02  1.9522E+02  5.8674E-01  1.8871E-02  1.5000E+03
  5.1000E+01  2.0255E+01  2.9304E+00  4.2296E+02  1.9522E+02  5.8674E-01  1.8871E-02  1.5000E+03
  5.1000E+01  2.0255E+01  2.9304E+00  4.2296E+02  1.9522E+02  5.8674E-01  1.8871E-02  1.5000E+03
  5.1000E+01  2.0255E+01  2.9304E+00  4.2296E+02  1.9522E+02  5.8674E-01  1.8871E-02  1.5000E+03
  5.2000E+01  2.9406E+01  2.9304E+00  2.1472E+01  1.9522E+02  5.8674E-01  5.5024E-02  3.0000E+02
  5.2000E+01  2.9406E+01  2.9304E+00  2.1472E+01  1.9522E+02  5.8674E-01  5.5024E-02  3.0000E+02
  5.2000E+01  2.9406E+01  2.9304E+00  2.1472E+01  1.9522E+02  5.8674E-01  5.5024E-02  3.0000E+02
  5.2000E+01  2.9406E+01  2.9304E+00  2.1472E+01  1.9522E+02  5.8674E-01  5.5024E-02  3.0000E+02
  5.2000E+01  2.9406E+01  2.9304E+00  2.1472E+01  1.9522E+02  5.8674E-01  5.5024E-02  3.0000E+02
  5.2000E+01  2.9406E+01  2.9304E+00  2.1472E+01  1.9522E+02  5.8674E-01  5.5024E-02  3.0000E+02
  5.2000E+01  2.9406E+01  2.9304E+00  2.1472E+01  1.9522E+02  5.8674E-01  5.5024E-02  3.0000E+02
  5.3000E+01  4.8976E+01  2.9304E+00  1.0913E+03  1.9522E+02  5.8674E-01  5.5024E-02  3.0000E+02
  5.3000E+01  4.8976E+01  2.9304E+00  1.0913E+03  1.9522E+02  5.8674E-01  5.5024E-02  3.0000E+02
  5.3000E+01  4.8976E+01  2.9304E+00  1.0913E+03  1.9522E+02  5.8674E-01  5.5024E-02  3.0000E+02
  5.3000E+01  4.8976E+01  2.9304E+00  1.0913E+03  1.9522E+02  5.8674E-01  5.5024E-02  3.0000E+02
  5.3000E+01  4.8976E+01  2.9304E+00  1.0913E+03  1.9522E+02  5.8674E-01  5.5024E-02  3.0000E+02
  5.3000E+01  4.8976E+01  2.9304E+00  1.0913E+03  1.9522E+02  5.8674E-01  5.5024E-02  3.0000E+02
  5.3000E+01  4.8976E+01  2.9304E+00  1.0913E+03  1.9522E+02  5.8674E-01  5.5024E-02  3.0000E+02
  5.4000E+01  1.6441E+01  2.9304E+00  1.8798E+03  1.9522E+02  5.8674E-01  5.5024E-02  3.0000E+02
  5.4000E+01  1.6441E+01  2.9304E+00  1.8798E+03  1.9522E+02  5.8674E-01  5.5024E-02  3.0000E+02
  5.4000E+01  1.6441E+01  2.9304E+00  1.8798E+03  1.9522E+02  5.8674E-01  5.5024E-02  3.0000E+02
  5.4000E+01  1.6441E+01  2.9304E+00  1.8798E+03  1.9522E+02  5.8674E-01  5.5024E-02  3.0000E+02
  5.4000E+01  1.6441E+01  2.9304E+00  1.8798E+03  1.9522E+02  5.8674E-01  5.5024E-02  3.0000E+02
  5.4000E+01  1.6441E+01  2.9304E+00  1.8798E+03  1.9522E+02  5.8674E-01  5.5024E-02  3.0000E+02
  5.4000E+01  1.6441E+01  2.9304E+00  1.8798E+03  1.9522E+02  5.8674E-01  5.5024E-02  3.0000E+02
  5.5000E+01  3.6145E+01  2.9304E+00  7.0233E+02  1.9522E+02  5.8674E-01  2.7019E-02  8.0000E+02
  5.5000E+01  3.6145E+01  2.9304E+00  7.0233E+02  1.9522E+02  5.8674E-01  2.7019E-02  8.0000E+02
  5.5000E+01  3.6145E+01  2.9304E+00  7.0233E+02  1.9522E+02  5.8674E-01  2.7019E-02  8.0000E+02
  5.5000E+01  3.6145E+01  2.9304E+00  7.0233E+02  1.9522E+02  5.8674E-01  2.7019E-02  8.0000E+02
  5.5000E+01  3.6145E+01  2.9304E+00  7.0233E+02  1.9522E+02  5.8674E-01  2.7019E-02  8.0000E+02
  5.5000E+01  3.6145E+01  2.9304E+00  7.0233E+02  1.9522E+02  5.8674E-01  2.7019E-02  8.0000E+02
  5.5000E+01  3.6145E+01  2.9304E+00  7.0233E+02  1.9522E+02  5.8674E-01  2.7019E-02  8.0000E+02
  5.6000E+01  2.5238E+01  2.9304E+00  3.0601E+03  1.9522E+02  5.8674E-01  2.7019E-02  8.0000E+02
  5.6000E+01  2.5238E+01  2.9304E+00  3.0601E+03  1.9522E+02  5.8674E-01  2.7019E-02  8.0000E+02
  5.6000E+01  2.5238E+01  2.9304E+00  3.0601E+03  1.9522E+02  5.8674E-01  2.7019E-02  8.0000E+02
  5.6000E+01  2.5238E+01  2.9304E+00  3.0601E+03  1.9522E+02  5.8674E-01  2.7019E-02  8.0000E+02
  5.6000E+01  2.5238E+01  2.9304E+00  3.0601E+03  1.9522E+02  5.8674E-01  2.7019E-02  8.0000E+02
  5.6000E+01  2.5238E+01  2.9304E+00  3.0601E+03  1.9522E+02  5.8674E-01  2.7019E-02  8.0000E+02
  5.6000E+01  2.5238E+01  2.9304E+00  3.0601E+03  1.9522E+02  5.8674E-01  2.7019E-02  8.0000E+02
  5.7000E+01  4.4895E+01  2.9304E+00  2.8563E+03  1.9522E+02  5.8674E-01  2.7019E-02  8.0000E+02
  5.7000E+01  4.4895E+01  2.9304E+00  2.8563E+03  1.9522E+02  5.8674E-01  2.7019E-02  8.0000E+02
  5.7000E+01  4.4895E+01  2.9304E+00  2.8563E+03  1.9522E+02  5.8674E-01  2.7019E-02  8.0000E+02
  5.7000E+01  4.4895E+01  2.9304E+00  2.8563E+03  1.9522E+02  5.8674E-01  2.7019E-02  8.0000E+02
  5.7000E+01  4.4895E+01  2.9304E+00  2.8563E+03  1.9522E+02  5.8674E-01  2.7019E-02  8.0000E+02
  5.7000E+01  4.4895E+01  2.9304E+00  2.8563E+03  1.9522E+02  5.8674E-01  2.7019E-02  8.0000E+02
  5.8000E+01  3.3884E+01  2.9304E+00  6.1160E+02  1.9522E+02  5.8674E-01  1.8871E-02  1.5000E+03
  5.8000E+01  3.3884E+01  2.9304E+00  6.1160E+02  1.9522E+02  5.8674E-01  1.8871E-02  1.5000E+03
  5.8000E+01  3.3884E+01  2.9304E+00  6.1160E+02  1.9522E+02  5.8674E-01  1.8871E-02  1.5000E+03
  5.8000E+01  3.3884E+01  2.9304E+00  6.1160E+02  1.9522E+02  5.8674E-01  1.8871E-02  1.5000E+03
  5.8000E+01  3.3884E+01  2.9304E+00  6.1160E+02  1.9522E+02  5.8674E-01  1.8871E-02  1.5000E+03
  5.8000E+01  3.3884E+01  2.9304E+00  6.1160E+02  1.9522E+02  5.8674E-01  1.8871E-02  1.5000E+03
  5.8000E+01  3.3884E+01  2.9304E+00  6.1160E+02  1.9522E+02  5.8674E-01  1.8871E-02  1.5000E+03
  5.9000E+01  3.9018E+01  2.9304E+00  2.8543E+01  1.9522E+02  5.8674E-01  1.8871E-02  1.5000E+03
  5.9000E+01  3.9018E+01  2.9304E+00  2.8543E+01  1.9522E+02  5.8674E-01  1.8871E-02  1.5000E+03
  5.9000E+01  3.9018E+01  2.9304E+00  2.8543E+01  1.9522E+02  5.8674E-01  1.8871E-02  1.5000E+03
  5.9000E+01  3.9018E+01  2.9304E+00  2.8543E+01  1.9522E+02  5.8674E-01  1.8871E-02  1.5000E+03
  5.9000E+01  3.9018E+01  2.9304E+00  2.8543E+01  1.9522E+02  5.8674E-01  1.8871E-02  1.5000E+03
  5.9000E+01  3.9018E+01  2.9304E+00  2.8543E+01  1.9522E+02  5.8674E-01  1.8871E-02  1.5000E+03
  5.9000E+01  3.9018E+01  2.9304E+00  2.8543E+01  1.9522E+02  5.8674E-01  1.8871E-02  1.5000E+03
  6.0000E+01  8.7131E+01  2.9304E+00  1.1365E+02  1.9522E+02  5.8674E-01  1.8871E-02  1.5000E+03
  6.0000E+01  8.7131E+01  2.9304E+00  1.1365E+02  1.9522E+02  5.8674E-01  1.8871E-02  1.5000E+03
  6.0000E+01  8.7131E+01  2.9304E+00  1.1365E+02  1.9522E+02  5.8674E-01  1.8871E-02  1.5000E+03
  6.0000E+01  8.7131E+01  2.9304E+00  1.1365E+02  1.9522E+02  5.8674E-01  1.8871E-02  1.5000E+03
  6.0000E+01  8.7131E+01  2.9304E+00  1.1365E+02  1.9522E+02  5.8674E-01  1.8871E-02  1.5000E+03
  6.0000E+01  8.7131E+01  2.9304E+00  1.1365E+02  1.9522E+02  5.8674E-01  1.8871E-02  1.5000E+03
  6.0000E+01  8.7131E+01  2.9304E+00  1.1365E+02  1.9522E+02  5.8674E-01  1.8871E-02  1.5000E+03
  6.1000E+01  2.0414E+01  2.9304E+00  1.2954E+03  1.9522E+02  5.8674E-01  5.5024E-02  3.0000E+02
  6.1000E+01  2.0414E+01  2.9304E+00  1.2954E+03  1.9522E+02  5.8674E-01  5.5024E-02  3.0000E+02
  6.1000E+01  2.0414E+01  2.9304E+00  1.2954E+03  1.9522E+02  5.8674E-01  5.5024E-02  3.0000E+02
  6.1000E+01  2.0414E+01  2.9304E+00  1.2954E+03  1.9522E+02  5.8674E-01  5.5024E-02  3.0000E+02
  6.1000E+01  2.0414E+01  2.9304E+00  1.2954E+03  1.9522E+02  5.8674E-01  5.5024E-02  3.0000E+02
  6.1000E+01  2.0414E+01  2.9304E+00  1.2954E+03  1.9522E+02  5.8674E-01  5.5024E-02  3.0000E+02
  6.2000E+01  6.2214E+01  2.9304E+00  9.8529E+02  1.9522E+02  5.8674E-01  5.5024E-02  3.0000E+02
  6.2000E+01  6.2214E+01  2.9304E+00  9.8529E+02  1.9522E+02  5.8674E-01  5.5024E-02  3.0000E+02
  6.2000E+01  6.2214E+01  2.9304E+00  9.8529E+02  1.9522E+02  5.8674E-01  5.5024E-02  3.0000E+02
  6.2000E+01  6.2214E+01  2.9304E+00  9.8529E+02  1.9522E+02  5.8674E-01  5.5024E-02  3.0000E+02
  6.2000E+01  6.2214E+01  2.9304E+00  9.8529E+02  1.9522E+02  5.8674E-01  5.5024E-02  3.0000E+02
  6.2000E+01  6.2214E+01  2.9304E+00  9.8529E+02  1.9522E+02  5.8674E-01  5.5024E-02  3.0000E+02
  6.3000E+01  1.4524E+01  2.9304E+00  9.9380E+02  1.9522E+02  5.8674E-01  5.5024E-02  3.0000E+02
  6.3000E+01  1.4524E+01  2.9304E+00  9.9380E+02  1.9522E+02  5.8674E-01  5.5024E-02  3.0000E+02
  6.3000E+01  1.4524E+01  2.9304E+00  9.9380E+02  1.9522E+02  5.8674E-01  5.5024E-02  3.0000E+02
  6.3000E+01  1.4524E+01  2.9304E+00  9.9380E+02  1.9522E+02  5.8674E-01  5.5024E-02  3.0000E+02
  6.3000E+01  1.4524E+01  2.9304E+00  9.9380E+02  1.9522E+02  5.8674E-01  5.5024E-02  3.0000E+02
  6.3000E+01  1.4524E+01  2.9304E+00  9.9380E+02  1.9522E+02  5.8674E-01  5.5024E-02  3.0000E+02
  6.4000E+01  1.2100E+01  2.9304E+00  4.6913E+02  1.9522E+02  5.8674E-01  2.7019E-02  8.0000E+02
  6.4000E+01  1.2100E+01  2.9304E+00  4.6913E+02  1.9522E+02  5.8674E-01  2.7019E-02  8.0000E+02
  6.4000E+01  1.2100E+01  2.9304E+00  4.6913E+02  1.9522E+02  5.8674E-01  2.7019E-02  8.0000E+02
  6.4000E+01  1.2100E+01  2.9304E+00  4.6913E+02  1.9522E+02  5.8674E-01  2.7019E-02  8.0000E+02
  6.4000E+01  1.2100E+01  2.9304E+00  4.6913E+02  1.9522E+02  5.8674E-01  2.7019E-02  8.0000E+02
  6.4000E+01  1.2100E+01  2.9304E+00  4.6913E+02  1.9522E+02  5.8674E-01  2.7019E-02  8.0000E+02
  6.5000E+01  2.3998E+01  2.9304E+00  3.8973E+02  1.9522E+02  5.8674E-01  2.7019E-02  8.0000E+02
  6.5000E+01  2.3998E+01  2.9304E+00  3.8973E+02  1.9522E+02  5.8674E-01  2.7019E-02  8.0000E+02
  6.5000E+01  2.3998E+01  2.9304E+00  3.8973E+02  1.9522E+02  5.8674E-01  2.7019E-02  8.0000E+02
  6.5000E+01  2.3998E+01  2.9304E+00  3.8973E+02  1.9522E+02  5.8674E-01  2.7019E-02  8.0000E+02
  6.5000E+01  2.3998E+01  2.9304E+00  3.8973E+02  1.9522E+02  5.8674E-01  2.7019E-02  8.0000E+02
  6.5000E+01  2.3998E+01  2.9304E+00  3.8973E+02  1.9522E+02  5.8674E-01  2.7019E-02  8.0000E+02
  6.6000E+01  2.6080E+01  2.9304E+00  3.5940E+02  1.9522E+02  5.8674E-01  2.7019E-02  8.0000E+02
  6.6000E+01  2.6080E+01  2.9304E+00  3.5940E+02  1.9522E+02  5.8674E-01  2.7019E-02  8.0000E+02
  6.6000E+01  2.6080E+01  2.9304E+00  3.5940E+02  1.9522E+02  5.8674E-01  2.7019E-02  8.0000E+02
  6.6000E+01  2.6080E+01  2.9304E+00  3.5940E+02  1.9522E+02  5.8674E-01  2.7019E-02  8.0000E+02
  6.6000E+01  2.6080E+01  2.9304E+00  3.5940E+02  1.9522E+02  5.8674E-01  2.7019E-02  8.0000E+02
  6.6000E+01  2.6080E+01  2.9304E+00  3.5940E+02  1.9522E+02  5.8674E-01  2.7019E-02  8.0000E+02
  6.7000E+01  2.3794E+01  2.9304E+00  4.7191E+02  1.9522E+02  5.8674E-01  1.8871E-02  1.5000E+03
  6.7000E+01  2.3794E+01  2.9304E+00  4.7191E+02  1.9522E+02  5.8674E-01  1.8871E-02  1.5000E+03
  6.7000E+01  2.3794E+01  2.9304E+00  4.7191E+02  1.9522E+02  5.8674E-01  1.8871E-02  1.5000E+03
  6.7000E+01  2.3794E+01  2.9304E+00  4.7191E+02  1.9522E+02  5.8674E-01  1.8871E-02  1.5000E+03
  6.7000E+01  2.3794E+01  2.9304E+00  4.7191E+02  1.9522E+02  5.8674E-01  1.8871E-02  1.5000E+03
  6.7000E+01  2.3794E+01  2.9304E+00  4.7191E+02  1.9522E+02  5.8674E-01  1.8871E-02  1.5000E+03
  6.8000E+01  2.5414E+01  2.9304E+00  9.4645E+02  1.9522E+02  5.8674E-01  1.8871E-02  1.5000E+03
  6.8000E+01  2.5414E+01  2.9304E+00  9.4645E+02  1.9522E+02  5.8674E-01  1.8871E-02  1.5000E+03
  6.8000E+01  2.5414E+01  2.9304E+00  9.4645E+02  1.9522E+02  5.8674E-01  1.8871E-02  1.5000E+03
  6.8000E+01  2.5414E+01  2.9304E+00  9.4645E+02  1.9522E+02  5.8674E-01  1.8871E-02  1.5000E+03
  6.8000E+01  2.5414E+01  2.9304E+00  9.4645E+02  1.9522E+02  5.8674E-01  1.8871E-02  1.5000E+03
  6.8000E+01  2.5414E+01  2.9304E+00  9.4645E+02  1.9522E+02  5.8674E-01  1.8871E-02  1.5000E+03
  6.9000E+01  1.6586E+01  2.9304E+00  3.6382E+02  1.9522E+02  5.8674E-01  1.8871E-02  1.5000E+03
  6.9000E+01  1.6586E+01  2.9304E+00  3.6382E+02  1.9522E+02  5.8674E-01  1.8871E-02  1.5000E+03
  6.9000E+01  1.6586E+01  2.9304E+00  3.6382E+02  1.9522E+02  5.8674E-01  1.8871E-02  1.5000E+03
  6.9000E+01  1.6586E+01  2.9304E+00  3.6382E+02  1.9522E+02  5.8674E-01  1.8871E-02  1.5000E+03
  6.9000E+01  1.6586E+01  2.9304E+00  3.6382E+02  1.9522E+02  5.8674E-01  1.8871E-02  1.5000E+03
  6.9000E+01  1.6586E+01  2.9304E+00  3.6382E+02  1.9522E+02  5.8674E-01  1.8871E-02  1.5000E+03
  7.0000E+01  9.6488E+01  2.9304E+00  1.3244E+03  1.9522E+02  5.8674E-01  5.5024E-02  3.0000E+02
  7.0000E+01  9.6488E+01  2.9304E+00  1.3244E+03  1.9522E+02  5.8674E-01  5.5024E-02  3.0000E+02
  7.0000E+01  9.6488E+01  2.9304E+00  1.3244E+03  1.9522E+02  5.8674E-01  5.5024E-02  3.0000E+02
  7.0000E+01  9.6488E+01  2.9304E+00  1.3244E+03  1.9522E+02  5.8674E-01  5.5024E-02  3.0000E+02
  7.0000E+01  9.6488E+01  2.9304E+00  1.3244E+03  1.9522E+02  5.8674E-01  5.5024E-02  3.0000E+02
  7.0000E+01  9.6488E+01  2.9304E+00  1.3244E+03  1.9522E+02  5.8674E-01  5.5024E-02  3.0000E+02
  7.1000E+01  3.3488E+01  2.9304E+00  1.5234E+02  1.9522E+02  5.8674E-01  5.5024E-02  3.0000E+02
  7.1000E+01  3.3488E+01  2.9304E+00  1.5234E+02  1.9522E+02  5.8674E-01  5.5024E-02  3.0000E+02
  7.1000E+01  3.3488E+01  2.9304E+00  1.5234E+02  1.9522E+02  5.8674E-01  5.5024E-02  3.0000E+02
  7.1000E+01  3.3488E+01  2.9304E+00  1.5234E+02  1.9522E+02  5.8674E-01  5.5024E-02  3.0000E+02
  7.1000E+01  3.3488E+01  2.9304E+00  1.5234E+02  1.9522E+02  5.8674E-01  5.5024E-02  3.0000E+02
  7.1000E+01  3.3488E+01  2.9304E+00  1.5234E+02  1.9522E+02  5.8674E-01  5.5024E-02  3.0000E+02
  7.2000E+01  5.8714E+01  2.9304E+00  5.4118E+02  1.9522E+02  5.8674E-01  5.5024E-02  3.0000E+02
  7.2000E+01  5.8714E+01  2.9304E+00  5.4118E+02  1.9522E+02  5.8674E-01  5.5024E-02  3.0000E+02
  7.2000E+01  5.8714E+01  2.9304E+00  5.4118E+02  1.9522E+02  5.8674E-01  5.5024E-02  3.0000E+02
  7.2000E+01  5.8714E+01  2.9304E+00  5.4118E+02  1.9522E+02  5.8674E-01  5.5024E-02  3.0000E+02
  7.2000E+01  5.8714E+01  2.9304E+00  5.4118E+02  1.9522E+02  5.8674E-01  5.5024E-02  3.0000E+02
  7.2000E+01  5.8714E+01  2.9304E+00  5.4118E+02  1.9522E+02  5.8674E-01  5.5024E-02  3.0000E+02
  7.3000E+01  9.0056E+00  2.9304E+00  2.3601E+02  1.9522E+02  5.8674E-01  2.7019E-02  8.0000E+02
  7.3000E+01  9.0056E+00  2.9304E+00  2.3601E+02  1.9522E+02  5.8674E-01  2.7019E-02  8.0000E+02
  7.3000E+01  9.0056E+00  2.9304E+00  2.3601E+02  1.9522E+02  5.8674E-01  2.7019E-02  8.0000E+02
  7.3000E+01  9.0056E+00  2.9304E+00  2.3601E+02  1.9522E+02  5.8674E-01  2.7019E-02  8.0000E+02
  7.3000E+01  9.0056E+00  2.9304E+00  2.3601E+02  1.9522E+02  5.8674E-01  2.7019E-02  8.0000E+02
  7.3000E+01  9.0056E+00  2.9304E+00  2.3601E+02  1.9522E+02  5.8674E-01  2.7019E-02  8.0000E+02
  7.4000E+01  5.1745E+01  2.9304E+00  2.4880E+02  1.9522E+02  5.8674E-01  2.7019E-02  8.0000E+02
  7.4000E+01  5.1745E+01  2.9304E+00  2.4880E+02  1.9522E+02  5.8674E-01  2.7019E-02  8.0000E+02
  7.4000E+01  5.1745E+01  2.9304E+00  2.4880E+02  1.9522E+02  5.8674E-01  2.7019E-02  8.0000E+02
  7.4000E+01  5.1745E+01  2.9304E+00  2.4880E+02  1.9522E+02  5.8674E-01  2.7019E-02  8.0000E+02
  7.4000E+01  5.1745E+01  2.9304E+00  2.4880E+02  1.9522E+02  5.8674E-01  2.7019E-02  8.0000E+02
  7.4000E+01  5.1745E+01  2.9304E+00  2.4880E+02  1.9522E+02  5.8674E-01  2.7019E-02  8.0000E+02
  7.5000E+01  6.1541E+01  2.9304E+00  7.4795E+02  1.9522E+02  5.8674E-01  2.7019E-02  8.0000E+02
  7.5000E+01  6.1541E+01  2.9304E+00  7.4795E+02  1.9522E+02  5.8674E-01  2.7019E-02  8.0000E+02
  7.5000E+01  6.1541E+01  2.9304E+00  7.4795E+02  1.9522E+02  5.8674E-01  2.7019E-02  8.0000E+02
  7.5000E+01  6.1541E+01  2.9304E+00  7.4795E+02  1.9522E+02  5.8674E-01  2.7019E-02  8.0000E+02
  7.5000E+01  6.1541E+01  2.9304E+00  7.4795E+02  1.9522E+02  5.8674E-01  2.7019E-02  8.0000E+02
  7.5000E+01  6.1541E+01  2.9304E+00  7.4795E+02  1.9522E+02  5.8674E-01  2.7019E-02  8.0000E+02
  7.6000E+01  1.0258E+02  2.9304E+00  1.1327E+03  1.9522E+02  5.8674E-01  1.8871E-02  1.5000E+03
  7.6000E+01  1.0258E+02  2.9304E+00  1.1327E+03  1.9522E+02  5.8674E-01  1.8871E-02  1.5000E+03
  7.6000E+01  1.0258E+02  2.9304E+00  1.1327E+03  1.9522E+02  5.8674E-01  1.8871E-02  1.5000E+03
  7.6000E+01  1.0258E+02  2.9304E+00  1.1327E+03  1.9522E+02  5.8674E-01  1.8871E-02  1.5000E+03
  7.6000E+01  1.0258E+02  2.9304E+00  1.1327E+03  1.9522E+02  5.8674E-01  1.8871E-02  1.5000E+03
  7.6000E+01  1.0258E+02  2.9304E+00  1.1327E+03  1.9522E+02  5.8674E-01  1.8871E-02  1.5000E+03
  7.7000E+01  4.9496E+01  2.9304E+00  1.2601E+02  1.9522E+02  5.8674E-01  1.8871E-02  1.5000E+03
  7.7000E+01  4.9496E+01  2.9304E+00  1.2601E+02  1.9522E+02  5.8674E-01  1.8871E-02  1.5000E+03
  7.7000E+01  4.9496E+01  2.9304E+00  1.2601E+02  1.9522E+02  5.8674E-01  1.8871E-02  1.5000E+03
  7.7000E+01  4.9496E+01  2.9304E+00  1.2601E+02  1.9522E+02  5.8674E-01  1.8871E-02  1.5000E+03
  7.7000E+01  4.9496E+01  2.9304E+00  1.2601E+02  1.9522E+02  5.8674E-01  1.8871E-02  1.5000E+03
  7.7000E+01  4.9496E+01  2.9304E+00  1.2601E+02  1.9522E+02  5.8674E-01  1.8871E-02  1.5000E+03
  7.8000E+01  8.2910E+01  2.9304E+00  1.7425E+02  1.9522E+02  5.8674E-01  1.8871E-02  1.5000E+03
  7.8000E+01  8.2910E+01  2.9304E+00  1.7425E+02  1.9522E+02  5.8674E-01  1.8871E-02  1.5000E+03
  7.8000E+01  8.2910E+01  2.9304E+00  1.7425E+02  1.9522E+02  5.8674E-01  1.8871E-02  1.5000E+03
  7.8000E+01  8.2910E+01  2.9304E+00  1.7425E+02  1.9522E+02  5.8674E-01  1.8871E-02  1.5000E+03
  7.8000E+01  8.2910E+01  2.9304E+00  1.7425E+02  1.9522E+02  5.8674E-01  1.8871E-02  1.5000E+03
  7.8000E+01  8.2910E+01  2.9304E+00  1.7425E+02  1.9522E+02  5.8674E-01  1.8871E-02  1.5000E+03
