TABLE NO.  2
 ID          CL          V2          V3          Q           KA          F1          DOSE
  1.0000E+00  5.3332E+00  1.3985E+00  5.0000E-01  3.6902E-02  1.5078E+01  3.0545E-03  1.0000E+01
  1.0000E+00  5.3332E+00  1.3985E+00  5.0000E-01  3.6902E-02  1.5078E+01  3.0545E-03  1.0000E+01
  1.0000E+00  5.3332E+00  1.3985E+00  5.0000E-01  3.6902E-02  1.5078E+01  3.0545E-03  1.0000E+01
  1.0000E+00  5.3332E+00  1.3985E+00  5.0000E-01  3.6902E-02  1.5078E+01  3.0545E-03  1.0000E+01
  1.0000E+00  5.3332E+00  1.3985E+00  5.0000E-01  3.6902E-02  1.5078E+01  3.0545E-03  1.0000E+01
  1.0000E+00  5.3332E+00  1.3985E+00  5.0000E-01  3.6902E-02  1.5078E+01  3.0545E-03  1.0000E+01
  1.0000E+00  5.3332E+00  1.3985E+00  5.0000E-01  3.6902E-02  1.5078E+01  3.0545E-03  1.0000E+01
  1.0000E+00  5.3332E+00  1.3985E+00  5.0000E-01  3.6902E-02  1.5078E+01  3.0545E-03  1.0000E+01
  1.0000E+00  5.3332E+00  1.3985E+00  5.0000E-01  3.6902E-02  1.5078E+01  3.0545E-03  1.0000E+01
  1.0000E+00  5.3332E+00  1.3985E+00  5.0000E-01  3.6902E-02  1.5078E+01  3.0545E-03  1.0000E+01
  1.0000E+00  5.3332E+00  1.3985E+00  5.0000E-01  3.6902E-02  1.5078E+01  3.0545E-03  1.0000E+01
  1.0000E+00  5.3332E+00  1.3985E+00  5.0000E-01  3.6902E-02  1.5078E+01  3.0545E-03  1.0000E+01
  2.0000E+00  4.8242E+00  1.4919E+00  5.0000E-01  3.1177E-02  1.5078E+01  3.0545E-03  1.0000E+01
  2.0000E+00  4.8242E+00  1.4919E+00  5.0000E-01  3.1177E-02  1.5078E+01  3.0545E-03  1.0000E+01
  2.0000E+00  4.8242E+00  1.4919E+00  5.0000E-01  3.1177E-02  1.5078E+01  3.0545E-03  1.0000E+01
  2.0000E+00  4.8242E+00  1.4919E+00  5.0000E-01  3.1177E-02  1.5078E+01  3.0545E-03  1.0000E+01
  2.0000E+00  4.8242E+00  1.4919E+00  5.0000E-01  3.1177E-02  1.5078E+01  3.0545E-03  1.0000E+01
  2.0000E+00  4.8242E+00  1.4919E+00  5.0000E-01  3.1177E-02  1.5078E+01  3.0545E-03  1.0000E+01
  2.0000E+00  4.8242E+00  1.4919E+00  5.0000E-01  3.1177E-02  1.5078E+01  3.0545E-03  1.0000E+01
  2.0000E+00  4.8242E+00  1.4919E+00  5.0000E-01  3.1177E-02  1.5078E+01  3.0545E-03  1.0000E+01
  2.0000E+00  4.8242E+00  1.4919E+00  5.0000E-01  3.1177E-02  1.5078E+01  3.0545E-03  1.0000E+01
  2.0000E+00  4.8242E+00  1.4919E+00  5.0000E-01  3.1177E-02  1.5078E+01  3.0545E-03  1.0000E+01
  2.0000E+00  4.8242E+00  1.4919E+00  5.0000E-01  3.1177E-02  1.5078E+01  3.0545E-03  1.0000E+01
  2.0000E+00  4.8242E+00  1.4919E+00  5.0000E-01  3.1177E-02  1.5078E+01  3.0545E-03  1.0000E+01
  3.0000E+00  7.5437E+00  7.7686E-01  5.0000E-01  1.1930E-01  1.5078E+01  3.0545E-03  1.0000E+01
  3.0000E+00  7.5437E+00  7.7686E-01  5.0000E-01  1.1930E-01  1.5078E+01  3.0545E-03  1.0000E+01
  3.0000E+00  7.5437E+00  7.7686E-01  5.0000E-01  1.1930E-01  1.5078E+01  3.0545E-03  1.0000E+01
  3.0000E+00  7.5437E+00  7.7686E-01  5.0000E-01  1.1930E-01  1.5078E+01  3.0545E-03  1.0000E+01
  3.0000E+00  7.5437E+00  7.7686E-01  5.0000E-01  1.1930E-01  1.5078E+01  3.0545E-03  1.0000E+01
  3.0000E+00  7.5437E+00  7.7686E-01  5.0000E-01  1.1930E-01  1.5078E+01  3.0545E-03  1.0000E+01
  3.0000E+00  7.5437E+00  7.7686E-01  5.0000E-01  1.1930E-01  1.5078E+01  3.0545E-03  1.0000E+01
  3.0000E+00  7.5437E+00  7.7686E-01  5.0000E-01  1.1930E-01  1.5078E+01  3.0545E-03  1.0000E+01
  3.0000E+00  7.5437E+00  7.7686E-01  5.0000E-01  1.1930E-01  1.5078E+01  3.0545E-03  1.0000E+01
  3.0000E+00  7.5437E+00  7.7686E-01  5.0000E-01  1.1930E-01  1.5078E+01  3.0545E-03  1.0000E+01
  3.0000E+00  7.5437E+00  7.7686E-01  5.0000E-01  1.1930E-01  1.5078E+01  3.0545E-03  1.0000E+01
  3.0000E+00  7.5437E+00  7.7686E-01  5.0000E-01  1.1930E-01  1.5078E+01  3.0545E-03  1.0000E+01
  4.0000E+00  4.2993E-01  9.5873E-01  5.0000E-01  4.9394E-02  1.5078E+01  4.2012E-03  1.0000E+01
  4.0000E+00  4.2993E-01  9.5873E-01  5.0000E-01  4.9394E-02  1.5078E+01  4.2012E-03  1.0000E+01
  4.0000E+00  4.2993E-01  9.5873E-01  5.0000E-01  4.9394E-02  1.5078E+01  4.2012E-03  1.0000E+01
  4.0000E+00  4.2993E-01  9.5873E-01  5.0000E-01  4.9394E-02  1.5078E+01  4.2012E-03  1.0000E+01
  4.0000E+00  4.2993E-01  9.5873E-01  5.0000E-01  4.9394E-02  1.5078E+01  4.2012E-03  1.0000E+01
  4.0000E+00  4.2993E-01  9.5873E-01  5.0000E-01  4.9394E-02  1.5078E+01  4.2012E-03  1.0000E+01
  4.0000E+00  4.2993E-01  9.5873E-01  5.0000E-01  4.9394E-02  1.5078E+01  4.2012E-03  1.0000E+01
  4.0000E+00  4.2993E-01  9.5873E-01  5.0000E-01  4.9394E-02  1.5078E+01  4.2012E-03  1.0000E+01
  4.0000E+00  4.2993E-01  9.5873E-01  5.0000E-01  4.9394E-02  1.5078E+01  4.2012E-03  1.0000E+01
  4.0000E+00  4.2993E-01  9.5873E-01  5.0000E-01  4.9394E-02  1.5078E+01  4.2012E-03  1.0000E+01
  4.0000E+00  4.2993E-01  9.5873E-01  5.0000E-01  4.9394E-02  1.5078E+01  4.2012E-03  1.0000E+01
  4.0000E+00  4.2993E-01  9.5873E-01  5.0000E-01  4.9394E-02  1.5078E+01  4.2012E-03  1.0000E+01
  4.0000E+00  4.2993E-01  9.5873E-01  5.0000E-01  4.9394E-02  1.5078E+01  4.2012E-03  1.0000E+01
  5.0000E+00  5.6179E-01  9.8508E-01  5.0000E-01  3.8721E-02  1.5078E+01  4.2030E-03  1.0000E+01
  5.0000E+00  5.6179E-01  9.8508E-01  5.0000E-01  3.8721E-02  1.5078E+01  4.2030E-03  1.0000E+01
  5.0000E+00  5.6179E-01  9.8508E-01  5.0000E-01  3.8721E-02  1.5078E+01  4.2030E-03  1.0000E+01
  5.0000E+00  5.6179E-01  9.8508E-01  5.0000E-01  3.8721E-02  1.5078E+01  4.2030E-03  1.0000E+01
  5.0000E+00  5.6179E-01  9.8508E-01  5.0000E-01  3.8721E-02  1.5078E+01  4.2030E-03  1.0000E+01
  5.0000E+00  5.6179E-01  9.8508E-01  5.0000E-01  3.8721E-02  1.5078E+01  4.2030E-03  1.0000E+01
  5.0000E+00  5.6179E-01  9.8508E-01  5.0000E-01  3.8721E-02  1.5078E+01  4.2030E-03  1.0000E+01
  5.0000E+00  5.6179E-01  9.8508E-01  5.0000E-01  3.8721E-02  1.5078E+01  4.2030E-03  1.0000E+01
  5.0000E+00  5.6179E-01  9.8508E-01  5.0000E-01  3.8721E-02  1.5078E+01  4.2030E-03  1.0000E+01
  5.0000E+00  5.6179E-01  9.8508E-01  5.0000E-01  3.8721E-02  1.5078E+01  4.2030E-03  1.0000E+01
  5.0000E+00  5.6179E-01  9.8508E-01  5.0000E-01  3.8721E-02  1.5078E+01  4.2030E-03  1.0000E+01
  5.0000E+00  5.6179E-01  9.8508E-01  5.0000E-01  3.8721E-02  1.5078E+01  4.2030E-03  1.0000E+01
  5.0000E+00  5.6179E-01  9.8508E-01  5.0000E-01  3.8721E-02  1.5078E+01  4.2030E-03  1.0000E+01
  6.0000E+00  4.0849E-01  9.5145E-01  5.0000E-01  6.4545E-02  1.5078E+01  3.5291E-03  1.0000E+01
  6.0000E+00  4.0849E-01  9.5145E-01  5.0000E-01  6.4545E-02  1.5078E+01  3.5291E-03  1.0000E+01
  6.0000E+00  4.0849E-01  9.5145E-01  5.0000E-01  6.4545E-02  1.5078E+01  3.5291E-03  1.0000E+01
  6.0000E+00  4.0849E-01  9.5145E-01  5.0000E-01  6.4545E-02  1.5078E+01  3.5291E-03  1.0000E+01
  6.0000E+00  4.0849E-01  9.5145E-01  5.0000E-01  6.4545E-02  1.5078E+01  3.5291E-03  1.0000E+01
  6.0000E+00  4.0849E-01  9.5145E-01  5.0000E-01  6.4545E-02  1.5078E+01  3.5291E-03  1.0000E+01
  6.0000E+00  4.0849E-01  9.5145E-01  5.0000E-01  6.4545E-02  1.5078E+01  3.5291E-03  1.0000E+01
  6.0000E+00  4.0849E-01  9.5145E-01  5.0000E-01  6.4545E-02  1.5078E+01  3.5291E-03  1.0000E+01
  6.0000E+00  4.0849E-01  9.5145E-01  5.0000E-01  6.4545E-02  1.5078E+01  3.5291E-03  1.0000E+01
  6.0000E+00  4.0849E-01  9.5145E-01  5.0000E-01  6.4545E-02  1.5078E+01  3.5291E-03  1.0000E+01
  6.0000E+00  4.0849E-01  9.5145E-01  5.0000E-01  6.4545E-02  1.5078E+01  3.5291E-03  1.0000E+01
  6.0000E+00  4.0849E-01  9.5145E-01  5.0000E-01  6.4545E-02  1.5078E+01  3.5291E-03  1.0000E+01
  6.0000E+00  4.0849E-01  9.5145E-01  5.0000E-01  6.4545E-02  1.5078E+01  3.5291E-03  1.0000E+01
  7.0000E+00  2.2836E-01  1.2576E+00  5.0000E-01  4.1287E-02  1.5078E+01  2.1779E-04  1.2500E+02
  7.0000E+00  2.2836E-01  1.2576E+00  5.0000E-01  4.1287E-02  1.5078E+01  2.1779E-04  1.2500E+02
  7.0000E+00  2.2836E-01  1.2576E+00  5.0000E-01  4.1287E-02  1.5078E+01  2.1779E-04  1.2500E+02
  7.0000E+00  2.2836E-01  1.2576E+00  5.0000E-01  4.1287E-02  1.5078E+01  2.1779E-04  1.2500E+02
  7.0000E+00  2.2836E-01  1.2576E+00  5.0000E-01  4.1287E-02  1.5078E+01  2.1779E-04  1.2500E+02
  7.0000E+00  2.2836E-01  1.2576E+00  5.0000E-01  4.1287E-02  1.5078E+01  2.1779E-04  1.2500E+02
  7.0000E+00  2.2836E-01  1.2576E+00  5.0000E-01  4.1287E-02  1.5078E+01  2.1779E-04  1.2500E+02
  7.0000E+00  2.2836E-01  1.2576E+00  5.0000E-01  4.1287E-02  1.5078E+01  2.1779E-04  1.2500E+02
  8.0000E+00  2.6554E-01  1.1030E+00  5.0000E-01  5.7317E-02  1.5078E+01  2.2328E-04  1.2500E+02
  8.0000E+00  2.6554E-01  1.1030E+00  5.0000E-01  5.7317E-02  1.5078E+01  2.2328E-04  1.2500E+02
  8.0000E+00  2.6554E-01  1.1030E+00  5.0000E-01  5.7317E-02  1.5078E+01  2.2328E-04  1.2500E+02
  8.0000E+00  2.6554E-01  1.1030E+00  5.0000E-01  5.7317E-02  1.5078E+01  2.2328E-04  1.2500E+02
  8.0000E+00  2.6554E-01  1.1030E+00  5.0000E-01  5.7317E-02  1.5078E+01  2.2328E-04  1.2500E+02
  8.0000E+00  2.6554E-01  1.1030E+00  5.0000E-01  5.7317E-02  1.5078E+01  2.2328E-04  1.2500E+02
  8.0000E+00  2.6554E-01  1.1030E+00  5.0000E-01  5.7317E-02  1.5078E+01  2.2328E-04  1.2500E+02
  8.0000E+00  2.6554E-01  1.1030E+00  5.0000E-01  5.7317E-02  1.5078E+01  2.2328E-04  1.2500E+02
  9.0000E+00  1.7897E-01  1.1929E+00  5.0000E-01  5.1090E-02  1.5078E+01  2.2133E-04  1.2500E+02
  9.0000E+00  1.7897E-01  1.1929E+00  5.0000E-01  5.1090E-02  1.5078E+01  2.2133E-04  1.2500E+02
  9.0000E+00  1.7897E-01  1.1929E+00  5.0000E-01  5.1090E-02  1.5078E+01  2.2133E-04  1.2500E+02
  9.0000E+00  1.7897E-01  1.1929E+00  5.0000E-01  5.1090E-02  1.5078E+01  2.2133E-04  1.2500E+02
  9.0000E+00  1.7897E-01  1.1929E+00  5.0000E-01  5.1090E-02  1.5078E+01  2.2133E-04  1.2500E+02
  9.0000E+00  1.7897E-01  1.1929E+00  5.0000E-01  5.1090E-02  1.5078E+01  2.2133E-04  1.2500E+02
  9.0000E+00  1.7897E-01  1.1929E+00  5.0000E-01  5.1090E-02  1.5078E+01  2.2133E-04  1.2500E+02
  9.0000E+00  1.7897E-01  1.1929E+00  5.0000E-01  5.1090E-02  1.5078E+01  2.2133E-04  1.2500E+02
  1.0000E+01  3.7714E-02  1.2135E+00  5.0000E-01  4.0821E-02  1.5078E+01  1.9817E-04  2.5000E+02
  1.0000E+01  3.7714E-02  1.2135E+00  5.0000E-01  4.0821E-02  1.5078E+01  1.9817E-04  2.5000E+02
  1.0000E+01  3.7714E-02  1.2135E+00  5.0000E-01  4.0821E-02  1.5078E+01  1.9817E-04  2.5000E+02
  1.0000E+01  3.7714E-02  1.2135E+00  5.0000E-01  4.0821E-02  1.5078E+01  1.9817E-04  2.5000E+02
  1.0000E+01  3.7714E-02  1.2135E+00  5.0000E-01  4.0821E-02  1.5078E+01  1.9817E-04  2.5000E+02
  1.0000E+01  3.7714E-02  1.2135E+00  5.0000E-01  4.0821E-02  1.5078E+01  1.9817E-04  2.5000E+02
  1.0000E+01  3.7714E-02  1.2135E+00  5.0000E-01  4.0821E-02  1.5078E+01  1.9817E-04  2.5000E+02
  1.0000E+01  3.7714E-02  1.2135E+00  5.0000E-01  4.0821E-02  1.5078E+01  1.9817E-04  2.5000E+02
  1.1000E+01  2.4691E-01  1.1674E+00  5.0000E-01  4.2663E-02  1.5078E+01  1.5221E-04  2.5000E+02
  1.1000E+01  2.4691E-01  1.1674E+00  5.0000E-01  4.2663E-02  1.5078E+01  1.5221E-04  2.5000E+02
  1.1000E+01  2.4691E-01  1.1674E+00  5.0000E-01  4.2663E-02  1.5078E+01  1.5221E-04  2.5000E+02
  1.1000E+01  2.4691E-01  1.1674E+00  5.0000E-01  4.2663E-02  1.5078E+01  1.5221E-04  2.5000E+02
  1.1000E+01  2.4691E-01  1.1674E+00  5.0000E-01  4.2663E-02  1.5078E+01  1.5221E-04  2.5000E+02
  1.1000E+01  2.4691E-01  1.1674E+00  5.0000E-01  4.2663E-02  1.5078E+01  1.5221E-04  2.5000E+02
  1.1000E+01  2.4691E-01  1.1674E+00  5.0000E-01  4.2663E-02  1.5078E+01  1.5221E-04  2.5000E+02
  1.1000E+01  2.4691E-01  1.1674E+00  5.0000E-01  4.2663E-02  1.5078E+01  1.5221E-04  2.5000E+02
  1.2000E+01  1.7970E-01  1.2401E+00  5.0000E-01  5.1709E-02  1.5078E+01  9.8607E-05  2.5000E+02
  1.2000E+01  1.7970E-01  1.2401E+00  5.0000E-01  5.1709E-02  1.5078E+01  9.8607E-05  2.5000E+02
  1.2000E+01  1.7970E-01  1.2401E+00  5.0000E-01  5.1709E-02  1.5078E+01  9.8607E-05  2.5000E+02
  1.2000E+01  1.7970E-01  1.2401E+00  5.0000E-01  5.1709E-02  1.5078E+01  9.8607E-05  2.5000E+02
  1.2000E+01  1.7970E-01  1.2401E+00  5.0000E-01  5.1709E-02  1.5078E+01  9.8607E-05  2.5000E+02
  1.2000E+01  1.7970E-01  1.2401E+00  5.0000E-01  5.1709E-02  1.5078E+01  9.8607E-05  2.5000E+02
  1.2000E+01  1.7970E-01  1.2401E+00  5.0000E-01  5.1709E-02  1.5078E+01  9.8607E-05  2.5000E+02
  1.2000E+01  1.7970E-01  1.2401E+00  5.0000E-01  5.1709E-02  1.5078E+01  9.8607E-05  2.5000E+02
  1.3000E+01  4.2416E-02  1.1933E+00  5.0000E-01  5.9426E-02  1.5078E+01  7.0977E-05  5.0000E+02
  1.3000E+01  4.2416E-02  1.1933E+00  5.0000E-01  5.9426E-02  1.5078E+01  7.0977E-05  5.0000E+02
  1.3000E+01  4.2416E-02  1.1933E+00  5.0000E-01  5.9426E-02  1.5078E+01  7.0977E-05  5.0000E+02
  1.3000E+01  4.2416E-02  1.1933E+00  5.0000E-01  5.9426E-02  1.5078E+01  7.0977E-05  5.0000E+02
  1.3000E+01  4.2416E-02  1.1933E+00  5.0000E-01  5.9426E-02  1.5078E+01  7.0977E-05  5.0000E+02
  1.3000E+01  4.2416E-02  1.1933E+00  5.0000E-01  5.9426E-02  1.5078E+01  7.0977E-05  5.0000E+02
  1.3000E+01  4.2416E-02  1.1933E+00  5.0000E-01  5.9426E-02  1.5078E+01  7.0977E-05  5.0000E+02
  1.3000E+01  4.2416E-02  1.1933E+00  5.0000E-01  5.9426E-02  1.5078E+01  7.0977E-05  5.0000E+02
  1.4000E+01  1.5178E-01  1.1657E+00  5.0000E-01  4.0010E-02  1.5078E+01  8.6245E-05  5.0000E+02
  1.4000E+01  1.5178E-01  1.1657E+00  5.0000E-01  4.0010E-02  1.5078E+01  8.6245E-05  5.0000E+02
  1.4000E+01  1.5178E-01  1.1657E+00  5.0000E-01  4.0010E-02  1.5078E+01  8.6245E-05  5.0000E+02
  1.4000E+01  1.5178E-01  1.1657E+00  5.0000E-01  4.0010E-02  1.5078E+01  8.6245E-05  5.0000E+02
  1.4000E+01  1.5178E-01  1.1657E+00  5.0000E-01  4.0010E-02  1.5078E+01  8.6245E-05  5.0000E+02
  1.4000E+01  1.5178E-01  1.1657E+00  5.0000E-01  4.0010E-02  1.5078E+01  8.6245E-05  5.0000E+02
  1.4000E+01  1.5178E-01  1.1657E+00  5.0000E-01  4.0010E-02  1.5078E+01  8.6245E-05  5.0000E+02
  1.4000E+01  1.5178E-01  1.1657E+00  5.0000E-01  4.0010E-02  1.5078E+01  8.6245E-05  5.0000E+02
  1.5000E+01  3.9858E-02  1.1715E+00  5.0000E-01  5.3137E-02  1.5078E+01  8.9422E-05  5.0000E+02
  1.5000E+01  3.9858E-02  1.1715E+00  5.0000E-01  5.3137E-02  1.5078E+01  8.9422E-05  5.0000E+02
  1.5000E+01  3.9858E-02  1.1715E+00  5.0000E-01  5.3137E-02  1.5078E+01  8.9422E-05  5.0000E+02
  1.5000E+01  3.9858E-02  1.1715E+00  5.0000E-01  5.3137E-02  1.5078E+01  8.9422E-05  5.0000E+02
  1.5000E+01  3.9858E-02  1.1715E+00  5.0000E-01  5.3137E-02  1.5078E+01  8.9422E-05  5.0000E+02
  1.5000E+01  3.9858E-02  1.1715E+00  5.0000E-01  5.3137E-02  1.5078E+01  8.9422E-05  5.0000E+02
  1.5000E+01  3.9858E-02  1.1715E+00  5.0000E-01  5.3137E-02  1.5078E+01  8.9422E-05  5.0000E+02
  1.5000E+01  3.9858E-02  1.1715E+00  5.0000E-01  5.3137E-02  1.5078E+01  8.9422E-05  5.0000E+02
  1.6000E+01  2.2707E-01  1.2966E+00  5.0000E-01  5.3786E-02  1.5078E+01  1.3941E-04  1.2500E+02
  1.6000E+01  2.2707E-01  1.2966E+00  5.0000E-01  5.3786E-02  1.5078E+01  1.3941E-04  1.2500E+02
  1.6000E+01  2.2707E-01  1.2966E+00  5.0000E-01  5.3786E-02  1.5078E+01  1.3941E-04  1.2500E+02
  1.6000E+01  2.2707E-01  1.2966E+00  5.0000E-01  5.3786E-02  1.5078E+01  1.3941E-04  1.2500E+02
  1.6000E+01  2.2707E-01  1.2966E+00  5.0000E-01  5.3786E-02  1.5078E+01  1.3941E-04  1.2500E+02
  1.6000E+01  2.2707E-01  1.2966E+00  5.0000E-01  5.3786E-02  1.5078E+01  1.3941E-04  1.2500E+02
  1.6000E+01  2.2707E-01  1.2966E+00  5.0000E-01  5.3786E-02  1.5078E+01  1.3941E-04  1.2500E+02
  1.6000E+01  2.2707E-01  1.2966E+00  5.0000E-01  5.3786E-02  1.5078E+01  1.3941E-04  1.2500E+02
  1.7000E+01  2.2946E-01  1.2754E+00  5.0000E-01  5.1188E-02  1.5078E+01  1.6990E-04  1.2500E+02
  1.7000E+01  2.2946E-01  1.2754E+00  5.0000E-01  5.1188E-02  1.5078E+01  1.6990E-04  1.2500E+02
  1.7000E+01  2.2946E-01  1.2754E+00  5.0000E-01  5.1188E-02  1.5078E+01  1.6990E-04  1.2500E+02
  1.7000E+01  2.2946E-01  1.2754E+00  5.0000E-01  5.1188E-02  1.5078E+01  1.6990E-04  1.2500E+02
  1.7000E+01  2.2946E-01  1.2754E+00  5.0000E-01  5.1188E-02  1.5078E+01  1.6990E-04  1.2500E+02
  1.7000E+01  2.2946E-01  1.2754E+00  5.0000E-01  5.1188E-02  1.5078E+01  1.6990E-04  1.2500E+02
  1.7000E+01  2.2946E-01  1.2754E+00  5.0000E-01  5.1188E-02  1.5078E+01  1.6990E-04  1.2500E+02
  1.7000E+01  2.2946E-01  1.2754E+00  5.0000E-01  5.1188E-02  1.5078E+01  1.6990E-04  1.2500E+02
  1.8000E+01  1.9780E-01  1.4309E+00  5.0000E-01  4.8813E-02  1.5078E+01  1.1351E-04  1.2500E+02
  1.8000E+01  1.9780E-01  1.4309E+00  5.0000E-01  4.8813E-02  1.5078E+01  1.1351E-04  1.2500E+02
  1.8000E+01  1.9780E-01  1.4309E+00  5.0000E-01  4.8813E-02  1.5078E+01  1.1351E-04  1.2500E+02
  1.8000E+01  1.9780E-01  1.4309E+00  5.0000E-01  4.8813E-02  1.5078E+01  1.1351E-04  1.2500E+02
  1.8000E+01  1.9780E-01  1.4309E+00  5.0000E-01  4.8813E-02  1.5078E+01  1.1351E-04  1.2500E+02
  1.8000E+01  1.9780E-01  1.4309E+00  5.0000E-01  4.8813E-02  1.5078E+01  1.1351E-04  1.2500E+02
  1.8000E+01  1.9780E-01  1.4309E+00  5.0000E-01  4.8813E-02  1.5078E+01  1.1351E-04  1.2500E+02
  1.8000E+01  1.9780E-01  1.4309E+00  5.0000E-01  4.8813E-02  1.5078E+01  1.1351E-04  1.2500E+02
  1.9000E+01  2.4841E-01  1.1961E+00  5.0000E-01  5.5109E-02  1.5078E+01  9.3560E-05  2.5000E+02
  1.9000E+01  2.4841E-01  1.1961E+00  5.0000E-01  5.5109E-02  1.5078E+01  9.3560E-05  2.5000E+02
  1.9000E+01  2.4841E-01  1.1961E+00  5.0000E-01  5.5109E-02  1.5078E+01  9.3560E-05  2.5000E+02
  1.9000E+01  2.4841E-01  1.1961E+00  5.0000E-01  5.5109E-02  1.5078E+01  9.3560E-05  2.5000E+02
  1.9000E+01  2.4841E-01  1.1961E+00  5.0000E-01  5.5109E-02  1.5078E+01  9.3560E-05  2.5000E+02
  1.9000E+01  2.4841E-01  1.1961E+00  5.0000E-01  5.5109E-02  1.5078E+01  9.3560E-05  2.5000E+02
  1.9000E+01  2.4841E-01  1.1961E+00  5.0000E-01  5.5109E-02  1.5078E+01  9.3560E-05  2.5000E+02
  1.9000E+01  2.4841E-01  1.1961E+00  5.0000E-01  5.5109E-02  1.5078E+01  9.3560E-05  2.5000E+02
  2.0000E+01  2.4155E-01  1.2145E+00  5.0000E-01  5.7525E-02  1.5078E+01  7.9024E-05  2.5000E+02
  2.0000E+01  2.4155E-01  1.2145E+00  5.0000E-01  5.7525E-02  1.5078E+01  7.9024E-05  2.5000E+02
  2.0000E+01  2.4155E-01  1.2145E+00  5.0000E-01  5.7525E-02  1.5078E+01  7.9024E-05  2.5000E+02
  2.0000E+01  2.4155E-01  1.2145E+00  5.0000E-01  5.7525E-02  1.5078E+01  7.9024E-05  2.5000E+02
  2.0000E+01  2.4155E-01  1.2145E+00  5.0000E-01  5.7525E-02  1.5078E+01  7.9024E-05  2.5000E+02
  2.0000E+01  2.4155E-01  1.2145E+00  5.0000E-01  5.7525E-02  1.5078E+01  7.9024E-05  2.5000E+02
  2.0000E+01  2.4155E-01  1.2145E+00  5.0000E-01  5.7525E-02  1.5078E+01  7.9024E-05  2.5000E+02
  2.0000E+01  2.4155E-01  1.2145E+00  5.0000E-01  5.7525E-02  1.5078E+01  7.9024E-05  2.5000E+02
  2.1000E+01  2.1752E-01  1.3193E+00  5.0000E-01  4.6833E-02  1.5078E+01  8.4106E-05  2.5000E+02
  2.1000E+01  2.1752E-01  1.3193E+00  5.0000E-01  4.6833E-02  1.5078E+01  8.4106E-05  2.5000E+02
  2.1000E+01  2.1752E-01  1.3193E+00  5.0000E-01  4.6833E-02  1.5078E+01  8.4106E-05  2.5000E+02
  2.1000E+01  2.1752E-01  1.3193E+00  5.0000E-01  4.6833E-02  1.5078E+01  8.4106E-05  2.5000E+02
  2.1000E+01  2.1752E-01  1.3193E+00  5.0000E-01  4.6833E-02  1.5078E+01  8.4106E-05  2.5000E+02
  2.1000E+01  2.1752E-01  1.3193E+00  5.0000E-01  4.6833E-02  1.5078E+01  8.4106E-05  2.5000E+02
  2.1000E+01  2.1752E-01  1.3193E+00  5.0000E-01  4.6833E-02  1.5078E+01  8.4106E-05  2.5000E+02
  2.1000E+01  2.1752E-01  1.3193E+00  5.0000E-01  4.6833E-02  1.5078E+01  8.4106E-05  2.5000E+02
  2.2000E+01  1.5499E-01  1.2857E+00  5.0000E-01  4.1744E-02  1.5078E+01  5.5290E-05  5.0000E+02
  2.2000E+01  1.5499E-01  1.2857E+00  5.0000E-01  4.1744E-02  1.5078E+01  5.5290E-05  5.0000E+02
  2.2000E+01  1.5499E-01  1.2857E+00  5.0000E-01  4.1744E-02  1.5078E+01  5.5290E-05  5.0000E+02
  2.2000E+01  1.5499E-01  1.2857E+00  5.0000E-01  4.1744E-02  1.5078E+01  5.5290E-05  5.0000E+02
  2.2000E+01  1.5499E-01  1.2857E+00  5.0000E-01  4.1744E-02  1.5078E+01  5.5290E-05  5.0000E+02
  2.2000E+01  1.5499E-01  1.2857E+00  5.0000E-01  4.1744E-02  1.5078E+01  5.5290E-05  5.0000E+02
  2.2000E+01  1.5499E-01  1.2857E+00  5.0000E-01  4.1744E-02  1.5078E+01  5.5290E-05  5.0000E+02
  2.2000E+01  1.5499E-01  1.2857E+00  5.0000E-01  4.1744E-02  1.5078E+01  5.5290E-05  5.0000E+02
  2.3000E+01  2.4741E-01  1.1413E+00  5.0000E-01  4.1939E-02  1.5078E+01  8.7828E-05  5.0000E+02
  2.3000E+01  2.4741E-01  1.1413E+00  5.0000E-01  4.1939E-02  1.5078E+01  8.7828E-05  5.0000E+02
  2.3000E+01  2.4741E-01  1.1413E+00  5.0000E-01  4.1939E-02  1.5078E+01  8.7828E-05  5.0000E+02
  2.3000E+01  2.4741E-01  1.1413E+00  5.0000E-01  4.1939E-02  1.5078E+01  8.7828E-05  5.0000E+02
  2.3000E+01  2.4741E-01  1.1413E+00  5.0000E-01  4.1939E-02  1.5078E+01  8.7828E-05  5.0000E+02
  2.3000E+01  2.4741E-01  1.1413E+00  5.0000E-01  4.1939E-02  1.5078E+01  8.7828E-05  5.0000E+02
  2.3000E+01  2.4741E-01  1.1413E+00  5.0000E-01  4.1939E-02  1.5078E+01  8.7828E-05  5.0000E+02
  2.3000E+01  2.4741E-01  1.1413E+00  5.0000E-01  4.1939E-02  1.5078E+01  8.7828E-05  5.0000E+02
  2.4000E+01  3.8442E-02  1.1670E+00  5.0000E-01  4.1720E-02  1.5078E+01  1.1489E-04  5.0000E+02
  2.4000E+01  3.8442E-02  1.1670E+00  5.0000E-01  4.1720E-02  1.5078E+01  1.1489E-04  5.0000E+02
  2.4000E+01  3.8442E-02  1.1670E+00  5.0000E-01  4.1720E-02  1.5078E+01  1.1489E-04  5.0000E+02
  2.4000E+01  3.8442E-02  1.1670E+00  5.0000E-01  4.1720E-02  1.5078E+01  1.1489E-04  5.0000E+02
  2.4000E+01  3.8442E-02  1.1670E+00  5.0000E-01  4.1720E-02  1.5078E+01  1.1489E-04  5.0000E+02
  2.4000E+01  3.8442E-02  1.1670E+00  5.0000E-01  4.1720E-02  1.5078E+01  1.1489E-04  5.0000E+02
  2.4000E+01  3.8442E-02  1.1670E+00  5.0000E-01  4.1720E-02  1.5078E+01  1.1489E-04  5.0000E+02
  2.4000E+01  3.8442E-02  1.1670E+00  5.0000E-01  4.1720E-02  1.5078E+01  1.1489E-04  5.0000E+02
  2.5000E+01  5.3589E-02  1.1828E+00  5.0000E-01  4.6445E-02  1.5078E+01  3.4640E-04  1.2500E+02
  2.5000E+01  5.3589E-02  1.1828E+00  5.0000E-01  4.6445E-02  1.5078E+01  3.4640E-04  1.2500E+02
  2.5000E+01  5.3589E-02  1.1828E+00  5.0000E-01  4.6445E-02  1.5078E+01  3.4640E-04  1.2500E+02
  2.5000E+01  5.3589E-02  1.1828E+00  5.0000E-01  4.6445E-02  1.5078E+01  3.4640E-04  1.2500E+02
  2.5000E+01  5.3589E-02  1.1828E+00  5.0000E-01  4.6445E-02  1.5078E+01  3.4640E-04  1.2500E+02
  2.5000E+01  5.3589E-02  1.1828E+00  5.0000E-01  4.6445E-02  1.5078E+01  3.4640E-04  1.2500E+02
  2.5000E+01  5.3589E-02  1.1828E+00  5.0000E-01  4.6445E-02  1.5078E+01  3.4640E-04  1.2500E+02
  2.6000E+01  2.0270E-01  9.6176E-01  5.0000E-01  4.7453E-02  1.5078E+01  6.3131E-04  1.2500E+02
  2.6000E+01  2.0270E-01  9.6176E-01  5.0000E-01  4.7453E-02  1.5078E+01  6.3131E-04  1.2500E+02
  2.6000E+01  2.0270E-01  9.6176E-01  5.0000E-01  4.7453E-02  1.5078E+01  6.3131E-04  1.2500E+02
  2.6000E+01  2.0270E-01  9.6176E-01  5.0000E-01  4.7453E-02  1.5078E+01  6.3131E-04  1.2500E+02
  2.6000E+01  2.0270E-01  9.6176E-01  5.0000E-01  4.7453E-02  1.5078E+01  6.3131E-04  1.2500E+02
  2.6000E+01  2.0270E-01  9.6176E-01  5.0000E-01  4.7453E-02  1.5078E+01  6.3131E-04  1.2500E+02
  2.6000E+01  2.0270E-01  9.6176E-01  5.0000E-01  4.7453E-02  1.5078E+01  6.3131E-04  1.2500E+02
  2.7000E+01  1.6330E-01  8.8090E-01  5.0000E-01  4.8711E-02  1.5078E+01  8.4366E-04  1.2500E+02
  2.7000E+01  1.6330E-01  8.8090E-01  5.0000E-01  4.8711E-02  1.5078E+01  8.4366E-04  1.2500E+02
  2.7000E+01  1.6330E-01  8.8090E-01  5.0000E-01  4.8711E-02  1.5078E+01  8.4366E-04  1.2500E+02
  2.7000E+01  1.6330E-01  8.8090E-01  5.0000E-01  4.8711E-02  1.5078E+01  8.4366E-04  1.2500E+02
  2.7000E+01  1.6330E-01  8.8090E-01  5.0000E-01  4.8711E-02  1.5078E+01  8.4366E-04  1.2500E+02
  2.7000E+01  1.6330E-01  8.8090E-01  5.0000E-01  4.8711E-02  1.5078E+01  8.4366E-04  1.2500E+02
  2.7000E+01  1.6330E-01  8.8090E-01  5.0000E-01  4.8711E-02  1.5078E+01  8.4366E-04  1.2500E+02
  2.8000E+01  4.1161E-02  1.2140E+00  5.0000E-01  4.7194E-02  1.5078E+01  1.6308E-04  2.5000E+02
  2.8000E+01  4.1161E-02  1.2140E+00  5.0000E-01  4.7194E-02  1.5078E+01  1.6308E-04  2.5000E+02
  2.8000E+01  4.1161E-02  1.2140E+00  5.0000E-01  4.7194E-02  1.5078E+01  1.6308E-04  2.5000E+02
  2.8000E+01  4.1161E-02  1.2140E+00  5.0000E-01  4.7194E-02  1.5078E+01  1.6308E-04  2.5000E+02
  2.8000E+01  4.1161E-02  1.2140E+00  5.0000E-01  4.7194E-02  1.5078E+01  1.6308E-04  2.5000E+02
  2.8000E+01  4.1161E-02  1.2140E+00  5.0000E-01  4.7194E-02  1.5078E+01  1.6308E-04  2.5000E+02
  2.8000E+01  4.1161E-02  1.2140E+00  5.0000E-01  4.7194E-02  1.5078E+01  1.6308E-04  2.5000E+02
  2.9000E+01  8.1553E-02  1.0255E+00  5.0000E-01  4.9068E-02  1.5078E+01  2.6635E-04  2.5000E+02
  2.9000E+01  8.1553E-02  1.0255E+00  5.0000E-01  4.9068E-02  1.5078E+01  2.6635E-04  2.5000E+02
  2.9000E+01  8.1553E-02  1.0255E+00  5.0000E-01  4.9068E-02  1.5078E+01  2.6635E-04  2.5000E+02
  2.9000E+01  8.1553E-02  1.0255E+00  5.0000E-01  4.9068E-02  1.5078E+01  2.6635E-04  2.5000E+02
  2.9000E+01  8.1553E-02  1.0255E+00  5.0000E-01  4.9068E-02  1.5078E+01  2.6635E-04  2.5000E+02
  2.9000E+01  8.1553E-02  1.0255E+00  5.0000E-01  4.9068E-02  1.5078E+01  2.6635E-04  2.5000E+02
  2.9000E+01  8.1553E-02  1.0255E+00  5.0000E-01  4.9068E-02  1.5078E+01  2.6635E-04  2.5000E+02
  3.0000E+01  1.7082E-01  1.0860E+00  5.0000E-01  3.7757E-02  1.5078E+01  2.5923E-04  2.5000E+02
  3.0000E+01  1.7082E-01  1.0860E+00  5.0000E-01  3.7757E-02  1.5078E+01  2.5923E-04  2.5000E+02
  3.0000E+01  1.7082E-01  1.0860E+00  5.0000E-01  3.7757E-02  1.5078E+01  2.5923E-04  2.5000E+02
  3.0000E+01  1.7082E-01  1.0860E+00  5.0000E-01  3.7757E-02  1.5078E+01  2.5923E-04  2.5000E+02
  3.0000E+01  1.7082E-01  1.0860E+00  5.0000E-01  3.7757E-02  1.5078E+01  2.5923E-04  2.5000E+02
  3.0000E+01  1.7082E-01  1.0860E+00  5.0000E-01  3.7757E-02  1.5078E+01  2.5923E-04  2.5000E+02
  3.0000E+01  1.7082E-01  1.0860E+00  5.0000E-01  3.7757E-02  1.5078E+01  2.5923E-04  2.5000E+02
  3.1000E+01  2.6177E-02  1.1643E+00  5.0000E-01  4.8162E-02  1.5078E+01  1.0411E-04  5.0000E+02
  3.1000E+01  2.6177E-02  1.1643E+00  5.0000E-01  4.8162E-02  1.5078E+01  1.0411E-04  5.0000E+02
  3.1000E+01  2.6177E-02  1.1643E+00  5.0000E-01  4.8162E-02  1.5078E+01  1.0411E-04  5.0000E+02
  3.1000E+01  2.6177E-02  1.1643E+00  5.0000E-01  4.8162E-02  1.5078E+01  1.0411E-04  5.0000E+02
  3.1000E+01  2.6177E-02  1.1643E+00  5.0000E-01  4.8162E-02  1.5078E+01  1.0411E-04  5.0000E+02
  3.1000E+01  2.6177E-02  1.1643E+00  5.0000E-01  4.8162E-02  1.5078E+01  1.0411E-04  5.0000E+02
  3.1000E+01  2.6177E-02  1.1643E+00  5.0000E-01  4.8162E-02  1.5078E+01  1.0411E-04  5.0000E+02
  3.2000E+01  5.8976E-02  1.0668E+00  5.0000E-01  4.7594E-02  1.5078E+01  1.2478E-04  5.0000E+02
  3.2000E+01  5.8976E-02  1.0668E+00  5.0000E-01  4.7594E-02  1.5078E+01  1.2478E-04  5.0000E+02
  3.2000E+01  5.8976E-02  1.0668E+00  5.0000E-01  4.7594E-02  1.5078E+01  1.2478E-04  5.0000E+02
  3.2000E+01  5.8976E-02  1.0668E+00  5.0000E-01  4.7594E-02  1.5078E+01  1.2478E-04  5.0000E+02
  3.2000E+01  5.8976E-02  1.0668E+00  5.0000E-01  4.7594E-02  1.5078E+01  1.2478E-04  5.0000E+02
  3.2000E+01  5.8976E-02  1.0668E+00  5.0000E-01  4.7594E-02  1.5078E+01  1.2478E-04  5.0000E+02
  3.2000E+01  5.8976E-02  1.0668E+00  5.0000E-01  4.7594E-02  1.5078E+01  1.2478E-04  5.0000E+02
  3.3000E+01  5.5519E-02  1.0900E+00  5.0000E-01  4.7270E-02  1.5078E+01  1.1657E-04  5.0000E+02
  3.3000E+01  5.5519E-02  1.0900E+00  5.0000E-01  4.7270E-02  1.5078E+01  1.1657E-04  5.0000E+02
  3.3000E+01  5.5519E-02  1.0900E+00  5.0000E-01  4.7270E-02  1.5078E+01  1.1657E-04  5.0000E+02
  3.3000E+01  5.5519E-02  1.0900E+00  5.0000E-01  4.7270E-02  1.5078E+01  1.1657E-04  5.0000E+02
  3.3000E+01  5.5519E-02  1.0900E+00  5.0000E-01  4.7270E-02  1.5078E+01  1.1657E-04  5.0000E+02
  3.3000E+01  5.5519E-02  1.0900E+00  5.0000E-01  4.7270E-02  1.5078E+01  1.1657E-04  5.0000E+02
  3.3000E+01  5.5519E-02  1.0900E+00  5.0000E-01  4.7270E-02  1.5078E+01  1.1657E-04  5.0000E+02
  3.4000E+01  2.7690E-01  1.1047E+00  5.0000E-01  5.5005E-02  1.5078E+01  2.1552E-04  1.2500E+02
  3.4000E+01  2.7690E-01  1.1047E+00  5.0000E-01  5.5005E-02  1.5078E+01  2.1552E-04  1.2500E+02
  3.4000E+01  2.7690E-01  1.1047E+00  5.0000E-01  5.5005E-02  1.5078E+01  2.1552E-04  1.2500E+02
  3.4000E+01  2.7690E-01  1.1047E+00  5.0000E-01  5.5005E-02  1.5078E+01  2.1552E-04  1.2500E+02
  3.4000E+01  2.7690E-01  1.1047E+00  5.0000E-01  5.5005E-02  1.5078E+01  2.1552E-04  1.2500E+02
  3.4000E+01  2.7690E-01  1.1047E+00  5.0000E-01  5.5005E-02  1.5078E+01  2.1552E-04  1.2500E+02
  3.4000E+01  2.7690E-01  1.1047E+00  5.0000E-01  5.5005E-02  1.5078E+01  2.1552E-04  1.2500E+02
  3.5000E+01  2.3701E-01  1.3137E+00  5.0000E-01  5.0321E-02  1.5078E+01  1.5997E-04  1.2500E+02
  3.5000E+01  2.3701E-01  1.3137E+00  5.0000E-01  5.0321E-02  1.5078E+01  1.5997E-04  1.2500E+02
  3.5000E+01  2.3701E-01  1.3137E+00  5.0000E-01  5.0321E-02  1.5078E+01  1.5997E-04  1.2500E+02
  3.5000E+01  2.3701E-01  1.3137E+00  5.0000E-01  5.0321E-02  1.5078E+01  1.5997E-04  1.2500E+02
  3.5000E+01  2.3701E-01  1.3137E+00  5.0000E-01  5.0321E-02  1.5078E+01  1.5997E-04  1.2500E+02
  3.5000E+01  2.3701E-01  1.3137E+00  5.0000E-01  5.0321E-02  1.5078E+01  1.5997E-04  1.2500E+02
  3.5000E+01  2.3701E-01  1.3137E+00  5.0000E-01  5.0321E-02  1.5078E+01  1.5997E-04  1.2500E+02
  3.6000E+01  2.6544E-01  1.1779E+00  5.0000E-01  5.4291E-02  1.5078E+01  2.0800E-04  1.2500E+02
  3.6000E+01  2.6544E-01  1.1779E+00  5.0000E-01  5.4291E-02  1.5078E+01  2.0800E-04  1.2500E+02
  3.6000E+01  2.6544E-01  1.1779E+00  5.0000E-01  5.4291E-02  1.5078E+01  2.0800E-04  1.2500E+02
  3.6000E+01  2.6544E-01  1.1779E+00  5.0000E-01  5.4291E-02  1.5078E+01  2.0800E-04  1.2500E+02
  3.6000E+01  2.6544E-01  1.1779E+00  5.0000E-01  5.4291E-02  1.5078E+01  2.0800E-04  1.2500E+02
  3.6000E+01  2.6544E-01  1.1779E+00  5.0000E-01  5.4291E-02  1.5078E+01  2.0800E-04  1.2500E+02
  3.6000E+01  2.6544E-01  1.1779E+00  5.0000E-01  5.4291E-02  1.5078E+01  2.0800E-04  1.2500E+02
  3.7000E+01  2.1961E-01  1.1953E+00  5.0000E-01  5.4180E-02  1.5078E+01  9.4543E-05  2.5000E+02
  3.7000E+01  2.1961E-01  1.1953E+00  5.0000E-01  5.4180E-02  1.5078E+01  9.4543E-05  2.5000E+02
  3.7000E+01  2.1961E-01  1.1953E+00  5.0000E-01  5.4180E-02  1.5078E+01  9.4543E-05  2.5000E+02
  3.7000E+01  2.1961E-01  1.1953E+00  5.0000E-01  5.4180E-02  1.5078E+01  9.4543E-05  2.5000E+02
  3.7000E+01  2.1961E-01  1.1953E+00  5.0000E-01  5.4180E-02  1.5078E+01  9.4543E-05  2.5000E+02
  3.7000E+01  2.1961E-01  1.1953E+00  5.0000E-01  5.4180E-02  1.5078E+01  9.4543E-05  2.5000E+02
  3.7000E+01  2.1961E-01  1.1953E+00  5.0000E-01  5.4180E-02  1.5078E+01  9.4543E-05  2.5000E+02
  3.8000E+01  1.6575E-01  1.2245E+00  5.0000E-01  4.9767E-02  1.5078E+01  1.1220E-04  2.5000E+02
  3.8000E+01  1.6575E-01  1.2245E+00  5.0000E-01  4.9767E-02  1.5078E+01  1.1220E-04  2.5000E+02
  3.8000E+01  1.6575E-01  1.2245E+00  5.0000E-01  4.9767E-02  1.5078E+01  1.1220E-04  2.5000E+02
  3.8000E+01  1.6575E-01  1.2245E+00  5.0000E-01  4.9767E-02  1.5078E+01  1.1220E-04  2.5000E+02
  3.8000E+01  1.6575E-01  1.2245E+00  5.0000E-01  4.9767E-02  1.5078E+01  1.1220E-04  2.5000E+02
  3.8000E+01  1.6575E-01  1.2245E+00  5.0000E-01  4.9767E-02  1.5078E+01  1.1220E-04  2.5000E+02
  3.8000E+01  1.6575E-01  1.2245E+00  5.0000E-01  4.9767E-02  1.5078E+01  1.1220E-04  2.5000E+02
  3.9000E+01  1.8682E-01  1.1489E+00  5.0000E-01  5.5348E-02  1.5078E+01  1.1125E-04  2.5000E+02
  3.9000E+01  1.8682E-01  1.1489E+00  5.0000E-01  5.5348E-02  1.5078E+01  1.1125E-04  2.5000E+02
  3.9000E+01  1.8682E-01  1.1489E+00  5.0000E-01  5.5348E-02  1.5078E+01  1.1125E-04  2.5000E+02
  3.9000E+01  1.8682E-01  1.1489E+00  5.0000E-01  5.5348E-02  1.5078E+01  1.1125E-04  2.5000E+02
  3.9000E+01  1.8682E-01  1.1489E+00  5.0000E-01  5.5348E-02  1.5078E+01  1.1125E-04  2.5000E+02
  3.9000E+01  1.8682E-01  1.1489E+00  5.0000E-01  5.5348E-02  1.5078E+01  1.1125E-04  2.5000E+02
  3.9000E+01  1.8682E-01  1.1489E+00  5.0000E-01  5.5348E-02  1.5078E+01  1.1125E-04  2.5000E+02
  4.0000E+01  7.6682E-02  1.2306E+00  5.0000E-01  4.6611E-02  1.5078E+01  7.0356E-05  5.0000E+02
  4.0000E+01  7.6682E-02  1.2306E+00  5.0000E-01  4.6611E-02  1.5078E+01  7.0356E-05  5.0000E+02
  4.0000E+01  7.6682E-02  1.2306E+00  5.0000E-01  4.6611E-02  1.5078E+01  7.0356E-05  5.0000E+02
  4.0000E+01  7.6682E-02  1.2306E+00  5.0000E-01  4.6611E-02  1.5078E+01  7.0356E-05  5.0000E+02
  4.0000E+01  7.6682E-02  1.2306E+00  5.0000E-01  4.6611E-02  1.5078E+01  7.0356E-05  5.0000E+02
  4.0000E+01  7.6682E-02  1.2306E+00  5.0000E-01  4.6611E-02  1.5078E+01  7.0356E-05  5.0000E+02
  4.0000E+01  7.6682E-02  1.2306E+00  5.0000E-01  4.6611E-02  1.5078E+01  7.0356E-05  5.0000E+02
  4.1000E+01  1.4887E-01  1.1451E+00  5.0000E-01  4.4471E-02  1.5078E+01  9.1176E-05  5.0000E+02
  4.1000E+01  1.4887E-01  1.1451E+00  5.0000E-01  4.4471E-02  1.5078E+01  9.1176E-05  5.0000E+02
  4.1000E+01  1.4887E-01  1.1451E+00  5.0000E-01  4.4471E-02  1.5078E+01  9.1176E-05  5.0000E+02
  4.1000E+01  1.4887E-01  1.1451E+00  5.0000E-01  4.4471E-02  1.5078E+01  9.1176E-05  5.0000E+02
  4.1000E+01  1.4887E-01  1.1451E+00  5.0000E-01  4.4471E-02  1.5078E+01  9.1176E-05  5.0000E+02
  4.1000E+01  1.4887E-01  1.1451E+00  5.0000E-01  4.4471E-02  1.5078E+01  9.1176E-05  5.0000E+02
  4.1000E+01  1.4887E-01  1.1451E+00  5.0000E-01  4.4471E-02  1.5078E+01  9.1176E-05  5.0000E+02
  4.2000E+01  1.6814E-01  1.2107E+00  5.0000E-01  4.4011E-02  1.5078E+01  7.2985E-05  5.0000E+02
  4.2000E+01  1.6814E-01  1.2107E+00  5.0000E-01  4.4011E-02  1.5078E+01  7.2985E-05  5.0000E+02
  4.2000E+01  1.6814E-01  1.2107E+00  5.0000E-01  4.4011E-02  1.5078E+01  7.2985E-05  5.0000E+02
  4.2000E+01  1.6814E-01  1.2107E+00  5.0000E-01  4.4011E-02  1.5078E+01  7.2985E-05  5.0000E+02
  4.2000E+01  1.6814E-01  1.2107E+00  5.0000E-01  4.4011E-02  1.5078E+01  7.2985E-05  5.0000E+02
  4.2000E+01  1.6814E-01  1.2107E+00  5.0000E-01  4.4011E-02  1.5078E+01  7.2985E-05  5.0000E+02
  4.2000E+01  1.6814E-01  1.2107E+00  5.0000E-01  4.4011E-02  1.5078E+01  7.2985E-05  5.0000E+02
  4.3000E+01  1.1996E-01  9.7450E-01  5.0000E-01  5.3019E-02  1.5078E+01  2.3390E-04  3.0000E+02
  4.3000E+01  1.1996E-01  9.7450E-01  5.0000E-01  5.3019E-02  1.5078E+01  2.3390E-04  3.0000E+02
  4.3000E+01  1.1996E-01  9.7450E-01  5.0000E-01  5.3019E-02  1.5078E+01  2.3390E-04  3.0000E+02
  4.3000E+01  1.1996E-01  9.7450E-01  5.0000E-01  5.3019E-02  1.5078E+01  2.3390E-04  3.0000E+02
  4.3000E+01  1.1996E-01  9.7450E-01  5.0000E-01  5.3019E-02  1.5078E+01  2.3390E-04  3.0000E+02
  4.3000E+01  1.1996E-01  9.7450E-01  5.0000E-01  5.3019E-02  1.5078E+01  2.3390E-04  3.0000E+02
  4.3000E+01  1.1996E-01  9.7450E-01  5.0000E-01  5.3019E-02  1.5078E+01  2.3390E-04  3.0000E+02
  4.4000E+01  8.8617E-02  1.1039E+00  5.0000E-01  5.2122E-02  1.5078E+01  1.5330E-04  3.0000E+02
  4.4000E+01  8.8617E-02  1.1039E+00  5.0000E-01  5.2122E-02  1.5078E+01  1.5330E-04  3.0000E+02
  4.4000E+01  8.8617E-02  1.1039E+00  5.0000E-01  5.2122E-02  1.5078E+01  1.5330E-04  3.0000E+02
  4.4000E+01  8.8617E-02  1.1039E+00  5.0000E-01  5.2122E-02  1.5078E+01  1.5330E-04  3.0000E+02
  4.4000E+01  8.8617E-02  1.1039E+00  5.0000E-01  5.2122E-02  1.5078E+01  1.5330E-04  3.0000E+02
  4.4000E+01  8.8617E-02  1.1039E+00  5.0000E-01  5.2122E-02  1.5078E+01  1.5330E-04  3.0000E+02
  4.4000E+01  8.8617E-02  1.1039E+00  5.0000E-01  5.2122E-02  1.5078E+01  1.5330E-04  3.0000E+02
  4.5000E+01  1.5137E-01  1.1127E+00  5.0000E-01  5.1839E-02  1.5078E+01  1.3060E-04  3.0000E+02
  4.5000E+01  1.5137E-01  1.1127E+00  5.0000E-01  5.1839E-02  1.5078E+01  1.3060E-04  3.0000E+02
  4.5000E+01  1.5137E-01  1.1127E+00  5.0000E-01  5.1839E-02  1.5078E+01  1.3060E-04  3.0000E+02
  4.5000E+01  1.5137E-01  1.1127E+00  5.0000E-01  5.1839E-02  1.5078E+01  1.3060E-04  3.0000E+02
  4.5000E+01  1.5137E-01  1.1127E+00  5.0000E-01  5.1839E-02  1.5078E+01  1.3060E-04  3.0000E+02
  4.5000E+01  1.5137E-01  1.1127E+00  5.0000E-01  5.1839E-02  1.5078E+01  1.3060E-04  3.0000E+02
  4.5000E+01  1.5137E-01  1.1127E+00  5.0000E-01  5.1839E-02  1.5078E+01  1.3060E-04  3.0000E+02
  4.6000E+01  3.2108E-02  1.1096E+00  5.0000E-01  4.5229E-02  1.5078E+01  8.8472E-05  8.0000E+02
  4.6000E+01  3.2108E-02  1.1096E+00  5.0000E-01  4.5229E-02  1.5078E+01  8.8472E-05  8.0000E+02
  4.6000E+01  3.2108E-02  1.1096E+00  5.0000E-01  4.5229E-02  1.5078E+01  8.8472E-05  8.0000E+02
  4.6000E+01  3.2108E-02  1.1096E+00  5.0000E-01  4.5229E-02  1.5078E+01  8.8472E-05  8.0000E+02
  4.6000E+01  3.2108E-02  1.1096E+00  5.0000E-01  4.5229E-02  1.5078E+01  8.8472E-05  8.0000E+02
  4.6000E+01  3.2108E-02  1.1096E+00  5.0000E-01  4.5229E-02  1.5078E+01  8.8472E-05  8.0000E+02
  4.6000E+01  3.2108E-02  1.1096E+00  5.0000E-01  4.5229E-02  1.5078E+01  8.8472E-05  8.0000E+02
  4.7000E+01  6.0324E-02  1.1033E+00  5.0000E-01  4.7226E-02  1.5078E+01  6.9316E-05  8.0000E+02
  4.7000E+01  6.0324E-02  1.1033E+00  5.0000E-01  4.7226E-02  1.5078E+01  6.9316E-05  8.0000E+02
  4.7000E+01  6.0324E-02  1.1033E+00  5.0000E-01  4.7226E-02  1.5078E+01  6.9316E-05  8.0000E+02
  4.7000E+01  6.0324E-02  1.1033E+00  5.0000E-01  4.7226E-02  1.5078E+01  6.9316E-05  8.0000E+02
  4.7000E+01  6.0324E-02  1.1033E+00  5.0000E-01  4.7226E-02  1.5078E+01  6.9316E-05  8.0000E+02
  4.7000E+01  6.0324E-02  1.1033E+00  5.0000E-01  4.7226E-02  1.5078E+01  6.9316E-05  8.0000E+02
  4.7000E+01  6.0324E-02  1.1033E+00  5.0000E-01  4.7226E-02  1.5078E+01  6.9316E-05  8.0000E+02
  4.8000E+01  1.2012E-01  1.0523E+00  5.0000E-01  4.8184E-02  1.5078E+01  6.8955E-05  8.0000E+02
  4.8000E+01  1.2012E-01  1.0523E+00  5.0000E-01  4.8184E-02  1.5078E+01  6.8955E-05  8.0000E+02
  4.8000E+01  1.2012E-01  1.0523E+00  5.0000E-01  4.8184E-02  1.5078E+01  6.8955E-05  8.0000E+02
  4.8000E+01  1.2012E-01  1.0523E+00  5.0000E-01  4.8184E-02  1.5078E+01  6.8955E-05  8.0000E+02
  4.8000E+01  1.2012E-01  1.0523E+00  5.0000E-01  4.8184E-02  1.5078E+01  6.8955E-05  8.0000E+02
  4.8000E+01  1.2012E-01  1.0523E+00  5.0000E-01  4.8184E-02  1.5078E+01  6.8955E-05  8.0000E+02
  4.8000E+01  1.2012E-01  1.0523E+00  5.0000E-01  4.8184E-02  1.5078E+01  6.8955E-05  8.0000E+02
  4.9000E+01  1.2066E-01  1.0448E+00  5.0000E-01  5.1370E-02  1.5078E+01  3.6316E-05  1.5000E+03
  4.9000E+01  1.2066E-01  1.0448E+00  5.0000E-01  5.1370E-02  1.5078E+01  3.6316E-05  1.5000E+03
  4.9000E+01  1.2066E-01  1.0448E+00  5.0000E-01  5.1370E-02  1.5078E+01  3.6316E-05  1.5000E+03
  4.9000E+01  1.2066E-01  1.0448E+00  5.0000E-01  5.1370E-02  1.5078E+01  3.6316E-05  1.5000E+03
  4.9000E+01  1.2066E-01  1.0448E+00  5.0000E-01  5.1370E-02  1.5078E+01  3.6316E-05  1.5000E+03
  4.9000E+01  1.2066E-01  1.0448E+00  5.0000E-01  5.1370E-02  1.5078E+01  3.6316E-05  1.5000E+03
  4.9000E+01  1.2066E-01  1.0448E+00  5.0000E-01  5.1370E-02  1.5078E+01  3.6316E-05  1.5000E+03
  5.0000E+01  4.0256E-02  9.7929E-01  5.0000E-01  4.7074E-02  1.5078E+01  6.9901E-05  1.5000E+03
  5.0000E+01  4.0256E-02  9.7929E-01  5.0000E-01  4.7074E-02  1.5078E+01  6.9901E-05  1.5000E+03
  5.0000E+01  4.0256E-02  9.7929E-01  5.0000E-01  4.7074E-02  1.5078E+01  6.9901E-05  1.5000E+03
  5.0000E+01  4.0256E-02  9.7929E-01  5.0000E-01  4.7074E-02  1.5078E+01  6.9901E-05  1.5000E+03
  5.0000E+01  4.0256E-02  9.7929E-01  5.0000E-01  4.7074E-02  1.5078E+01  6.9901E-05  1.5000E+03
  5.0000E+01  4.0256E-02  9.7929E-01  5.0000E-01  4.7074E-02  1.5078E+01  6.9901E-05  1.5000E+03
  5.0000E+01  4.0256E-02  9.7929E-01  5.0000E-01  4.7074E-02  1.5078E+01  6.9901E-05  1.5000E+03
  5.1000E+01  3.3554E-02  1.1123E+00  5.0000E-01  4.5022E-02  1.5078E+01  4.5981E-05  1.5000E+03
  5.1000E+01  3.3554E-02  1.1123E+00  5.0000E-01  4.5022E-02  1.5078E+01  4.5981E-05  1.5000E+03
  5.1000E+01  3.3554E-02  1.1123E+00  5.0000E-01  4.5022E-02  1.5078E+01  4.5981E-05  1.5000E+03
  5.1000E+01  3.3554E-02  1.1123E+00  5.0000E-01  4.5022E-02  1.5078E+01  4.5981E-05  1.5000E+03
  5.1000E+01  3.3554E-02  1.1123E+00  5.0000E-01  4.5022E-02  1.5078E+01  4.5981E-05  1.5000E+03
  5.1000E+01  3.3554E-02  1.1123E+00  5.0000E-01  4.5022E-02  1.5078E+01  4.5981E-05  1.5000E+03
  5.2000E+01  7.7043E-02  8.5680E-01  5.0000E-01  4.5031E-02  1.5078E+01  4.9482E-04  3.0000E+02
  5.2000E+01  7.7043E-02  8.5680E-01  5.0000E-01  4.5031E-02  1.5078E+01  4.9482E-04  3.0000E+02
  5.2000E+01  7.7043E-02  8.5680E-01  5.0000E-01  4.5031E-02  1.5078E+01  4.9482E-04  3.0000E+02
  5.2000E+01  7.7043E-02  8.5680E-01  5.0000E-01  4.5031E-02  1.5078E+01  4.9482E-04  3.0000E+02
  5.2000E+01  7.7043E-02  8.5680E-01  5.0000E-01  4.5031E-02  1.5078E+01  4.9482E-04  3.0000E+02
  5.2000E+01  7.7043E-02  8.5680E-01  5.0000E-01  4.5031E-02  1.5078E+01  4.9482E-04  3.0000E+02
  5.2000E+01  7.7043E-02  8.5680E-01  5.0000E-01  4.5031E-02  1.5078E+01  4.9482E-04  3.0000E+02
  5.3000E+01  1.3006E-01  1.1980E+00  5.0000E-01  5.1140E-02  1.5078E+01  1.0082E-04  3.0000E+02
  5.3000E+01  1.3006E-01  1.1980E+00  5.0000E-01  5.1140E-02  1.5078E+01  1.0082E-04  3.0000E+02
  5.3000E+01  1.3006E-01  1.1980E+00  5.0000E-01  5.1140E-02  1.5078E+01  1.0082E-04  3.0000E+02
  5.3000E+01  1.3006E-01  1.1980E+00  5.0000E-01  5.1140E-02  1.5078E+01  1.0082E-04  3.0000E+02
  5.3000E+01  1.3006E-01  1.1980E+00  5.0000E-01  5.1140E-02  1.5078E+01  1.0082E-04  3.0000E+02
  5.3000E+01  1.3006E-01  1.1980E+00  5.0000E-01  5.1140E-02  1.5078E+01  1.0082E-04  3.0000E+02
  5.3000E+01  1.3006E-01  1.1980E+00  5.0000E-01  5.1140E-02  1.5078E+01  1.0082E-04  3.0000E+02
  5.4000E+01  2.5968E-01  9.7885E-01  5.0000E-01  5.5079E-02  1.5078E+01  1.8781E-04  3.0000E+02
  5.4000E+01  2.5968E-01  9.7885E-01  5.0000E-01  5.5079E-02  1.5078E+01  1.8781E-04  3.0000E+02
  5.4000E+01  2.5968E-01  9.7885E-01  5.0000E-01  5.5079E-02  1.5078E+01  1.8781E-04  3.0000E+02
  5.4000E+01  2.5968E-01  9.7885E-01  5.0000E-01  5.5079E-02  1.5078E+01  1.8781E-04  3.0000E+02
  5.4000E+01  2.5968E-01  9.7885E-01  5.0000E-01  5.5079E-02  1.5078E+01  1.8781E-04  3.0000E+02
  5.4000E+01  2.5968E-01  9.7885E-01  5.0000E-01  5.5079E-02  1.5078E+01  1.8781E-04  3.0000E+02
  5.4000E+01  2.5968E-01  9.7885E-01  5.0000E-01  5.5079E-02  1.5078E+01  1.8781E-04  3.0000E+02
  5.5000E+01  1.8719E-01  1.0149E+00  5.0000E-01  4.9161E-02  1.5078E+01  7.1260E-05  8.0000E+02
  5.5000E+01  1.8719E-01  1.0149E+00  5.0000E-01  4.9161E-02  1.5078E+01  7.1260E-05  8.0000E+02
  5.5000E+01  1.8719E-01  1.0149E+00  5.0000E-01  4.9161E-02  1.5078E+01  7.1260E-05  8.0000E+02
  5.5000E+01  1.8719E-01  1.0149E+00  5.0000E-01  4.9161E-02  1.5078E+01  7.1260E-05  8.0000E+02
  5.5000E+01  1.8719E-01  1.0149E+00  5.0000E-01  4.9161E-02  1.5078E+01  7.1260E-05  8.0000E+02
  5.5000E+01  1.8719E-01  1.0149E+00  5.0000E-01  4.9161E-02  1.5078E+01  7.1260E-05  8.0000E+02
  5.5000E+01  1.8719E-01  1.0149E+00  5.0000E-01  4.9161E-02  1.5078E+01  7.1260E-05  8.0000E+02
  5.6000E+01  4.2517E-01  9.7835E-01  5.0000E-01  4.3073E-02  1.5078E+01  7.6330E-05  8.0000E+02
  5.6000E+01  4.2517E-01  9.7835E-01  5.0000E-01  4.3073E-02  1.5078E+01  7.6330E-05  8.0000E+02
  5.6000E+01  4.2517E-01  9.7835E-01  5.0000E-01  4.3073E-02  1.5078E+01  7.6330E-05  8.0000E+02
  5.6000E+01  4.2517E-01  9.7835E-01  5.0000E-01  4.3073E-02  1.5078E+01  7.6330E-05  8.0000E+02
  5.6000E+01  4.2517E-01  9.7835E-01  5.0000E-01  4.3073E-02  1.5078E+01  7.6330E-05  8.0000E+02
  5.6000E+01  4.2517E-01  9.7835E-01  5.0000E-01  4.3073E-02  1.5078E+01  7.6330E-05  8.0000E+02
  5.6000E+01  4.2517E-01  9.7835E-01  5.0000E-01  4.3073E-02  1.5078E+01  7.6330E-05  8.0000E+02
  5.7000E+01  3.5369E-01  1.0518E+00  5.0000E-01  4.6225E-02  1.5078E+01  5.6224E-05  8.0000E+02
  5.7000E+01  3.5369E-01  1.0518E+00  5.0000E-01  4.6225E-02  1.5078E+01  5.6224E-05  8.0000E+02
  5.7000E+01  3.5369E-01  1.0518E+00  5.0000E-01  4.6225E-02  1.5078E+01  5.6224E-05  8.0000E+02
  5.7000E+01  3.5369E-01  1.0518E+00  5.0000E-01  4.6225E-02  1.5078E+01  5.6224E-05  8.0000E+02
  5.7000E+01  3.5369E-01  1.0518E+00  5.0000E-01  4.6225E-02  1.5078E+01  5.6224E-05  8.0000E+02
  5.7000E+01  3.5369E-01  1.0518E+00  5.0000E-01  4.6225E-02  1.5078E+01  5.6224E-05  8.0000E+02
  5.8000E+01  7.7280E-02  1.0573E+00  5.0000E-01  4.9129E-02  1.5078E+01  3.9952E-05  1.5000E+03
  5.8000E+01  7.7280E-02  1.0573E+00  5.0000E-01  4.9129E-02  1.5078E+01  3.9952E-05  1.5000E+03
  5.8000E+01  7.7280E-02  1.0573E+00  5.0000E-01  4.9129E-02  1.5078E+01  3.9952E-05  1.5000E+03
  5.8000E+01  7.7280E-02  1.0573E+00  5.0000E-01  4.9129E-02  1.5078E+01  3.9952E-05  1.5000E+03
  5.8000E+01  7.7280E-02  1.0573E+00  5.0000E-01  4.9129E-02  1.5078E+01  3.9952E-05  1.5000E+03
  5.8000E+01  7.7280E-02  1.0573E+00  5.0000E-01  4.9129E-02  1.5078E+01  3.9952E-05  1.5000E+03
  5.8000E+01  7.7280E-02  1.0573E+00  5.0000E-01  4.9129E-02  1.5078E+01  3.9952E-05  1.5000E+03
  5.9000E+01  6.7466E-02  8.3625E-01  5.0000E-01  4.4470E-02  1.5078E+01  1.1575E-04  1.5000E+03
  5.9000E+01  6.7466E-02  8.3625E-01  5.0000E-01  4.4470E-02  1.5078E+01  1.1575E-04  1.5000E+03
  5.9000E+01  6.7466E-02  8.3625E-01  5.0000E-01  4.4470E-02  1.5078E+01  1.1575E-04  1.5000E+03
  5.9000E+01  6.7466E-02  8.3625E-01  5.0000E-01  4.4470E-02  1.5078E+01  1.1575E-04  1.5000E+03
  5.9000E+01  6.7466E-02  8.3625E-01  5.0000E-01  4.4470E-02  1.5078E+01  1.1575E-04  1.5000E+03
  5.9000E+01  6.7466E-02  8.3625E-01  5.0000E-01  4.4470E-02  1.5078E+01  1.1575E-04  1.5000E+03
  5.9000E+01  6.7466E-02  8.3625E-01  5.0000E-01  4.4470E-02  1.5078E+01  1.1575E-04  1.5000E+03
  6.0000E+01  2.4481E-01  9.1397E-01  5.0000E-01  4.4910E-02  1.5078E+01  5.8733E-05  1.5000E+03
  6.0000E+01  2.4481E-01  9.1397E-01  5.0000E-01  4.4910E-02  1.5078E+01  5.8733E-05  1.5000E+03
  6.0000E+01  2.4481E-01  9.1397E-01  5.0000E-01  4.4910E-02  1.5078E+01  5.8733E-05  1.5000E+03
  6.0000E+01  2.4481E-01  9.1397E-01  5.0000E-01  4.4910E-02  1.5078E+01  5.8733E-05  1.5000E+03
  6.0000E+01  2.4481E-01  9.1397E-01  5.0000E-01  4.4910E-02  1.5078E+01  5.8733E-05  1.5000E+03
  6.0000E+01  2.4481E-01  9.1397E-01  5.0000E-01  4.4910E-02  1.5078E+01  5.8733E-05  1.5000E+03
  6.0000E+01  2.4481E-01  9.1397E-01  5.0000E-01  4.4910E-02  1.5078E+01  5.8733E-05  1.5000E+03
  6.1000E+01  1.1243E-01  9.8356E-01  5.0000E-01  5.2957E-02  1.5078E+01  2.2421E-04  3.0000E+02
  6.1000E+01  1.1243E-01  9.8356E-01  5.0000E-01  5.2957E-02  1.5078E+01  2.2421E-04  3.0000E+02
  6.1000E+01  1.1243E-01  9.8356E-01  5.0000E-01  5.2957E-02  1.5078E+01  2.2421E-04  3.0000E+02
  6.1000E+01  1.1243E-01  9.8356E-01  5.0000E-01  5.2957E-02  1.5078E+01  2.2421E-04  3.0000E+02
  6.1000E+01  1.1243E-01  9.8356E-01  5.0000E-01  5.2957E-02  1.5078E+01  2.2421E-04  3.0000E+02
  6.1000E+01  1.1243E-01  9.8356E-01  5.0000E-01  5.2957E-02  1.5078E+01  2.2421E-04  3.0000E+02
  6.2000E+01  1.3632E-01  1.1531E+00  5.0000E-01  5.2044E-02  1.5078E+01  1.1611E-04  3.0000E+02
  6.2000E+01  1.3632E-01  1.1531E+00  5.0000E-01  5.2044E-02  1.5078E+01  1.1611E-04  3.0000E+02
  6.2000E+01  1.3632E-01  1.1531E+00  5.0000E-01  5.2044E-02  1.5078E+01  1.1611E-04  3.0000E+02
  6.2000E+01  1.3632E-01  1.1531E+00  5.0000E-01  5.2044E-02  1.5078E+01  1.1611E-04  3.0000E+02
  6.2000E+01  1.3632E-01  1.1531E+00  5.0000E-01  5.2044E-02  1.5078E+01  1.1611E-04  3.0000E+02
  6.2000E+01  1.3632E-01  1.1531E+00  5.0000E-01  5.2044E-02  1.5078E+01  1.1611E-04  3.0000E+02
  6.3000E+01  3.1998E-01  8.6510E-01  5.0000E-01  4.7699E-02  1.5078E+01  3.3261E-04  3.0000E+02
  6.3000E+01  3.1998E-01  8.6510E-01  5.0000E-01  4.7699E-02  1.5078E+01  3.3261E-04  3.0000E+02
  6.3000E+01  3.1998E-01  8.6510E-01  5.0000E-01  4.7699E-02  1.5078E+01  3.3261E-04  3.0000E+02
  6.3000E+01  3.1998E-01  8.6510E-01  5.0000E-01  4.7699E-02  1.5078E+01  3.3261E-04  3.0000E+02
  6.3000E+01  3.1998E-01  8.6510E-01  5.0000E-01  4.7699E-02  1.5078E+01  3.3261E-04  3.0000E+02
  6.3000E+01  3.1998E-01  8.6510E-01  5.0000E-01  4.7699E-02  1.5078E+01  3.3261E-04  3.0000E+02
  6.4000E+01  2.9290E-02  1.1223E+00  5.0000E-01  4.9908E-02  1.5078E+01  7.0318E-05  8.0000E+02
  6.4000E+01  2.9290E-02  1.1223E+00  5.0000E-01  4.9908E-02  1.5078E+01  7.0318E-05  8.0000E+02
  6.4000E+01  2.9290E-02  1.1223E+00  5.0000E-01  4.9908E-02  1.5078E+01  7.0318E-05  8.0000E+02
  6.4000E+01  2.9290E-02  1.1223E+00  5.0000E-01  4.9908E-02  1.5078E+01  7.0318E-05  8.0000E+02
  6.4000E+01  2.9290E-02  1.1223E+00  5.0000E-01  4.9908E-02  1.5078E+01  7.0318E-05  8.0000E+02
  6.4000E+01  2.9290E-02  1.1223E+00  5.0000E-01  4.9908E-02  1.5078E+01  7.0318E-05  8.0000E+02
  6.5000E+01  4.1427E-02  1.1952E+00  5.0000E-01  4.8859E-02  1.5078E+01  5.2044E-05  8.0000E+02
  6.5000E+01  4.1427E-02  1.1952E+00  5.0000E-01  4.8859E-02  1.5078E+01  5.2044E-05  8.0000E+02
  6.5000E+01  4.1427E-02  1.1952E+00  5.0000E-01  4.8859E-02  1.5078E+01  5.2044E-05  8.0000E+02
  6.5000E+01  4.1427E-02  1.1952E+00  5.0000E-01  4.8859E-02  1.5078E+01  5.2044E-05  8.0000E+02
  6.5000E+01  4.1427E-02  1.1952E+00  5.0000E-01  4.8859E-02  1.5078E+01  5.2044E-05  8.0000E+02
  6.5000E+01  4.1427E-02  1.1952E+00  5.0000E-01  4.8859E-02  1.5078E+01  5.2044E-05  8.0000E+02
  6.6000E+01  9.8291E-02  9.9996E-01  5.0000E-01  4.9011E-02  1.5078E+01  8.7063E-05  8.0000E+02
  6.6000E+01  9.8291E-02  9.9996E-01  5.0000E-01  4.9011E-02  1.5078E+01  8.7063E-05  8.0000E+02
  6.6000E+01  9.8291E-02  9.9996E-01  5.0000E-01  4.9011E-02  1.5078E+01  8.7063E-05  8.0000E+02
  6.6000E+01  9.8291E-02  9.9996E-01  5.0000E-01  4.9011E-02  1.5078E+01  8.7063E-05  8.0000E+02
  6.6000E+01  9.8291E-02  9.9996E-01  5.0000E-01  4.9011E-02  1.5078E+01  8.7063E-05  8.0000E+02
  6.6000E+01  9.8291E-02  9.9996E-01  5.0000E-01  4.9011E-02  1.5078E+01  8.7063E-05  8.0000E+02
  6.7000E+01  3.1914E-02  1.2401E+00  5.0000E-01  4.8498E-02  1.5078E+01  2.5657E-05  1.5000E+03
  6.7000E+01  3.1914E-02  1.2401E+00  5.0000E-01  4.8498E-02  1.5078E+01  2.5657E-05  1.5000E+03
  6.7000E+01  3.1914E-02  1.2401E+00  5.0000E-01  4.8498E-02  1.5078E+01  2.5657E-05  1.5000E+03
  6.7000E+01  3.1914E-02  1.2401E+00  5.0000E-01  4.8498E-02  1.5078E+01  2.5657E-05  1.5000E+03
  6.7000E+01  3.1914E-02  1.2401E+00  5.0000E-01  4.8498E-02  1.5078E+01  2.5657E-05  1.5000E+03
  6.7000E+01  3.1914E-02  1.2401E+00  5.0000E-01  4.8498E-02  1.5078E+01  2.5657E-05  1.5000E+03
  6.8000E+01  1.1487E-01  9.2757E-01  5.0000E-01  5.0508E-02  1.5078E+01  5.9357E-05  1.5000E+03
  6.8000E+01  1.1487E-01  9.2757E-01  5.0000E-01  5.0508E-02  1.5078E+01  5.9357E-05  1.5000E+03
  6.8000E+01  1.1487E-01  9.2757E-01  5.0000E-01  5.0508E-02  1.5078E+01  5.9357E-05  1.5000E+03
  6.8000E+01  1.1487E-01  9.2757E-01  5.0000E-01  5.0508E-02  1.5078E+01  5.9357E-05  1.5000E+03
  6.8000E+01  1.1487E-01  9.2757E-01  5.0000E-01  5.0508E-02  1.5078E+01  5.9357E-05  1.5000E+03
  6.8000E+01  1.1487E-01  9.2757E-01  5.0000E-01  5.0508E-02  1.5078E+01  5.9357E-05  1.5000E+03
  6.9000E+01  2.4745E-02  1.1990E+00  5.0000E-01  4.8790E-02  1.5078E+01  3.0735E-05  1.5000E+03
  6.9000E+01  2.4745E-02  1.1990E+00  5.0000E-01  4.8790E-02  1.5078E+01  3.0735E-05  1.5000E+03
  6.9000E+01  2.4745E-02  1.1990E+00  5.0000E-01  4.8790E-02  1.5078E+01  3.0735E-05  1.5000E+03
  6.9000E+01  2.4745E-02  1.1990E+00  5.0000E-01  4.8790E-02  1.5078E+01  3.0735E-05  1.5000E+03
  6.9000E+01  2.4745E-02  1.1990E+00  5.0000E-01  4.8790E-02  1.5078E+01  3.0735E-05  1.5000E+03
  6.9000E+01  2.4745E-02  1.1990E+00  5.0000E-01  4.8790E-02  1.5078E+01  3.0735E-05  1.5000E+03
  7.0000E+01  3.4816E-01  1.0509E+00  5.0000E-01  5.0914E-02  1.5078E+01  1.4037E-04  3.0000E+02
  7.0000E+01  3.4816E-01  1.0509E+00  5.0000E-01  5.0914E-02  1.5078E+01  1.4037E-04  3.0000E+02
  7.0000E+01  3.4816E-01  1.0509E+00  5.0000E-01  5.0914E-02  1.5078E+01  1.4037E-04  3.0000E+02
  7.0000E+01  3.4816E-01  1.0509E+00  5.0000E-01  5.0914E-02  1.5078E+01  1.4037E-04  3.0000E+02
  7.0000E+01  3.4816E-01  1.0509E+00  5.0000E-01  5.0914E-02  1.5078E+01  1.4037E-04  3.0000E+02
  7.0000E+01  3.4816E-01  1.0509E+00  5.0000E-01  5.0914E-02  1.5078E+01  1.4037E-04  3.0000E+02
  7.1000E+01  5.0633E-02  1.1659E+00  5.0000E-01  4.7873E-02  1.5078E+01  1.4742E-04  3.0000E+02
  7.1000E+01  5.0633E-02  1.1659E+00  5.0000E-01  4.7873E-02  1.5078E+01  1.4742E-04  3.0000E+02
  7.1000E+01  5.0633E-02  1.1659E+00  5.0000E-01  4.7873E-02  1.5078E+01  1.4742E-04  3.0000E+02
  7.1000E+01  5.0633E-02  1.1659E+00  5.0000E-01  4.7873E-02  1.5078E+01  1.4742E-04  3.0000E+02
  7.1000E+01  5.0633E-02  1.1659E+00  5.0000E-01  4.7873E-02  1.5078E+01  1.4742E-04  3.0000E+02
  7.1000E+01  5.0633E-02  1.1659E+00  5.0000E-01  4.7873E-02  1.5078E+01  1.4742E-04  3.0000E+02
  7.2000E+01  1.1730E-01  1.1793E+00  5.0000E-01  4.9869E-02  1.5078E+01  1.1365E-04  3.0000E+02
  7.2000E+01  1.1730E-01  1.1793E+00  5.0000E-01  4.9869E-02  1.5078E+01  1.1365E-04  3.0000E+02
  7.2000E+01  1.1730E-01  1.1793E+00  5.0000E-01  4.9869E-02  1.5078E+01  1.1365E-04  3.0000E+02
  7.2000E+01  1.1730E-01  1.1793E+00  5.0000E-01  4.9869E-02  1.5078E+01  1.1365E-04  3.0000E+02
  7.2000E+01  1.1730E-01  1.1793E+00  5.0000E-01  4.9869E-02  1.5078E+01  1.1365E-04  3.0000E+02
  7.2000E+01  1.1730E-01  1.1793E+00  5.0000E-01  4.9869E-02  1.5078E+01  1.1365E-04  3.0000E+02
  7.3000E+01  1.8495E-02  1.1874E+00  5.0000E-01  4.8835E-02  1.5078E+01  6.3464E-05  8.0000E+02
  7.3000E+01  1.8495E-02  1.1874E+00  5.0000E-01  4.8835E-02  1.5078E+01  6.3464E-05  8.0000E+02
  7.3000E+01  1.8495E-02  1.1874E+00  5.0000E-01  4.8835E-02  1.5078E+01  6.3464E-05  8.0000E+02
  7.3000E+01  1.8495E-02  1.1874E+00  5.0000E-01  4.8835E-02  1.5078E+01  6.3464E-05  8.0000E+02
  7.3000E+01  1.8495E-02  1.1874E+00  5.0000E-01  4.8835E-02  1.5078E+01  6.3464E-05  8.0000E+02
  7.3000E+01  1.8495E-02  1.1874E+00  5.0000E-01  4.8835E-02  1.5078E+01  6.3464E-05  8.0000E+02
  7.4000E+01  6.8169E-02  1.1723E+00  5.0000E-01  4.7825E-02  1.5078E+01  5.1260E-05  8.0000E+02
  7.4000E+01  6.8169E-02  1.1723E+00  5.0000E-01  4.7825E-02  1.5078E+01  5.1260E-05  8.0000E+02
  7.4000E+01  6.8169E-02  1.1723E+00  5.0000E-01  4.7825E-02  1.5078E+01  5.1260E-05  8.0000E+02
  7.4000E+01  6.8169E-02  1.1723E+00  5.0000E-01  4.7825E-02  1.5078E+01  5.1260E-05  8.0000E+02
  7.4000E+01  6.8169E-02  1.1723E+00  5.0000E-01  4.7825E-02  1.5078E+01  5.1260E-05  8.0000E+02
  7.4000E+01  6.8169E-02  1.1723E+00  5.0000E-01  4.7825E-02  1.5078E+01  5.1260E-05  8.0000E+02
  7.5000E+01  8.8663E-02  1.2309E+00  5.0000E-01  4.9769E-02  1.5078E+01  3.8682E-05  8.0000E+02
  7.5000E+01  8.8663E-02  1.2309E+00  5.0000E-01  4.9769E-02  1.5078E+01  3.8682E-05  8.0000E+02
  7.5000E+01  8.8663E-02  1.2309E+00  5.0000E-01  4.9769E-02  1.5078E+01  3.8682E-05  8.0000E+02
  7.5000E+01  8.8663E-02  1.2309E+00  5.0000E-01  4.9769E-02  1.5078E+01  3.8682E-05  8.0000E+02
  7.5000E+01  8.8663E-02  1.2309E+00  5.0000E-01  4.9769E-02  1.5078E+01  3.8682E-05  8.0000E+02
  7.5000E+01  8.8663E-02  1.2309E+00  5.0000E-01  4.9769E-02  1.5078E+01  3.8682E-05  8.0000E+02
  7.6000E+01  3.6297E-01  9.7525E-01  5.0000E-01  4.5412E-02  1.5078E+01  4.2217E-05  1.5000E+03
  7.6000E+01  3.6297E-01  9.7525E-01  5.0000E-01  4.5412E-02  1.5078E+01  4.2217E-05  1.5000E+03
  7.6000E+01  3.6297E-01  9.7525E-01  5.0000E-01  4.5412E-02  1.5078E+01  4.2217E-05  1.5000E+03
  7.6000E+01  3.6297E-01  9.7525E-01  5.0000E-01  4.5412E-02  1.5078E+01  4.2217E-05  1.5000E+03
  7.6000E+01  3.6297E-01  9.7525E-01  5.0000E-01  4.5412E-02  1.5078E+01  4.2217E-05  1.5000E+03
  7.6000E+01  3.6297E-01  9.7525E-01  5.0000E-01  4.5412E-02  1.5078E+01  4.2217E-05  1.5000E+03
  7.7000E+01  6.8131E-02  1.0094E+00  5.0000E-01  4.8956E-02  1.5078E+01  4.8258E-05  1.5000E+03
  7.7000E+01  6.8131E-02  1.0094E+00  5.0000E-01  4.8956E-02  1.5078E+01  4.8258E-05  1.5000E+03
  7.7000E+01  6.8131E-02  1.0094E+00  5.0000E-01  4.8956E-02  1.5078E+01  4.8258E-05  1.5000E+03
  7.7000E+01  6.8131E-02  1.0094E+00  5.0000E-01  4.8956E-02  1.5078E+01  4.8258E-05  1.5000E+03
  7.7000E+01  6.8131E-02  1.0094E+00  5.0000E-01  4.8956E-02  1.5078E+01  4.8258E-05  1.5000E+03
  7.7000E+01  6.8131E-02  1.0094E+00  5.0000E-01  4.8956E-02  1.5078E+01  4.8258E-05  1.5000E+03
  7.8000E+01  7.9300E-02  1.1148E+00  5.0000E-01  4.8147E-02  1.5078E+01  3.2145E-05  1.5000E+03
  7.8000E+01  7.9300E-02  1.1148E+00  5.0000E-01  4.8147E-02  1.5078E+01  3.2145E-05  1.5000E+03
  7.8000E+01  7.9300E-02  1.1148E+00  5.0000E-01  4.8147E-02  1.5078E+01  3.2145E-05  1.5000E+03
  7.8000E+01  7.9300E-02  1.1148E+00  5.0000E-01  4.8147E-02  1.5078E+01  3.2145E-05  1.5000E+03
  7.8000E+01  7.9300E-02  1.1148E+00  5.0000E-01  4.8147E-02  1.5078E+01  3.2145E-05  1.5000E+03
  7.8000E+01  7.9300E-02  1.1148E+00  5.0000E-01  4.8147E-02  1.5078E+01  3.2145E-05  1.5000E+03
