TABLE NO.  2
 ID          CL          V2          V3          Q           KA          F1          DOSE
  1.0000E+00  8.1083E+00  2.6262E+00  6.1677E+00  1.8079E-01  1.3581E+01  3.4944E-02  1.0000E+01
  1.0000E+00  8.1083E+00  2.6262E+00  6.1677E+00  1.8079E-01  1.3581E+01  3.4944E-02  1.0000E+01
  1.0000E+00  8.1083E+00  2.6262E+00  6.1677E+00  1.8079E-01  1.3581E+01  3.4944E-02  1.0000E+01
  1.0000E+00  8.1083E+00  2.6262E+00  6.1677E+00  1.8079E-01  1.3581E+01  3.4944E-02  1.0000E+01
  1.0000E+00  8.1083E+00  2.6262E+00  6.1677E+00  1.8079E-01  1.3581E+01  3.4944E-02  1.0000E+01
  1.0000E+00  8.1083E+00  2.6262E+00  6.1677E+00  1.8079E-01  1.3581E+01  3.4944E-02  1.0000E+01
  1.0000E+00  8.1083E+00  2.6262E+00  6.1677E+00  1.8079E-01  1.3581E+01  3.4944E-02  1.0000E+01
  1.0000E+00  8.1083E+00  2.6262E+00  6.1677E+00  1.8079E-01  1.3581E+01  3.4944E-02  1.0000E+01
  1.0000E+00  8.1083E+00  2.6262E+00  6.1677E+00  1.8079E-01  1.3581E+01  3.4944E-02  1.0000E+01
  1.0000E+00  8.1083E+00  2.6262E+00  6.1677E+00  1.8079E-01  1.3581E+01  3.4944E-02  1.0000E+01
  1.0000E+00  8.1083E+00  2.6262E+00  6.1677E+00  1.8079E-01  1.3581E+01  3.4944E-02  1.0000E+01
  1.0000E+00  8.1083E+00  2.6262E+00  6.1677E+00  1.8079E-01  1.3581E+01  3.4944E-02  1.0000E+01
  2.0000E+00  9.0958E+00  3.9948E+00  6.1677E+00  1.8838E-01  1.3581E+01  3.4944E-02  1.0000E+01
  2.0000E+00  9.0958E+00  3.9948E+00  6.1677E+00  1.8838E-01  1.3581E+01  3.4944E-02  1.0000E+01
  2.0000E+00  9.0958E+00  3.9948E+00  6.1677E+00  1.8838E-01  1.3581E+01  3.4944E-02  1.0000E+01
  2.0000E+00  9.0958E+00  3.9948E+00  6.1677E+00  1.8838E-01  1.3581E+01  3.4944E-02  1.0000E+01
  2.0000E+00  9.0958E+00  3.9948E+00  6.1677E+00  1.8838E-01  1.3581E+01  3.4944E-02  1.0000E+01
  2.0000E+00  9.0958E+00  3.9948E+00  6.1677E+00  1.8838E-01  1.3581E+01  3.4944E-02  1.0000E+01
  2.0000E+00  9.0958E+00  3.9948E+00  6.1677E+00  1.8838E-01  1.3581E+01  3.4944E-02  1.0000E+01
  2.0000E+00  9.0958E+00  3.9948E+00  6.1677E+00  1.8838E-01  1.3581E+01  3.4944E-02  1.0000E+01
  2.0000E+00  9.0958E+00  3.9948E+00  6.1677E+00  1.8838E-01  1.3581E+01  3.4944E-02  1.0000E+01
  2.0000E+00  9.0958E+00  3.9948E+00  6.1677E+00  1.8838E-01  1.3581E+01  3.4944E-02  1.0000E+01
  2.0000E+00  9.0958E+00  3.9948E+00  6.1677E+00  1.8838E-01  1.3581E+01  3.4944E-02  1.0000E+01
  2.0000E+00  9.0958E+00  3.9948E+00  6.1677E+00  1.8838E-01  1.3581E+01  3.4944E-02  1.0000E+01
  3.0000E+00  2.1306E+01  2.8221E+00  6.1677E+00  1.0671E+00  1.3581E+01  3.4944E-02  1.0000E+01
  3.0000E+00  2.1306E+01  2.8221E+00  6.1677E+00  1.0671E+00  1.3581E+01  3.4944E-02  1.0000E+01
  3.0000E+00  2.1306E+01  2.8221E+00  6.1677E+00  1.0671E+00  1.3581E+01  3.4944E-02  1.0000E+01
  3.0000E+00  2.1306E+01  2.8221E+00  6.1677E+00  1.0671E+00  1.3581E+01  3.4944E-02  1.0000E+01
  3.0000E+00  2.1306E+01  2.8221E+00  6.1677E+00  1.0671E+00  1.3581E+01  3.4944E-02  1.0000E+01
  3.0000E+00  2.1306E+01  2.8221E+00  6.1677E+00  1.0671E+00  1.3581E+01  3.4944E-02  1.0000E+01
  3.0000E+00  2.1306E+01  2.8221E+00  6.1677E+00  1.0671E+00  1.3581E+01  3.4944E-02  1.0000E+01
  3.0000E+00  2.1306E+01  2.8221E+00  6.1677E+00  1.0671E+00  1.3581E+01  3.4944E-02  1.0000E+01
  3.0000E+00  2.1306E+01  2.8221E+00  6.1677E+00  1.0671E+00  1.3581E+01  3.4944E-02  1.0000E+01
  3.0000E+00  2.1306E+01  2.8221E+00  6.1677E+00  1.0671E+00  1.3581E+01  3.4944E-02  1.0000E+01
  3.0000E+00  2.1306E+01  2.8221E+00  6.1677E+00  1.0671E+00  1.3581E+01  3.4944E-02  1.0000E+01
  3.0000E+00  2.1306E+01  2.8221E+00  6.1677E+00  1.0671E+00  1.3581E+01  3.4944E-02  1.0000E+01
  4.0000E+00  3.6384E+00  7.2711E+00  6.1677E+00  3.1842E-01  1.3581E+01  3.4944E-02  1.0000E+01
  4.0000E+00  3.6384E+00  7.2711E+00  6.1677E+00  3.1842E-01  1.3581E+01  3.4944E-02  1.0000E+01
  4.0000E+00  3.6384E+00  7.2711E+00  6.1677E+00  3.1842E-01  1.3581E+01  3.4944E-02  1.0000E+01
  4.0000E+00  3.6384E+00  7.2711E+00  6.1677E+00  3.1842E-01  1.3581E+01  3.4944E-02  1.0000E+01
  4.0000E+00  3.6384E+00  7.2711E+00  6.1677E+00  3.1842E-01  1.3581E+01  3.4944E-02  1.0000E+01
  4.0000E+00  3.6384E+00  7.2711E+00  6.1677E+00  3.1842E-01  1.3581E+01  3.4944E-02  1.0000E+01
  4.0000E+00  3.6384E+00  7.2711E+00  6.1677E+00  3.1842E-01  1.3581E+01  3.4944E-02  1.0000E+01
  4.0000E+00  3.6384E+00  7.2711E+00  6.1677E+00  3.1842E-01  1.3581E+01  3.4944E-02  1.0000E+01
  4.0000E+00  3.6384E+00  7.2711E+00  6.1677E+00  3.1842E-01  1.3581E+01  3.4944E-02  1.0000E+01
  4.0000E+00  3.6384E+00  7.2711E+00  6.1677E+00  3.1842E-01  1.3581E+01  3.4944E-02  1.0000E+01
  4.0000E+00  3.6384E+00  7.2711E+00  6.1677E+00  3.1842E-01  1.3581E+01  3.4944E-02  1.0000E+01
  4.0000E+00  3.6384E+00  7.2711E+00  6.1677E+00  3.1842E-01  1.3581E+01  3.4944E-02  1.0000E+01
  4.0000E+00  3.6384E+00  7.2711E+00  6.1677E+00  3.1842E-01  1.3581E+01  3.4944E-02  1.0000E+01
  5.0000E+00  4.4928E+00  7.7312E+00  6.1677E+00  2.6610E-01  1.3581E+01  3.4944E-02  1.0000E+01
  5.0000E+00  4.4928E+00  7.7312E+00  6.1677E+00  2.6610E-01  1.3581E+01  3.4944E-02  1.0000E+01
  5.0000E+00  4.4928E+00  7.7312E+00  6.1677E+00  2.6610E-01  1.3581E+01  3.4944E-02  1.0000E+01
  5.0000E+00  4.4928E+00  7.7312E+00  6.1677E+00  2.6610E-01  1.3581E+01  3.4944E-02  1.0000E+01
  5.0000E+00  4.4928E+00  7.7312E+00  6.1677E+00  2.6610E-01  1.3581E+01  3.4944E-02  1.0000E+01
  5.0000E+00  4.4928E+00  7.7312E+00  6.1677E+00  2.6610E-01  1.3581E+01  3.4944E-02  1.0000E+01
  5.0000E+00  4.4928E+00  7.7312E+00  6.1677E+00  2.6610E-01  1.3581E+01  3.4944E-02  1.0000E+01
  5.0000E+00  4.4928E+00  7.7312E+00  6.1677E+00  2.6610E-01  1.3581E+01  3.4944E-02  1.0000E+01
  5.0000E+00  4.4928E+00  7.7312E+00  6.1677E+00  2.6610E-01  1.3581E+01  3.4944E-02  1.0000E+01
  5.0000E+00  4.4928E+00  7.7312E+00  6.1677E+00  2.6610E-01  1.3581E+01  3.4944E-02  1.0000E+01
  5.0000E+00  4.4928E+00  7.7312E+00  6.1677E+00  2.6610E-01  1.3581E+01  3.4944E-02  1.0000E+01
  5.0000E+00  4.4928E+00  7.7312E+00  6.1677E+00  2.6610E-01  1.3581E+01  3.4944E-02  1.0000E+01
  5.0000E+00  4.4928E+00  7.7312E+00  6.1677E+00  2.6610E-01  1.3581E+01  3.4944E-02  1.0000E+01
  6.0000E+00  3.6952E+00  8.7036E+00  6.1677E+00  4.8329E-01  1.3581E+01  3.4944E-02  1.0000E+01
  6.0000E+00  3.6952E+00  8.7036E+00  6.1677E+00  4.8329E-01  1.3581E+01  3.4944E-02  1.0000E+01
  6.0000E+00  3.6952E+00  8.7036E+00  6.1677E+00  4.8329E-01  1.3581E+01  3.4944E-02  1.0000E+01
  6.0000E+00  3.6952E+00  8.7036E+00  6.1677E+00  4.8329E-01  1.3581E+01  3.4944E-02  1.0000E+01
  6.0000E+00  3.6952E+00  8.7036E+00  6.1677E+00  4.8329E-01  1.3581E+01  3.4944E-02  1.0000E+01
  6.0000E+00  3.6952E+00  8.7036E+00  6.1677E+00  4.8329E-01  1.3581E+01  3.4944E-02  1.0000E+01
  6.0000E+00  3.6952E+00  8.7036E+00  6.1677E+00  4.8329E-01  1.3581E+01  3.4944E-02  1.0000E+01
  6.0000E+00  3.6952E+00  8.7036E+00  6.1677E+00  4.8329E-01  1.3581E+01  3.4944E-02  1.0000E+01
  6.0000E+00  3.6952E+00  8.7036E+00  6.1677E+00  4.8329E-01  1.3581E+01  3.4944E-02  1.0000E+01
  6.0000E+00  3.6952E+00  8.7036E+00  6.1677E+00  4.8329E-01  1.3581E+01  3.4944E-02  1.0000E+01
  6.0000E+00  3.6952E+00  8.7036E+00  6.1677E+00  4.8329E-01  1.3581E+01  3.4944E-02  1.0000E+01
  6.0000E+00  3.6952E+00  8.7036E+00  6.1677E+00  4.8329E-01  1.3581E+01  3.4944E-02  1.0000E+01
  6.0000E+00  3.6952E+00  8.7036E+00  6.1677E+00  4.8329E-01  1.3581E+01  3.4944E-02  1.0000E+01
  7.0000E+00  2.9992E+00  1.8323E+01  6.1677E+00  2.8433E-01  1.3581E+01  2.9236E-03  1.2500E+02
  7.0000E+00  2.9992E+00  1.8323E+01  6.1677E+00  2.8433E-01  1.3581E+01  2.9236E-03  1.2500E+02
  7.0000E+00  2.9992E+00  1.8323E+01  6.1677E+00  2.8433E-01  1.3581E+01  2.9236E-03  1.2500E+02
  7.0000E+00  2.9992E+00  1.8323E+01  6.1677E+00  2.8433E-01  1.3581E+01  2.9236E-03  1.2500E+02
  7.0000E+00  2.9992E+00  1.8323E+01  6.1677E+00  2.8433E-01  1.3581E+01  2.9236E-03  1.2500E+02
  7.0000E+00  2.9992E+00  1.8323E+01  6.1677E+00  2.8433E-01  1.3581E+01  2.9236E-03  1.2500E+02
  7.0000E+00  2.9992E+00  1.8323E+01  6.1677E+00  2.8433E-01  1.3581E+01  2.9236E-03  1.2500E+02
  7.0000E+00  2.9992E+00  1.8323E+01  6.1677E+00  2.8433E-01  1.3581E+01  2.9236E-03  1.2500E+02
  8.0000E+00  3.1592E+00  1.3669E+01  6.1677E+00  4.7387E-01  1.3581E+01  2.9236E-03  1.2500E+02
  8.0000E+00  3.1592E+00  1.3669E+01  6.1677E+00  4.7387E-01  1.3581E+01  2.9236E-03  1.2500E+02
  8.0000E+00  3.1592E+00  1.3669E+01  6.1677E+00  4.7387E-01  1.3581E+01  2.9236E-03  1.2500E+02
  8.0000E+00  3.1592E+00  1.3669E+01  6.1677E+00  4.7387E-01  1.3581E+01  2.9236E-03  1.2500E+02
  8.0000E+00  3.1592E+00  1.3669E+01  6.1677E+00  4.7387E-01  1.3581E+01  2.9236E-03  1.2500E+02
  8.0000E+00  3.1592E+00  1.3669E+01  6.1677E+00  4.7387E-01  1.3581E+01  2.9236E-03  1.2500E+02
  8.0000E+00  3.1592E+00  1.3669E+01  6.1677E+00  4.7387E-01  1.3581E+01  2.9236E-03  1.2500E+02
  8.0000E+00  3.1592E+00  1.3669E+01  6.1677E+00  4.7387E-01  1.3581E+01  2.9236E-03  1.2500E+02
  9.0000E+00  2.2171E+00  1.6667E+01  6.1677E+00  3.4408E-01  1.3581E+01  2.9236E-03  1.2500E+02
  9.0000E+00  2.2171E+00  1.6667E+01  6.1677E+00  3.4408E-01  1.3581E+01  2.9236E-03  1.2500E+02
  9.0000E+00  2.2171E+00  1.6667E+01  6.1677E+00  3.4408E-01  1.3581E+01  2.9236E-03  1.2500E+02
  9.0000E+00  2.2171E+00  1.6667E+01  6.1677E+00  3.4408E-01  1.3581E+01  2.9236E-03  1.2500E+02
  9.0000E+00  2.2171E+00  1.6667E+01  6.1677E+00  3.4408E-01  1.3581E+01  2.9236E-03  1.2500E+02
  9.0000E+00  2.2171E+00  1.6667E+01  6.1677E+00  3.4408E-01  1.3581E+01  2.9236E-03  1.2500E+02
  9.0000E+00  2.2171E+00  1.6667E+01  6.1677E+00  3.4408E-01  1.3581E+01  2.9236E-03  1.2500E+02
  9.0000E+00  2.2171E+00  1.6667E+01  6.1677E+00  3.4408E-01  1.3581E+01  2.9236E-03  1.2500E+02
  1.0000E+01  3.1146E-01  9.4948E+00  6.1677E+00  2.2470E-01  1.3581E+01  1.4647E-03  2.5000E+02
  1.0000E+01  3.1146E-01  9.4948E+00  6.1677E+00  2.2470E-01  1.3581E+01  1.4647E-03  2.5000E+02
  1.0000E+01  3.1146E-01  9.4948E+00  6.1677E+00  2.2470E-01  1.3581E+01  1.4647E-03  2.5000E+02
  1.0000E+01  3.1146E-01  9.4948E+00  6.1677E+00  2.2470E-01  1.3581E+01  1.4647E-03  2.5000E+02
  1.0000E+01  3.1146E-01  9.4948E+00  6.1677E+00  2.2470E-01  1.3581E+01  1.4647E-03  2.5000E+02
  1.0000E+01  3.1146E-01  9.4948E+00  6.1677E+00  2.2470E-01  1.3581E+01  1.4647E-03  2.5000E+02
  1.0000E+01  3.1146E-01  9.4948E+00  6.1677E+00  2.2470E-01  1.3581E+01  1.4647E-03  2.5000E+02
  1.0000E+01  3.1146E-01  9.4948E+00  6.1677E+00  2.2470E-01  1.3581E+01  1.4647E-03  2.5000E+02
  1.1000E+01  2.2907E+00  1.1510E+01  6.1677E+00  2.7142E-01  1.3581E+01  1.4647E-03  2.5000E+02
  1.1000E+01  2.2907E+00  1.1510E+01  6.1677E+00  2.7142E-01  1.3581E+01  1.4647E-03  2.5000E+02
  1.1000E+01  2.2907E+00  1.1510E+01  6.1677E+00  2.7142E-01  1.3581E+01  1.4647E-03  2.5000E+02
  1.1000E+01  2.2907E+00  1.1510E+01  6.1677E+00  2.7142E-01  1.3581E+01  1.4647E-03  2.5000E+02
  1.1000E+01  2.2907E+00  1.1510E+01  6.1677E+00  2.7142E-01  1.3581E+01  1.4647E-03  2.5000E+02
  1.1000E+01  2.2907E+00  1.1510E+01  6.1677E+00  2.7142E-01  1.3581E+01  1.4647E-03  2.5000E+02
  1.1000E+01  2.2907E+00  1.1510E+01  6.1677E+00  2.7142E-01  1.3581E+01  1.4647E-03  2.5000E+02
  1.1000E+01  2.2907E+00  1.1510E+01  6.1677E+00  2.7142E-01  1.3581E+01  1.4647E-03  2.5000E+02
  1.2000E+01  2.5220E+00  1.9366E+01  6.1677E+00  3.3782E-01  1.3581E+01  1.4647E-03  2.5000E+02
  1.2000E+01  2.5220E+00  1.9366E+01  6.1677E+00  3.3782E-01  1.3581E+01  1.4647E-03  2.5000E+02
  1.2000E+01  2.5220E+00  1.9366E+01  6.1677E+00  3.3782E-01  1.3581E+01  1.4647E-03  2.5000E+02
  1.2000E+01  2.5220E+00  1.9366E+01  6.1677E+00  3.3782E-01  1.3581E+01  1.4647E-03  2.5000E+02
  1.2000E+01  2.5220E+00  1.9366E+01  6.1677E+00  3.3782E-01  1.3581E+01  1.4647E-03  2.5000E+02
  1.2000E+01  2.5220E+00  1.9366E+01  6.1677E+00  3.3782E-01  1.3581E+01  1.4647E-03  2.5000E+02
  1.2000E+01  2.5220E+00  1.9366E+01  6.1677E+00  3.3782E-01  1.3581E+01  1.4647E-03  2.5000E+02
  1.2000E+01  2.5220E+00  1.9366E+01  6.1677E+00  3.3782E-01  1.3581E+01  1.4647E-03  2.5000E+02
  1.3000E+01  4.0770E-01  1.2939E+01  6.1677E+00  3.6874E-01  1.3581E+01  7.3309E-04  5.0000E+02
  1.3000E+01  4.0770E-01  1.2939E+01  6.1677E+00  3.6874E-01  1.3581E+01  7.3309E-04  5.0000E+02
  1.3000E+01  4.0770E-01  1.2939E+01  6.1677E+00  3.6874E-01  1.3581E+01  7.3309E-04  5.0000E+02
  1.3000E+01  4.0770E-01  1.2939E+01  6.1677E+00  3.6874E-01  1.3581E+01  7.3309E-04  5.0000E+02
  1.3000E+01  4.0770E-01  1.2939E+01  6.1677E+00  3.6874E-01  1.3581E+01  7.3309E-04  5.0000E+02
  1.3000E+01  4.0770E-01  1.2939E+01  6.1677E+00  3.6874E-01  1.3581E+01  7.3309E-04  5.0000E+02
  1.3000E+01  4.0770E-01  1.2939E+01  6.1677E+00  3.6874E-01  1.3581E+01  7.3309E-04  5.0000E+02
  1.3000E+01  4.0770E-01  1.2939E+01  6.1677E+00  3.6874E-01  1.3581E+01  7.3309E-04  5.0000E+02
  1.4000E+01  1.3813E+00  9.7953E+00  6.1677E+00  2.0986E-01  1.3581E+01  7.3309E-04  5.0000E+02
  1.4000E+01  1.3813E+00  9.7953E+00  6.1677E+00  2.0986E-01  1.3581E+01  7.3309E-04  5.0000E+02
  1.4000E+01  1.3813E+00  9.7953E+00  6.1677E+00  2.0986E-01  1.3581E+01  7.3309E-04  5.0000E+02
  1.4000E+01  1.3813E+00  9.7953E+00  6.1677E+00  2.0986E-01  1.3581E+01  7.3309E-04  5.0000E+02
  1.4000E+01  1.3813E+00  9.7953E+00  6.1677E+00  2.0986E-01  1.3581E+01  7.3309E-04  5.0000E+02
  1.4000E+01  1.3813E+00  9.7953E+00  6.1677E+00  2.0986E-01  1.3581E+01  7.3309E-04  5.0000E+02
  1.4000E+01  1.3813E+00  9.7953E+00  6.1677E+00  2.0986E-01  1.3581E+01  7.3309E-04  5.0000E+02
  1.4000E+01  1.3813E+00  9.7953E+00  6.1677E+00  2.0986E-01  1.3581E+01  7.3309E-04  5.0000E+02
  1.5000E+01  3.0366E-01  1.0130E+01  6.1677E+00  3.1661E-01  1.3581E+01  7.3309E-04  5.0000E+02
  1.5000E+01  3.0366E-01  1.0130E+01  6.1677E+00  3.1661E-01  1.3581E+01  7.3309E-04  5.0000E+02
  1.5000E+01  3.0366E-01  1.0130E+01  6.1677E+00  3.1661E-01  1.3581E+01  7.3309E-04  5.0000E+02
  1.5000E+01  3.0366E-01  1.0130E+01  6.1677E+00  3.1661E-01  1.3581E+01  7.3309E-04  5.0000E+02
  1.5000E+01  3.0366E-01  1.0130E+01  6.1677E+00  3.1661E-01  1.3581E+01  7.3309E-04  5.0000E+02
  1.5000E+01  3.0366E-01  1.0130E+01  6.1677E+00  3.1661E-01  1.3581E+01  7.3309E-04  5.0000E+02
  1.5000E+01  3.0366E-01  1.0130E+01  6.1677E+00  3.1661E-01  1.3581E+01  7.3309E-04  5.0000E+02
  1.5000E+01  3.0366E-01  1.0130E+01  6.1677E+00  3.1661E-01  1.3581E+01  7.3309E-04  5.0000E+02
  1.6000E+01  4.3537E+00  2.9844E+01  6.1677E+00  3.4428E-01  1.3581E+01  2.9236E-03  1.2500E+02
  1.6000E+01  4.3537E+00  2.9844E+01  6.1677E+00  3.4428E-01  1.3581E+01  2.9236E-03  1.2500E+02
  1.6000E+01  4.3537E+00  2.9844E+01  6.1677E+00  3.4428E-01  1.3581E+01  2.9236E-03  1.2500E+02
  1.6000E+01  4.3537E+00  2.9844E+01  6.1677E+00  3.4428E-01  1.3581E+01  2.9236E-03  1.2500E+02
  1.6000E+01  4.3537E+00  2.9844E+01  6.1677E+00  3.4428E-01  1.3581E+01  2.9236E-03  1.2500E+02
  1.6000E+01  4.3537E+00  2.9844E+01  6.1677E+00  3.4428E-01  1.3581E+01  2.9236E-03  1.2500E+02
  1.6000E+01  4.3537E+00  2.9844E+01  6.1677E+00  3.4428E-01  1.3581E+01  2.9236E-03  1.2500E+02
  1.6000E+01  4.3537E+00  2.9844E+01  6.1677E+00  3.4428E-01  1.3581E+01  2.9236E-03  1.2500E+02
  1.7000E+01  3.6563E+00  2.2907E+01  6.1677E+00  3.4008E-01  1.3581E+01  2.9236E-03  1.2500E+02
  1.7000E+01  3.6563E+00  2.2907E+01  6.1677E+00  3.4008E-01  1.3581E+01  2.9236E-03  1.2500E+02
  1.7000E+01  3.6563E+00  2.2907E+01  6.1677E+00  3.4008E-01  1.3581E+01  2.9236E-03  1.2500E+02
  1.7000E+01  3.6563E+00  2.2907E+01  6.1677E+00  3.4008E-01  1.3581E+01  2.9236E-03  1.2500E+02
  1.7000E+01  3.6563E+00  2.2907E+01  6.1677E+00  3.4008E-01  1.3581E+01  2.9236E-03  1.2500E+02
  1.7000E+01  3.6563E+00  2.2907E+01  6.1677E+00  3.4008E-01  1.3581E+01  2.9236E-03  1.2500E+02
  1.7000E+01  3.6563E+00  2.2907E+01  6.1677E+00  3.4008E-01  1.3581E+01  2.9236E-03  1.2500E+02
  1.7000E+01  3.6563E+00  2.2907E+01  6.1677E+00  3.4008E-01  1.3581E+01  2.9236E-03  1.2500E+02
  1.8000E+01  4.9748E+00  4.0201E+01  6.1677E+00  3.1557E-01  1.3581E+01  2.9236E-03  1.2500E+02
  1.8000E+01  4.9748E+00  4.0201E+01  6.1677E+00  3.1557E-01  1.3581E+01  2.9236E-03  1.2500E+02
  1.8000E+01  4.9748E+00  4.0201E+01  6.1677E+00  3.1557E-01  1.3581E+01  2.9236E-03  1.2500E+02
  1.8000E+01  4.9748E+00  4.0201E+01  6.1677E+00  3.1557E-01  1.3581E+01  2.9236E-03  1.2500E+02
  1.8000E+01  4.9748E+00  4.0201E+01  6.1677E+00  3.1557E-01  1.3581E+01  2.9236E-03  1.2500E+02
  1.8000E+01  4.9748E+00  4.0201E+01  6.1677E+00  3.1557E-01  1.3581E+01  2.9236E-03  1.2500E+02
  1.8000E+01  4.9748E+00  4.0201E+01  6.1677E+00  3.1557E-01  1.3581E+01  2.9236E-03  1.2500E+02
  1.8000E+01  4.9748E+00  4.0201E+01  6.1677E+00  3.1557E-01  1.3581E+01  2.9236E-03  1.2500E+02
  1.9000E+01  3.5001E+00  1.9380E+01  6.1677E+00  3.9574E-01  1.3581E+01  1.4647E-03  2.5000E+02
  1.9000E+01  3.5001E+00  1.9380E+01  6.1677E+00  3.9574E-01  1.3581E+01  1.4647E-03  2.5000E+02
  1.9000E+01  3.5001E+00  1.9380E+01  6.1677E+00  3.9574E-01  1.3581E+01  1.4647E-03  2.5000E+02
  1.9000E+01  3.5001E+00  1.9380E+01  6.1677E+00  3.9574E-01  1.3581E+01  1.4647E-03  2.5000E+02
  1.9000E+01  3.5001E+00  1.9380E+01  6.1677E+00  3.9574E-01  1.3581E+01  1.4647E-03  2.5000E+02
  1.9000E+01  3.5001E+00  1.9380E+01  6.1677E+00  3.9574E-01  1.3581E+01  1.4647E-03  2.5000E+02
  1.9000E+01  3.5001E+00  1.9380E+01  6.1677E+00  3.9574E-01  1.3581E+01  1.4647E-03  2.5000E+02
  1.9000E+01  3.5001E+00  1.9380E+01  6.1677E+00  3.9574E-01  1.3581E+01  1.4647E-03  2.5000E+02
  2.0000E+01  3.9430E+00  2.4046E+01  6.1677E+00  3.8439E-01  1.3581E+01  1.4647E-03  2.5000E+02
  2.0000E+01  3.9430E+00  2.4046E+01  6.1677E+00  3.8439E-01  1.3581E+01  1.4647E-03  2.5000E+02
  2.0000E+01  3.9430E+00  2.4046E+01  6.1677E+00  3.8439E-01  1.3581E+01  1.4647E-03  2.5000E+02
  2.0000E+01  3.9430E+00  2.4046E+01  6.1677E+00  3.8439E-01  1.3581E+01  1.4647E-03  2.5000E+02
  2.0000E+01  3.9430E+00  2.4046E+01  6.1677E+00  3.8439E-01  1.3581E+01  1.4647E-03  2.5000E+02
  2.0000E+01  3.9430E+00  2.4046E+01  6.1677E+00  3.8439E-01  1.3581E+01  1.4647E-03  2.5000E+02
  2.0000E+01  3.9430E+00  2.4046E+01  6.1677E+00  3.8439E-01  1.3581E+01  1.4647E-03  2.5000E+02
  2.0000E+01  3.9430E+00  2.4046E+01  6.1677E+00  3.8439E-01  1.3581E+01  1.4647E-03  2.5000E+02
  2.1000E+01  3.6390E+00  2.4164E+01  6.1677E+00  3.1140E-01  1.3581E+01  1.4647E-03  2.5000E+02
  2.1000E+01  3.6390E+00  2.4164E+01  6.1677E+00  3.1140E-01  1.3581E+01  1.4647E-03  2.5000E+02
  2.1000E+01  3.6390E+00  2.4164E+01  6.1677E+00  3.1140E-01  1.3581E+01  1.4647E-03  2.5000E+02
  2.1000E+01  3.6390E+00  2.4164E+01  6.1677E+00  3.1140E-01  1.3581E+01  1.4647E-03  2.5000E+02
  2.1000E+01  3.6390E+00  2.4164E+01  6.1677E+00  3.1140E-01  1.3581E+01  1.4647E-03  2.5000E+02
  2.1000E+01  3.6390E+00  2.4164E+01  6.1677E+00  3.1140E-01  1.3581E+01  1.4647E-03  2.5000E+02
  2.1000E+01  3.6390E+00  2.4164E+01  6.1677E+00  3.1140E-01  1.3581E+01  1.4647E-03  2.5000E+02
  2.1000E+01  3.6390E+00  2.4164E+01  6.1677E+00  3.1140E-01  1.3581E+01  1.4647E-03  2.5000E+02
  2.2000E+01  2.1172E+00  1.7642E+01  6.1677E+00  2.6750E-01  1.3581E+01  7.3309E-04  5.0000E+02
  2.2000E+01  2.1172E+00  1.7642E+01  6.1677E+00  2.6750E-01  1.3581E+01  7.3309E-04  5.0000E+02
  2.2000E+01  2.1172E+00  1.7642E+01  6.1677E+00  2.6750E-01  1.3581E+01  7.3309E-04  5.0000E+02
  2.2000E+01  2.1172E+00  1.7642E+01  6.1677E+00  2.6750E-01  1.3581E+01  7.3309E-04  5.0000E+02
  2.2000E+01  2.1172E+00  1.7642E+01  6.1677E+00  2.6750E-01  1.3581E+01  7.3309E-04  5.0000E+02
  2.2000E+01  2.1172E+00  1.7642E+01  6.1677E+00  2.6750E-01  1.3581E+01  7.3309E-04  5.0000E+02
  2.2000E+01  2.1172E+00  1.7642E+01  6.1677E+00  2.6750E-01  1.3581E+01  7.3309E-04  5.0000E+02
  2.2000E+01  2.1172E+00  1.7642E+01  6.1677E+00  2.6750E-01  1.3581E+01  7.3309E-04  5.0000E+02
  2.3000E+01  1.9999E+00  9.6916E+00  6.1677E+00  2.4411E-01  1.3581E+01  7.3309E-04  5.0000E+02
  2.3000E+01  1.9999E+00  9.6916E+00  6.1677E+00  2.4411E-01  1.3581E+01  7.3309E-04  5.0000E+02
  2.3000E+01  1.9999E+00  9.6916E+00  6.1677E+00  2.4411E-01  1.3581E+01  7.3309E-04  5.0000E+02
  2.3000E+01  1.9999E+00  9.6916E+00  6.1677E+00  2.4411E-01  1.3581E+01  7.3309E-04  5.0000E+02
  2.3000E+01  1.9999E+00  9.6916E+00  6.1677E+00  2.4411E-01  1.3581E+01  7.3309E-04  5.0000E+02
  2.3000E+01  1.9999E+00  9.6916E+00  6.1677E+00  2.4411E-01  1.3581E+01  7.3309E-04  5.0000E+02
  2.3000E+01  1.9999E+00  9.6916E+00  6.1677E+00  2.4411E-01  1.3581E+01  7.3309E-04  5.0000E+02
  2.3000E+01  1.9999E+00  9.6916E+00  6.1677E+00  2.4411E-01  1.3581E+01  7.3309E-04  5.0000E+02
  2.4000E+01  2.7666E-01  7.7416E+00  6.1677E+00  2.1599E-01  1.3581E+01  7.3309E-04  5.0000E+02
  2.4000E+01  2.7666E-01  7.7416E+00  6.1677E+00  2.1599E-01  1.3581E+01  7.3309E-04  5.0000E+02
  2.4000E+01  2.7666E-01  7.7416E+00  6.1677E+00  2.1599E-01  1.3581E+01  7.3309E-04  5.0000E+02
  2.4000E+01  2.7666E-01  7.7416E+00  6.1677E+00  2.1599E-01  1.3581E+01  7.3309E-04  5.0000E+02
  2.4000E+01  2.7666E-01  7.7416E+00  6.1677E+00  2.1599E-01  1.3581E+01  7.3309E-04  5.0000E+02
  2.4000E+01  2.7666E-01  7.7416E+00  6.1677E+00  2.1599E-01  1.3581E+01  7.3309E-04  5.0000E+02
  2.4000E+01  2.7666E-01  7.7416E+00  6.1677E+00  2.1599E-01  1.3581E+01  7.3309E-04  5.0000E+02
  2.4000E+01  2.7666E-01  7.7416E+00  6.1677E+00  2.1599E-01  1.3581E+01  7.3309E-04  5.0000E+02
  2.5000E+01  4.5802E-01  1.1128E+01  6.1677E+00  2.8557E-01  1.3581E+01  2.9236E-03  1.2500E+02
  2.5000E+01  4.5802E-01  1.1128E+01  6.1677E+00  2.8557E-01  1.3581E+01  2.9236E-03  1.2500E+02
  2.5000E+01  4.5802E-01  1.1128E+01  6.1677E+00  2.8557E-01  1.3581E+01  2.9236E-03  1.2500E+02
  2.5000E+01  4.5802E-01  1.1128E+01  6.1677E+00  2.8557E-01  1.3581E+01  2.9236E-03  1.2500E+02
  2.5000E+01  4.5802E-01  1.1128E+01  6.1677E+00  2.8557E-01  1.3581E+01  2.9236E-03  1.2500E+02
  2.5000E+01  4.5802E-01  1.1128E+01  6.1677E+00  2.8557E-01  1.3581E+01  2.9236E-03  1.2500E+02
  2.5000E+01  4.5802E-01  1.1128E+01  6.1677E+00  2.8557E-01  1.3581E+01  2.9236E-03  1.2500E+02
  2.6000E+01  9.7417E-01  4.5391E+00  6.1677E+00  2.2915E-01  1.3581E+01  2.9236E-03  1.2500E+02
  2.6000E+01  9.7417E-01  4.5391E+00  6.1677E+00  2.2915E-01  1.3581E+01  2.9236E-03  1.2500E+02
  2.6000E+01  9.7417E-01  4.5391E+00  6.1677E+00  2.2915E-01  1.3581E+01  2.9236E-03  1.2500E+02
  2.6000E+01  9.7417E-01  4.5391E+00  6.1677E+00  2.2915E-01  1.3581E+01  2.9236E-03  1.2500E+02
  2.6000E+01  9.7417E-01  4.5391E+00  6.1677E+00  2.2915E-01  1.3581E+01  2.9236E-03  1.2500E+02
  2.6000E+01  9.7417E-01  4.5391E+00  6.1677E+00  2.2915E-01  1.3581E+01  2.9236E-03  1.2500E+02
  2.6000E+01  9.7417E-01  4.5391E+00  6.1677E+00  2.2915E-01  1.3581E+01  2.9236E-03  1.2500E+02
  2.7000E+01  6.0993E-01  3.0006E+00  6.1677E+00  2.3252E-01  1.3581E+01  2.9236E-03  1.2500E+02
  2.7000E+01  6.0993E-01  3.0006E+00  6.1677E+00  2.3252E-01  1.3581E+01  2.9236E-03  1.2500E+02
  2.7000E+01  6.0993E-01  3.0006E+00  6.1677E+00  2.3252E-01  1.3581E+01  2.9236E-03  1.2500E+02
  2.7000E+01  6.0993E-01  3.0006E+00  6.1677E+00  2.3252E-01  1.3581E+01  2.9236E-03  1.2500E+02
  2.7000E+01  6.0993E-01  3.0006E+00  6.1677E+00  2.3252E-01  1.3581E+01  2.9236E-03  1.2500E+02
  2.7000E+01  6.0993E-01  3.0006E+00  6.1677E+00  2.3252E-01  1.3581E+01  2.9236E-03  1.2500E+02
  2.7000E+01  6.0993E-01  3.0006E+00  6.1677E+00  2.3252E-01  1.3581E+01  2.9236E-03  1.2500E+02
  2.8000E+01  3.7417E-01  1.3013E+01  6.1677E+00  2.9547E-01  1.3581E+01  1.4647E-03  2.5000E+02
  2.8000E+01  3.7417E-01  1.3013E+01  6.1677E+00  2.9547E-01  1.3581E+01  1.4647E-03  2.5000E+02
  2.8000E+01  3.7417E-01  1.3013E+01  6.1677E+00  2.9547E-01  1.3581E+01  1.4647E-03  2.5000E+02
  2.8000E+01  3.7417E-01  1.3013E+01  6.1677E+00  2.9547E-01  1.3581E+01  1.4647E-03  2.5000E+02
  2.8000E+01  3.7417E-01  1.3013E+01  6.1677E+00  2.9547E-01  1.3581E+01  1.4647E-03  2.5000E+02
  2.8000E+01  3.7417E-01  1.3013E+01  6.1677E+00  2.9547E-01  1.3581E+01  1.4647E-03  2.5000E+02
  2.8000E+01  3.7417E-01  1.3013E+01  6.1677E+00  2.9547E-01  1.3581E+01  1.4647E-03  2.5000E+02
  2.9000E+01  4.6402E-01  5.6086E+00  6.1677E+00  2.9790E-01  1.3581E+01  1.4647E-03  2.5000E+02
  2.9000E+01  4.6402E-01  5.6086E+00  6.1677E+00  2.9790E-01  1.3581E+01  1.4647E-03  2.5000E+02
  2.9000E+01  4.6402E-01  5.6086E+00  6.1677E+00  2.9790E-01  1.3581E+01  1.4647E-03  2.5000E+02
  2.9000E+01  4.6402E-01  5.6086E+00  6.1677E+00  2.9790E-01  1.3581E+01  1.4647E-03  2.5000E+02
  2.9000E+01  4.6402E-01  5.6086E+00  6.1677E+00  2.9790E-01  1.3581E+01  1.4647E-03  2.5000E+02
  2.9000E+01  4.6402E-01  5.6086E+00  6.1677E+00  2.9790E-01  1.3581E+01  1.4647E-03  2.5000E+02
  2.9000E+01  4.6402E-01  5.6086E+00  6.1677E+00  2.9790E-01  1.3581E+01  1.4647E-03  2.5000E+02
  3.0000E+01  9.7971E-01  6.7042E+00  6.1677E+00  2.0191E-01  1.3581E+01  1.4647E-03  2.5000E+02
  3.0000E+01  9.7971E-01  6.7042E+00  6.1677E+00  2.0191E-01  1.3581E+01  1.4647E-03  2.5000E+02
  3.0000E+01  9.7971E-01  6.7042E+00  6.1677E+00  2.0191E-01  1.3581E+01  1.4647E-03  2.5000E+02
  3.0000E+01  9.7971E-01  6.7042E+00  6.1677E+00  2.0191E-01  1.3581E+01  1.4647E-03  2.5000E+02
  3.0000E+01  9.7971E-01  6.7042E+00  6.1677E+00  2.0191E-01  1.3581E+01  1.4647E-03  2.5000E+02
  3.0000E+01  9.7971E-01  6.7042E+00  6.1677E+00  2.0191E-01  1.3581E+01  1.4647E-03  2.5000E+02
  3.0000E+01  9.7971E-01  6.7042E+00  6.1677E+00  2.0191E-01  1.3581E+01  1.4647E-03  2.5000E+02
  3.1000E+01  1.8509E-01  1.0547E+01  6.1677E+00  3.0219E-01  1.3581E+01  7.3309E-04  5.0000E+02
  3.1000E+01  1.8509E-01  1.0547E+01  6.1677E+00  3.0219E-01  1.3581E+01  7.3309E-04  5.0000E+02
  3.1000E+01  1.8509E-01  1.0547E+01  6.1677E+00  3.0219E-01  1.3581E+01  7.3309E-04  5.0000E+02
  3.1000E+01  1.8509E-01  1.0547E+01  6.1677E+00  3.0219E-01  1.3581E+01  7.3309E-04  5.0000E+02
  3.1000E+01  1.8509E-01  1.0547E+01  6.1677E+00  3.0219E-01  1.3581E+01  7.3309E-04  5.0000E+02
  3.1000E+01  1.8509E-01  1.0547E+01  6.1677E+00  3.0219E-01  1.3581E+01  7.3309E-04  5.0000E+02
  3.1000E+01  1.8509E-01  1.0547E+01  6.1677E+00  3.0219E-01  1.3581E+01  7.3309E-04  5.0000E+02
  3.2000E+01  3.5613E-01  6.4303E+00  6.1677E+00  2.9332E-01  1.3581E+01  7.3309E-04  5.0000E+02
  3.2000E+01  3.5613E-01  6.4303E+00  6.1677E+00  2.9332E-01  1.3581E+01  7.3309E-04  5.0000E+02
  3.2000E+01  3.5613E-01  6.4303E+00  6.1677E+00  2.9332E-01  1.3581E+01  7.3309E-04  5.0000E+02
  3.2000E+01  3.5613E-01  6.4303E+00  6.1677E+00  2.9332E-01  1.3581E+01  7.3309E-04  5.0000E+02
  3.2000E+01  3.5613E-01  6.4303E+00  6.1677E+00  2.9332E-01  1.3581E+01  7.3309E-04  5.0000E+02
  3.2000E+01  3.5613E-01  6.4303E+00  6.1677E+00  2.9332E-01  1.3581E+01  7.3309E-04  5.0000E+02
  3.2000E+01  3.5613E-01  6.4303E+00  6.1677E+00  2.9332E-01  1.3581E+01  7.3309E-04  5.0000E+02
  3.3000E+01  3.5690E-01  7.1474E+00  6.1677E+00  2.9260E-01  1.3581E+01  7.3309E-04  5.0000E+02
  3.3000E+01  3.5690E-01  7.1474E+00  6.1677E+00  2.9260E-01  1.3581E+01  7.3309E-04  5.0000E+02
  3.3000E+01  3.5690E-01  7.1474E+00  6.1677E+00  2.9260E-01  1.3581E+01  7.3309E-04  5.0000E+02
  3.3000E+01  3.5690E-01  7.1474E+00  6.1677E+00  2.9260E-01  1.3581E+01  7.3309E-04  5.0000E+02
  3.3000E+01  3.5690E-01  7.1474E+00  6.1677E+00  2.9260E-01  1.3581E+01  7.3309E-04  5.0000E+02
  3.3000E+01  3.5690E-01  7.1474E+00  6.1677E+00  2.9260E-01  1.3581E+01  7.3309E-04  5.0000E+02
  3.3000E+01  3.5690E-01  7.1474E+00  6.1677E+00  2.9260E-01  1.3581E+01  7.3309E-04  5.0000E+02
  3.4000E+01  3.3325E+00  1.2687E+01  6.1677E+00  4.2428E-01  1.3581E+01  2.9236E-03  1.2500E+02
  3.4000E+01  3.3325E+00  1.2687E+01  6.1677E+00  4.2428E-01  1.3581E+01  2.9236E-03  1.2500E+02
  3.4000E+01  3.3325E+00  1.2687E+01  6.1677E+00  4.2428E-01  1.3581E+01  2.9236E-03  1.2500E+02
  3.4000E+01  3.3325E+00  1.2687E+01  6.1677E+00  4.2428E-01  1.3581E+01  2.9236E-03  1.2500E+02
  3.4000E+01  3.3325E+00  1.2687E+01  6.1677E+00  4.2428E-01  1.3581E+01  2.9236E-03  1.2500E+02
  3.4000E+01  3.3325E+00  1.2687E+01  6.1677E+00  4.2428E-01  1.3581E+01  2.9236E-03  1.2500E+02
  3.4000E+01  3.3325E+00  1.2687E+01  6.1677E+00  4.2428E-01  1.3581E+01  2.9236E-03  1.2500E+02
  3.5000E+01  4.0735E+00  2.5001E+01  6.1677E+00  3.2077E-01  1.3581E+01  2.9236E-03  1.2500E+02
  3.5000E+01  4.0735E+00  2.5001E+01  6.1677E+00  3.2077E-01  1.3581E+01  2.9236E-03  1.2500E+02
  3.5000E+01  4.0735E+00  2.5001E+01  6.1677E+00  3.2077E-01  1.3581E+01  2.9236E-03  1.2500E+02
  3.5000E+01  4.0735E+00  2.5001E+01  6.1677E+00  3.2077E-01  1.3581E+01  2.9236E-03  1.2500E+02
  3.5000E+01  4.0735E+00  2.5001E+01  6.1677E+00  3.2077E-01  1.3581E+01  2.9236E-03  1.2500E+02
  3.5000E+01  4.0735E+00  2.5001E+01  6.1677E+00  3.2077E-01  1.3581E+01  2.9236E-03  1.2500E+02
  3.5000E+01  4.0735E+00  2.5001E+01  6.1677E+00  3.2077E-01  1.3581E+01  2.9236E-03  1.2500E+02
  3.6000E+01  3.4401E+00  1.6250E+01  6.1677E+00  3.6815E-01  1.3581E+01  2.9236E-03  1.2500E+02
  3.6000E+01  3.4401E+00  1.6250E+01  6.1677E+00  3.6815E-01  1.3581E+01  2.9236E-03  1.2500E+02
  3.6000E+01  3.4401E+00  1.6250E+01  6.1677E+00  3.6815E-01  1.3581E+01  2.9236E-03  1.2500E+02
  3.6000E+01  3.4401E+00  1.6250E+01  6.1677E+00  3.6815E-01  1.3581E+01  2.9236E-03  1.2500E+02
  3.6000E+01  3.4401E+00  1.6250E+01  6.1677E+00  3.6815E-01  1.3581E+01  2.9236E-03  1.2500E+02
  3.6000E+01  3.4401E+00  1.6250E+01  6.1677E+00  3.6815E-01  1.3581E+01  2.9236E-03  1.2500E+02
  3.6000E+01  3.4401E+00  1.6250E+01  6.1677E+00  3.6815E-01  1.3581E+01  2.9236E-03  1.2500E+02
  3.7000E+01  3.1330E+00  1.9154E+01  6.1677E+00  3.6467E-01  1.3581E+01  1.4647E-03  2.5000E+02
  3.7000E+01  3.1330E+00  1.9154E+01  6.1677E+00  3.6467E-01  1.3581E+01  1.4647E-03  2.5000E+02
  3.7000E+01  3.1330E+00  1.9154E+01  6.1677E+00  3.6467E-01  1.3581E+01  1.4647E-03  2.5000E+02
  3.7000E+01  3.1330E+00  1.9154E+01  6.1677E+00  3.6467E-01  1.3581E+01  1.4647E-03  2.5000E+02
  3.7000E+01  3.1330E+00  1.9154E+01  6.1677E+00  3.6467E-01  1.3581E+01  1.4647E-03  2.5000E+02
  3.7000E+01  3.1330E+00  1.9154E+01  6.1677E+00  3.6467E-01  1.3581E+01  1.4647E-03  2.5000E+02
  3.7000E+01  3.1330E+00  1.9154E+01  6.1677E+00  3.6467E-01  1.3581E+01  1.4647E-03  2.5000E+02
  3.8000E+01  2.1041E+00  1.6621E+01  6.1677E+00  3.1694E-01  1.3581E+01  1.4647E-03  2.5000E+02
  3.8000E+01  2.1041E+00  1.6621E+01  6.1677E+00  3.1694E-01  1.3581E+01  1.4647E-03  2.5000E+02
  3.8000E+01  2.1041E+00  1.6621E+01  6.1677E+00  3.1694E-01  1.3581E+01  1.4647E-03  2.5000E+02
  3.8000E+01  2.1041E+00  1.6621E+01  6.1677E+00  3.1694E-01  1.3581E+01  1.4647E-03  2.5000E+02
  3.8000E+01  2.1041E+00  1.6621E+01  6.1677E+00  3.1694E-01  1.3581E+01  1.4647E-03  2.5000E+02
  3.8000E+01  2.1041E+00  1.6621E+01  6.1677E+00  3.1694E-01  1.3581E+01  1.4647E-03  2.5000E+02
  3.8000E+01  2.1041E+00  1.6621E+01  6.1677E+00  3.1694E-01  1.3581E+01  1.4647E-03  2.5000E+02
  3.9000E+01  2.3027E+00  1.5196E+01  6.1677E+00  3.7904E-01  1.3581E+01  1.4647E-03  2.5000E+02
  3.9000E+01  2.3027E+00  1.5196E+01  6.1677E+00  3.7904E-01  1.3581E+01  1.4647E-03  2.5000E+02
  3.9000E+01  2.3027E+00  1.5196E+01  6.1677E+00  3.7904E-01  1.3581E+01  1.4647E-03  2.5000E+02
  3.9000E+01  2.3027E+00  1.5196E+01  6.1677E+00  3.7904E-01  1.3581E+01  1.4647E-03  2.5000E+02
  3.9000E+01  2.3027E+00  1.5196E+01  6.1677E+00  3.7904E-01  1.3581E+01  1.4647E-03  2.5000E+02
  3.9000E+01  2.3027E+00  1.5196E+01  6.1677E+00  3.7904E-01  1.3581E+01  1.4647E-03  2.5000E+02
  3.9000E+01  2.3027E+00  1.5196E+01  6.1677E+00  3.7904E-01  1.3581E+01  1.4647E-03  2.5000E+02
  4.0000E+01  8.1401E-01  1.3681E+01  6.1677E+00  2.8674E-01  1.3581E+01  7.3309E-04  5.0000E+02
  4.0000E+01  8.1401E-01  1.3681E+01  6.1677E+00  2.8674E-01  1.3581E+01  7.3309E-04  5.0000E+02
  4.0000E+01  8.1401E-01  1.3681E+01  6.1677E+00  2.8674E-01  1.3581E+01  7.3309E-04  5.0000E+02
  4.0000E+01  8.1401E-01  1.3681E+01  6.1677E+00  2.8674E-01  1.3581E+01  7.3309E-04  5.0000E+02
  4.0000E+01  8.1401E-01  1.3681E+01  6.1677E+00  2.8674E-01  1.3581E+01  7.3309E-04  5.0000E+02
  4.0000E+01  8.1401E-01  1.3681E+01  6.1677E+00  2.8674E-01  1.3581E+01  7.3309E-04  5.0000E+02
  4.0000E+01  8.1401E-01  1.3681E+01  6.1677E+00  2.8674E-01  1.3581E+01  7.3309E-04  5.0000E+02
  4.1000E+01  1.2333E+00  9.4508E+00  6.1677E+00  2.4708E-01  1.3581E+01  7.3309E-04  5.0000E+02
  4.1000E+01  1.2333E+00  9.4508E+00  6.1677E+00  2.4708E-01  1.3581E+01  7.3309E-04  5.0000E+02
  4.1000E+01  1.2333E+00  9.4508E+00  6.1677E+00  2.4708E-01  1.3581E+01  7.3309E-04  5.0000E+02
  4.1000E+01  1.2333E+00  9.4508E+00  6.1677E+00  2.4708E-01  1.3581E+01  7.3309E-04  5.0000E+02
  4.1000E+01  1.2333E+00  9.4508E+00  6.1677E+00  2.4708E-01  1.3581E+01  7.3309E-04  5.0000E+02
  4.1000E+01  1.2333E+00  9.4508E+00  6.1677E+00  2.4708E-01  1.3581E+01  7.3309E-04  5.0000E+02
  4.1000E+01  1.2333E+00  9.4508E+00  6.1677E+00  2.4708E-01  1.3581E+01  7.3309E-04  5.0000E+02
  4.2000E+01  1.7526E+00  1.2376E+01  6.1677E+00  2.4409E-01  1.3581E+01  7.3309E-04  5.0000E+02
  4.2000E+01  1.7526E+00  1.2376E+01  6.1677E+00  2.4409E-01  1.3581E+01  7.3309E-04  5.0000E+02
  4.2000E+01  1.7526E+00  1.2376E+01  6.1677E+00  2.4409E-01  1.3581E+01  7.3309E-04  5.0000E+02
  4.2000E+01  1.7526E+00  1.2376E+01  6.1677E+00  2.4409E-01  1.3581E+01  7.3309E-04  5.0000E+02
  4.2000E+01  1.7526E+00  1.2376E+01  6.1677E+00  2.4409E-01  1.3581E+01  7.3309E-04  5.0000E+02
  4.2000E+01  1.7526E+00  1.2376E+01  6.1677E+00  2.4409E-01  1.3581E+01  7.3309E-04  5.0000E+02
  4.2000E+01  1.7526E+00  1.2376E+01  6.1677E+00  2.4409E-01  1.3581E+01  7.3309E-04  5.0000E+02
  4.3000E+01  5.8258E-01  4.9880E+00  6.1677E+00  3.2603E-01  1.3581E+01  1.2210E-03  3.0000E+02
  4.3000E+01  5.8258E-01  4.9880E+00  6.1677E+00  3.2603E-01  1.3581E+01  1.2210E-03  3.0000E+02
  4.3000E+01  5.8258E-01  4.9880E+00  6.1677E+00  3.2603E-01  1.3581E+01  1.2210E-03  3.0000E+02
  4.3000E+01  5.8258E-01  4.9880E+00  6.1677E+00  3.2603E-01  1.3581E+01  1.2210E-03  3.0000E+02
  4.3000E+01  5.8258E-01  4.9880E+00  6.1677E+00  3.2603E-01  1.3581E+01  1.2210E-03  3.0000E+02
  4.3000E+01  5.8258E-01  4.9880E+00  6.1677E+00  3.2603E-01  1.3581E+01  1.2210E-03  3.0000E+02
  4.3000E+01  5.8258E-01  4.9880E+00  6.1677E+00  3.2603E-01  1.3581E+01  1.2210E-03  3.0000E+02
  4.4000E+01  7.3513E-01  8.8390E+00  6.1677E+00  3.2023E-01  1.3581E+01  1.2210E-03  3.0000E+02
  4.4000E+01  7.3513E-01  8.8390E+00  6.1677E+00  3.2023E-01  1.3581E+01  1.2210E-03  3.0000E+02
  4.4000E+01  7.3513E-01  8.8390E+00  6.1677E+00  3.2023E-01  1.3581E+01  1.2210E-03  3.0000E+02
  4.4000E+01  7.3513E-01  8.8390E+00  6.1677E+00  3.2023E-01  1.3581E+01  1.2210E-03  3.0000E+02
  4.4000E+01  7.3513E-01  8.8390E+00  6.1677E+00  3.2023E-01  1.3581E+01  1.2210E-03  3.0000E+02
  4.4000E+01  7.3513E-01  8.8390E+00  6.1677E+00  3.2023E-01  1.3581E+01  1.2210E-03  3.0000E+02
  4.4000E+01  7.3513E-01  8.8390E+00  6.1677E+00  3.2023E-01  1.3581E+01  1.2210E-03  3.0000E+02
  4.5000E+01  1.4488E+00  1.0372E+01  6.1677E+00  3.2874E-01  1.3581E+01  1.2210E-03  3.0000E+02
  4.5000E+01  1.4488E+00  1.0372E+01  6.1677E+00  3.2874E-01  1.3581E+01  1.2210E-03  3.0000E+02
  4.5000E+01  1.4488E+00  1.0372E+01  6.1677E+00  3.2874E-01  1.3581E+01  1.2210E-03  3.0000E+02
  4.5000E+01  1.4488E+00  1.0372E+01  6.1677E+00  3.2874E-01  1.3581E+01  1.2210E-03  3.0000E+02
  4.5000E+01  1.4488E+00  1.0372E+01  6.1677E+00  3.2874E-01  1.3581E+01  1.2210E-03  3.0000E+02
  4.5000E+01  1.4488E+00  1.0372E+01  6.1677E+00  3.2874E-01  1.3581E+01  1.2210E-03  3.0000E+02
  4.5000E+01  1.4488E+00  1.0372E+01  6.1677E+00  3.2874E-01  1.3581E+01  1.2210E-03  3.0000E+02
  4.6000E+01  1.9284E-01  5.9059E+00  6.1677E+00  2.1190E-01  1.3581E+01  4.5835E-04  8.0000E+02
  4.6000E+01  1.9284E-01  5.9059E+00  6.1677E+00  2.1190E-01  1.3581E+01  4.5835E-04  8.0000E+02
  4.6000E+01  1.9284E-01  5.9059E+00  6.1677E+00  2.1190E-01  1.3581E+01  4.5835E-04  8.0000E+02
  4.6000E+01  1.9284E-01  5.9059E+00  6.1677E+00  2.1190E-01  1.3581E+01  4.5835E-04  8.0000E+02
  4.6000E+01  1.9284E-01  5.9059E+00  6.1677E+00  2.1190E-01  1.3581E+01  4.5835E-04  8.0000E+02
  4.6000E+01  1.9284E-01  5.9059E+00  6.1677E+00  2.1190E-01  1.3581E+01  4.5835E-04  8.0000E+02
  4.6000E+01  1.9284E-01  5.9059E+00  6.1677E+00  2.1190E-01  1.3581E+01  4.5835E-04  8.0000E+02
  4.7000E+01  4.4454E-01  7.3277E+00  6.1677E+00  2.7765E-01  1.3581E+01  4.5835E-04  8.0000E+02
  4.7000E+01  4.4454E-01  7.3277E+00  6.1677E+00  2.7765E-01  1.3581E+01  4.5835E-04  8.0000E+02
  4.7000E+01  4.4454E-01  7.3277E+00  6.1677E+00  2.7765E-01  1.3581E+01  4.5835E-04  8.0000E+02
  4.7000E+01  4.4454E-01  7.3277E+00  6.1677E+00  2.7765E-01  1.3581E+01  4.5835E-04  8.0000E+02
  4.7000E+01  4.4454E-01  7.3277E+00  6.1677E+00  2.7765E-01  1.3581E+01  4.5835E-04  8.0000E+02
  4.7000E+01  4.4454E-01  7.3277E+00  6.1677E+00  2.7765E-01  1.3581E+01  4.5835E-04  8.0000E+02
  4.7000E+01  4.4454E-01  7.3277E+00  6.1677E+00  2.7765E-01  1.3581E+01  4.5835E-04  8.0000E+02
  4.8000E+01  8.4198E-01  6.8077E+00  6.1677E+00  3.0012E-01  1.3581E+01  4.5835E-04  8.0000E+02
  4.8000E+01  8.4198E-01  6.8077E+00  6.1677E+00  3.0012E-01  1.3581E+01  4.5835E-04  8.0000E+02
  4.8000E+01  8.4198E-01  6.8077E+00  6.1677E+00  3.0012E-01  1.3581E+01  4.5835E-04  8.0000E+02
  4.8000E+01  8.4198E-01  6.8077E+00  6.1677E+00  3.0012E-01  1.3581E+01  4.5835E-04  8.0000E+02
  4.8000E+01  8.4198E-01  6.8077E+00  6.1677E+00  3.0012E-01  1.3581E+01  4.5835E-04  8.0000E+02
  4.8000E+01  8.4198E-01  6.8077E+00  6.1677E+00  3.0012E-01  1.3581E+01  4.5835E-04  8.0000E+02
  4.8000E+01  8.4198E-01  6.8077E+00  6.1677E+00  3.0012E-01  1.3581E+01  4.5835E-04  8.0000E+02
  4.9000E+01  8.1331E-01  6.9596E+00  6.1677E+00  3.2038E-01  1.3581E+01  2.4453E-04  1.5000E+03
  4.9000E+01  8.1331E-01  6.9596E+00  6.1677E+00  3.2038E-01  1.3581E+01  2.4453E-04  1.5000E+03
  4.9000E+01  8.1331E-01  6.9596E+00  6.1677E+00  3.2038E-01  1.3581E+01  2.4453E-04  1.5000E+03
  4.9000E+01  8.1331E-01  6.9596E+00  6.1677E+00  3.2038E-01  1.3581E+01  2.4453E-04  1.5000E+03
  4.9000E+01  8.1331E-01  6.9596E+00  6.1677E+00  3.2038E-01  1.3581E+01  2.4453E-04  1.5000E+03
  4.9000E+01  8.1331E-01  6.9596E+00  6.1677E+00  3.2038E-01  1.3581E+01  2.4453E-04  1.5000E+03
  4.9000E+01  8.1331E-01  6.9596E+00  6.1677E+00  3.2038E-01  1.3581E+01  2.4453E-04  1.5000E+03
  5.0000E+01  1.5238E-01  3.3988E+00  6.1677E+00  1.8699E-01  1.3581E+01  2.4453E-04  1.5000E+03
  5.0000E+01  1.5238E-01  3.3988E+00  6.1677E+00  1.8699E-01  1.3581E+01  2.4453E-04  1.5000E+03
  5.0000E+01  1.5238E-01  3.3988E+00  6.1677E+00  1.8699E-01  1.3581E+01  2.4453E-04  1.5000E+03
  5.0000E+01  1.5238E-01  3.3988E+00  6.1677E+00  1.8699E-01  1.3581E+01  2.4453E-04  1.5000E+03
  5.0000E+01  1.5238E-01  3.3988E+00  6.1677E+00  1.8699E-01  1.3581E+01  2.4453E-04  1.5000E+03
  5.0000E+01  1.5238E-01  3.3988E+00  6.1677E+00  1.8699E-01  1.3581E+01  2.4453E-04  1.5000E+03
  5.0000E+01  1.5238E-01  3.3988E+00  6.1677E+00  1.8699E-01  1.3581E+01  2.4453E-04  1.5000E+03
  5.1000E+01  2.0604E-01  6.1100E+00  6.1677E+00  2.1725E-01  1.3581E+01  2.4453E-04  1.5000E+03
  5.1000E+01  2.0604E-01  6.1100E+00  6.1677E+00  2.1725E-01  1.3581E+01  2.4453E-04  1.5000E+03
  5.1000E+01  2.0604E-01  6.1100E+00  6.1677E+00  2.1725E-01  1.3581E+01  2.4453E-04  1.5000E+03
  5.1000E+01  2.0604E-01  6.1100E+00  6.1677E+00  2.1725E-01  1.3581E+01  2.4453E-04  1.5000E+03
  5.1000E+01  2.0604E-01  6.1100E+00  6.1677E+00  2.1725E-01  1.3581E+01  2.4453E-04  1.5000E+03
  5.1000E+01  2.0604E-01  6.1100E+00  6.1677E+00  2.1725E-01  1.3581E+01  2.4453E-04  1.5000E+03
  5.2000E+01  3.2431E-01  1.5452E+00  6.1677E+00  1.9591E-01  1.3581E+01  1.2210E-03  3.0000E+02
  5.2000E+01  3.2431E-01  1.5452E+00  6.1677E+00  1.9591E-01  1.3581E+01  1.2210E-03  3.0000E+02
  5.2000E+01  3.2431E-01  1.5452E+00  6.1677E+00  1.9591E-01  1.3581E+01  1.2210E-03  3.0000E+02
  5.2000E+01  3.2431E-01  1.5452E+00  6.1677E+00  1.9591E-01  1.3581E+01  1.2210E-03  3.0000E+02
  5.2000E+01  3.2431E-01  1.5452E+00  6.1677E+00  1.9591E-01  1.3581E+01  1.2210E-03  3.0000E+02
  5.2000E+01  3.2431E-01  1.5452E+00  6.1677E+00  1.9591E-01  1.3581E+01  1.2210E-03  3.0000E+02
  5.2000E+01  3.2431E-01  1.5452E+00  6.1677E+00  1.9591E-01  1.3581E+01  1.2210E-03  3.0000E+02
  5.3000E+01  1.6297E+00  1.4864E+01  6.1677E+00  3.2505E-01  1.3581E+01  1.2210E-03  3.0000E+02
  5.3000E+01  1.6297E+00  1.4864E+01  6.1677E+00  3.2505E-01  1.3581E+01  1.2210E-03  3.0000E+02
  5.3000E+01  1.6297E+00  1.4864E+01  6.1677E+00  3.2505E-01  1.3581E+01  1.2210E-03  3.0000E+02
  5.3000E+01  1.6297E+00  1.4864E+01  6.1677E+00  3.2505E-01  1.3581E+01  1.2210E-03  3.0000E+02
  5.3000E+01  1.6297E+00  1.4864E+01  6.1677E+00  3.2505E-01  1.3581E+01  1.2210E-03  3.0000E+02
  5.3000E+01  1.6297E+00  1.4864E+01  6.1677E+00  3.2505E-01  1.3581E+01  1.2210E-03  3.0000E+02
  5.3000E+01  1.6297E+00  1.4864E+01  6.1677E+00  3.2505E-01  1.3581E+01  1.2210E-03  3.0000E+02
  5.4000E+01  1.5835E+00  6.1466E+00  6.1677E+00  3.6527E-01  1.3581E+01  1.2210E-03  3.0000E+02
  5.4000E+01  1.5835E+00  6.1466E+00  6.1677E+00  3.6527E-01  1.3581E+01  1.2210E-03  3.0000E+02
  5.4000E+01  1.5835E+00  6.1466E+00  6.1677E+00  3.6527E-01  1.3581E+01  1.2210E-03  3.0000E+02
  5.4000E+01  1.5835E+00  6.1466E+00  6.1677E+00  3.6527E-01  1.3581E+01  1.2210E-03  3.0000E+02
  5.4000E+01  1.5835E+00  6.1466E+00  6.1677E+00  3.6527E-01  1.3581E+01  1.2210E-03  3.0000E+02
  5.4000E+01  1.5835E+00  6.1466E+00  6.1677E+00  3.6527E-01  1.3581E+01  1.2210E-03  3.0000E+02
  5.4000E+01  1.5835E+00  6.1466E+00  6.1677E+00  3.6527E-01  1.3581E+01  1.2210E-03  3.0000E+02
  5.5000E+01  1.1831E+00  6.3580E+00  6.1677E+00  3.1457E-01  1.3581E+01  4.5835E-04  8.0000E+02
  5.5000E+01  1.1831E+00  6.3580E+00  6.1677E+00  3.1457E-01  1.3581E+01  4.5835E-04  8.0000E+02
  5.5000E+01  1.1831E+00  6.3580E+00  6.1677E+00  3.1457E-01  1.3581E+01  4.5835E-04  8.0000E+02
  5.5000E+01  1.1831E+00  6.3580E+00  6.1677E+00  3.1457E-01  1.3581E+01  4.5835E-04  8.0000E+02
  5.5000E+01  1.1831E+00  6.3580E+00  6.1677E+00  3.1457E-01  1.3581E+01  4.5835E-04  8.0000E+02
  5.5000E+01  1.1831E+00  6.3580E+00  6.1677E+00  3.1457E-01  1.3581E+01  4.5835E-04  8.0000E+02
  5.5000E+01  1.1831E+00  6.3580E+00  6.1677E+00  3.1457E-01  1.3581E+01  4.5835E-04  8.0000E+02
  5.6000E+01  2.4471E+00  5.5527E+00  6.1677E+00  2.7707E-01  1.3581E+01  4.5835E-04  8.0000E+02
  5.6000E+01  2.4471E+00  5.5527E+00  6.1677E+00  2.7707E-01  1.3581E+01  4.5835E-04  8.0000E+02
  5.6000E+01  2.4471E+00  5.5527E+00  6.1677E+00  2.7707E-01  1.3581E+01  4.5835E-04  8.0000E+02
  5.6000E+01  2.4471E+00  5.5527E+00  6.1677E+00  2.7707E-01  1.3581E+01  4.5835E-04  8.0000E+02
  5.6000E+01  2.4471E+00  5.5527E+00  6.1677E+00  2.7707E-01  1.3581E+01  4.5835E-04  8.0000E+02
  5.6000E+01  2.4471E+00  5.5527E+00  6.1677E+00  2.7707E-01  1.3581E+01  4.5835E-04  8.0000E+02
  5.6000E+01  2.4471E+00  5.5527E+00  6.1677E+00  2.7707E-01  1.3581E+01  4.5835E-04  8.0000E+02
  5.7000E+01  2.7992E+00  7.9764E+00  6.1677E+00  3.0182E-01  1.3581E+01  4.5835E-04  8.0000E+02
  5.7000E+01  2.7992E+00  7.9764E+00  6.1677E+00  3.0182E-01  1.3581E+01  4.5835E-04  8.0000E+02
  5.7000E+01  2.7992E+00  7.9764E+00  6.1677E+00  3.0182E-01  1.3581E+01  4.5835E-04  8.0000E+02
  5.7000E+01  2.7992E+00  7.9764E+00  6.1677E+00  3.0182E-01  1.3581E+01  4.5835E-04  8.0000E+02
  5.7000E+01  2.7992E+00  7.9764E+00  6.1677E+00  3.0182E-01  1.3581E+01  4.5835E-04  8.0000E+02
  5.7000E+01  2.7992E+00  7.9764E+00  6.1677E+00  3.0182E-01  1.3581E+01  4.5835E-04  8.0000E+02
  5.8000E+01  4.9692E-01  6.4272E+00  6.1677E+00  2.9149E-01  1.3581E+01  2.4453E-04  1.5000E+03
  5.8000E+01  4.9692E-01  6.4272E+00  6.1677E+00  2.9149E-01  1.3581E+01  2.4453E-04  1.5000E+03
  5.8000E+01  4.9692E-01  6.4272E+00  6.1677E+00  2.9149E-01  1.3581E+01  2.4453E-04  1.5000E+03
  5.8000E+01  4.9692E-01  6.4272E+00  6.1677E+00  2.9149E-01  1.3581E+01  2.4453E-04  1.5000E+03
  5.8000E+01  4.9692E-01  6.4272E+00  6.1677E+00  2.9149E-01  1.3581E+01  2.4453E-04  1.5000E+03
  5.8000E+01  4.9692E-01  6.4272E+00  6.1677E+00  2.9149E-01  1.3581E+01  2.4453E-04  1.5000E+03
  5.8000E+01  4.9692E-01  6.4272E+00  6.1677E+00  2.9149E-01  1.3581E+01  2.4453E-04  1.5000E+03
  5.9000E+01  2.3501E-01  1.3461E+00  6.1677E+00  1.8024E-01  1.3581E+01  2.4453E-04  1.5000E+03
  5.9000E+01  2.3501E-01  1.3461E+00  6.1677E+00  1.8024E-01  1.3581E+01  2.4453E-04  1.5000E+03
  5.9000E+01  2.3501E-01  1.3461E+00  6.1677E+00  1.8024E-01  1.3581E+01  2.4453E-04  1.5000E+03
  5.9000E+01  2.3501E-01  1.3461E+00  6.1677E+00  1.8024E-01  1.3581E+01  2.4453E-04  1.5000E+03
  5.9000E+01  2.3501E-01  1.3461E+00  6.1677E+00  1.8024E-01  1.3581E+01  2.4453E-04  1.5000E+03
  5.9000E+01  2.3501E-01  1.3461E+00  6.1677E+00  1.8024E-01  1.3581E+01  2.4453E-04  1.5000E+03
  5.9000E+01  2.3501E-01  1.3461E+00  6.1677E+00  1.8024E-01  1.3581E+01  2.4453E-04  1.5000E+03
  6.0000E+01  9.5828E-01  3.5804E+00  6.1677E+00  2.7168E-01  1.3581E+01  2.4453E-04  1.5000E+03
  6.0000E+01  9.5828E-01  3.5804E+00  6.1677E+00  2.7168E-01  1.3581E+01  2.4453E-04  1.5000E+03
  6.0000E+01  9.5828E-01  3.5804E+00  6.1677E+00  2.7168E-01  1.3581E+01  2.4453E-04  1.5000E+03
  6.0000E+01  9.5828E-01  3.5804E+00  6.1677E+00  2.7168E-01  1.3581E+01  2.4453E-04  1.5000E+03
  6.0000E+01  9.5828E-01  3.5804E+00  6.1677E+00  2.7168E-01  1.3581E+01  2.4453E-04  1.5000E+03
  6.0000E+01  9.5828E-01  3.5804E+00  6.1677E+00  2.7168E-01  1.3581E+01  2.4453E-04  1.5000E+03
  6.0000E+01  9.5828E-01  3.5804E+00  6.1677E+00  2.7168E-01  1.3581E+01  2.4453E-04  1.5000E+03
  6.1000E+01  6.2898E-01  5.2070E+00  6.1677E+00  3.4563E-01  1.3581E+01  1.2210E-03  3.0000E+02
  6.1000E+01  6.2898E-01  5.2070E+00  6.1677E+00  3.4563E-01  1.3581E+01  1.2210E-03  3.0000E+02
  6.1000E+01  6.2898E-01  5.2070E+00  6.1677E+00  3.4563E-01  1.3581E+01  1.2210E-03  3.0000E+02
  6.1000E+01  6.2898E-01  5.2070E+00  6.1677E+00  3.4563E-01  1.3581E+01  1.2210E-03  3.0000E+02
  6.1000E+01  6.2898E-01  5.2070E+00  6.1677E+00  3.4563E-01  1.3581E+01  1.2210E-03  3.0000E+02
  6.1000E+01  6.2898E-01  5.2070E+00  6.1677E+00  3.4563E-01  1.3581E+01  1.2210E-03  3.0000E+02
  6.2000E+01  1.4561E+00  1.2061E+01  6.1677E+00  3.2493E-01  1.3581E+01  1.2210E-03  3.0000E+02
  6.2000E+01  1.4561E+00  1.2061E+01  6.1677E+00  3.2493E-01  1.3581E+01  1.2210E-03  3.0000E+02
  6.2000E+01  1.4561E+00  1.2061E+01  6.1677E+00  3.2493E-01  1.3581E+01  1.2210E-03  3.0000E+02
  6.2000E+01  1.4561E+00  1.2061E+01  6.1677E+00  3.2493E-01  1.3581E+01  1.2210E-03  3.0000E+02
  6.2000E+01  1.4561E+00  1.2061E+01  6.1677E+00  3.2493E-01  1.3581E+01  1.2210E-03  3.0000E+02
  6.2000E+01  1.4561E+00  1.2061E+01  6.1677E+00  3.2493E-01  1.3581E+01  1.2210E-03  3.0000E+02
  6.3000E+01  1.1344E+00  2.9576E+00  6.1677E+00  2.9669E-01  1.3581E+01  1.2210E-03  3.0000E+02
  6.3000E+01  1.1344E+00  2.9576E+00  6.1677E+00  2.9669E-01  1.3581E+01  1.2210E-03  3.0000E+02
  6.3000E+01  1.1344E+00  2.9576E+00  6.1677E+00  2.9669E-01  1.3581E+01  1.2210E-03  3.0000E+02
  6.3000E+01  1.1344E+00  2.9576E+00  6.1677E+00  2.9669E-01  1.3581E+01  1.2210E-03  3.0000E+02
  6.3000E+01  1.1344E+00  2.9576E+00  6.1677E+00  2.9669E-01  1.3581E+01  1.2210E-03  3.0000E+02
  6.3000E+01  1.1344E+00  2.9576E+00  6.1677E+00  2.9669E-01  1.3581E+01  1.2210E-03  3.0000E+02
  6.4000E+01  1.8976E-01  8.7524E+00  6.1677E+00  3.1602E-01  1.3581E+01  4.5835E-04  8.0000E+02
  6.4000E+01  1.8976E-01  8.7524E+00  6.1677E+00  3.1602E-01  1.3581E+01  4.5835E-04  8.0000E+02
  6.4000E+01  1.8976E-01  8.7524E+00  6.1677E+00  3.1602E-01  1.3581E+01  4.5835E-04  8.0000E+02
  6.4000E+01  1.8976E-01  8.7524E+00  6.1677E+00  3.1602E-01  1.3581E+01  4.5835E-04  8.0000E+02
  6.4000E+01  1.8976E-01  8.7524E+00  6.1677E+00  3.1602E-01  1.3581E+01  4.5835E-04  8.0000E+02
  6.4000E+01  1.8976E-01  8.7524E+00  6.1677E+00  3.1602E-01  1.3581E+01  4.5835E-04  8.0000E+02
  6.5000E+01  3.6404E-01  1.2253E+01  6.1677E+00  3.0791E-01  1.3581E+01  4.5835E-04  8.0000E+02
  6.5000E+01  3.6404E-01  1.2253E+01  6.1677E+00  3.0791E-01  1.3581E+01  4.5835E-04  8.0000E+02
  6.5000E+01  3.6404E-01  1.2253E+01  6.1677E+00  3.0791E-01  1.3581E+01  4.5835E-04  8.0000E+02
  6.5000E+01  3.6404E-01  1.2253E+01  6.1677E+00  3.0791E-01  1.3581E+01  4.5835E-04  8.0000E+02
  6.5000E+01  3.6404E-01  1.2253E+01  6.1677E+00  3.0791E-01  1.3581E+01  4.5835E-04  8.0000E+02
  6.5000E+01  3.6404E-01  1.2253E+01  6.1677E+00  3.0791E-01  1.3581E+01  4.5835E-04  8.0000E+02
  6.6000E+01  6.0425E-01  4.6772E+00  6.1677E+00  2.9401E-01  1.3581E+01  4.5835E-04  8.0000E+02
  6.6000E+01  6.0425E-01  4.6772E+00  6.1677E+00  2.9401E-01  1.3581E+01  4.5835E-04  8.0000E+02
  6.6000E+01  6.0425E-01  4.6772E+00  6.1677E+00  2.9401E-01  1.3581E+01  4.5835E-04  8.0000E+02
  6.6000E+01  6.0425E-01  4.6772E+00  6.1677E+00  2.9401E-01  1.3581E+01  4.5835E-04  8.0000E+02
  6.6000E+01  6.0425E-01  4.6772E+00  6.1677E+00  2.9401E-01  1.3581E+01  4.5835E-04  8.0000E+02
  6.6000E+01  6.0425E-01  4.6772E+00  6.1677E+00  2.9401E-01  1.3581E+01  4.5835E-04  8.0000E+02
  6.7000E+01  3.0855E-01  1.4882E+01  6.1677E+00  3.0550E-01  1.3581E+01  2.4453E-04  1.5000E+03
  6.7000E+01  3.0855E-01  1.4882E+01  6.1677E+00  3.0550E-01  1.3581E+01  2.4453E-04  1.5000E+03
  6.7000E+01  3.0855E-01  1.4882E+01  6.1677E+00  3.0550E-01  1.3581E+01  2.4453E-04  1.5000E+03
  6.7000E+01  3.0855E-01  1.4882E+01  6.1677E+00  3.0550E-01  1.3581E+01  2.4453E-04  1.5000E+03
  6.7000E+01  3.0855E-01  1.4882E+01  6.1677E+00  3.0550E-01  1.3581E+01  2.4453E-04  1.5000E+03
  6.7000E+01  3.0855E-01  1.4882E+01  6.1677E+00  3.0550E-01  1.3581E+01  2.4453E-04  1.5000E+03
  6.8000E+01  4.8856E-01  3.6849E+00  6.1677E+00  3.1381E-01  1.3581E+01  2.4453E-04  1.5000E+03
  6.8000E+01  4.8856E-01  3.6849E+00  6.1677E+00  3.1381E-01  1.3581E+01  2.4453E-04  1.5000E+03
  6.8000E+01  4.8856E-01  3.6849E+00  6.1677E+00  3.1381E-01  1.3581E+01  2.4453E-04  1.5000E+03
  6.8000E+01  4.8856E-01  3.6849E+00  6.1677E+00  3.1381E-01  1.3581E+01  2.4453E-04  1.5000E+03
  6.8000E+01  4.8856E-01  3.6849E+00  6.1677E+00  3.1381E-01  1.3581E+01  2.4453E-04  1.5000E+03
  6.8000E+01  4.8856E-01  3.6849E+00  6.1677E+00  3.1381E-01  1.3581E+01  2.4453E-04  1.5000E+03
  6.9000E+01  1.9827E-01  1.2381E+01  6.1677E+00  3.0743E-01  1.3581E+01  2.4453E-04  1.5000E+03
  6.9000E+01  1.9827E-01  1.2381E+01  6.1677E+00  3.0743E-01  1.3581E+01  2.4453E-04  1.5000E+03
  6.9000E+01  1.9827E-01  1.2381E+01  6.1677E+00  3.0743E-01  1.3581E+01  2.4453E-04  1.5000E+03
  6.9000E+01  1.9827E-01  1.2381E+01  6.1677E+00  3.0743E-01  1.3581E+01  2.4453E-04  1.5000E+03
  6.9000E+01  1.9827E-01  1.2381E+01  6.1677E+00  3.0743E-01  1.3581E+01  2.4453E-04  1.5000E+03
  6.9000E+01  1.9827E-01  1.2381E+01  6.1677E+00  3.0743E-01  1.3581E+01  2.4453E-04  1.5000E+03
  7.0000E+01  2.9655E+00  8.8157E+00  6.1677E+00  3.2990E-01  1.3581E+01  1.2210E-03  3.0000E+02
  7.0000E+01  2.9655E+00  8.8157E+00  6.1677E+00  3.2990E-01  1.3581E+01  1.2210E-03  3.0000E+02
  7.0000E+01  2.9655E+00  8.8157E+00  6.1677E+00  3.2990E-01  1.3581E+01  1.2210E-03  3.0000E+02
  7.0000E+01  2.9655E+00  8.8157E+00  6.1677E+00  3.2990E-01  1.3581E+01  1.2210E-03  3.0000E+02
  7.0000E+01  2.9655E+00  8.8157E+00  6.1677E+00  3.2990E-01  1.3581E+01  1.2210E-03  3.0000E+02
  7.0000E+01  2.9655E+00  8.8157E+00  6.1677E+00  3.2990E-01  1.3581E+01  1.2210E-03  3.0000E+02
  7.1000E+01  4.2087E-01  1.0938E+01  6.1677E+00  3.0365E-01  1.3581E+01  1.2210E-03  3.0000E+02
  7.1000E+01  4.2087E-01  1.0938E+01  6.1677E+00  3.0365E-01  1.3581E+01  1.2210E-03  3.0000E+02
  7.1000E+01  4.2087E-01  1.0938E+01  6.1677E+00  3.0365E-01  1.3581E+01  1.2210E-03  3.0000E+02
  7.1000E+01  4.2087E-01  1.0938E+01  6.1677E+00  3.0365E-01  1.3581E+01  1.2210E-03  3.0000E+02
  7.1000E+01  4.2087E-01  1.0938E+01  6.1677E+00  3.0365E-01  1.3581E+01  1.2210E-03  3.0000E+02
  7.1000E+01  4.2087E-01  1.0938E+01  6.1677E+00  3.0365E-01  1.3581E+01  1.2210E-03  3.0000E+02
  7.2000E+01  1.2705E+00  1.2844E+01  6.1677E+00  3.1494E-01  1.3581E+01  1.2210E-03  3.0000E+02
  7.2000E+01  1.2705E+00  1.2844E+01  6.1677E+00  3.1494E-01  1.3581E+01  1.2210E-03  3.0000E+02
  7.2000E+01  1.2705E+00  1.2844E+01  6.1677E+00  3.1494E-01  1.3581E+01  1.2210E-03  3.0000E+02
  7.2000E+01  1.2705E+00  1.2844E+01  6.1677E+00  3.1494E-01  1.3581E+01  1.2210E-03  3.0000E+02
  7.2000E+01  1.2705E+00  1.2844E+01  6.1677E+00  3.1494E-01  1.3581E+01  1.2210E-03  3.0000E+02
  7.2000E+01  1.2705E+00  1.2844E+01  6.1677E+00  3.1494E-01  1.3581E+01  1.2210E-03  3.0000E+02
  7.3000E+01  1.3672E-01  1.1896E+01  6.1677E+00  3.0768E-01  1.3581E+01  4.5835E-04  8.0000E+02
  7.3000E+01  1.3672E-01  1.1896E+01  6.1677E+00  3.0768E-01  1.3581E+01  4.5835E-04  8.0000E+02
  7.3000E+01  1.3672E-01  1.1896E+01  6.1677E+00  3.0768E-01  1.3581E+01  4.5835E-04  8.0000E+02
  7.3000E+01  1.3672E-01  1.1896E+01  6.1677E+00  3.0768E-01  1.3581E+01  4.5835E-04  8.0000E+02
  7.3000E+01  1.3672E-01  1.1896E+01  6.1677E+00  3.0768E-01  1.3581E+01  4.5835E-04  8.0000E+02
  7.3000E+01  1.3672E-01  1.1896E+01  6.1677E+00  3.0768E-01  1.3581E+01  4.5835E-04  8.0000E+02
  7.4000E+01  6.1347E-01  1.1208E+01  6.1677E+00  3.0392E-01  1.3581E+01  4.5835E-04  8.0000E+02
  7.4000E+01  6.1347E-01  1.1208E+01  6.1677E+00  3.0392E-01  1.3581E+01  4.5835E-04  8.0000E+02
  7.4000E+01  6.1347E-01  1.1208E+01  6.1677E+00  3.0392E-01  1.3581E+01  4.5835E-04  8.0000E+02
  7.4000E+01  6.1347E-01  1.1208E+01  6.1677E+00  3.0392E-01  1.3581E+01  4.5835E-04  8.0000E+02
  7.4000E+01  6.1347E-01  1.1208E+01  6.1677E+00  3.0392E-01  1.3581E+01  4.5835E-04  8.0000E+02
  7.4000E+01  6.1347E-01  1.1208E+01  6.1677E+00  3.0392E-01  1.3581E+01  4.5835E-04  8.0000E+02
  7.5000E+01  1.0524E+00  1.5355E+01  6.1677E+00  3.1258E-01  1.3581E+01  4.5835E-04  8.0000E+02
  7.5000E+01  1.0524E+00  1.5355E+01  6.1677E+00  3.1258E-01  1.3581E+01  4.5835E-04  8.0000E+02
  7.5000E+01  1.0524E+00  1.5355E+01  6.1677E+00  3.1258E-01  1.3581E+01  4.5835E-04  8.0000E+02
  7.5000E+01  1.0524E+00  1.5355E+01  6.1677E+00  3.1258E-01  1.3581E+01  4.5835E-04  8.0000E+02
  7.5000E+01  1.0524E+00  1.5355E+01  6.1677E+00  3.1258E-01  1.3581E+01  4.5835E-04  8.0000E+02
  7.5000E+01  1.0524E+00  1.5355E+01  6.1677E+00  3.1258E-01  1.3581E+01  4.5835E-04  8.0000E+02
  7.6000E+01  2.0689E+00  5.4182E+00  6.1677E+00  2.7955E-01  1.3581E+01  2.4453E-04  1.5000E+03
  7.6000E+01  2.0689E+00  5.4182E+00  6.1677E+00  2.7955E-01  1.3581E+01  2.4453E-04  1.5000E+03
  7.6000E+01  2.0689E+00  5.4182E+00  6.1677E+00  2.7955E-01  1.3581E+01  2.4453E-04  1.5000E+03
  7.6000E+01  2.0689E+00  5.4182E+00  6.1677E+00  2.7955E-01  1.3581E+01  2.4453E-04  1.5000E+03
  7.6000E+01  2.0689E+00  5.4182E+00  6.1677E+00  2.7955E-01  1.3581E+01  2.4453E-04  1.5000E+03
  7.6000E+01  2.0689E+00  5.4182E+00  6.1677E+00  2.7955E-01  1.3581E+01  2.4453E-04  1.5000E+03
  7.7000E+01  4.9859E-01  3.6811E+00  6.1677E+00  2.8510E-01  1.3581E+01  2.4453E-04  1.5000E+03
  7.7000E+01  4.9859E-01  3.6811E+00  6.1677E+00  2.8510E-01  1.3581E+01  2.4453E-04  1.5000E+03
  7.7000E+01  4.9859E-01  3.6811E+00  6.1677E+00  2.8510E-01  1.3581E+01  2.4453E-04  1.5000E+03
  7.7000E+01  4.9859E-01  3.6811E+00  6.1677E+00  2.8510E-01  1.3581E+01  2.4453E-04  1.5000E+03
  7.7000E+01  4.9859E-01  3.6811E+00  6.1677E+00  2.8510E-01  1.3581E+01  2.4453E-04  1.5000E+03
  7.7000E+01  4.9859E-01  3.6811E+00  6.1677E+00  2.8510E-01  1.3581E+01  2.4453E-04  1.5000E+03
  7.8000E+01  6.4163E-01  8.2670E+00  6.1677E+00  3.0358E-01  1.3581E+01  2.4453E-04  1.5000E+03
  7.8000E+01  6.4163E-01  8.2670E+00  6.1677E+00  3.0358E-01  1.3581E+01  2.4453E-04  1.5000E+03
  7.8000E+01  6.4163E-01  8.2670E+00  6.1677E+00  3.0358E-01  1.3581E+01  2.4453E-04  1.5000E+03
  7.8000E+01  6.4163E-01  8.2670E+00  6.1677E+00  3.0358E-01  1.3581E+01  2.4453E-04  1.5000E+03
  7.8000E+01  6.4163E-01  8.2670E+00  6.1677E+00  3.0358E-01  1.3581E+01  2.4453E-04  1.5000E+03
  7.8000E+01  6.4163E-01  8.2670E+00  6.1677E+00  3.0358E-01  1.3581E+01  2.4453E-04  1.5000E+03
