TABLE NO.  2
 ID          CL          V2          V3          Q           KA          F1          DOSE
  1.0000E+00  6.9481E+00  2.0250E+00  5.0000E-01  5.2807E-02  1.7081E+01  3.1919E-03  1.0000E+01
  1.0000E+00  6.9481E+00  2.0250E+00  5.0000E-01  5.2807E-02  1.7081E+01  3.1919E-03  1.0000E+01
  1.0000E+00  6.9481E+00  2.0250E+00  5.0000E-01  5.2807E-02  1.7081E+01  3.1919E-03  1.0000E+01
  1.0000E+00  6.9481E+00  2.0250E+00  5.0000E-01  5.2807E-02  1.7081E+01  3.1919E-03  1.0000E+01
  1.0000E+00  6.9481E+00  2.0250E+00  5.0000E-01  5.2807E-02  1.7081E+01  3.1919E-03  1.0000E+01
  1.0000E+00  6.9481E+00  2.0250E+00  5.0000E-01  5.2807E-02  1.7081E+01  3.1919E-03  1.0000E+01
  1.0000E+00  6.9481E+00  2.0250E+00  5.0000E-01  5.2807E-02  1.7081E+01  3.1919E-03  1.0000E+01
  1.0000E+00  6.9481E+00  2.0250E+00  5.0000E-01  5.2807E-02  1.7081E+01  3.1919E-03  1.0000E+01
  1.0000E+00  6.9481E+00  2.0250E+00  5.0000E-01  5.2807E-02  1.7081E+01  3.1919E-03  1.0000E+01
  1.0000E+00  6.9481E+00  2.0250E+00  5.0000E-01  5.2807E-02  1.7081E+01  3.1919E-03  1.0000E+01
  1.0000E+00  6.9481E+00  2.0250E+00  5.0000E-01  5.2807E-02  1.7081E+01  3.1919E-03  1.0000E+01
  1.0000E+00  6.9481E+00  2.0250E+00  5.0000E-01  5.2807E-02  1.7081E+01  3.1919E-03  1.0000E+01
  2.0000E+00  7.1981E+00  2.7343E+00  5.0000E-01  5.2807E-02  1.7081E+01  3.1919E-03  1.0000E+01
  2.0000E+00  7.1981E+00  2.7343E+00  5.0000E-01  5.2807E-02  1.7081E+01  3.1919E-03  1.0000E+01
  2.0000E+00  7.1981E+00  2.7343E+00  5.0000E-01  5.2807E-02  1.7081E+01  3.1919E-03  1.0000E+01
  2.0000E+00  7.1981E+00  2.7343E+00  5.0000E-01  5.2807E-02  1.7081E+01  3.1919E-03  1.0000E+01
  2.0000E+00  7.1981E+00  2.7343E+00  5.0000E-01  5.2807E-02  1.7081E+01  3.1919E-03  1.0000E+01
  2.0000E+00  7.1981E+00  2.7343E+00  5.0000E-01  5.2807E-02  1.7081E+01  3.1919E-03  1.0000E+01
  2.0000E+00  7.1981E+00  2.7343E+00  5.0000E-01  5.2807E-02  1.7081E+01  3.1919E-03  1.0000E+01
  2.0000E+00  7.1981E+00  2.7343E+00  5.0000E-01  5.2807E-02  1.7081E+01  3.1919E-03  1.0000E+01
  2.0000E+00  7.1981E+00  2.7343E+00  5.0000E-01  5.2807E-02  1.7081E+01  3.1919E-03  1.0000E+01
  2.0000E+00  7.1981E+00  2.7343E+00  5.0000E-01  5.2807E-02  1.7081E+01  3.1919E-03  1.0000E+01
  2.0000E+00  7.1981E+00  2.7343E+00  5.0000E-01  5.2807E-02  1.7081E+01  3.1919E-03  1.0000E+01
  2.0000E+00  7.1981E+00  2.7343E+00  5.0000E-01  5.2807E-02  1.7081E+01  3.1919E-03  1.0000E+01
  3.0000E+00  4.3564E+00  4.3458E-01  5.0000E-01  5.2807E-02  1.7081E+01  3.1919E-03  1.0000E+01
  3.0000E+00  4.3564E+00  4.3458E-01  5.0000E-01  5.2807E-02  1.7081E+01  3.1919E-03  1.0000E+01
  3.0000E+00  4.3564E+00  4.3458E-01  5.0000E-01  5.2807E-02  1.7081E+01  3.1919E-03  1.0000E+01
  3.0000E+00  4.3564E+00  4.3458E-01  5.0000E-01  5.2807E-02  1.7081E+01  3.1919E-03  1.0000E+01
  3.0000E+00  4.3564E+00  4.3458E-01  5.0000E-01  5.2807E-02  1.7081E+01  3.1919E-03  1.0000E+01
  3.0000E+00  4.3564E+00  4.3458E-01  5.0000E-01  5.2807E-02  1.7081E+01  3.1919E-03  1.0000E+01
  3.0000E+00  4.3564E+00  4.3458E-01  5.0000E-01  5.2807E-02  1.7081E+01  3.1919E-03  1.0000E+01
  3.0000E+00  4.3564E+00  4.3458E-01  5.0000E-01  5.2807E-02  1.7081E+01  3.1919E-03  1.0000E+01
  3.0000E+00  4.3564E+00  4.3458E-01  5.0000E-01  5.2807E-02  1.7081E+01  3.1919E-03  1.0000E+01
  3.0000E+00  4.3564E+00  4.3458E-01  5.0000E-01  5.2807E-02  1.7081E+01  3.1919E-03  1.0000E+01
  3.0000E+00  4.3564E+00  4.3458E-01  5.0000E-01  5.2807E-02  1.7081E+01  3.1919E-03  1.0000E+01
  3.0000E+00  4.3564E+00  4.3458E-01  5.0000E-01  5.2807E-02  1.7081E+01  3.1919E-03  1.0000E+01
  4.0000E+00  3.2163E-01  7.1875E-01  5.0000E-01  5.2807E-02  1.7081E+01  3.1919E-03  1.0000E+01
  4.0000E+00  3.2163E-01  7.1875E-01  5.0000E-01  5.2807E-02  1.7081E+01  3.1919E-03  1.0000E+01
  4.0000E+00  3.2163E-01  7.1875E-01  5.0000E-01  5.2807E-02  1.7081E+01  3.1919E-03  1.0000E+01
  4.0000E+00  3.2163E-01  7.1875E-01  5.0000E-01  5.2807E-02  1.7081E+01  3.1919E-03  1.0000E+01
  4.0000E+00  3.2163E-01  7.1875E-01  5.0000E-01  5.2807E-02  1.7081E+01  3.1919E-03  1.0000E+01
  4.0000E+00  3.2163E-01  7.1875E-01  5.0000E-01  5.2807E-02  1.7081E+01  3.1919E-03  1.0000E+01
  4.0000E+00  3.2163E-01  7.1875E-01  5.0000E-01  5.2807E-02  1.7081E+01  3.1919E-03  1.0000E+01
  4.0000E+00  3.2163E-01  7.1875E-01  5.0000E-01  5.2807E-02  1.7081E+01  3.1919E-03  1.0000E+01
  4.0000E+00  3.2163E-01  7.1875E-01  5.0000E-01  5.2807E-02  1.7081E+01  3.1919E-03  1.0000E+01
  4.0000E+00  3.2163E-01  7.1875E-01  5.0000E-01  5.2807E-02  1.7081E+01  3.1919E-03  1.0000E+01
  4.0000E+00  3.2163E-01  7.1875E-01  5.0000E-01  5.2807E-02  1.7081E+01  3.1919E-03  1.0000E+01
  4.0000E+00  3.2163E-01  7.1875E-01  5.0000E-01  5.2807E-02  1.7081E+01  3.1919E-03  1.0000E+01
  4.0000E+00  3.2163E-01  7.1875E-01  5.0000E-01  5.2807E-02  1.7081E+01  3.1919E-03  1.0000E+01
  5.0000E+00  4.2236E-01  7.5683E-01  5.0000E-01  5.2807E-02  1.7081E+01  3.1919E-03  1.0000E+01
  5.0000E+00  4.2236E-01  7.5683E-01  5.0000E-01  5.2807E-02  1.7081E+01  3.1919E-03  1.0000E+01
  5.0000E+00  4.2236E-01  7.5683E-01  5.0000E-01  5.2807E-02  1.7081E+01  3.1919E-03  1.0000E+01
  5.0000E+00  4.2236E-01  7.5683E-01  5.0000E-01  5.2807E-02  1.7081E+01  3.1919E-03  1.0000E+01
  5.0000E+00  4.2236E-01  7.5683E-01  5.0000E-01  5.2807E-02  1.7081E+01  3.1919E-03  1.0000E+01
  5.0000E+00  4.2236E-01  7.5683E-01  5.0000E-01  5.2807E-02  1.7081E+01  3.1919E-03  1.0000E+01
  5.0000E+00  4.2236E-01  7.5683E-01  5.0000E-01  5.2807E-02  1.7081E+01  3.1919E-03  1.0000E+01
  5.0000E+00  4.2236E-01  7.5683E-01  5.0000E-01  5.2807E-02  1.7081E+01  3.1919E-03  1.0000E+01
  5.0000E+00  4.2236E-01  7.5683E-01  5.0000E-01  5.2807E-02  1.7081E+01  3.1919E-03  1.0000E+01
  5.0000E+00  4.2236E-01  7.5683E-01  5.0000E-01  5.2807E-02  1.7081E+01  3.1919E-03  1.0000E+01
  5.0000E+00  4.2236E-01  7.5683E-01  5.0000E-01  5.2807E-02  1.7081E+01  3.1919E-03  1.0000E+01
  5.0000E+00  4.2236E-01  7.5683E-01  5.0000E-01  5.2807E-02  1.7081E+01  3.1919E-03  1.0000E+01
  5.0000E+00  4.2236E-01  7.5683E-01  5.0000E-01  5.2807E-02  1.7081E+01  3.1919E-03  1.0000E+01
  6.0000E+00  3.6742E-01  8.8054E-01  5.0000E-01  5.2807E-02  1.7081E+01  3.1919E-03  1.0000E+01
  6.0000E+00  3.6742E-01  8.8054E-01  5.0000E-01  5.2807E-02  1.7081E+01  3.1919E-03  1.0000E+01
  6.0000E+00  3.6742E-01  8.8054E-01  5.0000E-01  5.2807E-02  1.7081E+01  3.1919E-03  1.0000E+01
  6.0000E+00  3.6742E-01  8.8054E-01  5.0000E-01  5.2807E-02  1.7081E+01  3.1919E-03  1.0000E+01
  6.0000E+00  3.6742E-01  8.8054E-01  5.0000E-01  5.2807E-02  1.7081E+01  3.1919E-03  1.0000E+01
  6.0000E+00  3.6742E-01  8.8054E-01  5.0000E-01  5.2807E-02  1.7081E+01  3.1919E-03  1.0000E+01
  6.0000E+00  3.6742E-01  8.8054E-01  5.0000E-01  5.2807E-02  1.7081E+01  3.1919E-03  1.0000E+01
  6.0000E+00  3.6742E-01  8.8054E-01  5.0000E-01  5.2807E-02  1.7081E+01  3.1919E-03  1.0000E+01
  6.0000E+00  3.6742E-01  8.8054E-01  5.0000E-01  5.2807E-02  1.7081E+01  3.1919E-03  1.0000E+01
  6.0000E+00  3.6742E-01  8.8054E-01  5.0000E-01  5.2807E-02  1.7081E+01  3.1919E-03  1.0000E+01
  6.0000E+00  3.6742E-01  8.8054E-01  5.0000E-01  5.2807E-02  1.7081E+01  3.1919E-03  1.0000E+01
  6.0000E+00  3.6742E-01  8.8054E-01  5.0000E-01  5.2807E-02  1.7081E+01  3.1919E-03  1.0000E+01
  6.0000E+00  3.6742E-01  8.8054E-01  5.0000E-01  5.2807E-02  1.7081E+01  3.1919E-03  1.0000E+01
  7.0000E+00  3.8459E-01  2.1962E+00  5.0000E-01  5.2807E-02  1.7081E+01  3.6151E-04  1.2500E+02
  7.0000E+00  3.8459E-01  2.1962E+00  5.0000E-01  5.2807E-02  1.7081E+01  3.6151E-04  1.2500E+02
  7.0000E+00  3.8459E-01  2.1962E+00  5.0000E-01  5.2807E-02  1.7081E+01  3.6151E-04  1.2500E+02
  7.0000E+00  3.8459E-01  2.1962E+00  5.0000E-01  5.2807E-02  1.7081E+01  3.6151E-04  1.2500E+02
  7.0000E+00  3.8459E-01  2.1962E+00  5.0000E-01  5.2807E-02  1.7081E+01  3.6151E-04  1.2500E+02
  7.0000E+00  3.8459E-01  2.1962E+00  5.0000E-01  5.2807E-02  1.7081E+01  3.6151E-04  1.2500E+02
  7.0000E+00  3.8459E-01  2.1962E+00  5.0000E-01  5.2807E-02  1.7081E+01  3.6151E-04  1.2500E+02
  7.0000E+00  3.8459E-01  2.1962E+00  5.0000E-01  5.2807E-02  1.7081E+01  3.6151E-04  1.2500E+02
  8.0000E+00  3.8705E-01  1.7850E+00  5.0000E-01  5.2807E-02  1.7081E+01  3.6151E-04  1.2500E+02
  8.0000E+00  3.8705E-01  1.7850E+00  5.0000E-01  5.2807E-02  1.7081E+01  3.6151E-04  1.2500E+02
  8.0000E+00  3.8705E-01  1.7850E+00  5.0000E-01  5.2807E-02  1.7081E+01  3.6151E-04  1.2500E+02
  8.0000E+00  3.8705E-01  1.7850E+00  5.0000E-01  5.2807E-02  1.7081E+01  3.6151E-04  1.2500E+02
  8.0000E+00  3.8705E-01  1.7850E+00  5.0000E-01  5.2807E-02  1.7081E+01  3.6151E-04  1.2500E+02
  8.0000E+00  3.8705E-01  1.7850E+00  5.0000E-01  5.2807E-02  1.7081E+01  3.6151E-04  1.2500E+02
  8.0000E+00  3.8705E-01  1.7850E+00  5.0000E-01  5.2807E-02  1.7081E+01  3.6151E-04  1.2500E+02
  8.0000E+00  3.8705E-01  1.7850E+00  5.0000E-01  5.2807E-02  1.7081E+01  3.6151E-04  1.2500E+02
  9.0000E+00  2.8526E-01  2.0244E+00  5.0000E-01  5.2807E-02  1.7081E+01  3.6151E-04  1.2500E+02
  9.0000E+00  2.8526E-01  2.0244E+00  5.0000E-01  5.2807E-02  1.7081E+01  3.6151E-04  1.2500E+02
  9.0000E+00  2.8526E-01  2.0244E+00  5.0000E-01  5.2807E-02  1.7081E+01  3.6151E-04  1.2500E+02
  9.0000E+00  2.8526E-01  2.0244E+00  5.0000E-01  5.2807E-02  1.7081E+01  3.6151E-04  1.2500E+02
  9.0000E+00  2.8526E-01  2.0244E+00  5.0000E-01  5.2807E-02  1.7081E+01  3.6151E-04  1.2500E+02
  9.0000E+00  2.8526E-01  2.0244E+00  5.0000E-01  5.2807E-02  1.7081E+01  3.6151E-04  1.2500E+02
  9.0000E+00  2.8526E-01  2.0244E+00  5.0000E-01  5.2807E-02  1.7081E+01  3.6151E-04  1.2500E+02
  9.0000E+00  2.8526E-01  2.0244E+00  5.0000E-01  5.2807E-02  1.7081E+01  3.6151E-04  1.2500E+02
  1.0000E+01  2.7589E-02  1.2240E+00  5.0000E-01  5.2807E-02  1.7081E+01  1.8408E-04  2.5000E+02
  1.0000E+01  2.7589E-02  1.2240E+00  5.0000E-01  5.2807E-02  1.7081E+01  1.8408E-04  2.5000E+02
  1.0000E+01  2.7589E-02  1.2240E+00  5.0000E-01  5.2807E-02  1.7081E+01  1.8408E-04  2.5000E+02
  1.0000E+01  2.7589E-02  1.2240E+00  5.0000E-01  5.2807E-02  1.7081E+01  1.8408E-04  2.5000E+02
  1.0000E+01  2.7589E-02  1.2240E+00  5.0000E-01  5.2807E-02  1.7081E+01  1.8408E-04  2.5000E+02
  1.0000E+01  2.7589E-02  1.2240E+00  5.0000E-01  5.2807E-02  1.7081E+01  1.8408E-04  2.5000E+02
  1.0000E+01  2.7589E-02  1.2240E+00  5.0000E-01  5.2807E-02  1.7081E+01  1.8408E-04  2.5000E+02
  1.0000E+01  2.7589E-02  1.2240E+00  5.0000E-01  5.2807E-02  1.7081E+01  1.8408E-04  2.5000E+02
  1.1000E+01  3.0372E-01  1.4276E+00  5.0000E-01  5.2807E-02  1.7081E+01  1.8408E-04  2.5000E+02
  1.1000E+01  3.0372E-01  1.4276E+00  5.0000E-01  5.2807E-02  1.7081E+01  1.8408E-04  2.5000E+02
  1.1000E+01  3.0372E-01  1.4276E+00  5.0000E-01  5.2807E-02  1.7081E+01  1.8408E-04  2.5000E+02
  1.1000E+01  3.0372E-01  1.4276E+00  5.0000E-01  5.2807E-02  1.7081E+01  1.8408E-04  2.5000E+02
  1.1000E+01  3.0372E-01  1.4276E+00  5.0000E-01  5.2807E-02  1.7081E+01  1.8408E-04  2.5000E+02
  1.1000E+01  3.0372E-01  1.4276E+00  5.0000E-01  5.2807E-02  1.7081E+01  1.8408E-04  2.5000E+02
  1.1000E+01  3.0372E-01  1.4276E+00  5.0000E-01  5.2807E-02  1.7081E+01  1.8408E-04  2.5000E+02
  1.1000E+01  3.0372E-01  1.4276E+00  5.0000E-01  5.2807E-02  1.7081E+01  1.8408E-04  2.5000E+02
  1.2000E+01  3.2844E-01  2.4010E+00  5.0000E-01  5.2807E-02  1.7081E+01  1.8408E-04  2.5000E+02
  1.2000E+01  3.2844E-01  2.4010E+00  5.0000E-01  5.2807E-02  1.7081E+01  1.8408E-04  2.5000E+02
  1.2000E+01  3.2844E-01  2.4010E+00  5.0000E-01  5.2807E-02  1.7081E+01  1.8408E-04  2.5000E+02
  1.2000E+01  3.2844E-01  2.4010E+00  5.0000E-01  5.2807E-02  1.7081E+01  1.8408E-04  2.5000E+02
  1.2000E+01  3.2844E-01  2.4010E+00  5.0000E-01  5.2807E-02  1.7081E+01  1.8408E-04  2.5000E+02
  1.2000E+01  3.2844E-01  2.4010E+00  5.0000E-01  5.2807E-02  1.7081E+01  1.8408E-04  2.5000E+02
  1.2000E+01  3.2844E-01  2.4010E+00  5.0000E-01  5.2807E-02  1.7081E+01  1.8408E-04  2.5000E+02
  1.2000E+01  3.2844E-01  2.4010E+00  5.0000E-01  5.2807E-02  1.7081E+01  1.8408E-04  2.5000E+02
  1.3000E+01  5.4643E-02  1.6377E+00  5.0000E-01  5.2807E-02  1.7081E+01  9.2896E-05  5.0000E+02
  1.3000E+01  5.4643E-02  1.6377E+00  5.0000E-01  5.2807E-02  1.7081E+01  9.2896E-05  5.0000E+02
  1.3000E+01  5.4643E-02  1.6377E+00  5.0000E-01  5.2807E-02  1.7081E+01  9.2896E-05  5.0000E+02
  1.3000E+01  5.4643E-02  1.6377E+00  5.0000E-01  5.2807E-02  1.7081E+01  9.2896E-05  5.0000E+02
  1.3000E+01  5.4643E-02  1.6377E+00  5.0000E-01  5.2807E-02  1.7081E+01  9.2896E-05  5.0000E+02
  1.3000E+01  5.4643E-02  1.6377E+00  5.0000E-01  5.2807E-02  1.7081E+01  9.2896E-05  5.0000E+02
  1.3000E+01  5.4643E-02  1.6377E+00  5.0000E-01  5.2807E-02  1.7081E+01  9.2896E-05  5.0000E+02
  1.3000E+01  5.4643E-02  1.6377E+00  5.0000E-01  5.2807E-02  1.7081E+01  9.2896E-05  5.0000E+02
  1.4000E+01  1.6249E-01  1.3012E+00  5.0000E-01  5.2807E-02  1.7081E+01  9.2896E-05  5.0000E+02
  1.4000E+01  1.6249E-01  1.3012E+00  5.0000E-01  5.2807E-02  1.7081E+01  9.2896E-05  5.0000E+02
  1.4000E+01  1.6249E-01  1.3012E+00  5.0000E-01  5.2807E-02  1.7081E+01  9.2896E-05  5.0000E+02
  1.4000E+01  1.6249E-01  1.3012E+00  5.0000E-01  5.2807E-02  1.7081E+01  9.2896E-05  5.0000E+02
  1.4000E+01  1.6249E-01  1.3012E+00  5.0000E-01  5.2807E-02  1.7081E+01  9.2896E-05  5.0000E+02
  1.4000E+01  1.6249E-01  1.3012E+00  5.0000E-01  5.2807E-02  1.7081E+01  9.2896E-05  5.0000E+02
  1.4000E+01  1.6249E-01  1.3012E+00  5.0000E-01  5.2807E-02  1.7081E+01  9.2896E-05  5.0000E+02
  1.4000E+01  1.6249E-01  1.3012E+00  5.0000E-01  5.2807E-02  1.7081E+01  9.2896E-05  5.0000E+02
  1.5000E+01  4.0124E-02  1.2742E+00  5.0000E-01  5.2807E-02  1.7081E+01  9.2896E-05  5.0000E+02
  1.5000E+01  4.0124E-02  1.2742E+00  5.0000E-01  5.2807E-02  1.7081E+01  9.2896E-05  5.0000E+02
  1.5000E+01  4.0124E-02  1.2742E+00  5.0000E-01  5.2807E-02  1.7081E+01  9.2896E-05  5.0000E+02
  1.5000E+01  4.0124E-02  1.2742E+00  5.0000E-01  5.2807E-02  1.7081E+01  9.2896E-05  5.0000E+02
  1.5000E+01  4.0124E-02  1.2742E+00  5.0000E-01  5.2807E-02  1.7081E+01  9.2896E-05  5.0000E+02
  1.5000E+01  4.0124E-02  1.2742E+00  5.0000E-01  5.2807E-02  1.7081E+01  9.2896E-05  5.0000E+02
  1.5000E+01  4.0124E-02  1.2742E+00  5.0000E-01  5.2807E-02  1.7081E+01  9.2896E-05  5.0000E+02
  1.5000E+01  4.0124E-02  1.2742E+00  5.0000E-01  5.2807E-02  1.7081E+01  9.2896E-05  5.0000E+02
  1.6000E+01  5.5312E-01  3.6560E+00  5.0000E-01  5.2807E-02  1.7081E+01  3.6151E-04  1.2500E+02
  1.6000E+01  5.5312E-01  3.6560E+00  5.0000E-01  5.2807E-02  1.7081E+01  3.6151E-04  1.2500E+02
  1.6000E+01  5.5312E-01  3.6560E+00  5.0000E-01  5.2807E-02  1.7081E+01  3.6151E-04  1.2500E+02
  1.6000E+01  5.5312E-01  3.6560E+00  5.0000E-01  5.2807E-02  1.7081E+01  3.6151E-04  1.2500E+02
  1.6000E+01  5.5312E-01  3.6560E+00  5.0000E-01  5.2807E-02  1.7081E+01  3.6151E-04  1.2500E+02
  1.6000E+01  5.5312E-01  3.6560E+00  5.0000E-01  5.2807E-02  1.7081E+01  3.6151E-04  1.2500E+02
  1.6000E+01  5.5312E-01  3.6560E+00  5.0000E-01  5.2807E-02  1.7081E+01  3.6151E-04  1.2500E+02
  1.6000E+01  5.5312E-01  3.6560E+00  5.0000E-01  5.2807E-02  1.7081E+01  3.6151E-04  1.2500E+02
  1.7000E+01  4.6747E-01  2.8138E+00  5.0000E-01  5.2807E-02  1.7081E+01  3.6151E-04  1.2500E+02
  1.7000E+01  4.6747E-01  2.8138E+00  5.0000E-01  5.2807E-02  1.7081E+01  3.6151E-04  1.2500E+02
  1.7000E+01  4.6747E-01  2.8138E+00  5.0000E-01  5.2807E-02  1.7081E+01  3.6151E-04  1.2500E+02
  1.7000E+01  4.6747E-01  2.8138E+00  5.0000E-01  5.2807E-02  1.7081E+01  3.6151E-04  1.2500E+02
  1.7000E+01  4.6747E-01  2.8138E+00  5.0000E-01  5.2807E-02  1.7081E+01  3.6151E-04  1.2500E+02
  1.7000E+01  4.6747E-01  2.8138E+00  5.0000E-01  5.2807E-02  1.7081E+01  3.6151E-04  1.2500E+02
  1.7000E+01  4.6747E-01  2.8138E+00  5.0000E-01  5.2807E-02  1.7081E+01  3.6151E-04  1.2500E+02
  1.7000E+01  4.6747E-01  2.8138E+00  5.0000E-01  5.2807E-02  1.7081E+01  3.6151E-04  1.2500E+02
  1.8000E+01  6.3024E-01  4.9313E+00  5.0000E-01  5.2807E-02  1.7081E+01  3.6151E-04  1.2500E+02
  1.8000E+01  6.3024E-01  4.9313E+00  5.0000E-01  5.2807E-02  1.7081E+01  3.6151E-04  1.2500E+02
  1.8000E+01  6.3024E-01  4.9313E+00  5.0000E-01  5.2807E-02  1.7081E+01  3.6151E-04  1.2500E+02
  1.8000E+01  6.3024E-01  4.9313E+00  5.0000E-01  5.2807E-02  1.7081E+01  3.6151E-04  1.2500E+02
  1.8000E+01  6.3024E-01  4.9313E+00  5.0000E-01  5.2807E-02  1.7081E+01  3.6151E-04  1.2500E+02
  1.8000E+01  6.3024E-01  4.9313E+00  5.0000E-01  5.2807E-02  1.7081E+01  3.6151E-04  1.2500E+02
  1.8000E+01  6.3024E-01  4.9313E+00  5.0000E-01  5.2807E-02  1.7081E+01  3.6151E-04  1.2500E+02
  1.8000E+01  6.3024E-01  4.9313E+00  5.0000E-01  5.2807E-02  1.7081E+01  3.6151E-04  1.2500E+02
  1.9000E+01  4.4876E-01  2.4492E+00  5.0000E-01  5.2807E-02  1.7081E+01  1.8408E-04  2.5000E+02
  1.9000E+01  4.4876E-01  2.4492E+00  5.0000E-01  5.2807E-02  1.7081E+01  1.8408E-04  2.5000E+02
  1.9000E+01  4.4876E-01  2.4492E+00  5.0000E-01  5.2807E-02  1.7081E+01  1.8408E-04  2.5000E+02
  1.9000E+01  4.4876E-01  2.4492E+00  5.0000E-01  5.2807E-02  1.7081E+01  1.8408E-04  2.5000E+02
  1.9000E+01  4.4876E-01  2.4492E+00  5.0000E-01  5.2807E-02  1.7081E+01  1.8408E-04  2.5000E+02
  1.9000E+01  4.4876E-01  2.4492E+00  5.0000E-01  5.2807E-02  1.7081E+01  1.8408E-04  2.5000E+02
  1.9000E+01  4.4876E-01  2.4492E+00  5.0000E-01  5.2807E-02  1.7081E+01  1.8408E-04  2.5000E+02
  1.9000E+01  4.4876E-01  2.4492E+00  5.0000E-01  5.2807E-02  1.7081E+01  1.8408E-04  2.5000E+02
  2.0000E+01  5.0627E-01  3.0183E+00  5.0000E-01  5.2807E-02  1.7081E+01  1.8408E-04  2.5000E+02
  2.0000E+01  5.0627E-01  3.0183E+00  5.0000E-01  5.2807E-02  1.7081E+01  1.8408E-04  2.5000E+02
  2.0000E+01  5.0627E-01  3.0183E+00  5.0000E-01  5.2807E-02  1.7081E+01  1.8408E-04  2.5000E+02
  2.0000E+01  5.0627E-01  3.0183E+00  5.0000E-01  5.2807E-02  1.7081E+01  1.8408E-04  2.5000E+02
  2.0000E+01  5.0627E-01  3.0183E+00  5.0000E-01  5.2807E-02  1.7081E+01  1.8408E-04  2.5000E+02
  2.0000E+01  5.0627E-01  3.0183E+00  5.0000E-01  5.2807E-02  1.7081E+01  1.8408E-04  2.5000E+02
  2.0000E+01  5.0627E-01  3.0183E+00  5.0000E-01  5.2807E-02  1.7081E+01  1.8408E-04  2.5000E+02
  2.0000E+01  5.0627E-01  3.0183E+00  5.0000E-01  5.2807E-02  1.7081E+01  1.8408E-04  2.5000E+02
  2.1000E+01  4.7217E-01  2.9999E+00  5.0000E-01  5.2807E-02  1.7081E+01  1.8408E-04  2.5000E+02
  2.1000E+01  4.7217E-01  2.9999E+00  5.0000E-01  5.2807E-02  1.7081E+01  1.8408E-04  2.5000E+02
  2.1000E+01  4.7217E-01  2.9999E+00  5.0000E-01  5.2807E-02  1.7081E+01  1.8408E-04  2.5000E+02
  2.1000E+01  4.7217E-01  2.9999E+00  5.0000E-01  5.2807E-02  1.7081E+01  1.8408E-04  2.5000E+02
  2.1000E+01  4.7217E-01  2.9999E+00  5.0000E-01  5.2807E-02  1.7081E+01  1.8408E-04  2.5000E+02
  2.1000E+01  4.7217E-01  2.9999E+00  5.0000E-01  5.2807E-02  1.7081E+01  1.8408E-04  2.5000E+02
  2.1000E+01  4.7217E-01  2.9999E+00  5.0000E-01  5.2807E-02  1.7081E+01  1.8408E-04  2.5000E+02
  2.1000E+01  4.7217E-01  2.9999E+00  5.0000E-01  5.2807E-02  1.7081E+01  1.8408E-04  2.5000E+02
  2.2000E+01  2.7298E-01  2.2307E+00  5.0000E-01  5.2807E-02  1.7081E+01  9.2896E-05  5.0000E+02
  2.2000E+01  2.7298E-01  2.2307E+00  5.0000E-01  5.2807E-02  1.7081E+01  9.2896E-05  5.0000E+02
  2.2000E+01  2.7298E-01  2.2307E+00  5.0000E-01  5.2807E-02  1.7081E+01  9.2896E-05  5.0000E+02
  2.2000E+01  2.7298E-01  2.2307E+00  5.0000E-01  5.2807E-02  1.7081E+01  9.2896E-05  5.0000E+02
  2.2000E+01  2.7298E-01  2.2307E+00  5.0000E-01  5.2807E-02  1.7081E+01  9.2896E-05  5.0000E+02
  2.2000E+01  2.7298E-01  2.2307E+00  5.0000E-01  5.2807E-02  1.7081E+01  9.2896E-05  5.0000E+02
  2.2000E+01  2.7298E-01  2.2307E+00  5.0000E-01  5.2807E-02  1.7081E+01  9.2896E-05  5.0000E+02
  2.2000E+01  2.7298E-01  2.2307E+00  5.0000E-01  5.2807E-02  1.7081E+01  9.2896E-05  5.0000E+02
  2.3000E+01  2.6756E-01  1.2252E+00  5.0000E-01  5.2807E-02  1.7081E+01  9.2896E-05  5.0000E+02
  2.3000E+01  2.6756E-01  1.2252E+00  5.0000E-01  5.2807E-02  1.7081E+01  9.2896E-05  5.0000E+02
  2.3000E+01  2.6756E-01  1.2252E+00  5.0000E-01  5.2807E-02  1.7081E+01  9.2896E-05  5.0000E+02
  2.3000E+01  2.6756E-01  1.2252E+00  5.0000E-01  5.2807E-02  1.7081E+01  9.2896E-05  5.0000E+02
  2.3000E+01  2.6756E-01  1.2252E+00  5.0000E-01  5.2807E-02  1.7081E+01  9.2896E-05  5.0000E+02
  2.3000E+01  2.6756E-01  1.2252E+00  5.0000E-01  5.2807E-02  1.7081E+01  9.2896E-05  5.0000E+02
  2.3000E+01  2.6756E-01  1.2252E+00  5.0000E-01  5.2807E-02  1.7081E+01  9.2896E-05  5.0000E+02
  2.3000E+01  2.6756E-01  1.2252E+00  5.0000E-01  5.2807E-02  1.7081E+01  9.2896E-05  5.0000E+02
  2.4000E+01  2.4634E-02  1.0015E+00  5.0000E-01  5.2807E-02  1.7081E+01  9.2896E-05  5.0000E+02
  2.4000E+01  2.4634E-02  1.0015E+00  5.0000E-01  5.2807E-02  1.7081E+01  9.2896E-05  5.0000E+02
  2.4000E+01  2.4634E-02  1.0015E+00  5.0000E-01  5.2807E-02  1.7081E+01  9.2896E-05  5.0000E+02
  2.4000E+01  2.4634E-02  1.0015E+00  5.0000E-01  5.2807E-02  1.7081E+01  9.2896E-05  5.0000E+02
  2.4000E+01  2.4634E-02  1.0015E+00  5.0000E-01  5.2807E-02  1.7081E+01  9.2896E-05  5.0000E+02
  2.4000E+01  2.4634E-02  1.0015E+00  5.0000E-01  5.2807E-02  1.7081E+01  9.2896E-05  5.0000E+02
  2.4000E+01  2.4634E-02  1.0015E+00  5.0000E-01  5.2807E-02  1.7081E+01  9.2896E-05  5.0000E+02
  2.4000E+01  2.4634E-02  1.0015E+00  5.0000E-01  5.2807E-02  1.7081E+01  9.2896E-05  5.0000E+02
  2.5000E+01  5.5054E-02  1.4678E+00  5.0000E-01  5.2807E-02  1.7081E+01  3.6151E-04  1.2500E+02
  2.5000E+01  5.5054E-02  1.4678E+00  5.0000E-01  5.2807E-02  1.7081E+01  3.6151E-04  1.2500E+02
  2.5000E+01  5.5054E-02  1.4678E+00  5.0000E-01  5.2807E-02  1.7081E+01  3.6151E-04  1.2500E+02
  2.5000E+01  5.5054E-02  1.4678E+00  5.0000E-01  5.2807E-02  1.7081E+01  3.6151E-04  1.2500E+02
  2.5000E+01  5.5054E-02  1.4678E+00  5.0000E-01  5.2807E-02  1.7081E+01  3.6151E-04  1.2500E+02
  2.5000E+01  5.5054E-02  1.4678E+00  5.0000E-01  5.2807E-02  1.7081E+01  3.6151E-04  1.2500E+02
  2.5000E+01  5.5054E-02  1.4678E+00  5.0000E-01  5.2807E-02  1.7081E+01  3.6151E-04  1.2500E+02
  2.6000E+01  1.1998E-01  5.4047E-01  5.0000E-01  5.2807E-02  1.7081E+01  3.6151E-04  1.2500E+02
  2.6000E+01  1.1998E-01  5.4047E-01  5.0000E-01  5.2807E-02  1.7081E+01  3.6151E-04  1.2500E+02
  2.6000E+01  1.1998E-01  5.4047E-01  5.0000E-01  5.2807E-02  1.7081E+01  3.6151E-04  1.2500E+02
  2.6000E+01  1.1998E-01  5.4047E-01  5.0000E-01  5.2807E-02  1.7081E+01  3.6151E-04  1.2500E+02
  2.6000E+01  1.1998E-01  5.4047E-01  5.0000E-01  5.2807E-02  1.7081E+01  3.6151E-04  1.2500E+02
  2.6000E+01  1.1998E-01  5.4047E-01  5.0000E-01  5.2807E-02  1.7081E+01  3.6151E-04  1.2500E+02
  2.6000E+01  1.1998E-01  5.4047E-01  5.0000E-01  5.2807E-02  1.7081E+01  3.6151E-04  1.2500E+02
  2.7000E+01  7.4704E-02  3.5544E-01  5.0000E-01  5.2807E-02  1.7081E+01  3.6151E-04  1.2500E+02
  2.7000E+01  7.4704E-02  3.5544E-01  5.0000E-01  5.2807E-02  1.7081E+01  3.6151E-04  1.2500E+02
  2.7000E+01  7.4704E-02  3.5544E-01  5.0000E-01  5.2807E-02  1.7081E+01  3.6151E-04  1.2500E+02
  2.7000E+01  7.4704E-02  3.5544E-01  5.0000E-01  5.2807E-02  1.7081E+01  3.6151E-04  1.2500E+02
  2.7000E+01  7.4704E-02  3.5544E-01  5.0000E-01  5.2807E-02  1.7081E+01  3.6151E-04  1.2500E+02
  2.7000E+01  7.4704E-02  3.5544E-01  5.0000E-01  5.2807E-02  1.7081E+01  3.6151E-04  1.2500E+02
  2.7000E+01  7.4704E-02  3.5544E-01  5.0000E-01  5.2807E-02  1.7081E+01  3.6151E-04  1.2500E+02
  2.8000E+01  4.6056E-02  1.6965E+00  5.0000E-01  5.2807E-02  1.7081E+01  1.8408E-04  2.5000E+02
  2.8000E+01  4.6056E-02  1.6965E+00  5.0000E-01  5.2807E-02  1.7081E+01  1.8408E-04  2.5000E+02
  2.8000E+01  4.6056E-02  1.6965E+00  5.0000E-01  5.2807E-02  1.7081E+01  1.8408E-04  2.5000E+02
  2.8000E+01  4.6056E-02  1.6965E+00  5.0000E-01  5.2807E-02  1.7081E+01  1.8408E-04  2.5000E+02
  2.8000E+01  4.6056E-02  1.6965E+00  5.0000E-01  5.2807E-02  1.7081E+01  1.8408E-04  2.5000E+02
  2.8000E+01  4.6056E-02  1.6965E+00  5.0000E-01  5.2807E-02  1.7081E+01  1.8408E-04  2.5000E+02
  2.8000E+01  4.6056E-02  1.6965E+00  5.0000E-01  5.2807E-02  1.7081E+01  1.8408E-04  2.5000E+02
  2.9000E+01  5.7428E-02  7.1272E-01  5.0000E-01  5.2807E-02  1.7081E+01  1.8408E-04  2.5000E+02
  2.9000E+01  5.7428E-02  7.1272E-01  5.0000E-01  5.2807E-02  1.7081E+01  1.8408E-04  2.5000E+02
  2.9000E+01  5.7428E-02  7.1272E-01  5.0000E-01  5.2807E-02  1.7081E+01  1.8408E-04  2.5000E+02
  2.9000E+01  5.7428E-02  7.1272E-01  5.0000E-01  5.2807E-02  1.7081E+01  1.8408E-04  2.5000E+02
  2.9000E+01  5.7428E-02  7.1272E-01  5.0000E-01  5.2807E-02  1.7081E+01  1.8408E-04  2.5000E+02
  2.9000E+01  5.7428E-02  7.1272E-01  5.0000E-01  5.2807E-02  1.7081E+01  1.8408E-04  2.5000E+02
  2.9000E+01  5.7428E-02  7.1272E-01  5.0000E-01  5.2807E-02  1.7081E+01  1.8408E-04  2.5000E+02
  3.0000E+01  1.0889E-01  9.6303E-01  5.0000E-01  5.2807E-02  1.7081E+01  1.8408E-04  2.5000E+02
  3.0000E+01  1.0889E-01  9.6303E-01  5.0000E-01  5.2807E-02  1.7081E+01  1.8408E-04  2.5000E+02
  3.0000E+01  1.0889E-01  9.6303E-01  5.0000E-01  5.2807E-02  1.7081E+01  1.8408E-04  2.5000E+02
  3.0000E+01  1.0889E-01  9.6303E-01  5.0000E-01  5.2807E-02  1.7081E+01  1.8408E-04  2.5000E+02
  3.0000E+01  1.0889E-01  9.6303E-01  5.0000E-01  5.2807E-02  1.7081E+01  1.8408E-04  2.5000E+02
  3.0000E+01  1.0889E-01  9.6303E-01  5.0000E-01  5.2807E-02  1.7081E+01  1.8408E-04  2.5000E+02
  3.0000E+01  1.0889E-01  9.6303E-01  5.0000E-01  5.2807E-02  1.7081E+01  1.8408E-04  2.5000E+02
  3.1000E+01  2.2908E-02  1.3988E+00  5.0000E-01  5.2807E-02  1.7081E+01  9.2896E-05  5.0000E+02
  3.1000E+01  2.2908E-02  1.3988E+00  5.0000E-01  5.2807E-02  1.7081E+01  9.2896E-05  5.0000E+02
  3.1000E+01  2.2908E-02  1.3988E+00  5.0000E-01  5.2807E-02  1.7081E+01  9.2896E-05  5.0000E+02
  3.1000E+01  2.2908E-02  1.3988E+00  5.0000E-01  5.2807E-02  1.7081E+01  9.2896E-05  5.0000E+02
  3.1000E+01  2.2908E-02  1.3988E+00  5.0000E-01  5.2807E-02  1.7081E+01  9.2896E-05  5.0000E+02
  3.1000E+01  2.2908E-02  1.3988E+00  5.0000E-01  5.2807E-02  1.7081E+01  9.2896E-05  5.0000E+02
  3.1000E+01  2.2908E-02  1.3988E+00  5.0000E-01  5.2807E-02  1.7081E+01  9.2896E-05  5.0000E+02
  3.2000E+01  4.3834E-02  8.4950E-01  5.0000E-01  5.2807E-02  1.7081E+01  9.2896E-05  5.0000E+02
  3.2000E+01  4.3834E-02  8.4950E-01  5.0000E-01  5.2807E-02  1.7081E+01  9.2896E-05  5.0000E+02
  3.2000E+01  4.3834E-02  8.4950E-01  5.0000E-01  5.2807E-02  1.7081E+01  9.2896E-05  5.0000E+02
  3.2000E+01  4.3834E-02  8.4950E-01  5.0000E-01  5.2807E-02  1.7081E+01  9.2896E-05  5.0000E+02
  3.2000E+01  4.3834E-02  8.4950E-01  5.0000E-01  5.2807E-02  1.7081E+01  9.2896E-05  5.0000E+02
  3.2000E+01  4.3834E-02  8.4950E-01  5.0000E-01  5.2807E-02  1.7081E+01  9.2896E-05  5.0000E+02
  3.2000E+01  4.3834E-02  8.4950E-01  5.0000E-01  5.2807E-02  1.7081E+01  9.2896E-05  5.0000E+02
  3.3000E+01  4.3867E-02  9.5272E-01  5.0000E-01  5.2807E-02  1.7081E+01  9.2896E-05  5.0000E+02
  3.3000E+01  4.3867E-02  9.5272E-01  5.0000E-01  5.2807E-02  1.7081E+01  9.2896E-05  5.0000E+02
  3.3000E+01  4.3867E-02  9.5272E-01  5.0000E-01  5.2807E-02  1.7081E+01  9.2896E-05  5.0000E+02
  3.3000E+01  4.3867E-02  9.5272E-01  5.0000E-01  5.2807E-02  1.7081E+01  9.2896E-05  5.0000E+02
  3.3000E+01  4.3867E-02  9.5272E-01  5.0000E-01  5.2807E-02  1.7081E+01  9.2896E-05  5.0000E+02
  3.3000E+01  4.3867E-02  9.5272E-01  5.0000E-01  5.2807E-02  1.7081E+01  9.2896E-05  5.0000E+02
  3.3000E+01  4.3867E-02  9.5272E-01  5.0000E-01  5.2807E-02  1.7081E+01  9.2896E-05  5.0000E+02
  3.4000E+01  4.0304E-01  1.7627E+00  5.0000E-01  5.2807E-02  1.7081E+01  3.6151E-04  1.2500E+02
  3.4000E+01  4.0304E-01  1.7627E+00  5.0000E-01  5.2807E-02  1.7081E+01  3.6151E-04  1.2500E+02
  3.4000E+01  4.0304E-01  1.7627E+00  5.0000E-01  5.2807E-02  1.7081E+01  3.6151E-04  1.2500E+02
  3.4000E+01  4.0304E-01  1.7627E+00  5.0000E-01  5.2807E-02  1.7081E+01  3.6151E-04  1.2500E+02
  3.4000E+01  4.0304E-01  1.7627E+00  5.0000E-01  5.2807E-02  1.7081E+01  3.6151E-04  1.2500E+02
  3.4000E+01  4.0304E-01  1.7627E+00  5.0000E-01  5.2807E-02  1.7081E+01  3.6151E-04  1.2500E+02
  3.4000E+01  4.0304E-01  1.7627E+00  5.0000E-01  5.2807E-02  1.7081E+01  3.6151E-04  1.2500E+02
  3.5000E+01  5.0731E-01  3.0985E+00  5.0000E-01  5.2807E-02  1.7081E+01  3.6151E-04  1.2500E+02
  3.5000E+01  5.0731E-01  3.0985E+00  5.0000E-01  5.2807E-02  1.7081E+01  3.6151E-04  1.2500E+02
  3.5000E+01  5.0731E-01  3.0985E+00  5.0000E-01  5.2807E-02  1.7081E+01  3.6151E-04  1.2500E+02
  3.5000E+01  5.0731E-01  3.0985E+00  5.0000E-01  5.2807E-02  1.7081E+01  3.6151E-04  1.2500E+02
  3.5000E+01  5.0731E-01  3.0985E+00  5.0000E-01  5.2807E-02  1.7081E+01  3.6151E-04  1.2500E+02
  3.5000E+01  5.0731E-01  3.0985E+00  5.0000E-01  5.2807E-02  1.7081E+01  3.6151E-04  1.2500E+02
  3.5000E+01  5.0731E-01  3.0985E+00  5.0000E-01  5.2807E-02  1.7081E+01  3.6151E-04  1.2500E+02
  3.6000E+01  4.2152E-01  2.0527E+00  5.0000E-01  5.2807E-02  1.7081E+01  3.6151E-04  1.2500E+02
  3.6000E+01  4.2152E-01  2.0527E+00  5.0000E-01  5.2807E-02  1.7081E+01  3.6151E-04  1.2500E+02
  3.6000E+01  4.2152E-01  2.0527E+00  5.0000E-01  5.2807E-02  1.7081E+01  3.6151E-04  1.2500E+02
  3.6000E+01  4.2152E-01  2.0527E+00  5.0000E-01  5.2807E-02  1.7081E+01  3.6151E-04  1.2500E+02
  3.6000E+01  4.2152E-01  2.0527E+00  5.0000E-01  5.2807E-02  1.7081E+01  3.6151E-04  1.2500E+02
  3.6000E+01  4.2152E-01  2.0527E+00  5.0000E-01  5.2807E-02  1.7081E+01  3.6151E-04  1.2500E+02
  3.6000E+01  4.2152E-01  2.0527E+00  5.0000E-01  5.2807E-02  1.7081E+01  3.6151E-04  1.2500E+02
  3.7000E+01  3.9192E-01  2.4337E+00  5.0000E-01  5.2807E-02  1.7081E+01  1.8408E-04  2.5000E+02
  3.7000E+01  3.9192E-01  2.4337E+00  5.0000E-01  5.2807E-02  1.7081E+01  1.8408E-04  2.5000E+02
  3.7000E+01  3.9192E-01  2.4337E+00  5.0000E-01  5.2807E-02  1.7081E+01  1.8408E-04  2.5000E+02
  3.7000E+01  3.9192E-01  2.4337E+00  5.0000E-01  5.2807E-02  1.7081E+01  1.8408E-04  2.5000E+02
  3.7000E+01  3.9192E-01  2.4337E+00  5.0000E-01  5.2807E-02  1.7081E+01  1.8408E-04  2.5000E+02
  3.7000E+01  3.9192E-01  2.4337E+00  5.0000E-01  5.2807E-02  1.7081E+01  1.8408E-04  2.5000E+02
  3.7000E+01  3.9192E-01  2.4337E+00  5.0000E-01  5.2807E-02  1.7081E+01  1.8408E-04  2.5000E+02
  3.8000E+01  2.6510E-01  2.0741E+00  5.0000E-01  5.2807E-02  1.7081E+01  1.8408E-04  2.5000E+02
  3.8000E+01  2.6510E-01  2.0741E+00  5.0000E-01  5.2807E-02  1.7081E+01  1.8408E-04  2.5000E+02
  3.8000E+01  2.6510E-01  2.0741E+00  5.0000E-01  5.2807E-02  1.7081E+01  1.8408E-04  2.5000E+02
  3.8000E+01  2.6510E-01  2.0741E+00  5.0000E-01  5.2807E-02  1.7081E+01  1.8408E-04  2.5000E+02
  3.8000E+01  2.6510E-01  2.0741E+00  5.0000E-01  5.2807E-02  1.7081E+01  1.8408E-04  2.5000E+02
  3.8000E+01  2.6510E-01  2.0741E+00  5.0000E-01  5.2807E-02  1.7081E+01  1.8408E-04  2.5000E+02
  3.8000E+01  2.6510E-01  2.0741E+00  5.0000E-01  5.2807E-02  1.7081E+01  1.8408E-04  2.5000E+02
  3.9000E+01  2.8691E-01  1.9366E+00  5.0000E-01  5.2807E-02  1.7081E+01  1.8408E-04  2.5000E+02
  3.9000E+01  2.8691E-01  1.9366E+00  5.0000E-01  5.2807E-02  1.7081E+01  1.8408E-04  2.5000E+02
  3.9000E+01  2.8691E-01  1.9366E+00  5.0000E-01  5.2807E-02  1.7081E+01  1.8408E-04  2.5000E+02
  3.9000E+01  2.8691E-01  1.9366E+00  5.0000E-01  5.2807E-02  1.7081E+01  1.8408E-04  2.5000E+02
  3.9000E+01  2.8691E-01  1.9366E+00  5.0000E-01  5.2807E-02  1.7081E+01  1.8408E-04  2.5000E+02
  3.9000E+01  2.8691E-01  1.9366E+00  5.0000E-01  5.2807E-02  1.7081E+01  1.8408E-04  2.5000E+02
  3.9000E+01  2.8691E-01  1.9366E+00  5.0000E-01  5.2807E-02  1.7081E+01  1.8408E-04  2.5000E+02
  4.0000E+01  1.0120E-01  1.7744E+00  5.0000E-01  5.2807E-02  1.7081E+01  9.2896E-05  5.0000E+02
  4.0000E+01  1.0120E-01  1.7744E+00  5.0000E-01  5.2807E-02  1.7081E+01  9.2896E-05  5.0000E+02
  4.0000E+01  1.0120E-01  1.7744E+00  5.0000E-01  5.2807E-02  1.7081E+01  9.2896E-05  5.0000E+02
  4.0000E+01  1.0120E-01  1.7744E+00  5.0000E-01  5.2807E-02  1.7081E+01  9.2896E-05  5.0000E+02
  4.0000E+01  1.0120E-01  1.7744E+00  5.0000E-01  5.2807E-02  1.7081E+01  9.2896E-05  5.0000E+02
  4.0000E+01  1.0120E-01  1.7744E+00  5.0000E-01  5.2807E-02  1.7081E+01  9.2896E-05  5.0000E+02
  4.0000E+01  1.0120E-01  1.7744E+00  5.0000E-01  5.2807E-02  1.7081E+01  9.2896E-05  5.0000E+02
  4.1000E+01  1.5217E-01  1.2137E+00  5.0000E-01  5.2807E-02  1.7081E+01  9.2896E-05  5.0000E+02
  4.1000E+01  1.5217E-01  1.2137E+00  5.0000E-01  5.2807E-02  1.7081E+01  9.2896E-05  5.0000E+02
  4.1000E+01  1.5217E-01  1.2137E+00  5.0000E-01  5.2807E-02  1.7081E+01  9.2896E-05  5.0000E+02
  4.1000E+01  1.5217E-01  1.2137E+00  5.0000E-01  5.2807E-02  1.7081E+01  9.2896E-05  5.0000E+02
  4.1000E+01  1.5217E-01  1.2137E+00  5.0000E-01  5.2807E-02  1.7081E+01  9.2896E-05  5.0000E+02
  4.1000E+01  1.5217E-01  1.2137E+00  5.0000E-01  5.2807E-02  1.7081E+01  9.2896E-05  5.0000E+02
  4.1000E+01  1.5217E-01  1.2137E+00  5.0000E-01  5.2807E-02  1.7081E+01  9.2896E-05  5.0000E+02
  4.2000E+01  2.1858E-01  1.5816E+00  5.0000E-01  5.2807E-02  1.7081E+01  9.2896E-05  5.0000E+02
  4.2000E+01  2.1858E-01  1.5816E+00  5.0000E-01  5.2807E-02  1.7081E+01  9.2896E-05  5.0000E+02
  4.2000E+01  2.1858E-01  1.5816E+00  5.0000E-01  5.2807E-02  1.7081E+01  9.2896E-05  5.0000E+02
  4.2000E+01  2.1858E-01  1.5816E+00  5.0000E-01  5.2807E-02  1.7081E+01  9.2896E-05  5.0000E+02
  4.2000E+01  2.1858E-01  1.5816E+00  5.0000E-01  5.2807E-02  1.7081E+01  9.2896E-05  5.0000E+02
  4.2000E+01  2.1858E-01  1.5816E+00  5.0000E-01  5.2807E-02  1.7081E+01  9.2896E-05  5.0000E+02
  4.2000E+01  2.1858E-01  1.5816E+00  5.0000E-01  5.2807E-02  1.7081E+01  9.2896E-05  5.0000E+02
  4.3000E+01  7.3507E-02  6.2123E-01  5.0000E-01  5.2807E-02  1.7081E+01  1.5387E-04  3.0000E+02
  4.3000E+01  7.3507E-02  6.2123E-01  5.0000E-01  5.2807E-02  1.7081E+01  1.5387E-04  3.0000E+02
  4.3000E+01  7.3507E-02  6.2123E-01  5.0000E-01  5.2807E-02  1.7081E+01  1.5387E-04  3.0000E+02
  4.3000E+01  7.3507E-02  6.2123E-01  5.0000E-01  5.2807E-02  1.7081E+01  1.5387E-04  3.0000E+02
  4.3000E+01  7.3507E-02  6.2123E-01  5.0000E-01  5.2807E-02  1.7081E+01  1.5387E-04  3.0000E+02
  4.3000E+01  7.3507E-02  6.2123E-01  5.0000E-01  5.2807E-02  1.7081E+01  1.5387E-04  3.0000E+02
  4.3000E+01  7.3507E-02  6.2123E-01  5.0000E-01  5.2807E-02  1.7081E+01  1.5387E-04  3.0000E+02
  4.4000E+01  8.8914E-02  1.1151E+00  5.0000E-01  5.2807E-02  1.7081E+01  1.5387E-04  3.0000E+02
  4.4000E+01  8.8914E-02  1.1151E+00  5.0000E-01  5.2807E-02  1.7081E+01  1.5387E-04  3.0000E+02
  4.4000E+01  8.8914E-02  1.1151E+00  5.0000E-01  5.2807E-02  1.7081E+01  1.5387E-04  3.0000E+02
  4.4000E+01  8.8914E-02  1.1151E+00  5.0000E-01  5.2807E-02  1.7081E+01  1.5387E-04  3.0000E+02
  4.4000E+01  8.8914E-02  1.1151E+00  5.0000E-01  5.2807E-02  1.7081E+01  1.5387E-04  3.0000E+02
  4.4000E+01  8.8914E-02  1.1151E+00  5.0000E-01  5.2807E-02  1.7081E+01  1.5387E-04  3.0000E+02
  4.4000E+01  8.8914E-02  1.1151E+00  5.0000E-01  5.2807E-02  1.7081E+01  1.5387E-04  3.0000E+02
  4.5000E+01  1.8362E-01  1.2991E+00  5.0000E-01  5.2807E-02  1.7081E+01  1.5387E-04  3.0000E+02
  4.5000E+01  1.8362E-01  1.2991E+00  5.0000E-01  5.2807E-02  1.7081E+01  1.5387E-04  3.0000E+02
  4.5000E+01  1.8362E-01  1.2991E+00  5.0000E-01  5.2807E-02  1.7081E+01  1.5387E-04  3.0000E+02
  4.5000E+01  1.8362E-01  1.2991E+00  5.0000E-01  5.2807E-02  1.7081E+01  1.5387E-04  3.0000E+02
  4.5000E+01  1.8362E-01  1.2991E+00  5.0000E-01  5.2807E-02  1.7081E+01  1.5387E-04  3.0000E+02
  4.5000E+01  1.8362E-01  1.2991E+00  5.0000E-01  5.2807E-02  1.7081E+01  1.5387E-04  3.0000E+02
  4.5000E+01  1.8362E-01  1.2991E+00  5.0000E-01  5.2807E-02  1.7081E+01  1.5387E-04  3.0000E+02
  4.6000E+01  1.7401E-02  7.3340E-01  5.0000E-01  5.2807E-02  1.7081E+01  5.8263E-05  8.0000E+02
  4.6000E+01  1.7401E-02  7.3340E-01  5.0000E-01  5.2807E-02  1.7081E+01  5.8263E-05  8.0000E+02
  4.6000E+01  1.7401E-02  7.3340E-01  5.0000E-01  5.2807E-02  1.7081E+01  5.8263E-05  8.0000E+02
  4.6000E+01  1.7401E-02  7.3340E-01  5.0000E-01  5.2807E-02  1.7081E+01  5.8263E-05  8.0000E+02
  4.6000E+01  1.7401E-02  7.3340E-01  5.0000E-01  5.2807E-02  1.7081E+01  5.8263E-05  8.0000E+02
  4.6000E+01  1.7401E-02  7.3340E-01  5.0000E-01  5.2807E-02  1.7081E+01  5.8263E-05  8.0000E+02
  4.6000E+01  1.7401E-02  7.3340E-01  5.0000E-01  5.2807E-02  1.7081E+01  5.8263E-05  8.0000E+02
  4.7000E+01  4.6144E-02  9.4081E-01  5.0000E-01  5.2807E-02  1.7081E+01  5.8263E-05  8.0000E+02
  4.7000E+01  4.6144E-02  9.4081E-01  5.0000E-01  5.2807E-02  1.7081E+01  5.8263E-05  8.0000E+02
  4.7000E+01  4.6144E-02  9.4081E-01  5.0000E-01  5.2807E-02  1.7081E+01  5.8263E-05  8.0000E+02
  4.7000E+01  4.6144E-02  9.4081E-01  5.0000E-01  5.2807E-02  1.7081E+01  5.8263E-05  8.0000E+02
  4.7000E+01  4.6144E-02  9.4081E-01  5.0000E-01  5.2807E-02  1.7081E+01  5.8263E-05  8.0000E+02
  4.7000E+01  4.6144E-02  9.4081E-01  5.0000E-01  5.2807E-02  1.7081E+01  5.8263E-05  8.0000E+02
  4.7000E+01  4.6144E-02  9.4081E-01  5.0000E-01  5.2807E-02  1.7081E+01  5.8263E-05  8.0000E+02
  4.8000E+01  9.9081E-02  8.7397E-01  5.0000E-01  5.2807E-02  1.7081E+01  5.8263E-05  8.0000E+02
  4.8000E+01  9.9081E-02  8.7397E-01  5.0000E-01  5.2807E-02  1.7081E+01  5.8263E-05  8.0000E+02
  4.8000E+01  9.9081E-02  8.7397E-01  5.0000E-01  5.2807E-02  1.7081E+01  5.8263E-05  8.0000E+02
  4.8000E+01  9.9081E-02  8.7397E-01  5.0000E-01  5.2807E-02  1.7081E+01  5.8263E-05  8.0000E+02
  4.8000E+01  9.9081E-02  8.7397E-01  5.0000E-01  5.2807E-02  1.7081E+01  5.8263E-05  8.0000E+02
  4.8000E+01  9.9081E-02  8.7397E-01  5.0000E-01  5.2807E-02  1.7081E+01  5.8263E-05  8.0000E+02
  4.8000E+01  9.9081E-02  8.7397E-01  5.0000E-01  5.2807E-02  1.7081E+01  5.8263E-05  8.0000E+02
  4.9000E+01  1.0205E-01  8.8141E-01  5.0000E-01  5.2807E-02  1.7081E+01  3.1158E-05  1.5000E+03
  4.9000E+01  1.0205E-01  8.8141E-01  5.0000E-01  5.2807E-02  1.7081E+01  3.1158E-05  1.5000E+03
  4.9000E+01  1.0205E-01  8.8141E-01  5.0000E-01  5.2807E-02  1.7081E+01  3.1158E-05  1.5000E+03
  4.9000E+01  1.0205E-01  8.8141E-01  5.0000E-01  5.2807E-02  1.7081E+01  3.1158E-05  1.5000E+03
  4.9000E+01  1.0205E-01  8.8141E-01  5.0000E-01  5.2807E-02  1.7081E+01  3.1158E-05  1.5000E+03
  4.9000E+01  1.0205E-01  8.8141E-01  5.0000E-01  5.2807E-02  1.7081E+01  3.1158E-05  1.5000E+03
  4.9000E+01  1.0205E-01  8.8141E-01  5.0000E-01  5.2807E-02  1.7081E+01  3.1158E-05  1.5000E+03
  5.0000E+01  1.2571E-02  4.1229E-01  5.0000E-01  5.2807E-02  1.7081E+01  3.1158E-05  1.5000E+03
  5.0000E+01  1.2571E-02  4.1229E-01  5.0000E-01  5.2807E-02  1.7081E+01  3.1158E-05  1.5000E+03
  5.0000E+01  1.2571E-02  4.1229E-01  5.0000E-01  5.2807E-02  1.7081E+01  3.1158E-05  1.5000E+03
  5.0000E+01  1.2571E-02  4.1229E-01  5.0000E-01  5.2807E-02  1.7081E+01  3.1158E-05  1.5000E+03
  5.0000E+01  1.2571E-02  4.1229E-01  5.0000E-01  5.2807E-02  1.7081E+01  3.1158E-05  1.5000E+03
  5.0000E+01  1.2571E-02  4.1229E-01  5.0000E-01  5.2807E-02  1.7081E+01  3.1158E-05  1.5000E+03
  5.0000E+01  1.2571E-02  4.1229E-01  5.0000E-01  5.2807E-02  1.7081E+01  3.1158E-05  1.5000E+03
  5.1000E+01  1.8862E-02  7.6079E-01  5.0000E-01  5.2807E-02  1.7081E+01  3.1158E-05  1.5000E+03
  5.1000E+01  1.8862E-02  7.6079E-01  5.0000E-01  5.2807E-02  1.7081E+01  3.1158E-05  1.5000E+03
  5.1000E+01  1.8862E-02  7.6079E-01  5.0000E-01  5.2807E-02  1.7081E+01  3.1158E-05  1.5000E+03
  5.1000E+01  1.8862E-02  7.6079E-01  5.0000E-01  5.2807E-02  1.7081E+01  3.1158E-05  1.5000E+03
  5.1000E+01  1.8862E-02  7.6079E-01  5.0000E-01  5.2807E-02  1.7081E+01  3.1158E-05  1.5000E+03
  5.1000E+01  1.8862E-02  7.6079E-01  5.0000E-01  5.2807E-02  1.7081E+01  3.1158E-05  1.5000E+03
  5.2000E+01  1.8483E-02  2.2524E-01  5.0000E-01  5.2807E-02  1.7081E+01  1.5387E-04  3.0000E+02
  5.2000E+01  1.8483E-02  2.2524E-01  5.0000E-01  5.2807E-02  1.7081E+01  1.5387E-04  3.0000E+02
  5.2000E+01  1.8483E-02  2.2524E-01  5.0000E-01  5.2807E-02  1.7081E+01  1.5387E-04  3.0000E+02
  5.2000E+01  1.8483E-02  2.2524E-01  5.0000E-01  5.2807E-02  1.7081E+01  1.5387E-04  3.0000E+02
  5.2000E+01  1.8483E-02  2.2524E-01  5.0000E-01  5.2807E-02  1.7081E+01  1.5387E-04  3.0000E+02
  5.2000E+01  1.8483E-02  2.2524E-01  5.0000E-01  5.2807E-02  1.7081E+01  1.5387E-04  3.0000E+02
  5.2000E+01  1.8483E-02  2.2524E-01  5.0000E-01  5.2807E-02  1.7081E+01  1.5387E-04  3.0000E+02
  5.3000E+01  2.0569E-01  1.8639E+00  5.0000E-01  5.2807E-02  1.7081E+01  1.5387E-04  3.0000E+02
  5.3000E+01  2.0569E-01  1.8639E+00  5.0000E-01  5.2807E-02  1.7081E+01  1.5387E-04  3.0000E+02
  5.3000E+01  2.0569E-01  1.8639E+00  5.0000E-01  5.2807E-02  1.7081E+01  1.5387E-04  3.0000E+02
  5.3000E+01  2.0569E-01  1.8639E+00  5.0000E-01  5.2807E-02  1.7081E+01  1.5387E-04  3.0000E+02
  5.3000E+01  2.0569E-01  1.8639E+00  5.0000E-01  5.2807E-02  1.7081E+01  1.5387E-04  3.0000E+02
  5.3000E+01  2.0569E-01  1.8639E+00  5.0000E-01  5.2807E-02  1.7081E+01  1.5387E-04  3.0000E+02
  5.3000E+01  2.0569E-01  1.8639E+00  5.0000E-01  5.2807E-02  1.7081E+01  1.5387E-04  3.0000E+02
  5.4000E+01  2.0779E-01  7.6302E-01  5.0000E-01  5.2807E-02  1.7081E+01  1.5387E-04  3.0000E+02
  5.4000E+01  2.0779E-01  7.6302E-01  5.0000E-01  5.2807E-02  1.7081E+01  1.5387E-04  3.0000E+02
  5.4000E+01  2.0779E-01  7.6302E-01  5.0000E-01  5.2807E-02  1.7081E+01  1.5387E-04  3.0000E+02
  5.4000E+01  2.0779E-01  7.6302E-01  5.0000E-01  5.2807E-02  1.7081E+01  1.5387E-04  3.0000E+02
  5.4000E+01  2.0779E-01  7.6302E-01  5.0000E-01  5.2807E-02  1.7081E+01  1.5387E-04  3.0000E+02
  5.4000E+01  2.0779E-01  7.6302E-01  5.0000E-01  5.2807E-02  1.7081E+01  1.5387E-04  3.0000E+02
  5.4000E+01  2.0779E-01  7.6302E-01  5.0000E-01  5.2807E-02  1.7081E+01  1.5387E-04  3.0000E+02
  5.5000E+01  1.5036E-01  7.9761E-01  5.0000E-01  5.2807E-02  1.7081E+01  5.8263E-05  8.0000E+02
  5.5000E+01  1.5036E-01  7.9761E-01  5.0000E-01  5.2807E-02  1.7081E+01  5.8263E-05  8.0000E+02
  5.5000E+01  1.5036E-01  7.9761E-01  5.0000E-01  5.2807E-02  1.7081E+01  5.8263E-05  8.0000E+02
  5.5000E+01  1.5036E-01  7.9761E-01  5.0000E-01  5.2807E-02  1.7081E+01  5.8263E-05  8.0000E+02
  5.5000E+01  1.5036E-01  7.9761E-01  5.0000E-01  5.2807E-02  1.7081E+01  5.8263E-05  8.0000E+02
  5.5000E+01  1.5036E-01  7.9761E-01  5.0000E-01  5.2807E-02  1.7081E+01  5.8263E-05  8.0000E+02
  5.5000E+01  1.5036E-01  7.9761E-01  5.0000E-01  5.2807E-02  1.7081E+01  5.8263E-05  8.0000E+02
  5.6000E+01  3.1476E-01  7.1608E-01  5.0000E-01  5.2807E-02  1.7081E+01  5.8263E-05  8.0000E+02
  5.6000E+01  3.1476E-01  7.1608E-01  5.0000E-01  5.2807E-02  1.7081E+01  5.8263E-05  8.0000E+02
  5.6000E+01  3.1476E-01  7.1608E-01  5.0000E-01  5.2807E-02  1.7081E+01  5.8263E-05  8.0000E+02
  5.6000E+01  3.1476E-01  7.1608E-01  5.0000E-01  5.2807E-02  1.7081E+01  5.8263E-05  8.0000E+02
  5.6000E+01  3.1476E-01  7.1608E-01  5.0000E-01  5.2807E-02  1.7081E+01  5.8263E-05  8.0000E+02
  5.6000E+01  3.1476E-01  7.1608E-01  5.0000E-01  5.2807E-02  1.7081E+01  5.8263E-05  8.0000E+02
  5.6000E+01  3.1476E-01  7.1608E-01  5.0000E-01  5.2807E-02  1.7081E+01  5.8263E-05  8.0000E+02
  5.7000E+01  3.6052E-01  1.0254E+00  5.0000E-01  5.2807E-02  1.7081E+01  5.8263E-05  8.0000E+02
  5.7000E+01  3.6052E-01  1.0254E+00  5.0000E-01  5.2807E-02  1.7081E+01  5.8263E-05  8.0000E+02
  5.7000E+01  3.6052E-01  1.0254E+00  5.0000E-01  5.2807E-02  1.7081E+01  5.8263E-05  8.0000E+02
  5.7000E+01  3.6052E-01  1.0254E+00  5.0000E-01  5.2807E-02  1.7081E+01  5.8263E-05  8.0000E+02
  5.7000E+01  3.6052E-01  1.0254E+00  5.0000E-01  5.2807E-02  1.7081E+01  5.8263E-05  8.0000E+02
  5.7000E+01  3.6052E-01  1.0254E+00  5.0000E-01  5.2807E-02  1.7081E+01  5.8263E-05  8.0000E+02
  5.8000E+01  5.6801E-02  8.1761E-01  5.0000E-01  5.2807E-02  1.7081E+01  3.1158E-05  1.5000E+03
  5.8000E+01  5.6801E-02  8.1761E-01  5.0000E-01  5.2807E-02  1.7081E+01  3.1158E-05  1.5000E+03
  5.8000E+01  5.6801E-02  8.1761E-01  5.0000E-01  5.2807E-02  1.7081E+01  3.1158E-05  1.5000E+03
  5.8000E+01  5.6801E-02  8.1761E-01  5.0000E-01  5.2807E-02  1.7081E+01  3.1158E-05  1.5000E+03
  5.8000E+01  5.6801E-02  8.1761E-01  5.0000E-01  5.2807E-02  1.7081E+01  3.1158E-05  1.5000E+03
  5.8000E+01  5.6801E-02  8.1761E-01  5.0000E-01  5.2807E-02  1.7081E+01  3.1158E-05  1.5000E+03
  5.8000E+01  5.6801E-02  8.1761E-01  5.0000E-01  5.2807E-02  1.7081E+01  3.1158E-05  1.5000E+03
  5.9000E+01  1.2415E-02  1.8662E-01  5.0000E-01  5.2807E-02  1.7081E+01  3.1158E-05  1.5000E+03
  5.9000E+01  1.2415E-02  1.8662E-01  5.0000E-01  5.2807E-02  1.7081E+01  3.1158E-05  1.5000E+03
  5.9000E+01  1.2415E-02  1.8662E-01  5.0000E-01  5.2807E-02  1.7081E+01  3.1158E-05  1.5000E+03
  5.9000E+01  1.2415E-02  1.8662E-01  5.0000E-01  5.2807E-02  1.7081E+01  3.1158E-05  1.5000E+03
  5.9000E+01  1.2415E-02  1.8662E-01  5.0000E-01  5.2807E-02  1.7081E+01  3.1158E-05  1.5000E+03
  5.9000E+01  1.2415E-02  1.8662E-01  5.0000E-01  5.2807E-02  1.7081E+01  3.1158E-05  1.5000E+03
  5.9000E+01  1.2415E-02  1.8662E-01  5.0000E-01  5.2807E-02  1.7081E+01  3.1158E-05  1.5000E+03
  6.0000E+01  1.1655E-01  4.6049E-01  5.0000E-01  5.2807E-02  1.7081E+01  3.1158E-05  1.5000E+03
  6.0000E+01  1.1655E-01  4.6049E-01  5.0000E-01  5.2807E-02  1.7081E+01  3.1158E-05  1.5000E+03
  6.0000E+01  1.1655E-01  4.6049E-01  5.0000E-01  5.2807E-02  1.7081E+01  3.1158E-05  1.5000E+03
  6.0000E+01  1.1655E-01  4.6049E-01  5.0000E-01  5.2807E-02  1.7081E+01  3.1158E-05  1.5000E+03
  6.0000E+01  1.1655E-01  4.6049E-01  5.0000E-01  5.2807E-02  1.7081E+01  3.1158E-05  1.5000E+03
  6.0000E+01  1.1655E-01  4.6049E-01  5.0000E-01  5.2807E-02  1.7081E+01  3.1158E-05  1.5000E+03
  6.0000E+01  1.1655E-01  4.6049E-01  5.0000E-01  5.2807E-02  1.7081E+01  3.1158E-05  1.5000E+03
  6.1000E+01  7.7835E-02  6.5650E-01  5.0000E-01  5.2807E-02  1.7081E+01  1.5387E-04  3.0000E+02
  6.1000E+01  7.7835E-02  6.5650E-01  5.0000E-01  5.2807E-02  1.7081E+01  1.5387E-04  3.0000E+02
  6.1000E+01  7.7835E-02  6.5650E-01  5.0000E-01  5.2807E-02  1.7081E+01  1.5387E-04  3.0000E+02
  6.1000E+01  7.7835E-02  6.5650E-01  5.0000E-01  5.2807E-02  1.7081E+01  1.5387E-04  3.0000E+02
  6.1000E+01  7.7835E-02  6.5650E-01  5.0000E-01  5.2807E-02  1.7081E+01  1.5387E-04  3.0000E+02
  6.1000E+01  7.7835E-02  6.5650E-01  5.0000E-01  5.2807E-02  1.7081E+01  1.5387E-04  3.0000E+02
  6.2000E+01  1.8230E-01  1.5172E+00  5.0000E-01  5.2807E-02  1.7081E+01  1.5387E-04  3.0000E+02
  6.2000E+01  1.8230E-01  1.5172E+00  5.0000E-01  5.2807E-02  1.7081E+01  1.5387E-04  3.0000E+02
  6.2000E+01  1.8230E-01  1.5172E+00  5.0000E-01  5.2807E-02  1.7081E+01  1.5387E-04  3.0000E+02
  6.2000E+01  1.8230E-01  1.5172E+00  5.0000E-01  5.2807E-02  1.7081E+01  1.5387E-04  3.0000E+02
  6.2000E+01  1.8230E-01  1.5172E+00  5.0000E-01  5.2807E-02  1.7081E+01  1.5387E-04  3.0000E+02
  6.2000E+01  1.8230E-01  1.5172E+00  5.0000E-01  5.2807E-02  1.7081E+01  1.5387E-04  3.0000E+02
  6.3000E+01  1.4377E-01  3.6474E-01  5.0000E-01  5.2807E-02  1.7081E+01  1.5387E-04  3.0000E+02
  6.3000E+01  1.4377E-01  3.6474E-01  5.0000E-01  5.2807E-02  1.7081E+01  1.5387E-04  3.0000E+02
  6.3000E+01  1.4377E-01  3.6474E-01  5.0000E-01  5.2807E-02  1.7081E+01  1.5387E-04  3.0000E+02
  6.3000E+01  1.4377E-01  3.6474E-01  5.0000E-01  5.2807E-02  1.7081E+01  1.5387E-04  3.0000E+02
  6.3000E+01  1.4377E-01  3.6474E-01  5.0000E-01  5.2807E-02  1.7081E+01  1.5387E-04  3.0000E+02
  6.3000E+01  1.4377E-01  3.6474E-01  5.0000E-01  5.2807E-02  1.7081E+01  1.5387E-04  3.0000E+02
  6.4000E+01  2.3277E-02  1.1930E+00  5.0000E-01  5.2807E-02  1.7081E+01  5.8263E-05  8.0000E+02
  6.4000E+01  2.3277E-02  1.1930E+00  5.0000E-01  5.2807E-02  1.7081E+01  5.8263E-05  8.0000E+02
  6.4000E+01  2.3277E-02  1.1930E+00  5.0000E-01  5.2807E-02  1.7081E+01  5.8263E-05  8.0000E+02
  6.4000E+01  2.3277E-02  1.1930E+00  5.0000E-01  5.2807E-02  1.7081E+01  5.8263E-05  8.0000E+02
  6.4000E+01  2.3277E-02  1.1930E+00  5.0000E-01  5.2807E-02  1.7081E+01  5.8263E-05  8.0000E+02
  6.4000E+01  2.3277E-02  1.1930E+00  5.0000E-01  5.2807E-02  1.7081E+01  5.8263E-05  8.0000E+02
  6.5000E+01  4.5158E-02  1.6056E+00  5.0000E-01  5.2807E-02  1.7081E+01  5.8263E-05  8.0000E+02
  6.5000E+01  4.5158E-02  1.6056E+00  5.0000E-01  5.2807E-02  1.7081E+01  5.8263E-05  8.0000E+02
  6.5000E+01  4.5158E-02  1.6056E+00  5.0000E-01  5.2807E-02  1.7081E+01  5.8263E-05  8.0000E+02
  6.5000E+01  4.5158E-02  1.6056E+00  5.0000E-01  5.2807E-02  1.7081E+01  5.8263E-05  8.0000E+02
  6.5000E+01  4.5158E-02  1.6056E+00  5.0000E-01  5.2807E-02  1.7081E+01  5.8263E-05  8.0000E+02
  6.5000E+01  4.5158E-02  1.6056E+00  5.0000E-01  5.2807E-02  1.7081E+01  5.8263E-05  8.0000E+02
  6.6000E+01  6.5021E-02  6.6834E-01  5.0000E-01  5.2807E-02  1.7081E+01  5.8263E-05  8.0000E+02
  6.6000E+01  6.5021E-02  6.6834E-01  5.0000E-01  5.2807E-02  1.7081E+01  5.8263E-05  8.0000E+02
  6.6000E+01  6.5021E-02  6.6834E-01  5.0000E-01  5.2807E-02  1.7081E+01  5.8263E-05  8.0000E+02
  6.6000E+01  6.5021E-02  6.6834E-01  5.0000E-01  5.2807E-02  1.7081E+01  5.8263E-05  8.0000E+02
  6.6000E+01  6.5021E-02  6.6834E-01  5.0000E-01  5.2807E-02  1.7081E+01  5.8263E-05  8.0000E+02
  6.6000E+01  6.5021E-02  6.6834E-01  5.0000E-01  5.2807E-02  1.7081E+01  5.8263E-05  8.0000E+02
  6.7000E+01  3.8547E-02  1.9122E+00  5.0000E-01  5.2807E-02  1.7081E+01  3.1158E-05  1.5000E+03
  6.7000E+01  3.8547E-02  1.9122E+00  5.0000E-01  5.2807E-02  1.7081E+01  3.1158E-05  1.5000E+03
  6.7000E+01  3.8547E-02  1.9122E+00  5.0000E-01  5.2807E-02  1.7081E+01  3.1158E-05  1.5000E+03
  6.7000E+01  3.8547E-02  1.9122E+00  5.0000E-01  5.2807E-02  1.7081E+01  3.1158E-05  1.5000E+03
  6.7000E+01  3.8547E-02  1.9122E+00  5.0000E-01  5.2807E-02  1.7081E+01  3.1158E-05  1.5000E+03
  6.7000E+01  3.8547E-02  1.9122E+00  5.0000E-01  5.2807E-02  1.7081E+01  3.1158E-05  1.5000E+03
  6.8000E+01  5.8198E-02  4.8287E-01  5.0000E-01  5.2807E-02  1.7081E+01  3.1158E-05  1.5000E+03
  6.8000E+01  5.8198E-02  4.8287E-01  5.0000E-01  5.2807E-02  1.7081E+01  3.1158E-05  1.5000E+03
  6.8000E+01  5.8198E-02  4.8287E-01  5.0000E-01  5.2807E-02  1.7081E+01  3.1158E-05  1.5000E+03
  6.8000E+01  5.8198E-02  4.8287E-01  5.0000E-01  5.2807E-02  1.7081E+01  3.1158E-05  1.5000E+03
  6.8000E+01  5.8198E-02  4.8287E-01  5.0000E-01  5.2807E-02  1.7081E+01  3.1158E-05  1.5000E+03
  6.8000E+01  5.8198E-02  4.8287E-01  5.0000E-01  5.2807E-02  1.7081E+01  3.1158E-05  1.5000E+03
  6.9000E+01  2.4714E-02  1.6140E+00  5.0000E-01  5.2807E-02  1.7081E+01  3.1158E-05  1.5000E+03
  6.9000E+01  2.4714E-02  1.6140E+00  5.0000E-01  5.2807E-02  1.7081E+01  3.1158E-05  1.5000E+03
  6.9000E+01  2.4714E-02  1.6140E+00  5.0000E-01  5.2807E-02  1.7081E+01  3.1158E-05  1.5000E+03
  6.9000E+01  2.4714E-02  1.6140E+00  5.0000E-01  5.2807E-02  1.7081E+01  3.1158E-05  1.5000E+03
  6.9000E+01  2.4714E-02  1.6140E+00  5.0000E-01  5.2807E-02  1.7081E+01  3.1158E-05  1.5000E+03
  6.9000E+01  2.4714E-02  1.6140E+00  5.0000E-01  5.2807E-02  1.7081E+01  3.1158E-05  1.5000E+03
  7.0000E+01  3.7709E-01  1.0998E+00  5.0000E-01  5.2807E-02  1.7081E+01  1.5387E-04  3.0000E+02
  7.0000E+01  3.7709E-01  1.0998E+00  5.0000E-01  5.2807E-02  1.7081E+01  1.5387E-04  3.0000E+02
  7.0000E+01  3.7709E-01  1.0998E+00  5.0000E-01  5.2807E-02  1.7081E+01  1.5387E-04  3.0000E+02
  7.0000E+01  3.7709E-01  1.0998E+00  5.0000E-01  5.2807E-02  1.7081E+01  1.5387E-04  3.0000E+02
  7.0000E+01  3.7709E-01  1.0998E+00  5.0000E-01  5.2807E-02  1.7081E+01  1.5387E-04  3.0000E+02
  7.0000E+01  3.7709E-01  1.0998E+00  5.0000E-01  5.2807E-02  1.7081E+01  1.5387E-04  3.0000E+02
  7.1000E+01  5.0525E-02  1.4800E+00  5.0000E-01  5.2807E-02  1.7081E+01  1.5387E-04  3.0000E+02
  7.1000E+01  5.0525E-02  1.4800E+00  5.0000E-01  5.2807E-02  1.7081E+01  1.5387E-04  3.0000E+02
  7.1000E+01  5.0525E-02  1.4800E+00  5.0000E-01  5.2807E-02  1.7081E+01  1.5387E-04  3.0000E+02
  7.1000E+01  5.0525E-02  1.4800E+00  5.0000E-01  5.2807E-02  1.7081E+01  1.5387E-04  3.0000E+02
  7.1000E+01  5.0525E-02  1.4800E+00  5.0000E-01  5.2807E-02  1.7081E+01  1.5387E-04  3.0000E+02
  7.1000E+01  5.0525E-02  1.4800E+00  5.0000E-01  5.2807E-02  1.7081E+01  1.5387E-04  3.0000E+02
  7.2000E+01  1.5462E-01  1.6440E+00  5.0000E-01  5.2807E-02  1.7081E+01  1.5387E-04  3.0000E+02
  7.2000E+01  1.5462E-01  1.6440E+00  5.0000E-01  5.2807E-02  1.7081E+01  1.5387E-04  3.0000E+02
  7.2000E+01  1.5462E-01  1.6440E+00  5.0000E-01  5.2807E-02  1.7081E+01  1.5387E-04  3.0000E+02
  7.2000E+01  1.5462E-01  1.6440E+00  5.0000E-01  5.2807E-02  1.7081E+01  1.5387E-04  3.0000E+02
  7.2000E+01  1.5462E-01  1.6440E+00  5.0000E-01  5.2807E-02  1.7081E+01  1.5387E-04  3.0000E+02
  7.2000E+01  1.5462E-01  1.6440E+00  5.0000E-01  5.2807E-02  1.7081E+01  1.5387E-04  3.0000E+02
  7.3000E+01  1.6931E-02  1.5501E+00  5.0000E-01  5.2807E-02  1.7081E+01  5.8263E-05  8.0000E+02
  7.3000E+01  1.6931E-02  1.5501E+00  5.0000E-01  5.2807E-02  1.7081E+01  5.8263E-05  8.0000E+02
  7.3000E+01  1.6931E-02  1.5501E+00  5.0000E-01  5.2807E-02  1.7081E+01  5.8263E-05  8.0000E+02
  7.3000E+01  1.6931E-02  1.5501E+00  5.0000E-01  5.2807E-02  1.7081E+01  5.8263E-05  8.0000E+02
  7.3000E+01  1.6931E-02  1.5501E+00  5.0000E-01  5.2807E-02  1.7081E+01  5.8263E-05  8.0000E+02
  7.3000E+01  1.6931E-02  1.5501E+00  5.0000E-01  5.2807E-02  1.7081E+01  5.8263E-05  8.0000E+02
  7.4000E+01  7.4263E-02  1.5086E+00  5.0000E-01  5.2807E-02  1.7081E+01  5.8263E-05  8.0000E+02
  7.4000E+01  7.4263E-02  1.5086E+00  5.0000E-01  5.2807E-02  1.7081E+01  5.8263E-05  8.0000E+02
  7.4000E+01  7.4263E-02  1.5086E+00  5.0000E-01  5.2807E-02  1.7081E+01  5.8263E-05  8.0000E+02
  7.4000E+01  7.4263E-02  1.5086E+00  5.0000E-01  5.2807E-02  1.7081E+01  5.8263E-05  8.0000E+02
  7.4000E+01  7.4263E-02  1.5086E+00  5.0000E-01  5.2807E-02  1.7081E+01  5.8263E-05  8.0000E+02
  7.4000E+01  7.4263E-02  1.5086E+00  5.0000E-01  5.2807E-02  1.7081E+01  5.8263E-05  8.0000E+02
  7.5000E+01  1.3200E-01  1.9575E+00  5.0000E-01  5.2807E-02  1.7081E+01  5.8263E-05  8.0000E+02
  7.5000E+01  1.3200E-01  1.9575E+00  5.0000E-01  5.2807E-02  1.7081E+01  5.8263E-05  8.0000E+02
  7.5000E+01  1.3200E-01  1.9575E+00  5.0000E-01  5.2807E-02  1.7081E+01  5.8263E-05  8.0000E+02
  7.5000E+01  1.3200E-01  1.9575E+00  5.0000E-01  5.2807E-02  1.7081E+01  5.8263E-05  8.0000E+02
  7.5000E+01  1.3200E-01  1.9575E+00  5.0000E-01  5.2807E-02  1.7081E+01  5.8263E-05  8.0000E+02
  7.5000E+01  1.3200E-01  1.9575E+00  5.0000E-01  5.2807E-02  1.7081E+01  5.8263E-05  8.0000E+02
  7.6000E+01  2.5991E-01  7.0250E-01  5.0000E-01  5.2807E-02  1.7081E+01  3.1158E-05  1.5000E+03
  7.6000E+01  2.5991E-01  7.0250E-01  5.0000E-01  5.2807E-02  1.7081E+01  3.1158E-05  1.5000E+03
  7.6000E+01  2.5991E-01  7.0250E-01  5.0000E-01  5.2807E-02  1.7081E+01  3.1158E-05  1.5000E+03
  7.6000E+01  2.5991E-01  7.0250E-01  5.0000E-01  5.2807E-02  1.7081E+01  3.1158E-05  1.5000E+03
  7.6000E+01  2.5991E-01  7.0250E-01  5.0000E-01  5.2807E-02  1.7081E+01  3.1158E-05  1.5000E+03
  7.6000E+01  2.5991E-01  7.0250E-01  5.0000E-01  5.2807E-02  1.7081E+01  3.1158E-05  1.5000E+03
  7.7000E+01  4.2819E-02  6.8144E-01  5.0000E-01  5.2807E-02  1.7081E+01  3.1158E-05  1.5000E+03
  7.7000E+01  4.2819E-02  6.8144E-01  5.0000E-01  5.2807E-02  1.7081E+01  3.1158E-05  1.5000E+03
  7.7000E+01  4.2819E-02  6.8144E-01  5.0000E-01  5.2807E-02  1.7081E+01  3.1158E-05  1.5000E+03
  7.7000E+01  4.2819E-02  6.8144E-01  5.0000E-01  5.2807E-02  1.7081E+01  3.1158E-05  1.5000E+03
  7.7000E+01  4.2819E-02  6.8144E-01  5.0000E-01  5.2807E-02  1.7081E+01  3.1158E-05  1.5000E+03
  7.7000E+01  4.2819E-02  6.8144E-01  5.0000E-01  5.2807E-02  1.7081E+01  3.1158E-05  1.5000E+03
  7.8000E+01  7.3285E-02  1.1797E+00  5.0000E-01  5.2807E-02  1.7081E+01  3.1158E-05  1.5000E+03
  7.8000E+01  7.3285E-02  1.1797E+00  5.0000E-01  5.2807E-02  1.7081E+01  3.1158E-05  1.5000E+03
  7.8000E+01  7.3285E-02  1.1797E+00  5.0000E-01  5.2807E-02  1.7081E+01  3.1158E-05  1.5000E+03
  7.8000E+01  7.3285E-02  1.1797E+00  5.0000E-01  5.2807E-02  1.7081E+01  3.1158E-05  1.5000E+03
  7.8000E+01  7.3285E-02  1.1797E+00  5.0000E-01  5.2807E-02  1.7081E+01  3.1158E-05  1.5000E+03
  7.8000E+01  7.3285E-02  1.1797E+00  5.0000E-01  5.2807E-02  1.7081E+01  3.1158E-05  1.5000E+03
