TABLE NO.  2
 ID          CL          V2          V3          Q           KA          F1          DOSE
  1.0000E+00  8.7816E+00  9.3718E-01  8.7468E+00  1.7726E+01  1.7395E+00  3.2973E-02  1.0000E+01
  1.0000E+00  8.7816E+00  9.3718E-01  8.7468E+00  1.7726E+01  1.7395E+00  3.2973E-02  1.0000E+01
  1.0000E+00  8.7816E+00  9.3718E-01  8.7468E+00  1.7726E+01  1.7395E+00  3.2973E-02  1.0000E+01
  1.0000E+00  8.7816E+00  9.3718E-01  8.7468E+00  1.7726E+01  1.7395E+00  3.2973E-02  1.0000E+01
  1.0000E+00  8.7816E+00  9.3718E-01  8.7468E+00  1.7726E+01  1.7395E+00  3.2973E-02  1.0000E+01
  1.0000E+00  8.7816E+00  9.3718E-01  8.7468E+00  1.7726E+01  1.7395E+00  3.2973E-02  1.0000E+01
  1.0000E+00  8.7816E+00  9.3718E-01  8.7468E+00  1.7726E+01  1.7395E+00  3.2973E-02  1.0000E+01
  1.0000E+00  8.7816E+00  9.3718E-01  8.7468E+00  1.7726E+01  1.7395E+00  3.2973E-02  1.0000E+01
  1.0000E+00  8.7816E+00  9.3718E-01  8.7468E+00  1.7726E+01  1.7395E+00  3.2973E-02  1.0000E+01
  1.0000E+00  8.7816E+00  9.3718E-01  8.7468E+00  1.7726E+01  1.7395E+00  3.2973E-02  1.0000E+01
  1.0000E+00  8.7816E+00  9.3718E-01  8.7468E+00  1.7726E+01  1.7395E+00  3.2973E-02  1.0000E+01
  1.0000E+00  8.7816E+00  9.3718E-01  8.7468E+00  1.7726E+01  1.7395E+00  3.2973E-02  1.0000E+01
  2.0000E+00  1.2582E+01  9.3718E-01  8.7468E+00  1.7726E+01  1.7395E+00  3.2973E-02  1.0000E+01
  2.0000E+00  1.2582E+01  9.3718E-01  8.7468E+00  1.7726E+01  1.7395E+00  3.2973E-02  1.0000E+01
  2.0000E+00  1.2582E+01  9.3718E-01  8.7468E+00  1.7726E+01  1.7395E+00  3.2973E-02  1.0000E+01
  2.0000E+00  1.2582E+01  9.3718E-01  8.7468E+00  1.7726E+01  1.7395E+00  3.2973E-02  1.0000E+01
  2.0000E+00  1.2582E+01  9.3718E-01  8.7468E+00  1.7726E+01  1.7395E+00  3.2973E-02  1.0000E+01
  2.0000E+00  1.2582E+01  9.3718E-01  8.7468E+00  1.7726E+01  1.7395E+00  3.2973E-02  1.0000E+01
  2.0000E+00  1.2582E+01  9.3718E-01  8.7468E+00  1.7726E+01  1.7395E+00  3.2973E-02  1.0000E+01
  2.0000E+00  1.2582E+01  9.3718E-01  8.7468E+00  1.7726E+01  1.7395E+00  3.2973E-02  1.0000E+01
  2.0000E+00  1.2582E+01  9.3718E-01  8.7468E+00  1.7726E+01  1.7395E+00  3.2973E-02  1.0000E+01
  2.0000E+00  1.2582E+01  9.3718E-01  8.7468E+00  1.7726E+01  1.7395E+00  3.2973E-02  1.0000E+01
  2.0000E+00  1.2582E+01  9.3718E-01  8.7468E+00  1.7726E+01  1.7395E+00  3.2973E-02  1.0000E+01
  2.0000E+00  1.2582E+01  9.3718E-01  8.7468E+00  1.7726E+01  1.7395E+00  3.2973E-02  1.0000E+01
  3.0000E+00  1.4979E+01  9.3718E-01  8.7468E+00  1.7726E+01  1.7395E+00  3.2973E-02  1.0000E+01
  3.0000E+00  1.4979E+01  9.3718E-01  8.7468E+00  1.7726E+01  1.7395E+00  3.2973E-02  1.0000E+01
  3.0000E+00  1.4979E+01  9.3718E-01  8.7468E+00  1.7726E+01  1.7395E+00  3.2973E-02  1.0000E+01
  3.0000E+00  1.4979E+01  9.3718E-01  8.7468E+00  1.7726E+01  1.7395E+00  3.2973E-02  1.0000E+01
  3.0000E+00  1.4979E+01  9.3718E-01  8.7468E+00  1.7726E+01  1.7395E+00  3.2973E-02  1.0000E+01
  3.0000E+00  1.4979E+01  9.3718E-01  8.7468E+00  1.7726E+01  1.7395E+00  3.2973E-02  1.0000E+01
  3.0000E+00  1.4979E+01  9.3718E-01  8.7468E+00  1.7726E+01  1.7395E+00  3.2973E-02  1.0000E+01
  3.0000E+00  1.4979E+01  9.3718E-01  8.7468E+00  1.7726E+01  1.7395E+00  3.2973E-02  1.0000E+01
  3.0000E+00  1.4979E+01  9.3718E-01  8.7468E+00  1.7726E+01  1.7395E+00  3.2973E-02  1.0000E+01
  3.0000E+00  1.4979E+01  9.3718E-01  8.7468E+00  1.7726E+01  1.7395E+00  3.2973E-02  1.0000E+01
  3.0000E+00  1.4979E+01  9.3718E-01  8.7468E+00  1.7726E+01  1.7395E+00  3.2973E-02  1.0000E+01
  3.0000E+00  1.4979E+01  9.3718E-01  8.7468E+00  1.7726E+01  1.7395E+00  3.2973E-02  1.0000E+01
  4.0000E+00  2.9034E+00  9.3718E-01  8.7468E+00  1.7726E+01  1.7395E+00  3.2973E-02  1.0000E+01
  4.0000E+00  2.9034E+00  9.3718E-01  8.7468E+00  1.7726E+01  1.7395E+00  3.2973E-02  1.0000E+01
  4.0000E+00  2.9034E+00  9.3718E-01  8.7468E+00  1.7726E+01  1.7395E+00  3.2973E-02  1.0000E+01
  4.0000E+00  2.9034E+00  9.3718E-01  8.7468E+00  1.7726E+01  1.7395E+00  3.2973E-02  1.0000E+01
  4.0000E+00  2.9034E+00  9.3718E-01  8.7468E+00  1.7726E+01  1.7395E+00  3.2973E-02  1.0000E+01
  4.0000E+00  2.9034E+00  9.3718E-01  8.7468E+00  1.7726E+01  1.7395E+00  3.2973E-02  1.0000E+01
  4.0000E+00  2.9034E+00  9.3718E-01  8.7468E+00  1.7726E+01  1.7395E+00  3.2973E-02  1.0000E+01
  4.0000E+00  2.9034E+00  9.3718E-01  8.7468E+00  1.7726E+01  1.7395E+00  3.2973E-02  1.0000E+01
  4.0000E+00  2.9034E+00  9.3718E-01  8.7468E+00  1.7726E+01  1.7395E+00  3.2973E-02  1.0000E+01
  4.0000E+00  2.9034E+00  9.3718E-01  8.7468E+00  1.7726E+01  1.7395E+00  3.2973E-02  1.0000E+01
  4.0000E+00  2.9034E+00  9.3718E-01  8.7468E+00  1.7726E+01  1.7395E+00  3.2973E-02  1.0000E+01
  4.0000E+00  2.9034E+00  9.3718E-01  8.7468E+00  1.7726E+01  1.7395E+00  3.2973E-02  1.0000E+01
  4.0000E+00  2.9034E+00  9.3718E-01  8.7468E+00  1.7726E+01  1.7395E+00  3.2973E-02  1.0000E+01
  5.0000E+00  5.7186E+00  9.3718E-01  8.7468E+00  1.7726E+01  1.7395E+00  3.2973E-02  1.0000E+01
  5.0000E+00  5.7186E+00  9.3718E-01  8.7468E+00  1.7726E+01  1.7395E+00  3.2973E-02  1.0000E+01
  5.0000E+00  5.7186E+00  9.3718E-01  8.7468E+00  1.7726E+01  1.7395E+00  3.2973E-02  1.0000E+01
  5.0000E+00  5.7186E+00  9.3718E-01  8.7468E+00  1.7726E+01  1.7395E+00  3.2973E-02  1.0000E+01
  5.0000E+00  5.7186E+00  9.3718E-01  8.7468E+00  1.7726E+01  1.7395E+00  3.2973E-02  1.0000E+01
  5.0000E+00  5.7186E+00  9.3718E-01  8.7468E+00  1.7726E+01  1.7395E+00  3.2973E-02  1.0000E+01
  5.0000E+00  5.7186E+00  9.3718E-01  8.7468E+00  1.7726E+01  1.7395E+00  3.2973E-02  1.0000E+01
  5.0000E+00  5.7186E+00  9.3718E-01  8.7468E+00  1.7726E+01  1.7395E+00  3.2973E-02  1.0000E+01
  5.0000E+00  5.7186E+00  9.3718E-01  8.7468E+00  1.7726E+01  1.7395E+00  3.2973E-02  1.0000E+01
  5.0000E+00  5.7186E+00  9.3718E-01  8.7468E+00  1.7726E+01  1.7395E+00  3.2973E-02  1.0000E+01
  5.0000E+00  5.7186E+00  9.3718E-01  8.7468E+00  1.7726E+01  1.7395E+00  3.2973E-02  1.0000E+01
  5.0000E+00  5.7186E+00  9.3718E-01  8.7468E+00  1.7726E+01  1.7395E+00  3.2973E-02  1.0000E+01
  5.0000E+00  5.7186E+00  9.3718E-01  8.7468E+00  1.7726E+01  1.7395E+00  3.2973E-02  1.0000E+01
  6.0000E+00  4.6023E+00  9.3718E-01  8.7468E+00  1.7726E+01  1.7395E+00  3.2973E-02  1.0000E+01
  6.0000E+00  4.6023E+00  9.3718E-01  8.7468E+00  1.7726E+01  1.7395E+00  3.2973E-02  1.0000E+01
  6.0000E+00  4.6023E+00  9.3718E-01  8.7468E+00  1.7726E+01  1.7395E+00  3.2973E-02  1.0000E+01
  6.0000E+00  4.6023E+00  9.3718E-01  8.7468E+00  1.7726E+01  1.7395E+00  3.2973E-02  1.0000E+01
  6.0000E+00  4.6023E+00  9.3718E-01  8.7468E+00  1.7726E+01  1.7395E+00  3.2973E-02  1.0000E+01
  6.0000E+00  4.6023E+00  9.3718E-01  8.7468E+00  1.7726E+01  1.7395E+00  3.2973E-02  1.0000E+01
  6.0000E+00  4.6023E+00  9.3718E-01  8.7468E+00  1.7726E+01  1.7395E+00  3.2973E-02  1.0000E+01
  6.0000E+00  4.6023E+00  9.3718E-01  8.7468E+00  1.7726E+01  1.7395E+00  3.2973E-02  1.0000E+01
  6.0000E+00  4.6023E+00  9.3718E-01  8.7468E+00  1.7726E+01  1.7395E+00  3.2973E-02  1.0000E+01
  6.0000E+00  4.6023E+00  9.3718E-01  8.7468E+00  1.7726E+01  1.7395E+00  3.2973E-02  1.0000E+01
  6.0000E+00  4.6023E+00  9.3718E-01  8.7468E+00  1.7726E+01  1.7395E+00  3.2973E-02  1.0000E+01
  6.0000E+00  4.6023E+00  9.3718E-01  8.7468E+00  1.7726E+01  1.7395E+00  3.2973E-02  1.0000E+01
  6.0000E+00  4.6023E+00  9.3718E-01  8.7468E+00  1.7726E+01  1.7395E+00  3.2973E-02  1.0000E+01
  7.0000E+00  2.2387E+00  9.3718E-01  8.7468E+00  1.7726E+01  1.7395E+00  4.3089E-03  1.2500E+02
  7.0000E+00  2.2387E+00  9.3718E-01  8.7468E+00  1.7726E+01  1.7395E+00  4.3089E-03  1.2500E+02
  7.0000E+00  2.2387E+00  9.3718E-01  8.7468E+00  1.7726E+01  1.7395E+00  4.3089E-03  1.2500E+02
  7.0000E+00  2.2387E+00  9.3718E-01  8.7468E+00  1.7726E+01  1.7395E+00  4.3089E-03  1.2500E+02
  7.0000E+00  2.2387E+00  9.3718E-01  8.7468E+00  1.7726E+01  1.7395E+00  4.3089E-03  1.2500E+02
  7.0000E+00  2.2387E+00  9.3718E-01  8.7468E+00  1.7726E+01  1.7395E+00  4.3089E-03  1.2500E+02
  7.0000E+00  2.2387E+00  9.3718E-01  8.7468E+00  1.7726E+01  1.7395E+00  4.3089E-03  1.2500E+02
  7.0000E+00  2.2387E+00  9.3718E-01  8.7468E+00  1.7726E+01  1.7395E+00  4.3089E-03  1.2500E+02
  8.0000E+00  2.2415E+00  9.3718E-01  8.7468E+00  1.7726E+01  1.7395E+00  4.3089E-03  1.2500E+02
  8.0000E+00  2.2415E+00  9.3718E-01  8.7468E+00  1.7726E+01  1.7395E+00  4.3089E-03  1.2500E+02
  8.0000E+00  2.2415E+00  9.3718E-01  8.7468E+00  1.7726E+01  1.7395E+00  4.3089E-03  1.2500E+02
  8.0000E+00  2.2415E+00  9.3718E-01  8.7468E+00  1.7726E+01  1.7395E+00  4.3089E-03  1.2500E+02
  8.0000E+00  2.2415E+00  9.3718E-01  8.7468E+00  1.7726E+01  1.7395E+00  4.3089E-03  1.2500E+02
  8.0000E+00  2.2415E+00  9.3718E-01  8.7468E+00  1.7726E+01  1.7395E+00  4.3089E-03  1.2500E+02
  8.0000E+00  2.2415E+00  9.3718E-01  8.7468E+00  1.7726E+01  1.7395E+00  4.3089E-03  1.2500E+02
  8.0000E+00  2.2415E+00  9.3718E-01  8.7468E+00  1.7726E+01  1.7395E+00  4.3089E-03  1.2500E+02
  9.0000E+00  1.8234E+00  9.3718E-01  8.7468E+00  1.7726E+01  1.7395E+00  4.3089E-03  1.2500E+02
  9.0000E+00  1.8234E+00  9.3718E-01  8.7468E+00  1.7726E+01  1.7395E+00  4.3089E-03  1.2500E+02
  9.0000E+00  1.8234E+00  9.3718E-01  8.7468E+00  1.7726E+01  1.7395E+00  4.3089E-03  1.2500E+02
  9.0000E+00  1.8234E+00  9.3718E-01  8.7468E+00  1.7726E+01  1.7395E+00  4.3089E-03  1.2500E+02
  9.0000E+00  1.8234E+00  9.3718E-01  8.7468E+00  1.7726E+01  1.7395E+00  4.3089E-03  1.2500E+02
  9.0000E+00  1.8234E+00  9.3718E-01  8.7468E+00  1.7726E+01  1.7395E+00  4.3089E-03  1.2500E+02
  9.0000E+00  1.8234E+00  9.3718E-01  8.7468E+00  1.7726E+01  1.7395E+00  4.3089E-03  1.2500E+02
  9.0000E+00  1.8234E+00  9.3718E-01  8.7468E+00  1.7726E+01  1.7395E+00  4.3089E-03  1.2500E+02
  1.0000E+01  1.1191E+00  9.3718E-01  8.7468E+00  1.7726E+01  1.7395E+00  2.2155E-03  2.5000E+02
  1.0000E+01  1.1191E+00  9.3718E-01  8.7468E+00  1.7726E+01  1.7395E+00  2.2155E-03  2.5000E+02
  1.0000E+01  1.1191E+00  9.3718E-01  8.7468E+00  1.7726E+01  1.7395E+00  2.2155E-03  2.5000E+02
  1.0000E+01  1.1191E+00  9.3718E-01  8.7468E+00  1.7726E+01  1.7395E+00  2.2155E-03  2.5000E+02
  1.0000E+01  1.1191E+00  9.3718E-01  8.7468E+00  1.7726E+01  1.7395E+00  2.2155E-03  2.5000E+02
  1.0000E+01  1.1191E+00  9.3718E-01  8.7468E+00  1.7726E+01  1.7395E+00  2.2155E-03  2.5000E+02
  1.0000E+01  1.1191E+00  9.3718E-01  8.7468E+00  1.7726E+01  1.7395E+00  2.2155E-03  2.5000E+02
  1.0000E+01  1.1191E+00  9.3718E-01  8.7468E+00  1.7726E+01  1.7395E+00  2.2155E-03  2.5000E+02
  1.1000E+01  2.2461E+00  9.3718E-01  8.7468E+00  1.7726E+01  1.7395E+00  2.2155E-03  2.5000E+02
  1.1000E+01  2.2461E+00  9.3718E-01  8.7468E+00  1.7726E+01  1.7395E+00  2.2155E-03  2.5000E+02
  1.1000E+01  2.2461E+00  9.3718E-01  8.7468E+00  1.7726E+01  1.7395E+00  2.2155E-03  2.5000E+02
  1.1000E+01  2.2461E+00  9.3718E-01  8.7468E+00  1.7726E+01  1.7395E+00  2.2155E-03  2.5000E+02
  1.1000E+01  2.2461E+00  9.3718E-01  8.7468E+00  1.7726E+01  1.7395E+00  2.2155E-03  2.5000E+02
  1.1000E+01  2.2461E+00  9.3718E-01  8.7468E+00  1.7726E+01  1.7395E+00  2.2155E-03  2.5000E+02
  1.1000E+01  2.2461E+00  9.3718E-01  8.7468E+00  1.7726E+01  1.7395E+00  2.2155E-03  2.5000E+02
  1.1000E+01  2.2461E+00  9.3718E-01  8.7468E+00  1.7726E+01  1.7395E+00  2.2155E-03  2.5000E+02
  1.2000E+01  1.9019E+00  9.3718E-01  8.7468E+00  1.7726E+01  1.7395E+00  2.2155E-03  2.5000E+02
  1.2000E+01  1.9019E+00  9.3718E-01  8.7468E+00  1.7726E+01  1.7395E+00  2.2155E-03  2.5000E+02
  1.2000E+01  1.9019E+00  9.3718E-01  8.7468E+00  1.7726E+01  1.7395E+00  2.2155E-03  2.5000E+02
  1.2000E+01  1.9019E+00  9.3718E-01  8.7468E+00  1.7726E+01  1.7395E+00  2.2155E-03  2.5000E+02
  1.2000E+01  1.9019E+00  9.3718E-01  8.7468E+00  1.7726E+01  1.7395E+00  2.2155E-03  2.5000E+02
  1.2000E+01  1.9019E+00  9.3718E-01  8.7468E+00  1.7726E+01  1.7395E+00  2.2155E-03  2.5000E+02
  1.2000E+01  1.9019E+00  9.3718E-01  8.7468E+00  1.7726E+01  1.7395E+00  2.2155E-03  2.5000E+02
  1.2000E+01  1.9019E+00  9.3718E-01  8.7468E+00  1.7726E+01  1.7395E+00  2.2155E-03  2.5000E+02
  1.3000E+01  7.6448E-01  9.3718E-01  8.7468E+00  1.7726E+01  1.7395E+00  1.1236E-03  5.0000E+02
  1.3000E+01  7.6448E-01  9.3718E-01  8.7468E+00  1.7726E+01  1.7395E+00  1.1236E-03  5.0000E+02
  1.3000E+01  7.6448E-01  9.3718E-01  8.7468E+00  1.7726E+01  1.7395E+00  1.1236E-03  5.0000E+02
  1.3000E+01  7.6448E-01  9.3718E-01  8.7468E+00  1.7726E+01  1.7395E+00  1.1236E-03  5.0000E+02
  1.3000E+01  7.6448E-01  9.3718E-01  8.7468E+00  1.7726E+01  1.7395E+00  1.1236E-03  5.0000E+02
  1.3000E+01  7.6448E-01  9.3718E-01  8.7468E+00  1.7726E+01  1.7395E+00  1.1236E-03  5.0000E+02
  1.3000E+01  7.6448E-01  9.3718E-01  8.7468E+00  1.7726E+01  1.7395E+00  1.1236E-03  5.0000E+02
  1.3000E+01  7.6448E-01  9.3718E-01  8.7468E+00  1.7726E+01  1.7395E+00  1.1236E-03  5.0000E+02
  1.4000E+01  2.1444E+00  9.3718E-01  8.7468E+00  1.7726E+01  1.7395E+00  1.1236E-03  5.0000E+02
  1.4000E+01  2.1444E+00  9.3718E-01  8.7468E+00  1.7726E+01  1.7395E+00  1.1236E-03  5.0000E+02
  1.4000E+01  2.1444E+00  9.3718E-01  8.7468E+00  1.7726E+01  1.7395E+00  1.1236E-03  5.0000E+02
  1.4000E+01  2.1444E+00  9.3718E-01  8.7468E+00  1.7726E+01  1.7395E+00  1.1236E-03  5.0000E+02
  1.4000E+01  2.1444E+00  9.3718E-01  8.7468E+00  1.7726E+01  1.7395E+00  1.1236E-03  5.0000E+02
  1.4000E+01  2.1444E+00  9.3718E-01  8.7468E+00  1.7726E+01  1.7395E+00  1.1236E-03  5.0000E+02
  1.4000E+01  2.1444E+00  9.3718E-01  8.7468E+00  1.7726E+01  1.7395E+00  1.1236E-03  5.0000E+02
  1.4000E+01  2.1444E+00  9.3718E-01  8.7468E+00  1.7726E+01  1.7395E+00  1.1236E-03  5.0000E+02
  1.5000E+01  6.9059E-01  9.3718E-01  8.7468E+00  1.7726E+01  1.7395E+00  1.1236E-03  5.0000E+02
  1.5000E+01  6.9059E-01  9.3718E-01  8.7468E+00  1.7726E+01  1.7395E+00  1.1236E-03  5.0000E+02
  1.5000E+01  6.9059E-01  9.3718E-01  8.7468E+00  1.7726E+01  1.7395E+00  1.1236E-03  5.0000E+02
  1.5000E+01  6.9059E-01  9.3718E-01  8.7468E+00  1.7726E+01  1.7395E+00  1.1236E-03  5.0000E+02
  1.5000E+01  6.9059E-01  9.3718E-01  8.7468E+00  1.7726E+01  1.7395E+00  1.1236E-03  5.0000E+02
  1.5000E+01  6.9059E-01  9.3718E-01  8.7468E+00  1.7726E+01  1.7395E+00  1.1236E-03  5.0000E+02
  1.5000E+01  6.9059E-01  9.3718E-01  8.7468E+00  1.7726E+01  1.7395E+00  1.1236E-03  5.0000E+02
  1.5000E+01  6.9059E-01  9.3718E-01  8.7468E+00  1.7726E+01  1.7395E+00  1.1236E-03  5.0000E+02
  1.6000E+01  2.2403E+00  9.3718E-01  8.7468E+00  1.7726E+01  1.7395E+00  4.3089E-03  1.2500E+02
  1.6000E+01  2.2403E+00  9.3718E-01  8.7468E+00  1.7726E+01  1.7395E+00  4.3089E-03  1.2500E+02
  1.6000E+01  2.2403E+00  9.3718E-01  8.7468E+00  1.7726E+01  1.7395E+00  4.3089E-03  1.2500E+02
  1.6000E+01  2.2403E+00  9.3718E-01  8.7468E+00  1.7726E+01  1.7395E+00  4.3089E-03  1.2500E+02
  1.6000E+01  2.2403E+00  9.3718E-01  8.7468E+00  1.7726E+01  1.7395E+00  4.3089E-03  1.2500E+02
  1.6000E+01  2.2403E+00  9.3718E-01  8.7468E+00  1.7726E+01  1.7395E+00  4.3089E-03  1.2500E+02
  1.6000E+01  2.2403E+00  9.3718E-01  8.7468E+00  1.7726E+01  1.7395E+00  4.3089E-03  1.2500E+02
  1.6000E+01  2.2403E+00  9.3718E-01  8.7468E+00  1.7726E+01  1.7395E+00  4.3089E-03  1.2500E+02
  1.7000E+01  2.2386E+00  9.3718E-01  8.7468E+00  1.7726E+01  1.7395E+00  4.3089E-03  1.2500E+02
  1.7000E+01  2.2386E+00  9.3718E-01  8.7468E+00  1.7726E+01  1.7395E+00  4.3089E-03  1.2500E+02
  1.7000E+01  2.2386E+00  9.3718E-01  8.7468E+00  1.7726E+01  1.7395E+00  4.3089E-03  1.2500E+02
  1.7000E+01  2.2386E+00  9.3718E-01  8.7468E+00  1.7726E+01  1.7395E+00  4.3089E-03  1.2500E+02
  1.7000E+01  2.2386E+00  9.3718E-01  8.7468E+00  1.7726E+01  1.7395E+00  4.3089E-03  1.2500E+02
  1.7000E+01  2.2386E+00  9.3718E-01  8.7468E+00  1.7726E+01  1.7395E+00  4.3089E-03  1.2500E+02
  1.7000E+01  2.2386E+00  9.3718E-01  8.7468E+00  1.7726E+01  1.7395E+00  4.3089E-03  1.2500E+02
  1.7000E+01  2.2386E+00  9.3718E-01  8.7468E+00  1.7726E+01  1.7395E+00  4.3089E-03  1.2500E+02
  1.8000E+01  2.2384E+00  9.3718E-01  8.7468E+00  1.7726E+01  1.7395E+00  4.3089E-03  1.2500E+02
  1.8000E+01  2.2384E+00  9.3718E-01  8.7468E+00  1.7726E+01  1.7395E+00  4.3089E-03  1.2500E+02
  1.8000E+01  2.2384E+00  9.3718E-01  8.7468E+00  1.7726E+01  1.7395E+00  4.3089E-03  1.2500E+02
  1.8000E+01  2.2384E+00  9.3718E-01  8.7468E+00  1.7726E+01  1.7395E+00  4.3089E-03  1.2500E+02
  1.8000E+01  2.2384E+00  9.3718E-01  8.7468E+00  1.7726E+01  1.7395E+00  4.3089E-03  1.2500E+02
  1.8000E+01  2.2384E+00  9.3718E-01  8.7468E+00  1.7726E+01  1.7395E+00  4.3089E-03  1.2500E+02
  1.8000E+01  2.2384E+00  9.3718E-01  8.7468E+00  1.7726E+01  1.7395E+00  4.3089E-03  1.2500E+02
  1.8000E+01  2.2384E+00  9.3718E-01  8.7468E+00  1.7726E+01  1.7395E+00  4.3089E-03  1.2500E+02
  1.9000E+01  2.2545E+00  9.3718E-01  8.7468E+00  1.7726E+01  1.7395E+00  2.2155E-03  2.5000E+02
  1.9000E+01  2.2545E+00  9.3718E-01  8.7468E+00  1.7726E+01  1.7395E+00  2.2155E-03  2.5000E+02
  1.9000E+01  2.2545E+00  9.3718E-01  8.7468E+00  1.7726E+01  1.7395E+00  2.2155E-03  2.5000E+02
  1.9000E+01  2.2545E+00  9.3718E-01  8.7468E+00  1.7726E+01  1.7395E+00  2.2155E-03  2.5000E+02
  1.9000E+01  2.2545E+00  9.3718E-01  8.7468E+00  1.7726E+01  1.7395E+00  2.2155E-03  2.5000E+02
  1.9000E+01  2.2545E+00  9.3718E-01  8.7468E+00  1.7726E+01  1.7395E+00  2.2155E-03  2.5000E+02
  1.9000E+01  2.2545E+00  9.3718E-01  8.7468E+00  1.7726E+01  1.7395E+00  2.2155E-03  2.5000E+02
  1.9000E+01  2.2545E+00  9.3718E-01  8.7468E+00  1.7726E+01  1.7395E+00  2.2155E-03  2.5000E+02
  2.0000E+01  2.2540E+00  9.3718E-01  8.7468E+00  1.7726E+01  1.7395E+00  2.2155E-03  2.5000E+02
  2.0000E+01  2.2540E+00  9.3718E-01  8.7468E+00  1.7726E+01  1.7395E+00  2.2155E-03  2.5000E+02
  2.0000E+01  2.2540E+00  9.3718E-01  8.7468E+00  1.7726E+01  1.7395E+00  2.2155E-03  2.5000E+02
  2.0000E+01  2.2540E+00  9.3718E-01  8.7468E+00  1.7726E+01  1.7395E+00  2.2155E-03  2.5000E+02
  2.0000E+01  2.2540E+00  9.3718E-01  8.7468E+00  1.7726E+01  1.7395E+00  2.2155E-03  2.5000E+02
  2.0000E+01  2.2540E+00  9.3718E-01  8.7468E+00  1.7726E+01  1.7395E+00  2.2155E-03  2.5000E+02
  2.0000E+01  2.2540E+00  9.3718E-01  8.7468E+00  1.7726E+01  1.7395E+00  2.2155E-03  2.5000E+02
  2.0000E+01  2.2540E+00  9.3718E-01  8.7468E+00  1.7726E+01  1.7395E+00  2.2155E-03  2.5000E+02
  2.1000E+01  2.2512E+00  9.3718E-01  8.7468E+00  1.7726E+01  1.7395E+00  2.2155E-03  2.5000E+02
  2.1000E+01  2.2512E+00  9.3718E-01  8.7468E+00  1.7726E+01  1.7395E+00  2.2155E-03  2.5000E+02
  2.1000E+01  2.2512E+00  9.3718E-01  8.7468E+00  1.7726E+01  1.7395E+00  2.2155E-03  2.5000E+02
  2.1000E+01  2.2512E+00  9.3718E-01  8.7468E+00  1.7726E+01  1.7395E+00  2.2155E-03  2.5000E+02
  2.1000E+01  2.2512E+00  9.3718E-01  8.7468E+00  1.7726E+01  1.7395E+00  2.2155E-03  2.5000E+02
  2.1000E+01  2.2512E+00  9.3718E-01  8.7468E+00  1.7726E+01  1.7395E+00  2.2155E-03  2.5000E+02
  2.1000E+01  2.2512E+00  9.3718E-01  8.7468E+00  1.7726E+01  1.7395E+00  2.2155E-03  2.5000E+02
  2.1000E+01  2.2512E+00  9.3718E-01  8.7468E+00  1.7726E+01  1.7395E+00  2.2155E-03  2.5000E+02
  2.2000E+01  1.9520E+00  9.3718E-01  8.7468E+00  1.7726E+01  1.7395E+00  1.1236E-03  5.0000E+02
  2.2000E+01  1.9520E+00  9.3718E-01  8.7468E+00  1.7726E+01  1.7395E+00  1.1236E-03  5.0000E+02
  2.2000E+01  1.9520E+00  9.3718E-01  8.7468E+00  1.7726E+01  1.7395E+00  1.1236E-03  5.0000E+02
  2.2000E+01  1.9520E+00  9.3718E-01  8.7468E+00  1.7726E+01  1.7395E+00  1.1236E-03  5.0000E+02
  2.2000E+01  1.9520E+00  9.3718E-01  8.7468E+00  1.7726E+01  1.7395E+00  1.1236E-03  5.0000E+02
  2.2000E+01  1.9520E+00  9.3718E-01  8.7468E+00  1.7726E+01  1.7395E+00  1.1236E-03  5.0000E+02
  2.2000E+01  1.9520E+00  9.3718E-01  8.7468E+00  1.7726E+01  1.7395E+00  1.1236E-03  5.0000E+02
  2.2000E+01  1.9520E+00  9.3718E-01  8.7468E+00  1.7726E+01  1.7395E+00  1.1236E-03  5.0000E+02
  2.3000E+01  2.2454E+00  9.3718E-01  8.7468E+00  1.7726E+01  1.7395E+00  1.1236E-03  5.0000E+02
  2.3000E+01  2.2454E+00  9.3718E-01  8.7468E+00  1.7726E+01  1.7395E+00  1.1236E-03  5.0000E+02
  2.3000E+01  2.2454E+00  9.3718E-01  8.7468E+00  1.7726E+01  1.7395E+00  1.1236E-03  5.0000E+02
  2.3000E+01  2.2454E+00  9.3718E-01  8.7468E+00  1.7726E+01  1.7395E+00  1.1236E-03  5.0000E+02
  2.3000E+01  2.2454E+00  9.3718E-01  8.7468E+00  1.7726E+01  1.7395E+00  1.1236E-03  5.0000E+02
  2.3000E+01  2.2454E+00  9.3718E-01  8.7468E+00  1.7726E+01  1.7395E+00  1.1236E-03  5.0000E+02
  2.3000E+01  2.2454E+00  9.3718E-01  8.7468E+00  1.7726E+01  1.7395E+00  1.1236E-03  5.0000E+02
  2.3000E+01  2.2454E+00  9.3718E-01  8.7468E+00  1.7726E+01  1.7395E+00  1.1236E-03  5.0000E+02
  2.4000E+01  9.6403E-01  9.3718E-01  8.7468E+00  1.7726E+01  1.7395E+00  1.1236E-03  5.0000E+02
  2.4000E+01  9.6403E-01  9.3718E-01  8.7468E+00  1.7726E+01  1.7395E+00  1.1236E-03  5.0000E+02
  2.4000E+01  9.6403E-01  9.3718E-01  8.7468E+00  1.7726E+01  1.7395E+00  1.1236E-03  5.0000E+02
  2.4000E+01  9.6403E-01  9.3718E-01  8.7468E+00  1.7726E+01  1.7395E+00  1.1236E-03  5.0000E+02
  2.4000E+01  9.6403E-01  9.3718E-01  8.7468E+00  1.7726E+01  1.7395E+00  1.1236E-03  5.0000E+02
  2.4000E+01  9.6403E-01  9.3718E-01  8.7468E+00  1.7726E+01  1.7395E+00  1.1236E-03  5.0000E+02
  2.4000E+01  9.6403E-01  9.3718E-01  8.7468E+00  1.7726E+01  1.7395E+00  1.1236E-03  5.0000E+02
  2.4000E+01  9.6403E-01  9.3718E-01  8.7468E+00  1.7726E+01  1.7395E+00  1.1236E-03  5.0000E+02
  2.5000E+01  8.6778E-01  9.3718E-01  8.7468E+00  1.7726E+01  1.7395E+00  4.3089E-03  1.2500E+02
  2.5000E+01  8.6778E-01  9.3718E-01  8.7468E+00  1.7726E+01  1.7395E+00  4.3089E-03  1.2500E+02
  2.5000E+01  8.6778E-01  9.3718E-01  8.7468E+00  1.7726E+01  1.7395E+00  4.3089E-03  1.2500E+02
  2.5000E+01  8.6778E-01  9.3718E-01  8.7468E+00  1.7726E+01  1.7395E+00  4.3089E-03  1.2500E+02
  2.5000E+01  8.6778E-01  9.3718E-01  8.7468E+00  1.7726E+01  1.7395E+00  4.3089E-03  1.2500E+02
  2.5000E+01  8.6778E-01  9.3718E-01  8.7468E+00  1.7726E+01  1.7395E+00  4.3089E-03  1.2500E+02
  2.5000E+01  8.6778E-01  9.3718E-01  8.7468E+00  1.7726E+01  1.7395E+00  4.3089E-03  1.2500E+02
  2.6000E+01  1.4914E+00  9.3718E-01  8.7468E+00  1.7726E+01  1.7395E+00  4.3089E-03  1.2500E+02
  2.6000E+01  1.4914E+00  9.3718E-01  8.7468E+00  1.7726E+01  1.7395E+00  4.3089E-03  1.2500E+02
  2.6000E+01  1.4914E+00  9.3718E-01  8.7468E+00  1.7726E+01  1.7395E+00  4.3089E-03  1.2500E+02
  2.6000E+01  1.4914E+00  9.3718E-01  8.7468E+00  1.7726E+01  1.7395E+00  4.3089E-03  1.2500E+02
  2.6000E+01  1.4914E+00  9.3718E-01  8.7468E+00  1.7726E+01  1.7395E+00  4.3089E-03  1.2500E+02
  2.6000E+01  1.4914E+00  9.3718E-01  8.7468E+00  1.7726E+01  1.7395E+00  4.3089E-03  1.2500E+02
  2.6000E+01  1.4914E+00  9.3718E-01  8.7468E+00  1.7726E+01  1.7395E+00  4.3089E-03  1.2500E+02
  2.7000E+01  6.1057E-01  9.3718E-01  8.7468E+00  1.7726E+01  1.7395E+00  4.3089E-03  1.2500E+02
  2.7000E+01  6.1057E-01  9.3718E-01  8.7468E+00  1.7726E+01  1.7395E+00  4.3089E-03  1.2500E+02
  2.7000E+01  6.1057E-01  9.3718E-01  8.7468E+00  1.7726E+01  1.7395E+00  4.3089E-03  1.2500E+02
  2.7000E+01  6.1057E-01  9.3718E-01  8.7468E+00  1.7726E+01  1.7395E+00  4.3089E-03  1.2500E+02
  2.7000E+01  6.1057E-01  9.3718E-01  8.7468E+00  1.7726E+01  1.7395E+00  4.3089E-03  1.2500E+02
  2.7000E+01  6.1057E-01  9.3718E-01  8.7468E+00  1.7726E+01  1.7395E+00  4.3089E-03  1.2500E+02
  2.7000E+01  6.1057E-01  9.3718E-01  8.7468E+00  1.7726E+01  1.7395E+00  4.3089E-03  1.2500E+02
  2.8000E+01  7.6881E-01  9.3718E-01  8.7468E+00  1.7726E+01  1.7395E+00  2.2155E-03  2.5000E+02
  2.8000E+01  7.6881E-01  9.3718E-01  8.7468E+00  1.7726E+01  1.7395E+00  2.2155E-03  2.5000E+02
  2.8000E+01  7.6881E-01  9.3718E-01  8.7468E+00  1.7726E+01  1.7395E+00  2.2155E-03  2.5000E+02
  2.8000E+01  7.6881E-01  9.3718E-01  8.7468E+00  1.7726E+01  1.7395E+00  2.2155E-03  2.5000E+02
  2.8000E+01  7.6881E-01  9.3718E-01  8.7468E+00  1.7726E+01  1.7395E+00  2.2155E-03  2.5000E+02
  2.8000E+01  7.6881E-01  9.3718E-01  8.7468E+00  1.7726E+01  1.7395E+00  2.2155E-03  2.5000E+02
  2.8000E+01  7.6881E-01  9.3718E-01  8.7468E+00  1.7726E+01  1.7395E+00  2.2155E-03  2.5000E+02
  2.9000E+01  7.4895E-01  9.3718E-01  8.7468E+00  1.7726E+01  1.7395E+00  2.2155E-03  2.5000E+02
  2.9000E+01  7.4895E-01  9.3718E-01  8.7468E+00  1.7726E+01  1.7395E+00  2.2155E-03  2.5000E+02
  2.9000E+01  7.4895E-01  9.3718E-01  8.7468E+00  1.7726E+01  1.7395E+00  2.2155E-03  2.5000E+02
  2.9000E+01  7.4895E-01  9.3718E-01  8.7468E+00  1.7726E+01  1.7395E+00  2.2155E-03  2.5000E+02
  2.9000E+01  7.4895E-01  9.3718E-01  8.7468E+00  1.7726E+01  1.7395E+00  2.2155E-03  2.5000E+02
  2.9000E+01  7.4895E-01  9.3718E-01  8.7468E+00  1.7726E+01  1.7395E+00  2.2155E-03  2.5000E+02
  2.9000E+01  7.4895E-01  9.3718E-01  8.7468E+00  1.7726E+01  1.7395E+00  2.2155E-03  2.5000E+02
  3.0000E+01  1.6957E+00  9.3718E-01  8.7468E+00  1.7726E+01  1.7395E+00  2.2155E-03  2.5000E+02
  3.0000E+01  1.6957E+00  9.3718E-01  8.7468E+00  1.7726E+01  1.7395E+00  2.2155E-03  2.5000E+02
  3.0000E+01  1.6957E+00  9.3718E-01  8.7468E+00  1.7726E+01  1.7395E+00  2.2155E-03  2.5000E+02
  3.0000E+01  1.6957E+00  9.3718E-01  8.7468E+00  1.7726E+01  1.7395E+00  2.2155E-03  2.5000E+02
  3.0000E+01  1.6957E+00  9.3718E-01  8.7468E+00  1.7726E+01  1.7395E+00  2.2155E-03  2.5000E+02
  3.0000E+01  1.6957E+00  9.3718E-01  8.7468E+00  1.7726E+01  1.7395E+00  2.2155E-03  2.5000E+02
  3.0000E+01  1.6957E+00  9.3718E-01  8.7468E+00  1.7726E+01  1.7395E+00  2.2155E-03  2.5000E+02
  3.1000E+01  3.8512E-01  9.3718E-01  8.7468E+00  1.7726E+01  1.7395E+00  1.1236E-03  5.0000E+02
  3.1000E+01  3.8512E-01  9.3718E-01  8.7468E+00  1.7726E+01  1.7395E+00  1.1236E-03  5.0000E+02
  3.1000E+01  3.8512E-01  9.3718E-01  8.7468E+00  1.7726E+01  1.7395E+00  1.1236E-03  5.0000E+02
  3.1000E+01  3.8512E-01  9.3718E-01  8.7468E+00  1.7726E+01  1.7395E+00  1.1236E-03  5.0000E+02
  3.1000E+01  3.8512E-01  9.3718E-01  8.7468E+00  1.7726E+01  1.7395E+00  1.1236E-03  5.0000E+02
  3.1000E+01  3.8512E-01  9.3718E-01  8.7468E+00  1.7726E+01  1.7395E+00  1.1236E-03  5.0000E+02
  3.1000E+01  3.8512E-01  9.3718E-01  8.7468E+00  1.7726E+01  1.7395E+00  1.1236E-03  5.0000E+02
  3.2000E+01  6.1102E-01  9.3718E-01  8.7468E+00  1.7726E+01  1.7395E+00  1.1236E-03  5.0000E+02
  3.2000E+01  6.1102E-01  9.3718E-01  8.7468E+00  1.7726E+01  1.7395E+00  1.1236E-03  5.0000E+02
  3.2000E+01  6.1102E-01  9.3718E-01  8.7468E+00  1.7726E+01  1.7395E+00  1.1236E-03  5.0000E+02
  3.2000E+01  6.1102E-01  9.3718E-01  8.7468E+00  1.7726E+01  1.7395E+00  1.1236E-03  5.0000E+02
  3.2000E+01  6.1102E-01  9.3718E-01  8.7468E+00  1.7726E+01  1.7395E+00  1.1236E-03  5.0000E+02
  3.2000E+01  6.1102E-01  9.3718E-01  8.7468E+00  1.7726E+01  1.7395E+00  1.1236E-03  5.0000E+02
  3.2000E+01  6.1102E-01  9.3718E-01  8.7468E+00  1.7726E+01  1.7395E+00  1.1236E-03  5.0000E+02
  3.3000E+01  6.0798E-01  9.3718E-01  8.7468E+00  1.7726E+01  1.7395E+00  1.1236E-03  5.0000E+02
  3.3000E+01  6.0798E-01  9.3718E-01  8.7468E+00  1.7726E+01  1.7395E+00  1.1236E-03  5.0000E+02
  3.3000E+01  6.0798E-01  9.3718E-01  8.7468E+00  1.7726E+01  1.7395E+00  1.1236E-03  5.0000E+02
  3.3000E+01  6.0798E-01  9.3718E-01  8.7468E+00  1.7726E+01  1.7395E+00  1.1236E-03  5.0000E+02
  3.3000E+01  6.0798E-01  9.3718E-01  8.7468E+00  1.7726E+01  1.7395E+00  1.1236E-03  5.0000E+02
  3.3000E+01  6.0798E-01  9.3718E-01  8.7468E+00  1.7726E+01  1.7395E+00  1.1236E-03  5.0000E+02
  3.3000E+01  6.0798E-01  9.3718E-01  8.7468E+00  1.7726E+01  1.7395E+00  1.1236E-03  5.0000E+02
  3.4000E+01  2.2354E+00  9.3718E-01  8.7468E+00  1.7726E+01  1.7395E+00  4.3089E-03  1.2500E+02
  3.4000E+01  2.2354E+00  9.3718E-01  8.7468E+00  1.7726E+01  1.7395E+00  4.3089E-03  1.2500E+02
  3.4000E+01  2.2354E+00  9.3718E-01  8.7468E+00  1.7726E+01  1.7395E+00  4.3089E-03  1.2500E+02
  3.4000E+01  2.2354E+00  9.3718E-01  8.7468E+00  1.7726E+01  1.7395E+00  4.3089E-03  1.2500E+02
  3.4000E+01  2.2354E+00  9.3718E-01  8.7468E+00  1.7726E+01  1.7395E+00  4.3089E-03  1.2500E+02
  3.4000E+01  2.2354E+00  9.3718E-01  8.7468E+00  1.7726E+01  1.7395E+00  4.3089E-03  1.2500E+02
  3.4000E+01  2.2354E+00  9.3718E-01  8.7468E+00  1.7726E+01  1.7395E+00  4.3089E-03  1.2500E+02
  3.5000E+01  2.2447E+00  9.3718E-01  8.7468E+00  1.7726E+01  1.7395E+00  4.3089E-03  1.2500E+02
  3.5000E+01  2.2447E+00  9.3718E-01  8.7468E+00  1.7726E+01  1.7395E+00  4.3089E-03  1.2500E+02
  3.5000E+01  2.2447E+00  9.3718E-01  8.7468E+00  1.7726E+01  1.7395E+00  4.3089E-03  1.2500E+02
  3.5000E+01  2.2447E+00  9.3718E-01  8.7468E+00  1.7726E+01  1.7395E+00  4.3089E-03  1.2500E+02
  3.5000E+01  2.2447E+00  9.3718E-01  8.7468E+00  1.7726E+01  1.7395E+00  4.3089E-03  1.2500E+02
  3.5000E+01  2.2447E+00  9.3718E-01  8.7468E+00  1.7726E+01  1.7395E+00  4.3089E-03  1.2500E+02
  3.5000E+01  2.2447E+00  9.3718E-01  8.7468E+00  1.7726E+01  1.7395E+00  4.3089E-03  1.2500E+02
  3.6000E+01  2.2457E+00  9.3718E-01  8.7468E+00  1.7726E+01  1.7395E+00  4.3089E-03  1.2500E+02
  3.6000E+01  2.2457E+00  9.3718E-01  8.7468E+00  1.7726E+01  1.7395E+00  4.3089E-03  1.2500E+02
  3.6000E+01  2.2457E+00  9.3718E-01  8.7468E+00  1.7726E+01  1.7395E+00  4.3089E-03  1.2500E+02
  3.6000E+01  2.2457E+00  9.3718E-01  8.7468E+00  1.7726E+01  1.7395E+00  4.3089E-03  1.2500E+02
  3.6000E+01  2.2457E+00  9.3718E-01  8.7468E+00  1.7726E+01  1.7395E+00  4.3089E-03  1.2500E+02
  3.6000E+01  2.2457E+00  9.3718E-01  8.7468E+00  1.7726E+01  1.7395E+00  4.3089E-03  1.2500E+02
  3.6000E+01  2.2457E+00  9.3718E-01  8.7468E+00  1.7726E+01  1.7395E+00  4.3089E-03  1.2500E+02
  3.7000E+01  2.0187E+00  9.3718E-01  8.7468E+00  1.7726E+01  1.7395E+00  2.2155E-03  2.5000E+02
  3.7000E+01  2.0187E+00  9.3718E-01  8.7468E+00  1.7726E+01  1.7395E+00  2.2155E-03  2.5000E+02
  3.7000E+01  2.0187E+00  9.3718E-01  8.7468E+00  1.7726E+01  1.7395E+00  2.2155E-03  2.5000E+02
  3.7000E+01  2.0187E+00  9.3718E-01  8.7468E+00  1.7726E+01  1.7395E+00  2.2155E-03  2.5000E+02
  3.7000E+01  2.0187E+00  9.3718E-01  8.7468E+00  1.7726E+01  1.7395E+00  2.2155E-03  2.5000E+02
  3.7000E+01  2.0187E+00  9.3718E-01  8.7468E+00  1.7726E+01  1.7395E+00  2.2155E-03  2.5000E+02
  3.7000E+01  2.0187E+00  9.3718E-01  8.7468E+00  1.7726E+01  1.7395E+00  2.2155E-03  2.5000E+02
  3.8000E+01  1.6974E+00  9.3718E-01  8.7468E+00  1.7726E+01  1.7395E+00  2.2155E-03  2.5000E+02
  3.8000E+01  1.6974E+00  9.3718E-01  8.7468E+00  1.7726E+01  1.7395E+00  2.2155E-03  2.5000E+02
  3.8000E+01  1.6974E+00  9.3718E-01  8.7468E+00  1.7726E+01  1.7395E+00  2.2155E-03  2.5000E+02
  3.8000E+01  1.6974E+00  9.3718E-01  8.7468E+00  1.7726E+01  1.7395E+00  2.2155E-03  2.5000E+02
  3.8000E+01  1.6974E+00  9.3718E-01  8.7468E+00  1.7726E+01  1.7395E+00  2.2155E-03  2.5000E+02
  3.8000E+01  1.6974E+00  9.3718E-01  8.7468E+00  1.7726E+01  1.7395E+00  2.2155E-03  2.5000E+02
  3.8000E+01  1.6974E+00  9.3718E-01  8.7468E+00  1.7726E+01  1.7395E+00  2.2155E-03  2.5000E+02
  3.9000E+01  1.7623E+00  9.3718E-01  8.7468E+00  1.7726E+01  1.7395E+00  2.2155E-03  2.5000E+02
  3.9000E+01  1.7623E+00  9.3718E-01  8.7468E+00  1.7726E+01  1.7395E+00  2.2155E-03  2.5000E+02
  3.9000E+01  1.7623E+00  9.3718E-01  8.7468E+00  1.7726E+01  1.7395E+00  2.2155E-03  2.5000E+02
  3.9000E+01  1.7623E+00  9.3718E-01  8.7468E+00  1.7726E+01  1.7395E+00  2.2155E-03  2.5000E+02
  3.9000E+01  1.7623E+00  9.3718E-01  8.7468E+00  1.7726E+01  1.7395E+00  2.2155E-03  2.5000E+02
  3.9000E+01  1.7623E+00  9.3718E-01  8.7468E+00  1.7726E+01  1.7395E+00  2.2155E-03  2.5000E+02
  3.9000E+01  1.7623E+00  9.3718E-01  8.7468E+00  1.7726E+01  1.7395E+00  2.2155E-03  2.5000E+02
  4.0000E+01  1.5677E+00  9.3718E-01  8.7468E+00  1.7726E+01  1.7395E+00  1.1236E-03  5.0000E+02
  4.0000E+01  1.5677E+00  9.3718E-01  8.7468E+00  1.7726E+01  1.7395E+00  1.1236E-03  5.0000E+02
  4.0000E+01  1.5677E+00  9.3718E-01  8.7468E+00  1.7726E+01  1.7395E+00  1.1236E-03  5.0000E+02
  4.0000E+01  1.5677E+00  9.3718E-01  8.7468E+00  1.7726E+01  1.7395E+00  1.1236E-03  5.0000E+02
  4.0000E+01  1.5677E+00  9.3718E-01  8.7468E+00  1.7726E+01  1.7395E+00  1.1236E-03  5.0000E+02
  4.0000E+01  1.5677E+00  9.3718E-01  8.7468E+00  1.7726E+01  1.7395E+00  1.1236E-03  5.0000E+02
  4.0000E+01  1.5677E+00  9.3718E-01  8.7468E+00  1.7726E+01  1.7395E+00  1.1236E-03  5.0000E+02
  4.1000E+01  2.0719E+00  9.3718E-01  8.7468E+00  1.7726E+01  1.7395E+00  1.1236E-03  5.0000E+02
  4.1000E+01  2.0719E+00  9.3718E-01  8.7468E+00  1.7726E+01  1.7395E+00  1.1236E-03  5.0000E+02
  4.1000E+01  2.0719E+00  9.3718E-01  8.7468E+00  1.7726E+01  1.7395E+00  1.1236E-03  5.0000E+02
  4.1000E+01  2.0719E+00  9.3718E-01  8.7468E+00  1.7726E+01  1.7395E+00  1.1236E-03  5.0000E+02
  4.1000E+01  2.0719E+00  9.3718E-01  8.7468E+00  1.7726E+01  1.7395E+00  1.1236E-03  5.0000E+02
  4.1000E+01  2.0719E+00  9.3718E-01  8.7468E+00  1.7726E+01  1.7395E+00  1.1236E-03  5.0000E+02
  4.1000E+01  2.0719E+00  9.3718E-01  8.7468E+00  1.7726E+01  1.7395E+00  1.1236E-03  5.0000E+02
  4.2000E+01  2.1904E+00  9.3718E-01  8.7468E+00  1.7726E+01  1.7395E+00  1.1236E-03  5.0000E+02
  4.2000E+01  2.1904E+00  9.3718E-01  8.7468E+00  1.7726E+01  1.7395E+00  1.1236E-03  5.0000E+02
  4.2000E+01  2.1904E+00  9.3718E-01  8.7468E+00  1.7726E+01  1.7395E+00  1.1236E-03  5.0000E+02
  4.2000E+01  2.1904E+00  9.3718E-01  8.7468E+00  1.7726E+01  1.7395E+00  1.1236E-03  5.0000E+02
  4.2000E+01  2.1904E+00  9.3718E-01  8.7468E+00  1.7726E+01  1.7395E+00  1.1236E-03  5.0000E+02
  4.2000E+01  2.1904E+00  9.3718E-01  8.7468E+00  1.7726E+01  1.7395E+00  1.1236E-03  5.0000E+02
  4.2000E+01  2.1904E+00  9.3718E-01  8.7468E+00  1.7726E+01  1.7395E+00  1.1236E-03  5.0000E+02
  4.3000E+01  1.3234E+00  9.3718E-01  8.7468E+00  1.7726E+01  1.7395E+00  1.8550E-03  3.0000E+02
  4.3000E+01  1.3234E+00  9.3718E-01  8.7468E+00  1.7726E+01  1.7395E+00  1.8550E-03  3.0000E+02
  4.3000E+01  1.3234E+00  9.3718E-01  8.7468E+00  1.7726E+01  1.7395E+00  1.8550E-03  3.0000E+02
  4.3000E+01  1.3234E+00  9.3718E-01  8.7468E+00  1.7726E+01  1.7395E+00  1.8550E-03  3.0000E+02
  4.3000E+01  1.3234E+00  9.3718E-01  8.7468E+00  1.7726E+01  1.7395E+00  1.8550E-03  3.0000E+02
  4.3000E+01  1.3234E+00  9.3718E-01  8.7468E+00  1.7726E+01  1.7395E+00  1.8550E-03  3.0000E+02
  4.3000E+01  1.3234E+00  9.3718E-01  8.7468E+00  1.7726E+01  1.7395E+00  1.8550E-03  3.0000E+02
  4.4000E+01  1.6742E+00  9.3718E-01  8.7468E+00  1.7726E+01  1.7395E+00  1.8550E-03  3.0000E+02
  4.4000E+01  1.6742E+00  9.3718E-01  8.7468E+00  1.7726E+01  1.7395E+00  1.8550E-03  3.0000E+02
  4.4000E+01  1.6742E+00  9.3718E-01  8.7468E+00  1.7726E+01  1.7395E+00  1.8550E-03  3.0000E+02
  4.4000E+01  1.6742E+00  9.3718E-01  8.7468E+00  1.7726E+01  1.7395E+00  1.8550E-03  3.0000E+02
  4.4000E+01  1.6742E+00  9.3718E-01  8.7468E+00  1.7726E+01  1.7395E+00  1.8550E-03  3.0000E+02
  4.4000E+01  1.6742E+00  9.3718E-01  8.7468E+00  1.7726E+01  1.7395E+00  1.8550E-03  3.0000E+02
  4.4000E+01  1.6742E+00  9.3718E-01  8.7468E+00  1.7726E+01  1.7395E+00  1.8550E-03  3.0000E+02
  4.5000E+01  2.5812E+00  9.3718E-01  8.7468E+00  1.7726E+01  1.7395E+00  1.8550E-03  3.0000E+02
  4.5000E+01  2.5812E+00  9.3718E-01  8.7468E+00  1.7726E+01  1.7395E+00  1.8550E-03  3.0000E+02
  4.5000E+01  2.5812E+00  9.3718E-01  8.7468E+00  1.7726E+01  1.7395E+00  1.8550E-03  3.0000E+02
  4.5000E+01  2.5812E+00  9.3718E-01  8.7468E+00  1.7726E+01  1.7395E+00  1.8550E-03  3.0000E+02
  4.5000E+01  2.5812E+00  9.3718E-01  8.7468E+00  1.7726E+01  1.7395E+00  1.8550E-03  3.0000E+02
  4.5000E+01  2.5812E+00  9.3718E-01  8.7468E+00  1.7726E+01  1.7395E+00  1.8550E-03  3.0000E+02
  4.5000E+01  2.5812E+00  9.3718E-01  8.7468E+00  1.7726E+01  1.7395E+00  1.8550E-03  3.0000E+02
  4.6000E+01  5.9984E-01  9.3718E-01  8.7468E+00  1.7726E+01  1.7395E+00  7.0608E-04  8.0000E+02
  4.6000E+01  5.9984E-01  9.3718E-01  8.7468E+00  1.7726E+01  1.7395E+00  7.0608E-04  8.0000E+02
  4.6000E+01  5.9984E-01  9.3718E-01  8.7468E+00  1.7726E+01  1.7395E+00  7.0608E-04  8.0000E+02
  4.6000E+01  5.9984E-01  9.3718E-01  8.7468E+00  1.7726E+01  1.7395E+00  7.0608E-04  8.0000E+02
  4.6000E+01  5.9984E-01  9.3718E-01  8.7468E+00  1.7726E+01  1.7395E+00  7.0608E-04  8.0000E+02
  4.6000E+01  5.9984E-01  9.3718E-01  8.7468E+00  1.7726E+01  1.7395E+00  7.0608E-04  8.0000E+02
  4.6000E+01  5.9984E-01  9.3718E-01  8.7468E+00  1.7726E+01  1.7395E+00  7.0608E-04  8.0000E+02
  4.7000E+01  1.2560E+00  9.3718E-01  8.7468E+00  1.7726E+01  1.7395E+00  7.0608E-04  8.0000E+02
  4.7000E+01  1.2560E+00  9.3718E-01  8.7468E+00  1.7726E+01  1.7395E+00  7.0608E-04  8.0000E+02
  4.7000E+01  1.2560E+00  9.3718E-01  8.7468E+00  1.7726E+01  1.7395E+00  7.0608E-04  8.0000E+02
  4.7000E+01  1.2560E+00  9.3718E-01  8.7468E+00  1.7726E+01  1.7395E+00  7.0608E-04  8.0000E+02
  4.7000E+01  1.2560E+00  9.3718E-01  8.7468E+00  1.7726E+01  1.7395E+00  7.0608E-04  8.0000E+02
  4.7000E+01  1.2560E+00  9.3718E-01  8.7468E+00  1.7726E+01  1.7395E+00  7.0608E-04  8.0000E+02
  4.7000E+01  1.2560E+00  9.3718E-01  8.7468E+00  1.7726E+01  1.7395E+00  7.0608E-04  8.0000E+02
  4.8000E+01  1.8984E+00  9.3718E-01  8.7468E+00  1.7726E+01  1.7395E+00  7.0608E-04  8.0000E+02
  4.8000E+01  1.8984E+00  9.3718E-01  8.7468E+00  1.7726E+01  1.7395E+00  7.0608E-04  8.0000E+02
  4.8000E+01  1.8984E+00  9.3718E-01  8.7468E+00  1.7726E+01  1.7395E+00  7.0608E-04  8.0000E+02
  4.8000E+01  1.8984E+00  9.3718E-01  8.7468E+00  1.7726E+01  1.7395E+00  7.0608E-04  8.0000E+02
  4.8000E+01  1.8984E+00  9.3718E-01  8.7468E+00  1.7726E+01  1.7395E+00  7.0608E-04  8.0000E+02
  4.8000E+01  1.8984E+00  9.3718E-01  8.7468E+00  1.7726E+01  1.7395E+00  7.0608E-04  8.0000E+02
  4.8000E+01  1.8984E+00  9.3718E-01  8.7468E+00  1.7726E+01  1.7395E+00  7.0608E-04  8.0000E+02
  4.9000E+01  1.7941E+00  9.3718E-01  8.7468E+00  1.7726E+01  1.7395E+00  3.7817E-04  1.5000E+03
  4.9000E+01  1.7941E+00  9.3718E-01  8.7468E+00  1.7726E+01  1.7395E+00  3.7817E-04  1.5000E+03
  4.9000E+01  1.7941E+00  9.3718E-01  8.7468E+00  1.7726E+01  1.7395E+00  3.7817E-04  1.5000E+03
  4.9000E+01  1.7941E+00  9.3718E-01  8.7468E+00  1.7726E+01  1.7395E+00  3.7817E-04  1.5000E+03
  4.9000E+01  1.7941E+00  9.3718E-01  8.7468E+00  1.7726E+01  1.7395E+00  3.7817E-04  1.5000E+03
  4.9000E+01  1.7941E+00  9.3718E-01  8.7468E+00  1.7726E+01  1.7395E+00  3.7817E-04  1.5000E+03
  4.9000E+01  1.7941E+00  9.3718E-01  8.7468E+00  1.7726E+01  1.7395E+00  3.7817E-04  1.5000E+03
  5.0000E+01  3.7063E-01  9.3718E-01  8.7468E+00  1.7726E+01  1.7395E+00  3.7817E-04  1.5000E+03
  5.0000E+01  3.7063E-01  9.3718E-01  8.7468E+00  1.7726E+01  1.7395E+00  3.7817E-04  1.5000E+03
  5.0000E+01  3.7063E-01  9.3718E-01  8.7468E+00  1.7726E+01  1.7395E+00  3.7817E-04  1.5000E+03
  5.0000E+01  3.7063E-01  9.3718E-01  8.7468E+00  1.7726E+01  1.7395E+00  3.7817E-04  1.5000E+03
  5.0000E+01  3.7063E-01  9.3718E-01  8.7468E+00  1.7726E+01  1.7395E+00  3.7817E-04  1.5000E+03
  5.0000E+01  3.7063E-01  9.3718E-01  8.7468E+00  1.7726E+01  1.7395E+00  3.7817E-04  1.5000E+03
  5.0000E+01  3.7063E-01  9.3718E-01  8.7468E+00  1.7726E+01  1.7395E+00  3.7817E-04  1.5000E+03
  5.1000E+01  6.4351E-01  9.3718E-01  8.7468E+00  1.7726E+01  1.7395E+00  3.7817E-04  1.5000E+03
  5.1000E+01  6.4351E-01  9.3718E-01  8.7468E+00  1.7726E+01  1.7395E+00  3.7817E-04  1.5000E+03
  5.1000E+01  6.4351E-01  9.3718E-01  8.7468E+00  1.7726E+01  1.7395E+00  3.7817E-04  1.5000E+03
  5.1000E+01  6.4351E-01  9.3718E-01  8.7468E+00  1.7726E+01  1.7395E+00  3.7817E-04  1.5000E+03
  5.1000E+01  6.4351E-01  9.3718E-01  8.7468E+00  1.7726E+01  1.7395E+00  3.7817E-04  1.5000E+03
  5.1000E+01  6.4351E-01  9.3718E-01  8.7468E+00  1.7726E+01  1.7395E+00  3.7817E-04  1.5000E+03
  5.2000E+01  2.6161E-01  9.3718E-01  8.7468E+00  1.7726E+01  1.7395E+00  1.8550E-03  3.0000E+02
  5.2000E+01  2.6161E-01  9.3718E-01  8.7468E+00  1.7726E+01  1.7395E+00  1.8550E-03  3.0000E+02
  5.2000E+01  2.6161E-01  9.3718E-01  8.7468E+00  1.7726E+01  1.7395E+00  1.8550E-03  3.0000E+02
  5.2000E+01  2.6161E-01  9.3718E-01  8.7468E+00  1.7726E+01  1.7395E+00  1.8550E-03  3.0000E+02
  5.2000E+01  2.6161E-01  9.3718E-01  8.7468E+00  1.7726E+01  1.7395E+00  1.8550E-03  3.0000E+02
  5.2000E+01  2.6161E-01  9.3718E-01  8.7468E+00  1.7726E+01  1.7395E+00  1.8550E-03  3.0000E+02
  5.2000E+01  2.6161E-01  9.3718E-01  8.7468E+00  1.7726E+01  1.7395E+00  1.8550E-03  3.0000E+02
  5.3000E+01  2.7838E+00  9.3718E-01  8.7468E+00  1.7726E+01  1.7395E+00  1.8550E-03  3.0000E+02
  5.3000E+01  2.7838E+00  9.3718E-01  8.7468E+00  1.7726E+01  1.7395E+00  1.8550E-03  3.0000E+02
  5.3000E+01  2.7838E+00  9.3718E-01  8.7468E+00  1.7726E+01  1.7395E+00  1.8550E-03  3.0000E+02
  5.3000E+01  2.7838E+00  9.3718E-01  8.7468E+00  1.7726E+01  1.7395E+00  1.8550E-03  3.0000E+02
  5.3000E+01  2.7838E+00  9.3718E-01  8.7468E+00  1.7726E+01  1.7395E+00  1.8550E-03  3.0000E+02
  5.3000E+01  2.7838E+00  9.3718E-01  8.7468E+00  1.7726E+01  1.7395E+00  1.8550E-03  3.0000E+02
  5.3000E+01  2.7838E+00  9.3718E-01  8.7468E+00  1.7726E+01  1.7395E+00  1.8550E-03  3.0000E+02
  5.4000E+01  3.0443E+00  9.3718E-01  8.7468E+00  1.7726E+01  1.7395E+00  1.8550E-03  3.0000E+02
  5.4000E+01  3.0443E+00  9.3718E-01  8.7468E+00  1.7726E+01  1.7395E+00  1.8550E-03  3.0000E+02
  5.4000E+01  3.0443E+00  9.3718E-01  8.7468E+00  1.7726E+01  1.7395E+00  1.8550E-03  3.0000E+02
  5.4000E+01  3.0443E+00  9.3718E-01  8.7468E+00  1.7726E+01  1.7395E+00  1.8550E-03  3.0000E+02
  5.4000E+01  3.0443E+00  9.3718E-01  8.7468E+00  1.7726E+01  1.7395E+00  1.8550E-03  3.0000E+02
  5.4000E+01  3.0443E+00  9.3718E-01  8.7468E+00  1.7726E+01  1.7395E+00  1.8550E-03  3.0000E+02
  5.4000E+01  3.0443E+00  9.3718E-01  8.7468E+00  1.7726E+01  1.7395E+00  1.8550E-03  3.0000E+02
  5.5000E+01  2.3917E+00  9.3718E-01  8.7468E+00  1.7726E+01  1.7395E+00  7.0608E-04  8.0000E+02
  5.5000E+01  2.3917E+00  9.3718E-01  8.7468E+00  1.7726E+01  1.7395E+00  7.0608E-04  8.0000E+02
  5.5000E+01  2.3917E+00  9.3718E-01  8.7468E+00  1.7726E+01  1.7395E+00  7.0608E-04  8.0000E+02
  5.5000E+01  2.3917E+00  9.3718E-01  8.7468E+00  1.7726E+01  1.7395E+00  7.0608E-04  8.0000E+02
  5.5000E+01  2.3917E+00  9.3718E-01  8.7468E+00  1.7726E+01  1.7395E+00  7.0608E-04  8.0000E+02
  5.5000E+01  2.3917E+00  9.3718E-01  8.7468E+00  1.7726E+01  1.7395E+00  7.0608E-04  8.0000E+02
  5.5000E+01  2.3917E+00  9.3718E-01  8.7468E+00  1.7726E+01  1.7395E+00  7.0608E-04  8.0000E+02
  5.6000E+01  4.8352E+00  9.3718E-01  8.7468E+00  1.7726E+01  1.7395E+00  7.0608E-04  8.0000E+02
  5.6000E+01  4.8352E+00  9.3718E-01  8.7468E+00  1.7726E+01  1.7395E+00  7.0608E-04  8.0000E+02
  5.6000E+01  4.8352E+00  9.3718E-01  8.7468E+00  1.7726E+01  1.7395E+00  7.0608E-04  8.0000E+02
  5.6000E+01  4.8352E+00  9.3718E-01  8.7468E+00  1.7726E+01  1.7395E+00  7.0608E-04  8.0000E+02
  5.6000E+01  4.8352E+00  9.3718E-01  8.7468E+00  1.7726E+01  1.7395E+00  7.0608E-04  8.0000E+02
  5.6000E+01  4.8352E+00  9.3718E-01  8.7468E+00  1.7726E+01  1.7395E+00  7.0608E-04  8.0000E+02
  5.6000E+01  4.8352E+00  9.3718E-01  8.7468E+00  1.7726E+01  1.7395E+00  7.0608E-04  8.0000E+02
  5.7000E+01  4.7748E+00  9.3718E-01  8.7468E+00  1.7726E+01  1.7395E+00  7.0608E-04  8.0000E+02
  5.7000E+01  4.7748E+00  9.3718E-01  8.7468E+00  1.7726E+01  1.7395E+00  7.0608E-04  8.0000E+02
  5.7000E+01  4.7748E+00  9.3718E-01  8.7468E+00  1.7726E+01  1.7395E+00  7.0608E-04  8.0000E+02
  5.7000E+01  4.7748E+00  9.3718E-01  8.7468E+00  1.7726E+01  1.7395E+00  7.0608E-04  8.0000E+02
  5.7000E+01  4.7748E+00  9.3718E-01  8.7468E+00  1.7726E+01  1.7395E+00  7.0608E-04  8.0000E+02
  5.7000E+01  4.7748E+00  9.3718E-01  8.7468E+00  1.7726E+01  1.7395E+00  7.0608E-04  8.0000E+02
  5.8000E+01  1.2662E+00  9.3718E-01  8.7468E+00  1.7726E+01  1.7395E+00  3.7817E-04  1.5000E+03
  5.8000E+01  1.2662E+00  9.3718E-01  8.7468E+00  1.7726E+01  1.7395E+00  3.7817E-04  1.5000E+03
  5.8000E+01  1.2662E+00  9.3718E-01  8.7468E+00  1.7726E+01  1.7395E+00  3.7817E-04  1.5000E+03
  5.8000E+01  1.2662E+00  9.3718E-01  8.7468E+00  1.7726E+01  1.7395E+00  3.7817E-04  1.5000E+03
  5.8000E+01  1.2662E+00  9.3718E-01  8.7468E+00  1.7726E+01  1.7395E+00  3.7817E-04  1.5000E+03
  5.8000E+01  1.2662E+00  9.3718E-01  8.7468E+00  1.7726E+01  1.7395E+00  3.7817E-04  1.5000E+03
  5.8000E+01  1.2662E+00  9.3718E-01  8.7468E+00  1.7726E+01  1.7395E+00  3.7817E-04  1.5000E+03
  5.9000E+01  1.9225E-01  9.3718E-01  8.7468E+00  1.7726E+01  1.7395E+00  3.7817E-04  1.5000E+03
  5.9000E+01  1.9225E-01  9.3718E-01  8.7468E+00  1.7726E+01  1.7395E+00  3.7817E-04  1.5000E+03
  5.9000E+01  1.9225E-01  9.3718E-01  8.7468E+00  1.7726E+01  1.7395E+00  3.7817E-04  1.5000E+03
  5.9000E+01  1.9225E-01  9.3718E-01  8.7468E+00  1.7726E+01  1.7395E+00  3.7817E-04  1.5000E+03
  5.9000E+01  1.9225E-01  9.3718E-01  8.7468E+00  1.7726E+01  1.7395E+00  3.7817E-04  1.5000E+03
  5.9000E+01  1.9225E-01  9.3718E-01  8.7468E+00  1.7726E+01  1.7395E+00  3.7817E-04  1.5000E+03
  5.9000E+01  1.9225E-01  9.3718E-01  8.7468E+00  1.7726E+01  1.7395E+00  3.7817E-04  1.5000E+03
  6.0000E+01  1.5032E+00  9.3718E-01  8.7468E+00  1.7726E+01  1.7395E+00  3.7817E-04  1.5000E+03
  6.0000E+01  1.5032E+00  9.3718E-01  8.7468E+00  1.7726E+01  1.7395E+00  3.7817E-04  1.5000E+03
  6.0000E+01  1.5032E+00  9.3718E-01  8.7468E+00  1.7726E+01  1.7395E+00  3.7817E-04  1.5000E+03
  6.0000E+01  1.5032E+00  9.3718E-01  8.7468E+00  1.7726E+01  1.7395E+00  3.7817E-04  1.5000E+03
  6.0000E+01  1.5032E+00  9.3718E-01  8.7468E+00  1.7726E+01  1.7395E+00  3.7817E-04  1.5000E+03
  6.0000E+01  1.5032E+00  9.3718E-01  8.7468E+00  1.7726E+01  1.7395E+00  3.7817E-04  1.5000E+03
  6.0000E+01  1.5032E+00  9.3718E-01  8.7468E+00  1.7726E+01  1.7395E+00  3.7817E-04  1.5000E+03
  6.1000E+01  1.0893E+00  9.3718E-01  8.7468E+00  1.7726E+01  1.7395E+00  1.8550E-03  3.0000E+02
  6.1000E+01  1.0893E+00  9.3718E-01  8.7468E+00  1.7726E+01  1.7395E+00  1.8550E-03  3.0000E+02
  6.1000E+01  1.0893E+00  9.3718E-01  8.7468E+00  1.7726E+01  1.7395E+00  1.8550E-03  3.0000E+02
  6.1000E+01  1.0893E+00  9.3718E-01  8.7468E+00  1.7726E+01  1.7395E+00  1.8550E-03  3.0000E+02
  6.1000E+01  1.0893E+00  9.3718E-01  8.7468E+00  1.7726E+01  1.7395E+00  1.8550E-03  3.0000E+02
  6.1000E+01  1.0893E+00  9.3718E-01  8.7468E+00  1.7726E+01  1.7395E+00  1.8550E-03  3.0000E+02
  6.2000E+01  2.2950E+00  9.3718E-01  8.7468E+00  1.7726E+01  1.7395E+00  1.8550E-03  3.0000E+02
  6.2000E+01  2.2950E+00  9.3718E-01  8.7468E+00  1.7726E+01  1.7395E+00  1.8550E-03  3.0000E+02
  6.2000E+01  2.2950E+00  9.3718E-01  8.7468E+00  1.7726E+01  1.7395E+00  1.8550E-03  3.0000E+02
  6.2000E+01  2.2950E+00  9.3718E-01  8.7468E+00  1.7726E+01  1.7395E+00  1.8550E-03  3.0000E+02
  6.2000E+01  2.2950E+00  9.3718E-01  8.7468E+00  1.7726E+01  1.7395E+00  1.8550E-03  3.0000E+02
  6.2000E+01  2.2950E+00  9.3718E-01  8.7468E+00  1.7726E+01  1.7395E+00  1.8550E-03  3.0000E+02
  6.3000E+01  8.4887E-01  9.3718E-01  8.7468E+00  1.7726E+01  1.7395E+00  1.8550E-03  3.0000E+02
  6.3000E+01  8.4887E-01  9.3718E-01  8.7468E+00  1.7726E+01  1.7395E+00  1.8550E-03  3.0000E+02
  6.3000E+01  8.4887E-01  9.3718E-01  8.7468E+00  1.7726E+01  1.7395E+00  1.8550E-03  3.0000E+02
  6.3000E+01  8.4887E-01  9.3718E-01  8.7468E+00  1.7726E+01  1.7395E+00  1.8550E-03  3.0000E+02
  6.3000E+01  8.4887E-01  9.3718E-01  8.7468E+00  1.7726E+01  1.7395E+00  1.8550E-03  3.0000E+02
  6.3000E+01  8.4887E-01  9.3718E-01  8.7468E+00  1.7726E+01  1.7395E+00  1.8550E-03  3.0000E+02
  6.4000E+01  3.9401E-01  9.3718E-01  8.7468E+00  1.7726E+01  1.7395E+00  7.0608E-04  8.0000E+02
  6.4000E+01  3.9401E-01  9.3718E-01  8.7468E+00  1.7726E+01  1.7395E+00  7.0608E-04  8.0000E+02
  6.4000E+01  3.9401E-01  9.3718E-01  8.7468E+00  1.7726E+01  1.7395E+00  7.0608E-04  8.0000E+02
  6.4000E+01  3.9401E-01  9.3718E-01  8.7468E+00  1.7726E+01  1.7395E+00  7.0608E-04  8.0000E+02
  6.4000E+01  3.9401E-01  9.3718E-01  8.7468E+00  1.7726E+01  1.7395E+00  7.0608E-04  8.0000E+02
  6.4000E+01  3.9401E-01  9.3718E-01  8.7468E+00  1.7726E+01  1.7395E+00  7.0608E-04  8.0000E+02
  6.5000E+01  7.6128E-01  9.3718E-01  8.7468E+00  1.7726E+01  1.7395E+00  7.0608E-04  8.0000E+02
  6.5000E+01  7.6128E-01  9.3718E-01  8.7468E+00  1.7726E+01  1.7395E+00  7.0608E-04  8.0000E+02
  6.5000E+01  7.6128E-01  9.3718E-01  8.7468E+00  1.7726E+01  1.7395E+00  7.0608E-04  8.0000E+02
  6.5000E+01  7.6128E-01  9.3718E-01  8.7468E+00  1.7726E+01  1.7395E+00  7.0608E-04  8.0000E+02
  6.5000E+01  7.6128E-01  9.3718E-01  8.7468E+00  1.7726E+01  1.7395E+00  7.0608E-04  8.0000E+02
  6.5000E+01  7.6128E-01  9.3718E-01  8.7468E+00  1.7726E+01  1.7395E+00  7.0608E-04  8.0000E+02
  6.6000E+01  9.5664E-01  9.3718E-01  8.7468E+00  1.7726E+01  1.7395E+00  7.0608E-04  8.0000E+02
  6.6000E+01  9.5664E-01  9.3718E-01  8.7468E+00  1.7726E+01  1.7395E+00  7.0608E-04  8.0000E+02
  6.6000E+01  9.5664E-01  9.3718E-01  8.7468E+00  1.7726E+01  1.7395E+00  7.0608E-04  8.0000E+02
  6.6000E+01  9.5664E-01  9.3718E-01  8.7468E+00  1.7726E+01  1.7395E+00  7.0608E-04  8.0000E+02
  6.6000E+01  9.5664E-01  9.3718E-01  8.7468E+00  1.7726E+01  1.7395E+00  7.0608E-04  8.0000E+02
  6.6000E+01  9.5664E-01  9.3718E-01  8.7468E+00  1.7726E+01  1.7395E+00  7.0608E-04  8.0000E+02
  6.7000E+01  6.0340E-01  9.3718E-01  8.7468E+00  1.7726E+01  1.7395E+00  3.7817E-04  1.5000E+03
  6.7000E+01  6.0340E-01  9.3718E-01  8.7468E+00  1.7726E+01  1.7395E+00  3.7817E-04  1.5000E+03
  6.7000E+01  6.0340E-01  9.3718E-01  8.7468E+00  1.7726E+01  1.7395E+00  3.7817E-04  1.5000E+03
  6.7000E+01  6.0340E-01  9.3718E-01  8.7468E+00  1.7726E+01  1.7395E+00  3.7817E-04  1.5000E+03
  6.7000E+01  6.0340E-01  9.3718E-01  8.7468E+00  1.7726E+01  1.7395E+00  3.7817E-04  1.5000E+03
  6.7000E+01  6.0340E-01  9.3718E-01  8.7468E+00  1.7726E+01  1.7395E+00  3.7817E-04  1.5000E+03
  6.8000E+01  5.9676E-01  9.3718E-01  8.7468E+00  1.7726E+01  1.7395E+00  3.7817E-04  1.5000E+03
  6.8000E+01  5.9676E-01  9.3718E-01  8.7468E+00  1.7726E+01  1.7395E+00  3.7817E-04  1.5000E+03
  6.8000E+01  5.9676E-01  9.3718E-01  8.7468E+00  1.7726E+01  1.7395E+00  3.7817E-04  1.5000E+03
  6.8000E+01  5.9676E-01  9.3718E-01  8.7468E+00  1.7726E+01  1.7395E+00  3.7817E-04  1.5000E+03
  6.8000E+01  5.9676E-01  9.3718E-01  8.7468E+00  1.7726E+01  1.7395E+00  3.7817E-04  1.5000E+03
  6.8000E+01  5.9676E-01  9.3718E-01  8.7468E+00  1.7726E+01  1.7395E+00  3.7817E-04  1.5000E+03
  6.9000E+01  4.0351E-01  9.3718E-01  8.7468E+00  1.7726E+01  1.7395E+00  3.7817E-04  1.5000E+03
  6.9000E+01  4.0351E-01  9.3718E-01  8.7468E+00  1.7726E+01  1.7395E+00  3.7817E-04  1.5000E+03
  6.9000E+01  4.0351E-01  9.3718E-01  8.7468E+00  1.7726E+01  1.7395E+00  3.7817E-04  1.5000E+03
  6.9000E+01  4.0351E-01  9.3718E-01  8.7468E+00  1.7726E+01  1.7395E+00  3.7817E-04  1.5000E+03
  6.9000E+01  4.0351E-01  9.3718E-01  8.7468E+00  1.7726E+01  1.7395E+00  3.7817E-04  1.5000E+03
  6.9000E+01  4.0351E-01  9.3718E-01  8.7468E+00  1.7726E+01  1.7395E+00  3.7817E-04  1.5000E+03
  7.0000E+01  4.5077E+00  9.3718E-01  8.7468E+00  1.7726E+01  1.7395E+00  1.8550E-03  3.0000E+02
  7.0000E+01  4.5077E+00  9.3718E-01  8.7468E+00  1.7726E+01  1.7395E+00  1.8550E-03  3.0000E+02
  7.0000E+01  4.5077E+00  9.3718E-01  8.7468E+00  1.7726E+01  1.7395E+00  1.8550E-03  3.0000E+02
  7.0000E+01  4.5077E+00  9.3718E-01  8.7468E+00  1.7726E+01  1.7395E+00  1.8550E-03  3.0000E+02
  7.0000E+01  4.5077E+00  9.3718E-01  8.7468E+00  1.7726E+01  1.7395E+00  1.8550E-03  3.0000E+02
  7.0000E+01  4.5077E+00  9.3718E-01  8.7468E+00  1.7726E+01  1.7395E+00  1.8550E-03  3.0000E+02
  7.1000E+01  1.0330E+00  9.3718E-01  8.7468E+00  1.7726E+01  1.7395E+00  1.8550E-03  3.0000E+02
  7.1000E+01  1.0330E+00  9.3718E-01  8.7468E+00  1.7726E+01  1.7395E+00  1.8550E-03  3.0000E+02
  7.1000E+01  1.0330E+00  9.3718E-01  8.7468E+00  1.7726E+01  1.7395E+00  1.8550E-03  3.0000E+02
  7.1000E+01  1.0330E+00  9.3718E-01  8.7468E+00  1.7726E+01  1.7395E+00  1.8550E-03  3.0000E+02
  7.1000E+01  1.0330E+00  9.3718E-01  8.7468E+00  1.7726E+01  1.7395E+00  1.8550E-03  3.0000E+02
  7.1000E+01  1.0330E+00  9.3718E-01  8.7468E+00  1.7726E+01  1.7395E+00  1.8550E-03  3.0000E+02
  7.2000E+01  2.8347E+00  9.3718E-01  8.7468E+00  1.7726E+01  1.7395E+00  1.8550E-03  3.0000E+02
  7.2000E+01  2.8347E+00  9.3718E-01  8.7468E+00  1.7726E+01  1.7395E+00  1.8550E-03  3.0000E+02
  7.2000E+01  2.8347E+00  9.3718E-01  8.7468E+00  1.7726E+01  1.7395E+00  1.8550E-03  3.0000E+02
  7.2000E+01  2.8347E+00  9.3718E-01  8.7468E+00  1.7726E+01  1.7395E+00  1.8550E-03  3.0000E+02
  7.2000E+01  2.8347E+00  9.3718E-01  8.7468E+00  1.7726E+01  1.7395E+00  1.8550E-03  3.0000E+02
  7.2000E+01  2.8347E+00  9.3718E-01  8.7468E+00  1.7726E+01  1.7395E+00  1.8550E-03  3.0000E+02
  7.3000E+01  2.8031E-01  9.3718E-01  8.7468E+00  1.7726E+01  1.7395E+00  7.0608E-04  8.0000E+02
  7.3000E+01  2.8031E-01  9.3718E-01  8.7468E+00  1.7726E+01  1.7395E+00  7.0608E-04  8.0000E+02
  7.3000E+01  2.8031E-01  9.3718E-01  8.7468E+00  1.7726E+01  1.7395E+00  7.0608E-04  8.0000E+02
  7.3000E+01  2.8031E-01  9.3718E-01  8.7468E+00  1.7726E+01  1.7395E+00  7.0608E-04  8.0000E+02
  7.3000E+01  2.8031E-01  9.3718E-01  8.7468E+00  1.7726E+01  1.7395E+00  7.0608E-04  8.0000E+02
  7.3000E+01  2.8031E-01  9.3718E-01  8.7468E+00  1.7726E+01  1.7395E+00  7.0608E-04  8.0000E+02
  7.4000E+01  1.4526E+00  9.3718E-01  8.7468E+00  1.7726E+01  1.7395E+00  7.0608E-04  8.0000E+02
  7.4000E+01  1.4526E+00  9.3718E-01  8.7468E+00  1.7726E+01  1.7395E+00  7.0608E-04  8.0000E+02
  7.4000E+01  1.4526E+00  9.3718E-01  8.7468E+00  1.7726E+01  1.7395E+00  7.0608E-04  8.0000E+02
  7.4000E+01  1.4526E+00  9.3718E-01  8.7468E+00  1.7726E+01  1.7395E+00  7.0608E-04  8.0000E+02
  7.4000E+01  1.4526E+00  9.3718E-01  8.7468E+00  1.7726E+01  1.7395E+00  7.0608E-04  8.0000E+02
  7.4000E+01  1.4526E+00  9.3718E-01  8.7468E+00  1.7726E+01  1.7395E+00  7.0608E-04  8.0000E+02
  7.5000E+01  1.8296E+00  9.3718E-01  8.7468E+00  1.7726E+01  1.7395E+00  7.0608E-04  8.0000E+02
  7.5000E+01  1.8296E+00  9.3718E-01  8.7468E+00  1.7726E+01  1.7395E+00  7.0608E-04  8.0000E+02
  7.5000E+01  1.8296E+00  9.3718E-01  8.7468E+00  1.7726E+01  1.7395E+00  7.0608E-04  8.0000E+02
  7.5000E+01  1.8296E+00  9.3718E-01  8.7468E+00  1.7726E+01  1.7395E+00  7.0608E-04  8.0000E+02
  7.5000E+01  1.8296E+00  9.3718E-01  8.7468E+00  1.7726E+01  1.7395E+00  7.0608E-04  8.0000E+02
  7.5000E+01  1.8296E+00  9.3718E-01  8.7468E+00  1.7726E+01  1.7395E+00  7.0608E-04  8.0000E+02
  7.6000E+01  3.9662E+00  9.3718E-01  8.7468E+00  1.7726E+01  1.7395E+00  3.7817E-04  1.5000E+03
  7.6000E+01  3.9662E+00  9.3718E-01  8.7468E+00  1.7726E+01  1.7395E+00  3.7817E-04  1.5000E+03
  7.6000E+01  3.9662E+00  9.3718E-01  8.7468E+00  1.7726E+01  1.7395E+00  3.7817E-04  1.5000E+03
  7.6000E+01  3.9662E+00  9.3718E-01  8.7468E+00  1.7726E+01  1.7395E+00  3.7817E-04  1.5000E+03
  7.6000E+01  3.9662E+00  9.3718E-01  8.7468E+00  1.7726E+01  1.7395E+00  3.7817E-04  1.5000E+03
  7.6000E+01  3.9662E+00  9.3718E-01  8.7468E+00  1.7726E+01  1.7395E+00  3.7817E-04  1.5000E+03
  7.7000E+01  6.9404E-01  9.3718E-01  8.7468E+00  1.7726E+01  1.7395E+00  3.7817E-04  1.5000E+03
  7.7000E+01  6.9404E-01  9.3718E-01  8.7468E+00  1.7726E+01  1.7395E+00  3.7817E-04  1.5000E+03
  7.7000E+01  6.9404E-01  9.3718E-01  8.7468E+00  1.7726E+01  1.7395E+00  3.7817E-04  1.5000E+03
  7.7000E+01  6.9404E-01  9.3718E-01  8.7468E+00  1.7726E+01  1.7395E+00  3.7817E-04  1.5000E+03
  7.7000E+01  6.9404E-01  9.3718E-01  8.7468E+00  1.7726E+01  1.7395E+00  3.7817E-04  1.5000E+03
  7.7000E+01  6.9404E-01  9.3718E-01  8.7468E+00  1.7726E+01  1.7395E+00  3.7817E-04  1.5000E+03
  7.8000E+01  1.5343E+00  9.3718E-01  8.7468E+00  1.7726E+01  1.7395E+00  3.7817E-04  1.5000E+03
  7.8000E+01  1.5343E+00  9.3718E-01  8.7468E+00  1.7726E+01  1.7395E+00  3.7817E-04  1.5000E+03
  7.8000E+01  1.5343E+00  9.3718E-01  8.7468E+00  1.7726E+01  1.7395E+00  3.7817E-04  1.5000E+03
  7.8000E+01  1.5343E+00  9.3718E-01  8.7468E+00  1.7726E+01  1.7395E+00  3.7817E-04  1.5000E+03
  7.8000E+01  1.5343E+00  9.3718E-01  8.7468E+00  1.7726E+01  1.7395E+00  3.7817E-04  1.5000E+03
  7.8000E+01  1.5343E+00  9.3718E-01  8.7468E+00  1.7726E+01  1.7395E+00  3.7817E-04  1.5000E+03
