TABLE NO.  2
 ID          CL          V2          V3          Q           KA          F1
  1.0000E+00  5.1938E+00  1.5155E+00  1.3582E+02  7.0602E-01  1.2971E-01  5.6290E-03
  1.0000E+00  5.1938E+00  1.5155E+00  1.3582E+02  7.0602E-01  1.2971E-01  5.6290E-03
  1.0000E+00  5.1938E+00  1.5155E+00  1.3582E+02  7.0602E-01  1.2971E-01  5.6290E-03
  1.0000E+00  5.1938E+00  1.5155E+00  1.3582E+02  7.0602E-01  1.2971E-01  5.6290E-03
  1.0000E+00  5.1938E+00  1.5155E+00  1.3582E+02  7.0602E-01  1.2971E-01  5.6290E-03
  1.0000E+00  5.1938E+00  1.5155E+00  1.3582E+02  7.0602E-01  1.2971E-01  5.6290E-03
  1.0000E+00  5.1938E+00  1.5155E+00  1.3582E+02  7.0602E-01  1.2971E-01  5.6290E-03
  1.0000E+00  5.1938E+00  1.5155E+00  1.3582E+02  7.0602E-01  1.2971E-01  5.6290E-03
  1.0000E+00  5.1938E+00  1.5155E+00  1.3582E+02  7.0602E-01  1.2971E-01  5.6290E-03
  1.0000E+00  5.1938E+00  1.5155E+00  1.3582E+02  7.0602E-01  1.2971E-01  5.6290E-03
  1.0000E+00  5.1938E+00  1.5155E+00  1.3582E+02  7.0602E-01  1.2971E-01  5.6290E-03
  1.0000E+00  5.1938E+00  1.5155E+00  1.3582E+02  7.0602E-01  1.2971E-01  5.6290E-03
  2.0000E+00  5.1938E+00  1.5155E+00  1.3582E+02  7.0602E-01  1.2971E-01  5.6290E-03
  2.0000E+00  5.1938E+00  1.5155E+00  1.3582E+02  7.0602E-01  1.2971E-01  5.6290E-03
  2.0000E+00  5.1938E+00  1.5155E+00  1.3582E+02  7.0602E-01  1.2971E-01  5.6290E-03
  2.0000E+00  5.1938E+00  1.5155E+00  1.3582E+02  7.0602E-01  1.2971E-01  5.6290E-03
  2.0000E+00  5.1938E+00  1.5155E+00  1.3582E+02  7.0602E-01  1.2971E-01  5.6290E-03
  2.0000E+00  5.1938E+00  1.5155E+00  1.3582E+02  7.0602E-01  1.2971E-01  5.6290E-03
  2.0000E+00  5.1938E+00  1.5155E+00  1.3582E+02  7.0602E-01  1.2971E-01  5.6290E-03
  2.0000E+00  5.1938E+00  1.5155E+00  1.3582E+02  7.0602E-01  1.2971E-01  5.6290E-03
  2.0000E+00  5.1938E+00  1.5155E+00  1.3582E+02  7.0602E-01  1.2971E-01  5.6290E-03
  2.0000E+00  5.1938E+00  1.5155E+00  1.3582E+02  7.0602E-01  1.2971E-01  5.6290E-03
  2.0000E+00  5.1938E+00  1.5155E+00  1.3582E+02  7.0602E-01  1.2971E-01  5.6290E-03
  2.0000E+00  5.1938E+00  1.5155E+00  1.3582E+02  7.0602E-01  1.2971E-01  5.6290E-03
  3.0000E+00  5.1938E+00  1.5155E+00  1.3582E+02  7.0602E-01  1.2971E-01  5.6290E-03
  3.0000E+00  5.1938E+00  1.5155E+00  1.3582E+02  7.0602E-01  1.2971E-01  5.6290E-03
  3.0000E+00  5.1938E+00  1.5155E+00  1.3582E+02  7.0602E-01  1.2971E-01  5.6290E-03
  3.0000E+00  5.1938E+00  1.5155E+00  1.3582E+02  7.0602E-01  1.2971E-01  5.6290E-03
  3.0000E+00  5.1938E+00  1.5155E+00  1.3582E+02  7.0602E-01  1.2971E-01  5.6290E-03
  3.0000E+00  5.1938E+00  1.5155E+00  1.3582E+02  7.0602E-01  1.2971E-01  5.6290E-03
  3.0000E+00  5.1938E+00  1.5155E+00  1.3582E+02  7.0602E-01  1.2971E-01  5.6290E-03
  3.0000E+00  5.1938E+00  1.5155E+00  1.3582E+02  7.0602E-01  1.2971E-01  5.6290E-03
  3.0000E+00  5.1938E+00  1.5155E+00  1.3582E+02  7.0602E-01  1.2971E-01  5.6290E-03
  3.0000E+00  5.1938E+00  1.5155E+00  1.3582E+02  7.0602E-01  1.2971E-01  5.6290E-03
  3.0000E+00  5.1938E+00  1.5155E+00  1.3582E+02  7.0602E-01  1.2971E-01  5.6290E-03
  3.0000E+00  5.1938E+00  1.5155E+00  1.3582E+02  7.0602E-01  1.2971E-01  5.6290E-03
  4.0000E+00  5.1938E+00  1.5155E+00  1.3582E+02  7.0602E-01  1.2971E-01  2.6759E-01
  4.0000E+00  5.1938E+00  1.5155E+00  1.3582E+02  7.0602E-01  1.2971E-01  2.6759E-01
  4.0000E+00  5.1938E+00  1.5155E+00  1.3582E+02  7.0602E-01  1.2971E-01  2.6759E-01
  4.0000E+00  5.1938E+00  1.5155E+00  1.3582E+02  7.0602E-01  1.2971E-01  2.6759E-01
  4.0000E+00  5.1938E+00  1.5155E+00  1.3582E+02  7.0602E-01  1.2971E-01  2.6759E-01
  4.0000E+00  5.1938E+00  1.5155E+00  1.3582E+02  7.0602E-01  1.2971E-01  2.6759E-01
  4.0000E+00  5.1938E+00  1.5155E+00  1.3582E+02  7.0602E-01  1.2971E-01  2.6759E-01
  4.0000E+00  5.1938E+00  1.5155E+00  1.3582E+02  7.0602E-01  1.2971E-01  2.6759E-01
  4.0000E+00  5.1938E+00  1.5155E+00  1.3582E+02  7.0602E-01  1.2971E-01  2.6759E-01
  4.0000E+00  5.1938E+00  1.5155E+00  1.3582E+02  7.0602E-01  1.2971E-01  2.6759E-01
  4.0000E+00  5.1938E+00  1.5155E+00  1.3582E+02  7.0602E-01  1.2971E-01  2.6759E-01
  4.0000E+00  5.1938E+00  1.5155E+00  1.3582E+02  7.0602E-01  1.2971E-01  2.6759E-01
  4.0000E+00  5.1938E+00  1.5155E+00  1.3582E+02  7.0602E-01  1.2971E-01  2.6759E-01
  5.0000E+00  5.1938E+00  1.5155E+00  1.3582E+02  7.0602E-01  1.2971E-01  1.9147E-01
  5.0000E+00  5.1938E+00  1.5155E+00  1.3582E+02  7.0602E-01  1.2971E-01  1.9147E-01
  5.0000E+00  5.1938E+00  1.5155E+00  1.3582E+02  7.0602E-01  1.2971E-01  1.9147E-01
  5.0000E+00  5.1938E+00  1.5155E+00  1.3582E+02  7.0602E-01  1.2971E-01  1.9147E-01
  5.0000E+00  5.1938E+00  1.5155E+00  1.3582E+02  7.0602E-01  1.2971E-01  1.9147E-01
  5.0000E+00  5.1938E+00  1.5155E+00  1.3582E+02  7.0602E-01  1.2971E-01  1.9147E-01
  5.0000E+00  5.1938E+00  1.5155E+00  1.3582E+02  7.0602E-01  1.2971E-01  1.9147E-01
  5.0000E+00  5.1938E+00  1.5155E+00  1.3582E+02  7.0602E-01  1.2971E-01  1.9147E-01
  5.0000E+00  5.1938E+00  1.5155E+00  1.3582E+02  7.0602E-01  1.2971E-01  1.9147E-01
  5.0000E+00  5.1938E+00  1.5155E+00  1.3582E+02  7.0602E-01  1.2971E-01  1.9147E-01
  5.0000E+00  5.1938E+00  1.5155E+00  1.3582E+02  7.0602E-01  1.2971E-01  1.9147E-01
  5.0000E+00  5.1938E+00  1.5155E+00  1.3582E+02  7.0602E-01  1.2971E-01  1.9147E-01
  5.0000E+00  5.1938E+00  1.5155E+00  1.3582E+02  7.0602E-01  1.2971E-01  1.9147E-01
  6.0000E+00  5.1938E+00  1.5155E+00  1.3582E+02  7.0602E-01  1.2971E-01  2.9322E-01
  6.0000E+00  5.1938E+00  1.5155E+00  1.3582E+02  7.0602E-01  1.2971E-01  2.9322E-01
  6.0000E+00  5.1938E+00  1.5155E+00  1.3582E+02  7.0602E-01  1.2971E-01  2.9322E-01
  6.0000E+00  5.1938E+00  1.5155E+00  1.3582E+02  7.0602E-01  1.2971E-01  2.9322E-01
  6.0000E+00  5.1938E+00  1.5155E+00  1.3582E+02  7.0602E-01  1.2971E-01  2.9322E-01
  6.0000E+00  5.1938E+00  1.5155E+00  1.3582E+02  7.0602E-01  1.2971E-01  2.9322E-01
  6.0000E+00  5.1938E+00  1.5155E+00  1.3582E+02  7.0602E-01  1.2971E-01  2.9322E-01
  6.0000E+00  5.1938E+00  1.5155E+00  1.3582E+02  7.0602E-01  1.2971E-01  2.9322E-01
  6.0000E+00  5.1938E+00  1.5155E+00  1.3582E+02  7.0602E-01  1.2971E-01  2.9322E-01
  6.0000E+00  5.1938E+00  1.5155E+00  1.3582E+02  7.0602E-01  1.2971E-01  2.9322E-01
  6.0000E+00  5.1938E+00  1.5155E+00  1.3582E+02  7.0602E-01  1.2971E-01  2.9322E-01
  6.0000E+00  5.1938E+00  1.5155E+00  1.3582E+02  7.0602E-01  1.2971E-01  2.9322E-01
  6.0000E+00  5.1938E+00  1.5155E+00  1.3582E+02  7.0602E-01  1.2971E-01  2.9322E-01
  7.0000E+00  5.1938E+00  1.5155E+00  1.3582E+02  7.0602E-01  1.2971E-01  4.7293E-03
  7.0000E+00  5.1938E+00  1.5155E+00  1.3582E+02  7.0602E-01  1.2971E-01  4.7293E-03
  7.0000E+00  5.1938E+00  1.5155E+00  1.3582E+02  7.0602E-01  1.2971E-01  4.7293E-03
  7.0000E+00  5.1938E+00  1.5155E+00  1.3582E+02  7.0602E-01  1.2971E-01  4.7293E-03
  7.0000E+00  5.1938E+00  1.5155E+00  1.3582E+02  7.0602E-01  1.2971E-01  4.7293E-03
  7.0000E+00  5.1938E+00  1.5155E+00  1.3582E+02  7.0602E-01  1.2971E-01  4.7293E-03
  7.0000E+00  5.1938E+00  1.5155E+00  1.3582E+02  7.0602E-01  1.2971E-01  4.7293E-03
  7.0000E+00  5.1938E+00  1.5155E+00  1.3582E+02  7.0602E-01  1.2971E-01  4.7293E-03
  8.0000E+00  5.1938E+00  1.5155E+00  1.3582E+02  7.0602E-01  1.2971E-01  6.2582E-03
  8.0000E+00  5.1938E+00  1.5155E+00  1.3582E+02  7.0602E-01  1.2971E-01  6.2582E-03
  8.0000E+00  5.1938E+00  1.5155E+00  1.3582E+02  7.0602E-01  1.2971E-01  6.2582E-03
  8.0000E+00  5.1938E+00  1.5155E+00  1.3582E+02  7.0602E-01  1.2971E-01  6.2582E-03
  8.0000E+00  5.1938E+00  1.5155E+00  1.3582E+02  7.0602E-01  1.2971E-01  6.2582E-03
  8.0000E+00  5.1938E+00  1.5155E+00  1.3582E+02  7.0602E-01  1.2971E-01  6.2582E-03
  8.0000E+00  5.1938E+00  1.5155E+00  1.3582E+02  7.0602E-01  1.2971E-01  6.2582E-03
  8.0000E+00  5.1938E+00  1.5155E+00  1.3582E+02  7.0602E-01  1.2971E-01  6.2582E-03
  9.0000E+00  5.1938E+00  1.5155E+00  1.3582E+02  7.0602E-01  1.2971E-01  6.6513E-03
  9.0000E+00  5.1938E+00  1.5155E+00  1.3582E+02  7.0602E-01  1.2971E-01  6.6513E-03
  9.0000E+00  5.1938E+00  1.5155E+00  1.3582E+02  7.0602E-01  1.2971E-01  6.6513E-03
  9.0000E+00  5.1938E+00  1.5155E+00  1.3582E+02  7.0602E-01  1.2971E-01  6.6513E-03
  9.0000E+00  5.1938E+00  1.5155E+00  1.3582E+02  7.0602E-01  1.2971E-01  6.6513E-03
  9.0000E+00  5.1938E+00  1.5155E+00  1.3582E+02  7.0602E-01  1.2971E-01  6.6513E-03
  9.0000E+00  5.1938E+00  1.5155E+00  1.3582E+02  7.0602E-01  1.2971E-01  6.6513E-03
  9.0000E+00  5.1938E+00  1.5155E+00  1.3582E+02  7.0602E-01  1.2971E-01  6.6513E-03
  1.0000E+01  5.1938E+00  1.5155E+00  1.3582E+02  7.0602E-01  1.2971E-01  1.1262E-02
  1.0000E+01  5.1938E+00  1.5155E+00  1.3582E+02  7.0602E-01  1.2971E-01  1.1262E-02
  1.0000E+01  5.1938E+00  1.5155E+00  1.3582E+02  7.0602E-01  1.2971E-01  1.1262E-02
  1.0000E+01  5.1938E+00  1.5155E+00  1.3582E+02  7.0602E-01  1.2971E-01  1.1262E-02
  1.0000E+01  5.1938E+00  1.5155E+00  1.3582E+02  7.0602E-01  1.2971E-01  1.1262E-02
  1.0000E+01  5.1938E+00  1.5155E+00  1.3582E+02  7.0602E-01  1.2971E-01  1.1262E-02
  1.0000E+01  5.1938E+00  1.5155E+00  1.3582E+02  7.0602E-01  1.2971E-01  1.1262E-02
  1.0000E+01  5.1938E+00  1.5155E+00  1.3582E+02  7.0602E-01  1.2971E-01  1.1262E-02
  1.1000E+01  5.1938E+00  1.5155E+00  1.3582E+02  7.0602E-01  1.2971E-01  3.9668E-03
  1.1000E+01  5.1938E+00  1.5155E+00  1.3582E+02  7.0602E-01  1.2971E-01  3.9668E-03
  1.1000E+01  5.1938E+00  1.5155E+00  1.3582E+02  7.0602E-01  1.2971E-01  3.9668E-03
  1.1000E+01  5.1938E+00  1.5155E+00  1.3582E+02  7.0602E-01  1.2971E-01  3.9668E-03
  1.1000E+01  5.1938E+00  1.5155E+00  1.3582E+02  7.0602E-01  1.2971E-01  3.9668E-03
  1.1000E+01  5.1938E+00  1.5155E+00  1.3582E+02  7.0602E-01  1.2971E-01  3.9668E-03
  1.1000E+01  5.1938E+00  1.5155E+00  1.3582E+02  7.0602E-01  1.2971E-01  3.9668E-03
  1.1000E+01  5.1938E+00  1.5155E+00  1.3582E+02  7.0602E-01  1.2971E-01  3.9668E-03
  1.2000E+01  5.1938E+00  1.5155E+00  1.3582E+02  7.0602E-01  1.2971E-01  3.0522E-03
  1.2000E+01  5.1938E+00  1.5155E+00  1.3582E+02  7.0602E-01  1.2971E-01  3.0522E-03
  1.2000E+01  5.1938E+00  1.5155E+00  1.3582E+02  7.0602E-01  1.2971E-01  3.0522E-03
  1.2000E+01  5.1938E+00  1.5155E+00  1.3582E+02  7.0602E-01  1.2971E-01  3.0522E-03
  1.2000E+01  5.1938E+00  1.5155E+00  1.3582E+02  7.0602E-01  1.2971E-01  3.0522E-03
  1.2000E+01  5.1938E+00  1.5155E+00  1.3582E+02  7.0602E-01  1.2971E-01  3.0522E-03
  1.2000E+01  5.1938E+00  1.5155E+00  1.3582E+02  7.0602E-01  1.2971E-01  3.0522E-03
  1.2000E+01  5.1938E+00  1.5155E+00  1.3582E+02  7.0602E-01  1.2971E-01  3.0522E-03
  1.3000E+01  5.1938E+00  1.5155E+00  1.3582E+02  7.0602E-01  1.2971E-01  1.1505E-02
  1.3000E+01  5.1938E+00  1.5155E+00  1.3582E+02  7.0602E-01  1.2971E-01  1.1505E-02
  1.3000E+01  5.1938E+00  1.5155E+00  1.3582E+02  7.0602E-01  1.2971E-01  1.1505E-02
  1.3000E+01  5.1938E+00  1.5155E+00  1.3582E+02  7.0602E-01  1.2971E-01  1.1505E-02
  1.3000E+01  5.1938E+00  1.5155E+00  1.3582E+02  7.0602E-01  1.2971E-01  1.1505E-02
  1.3000E+01  5.1938E+00  1.5155E+00  1.3582E+02  7.0602E-01  1.2971E-01  1.1505E-02
  1.3000E+01  5.1938E+00  1.5155E+00  1.3582E+02  7.0602E-01  1.2971E-01  1.1505E-02
  1.3000E+01  5.1938E+00  1.5155E+00  1.3582E+02  7.0602E-01  1.2971E-01  1.1505E-02
  1.4000E+01  5.1938E+00  1.5155E+00  1.3582E+02  7.0602E-01  1.2971E-01  2.9175E-03
  1.4000E+01  5.1938E+00  1.5155E+00  1.3582E+02  7.0602E-01  1.2971E-01  2.9175E-03
  1.4000E+01  5.1938E+00  1.5155E+00  1.3582E+02  7.0602E-01  1.2971E-01  2.9175E-03
  1.4000E+01  5.1938E+00  1.5155E+00  1.3582E+02  7.0602E-01  1.2971E-01  2.9175E-03
  1.4000E+01  5.1938E+00  1.5155E+00  1.3582E+02  7.0602E-01  1.2971E-01  2.9175E-03
  1.4000E+01  5.1938E+00  1.5155E+00  1.3582E+02  7.0602E-01  1.2971E-01  2.9175E-03
  1.4000E+01  5.1938E+00  1.5155E+00  1.3582E+02  7.0602E-01  1.2971E-01  2.9175E-03
  1.4000E+01  5.1938E+00  1.5155E+00  1.3582E+02  7.0602E-01  1.2971E-01  2.9175E-03
  1.5000E+01  5.1938E+00  1.5155E+00  1.3582E+02  7.0602E-01  1.2971E-01  1.3542E-02
  1.5000E+01  5.1938E+00  1.5155E+00  1.3582E+02  7.0602E-01  1.2971E-01  1.3542E-02
  1.5000E+01  5.1938E+00  1.5155E+00  1.3582E+02  7.0602E-01  1.2971E-01  1.3542E-02
  1.5000E+01  5.1938E+00  1.5155E+00  1.3582E+02  7.0602E-01  1.2971E-01  1.3542E-02
  1.5000E+01  5.1938E+00  1.5155E+00  1.3582E+02  7.0602E-01  1.2971E-01  1.3542E-02
  1.5000E+01  5.1938E+00  1.5155E+00  1.3582E+02  7.0602E-01  1.2971E-01  1.3542E-02
  1.5000E+01  5.1938E+00  1.5155E+00  1.3582E+02  7.0602E-01  1.2971E-01  1.3542E-02
  1.5000E+01  5.1938E+00  1.5155E+00  1.3582E+02  7.0602E-01  1.2971E-01  1.3542E-02
  1.6000E+01  5.1938E+00  1.5155E+00  1.3582E+02  7.0602E-01  1.2971E-01  3.2165E-03
  1.6000E+01  5.1938E+00  1.5155E+00  1.3582E+02  7.0602E-01  1.2971E-01  3.2165E-03
  1.6000E+01  5.1938E+00  1.5155E+00  1.3582E+02  7.0602E-01  1.2971E-01  3.2165E-03
  1.6000E+01  5.1938E+00  1.5155E+00  1.3582E+02  7.0602E-01  1.2971E-01  3.2165E-03
  1.6000E+01  5.1938E+00  1.5155E+00  1.3582E+02  7.0602E-01  1.2971E-01  3.2165E-03
  1.6000E+01  5.1938E+00  1.5155E+00  1.3582E+02  7.0602E-01  1.2971E-01  3.2165E-03
  1.6000E+01  5.1938E+00  1.5155E+00  1.3582E+02  7.0602E-01  1.2971E-01  3.2165E-03
  1.6000E+01  5.1938E+00  1.5155E+00  1.3582E+02  7.0602E-01  1.2971E-01  3.2165E-03
  1.7000E+01  5.1938E+00  1.5155E+00  1.3582E+02  7.0602E-01  1.2971E-01  4.3416E-03
  1.7000E+01  5.1938E+00  1.5155E+00  1.3582E+02  7.0602E-01  1.2971E-01  4.3416E-03
  1.7000E+01  5.1938E+00  1.5155E+00  1.3582E+02  7.0602E-01  1.2971E-01  4.3416E-03
  1.7000E+01  5.1938E+00  1.5155E+00  1.3582E+02  7.0602E-01  1.2971E-01  4.3416E-03
  1.7000E+01  5.1938E+00  1.5155E+00  1.3582E+02  7.0602E-01  1.2971E-01  4.3416E-03
  1.7000E+01  5.1938E+00  1.5155E+00  1.3582E+02  7.0602E-01  1.2971E-01  4.3416E-03
  1.7000E+01  5.1938E+00  1.5155E+00  1.3582E+02  7.0602E-01  1.2971E-01  4.3416E-03
  1.7000E+01  5.1938E+00  1.5155E+00  1.3582E+02  7.0602E-01  1.2971E-01  4.3416E-03
  1.8000E+01  5.1938E+00  1.5155E+00  1.3582E+02  7.0602E-01  1.2971E-01  2.7414E-03
  1.8000E+01  5.1938E+00  1.5155E+00  1.3582E+02  7.0602E-01  1.2971E-01  2.7414E-03
  1.8000E+01  5.1938E+00  1.5155E+00  1.3582E+02  7.0602E-01  1.2971E-01  2.7414E-03
  1.8000E+01  5.1938E+00  1.5155E+00  1.3582E+02  7.0602E-01  1.2971E-01  2.7414E-03
  1.8000E+01  5.1938E+00  1.5155E+00  1.3582E+02  7.0602E-01  1.2971E-01  2.7414E-03
  1.8000E+01  5.1938E+00  1.5155E+00  1.3582E+02  7.0602E-01  1.2971E-01  2.7414E-03
  1.8000E+01  5.1938E+00  1.5155E+00  1.3582E+02  7.0602E-01  1.2971E-01  2.7414E-03
  1.8000E+01  5.1938E+00  1.5155E+00  1.3582E+02  7.0602E-01  1.2971E-01  2.7414E-03
  1.9000E+01  5.1938E+00  1.5155E+00  1.3582E+02  7.0602E-01  1.2971E-01  2.5319E-03
  1.9000E+01  5.1938E+00  1.5155E+00  1.3582E+02  7.0602E-01  1.2971E-01  2.5319E-03
  1.9000E+01  5.1938E+00  1.5155E+00  1.3582E+02  7.0602E-01  1.2971E-01  2.5319E-03
  1.9000E+01  5.1938E+00  1.5155E+00  1.3582E+02  7.0602E-01  1.2971E-01  2.5319E-03
  1.9000E+01  5.1938E+00  1.5155E+00  1.3582E+02  7.0602E-01  1.2971E-01  2.5319E-03
  1.9000E+01  5.1938E+00  1.5155E+00  1.3582E+02  7.0602E-01  1.2971E-01  2.5319E-03
  1.9000E+01  5.1938E+00  1.5155E+00  1.3582E+02  7.0602E-01  1.2971E-01  2.5319E-03
  1.9000E+01  5.1938E+00  1.5155E+00  1.3582E+02  7.0602E-01  1.2971E-01  2.5319E-03
  2.0000E+01  5.1938E+00  1.5155E+00  1.3582E+02  7.0602E-01  1.2971E-01  2.0851E-03
  2.0000E+01  5.1938E+00  1.5155E+00  1.3582E+02  7.0602E-01  1.2971E-01  2.0851E-03
  2.0000E+01  5.1938E+00  1.5155E+00  1.3582E+02  7.0602E-01  1.2971E-01  2.0851E-03
  2.0000E+01  5.1938E+00  1.5155E+00  1.3582E+02  7.0602E-01  1.2971E-01  2.0851E-03
  2.0000E+01  5.1938E+00  1.5155E+00  1.3582E+02  7.0602E-01  1.2971E-01  2.0851E-03
  2.0000E+01  5.1938E+00  1.5155E+00  1.3582E+02  7.0602E-01  1.2971E-01  2.0851E-03
  2.0000E+01  5.1938E+00  1.5155E+00  1.3582E+02  7.0602E-01  1.2971E-01  2.0851E-03
  2.0000E+01  5.1938E+00  1.5155E+00  1.3582E+02  7.0602E-01  1.2971E-01  2.0851E-03
  2.1000E+01  5.1938E+00  1.5155E+00  1.3582E+02  7.0602E-01  1.2971E-01  2.1268E-03
  2.1000E+01  5.1938E+00  1.5155E+00  1.3582E+02  7.0602E-01  1.2971E-01  2.1268E-03
  2.1000E+01  5.1938E+00  1.5155E+00  1.3582E+02  7.0602E-01  1.2971E-01  2.1268E-03
  2.1000E+01  5.1938E+00  1.5155E+00  1.3582E+02  7.0602E-01  1.2971E-01  2.1268E-03
  2.1000E+01  5.1938E+00  1.5155E+00  1.3582E+02  7.0602E-01  1.2971E-01  2.1268E-03
  2.1000E+01  5.1938E+00  1.5155E+00  1.3582E+02  7.0602E-01  1.2971E-01  2.1268E-03
  2.1000E+01  5.1938E+00  1.5155E+00  1.3582E+02  7.0602E-01  1.2971E-01  2.1268E-03
  2.1000E+01  5.1938E+00  1.5155E+00  1.3582E+02  7.0602E-01  1.2971E-01  2.1268E-03
  2.2000E+01  5.1938E+00  1.5155E+00  1.3582E+02  7.0602E-01  1.2971E-01  1.7244E-03
  2.2000E+01  5.1938E+00  1.5155E+00  1.3582E+02  7.0602E-01  1.2971E-01  1.7244E-03
  2.2000E+01  5.1938E+00  1.5155E+00  1.3582E+02  7.0602E-01  1.2971E-01  1.7244E-03
  2.2000E+01  5.1938E+00  1.5155E+00  1.3582E+02  7.0602E-01  1.2971E-01  1.7244E-03
  2.2000E+01  5.1938E+00  1.5155E+00  1.3582E+02  7.0602E-01  1.2971E-01  1.7244E-03
  2.2000E+01  5.1938E+00  1.5155E+00  1.3582E+02  7.0602E-01  1.2971E-01  1.7244E-03
  2.2000E+01  5.1938E+00  1.5155E+00  1.3582E+02  7.0602E-01  1.2971E-01  1.7244E-03
  2.2000E+01  5.1938E+00  1.5155E+00  1.3582E+02  7.0602E-01  1.2971E-01  1.7244E-03
  2.3000E+01  5.1938E+00  1.5155E+00  1.3582E+02  7.0602E-01  1.2971E-01  2.7603E-03
  2.3000E+01  5.1938E+00  1.5155E+00  1.3582E+02  7.0602E-01  1.2971E-01  2.7603E-03
  2.3000E+01  5.1938E+00  1.5155E+00  1.3582E+02  7.0602E-01  1.2971E-01  2.7603E-03
  2.3000E+01  5.1938E+00  1.5155E+00  1.3582E+02  7.0602E-01  1.2971E-01  2.7603E-03
  2.3000E+01  5.1938E+00  1.5155E+00  1.3582E+02  7.0602E-01  1.2971E-01  2.7603E-03
  2.3000E+01  5.1938E+00  1.5155E+00  1.3582E+02  7.0602E-01  1.2971E-01  2.7603E-03
  2.3000E+01  5.1938E+00  1.5155E+00  1.3582E+02  7.0602E-01  1.2971E-01  2.7603E-03
  2.3000E+01  5.1938E+00  1.5155E+00  1.3582E+02  7.0602E-01  1.2971E-01  2.7603E-03
  2.4000E+01  5.1938E+00  1.5155E+00  1.3582E+02  7.0602E-01  1.2971E-01  6.7249E-03
  2.4000E+01  5.1938E+00  1.5155E+00  1.3582E+02  7.0602E-01  1.2971E-01  6.7249E-03
  2.4000E+01  5.1938E+00  1.5155E+00  1.3582E+02  7.0602E-01  1.2971E-01  6.7249E-03
  2.4000E+01  5.1938E+00  1.5155E+00  1.3582E+02  7.0602E-01  1.2971E-01  6.7249E-03
  2.4000E+01  5.1938E+00  1.5155E+00  1.3582E+02  7.0602E-01  1.2971E-01  6.7249E-03
  2.4000E+01  5.1938E+00  1.5155E+00  1.3582E+02  7.0602E-01  1.2971E-01  6.7249E-03
  2.4000E+01  5.1938E+00  1.5155E+00  1.3582E+02  7.0602E-01  1.2971E-01  6.7249E-03
  2.4000E+01  5.1938E+00  1.5155E+00  1.3582E+02  7.0602E-01  1.2971E-01  6.7249E-03
  2.5000E+01  5.1938E+00  1.5155E+00  1.3582E+02  7.0602E-01  1.2971E-01  2.6721E-02
  2.5000E+01  5.1938E+00  1.5155E+00  1.3582E+02  7.0602E-01  1.2971E-01  2.6721E-02
  2.5000E+01  5.1938E+00  1.5155E+00  1.3582E+02  7.0602E-01  1.2971E-01  2.6721E-02
  2.5000E+01  5.1938E+00  1.5155E+00  1.3582E+02  7.0602E-01  1.2971E-01  2.6721E-02
  2.5000E+01  5.1938E+00  1.5155E+00  1.3582E+02  7.0602E-01  1.2971E-01  2.6721E-02
  2.5000E+01  5.1938E+00  1.5155E+00  1.3582E+02  7.0602E-01  1.2971E-01  2.6721E-02
  2.5000E+01  5.1938E+00  1.5155E+00  1.3582E+02  7.0602E-01  1.2971E-01  2.6721E-02
  2.6000E+01  5.1938E+00  1.5155E+00  1.3582E+02  7.0602E-01  1.2971E-01  1.9951E-02
  2.6000E+01  5.1938E+00  1.5155E+00  1.3582E+02  7.0602E-01  1.2971E-01  1.9951E-02
  2.6000E+01  5.1938E+00  1.5155E+00  1.3582E+02  7.0602E-01  1.2971E-01  1.9951E-02
  2.6000E+01  5.1938E+00  1.5155E+00  1.3582E+02  7.0602E-01  1.2971E-01  1.9951E-02
  2.6000E+01  5.1938E+00  1.5155E+00  1.3582E+02  7.0602E-01  1.2971E-01  1.9951E-02
  2.6000E+01  5.1938E+00  1.5155E+00  1.3582E+02  7.0602E-01  1.2971E-01  1.9951E-02
  2.6000E+01  5.1938E+00  1.5155E+00  1.3582E+02  7.0602E-01  1.2971E-01  1.9951E-02
  2.7000E+01  5.1938E+00  1.5155E+00  1.3582E+02  7.0602E-01  1.2971E-01  3.3975E-02
  2.7000E+01  5.1938E+00  1.5155E+00  1.3582E+02  7.0602E-01  1.2971E-01  3.3975E-02
  2.7000E+01  5.1938E+00  1.5155E+00  1.3582E+02  7.0602E-01  1.2971E-01  3.3975E-02
  2.7000E+01  5.1938E+00  1.5155E+00  1.3582E+02  7.0602E-01  1.2971E-01  3.3975E-02
  2.7000E+01  5.1938E+00  1.5155E+00  1.3582E+02  7.0602E-01  1.2971E-01  3.3975E-02
  2.7000E+01  5.1938E+00  1.5155E+00  1.3582E+02  7.0602E-01  1.2971E-01  3.3975E-02
  2.7000E+01  5.1938E+00  1.5155E+00  1.3582E+02  7.0602E-01  1.2971E-01  3.3975E-02
  2.8000E+01  5.1938E+00  1.5155E+00  1.3582E+02  7.0602E-01  1.2971E-01  1.5776E-02
  2.8000E+01  5.1938E+00  1.5155E+00  1.3582E+02  7.0602E-01  1.2971E-01  1.5776E-02
  2.8000E+01  5.1938E+00  1.5155E+00  1.3582E+02  7.0602E-01  1.2971E-01  1.5776E-02
  2.8000E+01  5.1938E+00  1.5155E+00  1.3582E+02  7.0602E-01  1.2971E-01  1.5776E-02
  2.8000E+01  5.1938E+00  1.5155E+00  1.3582E+02  7.0602E-01  1.2971E-01  1.5776E-02
  2.8000E+01  5.1938E+00  1.5155E+00  1.3582E+02  7.0602E-01  1.2971E-01  1.5776E-02
  2.8000E+01  5.1938E+00  1.5155E+00  1.3582E+02  7.0602E-01  1.2971E-01  1.5776E-02
  2.9000E+01  5.1938E+00  1.5155E+00  1.3582E+02  7.0602E-01  1.2971E-01  1.6909E-02
  2.9000E+01  5.1938E+00  1.5155E+00  1.3582E+02  7.0602E-01  1.2971E-01  1.6909E-02
  2.9000E+01  5.1938E+00  1.5155E+00  1.3582E+02  7.0602E-01  1.2971E-01  1.6909E-02
  2.9000E+01  5.1938E+00  1.5155E+00  1.3582E+02  7.0602E-01  1.2971E-01  1.6909E-02
  2.9000E+01  5.1938E+00  1.5155E+00  1.3582E+02  7.0602E-01  1.2971E-01  1.6909E-02
  2.9000E+01  5.1938E+00  1.5155E+00  1.3582E+02  7.0602E-01  1.2971E-01  1.6909E-02
  2.9000E+01  5.1938E+00  1.5155E+00  1.3582E+02  7.0602E-01  1.2971E-01  1.6909E-02
  3.0000E+01  5.1938E+00  1.5155E+00  1.3582E+02  7.0602E-01  1.2971E-01  7.7087E-03
  3.0000E+01  5.1938E+00  1.5155E+00  1.3582E+02  7.0602E-01  1.2971E-01  7.7087E-03
  3.0000E+01  5.1938E+00  1.5155E+00  1.3582E+02  7.0602E-01  1.2971E-01  7.7087E-03
  3.0000E+01  5.1938E+00  1.5155E+00  1.3582E+02  7.0602E-01  1.2971E-01  7.7087E-03
  3.0000E+01  5.1938E+00  1.5155E+00  1.3582E+02  7.0602E-01  1.2971E-01  7.7087E-03
  3.0000E+01  5.1938E+00  1.5155E+00  1.3582E+02  7.0602E-01  1.2971E-01  7.7087E-03
  3.0000E+01  5.1938E+00  1.5155E+00  1.3582E+02  7.0602E-01  1.2971E-01  7.7087E-03
  3.1000E+01  5.1938E+00  1.5155E+00  1.3582E+02  7.0602E-01  1.2971E-01  1.5443E-02
  3.1000E+01  5.1938E+00  1.5155E+00  1.3582E+02  7.0602E-01  1.2971E-01  1.5443E-02
  3.1000E+01  5.1938E+00  1.5155E+00  1.3582E+02  7.0602E-01  1.2971E-01  1.5443E-02
  3.1000E+01  5.1938E+00  1.5155E+00  1.3582E+02  7.0602E-01  1.2971E-01  1.5443E-02
  3.1000E+01  5.1938E+00  1.5155E+00  1.3582E+02  7.0602E-01  1.2971E-01  1.5443E-02
  3.1000E+01  5.1938E+00  1.5155E+00  1.3582E+02  7.0602E-01  1.2971E-01  1.5443E-02
  3.1000E+01  5.1938E+00  1.5155E+00  1.3582E+02  7.0602E-01  1.2971E-01  1.5443E-02
  3.2000E+01  5.1938E+00  1.5155E+00  1.3582E+02  7.0602E-01  1.2971E-01  1.1729E-02
  3.2000E+01  5.1938E+00  1.5155E+00  1.3582E+02  7.0602E-01  1.2971E-01  1.1729E-02
  3.2000E+01  5.1938E+00  1.5155E+00  1.3582E+02  7.0602E-01  1.2971E-01  1.1729E-02
  3.2000E+01  5.1938E+00  1.5155E+00  1.3582E+02  7.0602E-01  1.2971E-01  1.1729E-02
  3.2000E+01  5.1938E+00  1.5155E+00  1.3582E+02  7.0602E-01  1.2971E-01  1.1729E-02
  3.2000E+01  5.1938E+00  1.5155E+00  1.3582E+02  7.0602E-01  1.2971E-01  1.1729E-02
  3.2000E+01  5.1938E+00  1.5155E+00  1.3582E+02  7.0602E-01  1.2971E-01  1.1729E-02
  3.3000E+01  5.1938E+00  1.5155E+00  1.3582E+02  7.0602E-01  1.2971E-01  1.1920E-02
  3.3000E+01  5.1938E+00  1.5155E+00  1.3582E+02  7.0602E-01  1.2971E-01  1.1920E-02
  3.3000E+01  5.1938E+00  1.5155E+00  1.3582E+02  7.0602E-01  1.2971E-01  1.1920E-02
  3.3000E+01  5.1938E+00  1.5155E+00  1.3582E+02  7.0602E-01  1.2971E-01  1.1920E-02
  3.3000E+01  5.1938E+00  1.5155E+00  1.3582E+02  7.0602E-01  1.2971E-01  1.1920E-02
  3.3000E+01  5.1938E+00  1.5155E+00  1.3582E+02  7.0602E-01  1.2971E-01  1.1920E-02
  3.3000E+01  5.1938E+00  1.5155E+00  1.3582E+02  7.0602E-01  1.2971E-01  1.1920E-02
  3.4000E+01  5.1938E+00  1.5155E+00  1.3582E+02  7.0602E-01  1.2971E-01  5.5087E-03
  3.4000E+01  5.1938E+00  1.5155E+00  1.3582E+02  7.0602E-01  1.2971E-01  5.5087E-03
  3.4000E+01  5.1938E+00  1.5155E+00  1.3582E+02  7.0602E-01  1.2971E-01  5.5087E-03
  3.4000E+01  5.1938E+00  1.5155E+00  1.3582E+02  7.0602E-01  1.2971E-01  5.5087E-03
  3.4000E+01  5.1938E+00  1.5155E+00  1.3582E+02  7.0602E-01  1.2971E-01  5.5087E-03
  3.4000E+01  5.1938E+00  1.5155E+00  1.3582E+02  7.0602E-01  1.2971E-01  5.5087E-03
  3.4000E+01  5.1938E+00  1.5155E+00  1.3582E+02  7.0602E-01  1.2971E-01  5.5087E-03
  3.5000E+01  5.1938E+00  1.5155E+00  1.3582E+02  7.0602E-01  1.2971E-01  3.5672E-03
  3.5000E+01  5.1938E+00  1.5155E+00  1.3582E+02  7.0602E-01  1.2971E-01  3.5672E-03
  3.5000E+01  5.1938E+00  1.5155E+00  1.3582E+02  7.0602E-01  1.2971E-01  3.5672E-03
  3.5000E+01  5.1938E+00  1.5155E+00  1.3582E+02  7.0602E-01  1.2971E-01  3.5672E-03
  3.5000E+01  5.1938E+00  1.5155E+00  1.3582E+02  7.0602E-01  1.2971E-01  3.5672E-03
  3.5000E+01  5.1938E+00  1.5155E+00  1.3582E+02  7.0602E-01  1.2971E-01  3.5672E-03
  3.5000E+01  5.1938E+00  1.5155E+00  1.3582E+02  7.0602E-01  1.2971E-01  3.5672E-03
  3.6000E+01  5.1938E+00  1.5155E+00  1.3582E+02  7.0602E-01  1.2971E-01  5.2399E-03
  3.6000E+01  5.1938E+00  1.5155E+00  1.3582E+02  7.0602E-01  1.2971E-01  5.2399E-03
  3.6000E+01  5.1938E+00  1.5155E+00  1.3582E+02  7.0602E-01  1.2971E-01  5.2399E-03
  3.6000E+01  5.1938E+00  1.5155E+00  1.3582E+02  7.0602E-01  1.2971E-01  5.2399E-03
  3.6000E+01  5.1938E+00  1.5155E+00  1.3582E+02  7.0602E-01  1.2971E-01  5.2399E-03
  3.6000E+01  5.1938E+00  1.5155E+00  1.3582E+02  7.0602E-01  1.2971E-01  5.2399E-03
  3.6000E+01  5.1938E+00  1.5155E+00  1.3582E+02  7.0602E-01  1.2971E-01  5.2399E-03
  3.7000E+01  5.1938E+00  1.5155E+00  1.3582E+02  7.0602E-01  1.2971E-01  2.4619E-03
  3.7000E+01  5.1938E+00  1.5155E+00  1.3582E+02  7.0602E-01  1.2971E-01  2.4619E-03
  3.7000E+01  5.1938E+00  1.5155E+00  1.3582E+02  7.0602E-01  1.2971E-01  2.4619E-03
  3.7000E+01  5.1938E+00  1.5155E+00  1.3582E+02  7.0602E-01  1.2971E-01  2.4619E-03
  3.7000E+01  5.1938E+00  1.5155E+00  1.3582E+02  7.0602E-01  1.2971E-01  2.4619E-03
  3.7000E+01  5.1938E+00  1.5155E+00  1.3582E+02  7.0602E-01  1.2971E-01  2.4619E-03
  3.7000E+01  5.1938E+00  1.5155E+00  1.3582E+02  7.0602E-01  1.2971E-01  2.4619E-03
  3.8000E+01  5.1938E+00  1.5155E+00  1.3582E+02  7.0602E-01  1.2971E-01  3.3510E-03
  3.8000E+01  5.1938E+00  1.5155E+00  1.3582E+02  7.0602E-01  1.2971E-01  3.3510E-03
  3.8000E+01  5.1938E+00  1.5155E+00  1.3582E+02  7.0602E-01  1.2971E-01  3.3510E-03
  3.8000E+01  5.1938E+00  1.5155E+00  1.3582E+02  7.0602E-01  1.2971E-01  3.3510E-03
  3.8000E+01  5.1938E+00  1.5155E+00  1.3582E+02  7.0602E-01  1.2971E-01  3.3510E-03
  3.8000E+01  5.1938E+00  1.5155E+00  1.3582E+02  7.0602E-01  1.2971E-01  3.3510E-03
  3.8000E+01  5.1938E+00  1.5155E+00  1.3582E+02  7.0602E-01  1.2971E-01  3.3510E-03
  3.9000E+01  5.1938E+00  1.5155E+00  1.3582E+02  7.0602E-01  1.2971E-01  3.3482E-03
  3.9000E+01  5.1938E+00  1.5155E+00  1.3582E+02  7.0602E-01  1.2971E-01  3.3482E-03
  3.9000E+01  5.1938E+00  1.5155E+00  1.3582E+02  7.0602E-01  1.2971E-01  3.3482E-03
  3.9000E+01  5.1938E+00  1.5155E+00  1.3582E+02  7.0602E-01  1.2971E-01  3.3482E-03
  3.9000E+01  5.1938E+00  1.5155E+00  1.3582E+02  7.0602E-01  1.2971E-01  3.3482E-03
  3.9000E+01  5.1938E+00  1.5155E+00  1.3582E+02  7.0602E-01  1.2971E-01  3.3482E-03
  3.9000E+01  5.1938E+00  1.5155E+00  1.3582E+02  7.0602E-01  1.2971E-01  3.3482E-03
  4.0000E+01  5.1938E+00  1.5155E+00  1.3582E+02  7.0602E-01  1.2971E-01  3.8615E-03
  4.0000E+01  5.1938E+00  1.5155E+00  1.3582E+02  7.0602E-01  1.2971E-01  3.8615E-03
  4.0000E+01  5.1938E+00  1.5155E+00  1.3582E+02  7.0602E-01  1.2971E-01  3.8615E-03
  4.0000E+01  5.1938E+00  1.5155E+00  1.3582E+02  7.0602E-01  1.2971E-01  3.8615E-03
  4.0000E+01  5.1938E+00  1.5155E+00  1.3582E+02  7.0602E-01  1.2971E-01  3.8615E-03
  4.0000E+01  5.1938E+00  1.5155E+00  1.3582E+02  7.0602E-01  1.2971E-01  3.8615E-03
  4.0000E+01  5.1938E+00  1.5155E+00  1.3582E+02  7.0602E-01  1.2971E-01  3.8615E-03
  4.1000E+01  5.1938E+00  1.5155E+00  1.3582E+02  7.0602E-01  1.2971E-01  3.1639E-03
  4.1000E+01  5.1938E+00  1.5155E+00  1.3582E+02  7.0602E-01  1.2971E-01  3.1639E-03
  4.1000E+01  5.1938E+00  1.5155E+00  1.3582E+02  7.0602E-01  1.2971E-01  3.1639E-03
  4.1000E+01  5.1938E+00  1.5155E+00  1.3582E+02  7.0602E-01  1.2971E-01  3.1639E-03
  4.1000E+01  5.1938E+00  1.5155E+00  1.3582E+02  7.0602E-01  1.2971E-01  3.1639E-03
  4.1000E+01  5.1938E+00  1.5155E+00  1.3582E+02  7.0602E-01  1.2971E-01  3.1639E-03
  4.1000E+01  5.1938E+00  1.5155E+00  1.3582E+02  7.0602E-01  1.2971E-01  3.1639E-03
  4.2000E+01  5.1938E+00  1.5155E+00  1.3582E+02  7.0602E-01  1.2971E-01  2.2215E-03
  4.2000E+01  5.1938E+00  1.5155E+00  1.3582E+02  7.0602E-01  1.2971E-01  2.2215E-03
  4.2000E+01  5.1938E+00  1.5155E+00  1.3582E+02  7.0602E-01  1.2971E-01  2.2215E-03
  4.2000E+01  5.1938E+00  1.5155E+00  1.3582E+02  7.0602E-01  1.2971E-01  2.2215E-03
  4.2000E+01  5.1938E+00  1.5155E+00  1.3582E+02  7.0602E-01  1.2971E-01  2.2215E-03
  4.2000E+01  5.1938E+00  1.5155E+00  1.3582E+02  7.0602E-01  1.2971E-01  2.2215E-03
  4.2000E+01  5.1938E+00  1.5155E+00  1.3582E+02  7.0602E-01  1.2971E-01  2.2215E-03
  4.3000E+01  5.1938E+00  1.5155E+00  1.3582E+02  7.0602E-01  1.2971E-01  1.0590E-02
  4.3000E+01  5.1938E+00  1.5155E+00  1.3582E+02  7.0602E-01  1.2971E-01  1.0590E-02
  4.3000E+01  5.1938E+00  1.5155E+00  1.3582E+02  7.0602E-01  1.2971E-01  1.0590E-02
  4.3000E+01  5.1938E+00  1.5155E+00  1.3582E+02  7.0602E-01  1.2971E-01  1.0590E-02
  4.3000E+01  5.1938E+00  1.5155E+00  1.3582E+02  7.0602E-01  1.2971E-01  1.0590E-02
  4.3000E+01  5.1938E+00  1.5155E+00  1.3582E+02  7.0602E-01  1.2971E-01  1.0590E-02
  4.3000E+01  5.1938E+00  1.5155E+00  1.3582E+02  7.0602E-01  1.2971E-01  1.0590E-02
  4.4000E+01  5.1938E+00  1.5155E+00  1.3582E+02  7.0602E-01  1.2971E-01  6.5435E-03
  4.4000E+01  5.1938E+00  1.5155E+00  1.3582E+02  7.0602E-01  1.2971E-01  6.5435E-03
  4.4000E+01  5.1938E+00  1.5155E+00  1.3582E+02  7.0602E-01  1.2971E-01  6.5435E-03
  4.4000E+01  5.1938E+00  1.5155E+00  1.3582E+02  7.0602E-01  1.2971E-01  6.5435E-03
  4.4000E+01  5.1938E+00  1.5155E+00  1.3582E+02  7.0602E-01  1.2971E-01  6.5435E-03
  4.4000E+01  5.1938E+00  1.5155E+00  1.3582E+02  7.0602E-01  1.2971E-01  6.5435E-03
  4.4000E+01  5.1938E+00  1.5155E+00  1.3582E+02  7.0602E-01  1.2971E-01  6.5435E-03
  4.5000E+01  5.1938E+00  1.5155E+00  1.3582E+02  7.0602E-01  1.2971E-01  4.6455E-03
  4.5000E+01  5.1938E+00  1.5155E+00  1.3582E+02  7.0602E-01  1.2971E-01  4.6455E-03
  4.5000E+01  5.1938E+00  1.5155E+00  1.3582E+02  7.0602E-01  1.2971E-01  4.6455E-03
  4.5000E+01  5.1938E+00  1.5155E+00  1.3582E+02  7.0602E-01  1.2971E-01  4.6455E-03
  4.5000E+01  5.1938E+00  1.5155E+00  1.3582E+02  7.0602E-01  1.2971E-01  4.6455E-03
  4.5000E+01  5.1938E+00  1.5155E+00  1.3582E+02  7.0602E-01  1.2971E-01  4.6455E-03
  4.5000E+01  5.1938E+00  1.5155E+00  1.3582E+02  7.0602E-01  1.2971E-01  4.6455E-03
  4.6000E+01  5.1938E+00  1.5155E+00  1.3582E+02  7.0602E-01  1.2971E-01  5.3015E-03
  4.6000E+01  5.1938E+00  1.5155E+00  1.3582E+02  7.0602E-01  1.2971E-01  5.3015E-03
  4.6000E+01  5.1938E+00  1.5155E+00  1.3582E+02  7.0602E-01  1.2971E-01  5.3015E-03
  4.6000E+01  5.1938E+00  1.5155E+00  1.3582E+02  7.0602E-01  1.2971E-01  5.3015E-03
  4.6000E+01  5.1938E+00  1.5155E+00  1.3582E+02  7.0602E-01  1.2971E-01  5.3015E-03
  4.6000E+01  5.1938E+00  1.5155E+00  1.3582E+02  7.0602E-01  1.2971E-01  5.3015E-03
  4.6000E+01  5.1938E+00  1.5155E+00  1.3582E+02  7.0602E-01  1.2971E-01  5.3015E-03
  4.7000E+01  5.1938E+00  1.5155E+00  1.3582E+02  7.0602E-01  1.2971E-01  3.2333E-03
  4.7000E+01  5.1938E+00  1.5155E+00  1.3582E+02  7.0602E-01  1.2971E-01  3.2333E-03
  4.7000E+01  5.1938E+00  1.5155E+00  1.3582E+02  7.0602E-01  1.2971E-01  3.2333E-03
  4.7000E+01  5.1938E+00  1.5155E+00  1.3582E+02  7.0602E-01  1.2971E-01  3.2333E-03
  4.7000E+01  5.1938E+00  1.5155E+00  1.3582E+02  7.0602E-01  1.2971E-01  3.2333E-03
  4.7000E+01  5.1938E+00  1.5155E+00  1.3582E+02  7.0602E-01  1.2971E-01  3.2333E-03
  4.7000E+01  5.1938E+00  1.5155E+00  1.3582E+02  7.0602E-01  1.2971E-01  3.2333E-03
  4.8000E+01  5.1938E+00  1.5155E+00  1.3582E+02  7.0602E-01  1.2971E-01  2.7254E-03
  4.8000E+01  5.1938E+00  1.5155E+00  1.3582E+02  7.0602E-01  1.2971E-01  2.7254E-03
  4.8000E+01  5.1938E+00  1.5155E+00  1.3582E+02  7.0602E-01  1.2971E-01  2.7254E-03
  4.8000E+01  5.1938E+00  1.5155E+00  1.3582E+02  7.0602E-01  1.2971E-01  2.7254E-03
  4.8000E+01  5.1938E+00  1.5155E+00  1.3582E+02  7.0602E-01  1.2971E-01  2.7254E-03
  4.8000E+01  5.1938E+00  1.5155E+00  1.3582E+02  7.0602E-01  1.2971E-01  2.7254E-03
  4.8000E+01  5.1938E+00  1.5155E+00  1.3582E+02  7.0602E-01  1.2971E-01  2.7254E-03
  4.9000E+01  5.1938E+00  1.5155E+00  1.3582E+02  7.0602E-01  1.2971E-01  1.5816E-03
  4.9000E+01  5.1938E+00  1.5155E+00  1.3582E+02  7.0602E-01  1.2971E-01  1.5816E-03
  4.9000E+01  5.1938E+00  1.5155E+00  1.3582E+02  7.0602E-01  1.2971E-01  1.5816E-03
  4.9000E+01  5.1938E+00  1.5155E+00  1.3582E+02  7.0602E-01  1.2971E-01  1.5816E-03
  4.9000E+01  5.1938E+00  1.5155E+00  1.3582E+02  7.0602E-01  1.2971E-01  1.5816E-03
  4.9000E+01  5.1938E+00  1.5155E+00  1.3582E+02  7.0602E-01  1.2971E-01  1.5816E-03
  4.9000E+01  5.1938E+00  1.5155E+00  1.3582E+02  7.0602E-01  1.2971E-01  1.5816E-03
  5.0000E+01  5.1938E+00  1.5155E+00  1.3582E+02  7.0602E-01  1.2971E-01  4.2213E-03
  5.0000E+01  5.1938E+00  1.5155E+00  1.3582E+02  7.0602E-01  1.2971E-01  4.2213E-03
  5.0000E+01  5.1938E+00  1.5155E+00  1.3582E+02  7.0602E-01  1.2971E-01  4.2213E-03
  5.0000E+01  5.1938E+00  1.5155E+00  1.3582E+02  7.0602E-01  1.2971E-01  4.2213E-03
  5.0000E+01  5.1938E+00  1.5155E+00  1.3582E+02  7.0602E-01  1.2971E-01  4.2213E-03
  5.0000E+01  5.1938E+00  1.5155E+00  1.3582E+02  7.0602E-01  1.2971E-01  4.2213E-03
  5.0000E+01  5.1938E+00  1.5155E+00  1.3582E+02  7.0602E-01  1.2971E-01  4.2213E-03
  5.1000E+01  5.1938E+00  1.5155E+00  1.3582E+02  7.0602E-01  1.2971E-01  2.9097E-03
  5.1000E+01  5.1938E+00  1.5155E+00  1.3582E+02  7.0602E-01  1.2971E-01  2.9097E-03
  5.1000E+01  5.1938E+00  1.5155E+00  1.3582E+02  7.0602E-01  1.2971E-01  2.9097E-03
  5.1000E+01  5.1938E+00  1.5155E+00  1.3582E+02  7.0602E-01  1.2971E-01  2.9097E-03
  5.1000E+01  5.1938E+00  1.5155E+00  1.3582E+02  7.0602E-01  1.2971E-01  2.9097E-03
  5.1000E+01  5.1938E+00  1.5155E+00  1.3582E+02  7.0602E-01  1.2971E-01  2.9097E-03
  5.2000E+01  5.1938E+00  1.5155E+00  1.3582E+02  7.0602E-01  1.2971E-01  2.4644E-02
  5.2000E+01  5.1938E+00  1.5155E+00  1.3582E+02  7.0602E-01  1.2971E-01  2.4644E-02
  5.2000E+01  5.1938E+00  1.5155E+00  1.3582E+02  7.0602E-01  1.2971E-01  2.4644E-02
  5.2000E+01  5.1938E+00  1.5155E+00  1.3582E+02  7.0602E-01  1.2971E-01  2.4644E-02
  5.2000E+01  5.1938E+00  1.5155E+00  1.3582E+02  7.0602E-01  1.2971E-01  2.4644E-02
  5.2000E+01  5.1938E+00  1.5155E+00  1.3582E+02  7.0602E-01  1.2971E-01  2.4644E-02
  5.2000E+01  5.1938E+00  1.5155E+00  1.3582E+02  7.0602E-01  1.2971E-01  2.4644E-02
  5.3000E+01  5.1938E+00  1.5155E+00  1.3582E+02  7.0602E-01  1.2971E-01  3.3916E-03
  5.3000E+01  5.1938E+00  1.5155E+00  1.3582E+02  7.0602E-01  1.2971E-01  3.3916E-03
  5.3000E+01  5.1938E+00  1.5155E+00  1.3582E+02  7.0602E-01  1.2971E-01  3.3916E-03
  5.3000E+01  5.1938E+00  1.5155E+00  1.3582E+02  7.0602E-01  1.2971E-01  3.3916E-03
  5.3000E+01  5.1938E+00  1.5155E+00  1.3582E+02  7.0602E-01  1.2971E-01  3.3916E-03
  5.3000E+01  5.1938E+00  1.5155E+00  1.3582E+02  7.0602E-01  1.2971E-01  3.3916E-03
  5.3000E+01  5.1938E+00  1.5155E+00  1.3582E+02  7.0602E-01  1.2971E-01  3.3916E-03
  5.4000E+01  5.1938E+00  1.5155E+00  1.3582E+02  7.0602E-01  1.2971E-01  7.4136E-03
  5.4000E+01  5.1938E+00  1.5155E+00  1.3582E+02  7.0602E-01  1.2971E-01  7.4136E-03
  5.4000E+01  5.1938E+00  1.5155E+00  1.3582E+02  7.0602E-01  1.2971E-01  7.4136E-03
  5.4000E+01  5.1938E+00  1.5155E+00  1.3582E+02  7.0602E-01  1.2971E-01  7.4136E-03
  5.4000E+01  5.1938E+00  1.5155E+00  1.3582E+02  7.0602E-01  1.2971E-01  7.4136E-03
  5.4000E+01  5.1938E+00  1.5155E+00  1.3582E+02  7.0602E-01  1.2971E-01  7.4136E-03
  5.4000E+01  5.1938E+00  1.5155E+00  1.3582E+02  7.0602E-01  1.2971E-01  7.4136E-03
  5.5000E+01  5.1938E+00  1.5155E+00  1.3582E+02  7.0602E-01  1.2971E-01  2.5535E-03
  5.5000E+01  5.1938E+00  1.5155E+00  1.3582E+02  7.0602E-01  1.2971E-01  2.5535E-03
  5.5000E+01  5.1938E+00  1.5155E+00  1.3582E+02  7.0602E-01  1.2971E-01  2.5535E-03
  5.5000E+01  5.1938E+00  1.5155E+00  1.3582E+02  7.0602E-01  1.2971E-01  2.5535E-03
  5.5000E+01  5.1938E+00  1.5155E+00  1.3582E+02  7.0602E-01  1.2971E-01  2.5535E-03
  5.5000E+01  5.1938E+00  1.5155E+00  1.3582E+02  7.0602E-01  1.2971E-01  2.5535E-03
  5.5000E+01  5.1938E+00  1.5155E+00  1.3582E+02  7.0602E-01  1.2971E-01  2.5535E-03
  5.6000E+01  5.1938E+00  1.5155E+00  1.3582E+02  7.0602E-01  1.2971E-01  2.0700E-03
  5.6000E+01  5.1938E+00  1.5155E+00  1.3582E+02  7.0602E-01  1.2971E-01  2.0700E-03
  5.6000E+01  5.1938E+00  1.5155E+00  1.3582E+02  7.0602E-01  1.2971E-01  2.0700E-03
  5.6000E+01  5.1938E+00  1.5155E+00  1.3582E+02  7.0602E-01  1.2971E-01  2.0700E-03
  5.6000E+01  5.1938E+00  1.5155E+00  1.3582E+02  7.0602E-01  1.2971E-01  2.0700E-03
  5.6000E+01  5.1938E+00  1.5155E+00  1.3582E+02  7.0602E-01  1.2971E-01  2.0700E-03
  5.6000E+01  5.1938E+00  1.5155E+00  1.3582E+02  7.0602E-01  1.2971E-01  2.0700E-03
  5.7000E+01  5.1938E+00  1.5155E+00  1.3582E+02  7.0602E-01  1.2971E-01  1.5607E-03
  5.7000E+01  5.1938E+00  1.5155E+00  1.3582E+02  7.0602E-01  1.2971E-01  1.5607E-03
  5.7000E+01  5.1938E+00  1.5155E+00  1.3582E+02  7.0602E-01  1.2971E-01  1.5607E-03
  5.7000E+01  5.1938E+00  1.5155E+00  1.3582E+02  7.0602E-01  1.2971E-01  1.5607E-03
  5.7000E+01  5.1938E+00  1.5155E+00  1.3582E+02  7.0602E-01  1.2971E-01  1.5607E-03
  5.7000E+01  5.1938E+00  1.5155E+00  1.3582E+02  7.0602E-01  1.2971E-01  1.5607E-03
  5.8000E+01  5.1938E+00  1.5155E+00  1.3582E+02  7.0602E-01  1.2971E-01  1.8278E-03
  5.8000E+01  5.1938E+00  1.5155E+00  1.3582E+02  7.0602E-01  1.2971E-01  1.8278E-03
  5.8000E+01  5.1938E+00  1.5155E+00  1.3582E+02  7.0602E-01  1.2971E-01  1.8278E-03
  5.8000E+01  5.1938E+00  1.5155E+00  1.3582E+02  7.0602E-01  1.2971E-01  1.8278E-03
  5.8000E+01  5.1938E+00  1.5155E+00  1.3582E+02  7.0602E-01  1.2971E-01  1.8278E-03
  5.8000E+01  5.1938E+00  1.5155E+00  1.3582E+02  7.0602E-01  1.2971E-01  1.8278E-03
  5.8000E+01  5.1938E+00  1.5155E+00  1.3582E+02  7.0602E-01  1.2971E-01  1.8278E-03
  5.9000E+01  5.1938E+00  1.5155E+00  1.3582E+02  7.0602E-01  1.2971E-01  6.5271E-03
  5.9000E+01  5.1938E+00  1.5155E+00  1.3582E+02  7.0602E-01  1.2971E-01  6.5271E-03
  5.9000E+01  5.1938E+00  1.5155E+00  1.3582E+02  7.0602E-01  1.2971E-01  6.5271E-03
  5.9000E+01  5.1938E+00  1.5155E+00  1.3582E+02  7.0602E-01  1.2971E-01  6.5271E-03
  5.9000E+01  5.1938E+00  1.5155E+00  1.3582E+02  7.0602E-01  1.2971E-01  6.5271E-03
  5.9000E+01  5.1938E+00  1.5155E+00  1.3582E+02  7.0602E-01  1.2971E-01  6.5271E-03
  5.9000E+01  5.1938E+00  1.5155E+00  1.3582E+02  7.0602E-01  1.2971E-01  6.5271E-03
  6.0000E+01  5.1938E+00  1.5155E+00  1.3582E+02  7.0602E-01  1.2971E-01  2.2089E-03
  6.0000E+01  5.1938E+00  1.5155E+00  1.3582E+02  7.0602E-01  1.2971E-01  2.2089E-03
  6.0000E+01  5.1938E+00  1.5155E+00  1.3582E+02  7.0602E-01  1.2971E-01  2.2089E-03
  6.0000E+01  5.1938E+00  1.5155E+00  1.3582E+02  7.0602E-01  1.2971E-01  2.2089E-03
  6.0000E+01  5.1938E+00  1.5155E+00  1.3582E+02  7.0602E-01  1.2971E-01  2.2089E-03
  6.0000E+01  5.1938E+00  1.5155E+00  1.3582E+02  7.0602E-01  1.2971E-01  2.2089E-03
  6.0000E+01  5.1938E+00  1.5155E+00  1.3582E+02  7.0602E-01  1.2971E-01  2.2089E-03
  6.1000E+01  5.1938E+00  1.5155E+00  1.3582E+02  7.0602E-01  1.2971E-01  1.0427E-02
  6.1000E+01  5.1938E+00  1.5155E+00  1.3582E+02  7.0602E-01  1.2971E-01  1.0427E-02
  6.1000E+01  5.1938E+00  1.5155E+00  1.3582E+02  7.0602E-01  1.2971E-01  1.0427E-02
  6.1000E+01  5.1938E+00  1.5155E+00  1.3582E+02  7.0602E-01  1.2971E-01  1.0427E-02
  6.1000E+01  5.1938E+00  1.5155E+00  1.3582E+02  7.0602E-01  1.2971E-01  1.0427E-02
  6.1000E+01  5.1938E+00  1.5155E+00  1.3582E+02  7.0602E-01  1.2971E-01  1.0427E-02
  6.2000E+01  5.1938E+00  1.5155E+00  1.3582E+02  7.0602E-01  1.2971E-01  4.2251E-03
  6.2000E+01  5.1938E+00  1.5155E+00  1.3582E+02  7.0602E-01  1.2971E-01  4.2251E-03
  6.2000E+01  5.1938E+00  1.5155E+00  1.3582E+02  7.0602E-01  1.2971E-01  4.2251E-03
  6.2000E+01  5.1938E+00  1.5155E+00  1.3582E+02  7.0602E-01  1.2971E-01  4.2251E-03
  6.2000E+01  5.1938E+00  1.5155E+00  1.3582E+02  7.0602E-01  1.2971E-01  4.2251E-03
  6.2000E+01  5.1938E+00  1.5155E+00  1.3582E+02  7.0602E-01  1.2971E-01  4.2251E-03
  6.3000E+01  5.1938E+00  1.5155E+00  1.3582E+02  7.0602E-01  1.2971E-01  1.1743E-02
  6.3000E+01  5.1938E+00  1.5155E+00  1.3582E+02  7.0602E-01  1.2971E-01  1.1743E-02
  6.3000E+01  5.1938E+00  1.5155E+00  1.3582E+02  7.0602E-01  1.2971E-01  1.1743E-02
  6.3000E+01  5.1938E+00  1.5155E+00  1.3582E+02  7.0602E-01  1.2971E-01  1.1743E-02
  6.3000E+01  5.1938E+00  1.5155E+00  1.3582E+02  7.0602E-01  1.2971E-01  1.1743E-02
  6.3000E+01  5.1938E+00  1.5155E+00  1.3582E+02  7.0602E-01  1.2971E-01  1.1743E-02
  6.4000E+01  5.1938E+00  1.5155E+00  1.3582E+02  7.0602E-01  1.2971E-01  8.1780E-03
  6.4000E+01  5.1938E+00  1.5155E+00  1.3582E+02  7.0602E-01  1.2971E-01  8.1780E-03
  6.4000E+01  5.1938E+00  1.5155E+00  1.3582E+02  7.0602E-01  1.2971E-01  8.1780E-03
  6.4000E+01  5.1938E+00  1.5155E+00  1.3582E+02  7.0602E-01  1.2971E-01  8.1780E-03
  6.4000E+01  5.1938E+00  1.5155E+00  1.3582E+02  7.0602E-01  1.2971E-01  8.1780E-03
  6.4000E+01  5.1938E+00  1.5155E+00  1.3582E+02  7.0602E-01  1.2971E-01  8.1780E-03
  6.5000E+01  5.1938E+00  1.5155E+00  1.3582E+02  7.0602E-01  1.2971E-01  4.7111E-03
  6.5000E+01  5.1938E+00  1.5155E+00  1.3582E+02  7.0602E-01  1.2971E-01  4.7111E-03
  6.5000E+01  5.1938E+00  1.5155E+00  1.3582E+02  7.0602E-01  1.2971E-01  4.7111E-03
  6.5000E+01  5.1938E+00  1.5155E+00  1.3582E+02  7.0602E-01  1.2971E-01  4.7111E-03
  6.5000E+01  5.1938E+00  1.5155E+00  1.3582E+02  7.0602E-01  1.2971E-01  4.7111E-03
  6.5000E+01  5.1938E+00  1.5155E+00  1.3582E+02  7.0602E-01  1.2971E-01  4.7111E-03
  6.6000E+01  5.1938E+00  1.5155E+00  1.3582E+02  7.0602E-01  1.2971E-01  4.1983E-03
  6.6000E+01  5.1938E+00  1.5155E+00  1.3582E+02  7.0602E-01  1.2971E-01  4.1983E-03
  6.6000E+01  5.1938E+00  1.5155E+00  1.3582E+02  7.0602E-01  1.2971E-01  4.1983E-03
  6.6000E+01  5.1938E+00  1.5155E+00  1.3582E+02  7.0602E-01  1.2971E-01  4.1983E-03
  6.6000E+01  5.1938E+00  1.5155E+00  1.3582E+02  7.0602E-01  1.2971E-01  4.1983E-03
  6.6000E+01  5.1938E+00  1.5155E+00  1.3582E+02  7.0602E-01  1.2971E-01  4.1983E-03
  6.7000E+01  5.1938E+00  1.5155E+00  1.3582E+02  7.0602E-01  1.2971E-01  3.4320E-03
  6.7000E+01  5.1938E+00  1.5155E+00  1.3582E+02  7.0602E-01  1.2971E-01  3.4320E-03
  6.7000E+01  5.1938E+00  1.5155E+00  1.3582E+02  7.0602E-01  1.2971E-01  3.4320E-03
  6.7000E+01  5.1938E+00  1.5155E+00  1.3582E+02  7.0602E-01  1.2971E-01  3.4320E-03
  6.7000E+01  5.1938E+00  1.5155E+00  1.3582E+02  7.0602E-01  1.2971E-01  3.4320E-03
  6.7000E+01  5.1938E+00  1.5155E+00  1.3582E+02  7.0602E-01  1.2971E-01  3.4320E-03
  6.8000E+01  5.1938E+00  1.5155E+00  1.3582E+02  7.0602E-01  1.2971E-01  3.0256E-03
  6.8000E+01  5.1938E+00  1.5155E+00  1.3582E+02  7.0602E-01  1.2971E-01  3.0256E-03
  6.8000E+01  5.1938E+00  1.5155E+00  1.3582E+02  7.0602E-01  1.2971E-01  3.0256E-03
  6.8000E+01  5.1938E+00  1.5155E+00  1.3582E+02  7.0602E-01  1.2971E-01  3.0256E-03
  6.8000E+01  5.1938E+00  1.5155E+00  1.3582E+02  7.0602E-01  1.2971E-01  3.0256E-03
  6.8000E+01  5.1938E+00  1.5155E+00  1.3582E+02  7.0602E-01  1.2971E-01  3.0256E-03
  6.9000E+01  5.1938E+00  1.5155E+00  1.3582E+02  7.0602E-01  1.2971E-01  5.0094E-03
  6.9000E+01  5.1938E+00  1.5155E+00  1.3582E+02  7.0602E-01  1.2971E-01  5.0094E-03
  6.9000E+01  5.1938E+00  1.5155E+00  1.3582E+02  7.0602E-01  1.2971E-01  5.0094E-03
  6.9000E+01  5.1938E+00  1.5155E+00  1.3582E+02  7.0602E-01  1.2971E-01  5.0094E-03
  6.9000E+01  5.1938E+00  1.5155E+00  1.3582E+02  7.0602E-01  1.2971E-01  5.0094E-03
  6.9000E+01  5.1938E+00  1.5155E+00  1.3582E+02  7.0602E-01  1.2971E-01  5.0094E-03
  7.0000E+01  5.1938E+00  1.5155E+00  1.3582E+02  7.0602E-01  1.2971E-01  3.9400E-03
  7.0000E+01  5.1938E+00  1.5155E+00  1.3582E+02  7.0602E-01  1.2971E-01  3.9400E-03
  7.0000E+01  5.1938E+00  1.5155E+00  1.3582E+02  7.0602E-01  1.2971E-01  3.9400E-03
  7.0000E+01  5.1938E+00  1.5155E+00  1.3582E+02  7.0602E-01  1.2971E-01  3.9400E-03
  7.0000E+01  5.1938E+00  1.5155E+00  1.3582E+02  7.0602E-01  1.2971E-01  3.9400E-03
  7.0000E+01  5.1938E+00  1.5155E+00  1.3582E+02  7.0602E-01  1.2971E-01  3.9400E-03
  7.1000E+01  5.1938E+00  1.5155E+00  1.3582E+02  7.0602E-01  1.2971E-01  9.3630E-03
  7.1000E+01  5.1938E+00  1.5155E+00  1.3582E+02  7.0602E-01  1.2971E-01  9.3630E-03
  7.1000E+01  5.1938E+00  1.5155E+00  1.3582E+02  7.0602E-01  1.2971E-01  9.3630E-03
  7.1000E+01  5.1938E+00  1.5155E+00  1.3582E+02  7.0602E-01  1.2971E-01  9.3630E-03
  7.1000E+01  5.1938E+00  1.5155E+00  1.3582E+02  7.0602E-01  1.2971E-01  9.3630E-03
  7.1000E+01  5.1938E+00  1.5155E+00  1.3582E+02  7.0602E-01  1.2971E-01  9.3630E-03
  7.2000E+01  5.1938E+00  1.5155E+00  1.3582E+02  7.0602E-01  1.2971E-01  4.2639E-03
  7.2000E+01  5.1938E+00  1.5155E+00  1.3582E+02  7.0602E-01  1.2971E-01  4.2639E-03
  7.2000E+01  5.1938E+00  1.5155E+00  1.3582E+02  7.0602E-01  1.2971E-01  4.2639E-03
  7.2000E+01  5.1938E+00  1.5155E+00  1.3582E+02  7.0602E-01  1.2971E-01  4.2639E-03
  7.2000E+01  5.1938E+00  1.5155E+00  1.3582E+02  7.0602E-01  1.2971E-01  4.2639E-03
  7.2000E+01  5.1938E+00  1.5155E+00  1.3582E+02  7.0602E-01  1.2971E-01  4.2639E-03
  7.3000E+01  5.1938E+00  1.5155E+00  1.3582E+02  7.0602E-01  1.2971E-01  1.4230E-02
  7.3000E+01  5.1938E+00  1.5155E+00  1.3582E+02  7.0602E-01  1.2971E-01  1.4230E-02
  7.3000E+01  5.1938E+00  1.5155E+00  1.3582E+02  7.0602E-01  1.2971E-01  1.4230E-02
  7.3000E+01  5.1938E+00  1.5155E+00  1.3582E+02  7.0602E-01  1.2971E-01  1.4230E-02
  7.3000E+01  5.1938E+00  1.5155E+00  1.3582E+02  7.0602E-01  1.2971E-01  1.4230E-02
  7.3000E+01  5.1938E+00  1.5155E+00  1.3582E+02  7.0602E-01  1.2971E-01  1.4230E-02
  7.4000E+01  5.1938E+00  1.5155E+00  1.3582E+02  7.0602E-01  1.2971E-01  2.7953E-03
  7.4000E+01  5.1938E+00  1.5155E+00  1.3582E+02  7.0602E-01  1.2971E-01  2.7953E-03
  7.4000E+01  5.1938E+00  1.5155E+00  1.3582E+02  7.0602E-01  1.2971E-01  2.7953E-03
  7.4000E+01  5.1938E+00  1.5155E+00  1.3582E+02  7.0602E-01  1.2971E-01  2.7953E-03
  7.4000E+01  5.1938E+00  1.5155E+00  1.3582E+02  7.0602E-01  1.2971E-01  2.7953E-03
  7.4000E+01  5.1938E+00  1.5155E+00  1.3582E+02  7.0602E-01  1.2971E-01  2.7953E-03
  7.5000E+01  5.1938E+00  1.5155E+00  1.3582E+02  7.0602E-01  1.2971E-01  1.8153E-03
  7.5000E+01  5.1938E+00  1.5155E+00  1.3582E+02  7.0602E-01  1.2971E-01  1.8153E-03
  7.5000E+01  5.1938E+00  1.5155E+00  1.3582E+02  7.0602E-01  1.2971E-01  1.8153E-03
  7.5000E+01  5.1938E+00  1.5155E+00  1.3582E+02  7.0602E-01  1.2971E-01  1.8153E-03
  7.5000E+01  5.1938E+00  1.5155E+00  1.3582E+02  7.0602E-01  1.2971E-01  1.8153E-03
  7.5000E+01  5.1938E+00  1.5155E+00  1.3582E+02  7.0602E-01  1.2971E-01  1.8153E-03
  7.6000E+01  5.1938E+00  1.5155E+00  1.3582E+02  7.0602E-01  1.2971E-01  1.4000E-03
  7.6000E+01  5.1938E+00  1.5155E+00  1.3582E+02  7.0602E-01  1.2971E-01  1.4000E-03
  7.6000E+01  5.1938E+00  1.5155E+00  1.3582E+02  7.0602E-01  1.2971E-01  1.4000E-03
  7.6000E+01  5.1938E+00  1.5155E+00  1.3582E+02  7.0602E-01  1.2971E-01  1.4000E-03
  7.6000E+01  5.1938E+00  1.5155E+00  1.3582E+02  7.0602E-01  1.2971E-01  1.4000E-03
  7.6000E+01  5.1938E+00  1.5155E+00  1.3582E+02  7.0602E-01  1.2971E-01  1.4000E-03
  7.7000E+01  5.1938E+00  1.5155E+00  1.3582E+02  7.0602E-01  1.2971E-01  2.7355E-03
  7.7000E+01  5.1938E+00  1.5155E+00  1.3582E+02  7.0602E-01  1.2971E-01  2.7355E-03
  7.7000E+01  5.1938E+00  1.5155E+00  1.3582E+02  7.0602E-01  1.2971E-01  2.7355E-03
  7.7000E+01  5.1938E+00  1.5155E+00  1.3582E+02  7.0602E-01  1.2971E-01  2.7355E-03
  7.7000E+01  5.1938E+00  1.5155E+00  1.3582E+02  7.0602E-01  1.2971E-01  2.7355E-03
  7.7000E+01  5.1938E+00  1.5155E+00  1.3582E+02  7.0602E-01  1.2971E-01  2.7355E-03
  7.8000E+01  5.1938E+00  1.5155E+00  1.3582E+02  7.0602E-01  1.2971E-01  1.6113E-03
  7.8000E+01  5.1938E+00  1.5155E+00  1.3582E+02  7.0602E-01  1.2971E-01  1.6113E-03
  7.8000E+01  5.1938E+00  1.5155E+00  1.3582E+02  7.0602E-01  1.2971E-01  1.6113E-03
  7.8000E+01  5.1938E+00  1.5155E+00  1.3582E+02  7.0602E-01  1.2971E-01  1.6113E-03
  7.8000E+01  5.1938E+00  1.5155E+00  1.3582E+02  7.0602E-01  1.2971E-01  1.6113E-03
  7.8000E+01  5.1938E+00  1.5155E+00  1.3582E+02  7.0602E-01  1.2971E-01  1.6113E-03
