TABLE NO.  2
 ID          CL          V2          V3          Q           KA          F1          DOSE
  1.0000E+00  6.4226E+00  3.3646E+00  1.5641E+02  3.9099E+00  1.4136E-01  3.2873E-01  1.0000E+01
  1.0000E+00  6.4226E+00  3.3646E+00  1.5641E+02  3.9099E+00  1.4136E-01  3.2873E-01  1.0000E+01
  1.0000E+00  6.4226E+00  3.3646E+00  1.5641E+02  3.9099E+00  1.4136E-01  3.2873E-01  1.0000E+01
  1.0000E+00  6.4226E+00  3.3646E+00  1.5641E+02  3.9099E+00  1.4136E-01  3.2873E-01  1.0000E+01
  1.0000E+00  6.4226E+00  3.3646E+00  1.5641E+02  3.9099E+00  1.4136E-01  3.2873E-01  1.0000E+01
  1.0000E+00  6.4226E+00  3.3646E+00  1.5641E+02  3.9099E+00  1.4136E-01  3.2873E-01  1.0000E+01
  1.0000E+00  6.4226E+00  3.3646E+00  1.5641E+02  3.9099E+00  1.4136E-01  3.2873E-01  1.0000E+01
  1.0000E+00  6.4226E+00  3.3646E+00  1.5641E+02  3.9099E+00  1.4136E-01  3.2873E-01  1.0000E+01
  1.0000E+00  6.4226E+00  3.3646E+00  1.5641E+02  3.9099E+00  1.4136E-01  3.2873E-01  1.0000E+01
  1.0000E+00  6.4226E+00  3.3646E+00  1.5641E+02  3.9099E+00  1.4136E-01  3.2873E-01  1.0000E+01
  1.0000E+00  6.4226E+00  3.3646E+00  1.5641E+02  3.9099E+00  1.4136E-01  3.2873E-01  1.0000E+01
  1.0000E+00  6.4226E+00  3.3646E+00  1.5641E+02  3.9099E+00  1.4136E-01  3.2873E-01  1.0000E+01
  2.0000E+00  5.1882E+00  3.3646E+00  1.5641E+02  3.9099E+00  1.4136E-01  3.2873E-01  1.0000E+01
  2.0000E+00  5.1882E+00  3.3646E+00  1.5641E+02  3.9099E+00  1.4136E-01  3.2873E-01  1.0000E+01
  2.0000E+00  5.1882E+00  3.3646E+00  1.5641E+02  3.9099E+00  1.4136E-01  3.2873E-01  1.0000E+01
  2.0000E+00  5.1882E+00  3.3646E+00  1.5641E+02  3.9099E+00  1.4136E-01  3.2873E-01  1.0000E+01
  2.0000E+00  5.1882E+00  3.3646E+00  1.5641E+02  3.9099E+00  1.4136E-01  3.2873E-01  1.0000E+01
  2.0000E+00  5.1882E+00  3.3646E+00  1.5641E+02  3.9099E+00  1.4136E-01  3.2873E-01  1.0000E+01
  2.0000E+00  5.1882E+00  3.3646E+00  1.5641E+02  3.9099E+00  1.4136E-01  3.2873E-01  1.0000E+01
  2.0000E+00  5.1882E+00  3.3646E+00  1.5641E+02  3.9099E+00  1.4136E-01  3.2873E-01  1.0000E+01
  2.0000E+00  5.1882E+00  3.3646E+00  1.5641E+02  3.9099E+00  1.4136E-01  3.2873E-01  1.0000E+01
  2.0000E+00  5.1882E+00  3.3646E+00  1.5641E+02  3.9099E+00  1.4136E-01  3.2873E-01  1.0000E+01
  2.0000E+00  5.1882E+00  3.3646E+00  1.5641E+02  3.9099E+00  1.4136E-01  3.2873E-01  1.0000E+01
  2.0000E+00  5.1882E+00  3.3646E+00  1.5641E+02  3.9099E+00  1.4136E-01  3.2873E-01  1.0000E+01
  3.0000E+00  1.9763E+01  3.3646E+00  1.5641E+02  3.9099E+00  1.4136E-01  3.2873E-01  1.0000E+01
  3.0000E+00  1.9763E+01  3.3646E+00  1.5641E+02  3.9099E+00  1.4136E-01  3.2873E-01  1.0000E+01
  3.0000E+00  1.9763E+01  3.3646E+00  1.5641E+02  3.9099E+00  1.4136E-01  3.2873E-01  1.0000E+01
  3.0000E+00  1.9763E+01  3.3646E+00  1.5641E+02  3.9099E+00  1.4136E-01  3.2873E-01  1.0000E+01
  3.0000E+00  1.9763E+01  3.3646E+00  1.5641E+02  3.9099E+00  1.4136E-01  3.2873E-01  1.0000E+01
  3.0000E+00  1.9763E+01  3.3646E+00  1.5641E+02  3.9099E+00  1.4136E-01  3.2873E-01  1.0000E+01
  3.0000E+00  1.9763E+01  3.3646E+00  1.5641E+02  3.9099E+00  1.4136E-01  3.2873E-01  1.0000E+01
  3.0000E+00  1.9763E+01  3.3646E+00  1.5641E+02  3.9099E+00  1.4136E-01  3.2873E-01  1.0000E+01
  3.0000E+00  1.9763E+01  3.3646E+00  1.5641E+02  3.9099E+00  1.4136E-01  3.2873E-01  1.0000E+01
  3.0000E+00  1.9763E+01  3.3646E+00  1.5641E+02  3.9099E+00  1.4136E-01  3.2873E-01  1.0000E+01
  3.0000E+00  1.9763E+01  3.3646E+00  1.5641E+02  3.9099E+00  1.4136E-01  3.2873E-01  1.0000E+01
  3.0000E+00  1.9763E+01  3.3646E+00  1.5641E+02  3.9099E+00  1.4136E-01  3.2873E-01  1.0000E+01
  4.0000E+00  2.8817E+01  3.3646E+00  1.5641E+02  3.9099E+00  4.2038E-01  3.2873E-01  1.0000E+01
  4.0000E+00  2.8817E+01  3.3646E+00  1.5641E+02  3.9099E+00  4.2038E-01  3.2873E-01  1.0000E+01
  4.0000E+00  2.8817E+01  3.3646E+00  1.5641E+02  3.9099E+00  4.2038E-01  3.2873E-01  1.0000E+01
  4.0000E+00  2.8817E+01  3.3646E+00  1.5641E+02  3.9099E+00  4.2038E-01  3.2873E-01  1.0000E+01
  4.0000E+00  2.8817E+01  3.3646E+00  1.5641E+02  3.9099E+00  4.2038E-01  3.2873E-01  1.0000E+01
  4.0000E+00  2.8817E+01  3.3646E+00  1.5641E+02  3.9099E+00  4.2038E-01  3.2873E-01  1.0000E+01
  4.0000E+00  2.8817E+01  3.3646E+00  1.5641E+02  3.9099E+00  4.2038E-01  3.2873E-01  1.0000E+01
  4.0000E+00  2.8817E+01  3.3646E+00  1.5641E+02  3.9099E+00  4.2038E-01  3.2873E-01  1.0000E+01
  4.0000E+00  2.8817E+01  3.3646E+00  1.5641E+02  3.9099E+00  4.2038E-01  3.2873E-01  1.0000E+01
  4.0000E+00  2.8817E+01  3.3646E+00  1.5641E+02  3.9099E+00  4.2038E-01  3.2873E-01  1.0000E+01
  4.0000E+00  2.8817E+01  3.3646E+00  1.5641E+02  3.9099E+00  4.2038E-01  3.2873E-01  1.0000E+01
  4.0000E+00  2.8817E+01  3.3646E+00  1.5641E+02  3.9099E+00  4.2038E-01  3.2873E-01  1.0000E+01
  4.0000E+00  2.8817E+01  3.3646E+00  1.5641E+02  3.9099E+00  4.2038E-01  3.2873E-01  1.0000E+01
  5.0000E+00  4.0717E+01  3.3646E+00  1.5641E+02  3.9099E+00  5.4036E-01  3.2873E-01  1.0000E+01
  5.0000E+00  4.0717E+01  3.3646E+00  1.5641E+02  3.9099E+00  5.4036E-01  3.2873E-01  1.0000E+01
  5.0000E+00  4.0717E+01  3.3646E+00  1.5641E+02  3.9099E+00  5.4036E-01  3.2873E-01  1.0000E+01
  5.0000E+00  4.0717E+01  3.3646E+00  1.5641E+02  3.9099E+00  5.4036E-01  3.2873E-01  1.0000E+01
  5.0000E+00  4.0717E+01  3.3646E+00  1.5641E+02  3.9099E+00  5.4036E-01  3.2873E-01  1.0000E+01
  5.0000E+00  4.0717E+01  3.3646E+00  1.5641E+02  3.9099E+00  5.4036E-01  3.2873E-01  1.0000E+01
  5.0000E+00  4.0717E+01  3.3646E+00  1.5641E+02  3.9099E+00  5.4036E-01  3.2873E-01  1.0000E+01
  5.0000E+00  4.0717E+01  3.3646E+00  1.5641E+02  3.9099E+00  5.4036E-01  3.2873E-01  1.0000E+01
  5.0000E+00  4.0717E+01  3.3646E+00  1.5641E+02  3.9099E+00  5.4036E-01  3.2873E-01  1.0000E+01
  5.0000E+00  4.0717E+01  3.3646E+00  1.5641E+02  3.9099E+00  5.4036E-01  3.2873E-01  1.0000E+01
  5.0000E+00  4.0717E+01  3.3646E+00  1.5641E+02  3.9099E+00  5.4036E-01  3.2873E-01  1.0000E+01
  5.0000E+00  4.0717E+01  3.3646E+00  1.5641E+02  3.9099E+00  5.4036E-01  3.2873E-01  1.0000E+01
  5.0000E+00  4.0717E+01  3.3646E+00  1.5641E+02  3.9099E+00  5.4036E-01  3.2873E-01  1.0000E+01
  6.0000E+00  3.7298E+01  3.3646E+00  1.5641E+02  3.9099E+00  4.2405E-01  3.2873E-01  1.0000E+01
  6.0000E+00  3.7298E+01  3.3646E+00  1.5641E+02  3.9099E+00  4.2405E-01  3.2873E-01  1.0000E+01
  6.0000E+00  3.7298E+01  3.3646E+00  1.5641E+02  3.9099E+00  4.2405E-01  3.2873E-01  1.0000E+01
  6.0000E+00  3.7298E+01  3.3646E+00  1.5641E+02  3.9099E+00  4.2405E-01  3.2873E-01  1.0000E+01
  6.0000E+00  3.7298E+01  3.3646E+00  1.5641E+02  3.9099E+00  4.2405E-01  3.2873E-01  1.0000E+01
  6.0000E+00  3.7298E+01  3.3646E+00  1.5641E+02  3.9099E+00  4.2405E-01  3.2873E-01  1.0000E+01
  6.0000E+00  3.7298E+01  3.3646E+00  1.5641E+02  3.9099E+00  4.2405E-01  3.2873E-01  1.0000E+01
  6.0000E+00  3.7298E+01  3.3646E+00  1.5641E+02  3.9099E+00  4.2405E-01  3.2873E-01  1.0000E+01
  6.0000E+00  3.7298E+01  3.3646E+00  1.5641E+02  3.9099E+00  4.2405E-01  3.2873E-01  1.0000E+01
  6.0000E+00  3.7298E+01  3.3646E+00  1.5641E+02  3.9099E+00  4.2405E-01  3.2873E-01  1.0000E+01
  6.0000E+00  3.7298E+01  3.3646E+00  1.5641E+02  3.9099E+00  4.2405E-01  3.2873E-01  1.0000E+01
  6.0000E+00  3.7298E+01  3.3646E+00  1.5641E+02  3.9099E+00  4.2405E-01  3.2873E-01  1.0000E+01
  6.0000E+00  3.7298E+01  3.3646E+00  1.5641E+02  3.9099E+00  4.2405E-01  3.2873E-01  1.0000E+01
  7.0000E+00  5.5197E+01  3.3646E+00  1.5641E+02  3.9099E+00  1.5232E-01  5.0674E-02  1.2500E+02
  7.0000E+00  5.5197E+01  3.3646E+00  1.5641E+02  3.9099E+00  1.5232E-01  5.0674E-02  1.2500E+02
  7.0000E+00  5.5197E+01  3.3646E+00  1.5641E+02  3.9099E+00  1.5232E-01  5.0674E-02  1.2500E+02
  7.0000E+00  5.5197E+01  3.3646E+00  1.5641E+02  3.9099E+00  1.5232E-01  5.0674E-02  1.2500E+02
  7.0000E+00  5.5197E+01  3.3646E+00  1.5641E+02  3.9099E+00  1.5232E-01  5.0674E-02  1.2500E+02
  7.0000E+00  5.5197E+01  3.3646E+00  1.5641E+02  3.9099E+00  1.5232E-01  5.0674E-02  1.2500E+02
  7.0000E+00  5.5197E+01  3.3646E+00  1.5641E+02  3.9099E+00  1.5232E-01  5.0674E-02  1.2500E+02
  7.0000E+00  5.5197E+01  3.3646E+00  1.5641E+02  3.9099E+00  1.5232E-01  5.0674E-02  1.2500E+02
  8.0000E+00  5.1391E+01  3.3646E+00  1.5641E+02  3.9099E+00  1.7805E-01  5.0674E-02  1.2500E+02
  8.0000E+00  5.1391E+01  3.3646E+00  1.5641E+02  3.9099E+00  1.7805E-01  5.0674E-02  1.2500E+02
  8.0000E+00  5.1391E+01  3.3646E+00  1.5641E+02  3.9099E+00  1.7805E-01  5.0674E-02  1.2500E+02
  8.0000E+00  5.1391E+01  3.3646E+00  1.5641E+02  3.9099E+00  1.7805E-01  5.0674E-02  1.2500E+02
  8.0000E+00  5.1391E+01  3.3646E+00  1.5641E+02  3.9099E+00  1.7805E-01  5.0674E-02  1.2500E+02
  8.0000E+00  5.1391E+01  3.3646E+00  1.5641E+02  3.9099E+00  1.7805E-01  5.0674E-02  1.2500E+02
  8.0000E+00  5.1391E+01  3.3646E+00  1.5641E+02  3.9099E+00  1.7805E-01  5.0674E-02  1.2500E+02
  8.0000E+00  5.1391E+01  3.3646E+00  1.5641E+02  3.9099E+00  1.7805E-01  5.0674E-02  1.2500E+02
  9.0000E+00  3.9741E+01  3.3646E+00  1.5641E+02  3.9099E+00  1.3182E-01  5.0674E-02  1.2500E+02
  9.0000E+00  3.9741E+01  3.3646E+00  1.5641E+02  3.9099E+00  1.3182E-01  5.0674E-02  1.2500E+02
  9.0000E+00  3.9741E+01  3.3646E+00  1.5641E+02  3.9099E+00  1.3182E-01  5.0674E-02  1.2500E+02
  9.0000E+00  3.9741E+01  3.3646E+00  1.5641E+02  3.9099E+00  1.3182E-01  5.0674E-02  1.2500E+02
  9.0000E+00  3.9741E+01  3.3646E+00  1.5641E+02  3.9099E+00  1.3182E-01  5.0674E-02  1.2500E+02
  9.0000E+00  3.9741E+01  3.3646E+00  1.5641E+02  3.9099E+00  1.3182E-01  5.0674E-02  1.2500E+02
  9.0000E+00  3.9741E+01  3.3646E+00  1.5641E+02  3.9099E+00  1.3182E-01  5.0674E-02  1.2500E+02
  9.0000E+00  3.9741E+01  3.3646E+00  1.5641E+02  3.9099E+00  1.3182E-01  5.0674E-02  1.2500E+02
  1.0000E+01  1.2313E+01  3.3646E+00  1.5641E+02  3.9099E+00  1.0232E-01  3.1456E-02  2.5000E+02
  1.0000E+01  1.2313E+01  3.3646E+00  1.5641E+02  3.9099E+00  1.0232E-01  3.1456E-02  2.5000E+02
  1.0000E+01  1.2313E+01  3.3646E+00  1.5641E+02  3.9099E+00  1.0232E-01  3.1456E-02  2.5000E+02
  1.0000E+01  1.2313E+01  3.3646E+00  1.5641E+02  3.9099E+00  1.0232E-01  3.1456E-02  2.5000E+02
  1.0000E+01  1.2313E+01  3.3646E+00  1.5641E+02  3.9099E+00  1.0232E-01  3.1456E-02  2.5000E+02
  1.0000E+01  1.2313E+01  3.3646E+00  1.5641E+02  3.9099E+00  1.0232E-01  3.1456E-02  2.5000E+02
  1.0000E+01  1.2313E+01  3.3646E+00  1.5641E+02  3.9099E+00  1.0232E-01  3.1456E-02  2.5000E+02
  1.0000E+01  1.2313E+01  3.3646E+00  1.5641E+02  3.9099E+00  1.0232E-01  3.1456E-02  2.5000E+02
  1.1000E+01  4.8876E+01  3.3646E+00  1.5641E+02  3.9099E+00  1.8802E-01  3.1456E-02  2.5000E+02
  1.1000E+01  4.8876E+01  3.3646E+00  1.5641E+02  3.9099E+00  1.8802E-01  3.1456E-02  2.5000E+02
  1.1000E+01  4.8876E+01  3.3646E+00  1.5641E+02  3.9099E+00  1.8802E-01  3.1456E-02  2.5000E+02
  1.1000E+01  4.8876E+01  3.3646E+00  1.5641E+02  3.9099E+00  1.8802E-01  3.1456E-02  2.5000E+02
  1.1000E+01  4.8876E+01  3.3646E+00  1.5641E+02  3.9099E+00  1.8802E-01  3.1456E-02  2.5000E+02
  1.1000E+01  4.8876E+01  3.3646E+00  1.5641E+02  3.9099E+00  1.8802E-01  3.1456E-02  2.5000E+02
  1.1000E+01  4.8876E+01  3.3646E+00  1.5641E+02  3.9099E+00  1.8802E-01  3.1456E-02  2.5000E+02
  1.1000E+01  4.8876E+01  3.3646E+00  1.5641E+02  3.9099E+00  1.8802E-01  3.1456E-02  2.5000E+02
  1.2000E+01  5.6195E+01  3.3646E+00  1.5641E+02  3.9099E+00  1.2784E-01  3.1456E-02  2.5000E+02
  1.2000E+01  5.6195E+01  3.3646E+00  1.5641E+02  3.9099E+00  1.2784E-01  3.1456E-02  2.5000E+02
  1.2000E+01  5.6195E+01  3.3646E+00  1.5641E+02  3.9099E+00  1.2784E-01  3.1456E-02  2.5000E+02
  1.2000E+01  5.6195E+01  3.3646E+00  1.5641E+02  3.9099E+00  1.2784E-01  3.1456E-02  2.5000E+02
  1.2000E+01  5.6195E+01  3.3646E+00  1.5641E+02  3.9099E+00  1.2784E-01  3.1456E-02  2.5000E+02
  1.2000E+01  5.6195E+01  3.3646E+00  1.5641E+02  3.9099E+00  1.2784E-01  3.1456E-02  2.5000E+02
  1.2000E+01  5.6195E+01  3.3646E+00  1.5641E+02  3.9099E+00  1.2784E-01  3.1456E-02  2.5000E+02
  1.2000E+01  5.6195E+01  3.3646E+00  1.5641E+02  3.9099E+00  1.2784E-01  3.1456E-02  2.5000E+02
  1.3000E+01  1.7622E+01  3.3646E+00  1.5641E+02  3.9099E+00  6.2320E-02  2.1488E-02  5.0000E+02
  1.3000E+01  1.7622E+01  3.3646E+00  1.5641E+02  3.9099E+00  6.2320E-02  2.1488E-02  5.0000E+02
  1.3000E+01  1.7622E+01  3.3646E+00  1.5641E+02  3.9099E+00  6.2320E-02  2.1488E-02  5.0000E+02
  1.3000E+01  1.7622E+01  3.3646E+00  1.5641E+02  3.9099E+00  6.2320E-02  2.1488E-02  5.0000E+02
  1.3000E+01  1.7622E+01  3.3646E+00  1.5641E+02  3.9099E+00  6.2320E-02  2.1488E-02  5.0000E+02
  1.3000E+01  1.7622E+01  3.3646E+00  1.5641E+02  3.9099E+00  6.2320E-02  2.1488E-02  5.0000E+02
  1.3000E+01  1.7622E+01  3.3646E+00  1.5641E+02  3.9099E+00  6.2320E-02  2.1488E-02  5.0000E+02
  1.3000E+01  1.7622E+01  3.3646E+00  1.5641E+02  3.9099E+00  6.2320E-02  2.1488E-02  5.0000E+02
  1.4000E+01  4.2897E+01  3.3646E+00  1.5641E+02  3.9099E+00  1.6209E-01  2.1488E-02  5.0000E+02
  1.4000E+01  4.2897E+01  3.3646E+00  1.5641E+02  3.9099E+00  1.6209E-01  2.1488E-02  5.0000E+02
  1.4000E+01  4.2897E+01  3.3646E+00  1.5641E+02  3.9099E+00  1.6209E-01  2.1488E-02  5.0000E+02
  1.4000E+01  4.2897E+01  3.3646E+00  1.5641E+02  3.9099E+00  1.6209E-01  2.1488E-02  5.0000E+02
  1.4000E+01  4.2897E+01  3.3646E+00  1.5641E+02  3.9099E+00  1.6209E-01  2.1488E-02  5.0000E+02
  1.4000E+01  4.2897E+01  3.3646E+00  1.5641E+02  3.9099E+00  1.6209E-01  2.1488E-02  5.0000E+02
  1.4000E+01  4.2897E+01  3.3646E+00  1.5641E+02  3.9099E+00  1.6209E-01  2.1488E-02  5.0000E+02
  1.4000E+01  4.2897E+01  3.3646E+00  1.5641E+02  3.9099E+00  1.6209E-01  2.1488E-02  5.0000E+02
  1.5000E+01  1.3718E+01  3.3646E+00  1.5641E+02  3.9099E+00  6.7002E-02  2.1488E-02  5.0000E+02
  1.5000E+01  1.3718E+01  3.3646E+00  1.5641E+02  3.9099E+00  6.7002E-02  2.1488E-02  5.0000E+02
  1.5000E+01  1.3718E+01  3.3646E+00  1.5641E+02  3.9099E+00  6.7002E-02  2.1488E-02  5.0000E+02
  1.5000E+01  1.3718E+01  3.3646E+00  1.5641E+02  3.9099E+00  6.7002E-02  2.1488E-02  5.0000E+02
  1.5000E+01  1.3718E+01  3.3646E+00  1.5641E+02  3.9099E+00  6.7002E-02  2.1488E-02  5.0000E+02
  1.5000E+01  1.3718E+01  3.3646E+00  1.5641E+02  3.9099E+00  6.7002E-02  2.1488E-02  5.0000E+02
  1.5000E+01  1.3718E+01  3.3646E+00  1.5641E+02  3.9099E+00  6.7002E-02  2.1488E-02  5.0000E+02
  1.5000E+01  1.3718E+01  3.3646E+00  1.5641E+02  3.9099E+00  6.7002E-02  2.1488E-02  5.0000E+02
  1.6000E+01  8.0814E+01  3.3646E+00  1.5641E+02  3.9099E+00  1.3555E-01  5.0674E-02  1.2500E+02
  1.6000E+01  8.0814E+01  3.3646E+00  1.5641E+02  3.9099E+00  1.3555E-01  5.0674E-02  1.2500E+02
  1.6000E+01  8.0814E+01  3.3646E+00  1.5641E+02  3.9099E+00  1.3555E-01  5.0674E-02  1.2500E+02
  1.6000E+01  8.0814E+01  3.3646E+00  1.5641E+02  3.9099E+00  1.3555E-01  5.0674E-02  1.2500E+02
  1.6000E+01  8.0814E+01  3.3646E+00  1.5641E+02  3.9099E+00  1.3555E-01  5.0674E-02  1.2500E+02
  1.6000E+01  8.0814E+01  3.3646E+00  1.5641E+02  3.9099E+00  1.3555E-01  5.0674E-02  1.2500E+02
  1.6000E+01  8.0814E+01  3.3646E+00  1.5641E+02  3.9099E+00  1.3555E-01  5.0674E-02  1.2500E+02
  1.6000E+01  8.0814E+01  3.3646E+00  1.5641E+02  3.9099E+00  1.3555E-01  5.0674E-02  1.2500E+02
  1.7000E+01  6.7033E+01  3.3646E+00  1.5641E+02  3.9099E+00  1.4854E-01  5.0674E-02  1.2500E+02
  1.7000E+01  6.7033E+01  3.3646E+00  1.5641E+02  3.9099E+00  1.4854E-01  5.0674E-02  1.2500E+02
  1.7000E+01  6.7033E+01  3.3646E+00  1.5641E+02  3.9099E+00  1.4854E-01  5.0674E-02  1.2500E+02
  1.7000E+01  6.7033E+01  3.3646E+00  1.5641E+02  3.9099E+00  1.4854E-01  5.0674E-02  1.2500E+02
  1.7000E+01  6.7033E+01  3.3646E+00  1.5641E+02  3.9099E+00  1.4854E-01  5.0674E-02  1.2500E+02
  1.7000E+01  6.7033E+01  3.3646E+00  1.5641E+02  3.9099E+00  1.4854E-01  5.0674E-02  1.2500E+02
  1.7000E+01  6.7033E+01  3.3646E+00  1.5641E+02  3.9099E+00  1.4854E-01  5.0674E-02  1.2500E+02
  1.7000E+01  6.7033E+01  3.3646E+00  1.5641E+02  3.9099E+00  1.4854E-01  5.0674E-02  1.2500E+02
  1.8000E+01  9.5234E+01  3.3646E+00  1.5641E+02  3.9099E+00  1.1429E-01  5.0674E-02  1.2500E+02
  1.8000E+01  9.5234E+01  3.3646E+00  1.5641E+02  3.9099E+00  1.1429E-01  5.0674E-02  1.2500E+02
  1.8000E+01  9.5234E+01  3.3646E+00  1.5641E+02  3.9099E+00  1.1429E-01  5.0674E-02  1.2500E+02
  1.8000E+01  9.5234E+01  3.3646E+00  1.5641E+02  3.9099E+00  1.1429E-01  5.0674E-02  1.2500E+02
  1.8000E+01  9.5234E+01  3.3646E+00  1.5641E+02  3.9099E+00  1.1429E-01  5.0674E-02  1.2500E+02
  1.8000E+01  9.5234E+01  3.3646E+00  1.5641E+02  3.9099E+00  1.1429E-01  5.0674E-02  1.2500E+02
  1.8000E+01  9.5234E+01  3.3646E+00  1.5641E+02  3.9099E+00  1.1429E-01  5.0674E-02  1.2500E+02
  1.8000E+01  9.5234E+01  3.3646E+00  1.5641E+02  3.9099E+00  1.1429E-01  5.0674E-02  1.2500E+02
  1.9000E+01  7.5690E+01  3.3646E+00  1.5641E+02  3.9099E+00  1.5746E-01  3.1456E-02  2.5000E+02
  1.9000E+01  7.5690E+01  3.3646E+00  1.5641E+02  3.9099E+00  1.5746E-01  3.1456E-02  2.5000E+02
  1.9000E+01  7.5690E+01  3.3646E+00  1.5641E+02  3.9099E+00  1.5746E-01  3.1456E-02  2.5000E+02
  1.9000E+01  7.5690E+01  3.3646E+00  1.5641E+02  3.9099E+00  1.5746E-01  3.1456E-02  2.5000E+02
  1.9000E+01  7.5690E+01  3.3646E+00  1.5641E+02  3.9099E+00  1.5746E-01  3.1456E-02  2.5000E+02
  1.9000E+01  7.5690E+01  3.3646E+00  1.5641E+02  3.9099E+00  1.5746E-01  3.1456E-02  2.5000E+02
  1.9000E+01  7.5690E+01  3.3646E+00  1.5641E+02  3.9099E+00  1.5746E-01  3.1456E-02  2.5000E+02
  1.9000E+01  7.5690E+01  3.3646E+00  1.5641E+02  3.9099E+00  1.5746E-01  3.1456E-02  2.5000E+02
  2.0000E+01  8.6407E+01  3.3646E+00  1.5641E+02  3.9099E+00  1.4771E-01  3.1456E-02  2.5000E+02
  2.0000E+01  8.6407E+01  3.3646E+00  1.5641E+02  3.9099E+00  1.4771E-01  3.1456E-02  2.5000E+02
  2.0000E+01  8.6407E+01  3.3646E+00  1.5641E+02  3.9099E+00  1.4771E-01  3.1456E-02  2.5000E+02
  2.0000E+01  8.6407E+01  3.3646E+00  1.5641E+02  3.9099E+00  1.4771E-01  3.1456E-02  2.5000E+02
  2.0000E+01  8.6407E+01  3.3646E+00  1.5641E+02  3.9099E+00  1.4771E-01  3.1456E-02  2.5000E+02
  2.0000E+01  8.6407E+01  3.3646E+00  1.5641E+02  3.9099E+00  1.4771E-01  3.1456E-02  2.5000E+02
  2.0000E+01  8.6407E+01  3.3646E+00  1.5641E+02  3.9099E+00  1.4771E-01  3.1456E-02  2.5000E+02
  2.0000E+01  8.6407E+01  3.3646E+00  1.5641E+02  3.9099E+00  1.4771E-01  3.1456E-02  2.5000E+02
  2.1000E+01  8.2209E+01  3.3646E+00  1.5641E+02  3.9099E+00  1.4159E-01  3.1456E-02  2.5000E+02
  2.1000E+01  8.2209E+01  3.3646E+00  1.5641E+02  3.9099E+00  1.4159E-01  3.1456E-02  2.5000E+02
  2.1000E+01  8.2209E+01  3.3646E+00  1.5641E+02  3.9099E+00  1.4159E-01  3.1456E-02  2.5000E+02
  2.1000E+01  8.2209E+01  3.3646E+00  1.5641E+02  3.9099E+00  1.4159E-01  3.1456E-02  2.5000E+02
  2.1000E+01  8.2209E+01  3.3646E+00  1.5641E+02  3.9099E+00  1.4159E-01  3.1456E-02  2.5000E+02
  2.1000E+01  8.2209E+01  3.3646E+00  1.5641E+02  3.9099E+00  1.4159E-01  3.1456E-02  2.5000E+02
  2.1000E+01  8.2209E+01  3.3646E+00  1.5641E+02  3.9099E+00  1.4159E-01  3.1456E-02  2.5000E+02
  2.1000E+01  8.2209E+01  3.3646E+00  1.5641E+02  3.9099E+00  1.4159E-01  3.1456E-02  2.5000E+02
  2.2000E+01  6.5282E+01  3.3646E+00  1.5641E+02  3.9099E+00  1.2440E-01  2.1488E-02  5.0000E+02
  2.2000E+01  6.5282E+01  3.3646E+00  1.5641E+02  3.9099E+00  1.2440E-01  2.1488E-02  5.0000E+02
  2.2000E+01  6.5282E+01  3.3646E+00  1.5641E+02  3.9099E+00  1.2440E-01  2.1488E-02  5.0000E+02
  2.2000E+01  6.5282E+01  3.3646E+00  1.5641E+02  3.9099E+00  1.2440E-01  2.1488E-02  5.0000E+02
  2.2000E+01  6.5282E+01  3.3646E+00  1.5641E+02  3.9099E+00  1.2440E-01  2.1488E-02  5.0000E+02
  2.2000E+01  6.5282E+01  3.3646E+00  1.5641E+02  3.9099E+00  1.2440E-01  2.1488E-02  5.0000E+02
  2.2000E+01  6.5282E+01  3.3646E+00  1.5641E+02  3.9099E+00  1.2440E-01  2.1488E-02  5.0000E+02
  2.2000E+01  6.5282E+01  3.3646E+00  1.5641E+02  3.9099E+00  1.2440E-01  2.1488E-02  5.0000E+02
  2.3000E+01  5.6523E+01  3.3646E+00  1.5641E+02  3.9099E+00  1.9786E-01  2.1488E-02  5.0000E+02
  2.3000E+01  5.6523E+01  3.3646E+00  1.5641E+02  3.9099E+00  1.9786E-01  2.1488E-02  5.0000E+02
  2.3000E+01  5.6523E+01  3.3646E+00  1.5641E+02  3.9099E+00  1.9786E-01  2.1488E-02  5.0000E+02
  2.3000E+01  5.6523E+01  3.3646E+00  1.5641E+02  3.9099E+00  1.9786E-01  2.1488E-02  5.0000E+02
  2.3000E+01  5.6523E+01  3.3646E+00  1.5641E+02  3.9099E+00  1.9786E-01  2.1488E-02  5.0000E+02
  2.3000E+01  5.6523E+01  3.3646E+00  1.5641E+02  3.9099E+00  1.9786E-01  2.1488E-02  5.0000E+02
  2.3000E+01  5.6523E+01  3.3646E+00  1.5641E+02  3.9099E+00  1.9786E-01  2.1488E-02  5.0000E+02
  2.3000E+01  5.6523E+01  3.3646E+00  1.5641E+02  3.9099E+00  1.9786E-01  2.1488E-02  5.0000E+02
  2.4000E+01  1.4601E+01  3.3646E+00  1.5641E+02  3.9099E+00  1.0526E-01  2.1488E-02  5.0000E+02
  2.4000E+01  1.4601E+01  3.3646E+00  1.5641E+02  3.9099E+00  1.0526E-01  2.1488E-02  5.0000E+02
  2.4000E+01  1.4601E+01  3.3646E+00  1.5641E+02  3.9099E+00  1.0526E-01  2.1488E-02  5.0000E+02
  2.4000E+01  1.4601E+01  3.3646E+00  1.5641E+02  3.9099E+00  1.0526E-01  2.1488E-02  5.0000E+02
  2.4000E+01  1.4601E+01  3.3646E+00  1.5641E+02  3.9099E+00  1.0526E-01  2.1488E-02  5.0000E+02
  2.4000E+01  1.4601E+01  3.3646E+00  1.5641E+02  3.9099E+00  1.0526E-01  2.1488E-02  5.0000E+02
  2.4000E+01  1.4601E+01  3.3646E+00  1.5641E+02  3.9099E+00  1.0526E-01  2.1488E-02  5.0000E+02
  2.4000E+01  1.4601E+01  3.3646E+00  1.5641E+02  3.9099E+00  1.0526E-01  2.1488E-02  5.0000E+02
  2.5000E+01  9.3775E+00  3.3646E+00  1.5641E+02  3.9099E+00  1.0722E-01  5.0674E-02  1.2500E+02
  2.5000E+01  9.3775E+00  3.3646E+00  1.5641E+02  3.9099E+00  1.0722E-01  5.0674E-02  1.2500E+02
  2.5000E+01  9.3775E+00  3.3646E+00  1.5641E+02  3.9099E+00  1.0722E-01  5.0674E-02  1.2500E+02
  2.5000E+01  9.3775E+00  3.3646E+00  1.5641E+02  3.9099E+00  1.0722E-01  5.0674E-02  1.2500E+02
  2.5000E+01  9.3775E+00  3.3646E+00  1.5641E+02  3.9099E+00  1.0722E-01  5.0674E-02  1.2500E+02
  2.5000E+01  9.3775E+00  3.3646E+00  1.5641E+02  3.9099E+00  1.0722E-01  5.0674E-02  1.2500E+02
  2.5000E+01  9.3775E+00  3.3646E+00  1.5641E+02  3.9099E+00  1.0722E-01  5.0674E-02  1.2500E+02
  2.6000E+01  1.7214E+01  3.3646E+00  1.5641E+02  3.9099E+00  2.4527E-01  5.0674E-02  1.2500E+02
  2.6000E+01  1.7214E+01  3.3646E+00  1.5641E+02  3.9099E+00  2.4527E-01  5.0674E-02  1.2500E+02
  2.6000E+01  1.7214E+01  3.3646E+00  1.5641E+02  3.9099E+00  2.4527E-01  5.0674E-02  1.2500E+02
  2.6000E+01  1.7214E+01  3.3646E+00  1.5641E+02  3.9099E+00  2.4527E-01  5.0674E-02  1.2500E+02
  2.6000E+01  1.7214E+01  3.3646E+00  1.5641E+02  3.9099E+00  2.4527E-01  5.0674E-02  1.2500E+02
  2.6000E+01  1.7214E+01  3.3646E+00  1.5641E+02  3.9099E+00  2.4527E-01  5.0674E-02  1.2500E+02
  2.6000E+01  1.7214E+01  3.3646E+00  1.5641E+02  3.9099E+00  2.4527E-01  5.0674E-02  1.2500E+02
  2.7000E+01  1.0920E+01  3.3646E+00  1.5641E+02  3.9099E+00  2.7862E-01  5.0674E-02  1.2500E+02
  2.7000E+01  1.0920E+01  3.3646E+00  1.5641E+02  3.9099E+00  2.7862E-01  5.0674E-02  1.2500E+02
  2.7000E+01  1.0920E+01  3.3646E+00  1.5641E+02  3.9099E+00  2.7862E-01  5.0674E-02  1.2500E+02
  2.7000E+01  1.0920E+01  3.3646E+00  1.5641E+02  3.9099E+00  2.7862E-01  5.0674E-02  1.2500E+02
  2.7000E+01  1.0920E+01  3.3646E+00  1.5641E+02  3.9099E+00  2.7862E-01  5.0674E-02  1.2500E+02
  2.7000E+01  1.0920E+01  3.3646E+00  1.5641E+02  3.9099E+00  2.7862E-01  5.0674E-02  1.2500E+02
  2.7000E+01  1.0920E+01  3.3646E+00  1.5641E+02  3.9099E+00  2.7862E-01  5.0674E-02  1.2500E+02
  2.8000E+01  9.6521E+00  3.3646E+00  1.5641E+02  3.9099E+00  9.6142E-02  3.1456E-02  2.5000E+02
  2.8000E+01  9.6521E+00  3.3646E+00  1.5641E+02  3.9099E+00  9.6142E-02  3.1456E-02  2.5000E+02
  2.8000E+01  9.6521E+00  3.3646E+00  1.5641E+02  3.9099E+00  9.6142E-02  3.1456E-02  2.5000E+02
  2.8000E+01  9.6521E+00  3.3646E+00  1.5641E+02  3.9099E+00  9.6142E-02  3.1456E-02  2.5000E+02
  2.8000E+01  9.6521E+00  3.3646E+00  1.5641E+02  3.9099E+00  9.6142E-02  3.1456E-02  2.5000E+02
  2.8000E+01  9.6521E+00  3.3646E+00  1.5641E+02  3.9099E+00  9.6142E-02  3.1456E-02  2.5000E+02
  2.8000E+01  9.6521E+00  3.3646E+00  1.5641E+02  3.9099E+00  9.6142E-02  3.1456E-02  2.5000E+02
  2.9000E+01  1.0188E+01  3.3646E+00  1.5641E+02  3.9099E+00  1.3540E-01  3.1456E-02  2.5000E+02
  2.9000E+01  1.0188E+01  3.3646E+00  1.5641E+02  3.9099E+00  1.3540E-01  3.1456E-02  2.5000E+02
  2.9000E+01  1.0188E+01  3.3646E+00  1.5641E+02  3.9099E+00  1.3540E-01  3.1456E-02  2.5000E+02
  2.9000E+01  1.0188E+01  3.3646E+00  1.5641E+02  3.9099E+00  1.3540E-01  3.1456E-02  2.5000E+02
  2.9000E+01  1.0188E+01  3.3646E+00  1.5641E+02  3.9099E+00  1.3540E-01  3.1456E-02  2.5000E+02
  2.9000E+01  1.0188E+01  3.3646E+00  1.5641E+02  3.9099E+00  1.3540E-01  3.1456E-02  2.5000E+02
  2.9000E+01  1.0188E+01  3.3646E+00  1.5641E+02  3.9099E+00  1.3540E-01  3.1456E-02  2.5000E+02
  3.0000E+01  2.1928E+01  3.3646E+00  1.5641E+02  3.9099E+00  1.7350E-01  3.1456E-02  2.5000E+02
  3.0000E+01  2.1928E+01  3.3646E+00  1.5641E+02  3.9099E+00  1.7350E-01  3.1456E-02  2.5000E+02
  3.0000E+01  2.1928E+01  3.3646E+00  1.5641E+02  3.9099E+00  1.7350E-01  3.1456E-02  2.5000E+02
  3.0000E+01  2.1928E+01  3.3646E+00  1.5641E+02  3.9099E+00  1.7350E-01  3.1456E-02  2.5000E+02
  3.0000E+01  2.1928E+01  3.3646E+00  1.5641E+02  3.9099E+00  1.7350E-01  3.1456E-02  2.5000E+02
  3.0000E+01  2.1928E+01  3.3646E+00  1.5641E+02  3.9099E+00  1.7350E-01  3.1456E-02  2.5000E+02
  3.0000E+01  2.1928E+01  3.3646E+00  1.5641E+02  3.9099E+00  1.7350E-01  3.1456E-02  2.5000E+02
  3.1000E+01  6.7244E+00  3.3646E+00  1.5641E+02  3.9099E+00  1.0147E-01  2.1488E-02  5.0000E+02
  3.1000E+01  6.7244E+00  3.3646E+00  1.5641E+02  3.9099E+00  1.0147E-01  2.1488E-02  5.0000E+02
  3.1000E+01  6.7244E+00  3.3646E+00  1.5641E+02  3.9099E+00  1.0147E-01  2.1488E-02  5.0000E+02
  3.1000E+01  6.7244E+00  3.3646E+00  1.5641E+02  3.9099E+00  1.0147E-01  2.1488E-02  5.0000E+02
  3.1000E+01  6.7244E+00  3.3646E+00  1.5641E+02  3.9099E+00  1.0147E-01  2.1488E-02  5.0000E+02
  3.1000E+01  6.7244E+00  3.3646E+00  1.5641E+02  3.9099E+00  1.0147E-01  2.1488E-02  5.0000E+02
  3.1000E+01  6.7244E+00  3.3646E+00  1.5641E+02  3.9099E+00  1.0147E-01  2.1488E-02  5.0000E+02
  3.2000E+01  1.0877E+01  3.3646E+00  1.5641E+02  3.9099E+00  1.0101E-01  2.1488E-02  5.0000E+02
  3.2000E+01  1.0877E+01  3.3646E+00  1.5641E+02  3.9099E+00  1.0101E-01  2.1488E-02  5.0000E+02
  3.2000E+01  1.0877E+01  3.3646E+00  1.5641E+02  3.9099E+00  1.0101E-01  2.1488E-02  5.0000E+02
  3.2000E+01  1.0877E+01  3.3646E+00  1.5641E+02  3.9099E+00  1.0101E-01  2.1488E-02  5.0000E+02
  3.2000E+01  1.0877E+01  3.3646E+00  1.5641E+02  3.9099E+00  1.0101E-01  2.1488E-02  5.0000E+02
  3.2000E+01  1.0877E+01  3.3646E+00  1.5641E+02  3.9099E+00  1.0101E-01  2.1488E-02  5.0000E+02
  3.2000E+01  1.0877E+01  3.3646E+00  1.5641E+02  3.9099E+00  1.0101E-01  2.1488E-02  5.0000E+02
  3.3000E+01  1.0979E+01  3.3646E+00  1.5641E+02  3.9099E+00  9.6612E-02  2.1488E-02  5.0000E+02
  3.3000E+01  1.0979E+01  3.3646E+00  1.5641E+02  3.9099E+00  9.6612E-02  2.1488E-02  5.0000E+02
  3.3000E+01  1.0979E+01  3.3646E+00  1.5641E+02  3.9099E+00  9.6612E-02  2.1488E-02  5.0000E+02
  3.3000E+01  1.0979E+01  3.3646E+00  1.5641E+02  3.9099E+00  9.6612E-02  2.1488E-02  5.0000E+02
  3.3000E+01  1.0979E+01  3.3646E+00  1.5641E+02  3.9099E+00  9.6612E-02  2.1488E-02  5.0000E+02
  3.3000E+01  1.0979E+01  3.3646E+00  1.5641E+02  3.9099E+00  9.6612E-02  2.1488E-02  5.0000E+02
  3.3000E+01  1.0979E+01  3.3646E+00  1.5641E+02  3.9099E+00  9.6612E-02  2.1488E-02  5.0000E+02
  3.4000E+01  5.9217E+01  3.3646E+00  1.5641E+02  3.9099E+00  1.9357E-01  5.0674E-02  1.2500E+02
  3.4000E+01  5.9217E+01  3.3646E+00  1.5641E+02  3.9099E+00  1.9357E-01  5.0674E-02  1.2500E+02
  3.4000E+01  5.9217E+01  3.3646E+00  1.5641E+02  3.9099E+00  1.9357E-01  5.0674E-02  1.2500E+02
  3.4000E+01  5.9217E+01  3.3646E+00  1.5641E+02  3.9099E+00  1.9357E-01  5.0674E-02  1.2500E+02
  3.4000E+01  5.9217E+01  3.3646E+00  1.5641E+02  3.9099E+00  1.9357E-01  5.0674E-02  1.2500E+02
  3.4000E+01  5.9217E+01  3.3646E+00  1.5641E+02  3.9099E+00  1.9357E-01  5.0674E-02  1.2500E+02
  3.4000E+01  5.9217E+01  3.3646E+00  1.5641E+02  3.9099E+00  1.9357E-01  5.0674E-02  1.2500E+02
  3.5000E+01  7.5729E+01  3.3646E+00  1.5641E+02  3.9099E+00  1.4968E-01  5.0674E-02  1.2500E+02
  3.5000E+01  7.5729E+01  3.3646E+00  1.5641E+02  3.9099E+00  1.4968E-01  5.0674E-02  1.2500E+02
  3.5000E+01  7.5729E+01  3.3646E+00  1.5641E+02  3.9099E+00  1.4968E-01  5.0674E-02  1.2500E+02
  3.5000E+01  7.5729E+01  3.3646E+00  1.5641E+02  3.9099E+00  1.4968E-01  5.0674E-02  1.2500E+02
  3.5000E+01  7.5729E+01  3.3646E+00  1.5641E+02  3.9099E+00  1.4968E-01  5.0674E-02  1.2500E+02
  3.5000E+01  7.5729E+01  3.3646E+00  1.5641E+02  3.9099E+00  1.4968E-01  5.0674E-02  1.2500E+02
  3.5000E+01  7.5729E+01  3.3646E+00  1.5641E+02  3.9099E+00  1.4968E-01  5.0674E-02  1.2500E+02
  3.6000E+01  6.0874E+01  3.3646E+00  1.5641E+02  3.9099E+00  1.8469E-01  5.0674E-02  1.2500E+02
  3.6000E+01  6.0874E+01  3.3646E+00  1.5641E+02  3.9099E+00  1.8469E-01  5.0674E-02  1.2500E+02
  3.6000E+01  6.0874E+01  3.3646E+00  1.5641E+02  3.9099E+00  1.8469E-01  5.0674E-02  1.2500E+02
  3.6000E+01  6.0874E+01  3.3646E+00  1.5641E+02  3.9099E+00  1.8469E-01  5.0674E-02  1.2500E+02
  3.6000E+01  6.0874E+01  3.3646E+00  1.5641E+02  3.9099E+00  1.8469E-01  5.0674E-02  1.2500E+02
  3.6000E+01  6.0874E+01  3.3646E+00  1.5641E+02  3.9099E+00  1.8469E-01  5.0674E-02  1.2500E+02
  3.6000E+01  6.0874E+01  3.3646E+00  1.5641E+02  3.9099E+00  1.8469E-01  5.0674E-02  1.2500E+02
  3.7000E+01  6.8161E+01  3.3646E+00  1.5641E+02  3.9099E+00  1.4700E-01  3.1456E-02  2.5000E+02
  3.7000E+01  6.8161E+01  3.3646E+00  1.5641E+02  3.9099E+00  1.4700E-01  3.1456E-02  2.5000E+02
  3.7000E+01  6.8161E+01  3.3646E+00  1.5641E+02  3.9099E+00  1.4700E-01  3.1456E-02  2.5000E+02
  3.7000E+01  6.8161E+01  3.3646E+00  1.5641E+02  3.9099E+00  1.4700E-01  3.1456E-02  2.5000E+02
  3.7000E+01  6.8161E+01  3.3646E+00  1.5641E+02  3.9099E+00  1.4700E-01  3.1456E-02  2.5000E+02
  3.7000E+01  6.8161E+01  3.3646E+00  1.5641E+02  3.9099E+00  1.4700E-01  3.1456E-02  2.5000E+02
  3.7000E+01  6.8161E+01  3.3646E+00  1.5641E+02  3.9099E+00  1.4700E-01  3.1456E-02  2.5000E+02
  3.8000E+01  4.6333E+01  3.3646E+00  1.5641E+02  3.9099E+00  1.2571E-01  3.1456E-02  2.5000E+02
  3.8000E+01  4.6333E+01  3.3646E+00  1.5641E+02  3.9099E+00  1.2571E-01  3.1456E-02  2.5000E+02
  3.8000E+01  4.6333E+01  3.3646E+00  1.5641E+02  3.9099E+00  1.2571E-01  3.1456E-02  2.5000E+02
  3.8000E+01  4.6333E+01  3.3646E+00  1.5641E+02  3.9099E+00  1.2571E-01  3.1456E-02  2.5000E+02
  3.8000E+01  4.6333E+01  3.3646E+00  1.5641E+02  3.9099E+00  1.2571E-01  3.1456E-02  2.5000E+02
  3.8000E+01  4.6333E+01  3.3646E+00  1.5641E+02  3.9099E+00  1.2571E-01  3.1456E-02  2.5000E+02
  3.8000E+01  4.6333E+01  3.3646E+00  1.5641E+02  3.9099E+00  1.2571E-01  3.1456E-02  2.5000E+02
  3.9000E+01  4.9270E+01  3.3646E+00  1.5641E+02  3.9099E+00  1.3934E-01  3.1456E-02  2.5000E+02
  3.9000E+01  4.9270E+01  3.3646E+00  1.5641E+02  3.9099E+00  1.3934E-01  3.1456E-02  2.5000E+02
  3.9000E+01  4.9270E+01  3.3646E+00  1.5641E+02  3.9099E+00  1.3934E-01  3.1456E-02  2.5000E+02
  3.9000E+01  4.9270E+01  3.3646E+00  1.5641E+02  3.9099E+00  1.3934E-01  3.1456E-02  2.5000E+02
  3.9000E+01  4.9270E+01  3.3646E+00  1.5641E+02  3.9099E+00  1.3934E-01  3.1456E-02  2.5000E+02
  3.9000E+01  4.9270E+01  3.3646E+00  1.5641E+02  3.9099E+00  1.3934E-01  3.1456E-02  2.5000E+02
  3.9000E+01  4.9270E+01  3.3646E+00  1.5641E+02  3.9099E+00  1.3934E-01  3.1456E-02  2.5000E+02
  4.0000E+01  2.7471E+01  3.3646E+00  1.5641E+02  3.9099E+00  1.0491E-01  2.1488E-02  5.0000E+02
  4.0000E+01  2.7471E+01  3.3646E+00  1.5641E+02  3.9099E+00  1.0491E-01  2.1488E-02  5.0000E+02
  4.0000E+01  2.7471E+01  3.3646E+00  1.5641E+02  3.9099E+00  1.0491E-01  2.1488E-02  5.0000E+02
  4.0000E+01  2.7471E+01  3.3646E+00  1.5641E+02  3.9099E+00  1.0491E-01  2.1488E-02  5.0000E+02
  4.0000E+01  2.7471E+01  3.3646E+00  1.5641E+02  3.9099E+00  1.0491E-01  2.1488E-02  5.0000E+02
  4.0000E+01  2.7471E+01  3.3646E+00  1.5641E+02  3.9099E+00  1.0491E-01  2.1488E-02  5.0000E+02
  4.0000E+01  2.7471E+01  3.3646E+00  1.5641E+02  3.9099E+00  1.0491E-01  2.1488E-02  5.0000E+02
  4.1000E+01  3.8059E+01  3.3646E+00  1.5641E+02  3.9099E+00  1.5554E-01  2.1488E-02  5.0000E+02
  4.1000E+01  3.8059E+01  3.3646E+00  1.5641E+02  3.9099E+00  1.5554E-01  2.1488E-02  5.0000E+02
  4.1000E+01  3.8059E+01  3.3646E+00  1.5641E+02  3.9099E+00  1.5554E-01  2.1488E-02  5.0000E+02
  4.1000E+01  3.8059E+01  3.3646E+00  1.5641E+02  3.9099E+00  1.5554E-01  2.1488E-02  5.0000E+02
  4.1000E+01  3.8059E+01  3.3646E+00  1.5641E+02  3.9099E+00  1.5554E-01  2.1488E-02  5.0000E+02
  4.1000E+01  3.8059E+01  3.3646E+00  1.5641E+02  3.9099E+00  1.5554E-01  2.1488E-02  5.0000E+02
  4.1000E+01  3.8059E+01  3.3646E+00  1.5641E+02  3.9099E+00  1.5554E-01  2.1488E-02  5.0000E+02
  4.2000E+01  5.2917E+01  3.3646E+00  1.5641E+02  3.9099E+00  1.5375E-01  2.1488E-02  5.0000E+02
  4.2000E+01  5.2917E+01  3.3646E+00  1.5641E+02  3.9099E+00  1.5375E-01  2.1488E-02  5.0000E+02
  4.2000E+01  5.2917E+01  3.3646E+00  1.5641E+02  3.9099E+00  1.5375E-01  2.1488E-02  5.0000E+02
  4.2000E+01  5.2917E+01  3.3646E+00  1.5641E+02  3.9099E+00  1.5375E-01  2.1488E-02  5.0000E+02
  4.2000E+01  5.2917E+01  3.3646E+00  1.5641E+02  3.9099E+00  1.5375E-01  2.1488E-02  5.0000E+02
  4.2000E+01  5.2917E+01  3.3646E+00  1.5641E+02  3.9099E+00  1.5375E-01  2.1488E-02  5.0000E+02
  4.2000E+01  5.2917E+01  3.3646E+00  1.5641E+02  3.9099E+00  1.5375E-01  2.1488E-02  5.0000E+02
  4.3000E+01  1.6758E+01  3.3646E+00  1.5641E+02  3.9099E+00  1.7887E-01  2.8160E-02  3.0000E+02
  4.3000E+01  1.6758E+01  3.3646E+00  1.5641E+02  3.9099E+00  1.7887E-01  2.8160E-02  3.0000E+02
  4.3000E+01  1.6758E+01  3.3646E+00  1.5641E+02  3.9099E+00  1.7887E-01  2.8160E-02  3.0000E+02
  4.3000E+01  1.6758E+01  3.3646E+00  1.5641E+02  3.9099E+00  1.7887E-01  2.8160E-02  3.0000E+02
  4.3000E+01  1.6758E+01  3.3646E+00  1.5641E+02  3.9099E+00  1.7887E-01  2.8160E-02  3.0000E+02
  4.3000E+01  1.6758E+01  3.3646E+00  1.5641E+02  3.9099E+00  1.7887E-01  2.8160E-02  3.0000E+02
  4.3000E+01  1.6758E+01  3.3646E+00  1.5641E+02  3.9099E+00  1.7887E-01  2.8160E-02  3.0000E+02
  4.4000E+01  2.2505E+01  3.3646E+00  1.5641E+02  3.9099E+00  1.3112E-01  2.8160E-02  3.0000E+02
  4.4000E+01  2.2505E+01  3.3646E+00  1.5641E+02  3.9099E+00  1.3112E-01  2.8160E-02  3.0000E+02
  4.4000E+01  2.2505E+01  3.3646E+00  1.5641E+02  3.9099E+00  1.3112E-01  2.8160E-02  3.0000E+02
  4.4000E+01  2.2505E+01  3.3646E+00  1.5641E+02  3.9099E+00  1.3112E-01  2.8160E-02  3.0000E+02
  4.4000E+01  2.2505E+01  3.3646E+00  1.5641E+02  3.9099E+00  1.3112E-01  2.8160E-02  3.0000E+02
  4.4000E+01  2.2505E+01  3.3646E+00  1.5641E+02  3.9099E+00  1.3112E-01  2.8160E-02  3.0000E+02
  4.4000E+01  2.2505E+01  3.3646E+00  1.5641E+02  3.9099E+00  1.3112E-01  2.8160E-02  3.0000E+02
  4.5000E+01  3.5523E+01  3.3646E+00  1.5641E+02  3.9099E+00  1.5243E-01  2.8160E-02  3.0000E+02
  4.5000E+01  3.5523E+01  3.3646E+00  1.5641E+02  3.9099E+00  1.5243E-01  2.8160E-02  3.0000E+02
  4.5000E+01  3.5523E+01  3.3646E+00  1.5641E+02  3.9099E+00  1.5243E-01  2.8160E-02  3.0000E+02
  4.5000E+01  3.5523E+01  3.3646E+00  1.5641E+02  3.9099E+00  1.5243E-01  2.8160E-02  3.0000E+02
  4.5000E+01  3.5523E+01  3.3646E+00  1.5641E+02  3.9099E+00  1.5243E-01  2.8160E-02  3.0000E+02
  4.5000E+01  3.5523E+01  3.3646E+00  1.5641E+02  3.9099E+00  1.5243E-01  2.8160E-02  3.0000E+02
  4.5000E+01  3.5523E+01  3.3646E+00  1.5641E+02  3.9099E+00  1.5243E-01  2.8160E-02  3.0000E+02
  4.6000E+01  1.4305E+01  3.3646E+00  1.5641E+02  3.9099E+00  9.4530E-02  1.7686E-02  8.0000E+02
  4.6000E+01  1.4305E+01  3.3646E+00  1.5641E+02  3.9099E+00  9.4530E-02  1.7686E-02  8.0000E+02
  4.6000E+01  1.4305E+01  3.3646E+00  1.5641E+02  3.9099E+00  9.4530E-02  1.7686E-02  8.0000E+02
  4.6000E+01  1.4305E+01  3.3646E+00  1.5641E+02  3.9099E+00  9.4530E-02  1.7686E-02  8.0000E+02
  4.6000E+01  1.4305E+01  3.3646E+00  1.5641E+02  3.9099E+00  9.4530E-02  1.7686E-02  8.0000E+02
  4.6000E+01  1.4305E+01  3.3646E+00  1.5641E+02  3.9099E+00  9.4530E-02  1.7686E-02  8.0000E+02
  4.6000E+01  1.4305E+01  3.3646E+00  1.5641E+02  3.9099E+00  9.4530E-02  1.7686E-02  8.0000E+02
  4.7000E+01  2.6207E+01  3.3646E+00  1.5641E+02  3.9099E+00  1.1679E-01  1.7686E-02  8.0000E+02
  4.7000E+01  2.6207E+01  3.3646E+00  1.5641E+02  3.9099E+00  1.1679E-01  1.7686E-02  8.0000E+02
  4.7000E+01  2.6207E+01  3.3646E+00  1.5641E+02  3.9099E+00  1.1679E-01  1.7686E-02  8.0000E+02
  4.7000E+01  2.6207E+01  3.3646E+00  1.5641E+02  3.9099E+00  1.1679E-01  1.7686E-02  8.0000E+02
  4.7000E+01  2.6207E+01  3.3646E+00  1.5641E+02  3.9099E+00  1.1679E-01  1.7686E-02  8.0000E+02
  4.7000E+01  2.6207E+01  3.3646E+00  1.5641E+02  3.9099E+00  1.1679E-01  1.7686E-02  8.0000E+02
  4.7000E+01  2.6207E+01  3.3646E+00  1.5641E+02  3.9099E+00  1.1679E-01  1.7686E-02  8.0000E+02
  4.8000E+01  3.6015E+01  3.3646E+00  1.5641E+02  3.9099E+00  1.4773E-01  1.7686E-02  8.0000E+02
  4.8000E+01  3.6015E+01  3.3646E+00  1.5641E+02  3.9099E+00  1.4773E-01  1.7686E-02  8.0000E+02
  4.8000E+01  3.6015E+01  3.3646E+00  1.5641E+02  3.9099E+00  1.4773E-01  1.7686E-02  8.0000E+02
  4.8000E+01  3.6015E+01  3.3646E+00  1.5641E+02  3.9099E+00  1.4773E-01  1.7686E-02  8.0000E+02
  4.8000E+01  3.6015E+01  3.3646E+00  1.5641E+02  3.9099E+00  1.4773E-01  1.7686E-02  8.0000E+02
  4.8000E+01  3.6015E+01  3.3646E+00  1.5641E+02  3.9099E+00  1.4773E-01  1.7686E-02  8.0000E+02
  4.8000E+01  3.6015E+01  3.3646E+00  1.5641E+02  3.9099E+00  1.4773E-01  1.7686E-02  8.0000E+02
  4.9000E+01  5.3706E+01  3.3646E+00  1.5641E+02  3.9099E+00  1.3740E-01  1.4704E-02  1.5000E+03
  4.9000E+01  5.3706E+01  3.3646E+00  1.5641E+02  3.9099E+00  1.3740E-01  1.4704E-02  1.5000E+03
  4.9000E+01  5.3706E+01  3.3646E+00  1.5641E+02  3.9099E+00  1.3740E-01  1.4704E-02  1.5000E+03
  4.9000E+01  5.3706E+01  3.3646E+00  1.5641E+02  3.9099E+00  1.3740E-01  1.4704E-02  1.5000E+03
  4.9000E+01  5.3706E+01  3.3646E+00  1.5641E+02  3.9099E+00  1.3740E-01  1.4704E-02  1.5000E+03
  4.9000E+01  5.3706E+01  3.3646E+00  1.5641E+02  3.9099E+00  1.3740E-01  1.4704E-02  1.5000E+03
  4.9000E+01  5.3706E+01  3.3646E+00  1.5641E+02  3.9099E+00  1.3740E-01  1.4704E-02  1.5000E+03
  5.0000E+01  1.6027E+01  3.3646E+00  1.5641E+02  3.9099E+00  1.1246E-01  1.4704E-02  1.5000E+03
  5.0000E+01  1.6027E+01  3.3646E+00  1.5641E+02  3.9099E+00  1.1246E-01  1.4704E-02  1.5000E+03
  5.0000E+01  1.6027E+01  3.3646E+00  1.5641E+02  3.9099E+00  1.1246E-01  1.4704E-02  1.5000E+03
  5.0000E+01  1.6027E+01  3.3646E+00  1.5641E+02  3.9099E+00  1.1246E-01  1.4704E-02  1.5000E+03
  5.0000E+01  1.6027E+01  3.3646E+00  1.5641E+02  3.9099E+00  1.1246E-01  1.4704E-02  1.5000E+03
  5.0000E+01  1.6027E+01  3.3646E+00  1.5641E+02  3.9099E+00  1.1246E-01  1.4704E-02  1.5000E+03
  5.0000E+01  1.6027E+01  3.3646E+00  1.5641E+02  3.9099E+00  1.1246E-01  1.4704E-02  1.5000E+03
  5.1000E+01  2.3409E+01  3.3646E+00  1.5641E+02  3.9099E+00  9.3652E-02  1.4704E-02  1.5000E+03
  5.1000E+01  2.3409E+01  3.3646E+00  1.5641E+02  3.9099E+00  9.3652E-02  1.4704E-02  1.5000E+03
  5.1000E+01  2.3409E+01  3.3646E+00  1.5641E+02  3.9099E+00  9.3652E-02  1.4704E-02  1.5000E+03
  5.1000E+01  2.3409E+01  3.3646E+00  1.5641E+02  3.9099E+00  9.3652E-02  1.4704E-02  1.5000E+03
  5.1000E+01  2.3409E+01  3.3646E+00  1.5641E+02  3.9099E+00  9.3652E-02  1.4704E-02  1.5000E+03
  5.1000E+01  2.3409E+01  3.3646E+00  1.5641E+02  3.9099E+00  9.3652E-02  1.4704E-02  1.5000E+03
  5.2000E+01  7.5969E+00  3.3646E+00  1.5641E+02  3.9099E+00  2.8887E-01  2.8160E-02  3.0000E+02
  5.2000E+01  7.5969E+00  3.3646E+00  1.5641E+02  3.9099E+00  2.8887E-01  2.8160E-02  3.0000E+02
  5.2000E+01  7.5969E+00  3.3646E+00  1.5641E+02  3.9099E+00  2.8887E-01  2.8160E-02  3.0000E+02
  5.2000E+01  7.5969E+00  3.3646E+00  1.5641E+02  3.9099E+00  2.8887E-01  2.8160E-02  3.0000E+02
  5.2000E+01  7.5969E+00  3.3646E+00  1.5641E+02  3.9099E+00  2.8887E-01  2.8160E-02  3.0000E+02
  5.2000E+01  7.5969E+00  3.3646E+00  1.5641E+02  3.9099E+00  2.8887E-01  2.8160E-02  3.0000E+02
  5.2000E+01  7.5969E+00  3.3646E+00  1.5641E+02  3.9099E+00  2.8887E-01  2.8160E-02  3.0000E+02
  5.3000E+01  4.2349E+01  3.3646E+00  1.5641E+02  3.9099E+00  1.2679E-01  2.8160E-02  3.0000E+02
  5.3000E+01  4.2349E+01  3.3646E+00  1.5641E+02  3.9099E+00  1.2679E-01  2.8160E-02  3.0000E+02
  5.3000E+01  4.2349E+01  3.3646E+00  1.5641E+02  3.9099E+00  1.2679E-01  2.8160E-02  3.0000E+02
  5.3000E+01  4.2349E+01  3.3646E+00  1.5641E+02  3.9099E+00  1.2679E-01  2.8160E-02  3.0000E+02
  5.3000E+01  4.2349E+01  3.3646E+00  1.5641E+02  3.9099E+00  1.2679E-01  2.8160E-02  3.0000E+02
  5.3000E+01  4.2349E+01  3.3646E+00  1.5641E+02  3.9099E+00  1.2679E-01  2.8160E-02  3.0000E+02
  5.3000E+01  4.2349E+01  3.3646E+00  1.5641E+02  3.9099E+00  1.2679E-01  2.8160E-02  3.0000E+02
  5.4000E+01  3.6641E+01  3.3646E+00  1.5641E+02  3.9099E+00  2.5578E-01  2.8160E-02  3.0000E+02
  5.4000E+01  3.6641E+01  3.3646E+00  1.5641E+02  3.9099E+00  2.5578E-01  2.8160E-02  3.0000E+02
  5.4000E+01  3.6641E+01  3.3646E+00  1.5641E+02  3.9099E+00  2.5578E-01  2.8160E-02  3.0000E+02
  5.4000E+01  3.6641E+01  3.3646E+00  1.5641E+02  3.9099E+00  2.5578E-01  2.8160E-02  3.0000E+02
  5.4000E+01  3.6641E+01  3.3646E+00  1.5641E+02  3.9099E+00  2.5578E-01  2.8160E-02  3.0000E+02
  5.4000E+01  3.6641E+01  3.3646E+00  1.5641E+02  3.9099E+00  2.5578E-01  2.8160E-02  3.0000E+02
  5.4000E+01  3.6641E+01  3.3646E+00  1.5641E+02  3.9099E+00  2.5578E-01  2.8160E-02  3.0000E+02
  5.5000E+01  4.4456E+01  3.3646E+00  1.5641E+02  3.9099E+00  1.7887E-01  1.7686E-02  8.0000E+02
  5.5000E+01  4.4456E+01  3.3646E+00  1.5641E+02  3.9099E+00  1.7887E-01  1.7686E-02  8.0000E+02
  5.5000E+01  4.4456E+01  3.3646E+00  1.5641E+02  3.9099E+00  1.7887E-01  1.7686E-02  8.0000E+02
  5.5000E+01  4.4456E+01  3.3646E+00  1.5641E+02  3.9099E+00  1.7887E-01  1.7686E-02  8.0000E+02
  5.5000E+01  4.4456E+01  3.3646E+00  1.5641E+02  3.9099E+00  1.7887E-01  1.7686E-02  8.0000E+02
  5.5000E+01  4.4456E+01  3.3646E+00  1.5641E+02  3.9099E+00  1.7887E-01  1.7686E-02  8.0000E+02
  5.5000E+01  4.4456E+01  3.3646E+00  1.5641E+02  3.9099E+00  1.7887E-01  1.7686E-02  8.0000E+02
  5.6000E+01  6.1240E+01  3.3646E+00  1.5641E+02  3.9099E+00  1.9070E-01  1.7686E-02  8.0000E+02
  5.6000E+01  6.1240E+01  3.3646E+00  1.5641E+02  3.9099E+00  1.9070E-01  1.7686E-02  8.0000E+02
  5.6000E+01  6.1240E+01  3.3646E+00  1.5641E+02  3.9099E+00  1.9070E-01  1.7686E-02  8.0000E+02
  5.6000E+01  6.1240E+01  3.3646E+00  1.5641E+02  3.9099E+00  1.9070E-01  1.7686E-02  8.0000E+02
  5.6000E+01  6.1240E+01  3.3646E+00  1.5641E+02  3.9099E+00  1.9070E-01  1.7686E-02  8.0000E+02
  5.6000E+01  6.1240E+01  3.3646E+00  1.5641E+02  3.9099E+00  1.9070E-01  1.7686E-02  8.0000E+02
  5.6000E+01  6.1240E+01  3.3646E+00  1.5641E+02  3.9099E+00  1.9070E-01  1.7686E-02  8.0000E+02
  5.7000E+01  7.9553E+01  3.3646E+00  1.5641E+02  3.9099E+00  1.7909E-01  1.7686E-02  8.0000E+02
  5.7000E+01  7.9553E+01  3.3646E+00  1.5641E+02  3.9099E+00  1.7909E-01  1.7686E-02  8.0000E+02
  5.7000E+01  7.9553E+01  3.3646E+00  1.5641E+02  3.9099E+00  1.7909E-01  1.7686E-02  8.0000E+02
  5.7000E+01  7.9553E+01  3.3646E+00  1.5641E+02  3.9099E+00  1.7909E-01  1.7686E-02  8.0000E+02
  5.7000E+01  7.9553E+01  3.3646E+00  1.5641E+02  3.9099E+00  1.7909E-01  1.7686E-02  8.0000E+02
  5.7000E+01  7.9553E+01  3.3646E+00  1.5641E+02  3.9099E+00  1.7909E-01  1.7686E-02  8.0000E+02
  5.8000E+01  3.9765E+01  3.3646E+00  1.5641E+02  3.9099E+00  1.1993E-01  1.4704E-02  1.5000E+03
  5.8000E+01  3.9765E+01  3.3646E+00  1.5641E+02  3.9099E+00  1.1993E-01  1.4704E-02  1.5000E+03
  5.8000E+01  3.9765E+01  3.3646E+00  1.5641E+02  3.9099E+00  1.1993E-01  1.4704E-02  1.5000E+03
  5.8000E+01  3.9765E+01  3.3646E+00  1.5641E+02  3.9099E+00  1.1993E-01  1.4704E-02  1.5000E+03
  5.8000E+01  3.9765E+01  3.3646E+00  1.5641E+02  3.9099E+00  1.1993E-01  1.4704E-02  1.5000E+03
  5.8000E+01  3.9765E+01  3.3646E+00  1.5641E+02  3.9099E+00  1.1993E-01  1.4704E-02  1.5000E+03
  5.8000E+01  3.9765E+01  3.3646E+00  1.5641E+02  3.9099E+00  1.1993E-01  1.4704E-02  1.5000E+03
  5.9000E+01  1.4848E+01  3.3646E+00  1.5641E+02  3.9099E+00  2.2178E-01  1.4704E-02  1.5000E+03
  5.9000E+01  1.4848E+01  3.3646E+00  1.5641E+02  3.9099E+00  2.2178E-01  1.4704E-02  1.5000E+03
  5.9000E+01  1.4848E+01  3.3646E+00  1.5641E+02  3.9099E+00  2.2178E-01  1.4704E-02  1.5000E+03
  5.9000E+01  1.4848E+01  3.3646E+00  1.5641E+02  3.9099E+00  2.2178E-01  1.4704E-02  1.5000E+03
  5.9000E+01  1.4848E+01  3.3646E+00  1.5641E+02  3.9099E+00  2.2178E-01  1.4704E-02  1.5000E+03
  5.9000E+01  1.4848E+01  3.3646E+00  1.5641E+02  3.9099E+00  2.2178E-01  1.4704E-02  1.5000E+03
  5.9000E+01  1.4848E+01  3.3646E+00  1.5641E+02  3.9099E+00  2.2178E-01  1.4704E-02  1.5000E+03
  6.0000E+01  4.7661E+01  3.3646E+00  1.5641E+02  3.9099E+00  1.9895E-01  1.4704E-02  1.5000E+03
  6.0000E+01  4.7661E+01  3.3646E+00  1.5641E+02  3.9099E+00  1.9895E-01  1.4704E-02  1.5000E+03
  6.0000E+01  4.7661E+01  3.3646E+00  1.5641E+02  3.9099E+00  1.9895E-01  1.4704E-02  1.5000E+03
  6.0000E+01  4.7661E+01  3.3646E+00  1.5641E+02  3.9099E+00  1.9895E-01  1.4704E-02  1.5000E+03
  6.0000E+01  4.7661E+01  3.3646E+00  1.5641E+02  3.9099E+00  1.9895E-01  1.4704E-02  1.5000E+03
  6.0000E+01  4.7661E+01  3.3646E+00  1.5641E+02  3.9099E+00  1.9895E-01  1.4704E-02  1.5000E+03
  6.0000E+01  4.7661E+01  3.3646E+00  1.5641E+02  3.9099E+00  1.9895E-01  1.4704E-02  1.5000E+03
  6.1000E+01  1.6194E+01  3.3646E+00  1.5641E+02  3.9099E+00  1.7517E-01  2.8160E-02  3.0000E+02
  6.1000E+01  1.6194E+01  3.3646E+00  1.5641E+02  3.9099E+00  1.7517E-01  2.8160E-02  3.0000E+02
  6.1000E+01  1.6194E+01  3.3646E+00  1.5641E+02  3.9099E+00  1.7517E-01  2.8160E-02  3.0000E+02
  6.1000E+01  1.6194E+01  3.3646E+00  1.5641E+02  3.9099E+00  1.7517E-01  2.8160E-02  3.0000E+02
  6.1000E+01  1.6194E+01  3.3646E+00  1.5641E+02  3.9099E+00  1.7517E-01  2.8160E-02  3.0000E+02
  6.1000E+01  1.6194E+01  3.3646E+00  1.5641E+02  3.9099E+00  1.7517E-01  2.8160E-02  3.0000E+02
  6.2000E+01  3.5534E+01  3.3646E+00  1.5641E+02  3.9099E+00  1.3530E-01  2.8160E-02  3.0000E+02
  6.2000E+01  3.5534E+01  3.3646E+00  1.5641E+02  3.9099E+00  1.3530E-01  2.8160E-02  3.0000E+02
  6.2000E+01  3.5534E+01  3.3646E+00  1.5641E+02  3.9099E+00  1.3530E-01  2.8160E-02  3.0000E+02
  6.2000E+01  3.5534E+01  3.3646E+00  1.5641E+02  3.9099E+00  1.3530E-01  2.8160E-02  3.0000E+02
  6.2000E+01  3.5534E+01  3.3646E+00  1.5641E+02  3.9099E+00  1.3530E-01  2.8160E-02  3.0000E+02
  6.2000E+01  3.5534E+01  3.3646E+00  1.5641E+02  3.9099E+00  1.3530E-01  2.8160E-02  3.0000E+02
  6.3000E+01  2.5262E+01  3.3646E+00  1.5641E+02  3.9099E+00  3.6583E-01  2.8160E-02  3.0000E+02
  6.3000E+01  2.5262E+01  3.3646E+00  1.5641E+02  3.9099E+00  3.6583E-01  2.8160E-02  3.0000E+02
  6.3000E+01  2.5262E+01  3.3646E+00  1.5641E+02  3.9099E+00  3.6583E-01  2.8160E-02  3.0000E+02
  6.3000E+01  2.5262E+01  3.3646E+00  1.5641E+02  3.9099E+00  3.6583E-01  2.8160E-02  3.0000E+02
  6.3000E+01  2.5262E+01  3.3646E+00  1.5641E+02  3.9099E+00  3.6583E-01  2.8160E-02  3.0000E+02
  6.3000E+01  2.5262E+01  3.3646E+00  1.5641E+02  3.9099E+00  3.6583E-01  2.8160E-02  3.0000E+02
  6.4000E+01  1.0140E+01  3.3646E+00  1.5641E+02  3.9099E+00  1.0733E-01  1.7686E-02  8.0000E+02
  6.4000E+01  1.0140E+01  3.3646E+00  1.5641E+02  3.9099E+00  1.0733E-01  1.7686E-02  8.0000E+02
  6.4000E+01  1.0140E+01  3.3646E+00  1.5641E+02  3.9099E+00  1.0733E-01  1.7686E-02  8.0000E+02
  6.4000E+01  1.0140E+01  3.3646E+00  1.5641E+02  3.9099E+00  1.0733E-01  1.7686E-02  8.0000E+02
  6.4000E+01  1.0140E+01  3.3646E+00  1.5641E+02  3.9099E+00  1.0733E-01  1.7686E-02  8.0000E+02
  6.4000E+01  1.0140E+01  3.3646E+00  1.5641E+02  3.9099E+00  1.0733E-01  1.7686E-02  8.0000E+02
  6.5000E+01  1.7807E+01  3.3646E+00  1.5641E+02  3.9099E+00  9.1854E-02  1.7686E-02  8.0000E+02
  6.5000E+01  1.7807E+01  3.3646E+00  1.5641E+02  3.9099E+00  9.1854E-02  1.7686E-02  8.0000E+02
  6.5000E+01  1.7807E+01  3.3646E+00  1.5641E+02  3.9099E+00  9.1854E-02  1.7686E-02  8.0000E+02
  6.5000E+01  1.7807E+01  3.3646E+00  1.5641E+02  3.9099E+00  9.1854E-02  1.7686E-02  8.0000E+02
  6.5000E+01  1.7807E+01  3.3646E+00  1.5641E+02  3.9099E+00  9.1854E-02  1.7686E-02  8.0000E+02
  6.5000E+01  1.7807E+01  3.3646E+00  1.5641E+02  3.9099E+00  9.1854E-02  1.7686E-02  8.0000E+02
  6.6000E+01  2.5592E+01  3.3646E+00  1.5641E+02  3.9099E+00  1.7563E-01  1.7686E-02  8.0000E+02
  6.6000E+01  2.5592E+01  3.3646E+00  1.5641E+02  3.9099E+00  1.7563E-01  1.7686E-02  8.0000E+02
  6.6000E+01  2.5592E+01  3.3646E+00  1.5641E+02  3.9099E+00  1.7563E-01  1.7686E-02  8.0000E+02
  6.6000E+01  2.5592E+01  3.3646E+00  1.5641E+02  3.9099E+00  1.7563E-01  1.7686E-02  8.0000E+02
  6.6000E+01  2.5592E+01  3.3646E+00  1.5641E+02  3.9099E+00  1.7563E-01  1.7686E-02  8.0000E+02
  6.6000E+01  2.5592E+01  3.3646E+00  1.5641E+02  3.9099E+00  1.7563E-01  1.7686E-02  8.0000E+02
  6.7000E+01  2.1524E+01  3.3646E+00  1.5641E+02  3.9099E+00  7.6397E-02  1.4704E-02  1.5000E+03
  6.7000E+01  2.1524E+01  3.3646E+00  1.5641E+02  3.9099E+00  7.6397E-02  1.4704E-02  1.5000E+03
  6.7000E+01  2.1524E+01  3.3646E+00  1.5641E+02  3.9099E+00  7.6397E-02  1.4704E-02  1.5000E+03
  6.7000E+01  2.1524E+01  3.3646E+00  1.5641E+02  3.9099E+00  7.6397E-02  1.4704E-02  1.5000E+03
  6.7000E+01  2.1524E+01  3.3646E+00  1.5641E+02  3.9099E+00  7.6397E-02  1.4704E-02  1.5000E+03
  6.7000E+01  2.1524E+01  3.3646E+00  1.5641E+02  3.9099E+00  7.6397E-02  1.4704E-02  1.5000E+03
  6.8000E+01  3.1310E+01  3.3646E+00  1.5641E+02  3.9099E+00  1.7542E-01  1.4704E-02  1.5000E+03
  6.8000E+01  3.1310E+01  3.3646E+00  1.5641E+02  3.9099E+00  1.7542E-01  1.4704E-02  1.5000E+03
  6.8000E+01  3.1310E+01  3.3646E+00  1.5641E+02  3.9099E+00  1.7542E-01  1.4704E-02  1.5000E+03
  6.8000E+01  3.1310E+01  3.3646E+00  1.5641E+02  3.9099E+00  1.7542E-01  1.4704E-02  1.5000E+03
  6.8000E+01  3.1310E+01  3.3646E+00  1.5641E+02  3.9099E+00  1.7542E-01  1.4704E-02  1.5000E+03
  6.8000E+01  3.1310E+01  3.3646E+00  1.5641E+02  3.9099E+00  1.7542E-01  1.4704E-02  1.5000E+03
  6.9000E+01  1.4452E+01  3.3646E+00  1.5641E+02  3.9099E+00  8.0501E-02  1.4704E-02  1.5000E+03
  6.9000E+01  1.4452E+01  3.3646E+00  1.5641E+02  3.9099E+00  8.0501E-02  1.4704E-02  1.5000E+03
  6.9000E+01  1.4452E+01  3.3646E+00  1.5641E+02  3.9099E+00  8.0501E-02  1.4704E-02  1.5000E+03
  6.9000E+01  1.4452E+01  3.3646E+00  1.5641E+02  3.9099E+00  8.0501E-02  1.4704E-02  1.5000E+03
  6.9000E+01  1.4452E+01  3.3646E+00  1.5641E+02  3.9099E+00  8.0501E-02  1.4704E-02  1.5000E+03
  6.9000E+01  1.4452E+01  3.3646E+00  1.5641E+02  3.9099E+00  8.0501E-02  1.4704E-02  1.5000E+03
  7.0000E+01  6.3273E+01  3.3646E+00  1.5641E+02  3.9099E+00  2.6942E-01  2.8160E-02  3.0000E+02
  7.0000E+01  6.3273E+01  3.3646E+00  1.5641E+02  3.9099E+00  2.6942E-01  2.8160E-02  3.0000E+02
  7.0000E+01  6.3273E+01  3.3646E+00  1.5641E+02  3.9099E+00  2.6942E-01  2.8160E-02  3.0000E+02
  7.0000E+01  6.3273E+01  3.3646E+00  1.5641E+02  3.9099E+00  2.6942E-01  2.8160E-02  3.0000E+02
  7.0000E+01  6.3273E+01  3.3646E+00  1.5641E+02  3.9099E+00  2.6942E-01  2.8160E-02  3.0000E+02
  7.0000E+01  6.3273E+01  3.3646E+00  1.5641E+02  3.9099E+00  2.6942E-01  2.8160E-02  3.0000E+02
  7.1000E+01  1.4041E+01  3.3646E+00  1.5641E+02  3.9099E+00  1.2796E-01  2.8160E-02  3.0000E+02
  7.1000E+01  1.4041E+01  3.3646E+00  1.5641E+02  3.9099E+00  1.2796E-01  2.8160E-02  3.0000E+02
  7.1000E+01  1.4041E+01  3.3646E+00  1.5641E+02  3.9099E+00  1.2796E-01  2.8160E-02  3.0000E+02
  7.1000E+01  1.4041E+01  3.3646E+00  1.5641E+02  3.9099E+00  1.2796E-01  2.8160E-02  3.0000E+02
  7.1000E+01  1.4041E+01  3.3646E+00  1.5641E+02  3.9099E+00  1.2796E-01  2.8160E-02  3.0000E+02
  7.1000E+01  1.4041E+01  3.3646E+00  1.5641E+02  3.9099E+00  1.2796E-01  2.8160E-02  3.0000E+02
  7.2000E+01  3.3627E+01  3.3646E+00  1.5641E+02  3.9099E+00  1.2837E-01  2.8160E-02  3.0000E+02
  7.2000E+01  3.3627E+01  3.3646E+00  1.5641E+02  3.9099E+00  1.2837E-01  2.8160E-02  3.0000E+02
  7.2000E+01  3.3627E+01  3.3646E+00  1.5641E+02  3.9099E+00  1.2837E-01  2.8160E-02  3.0000E+02
  7.2000E+01  3.3627E+01  3.3646E+00  1.5641E+02  3.9099E+00  1.2837E-01  2.8160E-02  3.0000E+02
  7.2000E+01  3.3627E+01  3.3646E+00  1.5641E+02  3.9099E+00  1.2837E-01  2.8160E-02  3.0000E+02
  7.2000E+01  3.3627E+01  3.3646E+00  1.5641E+02  3.9099E+00  1.2837E-01  2.8160E-02  3.0000E+02
  7.3000E+01  6.2460E+00  3.3646E+00  1.5641E+02  3.9099E+00  8.7947E-02  1.7686E-02  8.0000E+02
  7.3000E+01  6.2460E+00  3.3646E+00  1.5641E+02  3.9099E+00  8.7947E-02  1.7686E-02  8.0000E+02
  7.3000E+01  6.2460E+00  3.3646E+00  1.5641E+02  3.9099E+00  8.7947E-02  1.7686E-02  8.0000E+02
  7.3000E+01  6.2460E+00  3.3646E+00  1.5641E+02  3.9099E+00  8.7947E-02  1.7686E-02  8.0000E+02
  7.3000E+01  6.2460E+00  3.3646E+00  1.5641E+02  3.9099E+00  8.7947E-02  1.7686E-02  8.0000E+02
  7.3000E+01  6.2460E+00  3.3646E+00  1.5641E+02  3.9099E+00  8.7947E-02  1.7686E-02  8.0000E+02
  7.4000E+01  3.0522E+01  3.3646E+00  1.5641E+02  3.9099E+00  1.1671E-01  1.7686E-02  8.0000E+02
  7.4000E+01  3.0522E+01  3.3646E+00  1.5641E+02  3.9099E+00  1.1671E-01  1.7686E-02  8.0000E+02
  7.4000E+01  3.0522E+01  3.3646E+00  1.5641E+02  3.9099E+00  1.1671E-01  1.7686E-02  8.0000E+02
  7.4000E+01  3.0522E+01  3.3646E+00  1.5641E+02  3.9099E+00  1.1671E-01  1.7686E-02  8.0000E+02
  7.4000E+01  3.0522E+01  3.3646E+00  1.5641E+02  3.9099E+00  1.1671E-01  1.7686E-02  8.0000E+02
  7.4000E+01  3.0522E+01  3.3646E+00  1.5641E+02  3.9099E+00  1.1671E-01  1.7686E-02  8.0000E+02
  7.5000E+01  4.6121E+01  3.3646E+00  1.5641E+02  3.9099E+00  9.9173E-02  1.7686E-02  8.0000E+02
  7.5000E+01  4.6121E+01  3.3646E+00  1.5641E+02  3.9099E+00  9.9173E-02  1.7686E-02  8.0000E+02
  7.5000E+01  4.6121E+01  3.3646E+00  1.5641E+02  3.9099E+00  9.9173E-02  1.7686E-02  8.0000E+02
  7.5000E+01  4.6121E+01  3.3646E+00  1.5641E+02  3.9099E+00  9.9173E-02  1.7686E-02  8.0000E+02
  7.5000E+01  4.6121E+01  3.3646E+00  1.5641E+02  3.9099E+00  9.9173E-02  1.7686E-02  8.0000E+02
  7.5000E+01  4.6121E+01  3.3646E+00  1.5641E+02  3.9099E+00  9.9173E-02  1.7686E-02  8.0000E+02
  7.6000E+01  9.4451E+01  3.3646E+00  1.5641E+02  3.9099E+00  2.4755E-01  1.4704E-02  1.5000E+03
  7.6000E+01  9.4451E+01  3.3646E+00  1.5641E+02  3.9099E+00  2.4755E-01  1.4704E-02  1.5000E+03
  7.6000E+01  9.4451E+01  3.3646E+00  1.5641E+02  3.9099E+00  2.4755E-01  1.4704E-02  1.5000E+03
  7.6000E+01  9.4451E+01  3.3646E+00  1.5641E+02  3.9099E+00  2.4755E-01  1.4704E-02  1.5000E+03
  7.6000E+01  9.4451E+01  3.3646E+00  1.5641E+02  3.9099E+00  2.4755E-01  1.4704E-02  1.5000E+03
  7.6000E+01  9.4451E+01  3.3646E+00  1.5641E+02  3.9099E+00  2.4755E-01  1.4704E-02  1.5000E+03
  7.7000E+01  3.1178E+01  3.3646E+00  1.5641E+02  3.9099E+00  1.7427E-01  1.4704E-02  1.5000E+03
  7.7000E+01  3.1178E+01  3.3646E+00  1.5641E+02  3.9099E+00  1.7427E-01  1.4704E-02  1.5000E+03
  7.7000E+01  3.1178E+01  3.3646E+00  1.5641E+02  3.9099E+00  1.7427E-01  1.4704E-02  1.5000E+03
  7.7000E+01  3.1178E+01  3.3646E+00  1.5641E+02  3.9099E+00  1.7427E-01  1.4704E-02  1.5000E+03
  7.7000E+01  3.1178E+01  3.3646E+00  1.5641E+02  3.9099E+00  1.7427E-01  1.4704E-02  1.5000E+03
  7.7000E+01  3.1178E+01  3.3646E+00  1.5641E+02  3.9099E+00  1.7427E-01  1.4704E-02  1.5000E+03
  7.8000E+01  4.5994E+01  3.3646E+00  1.5641E+02  3.9099E+00  1.3001E-01  1.4704E-02  1.5000E+03
  7.8000E+01  4.5994E+01  3.3646E+00  1.5641E+02  3.9099E+00  1.3001E-01  1.4704E-02  1.5000E+03
  7.8000E+01  4.5994E+01  3.3646E+00  1.5641E+02  3.9099E+00  1.3001E-01  1.4704E-02  1.5000E+03
  7.8000E+01  4.5994E+01  3.3646E+00  1.5641E+02  3.9099E+00  1.3001E-01  1.4704E-02  1.5000E+03
  7.8000E+01  4.5994E+01  3.3646E+00  1.5641E+02  3.9099E+00  1.3001E-01  1.4704E-02  1.5000E+03
  7.8000E+01  4.5994E+01  3.3646E+00  1.5641E+02  3.9099E+00  1.3001E-01  1.4704E-02  1.5000E+03
