TABLE NO.  2
 ID          CL          V2          V3          Q           KA          F1          DOSE
  1.0000E+00  8.2439E+00  3.5574E+00  4.9550E+02  1.8516E+00  6.7839E-01  3.2247E-01  1.0000E+01
  1.0000E+00  8.2439E+00  3.5574E+00  4.9550E+02  1.8516E+00  6.7839E-01  3.2247E-01  1.0000E+01
  1.0000E+00  8.2439E+00  3.5574E+00  4.9550E+02  1.8516E+00  6.7839E-01  3.2247E-01  1.0000E+01
  1.0000E+00  8.2439E+00  3.5574E+00  4.9550E+02  1.8516E+00  6.7839E-01  3.2247E-01  1.0000E+01
  1.0000E+00  8.2439E+00  3.5574E+00  4.9550E+02  1.8516E+00  6.7839E-01  3.2247E-01  1.0000E+01
  1.0000E+00  8.2439E+00  3.5574E+00  4.9550E+02  1.8516E+00  6.7839E-01  3.2247E-01  1.0000E+01
  1.0000E+00  8.2439E+00  3.5574E+00  4.9550E+02  1.8516E+00  6.7839E-01  3.2247E-01  1.0000E+01
  1.0000E+00  8.2439E+00  3.5574E+00  4.9550E+02  1.8516E+00  6.7839E-01  3.2247E-01  1.0000E+01
  1.0000E+00  8.2439E+00  3.5574E+00  4.9550E+02  1.8516E+00  6.7839E-01  3.2247E-01  1.0000E+01
  1.0000E+00  8.2439E+00  3.5574E+00  4.9550E+02  1.8516E+00  6.7839E-01  3.2247E-01  1.0000E+01
  1.0000E+00  8.2439E+00  3.5574E+00  4.9550E+02  1.8516E+00  6.7839E-01  3.2247E-01  1.0000E+01
  1.0000E+00  8.2439E+00  3.5574E+00  4.9550E+02  1.8516E+00  6.7839E-01  3.2247E-01  1.0000E+01
  2.0000E+00  7.3849E+00  3.5574E+00  4.9550E+02  1.4829E+00  6.7839E-01  3.2247E-01  1.0000E+01
  2.0000E+00  7.3849E+00  3.5574E+00  4.9550E+02  1.4829E+00  6.7839E-01  3.2247E-01  1.0000E+01
  2.0000E+00  7.3849E+00  3.5574E+00  4.9550E+02  1.4829E+00  6.7839E-01  3.2247E-01  1.0000E+01
  2.0000E+00  7.3849E+00  3.5574E+00  4.9550E+02  1.4829E+00  6.7839E-01  3.2247E-01  1.0000E+01
  2.0000E+00  7.3849E+00  3.5574E+00  4.9550E+02  1.4829E+00  6.7839E-01  3.2247E-01  1.0000E+01
  2.0000E+00  7.3849E+00  3.5574E+00  4.9550E+02  1.4829E+00  6.7839E-01  3.2247E-01  1.0000E+01
  2.0000E+00  7.3849E+00  3.5574E+00  4.9550E+02  1.4829E+00  6.7839E-01  3.2247E-01  1.0000E+01
  2.0000E+00  7.3849E+00  3.5574E+00  4.9550E+02  1.4829E+00  6.7839E-01  3.2247E-01  1.0000E+01
  2.0000E+00  7.3849E+00  3.5574E+00  4.9550E+02  1.4829E+00  6.7839E-01  3.2247E-01  1.0000E+01
  2.0000E+00  7.3849E+00  3.5574E+00  4.9550E+02  1.4829E+00  6.7839E-01  3.2247E-01  1.0000E+01
  2.0000E+00  7.3849E+00  3.5574E+00  4.9550E+02  1.4829E+00  6.7839E-01  3.2247E-01  1.0000E+01
  2.0000E+00  7.3849E+00  3.5574E+00  4.9550E+02  1.4829E+00  6.7839E-01  3.2247E-01  1.0000E+01
  3.0000E+00  1.7586E+01  3.5574E+00  4.9550E+02  9.3254E+00  6.7839E-01  3.2247E-01  1.0000E+01
  3.0000E+00  1.7586E+01  3.5574E+00  4.9550E+02  9.3254E+00  6.7839E-01  3.2247E-01  1.0000E+01
  3.0000E+00  1.7586E+01  3.5574E+00  4.9550E+02  9.3254E+00  6.7839E-01  3.2247E-01  1.0000E+01
  3.0000E+00  1.7586E+01  3.5574E+00  4.9550E+02  9.3254E+00  6.7839E-01  3.2247E-01  1.0000E+01
  3.0000E+00  1.7586E+01  3.5574E+00  4.9550E+02  9.3254E+00  6.7839E-01  3.2247E-01  1.0000E+01
  3.0000E+00  1.7586E+01  3.5574E+00  4.9550E+02  9.3254E+00  6.7839E-01  3.2247E-01  1.0000E+01
  3.0000E+00  1.7586E+01  3.5574E+00  4.9550E+02  9.3254E+00  6.7839E-01  3.2247E-01  1.0000E+01
  3.0000E+00  1.7586E+01  3.5574E+00  4.9550E+02  9.3254E+00  6.7839E-01  3.2247E-01  1.0000E+01
  3.0000E+00  1.7586E+01  3.5574E+00  4.9550E+02  9.3254E+00  6.7839E-01  3.2247E-01  1.0000E+01
  3.0000E+00  1.7586E+01  3.5574E+00  4.9550E+02  9.3254E+00  6.7839E-01  3.2247E-01  1.0000E+01
  3.0000E+00  1.7586E+01  3.5574E+00  4.9550E+02  9.3254E+00  6.7839E-01  3.2247E-01  1.0000E+01
  3.0000E+00  1.7586E+01  3.5574E+00  4.9550E+02  9.3254E+00  6.7839E-01  3.2247E-01  1.0000E+01
  4.0000E+00  1.8324E+01  3.5574E+00  4.9550E+02  2.2687E+01  6.7839E-01  3.2247E-01  1.0000E+01
  4.0000E+00  1.8324E+01  3.5574E+00  4.9550E+02  2.2687E+01  6.7839E-01  3.2247E-01  1.0000E+01
  4.0000E+00  1.8324E+01  3.5574E+00  4.9550E+02  2.2687E+01  6.7839E-01  3.2247E-01  1.0000E+01
  4.0000E+00  1.8324E+01  3.5574E+00  4.9550E+02  2.2687E+01  6.7839E-01  3.2247E-01  1.0000E+01
  4.0000E+00  1.8324E+01  3.5574E+00  4.9550E+02  2.2687E+01  6.7839E-01  3.2247E-01  1.0000E+01
  4.0000E+00  1.8324E+01  3.5574E+00  4.9550E+02  2.2687E+01  6.7839E-01  3.2247E-01  1.0000E+01
  4.0000E+00  1.8324E+01  3.5574E+00  4.9550E+02  2.2687E+01  6.7839E-01  3.2247E-01  1.0000E+01
  4.0000E+00  1.8324E+01  3.5574E+00  4.9550E+02  2.2687E+01  6.7839E-01  3.2247E-01  1.0000E+01
  4.0000E+00  1.8324E+01  3.5574E+00  4.9550E+02  2.2687E+01  6.7839E-01  3.2247E-01  1.0000E+01
  4.0000E+00  1.8324E+01  3.5574E+00  4.9550E+02  2.2687E+01  6.7839E-01  3.2247E-01  1.0000E+01
  4.0000E+00  1.8324E+01  3.5574E+00  4.9550E+02  2.2687E+01  6.7839E-01  3.2247E-01  1.0000E+01
  4.0000E+00  1.8324E+01  3.5574E+00  4.9550E+02  2.2687E+01  6.7839E-01  3.2247E-01  1.0000E+01
  4.0000E+00  1.8324E+01  3.5574E+00  4.9550E+02  2.2687E+01  6.7839E-01  3.2247E-01  1.0000E+01
  5.0000E+00  3.3225E+01  3.5574E+00  4.9550E+02  9.6711E+00  6.7839E-01  3.2247E-01  1.0000E+01
  5.0000E+00  3.3225E+01  3.5574E+00  4.9550E+02  9.6711E+00  6.7839E-01  3.2247E-01  1.0000E+01
  5.0000E+00  3.3225E+01  3.5574E+00  4.9550E+02  9.6711E+00  6.7839E-01  3.2247E-01  1.0000E+01
  5.0000E+00  3.3225E+01  3.5574E+00  4.9550E+02  9.6711E+00  6.7839E-01  3.2247E-01  1.0000E+01
  5.0000E+00  3.3225E+01  3.5574E+00  4.9550E+02  9.6711E+00  6.7839E-01  3.2247E-01  1.0000E+01
  5.0000E+00  3.3225E+01  3.5574E+00  4.9550E+02  9.6711E+00  6.7839E-01  3.2247E-01  1.0000E+01
  5.0000E+00  3.3225E+01  3.5574E+00  4.9550E+02  9.6711E+00  6.7839E-01  3.2247E-01  1.0000E+01
  5.0000E+00  3.3225E+01  3.5574E+00  4.9550E+02  9.6711E+00  6.7839E-01  3.2247E-01  1.0000E+01
  5.0000E+00  3.3225E+01  3.5574E+00  4.9550E+02  9.6711E+00  6.7839E-01  3.2247E-01  1.0000E+01
  5.0000E+00  3.3225E+01  3.5574E+00  4.9550E+02  9.6711E+00  6.7839E-01  3.2247E-01  1.0000E+01
  5.0000E+00  3.3225E+01  3.5574E+00  4.9550E+02  9.6711E+00  6.7839E-01  3.2247E-01  1.0000E+01
  5.0000E+00  3.3225E+01  3.5574E+00  4.9550E+02  9.6711E+00  6.7839E-01  3.2247E-01  1.0000E+01
  5.0000E+00  3.3225E+01  3.5574E+00  4.9550E+02  9.6711E+00  6.7839E-01  3.2247E-01  1.0000E+01
  6.0000E+00  2.6494E+01  3.5574E+00  4.9550E+02  3.0142E+01  6.7839E-01  3.2247E-01  1.0000E+01
  6.0000E+00  2.6494E+01  3.5574E+00  4.9550E+02  3.0142E+01  6.7839E-01  3.2247E-01  1.0000E+01
  6.0000E+00  2.6494E+01  3.5574E+00  4.9550E+02  3.0142E+01  6.7839E-01  3.2247E-01  1.0000E+01
  6.0000E+00  2.6494E+01  3.5574E+00  4.9550E+02  3.0142E+01  6.7839E-01  3.2247E-01  1.0000E+01
  6.0000E+00  2.6494E+01  3.5574E+00  4.9550E+02  3.0142E+01  6.7839E-01  3.2247E-01  1.0000E+01
  6.0000E+00  2.6494E+01  3.5574E+00  4.9550E+02  3.0142E+01  6.7839E-01  3.2247E-01  1.0000E+01
  6.0000E+00  2.6494E+01  3.5574E+00  4.9550E+02  3.0142E+01  6.7839E-01  3.2247E-01  1.0000E+01
  6.0000E+00  2.6494E+01  3.5574E+00  4.9550E+02  3.0142E+01  6.7839E-01  3.2247E-01  1.0000E+01
  6.0000E+00  2.6494E+01  3.5574E+00  4.9550E+02  3.0142E+01  6.7839E-01  3.2247E-01  1.0000E+01
  6.0000E+00  2.6494E+01  3.5574E+00  4.9550E+02  3.0142E+01  6.7839E-01  3.2247E-01  1.0000E+01
  6.0000E+00  2.6494E+01  3.5574E+00  4.9550E+02  3.0142E+01  6.7839E-01  3.2247E-01  1.0000E+01
  6.0000E+00  2.6494E+01  3.5574E+00  4.9550E+02  3.0142E+01  6.7839E-01  3.2247E-01  1.0000E+01
  6.0000E+00  2.6494E+01  3.5574E+00  4.9550E+02  3.0142E+01  6.7839E-01  3.2247E-01  1.0000E+01
  7.0000E+00  7.6079E+01  3.5574E+00  4.9550E+02  8.9335E+02  6.7839E-01  6.2494E-02  1.2500E+02
  7.0000E+00  7.6079E+01  3.5574E+00  4.9550E+02  8.9335E+02  6.7839E-01  6.2494E-02  1.2500E+02
  7.0000E+00  7.6079E+01  3.5574E+00  4.9550E+02  8.9335E+02  6.7839E-01  6.2494E-02  1.2500E+02
  7.0000E+00  7.6079E+01  3.5574E+00  4.9550E+02  8.9335E+02  6.7839E-01  6.2494E-02  1.2500E+02
  7.0000E+00  7.6079E+01  3.5574E+00  4.9550E+02  8.9335E+02  6.7839E-01  6.2494E-02  1.2500E+02
  7.0000E+00  7.6079E+01  3.5574E+00  4.9550E+02  8.9335E+02  6.7839E-01  6.2494E-02  1.2500E+02
  7.0000E+00  7.6079E+01  3.5574E+00  4.9550E+02  8.9335E+02  6.7839E-01  6.2494E-02  1.2500E+02
  7.0000E+00  7.6079E+01  3.5574E+00  4.9550E+02  8.9335E+02  6.7839E-01  6.2494E-02  1.2500E+02
  8.0000E+00  8.1201E+01  3.5574E+00  4.9550E+02  9.5927E+01  6.7839E-01  6.2494E-02  1.2500E+02
  8.0000E+00  8.1201E+01  3.5574E+00  4.9550E+02  9.5927E+01  6.7839E-01  6.2494E-02  1.2500E+02
  8.0000E+00  8.1201E+01  3.5574E+00  4.9550E+02  9.5927E+01  6.7839E-01  6.2494E-02  1.2500E+02
  8.0000E+00  8.1201E+01  3.5574E+00  4.9550E+02  9.5927E+01  6.7839E-01  6.2494E-02  1.2500E+02
  8.0000E+00  8.1201E+01  3.5574E+00  4.9550E+02  9.5927E+01  6.7839E-01  6.2494E-02  1.2500E+02
  8.0000E+00  8.1201E+01  3.5574E+00  4.9550E+02  9.5927E+01  6.7839E-01  6.2494E-02  1.2500E+02
  8.0000E+00  8.1201E+01  3.5574E+00  4.9550E+02  9.5927E+01  6.7839E-01  6.2494E-02  1.2500E+02
  8.0000E+00  8.1201E+01  3.5574E+00  4.9550E+02  9.5927E+01  6.7839E-01  6.2494E-02  1.2500E+02
  9.0000E+00  4.9883E+01  3.5574E+00  4.9550E+02  1.7455E+02  6.7839E-01  6.2494E-02  1.2500E+02
  9.0000E+00  4.9883E+01  3.5574E+00  4.9550E+02  1.7455E+02  6.7839E-01  6.2494E-02  1.2500E+02
  9.0000E+00  4.9883E+01  3.5574E+00  4.9550E+02  1.7455E+02  6.7839E-01  6.2494E-02  1.2500E+02
  9.0000E+00  4.9883E+01  3.5574E+00  4.9550E+02  1.7455E+02  6.7839E-01  6.2494E-02  1.2500E+02
  9.0000E+00  4.9883E+01  3.5574E+00  4.9550E+02  1.7455E+02  6.7839E-01  6.2494E-02  1.2500E+02
  9.0000E+00  4.9883E+01  3.5574E+00  4.9550E+02  1.7455E+02  6.7839E-01  6.2494E-02  1.2500E+02
  9.0000E+00  4.9883E+01  3.5574E+00  4.9550E+02  1.7455E+02  6.7839E-01  6.2494E-02  1.2500E+02
  9.0000E+00  4.9883E+01  3.5574E+00  4.9550E+02  1.7455E+02  6.7839E-01  6.2494E-02  1.2500E+02
  1.0000E+01  6.2240E+00  3.5574E+00  4.9550E+02  3.2024E+02  6.7839E-01  4.2987E-02  2.5000E+02
  1.0000E+01  6.2240E+00  3.5574E+00  4.9550E+02  3.2024E+02  6.7839E-01  4.2987E-02  2.5000E+02
  1.0000E+01  6.2240E+00  3.5574E+00  4.9550E+02  3.2024E+02  6.7839E-01  4.2987E-02  2.5000E+02
  1.0000E+01  6.2240E+00  3.5574E+00  4.9550E+02  3.2024E+02  6.7839E-01  4.2987E-02  2.5000E+02
  1.0000E+01  6.2240E+00  3.5574E+00  4.9550E+02  3.2024E+02  6.7839E-01  4.2987E-02  2.5000E+02
  1.0000E+01  6.2240E+00  3.5574E+00  4.9550E+02  3.2024E+02  6.7839E-01  4.2987E-02  2.5000E+02
  1.0000E+01  6.2240E+00  3.5574E+00  4.9550E+02  3.2024E+02  6.7839E-01  4.2987E-02  2.5000E+02
  1.0000E+01  6.2240E+00  3.5574E+00  4.9550E+02  3.2024E+02  6.7839E-01  4.2987E-02  2.5000E+02
  1.1000E+01  6.8660E+01  3.5574E+00  4.9550E+02  1.3510E+02  6.7839E-01  4.2987E-02  2.5000E+02
  1.1000E+01  6.8660E+01  3.5574E+00  4.9550E+02  1.3510E+02  6.7839E-01  4.2987E-02  2.5000E+02
  1.1000E+01  6.8660E+01  3.5574E+00  4.9550E+02  1.3510E+02  6.7839E-01  4.2987E-02  2.5000E+02
  1.1000E+01  6.8660E+01  3.5574E+00  4.9550E+02  1.3510E+02  6.7839E-01  4.2987E-02  2.5000E+02
  1.1000E+01  6.8660E+01  3.5574E+00  4.9550E+02  1.3510E+02  6.7839E-01  4.2987E-02  2.5000E+02
  1.1000E+01  6.8660E+01  3.5574E+00  4.9550E+02  1.3510E+02  6.7839E-01  4.2987E-02  2.5000E+02
  1.1000E+01  6.8660E+01  3.5574E+00  4.9550E+02  1.3510E+02  6.7839E-01  4.2987E-02  2.5000E+02
  1.1000E+01  6.8660E+01  3.5574E+00  4.9550E+02  1.3510E+02  6.7839E-01  4.2987E-02  2.5000E+02
  1.2000E+01  7.5685E+01  3.5574E+00  4.9550E+02  2.3303E+02  6.7839E-01  4.2987E-02  2.5000E+02
  1.2000E+01  7.5685E+01  3.5574E+00  4.9550E+02  2.3303E+02  6.7839E-01  4.2987E-02  2.5000E+02
  1.2000E+01  7.5685E+01  3.5574E+00  4.9550E+02  2.3303E+02  6.7839E-01  4.2987E-02  2.5000E+02
  1.2000E+01  7.5685E+01  3.5574E+00  4.9550E+02  2.3303E+02  6.7839E-01  4.2987E-02  2.5000E+02
  1.2000E+01  7.5685E+01  3.5574E+00  4.9550E+02  2.3303E+02  6.7839E-01  4.2987E-02  2.5000E+02
  1.2000E+01  7.5685E+01  3.5574E+00  4.9550E+02  2.3303E+02  6.7839E-01  4.2987E-02  2.5000E+02
  1.2000E+01  7.5685E+01  3.5574E+00  4.9550E+02  2.3303E+02  6.7839E-01  4.2987E-02  2.5000E+02
  1.2000E+01  7.5685E+01  3.5574E+00  4.9550E+02  2.3303E+02  6.7839E-01  4.2987E-02  2.5000E+02
  1.3000E+01  2.2959E+01  3.5574E+00  4.9550E+02  2.6640E+02  6.7839E-01  3.2784E-02  5.0000E+02
  1.3000E+01  2.2959E+01  3.5574E+00  4.9550E+02  2.6640E+02  6.7839E-01  3.2784E-02  5.0000E+02
  1.3000E+01  2.2959E+01  3.5574E+00  4.9550E+02  2.6640E+02  6.7839E-01  3.2784E-02  5.0000E+02
  1.3000E+01  2.2959E+01  3.5574E+00  4.9550E+02  2.6640E+02  6.7839E-01  3.2784E-02  5.0000E+02
  1.3000E+01  2.2959E+01  3.5574E+00  4.9550E+02  2.6640E+02  6.7839E-01  3.2784E-02  5.0000E+02
  1.3000E+01  2.2959E+01  3.5574E+00  4.9550E+02  2.6640E+02  6.7839E-01  3.2784E-02  5.0000E+02
  1.3000E+01  2.2959E+01  3.5574E+00  4.9550E+02  2.6640E+02  6.7839E-01  3.2784E-02  5.0000E+02
  1.3000E+01  2.2959E+01  3.5574E+00  4.9550E+02  2.6640E+02  6.7839E-01  3.2784E-02  5.0000E+02
  1.4000E+01  5.9193E+01  3.5574E+00  4.9550E+02  2.6827E+02  6.7839E-01  3.2784E-02  5.0000E+02
  1.4000E+01  5.9193E+01  3.5574E+00  4.9550E+02  2.6827E+02  6.7839E-01  3.2784E-02  5.0000E+02
  1.4000E+01  5.9193E+01  3.5574E+00  4.9550E+02  2.6827E+02  6.7839E-01  3.2784E-02  5.0000E+02
  1.4000E+01  5.9193E+01  3.5574E+00  4.9550E+02  2.6827E+02  6.7839E-01  3.2784E-02  5.0000E+02
  1.4000E+01  5.9193E+01  3.5574E+00  4.9550E+02  2.6827E+02  6.7839E-01  3.2784E-02  5.0000E+02
  1.4000E+01  5.9193E+01  3.5574E+00  4.9550E+02  2.6827E+02  6.7839E-01  3.2784E-02  5.0000E+02
  1.4000E+01  5.9193E+01  3.5574E+00  4.9550E+02  2.6827E+02  6.7839E-01  3.2784E-02  5.0000E+02
  1.4000E+01  5.9193E+01  3.5574E+00  4.9550E+02  2.6827E+02  6.7839E-01  3.2784E-02  5.0000E+02
  1.5000E+01  1.7263E+01  3.5574E+00  4.9550E+02  2.3328E+02  6.7839E-01  3.2784E-02  5.0000E+02
  1.5000E+01  1.7263E+01  3.5574E+00  4.9550E+02  2.3328E+02  6.7839E-01  3.2784E-02  5.0000E+02
  1.5000E+01  1.7263E+01  3.5574E+00  4.9550E+02  2.3328E+02  6.7839E-01  3.2784E-02  5.0000E+02
  1.5000E+01  1.7263E+01  3.5574E+00  4.9550E+02  2.3328E+02  6.7839E-01  3.2784E-02  5.0000E+02
  1.5000E+01  1.7263E+01  3.5574E+00  4.9550E+02  2.3328E+02  6.7839E-01  3.2784E-02  5.0000E+02
  1.5000E+01  1.7263E+01  3.5574E+00  4.9550E+02  2.3328E+02  6.7839E-01  3.2784E-02  5.0000E+02
  1.5000E+01  1.7263E+01  3.5574E+00  4.9550E+02  2.3328E+02  6.7839E-01  3.2784E-02  5.0000E+02
  1.5000E+01  1.7263E+01  3.5574E+00  4.9550E+02  2.3328E+02  6.7839E-01  3.2784E-02  5.0000E+02
  1.6000E+01  9.0317E+01  3.5574E+00  4.9550E+02  2.7849E+02  6.7839E-01  6.2494E-02  1.2500E+02
  1.6000E+01  9.0317E+01  3.5574E+00  4.9550E+02  2.7849E+02  6.7839E-01  6.2494E-02  1.2500E+02
  1.6000E+01  9.0317E+01  3.5574E+00  4.9550E+02  2.7849E+02  6.7839E-01  6.2494E-02  1.2500E+02
  1.6000E+01  9.0317E+01  3.5574E+00  4.9550E+02  2.7849E+02  6.7839E-01  6.2494E-02  1.2500E+02
  1.6000E+01  9.0317E+01  3.5574E+00  4.9550E+02  2.7849E+02  6.7839E-01  6.2494E-02  1.2500E+02
  1.6000E+01  9.0317E+01  3.5574E+00  4.9550E+02  2.7849E+02  6.7839E-01  6.2494E-02  1.2500E+02
  1.6000E+01  9.0317E+01  3.5574E+00  4.9550E+02  2.7849E+02  6.7839E-01  6.2494E-02  1.2500E+02
  1.6000E+01  9.0317E+01  3.5574E+00  4.9550E+02  2.7849E+02  6.7839E-01  6.2494E-02  1.2500E+02
  1.7000E+01  8.7739E+01  3.5574E+00  4.9550E+02  2.0188E+02  6.7839E-01  6.2494E-02  1.2500E+02
  1.7000E+01  8.7739E+01  3.5574E+00  4.9550E+02  2.0188E+02  6.7839E-01  6.2494E-02  1.2500E+02
  1.7000E+01  8.7739E+01  3.5574E+00  4.9550E+02  2.0188E+02  6.7839E-01  6.2494E-02  1.2500E+02
  1.7000E+01  8.7739E+01  3.5574E+00  4.9550E+02  2.0188E+02  6.7839E-01  6.2494E-02  1.2500E+02
  1.7000E+01  8.7739E+01  3.5574E+00  4.9550E+02  2.0188E+02  6.7839E-01  6.2494E-02  1.2500E+02
  1.7000E+01  8.7739E+01  3.5574E+00  4.9550E+02  2.0188E+02  6.7839E-01  6.2494E-02  1.2500E+02
  1.7000E+01  8.7739E+01  3.5574E+00  4.9550E+02  2.0188E+02  6.7839E-01  6.2494E-02  1.2500E+02
  1.7000E+01  8.7739E+01  3.5574E+00  4.9550E+02  2.0188E+02  6.7839E-01  6.2494E-02  1.2500E+02
  1.8000E+01  8.6168E+01  3.5574E+00  4.9550E+02  5.0488E+02  6.7839E-01  6.2494E-02  1.2500E+02
  1.8000E+01  8.6168E+01  3.5574E+00  4.9550E+02  5.0488E+02  6.7839E-01  6.2494E-02  1.2500E+02
  1.8000E+01  8.6168E+01  3.5574E+00  4.9550E+02  5.0488E+02  6.7839E-01  6.2494E-02  1.2500E+02
  1.8000E+01  8.6168E+01  3.5574E+00  4.9550E+02  5.0488E+02  6.7839E-01  6.2494E-02  1.2500E+02
  1.8000E+01  8.6168E+01  3.5574E+00  4.9550E+02  5.0488E+02  6.7839E-01  6.2494E-02  1.2500E+02
  1.8000E+01  8.6168E+01  3.5574E+00  4.9550E+02  5.0488E+02  6.7839E-01  6.2494E-02  1.2500E+02
  1.8000E+01  8.6168E+01  3.5574E+00  4.9550E+02  5.0488E+02  6.7839E-01  6.2494E-02  1.2500E+02
  1.8000E+01  8.6168E+01  3.5574E+00  4.9550E+02  5.0488E+02  6.7839E-01  6.2494E-02  1.2500E+02
  1.9000E+01  1.0623E+02  3.5574E+00  4.9550E+02  1.7623E+02  6.7839E-01  4.2987E-02  2.5000E+02
  1.9000E+01  1.0623E+02  3.5574E+00  4.9550E+02  1.7623E+02  6.7839E-01  4.2987E-02  2.5000E+02
  1.9000E+01  1.0623E+02  3.5574E+00  4.9550E+02  1.7623E+02  6.7839E-01  4.2987E-02  2.5000E+02
  1.9000E+01  1.0623E+02  3.5574E+00  4.9550E+02  1.7623E+02  6.7839E-01  4.2987E-02  2.5000E+02
  1.9000E+01  1.0623E+02  3.5574E+00  4.9550E+02  1.7623E+02  6.7839E-01  4.2987E-02  2.5000E+02
  1.9000E+01  1.0623E+02  3.5574E+00  4.9550E+02  1.7623E+02  6.7839E-01  4.2987E-02  2.5000E+02
  1.9000E+01  1.0623E+02  3.5574E+00  4.9550E+02  1.7623E+02  6.7839E-01  4.2987E-02  2.5000E+02
  1.9000E+01  1.0623E+02  3.5574E+00  4.9550E+02  1.7623E+02  6.7839E-01  4.2987E-02  2.5000E+02
  2.0000E+01  1.1464E+02  3.5574E+00  4.9550E+02  1.3410E+02  6.7839E-01  4.2987E-02  2.5000E+02
  2.0000E+01  1.1464E+02  3.5574E+00  4.9550E+02  1.3410E+02  6.7839E-01  4.2987E-02  2.5000E+02
  2.0000E+01  1.1464E+02  3.5574E+00  4.9550E+02  1.3410E+02  6.7839E-01  4.2987E-02  2.5000E+02
  2.0000E+01  1.1464E+02  3.5574E+00  4.9550E+02  1.3410E+02  6.7839E-01  4.2987E-02  2.5000E+02
  2.0000E+01  1.1464E+02  3.5574E+00  4.9550E+02  1.3410E+02  6.7839E-01  4.2987E-02  2.5000E+02
  2.0000E+01  1.1464E+02  3.5574E+00  4.9550E+02  1.3410E+02  6.7839E-01  4.2987E-02  2.5000E+02
  2.0000E+01  1.1464E+02  3.5574E+00  4.9550E+02  1.3410E+02  6.7839E-01  4.2987E-02  2.5000E+02
  2.0000E+01  1.1464E+02  3.5574E+00  4.9550E+02  1.3410E+02  6.7839E-01  4.2987E-02  2.5000E+02
  2.1000E+01  9.7844E+01  3.5574E+00  4.9550E+02  3.1226E+02  6.7839E-01  4.2987E-02  2.5000E+02
  2.1000E+01  9.7844E+01  3.5574E+00  4.9550E+02  3.1226E+02  6.7839E-01  4.2987E-02  2.5000E+02
  2.1000E+01  9.7844E+01  3.5574E+00  4.9550E+02  3.1226E+02  6.7839E-01  4.2987E-02  2.5000E+02
  2.1000E+01  9.7844E+01  3.5574E+00  4.9550E+02  3.1226E+02  6.7839E-01  4.2987E-02  2.5000E+02
  2.1000E+01  9.7844E+01  3.5574E+00  4.9550E+02  3.1226E+02  6.7839E-01  4.2987E-02  2.5000E+02
  2.1000E+01  9.7844E+01  3.5574E+00  4.9550E+02  3.1226E+02  6.7839E-01  4.2987E-02  2.5000E+02
  2.1000E+01  9.7844E+01  3.5574E+00  4.9550E+02  3.1226E+02  6.7839E-01  4.2987E-02  2.5000E+02
  2.1000E+01  9.7844E+01  3.5574E+00  4.9550E+02  3.1226E+02  6.7839E-01  4.2987E-02  2.5000E+02
  2.2000E+01  8.5681E+01  3.5574E+00  4.9550E+02  6.0121E+02  6.7839E-01  3.2784E-02  5.0000E+02
  2.2000E+01  8.5681E+01  3.5574E+00  4.9550E+02  6.0121E+02  6.7839E-01  3.2784E-02  5.0000E+02
  2.2000E+01  8.5681E+01  3.5574E+00  4.9550E+02  6.0121E+02  6.7839E-01  3.2784E-02  5.0000E+02
  2.2000E+01  8.5681E+01  3.5574E+00  4.9550E+02  6.0121E+02  6.7839E-01  3.2784E-02  5.0000E+02
  2.2000E+01  8.5681E+01  3.5574E+00  4.9550E+02  6.0121E+02  6.7839E-01  3.2784E-02  5.0000E+02
  2.2000E+01  8.5681E+01  3.5574E+00  4.9550E+02  6.0121E+02  6.7839E-01  3.2784E-02  5.0000E+02
  2.2000E+01  8.5681E+01  3.5574E+00  4.9550E+02  6.0121E+02  6.7839E-01  3.2784E-02  5.0000E+02
  2.2000E+01  8.5681E+01  3.5574E+00  4.9550E+02  6.0121E+02  6.7839E-01  3.2784E-02  5.0000E+02
  2.3000E+01  9.8878E+01  3.5574E+00  4.9550E+02  1.6832E+02  6.7839E-01  3.2784E-02  5.0000E+02
  2.3000E+01  9.8878E+01  3.5574E+00  4.9550E+02  1.6832E+02  6.7839E-01  3.2784E-02  5.0000E+02
  2.3000E+01  9.8878E+01  3.5574E+00  4.9550E+02  1.6832E+02  6.7839E-01  3.2784E-02  5.0000E+02
  2.3000E+01  9.8878E+01  3.5574E+00  4.9550E+02  1.6832E+02  6.7839E-01  3.2784E-02  5.0000E+02
  2.3000E+01  9.8878E+01  3.5574E+00  4.9550E+02  1.6832E+02  6.7839E-01  3.2784E-02  5.0000E+02
  2.3000E+01  9.8878E+01  3.5574E+00  4.9550E+02  1.6832E+02  6.7839E-01  3.2784E-02  5.0000E+02
  2.3000E+01  9.8878E+01  3.5574E+00  4.9550E+02  1.6832E+02  6.7839E-01  3.2784E-02  5.0000E+02
  2.3000E+01  9.8878E+01  3.5574E+00  4.9550E+02  1.6832E+02  6.7839E-01  3.2784E-02  5.0000E+02
  2.4000E+01  1.0279E+01  3.5574E+00  4.9550E+02  2.8698E+02  6.7839E-01  3.2784E-02  5.0000E+02
  2.4000E+01  1.0279E+01  3.5574E+00  4.9550E+02  2.8698E+02  6.7839E-01  3.2784E-02  5.0000E+02
  2.4000E+01  1.0279E+01  3.5574E+00  4.9550E+02  2.8698E+02  6.7839E-01  3.2784E-02  5.0000E+02
  2.4000E+01  1.0279E+01  3.5574E+00  4.9550E+02  2.8698E+02  6.7839E-01  3.2784E-02  5.0000E+02
  2.4000E+01  1.0279E+01  3.5574E+00  4.9550E+02  2.8698E+02  6.7839E-01  3.2784E-02  5.0000E+02
  2.4000E+01  1.0279E+01  3.5574E+00  4.9550E+02  2.8698E+02  6.7839E-01  3.2784E-02  5.0000E+02
  2.4000E+01  1.0279E+01  3.5574E+00  4.9550E+02  2.8698E+02  6.7839E-01  3.2784E-02  5.0000E+02
  2.4000E+01  1.0279E+01  3.5574E+00  4.9550E+02  2.8698E+02  6.7839E-01  3.2784E-02  5.0000E+02
  2.5000E+01  9.1492E+00  3.5574E+00  4.9550E+02  2.7406E+02  6.7839E-01  6.2494E-02  1.2500E+02
  2.5000E+01  9.1492E+00  3.5574E+00  4.9550E+02  2.7406E+02  6.7839E-01  6.2494E-02  1.2500E+02
  2.5000E+01  9.1492E+00  3.5574E+00  4.9550E+02  2.7406E+02  6.7839E-01  6.2494E-02  1.2500E+02
  2.5000E+01  9.1492E+00  3.5574E+00  4.9550E+02  2.7406E+02  6.7839E-01  6.2494E-02  1.2500E+02
  2.5000E+01  9.1492E+00  3.5574E+00  4.9550E+02  2.7406E+02  6.7839E-01  6.2494E-02  1.2500E+02
  2.5000E+01  9.1492E+00  3.5574E+00  4.9550E+02  2.7406E+02  6.7839E-01  6.2494E-02  1.2500E+02
  2.5000E+01  9.1492E+00  3.5574E+00  4.9550E+02  2.7406E+02  6.7839E-01  6.2494E-02  1.2500E+02
  2.6000E+01  1.7368E+01  3.5574E+00  4.9550E+02  2.9921E+01  6.7839E-01  6.2494E-02  1.2500E+02
  2.6000E+01  1.7368E+01  3.5574E+00  4.9550E+02  2.9921E+01  6.7839E-01  6.2494E-02  1.2500E+02
  2.6000E+01  1.7368E+01  3.5574E+00  4.9550E+02  2.9921E+01  6.7839E-01  6.2494E-02  1.2500E+02
  2.6000E+01  1.7368E+01  3.5574E+00  4.9550E+02  2.9921E+01  6.7839E-01  6.2494E-02  1.2500E+02
  2.6000E+01  1.7368E+01  3.5574E+00  4.9550E+02  2.9921E+01  6.7839E-01  6.2494E-02  1.2500E+02
  2.6000E+01  1.7368E+01  3.5574E+00  4.9550E+02  2.9921E+01  6.7839E-01  6.2494E-02  1.2500E+02
  2.6000E+01  1.7368E+01  3.5574E+00  4.9550E+02  2.9921E+01  6.7839E-01  6.2494E-02  1.2500E+02
  2.7000E+01  1.1397E+01  3.5574E+00  4.9550E+02  1.7206E+01  6.7839E-01  6.2494E-02  1.2500E+02
  2.7000E+01  1.1397E+01  3.5574E+00  4.9550E+02  1.7206E+01  6.7839E-01  6.2494E-02  1.2500E+02
  2.7000E+01  1.1397E+01  3.5574E+00  4.9550E+02  1.7206E+01  6.7839E-01  6.2494E-02  1.2500E+02
  2.7000E+01  1.1397E+01  3.5574E+00  4.9550E+02  1.7206E+01  6.7839E-01  6.2494E-02  1.2500E+02
  2.7000E+01  1.1397E+01  3.5574E+00  4.9550E+02  1.7206E+01  6.7839E-01  6.2494E-02  1.2500E+02
  2.7000E+01  1.1397E+01  3.5574E+00  4.9550E+02  1.7206E+01  6.7839E-01  6.2494E-02  1.2500E+02
  2.7000E+01  1.1397E+01  3.5574E+00  4.9550E+02  1.7206E+01  6.7839E-01  6.2494E-02  1.2500E+02
  2.8000E+01  1.0912E+01  3.5574E+00  4.9550E+02  4.9742E+02  6.7839E-01  4.2987E-02  2.5000E+02
  2.8000E+01  1.0912E+01  3.5574E+00  4.9550E+02  4.9742E+02  6.7839E-01  4.2987E-02  2.5000E+02
  2.8000E+01  1.0912E+01  3.5574E+00  4.9550E+02  4.9742E+02  6.7839E-01  4.2987E-02  2.5000E+02
  2.8000E+01  1.0912E+01  3.5574E+00  4.9550E+02  4.9742E+02  6.7839E-01  4.2987E-02  2.5000E+02
  2.8000E+01  1.0912E+01  3.5574E+00  4.9550E+02  4.9742E+02  6.7839E-01  4.2987E-02  2.5000E+02
  2.8000E+01  1.0912E+01  3.5574E+00  4.9550E+02  4.9742E+02  6.7839E-01  4.2987E-02  2.5000E+02
  2.8000E+01  1.0912E+01  3.5574E+00  4.9550E+02  4.9742E+02  6.7839E-01  4.2987E-02  2.5000E+02
  2.9000E+01  1.2178E+01  3.5574E+00  4.9550E+02  8.9186E+01  6.7839E-01  4.2987E-02  2.5000E+02
  2.9000E+01  1.2178E+01  3.5574E+00  4.9550E+02  8.9186E+01  6.7839E-01  4.2987E-02  2.5000E+02
  2.9000E+01  1.2178E+01  3.5574E+00  4.9550E+02  8.9186E+01  6.7839E-01  4.2987E-02  2.5000E+02
  2.9000E+01  1.2178E+01  3.5574E+00  4.9550E+02  8.9186E+01  6.7839E-01  4.2987E-02  2.5000E+02
  2.9000E+01  1.2178E+01  3.5574E+00  4.9550E+02  8.9186E+01  6.7839E-01  4.2987E-02  2.5000E+02
  2.9000E+01  1.2178E+01  3.5574E+00  4.9550E+02  8.9186E+01  6.7839E-01  4.2987E-02  2.5000E+02
  2.9000E+01  1.2178E+01  3.5574E+00  4.9550E+02  8.9186E+01  6.7839E-01  4.2987E-02  2.5000E+02
  3.0000E+01  1.7863E+01  3.5574E+00  4.9550E+02  5.9809E+02  6.7839E-01  4.2987E-02  2.5000E+02
  3.0000E+01  1.7863E+01  3.5574E+00  4.9550E+02  5.9809E+02  6.7839E-01  4.2987E-02  2.5000E+02
  3.0000E+01  1.7863E+01  3.5574E+00  4.9550E+02  5.9809E+02  6.7839E-01  4.2987E-02  2.5000E+02
  3.0000E+01  1.7863E+01  3.5574E+00  4.9550E+02  5.9809E+02  6.7839E-01  4.2987E-02  2.5000E+02
  3.0000E+01  1.7863E+01  3.5574E+00  4.9550E+02  5.9809E+02  6.7839E-01  4.2987E-02  2.5000E+02
  3.0000E+01  1.7863E+01  3.5574E+00  4.9550E+02  5.9809E+02  6.7839E-01  4.2987E-02  2.5000E+02
  3.0000E+01  1.7863E+01  3.5574E+00  4.9550E+02  5.9809E+02  6.7839E-01  4.2987E-02  2.5000E+02
  3.1000E+01  8.2731E+00  3.5574E+00  4.9550E+02  3.6784E+02  6.7839E-01  3.2784E-02  5.0000E+02
  3.1000E+01  8.2731E+00  3.5574E+00  4.9550E+02  3.6784E+02  6.7839E-01  3.2784E-02  5.0000E+02
  3.1000E+01  8.2731E+00  3.5574E+00  4.9550E+02  3.6784E+02  6.7839E-01  3.2784E-02  5.0000E+02
  3.1000E+01  8.2731E+00  3.5574E+00  4.9550E+02  3.6784E+02  6.7839E-01  3.2784E-02  5.0000E+02
  3.1000E+01  8.2731E+00  3.5574E+00  4.9550E+02  3.6784E+02  6.7839E-01  3.2784E-02  5.0000E+02
  3.1000E+01  8.2731E+00  3.5574E+00  4.9550E+02  3.6784E+02  6.7839E-01  3.2784E-02  5.0000E+02
  3.1000E+01  8.2731E+00  3.5574E+00  4.9550E+02  3.6784E+02  6.7839E-01  3.2784E-02  5.0000E+02
  3.2000E+01  1.3632E+01  3.5574E+00  4.9550E+02  3.1581E+02  6.7839E-01  3.2784E-02  5.0000E+02
  3.2000E+01  1.3632E+01  3.5574E+00  4.9550E+02  3.1581E+02  6.7839E-01  3.2784E-02  5.0000E+02
  3.2000E+01  1.3632E+01  3.5574E+00  4.9550E+02  3.1581E+02  6.7839E-01  3.2784E-02  5.0000E+02
  3.2000E+01  1.3632E+01  3.5574E+00  4.9550E+02  3.1581E+02  6.7839E-01  3.2784E-02  5.0000E+02
  3.2000E+01  1.3632E+01  3.5574E+00  4.9550E+02  3.1581E+02  6.7839E-01  3.2784E-02  5.0000E+02
  3.2000E+01  1.3632E+01  3.5574E+00  4.9550E+02  3.1581E+02  6.7839E-01  3.2784E-02  5.0000E+02
  3.2000E+01  1.3632E+01  3.5574E+00  4.9550E+02  3.1581E+02  6.7839E-01  3.2784E-02  5.0000E+02
  3.3000E+01  1.4190E+01  3.5574E+00  4.9550E+02  2.9639E+02  6.7839E-01  3.2784E-02  5.0000E+02
  3.3000E+01  1.4190E+01  3.5574E+00  4.9550E+02  2.9639E+02  6.7839E-01  3.2784E-02  5.0000E+02
  3.3000E+01  1.4190E+01  3.5574E+00  4.9550E+02  2.9639E+02  6.7839E-01  3.2784E-02  5.0000E+02
  3.3000E+01  1.4190E+01  3.5574E+00  4.9550E+02  2.9639E+02  6.7839E-01  3.2784E-02  5.0000E+02
  3.3000E+01  1.4190E+01  3.5574E+00  4.9550E+02  2.9639E+02  6.7839E-01  3.2784E-02  5.0000E+02
  3.3000E+01  1.4190E+01  3.5574E+00  4.9550E+02  2.9639E+02  6.7839E-01  3.2784E-02  5.0000E+02
  3.3000E+01  1.4190E+01  3.5574E+00  4.9550E+02  2.9639E+02  6.7839E-01  3.2784E-02  5.0000E+02
  3.4000E+01  9.3924E+01  3.5574E+00  4.9550E+02  1.0519E+02  6.7839E-01  6.2494E-02  1.2500E+02
  3.4000E+01  9.3924E+01  3.5574E+00  4.9550E+02  1.0519E+02  6.7839E-01  6.2494E-02  1.2500E+02
  3.4000E+01  9.3924E+01  3.5574E+00  4.9550E+02  1.0519E+02  6.7839E-01  6.2494E-02  1.2500E+02
  3.4000E+01  9.3924E+01  3.5574E+00  4.9550E+02  1.0519E+02  6.7839E-01  6.2494E-02  1.2500E+02
  3.4000E+01  9.3924E+01  3.5574E+00  4.9550E+02  1.0519E+02  6.7839E-01  6.2494E-02  1.2500E+02
  3.4000E+01  9.3924E+01  3.5574E+00  4.9550E+02  1.0519E+02  6.7839E-01  6.2494E-02  1.2500E+02
  3.4000E+01  9.3924E+01  3.5574E+00  4.9550E+02  1.0519E+02  6.7839E-01  6.2494E-02  1.2500E+02
  3.5000E+01  8.9361E+01  3.5574E+00  4.9550E+02  2.4125E+02  6.7839E-01  6.2494E-02  1.2500E+02
  3.5000E+01  8.9361E+01  3.5574E+00  4.9550E+02  2.4125E+02  6.7839E-01  6.2494E-02  1.2500E+02
  3.5000E+01  8.9361E+01  3.5574E+00  4.9550E+02  2.4125E+02  6.7839E-01  6.2494E-02  1.2500E+02
  3.5000E+01  8.9361E+01  3.5574E+00  4.9550E+02  2.4125E+02  6.7839E-01  6.2494E-02  1.2500E+02
  3.5000E+01  8.9361E+01  3.5574E+00  4.9550E+02  2.4125E+02  6.7839E-01  6.2494E-02  1.2500E+02
  3.5000E+01  8.9361E+01  3.5574E+00  4.9550E+02  2.4125E+02  6.7839E-01  6.2494E-02  1.2500E+02
  3.5000E+01  8.9361E+01  3.5574E+00  4.9550E+02  2.4125E+02  6.7839E-01  6.2494E-02  1.2500E+02
  3.6000E+01  8.8805E+01  3.5574E+00  4.9550E+02  1.3369E+02  6.7839E-01  6.2494E-02  1.2500E+02
  3.6000E+01  8.8805E+01  3.5574E+00  4.9550E+02  1.3369E+02  6.7839E-01  6.2494E-02  1.2500E+02
  3.6000E+01  8.8805E+01  3.5574E+00  4.9550E+02  1.3369E+02  6.7839E-01  6.2494E-02  1.2500E+02
  3.6000E+01  8.8805E+01  3.5574E+00  4.9550E+02  1.3369E+02  6.7839E-01  6.2494E-02  1.2500E+02
  3.6000E+01  8.8805E+01  3.5574E+00  4.9550E+02  1.3369E+02  6.7839E-01  6.2494E-02  1.2500E+02
  3.6000E+01  8.8805E+01  3.5574E+00  4.9550E+02  1.3369E+02  6.7839E-01  6.2494E-02  1.2500E+02
  3.6000E+01  8.8805E+01  3.5574E+00  4.9550E+02  1.3369E+02  6.7839E-01  6.2494E-02  1.2500E+02
  3.7000E+01  8.9142E+01  3.5574E+00  4.9550E+02  1.9190E+02  6.7839E-01  4.2987E-02  2.5000E+02
  3.7000E+01  8.9142E+01  3.5574E+00  4.9550E+02  1.9190E+02  6.7839E-01  4.2987E-02  2.5000E+02
  3.7000E+01  8.9142E+01  3.5574E+00  4.9550E+02  1.9190E+02  6.7839E-01  4.2987E-02  2.5000E+02
  3.7000E+01  8.9142E+01  3.5574E+00  4.9550E+02  1.9190E+02  6.7839E-01  4.2987E-02  2.5000E+02
  3.7000E+01  8.9142E+01  3.5574E+00  4.9550E+02  1.9190E+02  6.7839E-01  4.2987E-02  2.5000E+02
  3.7000E+01  8.9142E+01  3.5574E+00  4.9550E+02  1.9190E+02  6.7839E-01  4.2987E-02  2.5000E+02
  3.7000E+01  8.9142E+01  3.5574E+00  4.9550E+02  1.9190E+02  6.7839E-01  4.2987E-02  2.5000E+02
  3.8000E+01  6.1682E+01  3.5574E+00  4.9550E+02  2.4996E+02  6.7839E-01  4.2987E-02  2.5000E+02
  3.8000E+01  6.1682E+01  3.5574E+00  4.9550E+02  2.4996E+02  6.7839E-01  4.2987E-02  2.5000E+02
  3.8000E+01  6.1682E+01  3.5574E+00  4.9550E+02  2.4996E+02  6.7839E-01  4.2987E-02  2.5000E+02
  3.8000E+01  6.1682E+01  3.5574E+00  4.9550E+02  2.4996E+02  6.7839E-01  4.2987E-02  2.5000E+02
  3.8000E+01  6.1682E+01  3.5574E+00  4.9550E+02  2.4996E+02  6.7839E-01  4.2987E-02  2.5000E+02
  3.8000E+01  6.1682E+01  3.5574E+00  4.9550E+02  2.4996E+02  6.7839E-01  4.2987E-02  2.5000E+02
  3.8000E+01  6.1682E+01  3.5574E+00  4.9550E+02  2.4996E+02  6.7839E-01  4.2987E-02  2.5000E+02
  3.9000E+01  7.0795E+01  3.5574E+00  4.9550E+02  1.6215E+02  6.7839E-01  4.2987E-02  2.5000E+02
  3.9000E+01  7.0795E+01  3.5574E+00  4.9550E+02  1.6215E+02  6.7839E-01  4.2987E-02  2.5000E+02
  3.9000E+01  7.0795E+01  3.5574E+00  4.9550E+02  1.6215E+02  6.7839E-01  4.2987E-02  2.5000E+02
  3.9000E+01  7.0795E+01  3.5574E+00  4.9550E+02  1.6215E+02  6.7839E-01  4.2987E-02  2.5000E+02
  3.9000E+01  7.0795E+01  3.5574E+00  4.9550E+02  1.6215E+02  6.7839E-01  4.2987E-02  2.5000E+02
  3.9000E+01  7.0795E+01  3.5574E+00  4.9550E+02  1.6215E+02  6.7839E-01  4.2987E-02  2.5000E+02
  3.9000E+01  7.0795E+01  3.5574E+00  4.9550E+02  1.6215E+02  6.7839E-01  4.2987E-02  2.5000E+02
  4.0000E+01  3.7240E+01  3.5574E+00  4.9550E+02  4.6090E+02  6.7839E-01  3.2784E-02  5.0000E+02
  4.0000E+01  3.7240E+01  3.5574E+00  4.9550E+02  4.6090E+02  6.7839E-01  3.2784E-02  5.0000E+02
  4.0000E+01  3.7240E+01  3.5574E+00  4.9550E+02  4.6090E+02  6.7839E-01  3.2784E-02  5.0000E+02
  4.0000E+01  3.7240E+01  3.5574E+00  4.9550E+02  4.6090E+02  6.7839E-01  3.2784E-02  5.0000E+02
  4.0000E+01  3.7240E+01  3.5574E+00  4.9550E+02  4.6090E+02  6.7839E-01  3.2784E-02  5.0000E+02
  4.0000E+01  3.7240E+01  3.5574E+00  4.9550E+02  4.6090E+02  6.7839E-01  3.2784E-02  5.0000E+02
  4.0000E+01  3.7240E+01  3.5574E+00  4.9550E+02  4.6090E+02  6.7839E-01  3.2784E-02  5.0000E+02
  4.1000E+01  5.1996E+01  3.5574E+00  4.9550E+02  2.3756E+02  6.7839E-01  3.2784E-02  5.0000E+02
  4.1000E+01  5.1996E+01  3.5574E+00  4.9550E+02  2.3756E+02  6.7839E-01  3.2784E-02  5.0000E+02
  4.1000E+01  5.1996E+01  3.5574E+00  4.9550E+02  2.3756E+02  6.7839E-01  3.2784E-02  5.0000E+02
  4.1000E+01  5.1996E+01  3.5574E+00  4.9550E+02  2.3756E+02  6.7839E-01  3.2784E-02  5.0000E+02
  4.1000E+01  5.1996E+01  3.5574E+00  4.9550E+02  2.3756E+02  6.7839E-01  3.2784E-02  5.0000E+02
  4.1000E+01  5.1996E+01  3.5574E+00  4.9550E+02  2.3756E+02  6.7839E-01  3.2784E-02  5.0000E+02
  4.1000E+01  5.1996E+01  3.5574E+00  4.9550E+02  2.3756E+02  6.7839E-01  3.2784E-02  5.0000E+02
  4.2000E+01  8.2019E+01  3.5574E+00  4.9550E+02  3.7730E+02  6.7839E-01  3.2784E-02  5.0000E+02
  4.2000E+01  8.2019E+01  3.5574E+00  4.9550E+02  3.7730E+02  6.7839E-01  3.2784E-02  5.0000E+02
  4.2000E+01  8.2019E+01  3.5574E+00  4.9550E+02  3.7730E+02  6.7839E-01  3.2784E-02  5.0000E+02
  4.2000E+01  8.2019E+01  3.5574E+00  4.9550E+02  3.7730E+02  6.7839E-01  3.2784E-02  5.0000E+02
  4.2000E+01  8.2019E+01  3.5574E+00  4.9550E+02  3.7730E+02  6.7839E-01  3.2784E-02  5.0000E+02
  4.2000E+01  8.2019E+01  3.5574E+00  4.9550E+02  3.7730E+02  6.7839E-01  3.2784E-02  5.0000E+02
  4.2000E+01  8.2019E+01  3.5574E+00  4.9550E+02  3.7730E+02  6.7839E-01  3.2784E-02  5.0000E+02
  4.3000E+01  1.0392E+01  3.5574E+00  4.9550E+02  7.3030E+01  6.7839E-01  3.9620E-02  3.0000E+02
  4.3000E+01  1.0392E+01  3.5574E+00  4.9550E+02  7.3030E+01  6.7839E-01  3.9620E-02  3.0000E+02
  4.3000E+01  1.0392E+01  3.5574E+00  4.9550E+02  7.3030E+01  6.7839E-01  3.9620E-02  3.0000E+02
  4.3000E+01  1.0392E+01  3.5574E+00  4.9550E+02  7.3030E+01  6.7839E-01  3.9620E-02  3.0000E+02
  4.3000E+01  1.0392E+01  3.5574E+00  4.9550E+02  7.3030E+01  6.7839E-01  3.9620E-02  3.0000E+02
  4.3000E+01  1.0392E+01  3.5574E+00  4.9550E+02  7.3030E+01  6.7839E-01  3.9620E-02  3.0000E+02
  4.3000E+01  1.0392E+01  3.5574E+00  4.9550E+02  7.3030E+01  6.7839E-01  3.9620E-02  3.0000E+02
  4.4000E+01  1.7454E+01  3.5574E+00  4.9550E+02  1.3559E+02  6.7839E-01  3.9620E-02  3.0000E+02
  4.4000E+01  1.7454E+01  3.5574E+00  4.9550E+02  1.3559E+02  6.7839E-01  3.9620E-02  3.0000E+02
  4.4000E+01  1.7454E+01  3.5574E+00  4.9550E+02  1.3559E+02  6.7839E-01  3.9620E-02  3.0000E+02
  4.4000E+01  1.7454E+01  3.5574E+00  4.9550E+02  1.3559E+02  6.7839E-01  3.9620E-02  3.0000E+02
  4.4000E+01  1.7454E+01  3.5574E+00  4.9550E+02  1.3559E+02  6.7839E-01  3.9620E-02  3.0000E+02
  4.4000E+01  1.7454E+01  3.5574E+00  4.9550E+02  1.3559E+02  6.7839E-01  3.9620E-02  3.0000E+02
  4.4000E+01  1.7454E+01  3.5574E+00  4.9550E+02  1.3559E+02  6.7839E-01  3.9620E-02  3.0000E+02
  4.5000E+01  3.6621E+01  3.5574E+00  4.9550E+02  1.3949E+02  6.7839E-01  3.9620E-02  3.0000E+02
  4.5000E+01  3.6621E+01  3.5574E+00  4.9550E+02  1.3949E+02  6.7839E-01  3.9620E-02  3.0000E+02
  4.5000E+01  3.6621E+01  3.5574E+00  4.9550E+02  1.3949E+02  6.7839E-01  3.9620E-02  3.0000E+02
  4.5000E+01  3.6621E+01  3.5574E+00  4.9550E+02  1.3949E+02  6.7839E-01  3.9620E-02  3.0000E+02
  4.5000E+01  3.6621E+01  3.5574E+00  4.9550E+02  1.3949E+02  6.7839E-01  3.9620E-02  3.0000E+02
  4.5000E+01  3.6621E+01  3.5574E+00  4.9550E+02  1.3949E+02  6.7839E-01  3.9620E-02  3.0000E+02
  4.5000E+01  3.6621E+01  3.5574E+00  4.9550E+02  1.3949E+02  6.7839E-01  3.9620E-02  3.0000E+02
  4.6000E+01  1.0807E+01  3.5574E+00  4.9550E+02  2.3586E+02  6.7839E-01  2.8876E-02  8.0000E+02
  4.6000E+01  1.0807E+01  3.5574E+00  4.9550E+02  2.3586E+02  6.7839E-01  2.8876E-02  8.0000E+02
  4.6000E+01  1.0807E+01  3.5574E+00  4.9550E+02  2.3586E+02  6.7839E-01  2.8876E-02  8.0000E+02
  4.6000E+01  1.0807E+01  3.5574E+00  4.9550E+02  2.3586E+02  6.7839E-01  2.8876E-02  8.0000E+02
  4.6000E+01  1.0807E+01  3.5574E+00  4.9550E+02  2.3586E+02  6.7839E-01  2.8876E-02  8.0000E+02
  4.6000E+01  1.0807E+01  3.5574E+00  4.9550E+02  2.3586E+02  6.7839E-01  2.8876E-02  8.0000E+02
  4.6000E+01  1.0807E+01  3.5574E+00  4.9550E+02  2.3586E+02  6.7839E-01  2.8876E-02  8.0000E+02
  4.7000E+01  2.4507E+01  3.5574E+00  4.9550E+02  3.5451E+02  6.7839E-01  2.8876E-02  8.0000E+02
  4.7000E+01  2.4507E+01  3.5574E+00  4.9550E+02  3.5451E+02  6.7839E-01  2.8876E-02  8.0000E+02
  4.7000E+01  2.4507E+01  3.5574E+00  4.9550E+02  3.5451E+02  6.7839E-01  2.8876E-02  8.0000E+02
  4.7000E+01  2.4507E+01  3.5574E+00  4.9550E+02  3.5451E+02  6.7839E-01  2.8876E-02  8.0000E+02
  4.7000E+01  2.4507E+01  3.5574E+00  4.9550E+02  3.5451E+02  6.7839E-01  2.8876E-02  8.0000E+02
  4.7000E+01  2.4507E+01  3.5574E+00  4.9550E+02  3.5451E+02  6.7839E-01  2.8876E-02  8.0000E+02
  4.7000E+01  2.4507E+01  3.5574E+00  4.9550E+02  3.5451E+02  6.7839E-01  2.8876E-02  8.0000E+02
  4.8000E+01  3.9204E+01  3.5574E+00  4.9550E+02  2.3044E+02  6.7839E-01  2.8876E-02  8.0000E+02
  4.8000E+01  3.9204E+01  3.5574E+00  4.9550E+02  2.3044E+02  6.7839E-01  2.8876E-02  8.0000E+02
  4.8000E+01  3.9204E+01  3.5574E+00  4.9550E+02  2.3044E+02  6.7839E-01  2.8876E-02  8.0000E+02
  4.8000E+01  3.9204E+01  3.5574E+00  4.9550E+02  2.3044E+02  6.7839E-01  2.8876E-02  8.0000E+02
  4.8000E+01  3.9204E+01  3.5574E+00  4.9550E+02  2.3044E+02  6.7839E-01  2.8876E-02  8.0000E+02
  4.8000E+01  3.9204E+01  3.5574E+00  4.9550E+02  2.3044E+02  6.7839E-01  2.8876E-02  8.0000E+02
  4.8000E+01  3.9204E+01  3.5574E+00  4.9550E+02  2.3044E+02  6.7839E-01  2.8876E-02  8.0000E+02
  4.9000E+01  9.6284E+01  3.5574E+00  4.9550E+02  2.6752E+02  6.7839E-01  2.5806E-02  1.5000E+03
  4.9000E+01  9.6284E+01  3.5574E+00  4.9550E+02  2.6752E+02  6.7839E-01  2.5806E-02  1.5000E+03
  4.9000E+01  9.6284E+01  3.5574E+00  4.9550E+02  2.6752E+02  6.7839E-01  2.5806E-02  1.5000E+03
  4.9000E+01  9.6284E+01  3.5574E+00  4.9550E+02  2.6752E+02  6.7839E-01  2.5806E-02  1.5000E+03
  4.9000E+01  9.6284E+01  3.5574E+00  4.9550E+02  2.6752E+02  6.7839E-01  2.5806E-02  1.5000E+03
  4.9000E+01  9.6284E+01  3.5574E+00  4.9550E+02  2.6752E+02  6.7839E-01  2.5806E-02  1.5000E+03
  4.9000E+01  9.6284E+01  3.5574E+00  4.9550E+02  2.6752E+02  6.7839E-01  2.5806E-02  1.5000E+03
  5.0000E+01  1.4051E+01  3.5574E+00  4.9550E+02  1.7319E+02  6.7839E-01  2.5806E-02  1.5000E+03
  5.0000E+01  1.4051E+01  3.5574E+00  4.9550E+02  1.7319E+02  6.7839E-01  2.5806E-02  1.5000E+03
  5.0000E+01  1.4051E+01  3.5574E+00  4.9550E+02  1.7319E+02  6.7839E-01  2.5806E-02  1.5000E+03
  5.0000E+01  1.4051E+01  3.5574E+00  4.9550E+02  1.7319E+02  6.7839E-01  2.5806E-02  1.5000E+03
  5.0000E+01  1.4051E+01  3.5574E+00  4.9550E+02  1.7319E+02  6.7839E-01  2.5806E-02  1.5000E+03
  5.0000E+01  1.4051E+01  3.5574E+00  4.9550E+02  1.7319E+02  6.7839E-01  2.5806E-02  1.5000E+03
  5.0000E+01  1.4051E+01  3.5574E+00  4.9550E+02  1.7319E+02  6.7839E-01  2.5806E-02  1.5000E+03
  5.1000E+01  2.8550E+01  3.5574E+00  4.9550E+02  5.6047E+02  6.7839E-01  2.5806E-02  1.5000E+03
  5.1000E+01  2.8550E+01  3.5574E+00  4.9550E+02  5.6047E+02  6.7839E-01  2.5806E-02  1.5000E+03
  5.1000E+01  2.8550E+01  3.5574E+00  4.9550E+02  5.6047E+02  6.7839E-01  2.5806E-02  1.5000E+03
  5.1000E+01  2.8550E+01  3.5574E+00  4.9550E+02  5.6047E+02  6.7839E-01  2.5806E-02  1.5000E+03
  5.1000E+01  2.8550E+01  3.5574E+00  4.9550E+02  5.6047E+02  6.7839E-01  2.5806E-02  1.5000E+03
  5.1000E+01  2.8550E+01  3.5574E+00  4.9550E+02  5.6047E+02  6.7839E-01  2.5806E-02  1.5000E+03
  5.2000E+01  1.2634E+01  3.5574E+00  4.9550E+02  4.0072E+00  6.7839E-01  3.9620E-02  3.0000E+02
  5.2000E+01  1.2634E+01  3.5574E+00  4.9550E+02  4.0072E+00  6.7839E-01  3.9620E-02  3.0000E+02
  5.2000E+01  1.2634E+01  3.5574E+00  4.9550E+02  4.0072E+00  6.7839E-01  3.9620E-02  3.0000E+02
  5.2000E+01  1.2634E+01  3.5574E+00  4.9550E+02  4.0072E+00  6.7839E-01  3.9620E-02  3.0000E+02
  5.2000E+01  1.2634E+01  3.5574E+00  4.9550E+02  4.0072E+00  6.7839E-01  3.9620E-02  3.0000E+02
  5.2000E+01  1.2634E+01  3.5574E+00  4.9550E+02  4.0072E+00  6.7839E-01  3.9620E-02  3.0000E+02
  5.2000E+01  1.2634E+01  3.5574E+00  4.9550E+02  4.0072E+00  6.7839E-01  3.9620E-02  3.0000E+02
  5.3000E+01  4.9136E+01  3.5574E+00  4.9550E+02  2.5016E+02  6.7839E-01  3.9620E-02  3.0000E+02
  5.3000E+01  4.9136E+01  3.5574E+00  4.9550E+02  2.5016E+02  6.7839E-01  3.9620E-02  3.0000E+02
  5.3000E+01  4.9136E+01  3.5574E+00  4.9550E+02  2.5016E+02  6.7839E-01  3.9620E-02  3.0000E+02
  5.3000E+01  4.9136E+01  3.5574E+00  4.9550E+02  2.5016E+02  6.7839E-01  3.9620E-02  3.0000E+02
  5.3000E+01  4.9136E+01  3.5574E+00  4.9550E+02  2.5016E+02  6.7839E-01  3.9620E-02  3.0000E+02
  5.3000E+01  4.9136E+01  3.5574E+00  4.9550E+02  2.5016E+02  6.7839E-01  3.9620E-02  3.0000E+02
  5.3000E+01  4.9136E+01  3.5574E+00  4.9550E+02  2.5016E+02  6.7839E-01  3.9620E-02  3.0000E+02
  5.4000E+01  4.2091E+01  3.5574E+00  4.9550E+02  6.6325E+01  6.7839E-01  3.9620E-02  3.0000E+02
  5.4000E+01  4.2091E+01  3.5574E+00  4.9550E+02  6.6325E+01  6.7839E-01  3.9620E-02  3.0000E+02
  5.4000E+01  4.2091E+01  3.5574E+00  4.9550E+02  6.6325E+01  6.7839E-01  3.9620E-02  3.0000E+02
  5.4000E+01  4.2091E+01  3.5574E+00  4.9550E+02  6.6325E+01  6.7839E-01  3.9620E-02  3.0000E+02
  5.4000E+01  4.2091E+01  3.5574E+00  4.9550E+02  6.6325E+01  6.7839E-01  3.9620E-02  3.0000E+02
  5.4000E+01  4.2091E+01  3.5574E+00  4.9550E+02  6.6325E+01  6.7839E-01  3.9620E-02  3.0000E+02
  5.4000E+01  4.2091E+01  3.5574E+00  4.9550E+02  6.6325E+01  6.7839E-01  3.9620E-02  3.0000E+02
  5.5000E+01  6.0681E+01  3.5574E+00  4.9550E+02  1.2290E+02  6.7839E-01  2.8876E-02  8.0000E+02
  5.5000E+01  6.0681E+01  3.5574E+00  4.9550E+02  1.2290E+02  6.7839E-01  2.8876E-02  8.0000E+02
  5.5000E+01  6.0681E+01  3.5574E+00  4.9550E+02  1.2290E+02  6.7839E-01  2.8876E-02  8.0000E+02
  5.5000E+01  6.0681E+01  3.5574E+00  4.9550E+02  1.2290E+02  6.7839E-01  2.8876E-02  8.0000E+02
  5.5000E+01  6.0681E+01  3.5574E+00  4.9550E+02  1.2290E+02  6.7839E-01  2.8876E-02  8.0000E+02
  5.5000E+01  6.0681E+01  3.5574E+00  4.9550E+02  1.2290E+02  6.7839E-01  2.8876E-02  8.0000E+02
  5.5000E+01  6.0681E+01  3.5574E+00  4.9550E+02  1.2290E+02  6.7839E-01  2.8876E-02  8.0000E+02
  5.6000E+01  1.1825E+02  3.5574E+00  4.9550E+02  3.1111E+01  6.7839E-01  2.8876E-02  8.0000E+02
  5.6000E+01  1.1825E+02  3.5574E+00  4.9550E+02  3.1111E+01  6.7839E-01  2.8876E-02  8.0000E+02
  5.6000E+01  1.1825E+02  3.5574E+00  4.9550E+02  3.1111E+01  6.7839E-01  2.8876E-02  8.0000E+02
  5.6000E+01  1.1825E+02  3.5574E+00  4.9550E+02  3.1111E+01  6.7839E-01  2.8876E-02  8.0000E+02
  5.6000E+01  1.1825E+02  3.5574E+00  4.9550E+02  3.1111E+01  6.7839E-01  2.8876E-02  8.0000E+02
  5.6000E+01  1.1825E+02  3.5574E+00  4.9550E+02  3.1111E+01  6.7839E-01  2.8876E-02  8.0000E+02
  5.6000E+01  1.1825E+02  3.5574E+00  4.9550E+02  3.1111E+01  6.7839E-01  2.8876E-02  8.0000E+02
  5.7000E+01  1.4366E+02  3.5574E+00  4.9550E+02  1.2738E+02  6.7839E-01  2.8876E-02  8.0000E+02
  5.7000E+01  1.4366E+02  3.5574E+00  4.9550E+02  1.2738E+02  6.7839E-01  2.8876E-02  8.0000E+02
  5.7000E+01  1.4366E+02  3.5574E+00  4.9550E+02  1.2738E+02  6.7839E-01  2.8876E-02  8.0000E+02
  5.7000E+01  1.4366E+02  3.5574E+00  4.9550E+02  1.2738E+02  6.7839E-01  2.8876E-02  8.0000E+02
  5.7000E+01  1.4366E+02  3.5574E+00  4.9550E+02  1.2738E+02  6.7839E-01  2.8876E-02  8.0000E+02
  5.7000E+01  1.4366E+02  3.5574E+00  4.9550E+02  1.2738E+02  6.7839E-01  2.8876E-02  8.0000E+02
  5.8000E+01  6.2725E+01  3.5574E+00  4.9550E+02  4.1204E+02  6.7839E-01  2.5806E-02  1.5000E+03
  5.8000E+01  6.2725E+01  3.5574E+00  4.9550E+02  4.1204E+02  6.7839E-01  2.5806E-02  1.5000E+03
  5.8000E+01  6.2725E+01  3.5574E+00  4.9550E+02  4.1204E+02  6.7839E-01  2.5806E-02  1.5000E+03
  5.8000E+01  6.2725E+01  3.5574E+00  4.9550E+02  4.1204E+02  6.7839E-01  2.5806E-02  1.5000E+03
  5.8000E+01  6.2725E+01  3.5574E+00  4.9550E+02  4.1204E+02  6.7839E-01  2.5806E-02  1.5000E+03
  5.8000E+01  6.2725E+01  3.5574E+00  4.9550E+02  4.1204E+02  6.7839E-01  2.5806E-02  1.5000E+03
  5.8000E+01  6.2725E+01  3.5574E+00  4.9550E+02  4.1204E+02  6.7839E-01  2.5806E-02  1.5000E+03
  5.9000E+01  3.2036E+01  3.5574E+00  4.9550E+02  6.6739E+00  6.7839E-01  2.5806E-02  1.5000E+03
  5.9000E+01  3.2036E+01  3.5574E+00  4.9550E+02  6.6739E+00  6.7839E-01  2.5806E-02  1.5000E+03
  5.9000E+01  3.2036E+01  3.5574E+00  4.9550E+02  6.6739E+00  6.7839E-01  2.5806E-02  1.5000E+03
  5.9000E+01  3.2036E+01  3.5574E+00  4.9550E+02  6.6739E+00  6.7839E-01  2.5806E-02  1.5000E+03
  5.9000E+01  3.2036E+01  3.5574E+00  4.9550E+02  6.6739E+00  6.7839E-01  2.5806E-02  1.5000E+03
  5.9000E+01  3.2036E+01  3.5574E+00  4.9550E+02  6.6739E+00  6.7839E-01  2.5806E-02  1.5000E+03
  5.9000E+01  3.2036E+01  3.5574E+00  4.9550E+02  6.6739E+00  6.7839E-01  2.5806E-02  1.5000E+03
  6.0000E+01  7.8637E+01  3.5574E+00  4.9550E+02  4.6151E+01  6.7839E-01  2.5806E-02  1.5000E+03
  6.0000E+01  7.8637E+01  3.5574E+00  4.9550E+02  4.6151E+01  6.7839E-01  2.5806E-02  1.5000E+03
  6.0000E+01  7.8637E+01  3.5574E+00  4.9550E+02  4.6151E+01  6.7839E-01  2.5806E-02  1.5000E+03
  6.0000E+01  7.8637E+01  3.5574E+00  4.9550E+02  4.6151E+01  6.7839E-01  2.5806E-02  1.5000E+03
  6.0000E+01  7.8637E+01  3.5574E+00  4.9550E+02  4.6151E+01  6.7839E-01  2.5806E-02  1.5000E+03
  6.0000E+01  7.8637E+01  3.5574E+00  4.9550E+02  4.6151E+01  6.7839E-01  2.5806E-02  1.5000E+03
  6.0000E+01  7.8637E+01  3.5574E+00  4.9550E+02  4.6151E+01  6.7839E-01  2.5806E-02  1.5000E+03
  6.1000E+01  1.9179E+01  3.5574E+00  4.9550E+02  7.0513E+01  6.7839E-01  3.9620E-02  3.0000E+02
  6.1000E+01  1.9179E+01  3.5574E+00  4.9550E+02  7.0513E+01  6.7839E-01  3.9620E-02  3.0000E+02
  6.1000E+01  1.9179E+01  3.5574E+00  4.9550E+02  7.0513E+01  6.7839E-01  3.9620E-02  3.0000E+02
  6.1000E+01  1.9179E+01  3.5574E+00  4.9550E+02  7.0513E+01  6.7839E-01  3.9620E-02  3.0000E+02
  6.1000E+01  1.9179E+01  3.5574E+00  4.9550E+02  7.0513E+01  6.7839E-01  3.9620E-02  3.0000E+02
  6.1000E+01  1.9179E+01  3.5574E+00  4.9550E+02  7.0513E+01  6.7839E-01  3.9620E-02  3.0000E+02
  6.2000E+01  4.5355E+01  3.5574E+00  4.9550E+02  1.7301E+02  6.7839E-01  3.9620E-02  3.0000E+02
  6.2000E+01  4.5355E+01  3.5574E+00  4.9550E+02  1.7301E+02  6.7839E-01  3.9620E-02  3.0000E+02
  6.2000E+01  4.5355E+01  3.5574E+00  4.9550E+02  1.7301E+02  6.7839E-01  3.9620E-02  3.0000E+02
  6.2000E+01  4.5355E+01  3.5574E+00  4.9550E+02  1.7301E+02  6.7839E-01  3.9620E-02  3.0000E+02
  6.2000E+01  4.5355E+01  3.5574E+00  4.9550E+02  1.7301E+02  6.7839E-01  3.9620E-02  3.0000E+02
  6.2000E+01  4.5355E+01  3.5574E+00  4.9550E+02  1.7301E+02  6.7839E-01  3.9620E-02  3.0000E+02
  6.3000E+01  3.2216E+01  3.5574E+00  4.9550E+02  1.7517E+01  6.7839E-01  3.9620E-02  3.0000E+02
  6.3000E+01  3.2216E+01  3.5574E+00  4.9550E+02  1.7517E+01  6.7839E-01  3.9620E-02  3.0000E+02
  6.3000E+01  3.2216E+01  3.5574E+00  4.9550E+02  1.7517E+01  6.7839E-01  3.9620E-02  3.0000E+02
  6.3000E+01  3.2216E+01  3.5574E+00  4.9550E+02  1.7517E+01  6.7839E-01  3.9620E-02  3.0000E+02
  6.3000E+01  3.2216E+01  3.5574E+00  4.9550E+02  1.7517E+01  6.7839E-01  3.9620E-02  3.0000E+02
  6.3000E+01  3.2216E+01  3.5574E+00  4.9550E+02  1.7517E+01  6.7839E-01  3.9620E-02  3.0000E+02
  6.4000E+01  1.2361E+01  3.5574E+00  4.9550E+02  2.2915E+02  6.7839E-01  2.8876E-02  8.0000E+02
  6.4000E+01  1.2361E+01  3.5574E+00  4.9550E+02  2.2915E+02  6.7839E-01  2.8876E-02  8.0000E+02
  6.4000E+01  1.2361E+01  3.5574E+00  4.9550E+02  2.2915E+02  6.7839E-01  2.8876E-02  8.0000E+02
  6.4000E+01  1.2361E+01  3.5574E+00  4.9550E+02  2.2915E+02  6.7839E-01  2.8876E-02  8.0000E+02
  6.4000E+01  1.2361E+01  3.5574E+00  4.9550E+02  2.2915E+02  6.7839E-01  2.8876E-02  8.0000E+02
  6.4000E+01  1.2361E+01  3.5574E+00  4.9550E+02  2.2915E+02  6.7839E-01  2.8876E-02  8.0000E+02
  6.5000E+01  2.3543E+01  3.5574E+00  4.9550E+02  5.1825E+02  6.7839E-01  2.8876E-02  8.0000E+02
  6.5000E+01  2.3543E+01  3.5574E+00  4.9550E+02  5.1825E+02  6.7839E-01  2.8876E-02  8.0000E+02
  6.5000E+01  2.3543E+01  3.5574E+00  4.9550E+02  5.1825E+02  6.7839E-01  2.8876E-02  8.0000E+02
  6.5000E+01  2.3543E+01  3.5574E+00  4.9550E+02  5.1825E+02  6.7839E-01  2.8876E-02  8.0000E+02
  6.5000E+01  2.3543E+01  3.5574E+00  4.9550E+02  5.1825E+02  6.7839E-01  2.8876E-02  8.0000E+02
  6.5000E+01  2.3543E+01  3.5574E+00  4.9550E+02  5.1825E+02  6.7839E-01  2.8876E-02  8.0000E+02
  6.6000E+01  2.6355E+01  3.5574E+00  4.9550E+02  1.6890E+02  6.7839E-01  2.8876E-02  8.0000E+02
  6.6000E+01  2.6355E+01  3.5574E+00  4.9550E+02  1.6890E+02  6.7839E-01  2.8876E-02  8.0000E+02
  6.6000E+01  2.6355E+01  3.5574E+00  4.9550E+02  1.6890E+02  6.7839E-01  2.8876E-02  8.0000E+02
  6.6000E+01  2.6355E+01  3.5574E+00  4.9550E+02  1.6890E+02  6.7839E-01  2.8876E-02  8.0000E+02
  6.6000E+01  2.6355E+01  3.5574E+00  4.9550E+02  1.6890E+02  6.7839E-01  2.8876E-02  8.0000E+02
  6.6000E+01  2.6355E+01  3.5574E+00  4.9550E+02  1.6890E+02  6.7839E-01  2.8876E-02  8.0000E+02
  6.7000E+01  3.4090E+01  3.5574E+00  4.9550E+02  1.1508E+03  6.7839E-01  2.5806E-02  1.5000E+03
  6.7000E+01  3.4090E+01  3.5574E+00  4.9550E+02  1.1508E+03  6.7839E-01  2.5806E-02  1.5000E+03
  6.7000E+01  3.4090E+01  3.5574E+00  4.9550E+02  1.1508E+03  6.7839E-01  2.5806E-02  1.5000E+03
  6.7000E+01  3.4090E+01  3.5574E+00  4.9550E+02  1.1508E+03  6.7839E-01  2.5806E-02  1.5000E+03
  6.7000E+01  3.4090E+01  3.5574E+00  4.9550E+02  1.1508E+03  6.7839E-01  2.5806E-02  1.5000E+03
  6.7000E+01  3.4090E+01  3.5574E+00  4.9550E+02  1.1508E+03  6.7839E-01  2.5806E-02  1.5000E+03
  6.8000E+01  4.4652E+01  3.5574E+00  4.9550E+02  1.4720E+02  6.7839E-01  2.5806E-02  1.5000E+03
  6.8000E+01  4.4652E+01  3.5574E+00  4.9550E+02  1.4720E+02  6.7839E-01  2.5806E-02  1.5000E+03
  6.8000E+01  4.4652E+01  3.5574E+00  4.9550E+02  1.4720E+02  6.7839E-01  2.5806E-02  1.5000E+03
  6.8000E+01  4.4652E+01  3.5574E+00  4.9550E+02  1.4720E+02  6.7839E-01  2.5806E-02  1.5000E+03
  6.8000E+01  4.4652E+01  3.5574E+00  4.9550E+02  1.4720E+02  6.7839E-01  2.5806E-02  1.5000E+03
  6.8000E+01  4.4652E+01  3.5574E+00  4.9550E+02  1.4720E+02  6.7839E-01  2.5806E-02  1.5000E+03
  6.9000E+01  2.2007E+01  3.5574E+00  4.9550E+02  8.4990E+02  6.7839E-01  2.5806E-02  1.5000E+03
  6.9000E+01  2.2007E+01  3.5574E+00  4.9550E+02  8.4990E+02  6.7839E-01  2.5806E-02  1.5000E+03
  6.9000E+01  2.2007E+01  3.5574E+00  4.9550E+02  8.4990E+02  6.7839E-01  2.5806E-02  1.5000E+03
  6.9000E+01  2.2007E+01  3.5574E+00  4.9550E+02  8.4990E+02  6.7839E-01  2.5806E-02  1.5000E+03
  6.9000E+01  2.2007E+01  3.5574E+00  4.9550E+02  8.4990E+02  6.7839E-01  2.5806E-02  1.5000E+03
  6.9000E+01  2.2007E+01  3.5574E+00  4.9550E+02  8.4990E+02  6.7839E-01  2.5806E-02  1.5000E+03
  7.0000E+01  8.3704E+01  3.5574E+00  4.9550E+02  7.5111E+01  6.7839E-01  3.9620E-02  3.0000E+02
  7.0000E+01  8.3704E+01  3.5574E+00  4.9550E+02  7.5111E+01  6.7839E-01  3.9620E-02  3.0000E+02
  7.0000E+01  8.3704E+01  3.5574E+00  4.9550E+02  7.5111E+01  6.7839E-01  3.9620E-02  3.0000E+02
  7.0000E+01  8.3704E+01  3.5574E+00  4.9550E+02  7.5111E+01  6.7839E-01  3.9620E-02  3.0000E+02
  7.0000E+01  8.3704E+01  3.5574E+00  4.9550E+02  7.5111E+01  6.7839E-01  3.9620E-02  3.0000E+02
  7.0000E+01  8.3704E+01  3.5574E+00  4.9550E+02  7.5111E+01  6.7839E-01  3.9620E-02  3.0000E+02
  7.1000E+01  1.3168E+01  3.5574E+00  4.9550E+02  7.1868E+02  6.7839E-01  3.9620E-02  3.0000E+02
  7.1000E+01  1.3168E+01  3.5574E+00  4.9550E+02  7.1868E+02  6.7839E-01  3.9620E-02  3.0000E+02
  7.1000E+01  1.3168E+01  3.5574E+00  4.9550E+02  7.1868E+02  6.7839E-01  3.9620E-02  3.0000E+02
  7.1000E+01  1.3168E+01  3.5574E+00  4.9550E+02  7.1868E+02  6.7839E-01  3.9620E-02  3.0000E+02
  7.1000E+01  1.3168E+01  3.5574E+00  4.9550E+02  7.1868E+02  6.7839E-01  3.9620E-02  3.0000E+02
  7.1000E+01  1.3168E+01  3.5574E+00  4.9550E+02  7.1868E+02  6.7839E-01  3.9620E-02  3.0000E+02
  7.2000E+01  3.4774E+01  3.5574E+00  4.9550E+02  2.6860E+02  6.7839E-01  3.9620E-02  3.0000E+02
  7.2000E+01  3.4774E+01  3.5574E+00  4.9550E+02  2.6860E+02  6.7839E-01  3.9620E-02  3.0000E+02
  7.2000E+01  3.4774E+01  3.5574E+00  4.9550E+02  2.6860E+02  6.7839E-01  3.9620E-02  3.0000E+02
  7.2000E+01  3.4774E+01  3.5574E+00  4.9550E+02  2.6860E+02  6.7839E-01  3.9620E-02  3.0000E+02
  7.2000E+01  3.4774E+01  3.5574E+00  4.9550E+02  2.6860E+02  6.7839E-01  3.9620E-02  3.0000E+02
  7.2000E+01  3.4774E+01  3.5574E+00  4.9550E+02  2.6860E+02  6.7839E-01  3.9620E-02  3.0000E+02
  7.3000E+01  9.0077E+00  3.5574E+00  4.9550E+02  6.7141E+02  6.7839E-01  2.8876E-02  8.0000E+02
  7.3000E+01  9.0077E+00  3.5574E+00  4.9550E+02  6.7141E+02  6.7839E-01  2.8876E-02  8.0000E+02
  7.3000E+01  9.0077E+00  3.5574E+00  4.9550E+02  6.7141E+02  6.7839E-01  2.8876E-02  8.0000E+02
  7.3000E+01  9.0077E+00  3.5574E+00  4.9550E+02  6.7141E+02  6.7839E-01  2.8876E-02  8.0000E+02
  7.3000E+01  9.0077E+00  3.5574E+00  4.9550E+02  6.7141E+02  6.7839E-01  2.8876E-02  8.0000E+02
  7.3000E+01  9.0077E+00  3.5574E+00  4.9550E+02  6.7141E+02  6.7839E-01  2.8876E-02  8.0000E+02
  7.4000E+01  4.0530E+01  3.5574E+00  4.9550E+02  7.0746E+02  6.7839E-01  2.8876E-02  8.0000E+02
  7.4000E+01  4.0530E+01  3.5574E+00  4.9550E+02  7.0746E+02  6.7839E-01  2.8876E-02  8.0000E+02
  7.4000E+01  4.0530E+01  3.5574E+00  4.9550E+02  7.0746E+02  6.7839E-01  2.8876E-02  8.0000E+02
  7.4000E+01  4.0530E+01  3.5574E+00  4.9550E+02  7.0746E+02  6.7839E-01  2.8876E-02  8.0000E+02
  7.4000E+01  4.0530E+01  3.5574E+00  4.9550E+02  7.0746E+02  6.7839E-01  2.8876E-02  8.0000E+02
  7.4000E+01  4.0530E+01  3.5574E+00  4.9550E+02  7.0746E+02  6.7839E-01  2.8876E-02  8.0000E+02
  7.5000E+01  6.8741E+01  3.5574E+00  4.9550E+02  5.8195E+02  6.7839E-01  2.8876E-02  8.0000E+02
  7.5000E+01  6.8741E+01  3.5574E+00  4.9550E+02  5.8195E+02  6.7839E-01  2.8876E-02  8.0000E+02
  7.5000E+01  6.8741E+01  3.5574E+00  4.9550E+02  5.8195E+02  6.7839E-01  2.8876E-02  8.0000E+02
  7.5000E+01  6.8741E+01  3.5574E+00  4.9550E+02  5.8195E+02  6.7839E-01  2.8876E-02  8.0000E+02
  7.5000E+01  6.8741E+01  3.5574E+00  4.9550E+02  5.8195E+02  6.7839E-01  2.8876E-02  8.0000E+02
  7.5000E+01  6.8741E+01  3.5574E+00  4.9550E+02  5.8195E+02  6.7839E-01  2.8876E-02  8.0000E+02
  7.6000E+01  1.7914E+02  3.5574E+00  4.9550E+02  1.3127E+02  6.7839E-01  2.5806E-02  1.5000E+03
  7.6000E+01  1.7914E+02  3.5574E+00  4.9550E+02  1.3127E+02  6.7839E-01  2.5806E-02  1.5000E+03
  7.6000E+01  1.7914E+02  3.5574E+00  4.9550E+02  1.3127E+02  6.7839E-01  2.5806E-02  1.5000E+03
  7.6000E+01  1.7914E+02  3.5574E+00  4.9550E+02  1.3127E+02  6.7839E-01  2.5806E-02  1.5000E+03
  7.6000E+01  1.7914E+02  3.5574E+00  4.9550E+02  1.3127E+02  6.7839E-01  2.5806E-02  1.5000E+03
  7.6000E+01  1.7914E+02  3.5574E+00  4.9550E+02  1.3127E+02  6.7839E-01  2.5806E-02  1.5000E+03
  7.7000E+01  3.2024E+01  3.5574E+00  4.9550E+02  4.2210E+02  6.7839E-01  2.5806E-02  1.5000E+03
  7.7000E+01  3.2024E+01  3.5574E+00  4.9550E+02  4.2210E+02  6.7839E-01  2.5806E-02  1.5000E+03
  7.7000E+01  3.2024E+01  3.5574E+00  4.9550E+02  4.2210E+02  6.7839E-01  2.5806E-02  1.5000E+03
  7.7000E+01  3.2024E+01  3.5574E+00  4.9550E+02  4.2210E+02  6.7839E-01  2.5806E-02  1.5000E+03
  7.7000E+01  3.2024E+01  3.5574E+00  4.9550E+02  4.2210E+02  6.7839E-01  2.5806E-02  1.5000E+03
  7.7000E+01  3.2024E+01  3.5574E+00  4.9550E+02  4.2210E+02  6.7839E-01  2.5806E-02  1.5000E+03
  7.8000E+01  8.0749E+01  3.5574E+00  4.9550E+02  9.7014E+02  6.7839E-01  2.5806E-02  1.5000E+03
  7.8000E+01  8.0749E+01  3.5574E+00  4.9550E+02  9.7014E+02  6.7839E-01  2.5806E-02  1.5000E+03
  7.8000E+01  8.0749E+01  3.5574E+00  4.9550E+02  9.7014E+02  6.7839E-01  2.5806E-02  1.5000E+03
  7.8000E+01  8.0749E+01  3.5574E+00  4.9550E+02  9.7014E+02  6.7839E-01  2.5806E-02  1.5000E+03
  7.8000E+01  8.0749E+01  3.5574E+00  4.9550E+02  9.7014E+02  6.7839E-01  2.5806E-02  1.5000E+03
  7.8000E+01  8.0749E+01  3.5574E+00  4.9550E+02  9.7014E+02  6.7839E-01  2.5806E-02  1.5000E+03
