TABLE NO.  1
 ID          TIME        AMT         DV          MDV         IPRED       CWRES       IWRES       DV          PRED        RES         WRES
  1.0000E+00  0.0000E+00  1.0000E+04  0.0000E+00  1.0000E+00  2.8502E+03  0.0000E+00 -1.5846E+00  0.0000E+00  2.8502E+03  0.0000E+00  0.0000E+00
  1.0000E+00  0.0000E+00  0.0000E+00  0.0000E+00  0.0000E+00  2.8502E+03 -1.5846E+00 -1.5846E+00  0.0000E+00  2.8502E+03 -2.8502E+03 -1.5846E+00
  1.0000E+00  3.3000E-02  0.0000E+00  7.3336E+03  0.0000E+00  2.5940E+03  3.0494E+00  2.8953E+00  7.3336E+03  3.4389E+02  6.9897E+03  5.5914E+00
  1.0000E+00  8.3000E-02  0.0000E+00  1.1915E+03  0.0000E+00  2.2490E+03 -3.8226E-01 -7.4508E-01  1.1915E+03  2.7688E+01  1.1638E+03  1.2953E+01
  1.0000E+00  2.5000E-01  0.0000E+00  8.7932E+02  0.0000E+00  1.3963E+03  2.5769E-01 -5.8672E-01  8.7932E+02  1.4995E+01  8.6432E+02  7.2361E+01
  1.0000E+00  5.0000E-01  0.0000E+00  1.2562E+03  0.0000E+00  6.8425E+02  2.3591E+00  1.3246E+00  1.2562E+03  1.4801E+01  1.2414E+03  1.0902E+02
  1.0000E+00  7.0000E-01  0.0000E+00  2.3189E+02  0.0000E+00  3.8685E+02  2.5602E-01 -6.3475E-01  2.3189E+02  1.4648E+01  2.1724E+02  1.0964E+01
  1.0000E+00  1.0000E+00  0.0000E+00  3.0794E+02  0.0000E+00  1.6466E+02  1.8762E+00  1.3789E+00  3.0794E+02  1.4421E+01  2.9352E+02  1.8285E+01
  1.0000E+00  2.0000E+00  0.0000E+00  8.9700E-01  0.0000E+00  1.0113E+01 -1.5001E+00 -1.4440E+00  8.9700E-01  1.3690E+01 -1.2793E+01 -1.3213E+01
  1.0000E+00  4.0000E+00  0.0000E+00  1.0160E+00  0.0000E+00  7.0385E-01 -8.2192E-01  7.0274E-01  1.0160E+00  1.2338E+01 -1.1322E+01 -1.6015E+01
  1.0000E+00  6.0000E+00  0.0000E+00  0.0000E+00  1.0000E+00  6.6865E-01  0.0000E+00 -1.5846E+00  0.0000E+00  1.1120E+01  0.0000E+00  0.0000E+00
  1.0000E+00  8.0000E+00  0.0000E+00  6.0900E-01  0.0000E+00  6.6451E-01 -1.7290E+00 -1.3236E-01  6.0900E-01  1.0021E+01 -9.4124E+00 -2.1258E+01
  2.0000E+00  0.0000E+00  1.0000E+04  0.0000E+00  1.0000E+00  2.8502E+03  0.0000E+00 -1.5846E+00  0.0000E+00  2.8502E+03  0.0000E+00  0.0000E+00
  2.0000E+00  0.0000E+00  0.0000E+00  0.0000E+00  0.0000E+00  2.8502E+03 -1.5846E+00 -1.5846E+00  0.0000E+00  2.8502E+03 -2.8502E+03 -1.5846E+00
  2.0000E+00  3.3000E-02  0.0000E+00  4.6639E+03  0.0000E+00  2.6241E+03  1.3986E+00  1.2318E+00  4.6639E+03  3.4389E+02  4.3200E+03  3.1028E+00
  2.0000E+00  8.3000E-02  0.0000E+00  1.1788E+03  0.0000E+00  2.3152E+03 -3.7474E-01 -7.7777E-01  1.1788E+03  2.7688E+01  1.1511E+03  1.3103E+01
  2.0000E+00  2.5000E-01  0.0000E+00  5.2594E+02  0.0000E+00  1.5238E+03  4.9184E-03 -1.0377E+00  5.2594E+02  1.4995E+01  5.1095E+02  4.4771E+01
  2.0000E+00  5.0000E-01  0.0000E+00  3.5647E+02  0.0000E+00  8.1482E+02  6.9362E-01 -8.9135E-01  3.5647E+02  1.4801E+01  3.4167E+02  2.8948E+01
  2.0000E+00  7.5000E-01  0.0000E+00  2.1360E+01  0.0000E+00  4.3582E+02  2.1340E-01 -1.5069E+00  2.1360E+01  1.4610E+01  6.7501E+00 -3.2784E+00
  2.0000E+00  1.0000E+00  0.0000E+00  5.5186E+02  0.0000E+00  2.3322E+02  3.7642E+00  2.1649E+00  5.5186E+02  1.4421E+01  5.3744E+02  4.8479E+01
  2.0000E+00  2.0000E+00  0.0000E+00  4.7980E+00  0.0000E+00  1.9558E+01 -2.7063E-01 -1.1958E+00  4.7980E+00  1.3690E+01 -8.8925E+00 -5.8385E+00
  2.0000E+00  4.0000E+00  0.0000E+00  3.3000E-02  0.0000E+00  6.8572E-01 -2.2839E+00 -1.5083E+00  3.3000E-02  1.2338E+01 -1.2305E+01 -7.8616E+00
  2.0000E+00  6.0000E+00  0.0000E+00  5.9700E-01  0.0000E+00  5.5719E-01 -1.1454E+00  1.1323E-01  5.9700E-01  1.1120E+01 -1.0523E+01 -9.2548E+00
  2.0000E+00  8.0000E+00  0.0000E+00  8.4600E-01  0.0000E+00  5.5361E-01 -4.1905E-01  8.3691E-01  8.4600E-01  1.0021E+01 -9.1754E+00 -1.0585E+01
  3.0000E+00  0.0000E+00  1.0000E+04  0.0000E+00  1.0000E+00  2.8502E+03  0.0000E+00 -1.5846E+00  0.0000E+00  2.8502E+03  0.0000E+00  0.0000E+00
  3.0000E+00  0.0000E+00  0.0000E+00  0.0000E+00  0.0000E+00  2.8502E+03 -1.5846E+00 -1.5846E+00  0.0000E+00  2.8502E+03 -2.8502E+03 -1.5846E+00
  3.0000E+00  3.3000E-02  0.0000E+00  3.7945E+03  0.0000E+00  2.2190E+03  1.4427E+00  1.1251E+00  3.7945E+03  3.4389E+02  3.4506E+03  2.1662E+00
  3.0000E+00  8.3000E-02  0.0000E+00  1.2588E+03  0.0000E+00  1.5187E+03  4.0531E-01 -2.7116E-01  1.2588E+03  2.7688E+01  1.2311E+03  1.3711E+01
  3.0000E+00  2.5000E-01  0.0000E+00  5.4645E+02  0.0000E+00  4.2900E+02  1.4127E+00  4.3383E-01  5.4645E+02  1.4995E+01  5.3145E+02  5.0336E+01
  3.0000E+00  5.0000E-01  0.0000E+00  4.9878E+01  0.0000E+00  6.6314E+01  1.0580E-01 -3.9274E-01  4.9878E+01  1.4801E+01  3.5077E+01  3.3357E+00
  3.0000E+00  7.5000E-01  0.0000E+00  1.6505E+01  0.0000E+00  1.1982E+01  4.5990E-01  5.9823E-01  1.6505E+01  1.4610E+01  1.8951E+00  4.8000E-02
  3.0000E+00  1.0000E+00  0.0000E+00  6.6930E+00  0.0000E+00  3.8370E+00  6.2138E-01  1.1795E+00  6.6930E+00  1.4421E+01 -7.7282E+00 -1.0081E+00
  3.0000E+00  2.0000E+00  0.0000E+00  3.6010E+00  0.0000E+00  2.3750E+00  2.6232E-01  8.1797E-01  3.6010E+00  1.3690E+01 -1.0089E+01 -1.7496E+00
  3.0000E+00  4.0000E+00  0.0000E+00  1.1970E+00  0.0000E+00  2.3172E+00 -1.3091E+00 -7.6605E-01  1.1970E+00  1.2338E+01 -1.1141E+01 -2.8793E+00
  3.0000E+00  6.0000E+00  0.0000E+00  3.0470E+00  0.0000E+00  2.2616E+00  1.9389E-02  5.5032E-01  3.0470E+00  1.1120E+01 -8.0726E+00 -3.5037E+00
  3.0000E+00  8.0000E+00  0.0000E+00  3.8000E-01  0.0000E+00  2.2072E+00 -1.8309E+00 -1.3118E+00  3.8000E-01  1.0021E+01 -9.6414E+00 -4.6359E+00
  4.0000E+00  0.0000E+00  1.0000E+04  0.0000E+00  1.0000E+00  0.0000E+00  0.0000E+00  0.0000E+00  0.0000E+00  0.0000E+00  0.0000E+00  0.0000E+00
  4.0000E+00  0.0000E+00  0.0000E+00  0.0000E+00  0.0000E+00  0.0000E+00  0.0000E+00  0.0000E+00  0.0000E+00  0.0000E+00  0.0000E+00  0.0000E+00
  4.0000E+00  3.3000E-02  0.0000E+00  2.1445E+01  0.0000E+00  1.5684E+01  6.6466E-01  5.8198E-01  2.1445E+01  7.6489E+00  1.3796E+01 -2.5379E-01
  4.0000E+00  8.3000E-02  0.0000E+00  2.5683E+01  0.0000E+00  3.0532E+01  5.7201E-03 -2.5167E-01  2.5683E+01  8.4829E+00  1.7200E+01 -4.6921E-01
  4.0000E+00  2.5000E-01  0.0000E+00  4.4576E+01  0.0000E+00  4.4768E+01  6.6688E-01 -6.7875E-03  4.4576E+01  8.0752E+00  3.6501E+01  1.9671E+00
  4.0000E+00  5.0000E-01  0.0000E+00  2.1491E+01  0.0000E+00  4.1205E+01  4.1334E-02 -7.5812E-01  2.1491E+01  7.4878E+00  1.4003E+01 -4.1542E-01
  4.0000E+00  7.5000E-01  0.0000E+00  7.6971E+01  0.0000E+00  3.5225E+01  2.6297E+00  1.8779E+00  7.6971E+01  6.9840E+00  6.9987E+01  8.8731E+00
  4.0000E+00  1.0000E+00  0.0000E+00  7.4570E+00  0.0000E+00  2.9971E+01 -5.0674E-01 -1.1903E+00  7.4570E+00  6.5507E+00  9.0629E-01 -2.0245E+00
  4.0000E+00  2.0000E+00  0.0000E+00  3.1960E+00  0.0000E+00  1.5959E+01 -8.1981E-01 -1.2672E+00  3.1960E+00  5.3279E+00 -2.1319E+00 -1.9814E+00
  4.0000E+00  3.0000E+00  0.0000E+00  1.6550E+01  0.0000E+00  8.8779E+00  1.6298E+00  1.3694E+00  1.6550E+01  4.6088E+00  1.1941E+01  3.4686E+00
  4.0000E+00  4.0000E+00  0.0000E+00  3.8490E+00  0.0000E+00  5.2930E+00 -3.4422E-01 -4.3231E-01  3.8490E+00  4.1489E+00 -2.9989E-01 -4.6494E-03
  4.0000E+00  6.0000E+00  0.0000E+00  0.0000E+00  1.0000E+00  2.5376E+00  0.0000E+00 -1.5846E+00  0.0000E+00  3.5732E+00  0.0000E+00  0.0000E+00
  4.0000E+00  8.0000E+00  0.0000E+00  0.0000E+00  1.0000E+00  1.7942E+00  0.0000E+00 -1.5846E+00  0.0000E+00  3.1781E+00  0.0000E+00  0.0000E+00
  5.0000E+00  0.0000E+00  1.0000E+04  0.0000E+00  1.0000E+00  0.0000E+00  0.0000E+00  0.0000E+00  0.0000E+00  0.0000E+00  0.0000E+00  0.0000E+00
  5.0000E+00  0.0000E+00  0.0000E+00  0.0000E+00  0.0000E+00  0.0000E+00  0.0000E+00  0.0000E+00  0.0000E+00  0.0000E+00  0.0000E+00  0.0000E+00
  5.0000E+00  3.3000E-02  0.0000E+00  1.6601E+01  0.0000E+00  1.5549E+01  1.6905E-01  1.0726E-01  1.6601E+01  7.6489E+00  8.9521E+00 -6.6732E-01
  5.0000E+00  8.3000E-02  0.0000E+00  9.5230E+00  0.0000E+00  2.9925E+01 -9.1037E-01 -1.0803E+00  9.5230E+00  8.4829E+00  1.0401E+00 -1.9201E+00
  5.0000E+00  2.5000E-01  0.0000E+00  3.0571E+01  0.0000E+00  4.2808E+01 -4.2322E-02 -4.5295E-01  3.0571E+01  8.0752E+00  2.2496E+01  6.1916E-01
  5.0000E+00  5.0000E-01  0.0000E+00  4.7158E+01  0.0000E+00  3.8817E+01  8.1868E-01  3.4048E-01  4.7158E+01  7.4878E+00  3.9670E+01  3.4396E+00
  5.0000E+00  7.5000E-01  0.0000E+00  1.9559E+01  0.0000E+00  3.2930E+01 -1.9232E-01 -6.4342E-01  1.9559E+01  6.9840E+00  1.2575E+01  1.5315E-02
  5.0000E+00  1.0000E+00  0.0000E+00  5.9384E+01  0.0000E+00  2.7811E+01  2.2118E+00  1.7990E+00  5.9384E+01  6.5507E+00  5.2833E+01  7.7390E+00
  5.0000E+00  2.0000E+00  0.0000E+00  1.1460E+00  0.0000E+00  1.4182E+01 -1.1924E+00 -1.4565E+00  1.1460E+00  5.3279E+00 -4.1819E+00 -2.2966E+00
  5.0000E+00  3.0000E+00  0.0000E+00  2.5590E+00  0.0000E+00  7.3079E+00 -9.2194E-01 -1.0297E+00  2.5590E+00  4.6088E+00 -2.0498E+00 -9.6082E-01
  5.0000E+00  4.0000E+00  0.0000E+00  7.7780E+00  0.0000E+00  3.8403E+00  1.5411E+00  1.6248E+00  7.7780E+00  4.1489E+00  3.6291E+00  1.5889E+00
  5.0000E+00  6.0000E+00  0.0000E+00  1.6200E-01  0.0000E+00  1.2052E+00 -1.9199E+00 -1.3716E+00  1.6200E-01  3.5732E+00 -3.4112E+00 -6.4677E-01
  5.0000E+00  8.0000E+00  0.0000E+00  5.5100E-01  0.0000E+00  5.2903E-01 -9.1209E-01  6.5800E-02  5.5100E-01  3.1781E+00 -2.6271E+00 -3.9098E-01
  6.0000E+00  0.0000E+00  1.0000E+04  0.0000E+00  1.0000E+00  0.0000E+00  0.0000E+00  0.0000E+00  0.0000E+00  0.0000E+00  0.0000E+00  0.0000E+00
  6.0000E+00  0.0000E+00  0.0000E+00  0.0000E+00  0.0000E+00  0.0000E+00  0.0000E+00  0.0000E+00  0.0000E+00  0.0000E+00  0.0000E+00  0.0000E+00
  6.0000E+00  3.3000E-02  0.0000E+00  2.2373E+01  0.0000E+00  1.4727E+01  9.0185E-01  8.2264E-01  2.2373E+01  7.6489E+00  1.4724E+01  3.1885E-01
  6.0000E+00  8.3000E-02  0.0000E+00  4.6713E+01  0.0000E+00  2.6492E+01  1.4663E+00  1.2095E+00  4.6713E+01  8.4829E+00  3.8230E+01  2.2921E+00
  6.0000E+00  2.5000E-01  0.0000E+00  5.0110E+00  0.0000E+00  3.3574E+01 -7.9039E-01 -1.3481E+00  5.0110E+00  8.0752E+00 -3.0642E+00 -2.2606E+00
  6.0000E+00  5.0000E-01  0.0000E+00  4.6163E+01  0.0000E+00  2.9433E+01  1.4606E+00  9.0071E-01  4.6163E+01  7.4878E+00  3.8675E+01  3.4570E+00
  6.0000E+00  7.5000E-01  0.0000E+00  1.5363E+01  0.0000E+00  2.5102E+01 -1.2226E-01 -6.1479E-01  1.5363E+01  6.9840E+00  8.3790E+00 -5.0342E-01
  6.0000E+00  1.0000E+00  0.0000E+00  2.2338E+01  0.0000E+00  2.1430E+01  4.9314E-01  6.7163E-02  2.2338E+01  6.5507E+00  1.5787E+01  1.1222E+00
  6.0000E+00  2.0000E+00  0.0000E+00  2.4323E+01  0.0000E+00  1.1662E+01  1.9247E+00  1.7203E+00  2.4323E+01  5.3279E+00  1.8995E+01  4.0739E+00
  6.0000E+00  3.0000E+00  0.0000E+00  1.8400E+00  0.0000E+00  6.7163E+00 -1.1085E+00 -1.1505E+00  1.8400E+00  4.6088E+00 -2.7688E+00 -1.2692E+00
  6.0000E+00  4.0000E+00  0.0000E+00  2.7960E+00  0.0000E+00  4.2019E+00 -6.1623E-01 -5.3019E-01  2.7960E+00  4.1489E+00 -1.3529E+00 -3.5055E-01
  6.0000E+00  6.0000E+00  0.0000E+00  2.7000E+00  0.0000E+00  2.2444E+00  3.4185E-02  3.2165E-01  2.7000E+00  3.5732E+00 -8.7319E-01  1.2607E-01
  6.0000E+00  8.0000E+00  0.0000E+00  2.4450E+00  0.0000E+00  1.6885E+00  3.1320E-01  7.0998E-01  2.4450E+00  3.1781E+00 -7.3309E-01  1.5392E-01
  7.0000E+00  0.0000E+00  1.2500E+05  0.0000E+00  1.0000E+00  0.0000E+00  0.0000E+00  0.0000E+00  0.0000E+00  0.0000E+00  0.0000E+00  0.0000E+00
  7.0000E+00  0.0000E+00  0.0000E+00  0.0000E+00  0.0000E+00  0.0000E+00  0.0000E+00  0.0000E+00  0.0000E+00  0.0000E+00  0.0000E+00  0.0000E+00
  7.0000E+00  5.0000E-01  0.0000E+00  5.3520E+00  0.0000E+00  7.5920E+00 -1.1449E+00 -4.6753E-01  5.3520E+00  2.0263E+01 -1.4911E+01 -4.6776E-01
  7.0000E+00  1.0000E+00  0.0000E+00  1.6180E+01  0.0000E+00  8.9031E+00  8.3943E-01  1.2951E+00  1.6180E+01  1.7727E+01 -1.5470E+00  1.8321E-01
  7.0000E+00  2.0000E+00  0.0000E+00  4.4430E+00  0.0000E+00  9.8603E+00 -1.1892E+00 -8.7058E-01  4.4430E+00  1.4418E+01 -9.9750E+00 -7.9753E-01
  7.0000E+00  4.0000E+00  0.0000E+00  1.9128E+01  0.0000E+00  8.9025E+00  1.4089E+00  1.8201E+00  1.9128E+01  1.1227E+01  7.9007E+00  1.0805E+00
  7.0000E+00  8.0000E+00  0.0000E+00  5.6870E+00  0.0000E+00  5.4281E+00 -7.6134E-01  7.5578E-02  5.6870E+00  8.6003E+00 -2.9133E+00 -4.5050E-01
  7.0000E+00  2.4000E+01  0.0000E+00  6.0000E-01  0.0000E+00  5.6718E-01 -1.1862E+00  9.1684E-02  6.0000E-01  3.7233E+00 -3.1233E+00 -5.9267E-01
  8.0000E+00  0.0000E+00  1.2500E+05  0.0000E+00  1.0000E+00  0.0000E+00  0.0000E+00  0.0000E+00  0.0000E+00  0.0000E+00  0.0000E+00  0.0000E+00
  8.0000E+00  0.0000E+00  0.0000E+00  0.0000E+00  0.0000E+00  0.0000E+00  0.0000E+00  0.0000E+00  0.0000E+00  0.0000E+00  0.0000E+00  0.0000E+00
  8.0000E+00  5.0000E-01  0.0000E+00  3.1708E+01  0.0000E+00  2.2900E+01  1.7781E-01  6.0945E-01  3.1708E+01  2.0263E+01  1.1445E+01  2.9888E-01
  8.0000E+00  1.0000E+00  0.0000E+00  2.9239E+01  0.0000E+00  1.7533E+01  5.3553E-01  1.0580E+00  2.9239E+01  1.7727E+01  1.1512E+01  5.2168E-01
  8.0000E+00  2.0000E+00  0.0000E+00  9.1450E+00  0.0000E+00  1.0867E+01 -9.2032E-01 -2.5104E-01  9.1450E+00  1.4418E+01 -5.2730E+00 -6.2799E-01
  8.0000E+00  4.0000E+00  0.0000E+00  7.1960E+00  0.0000E+00  5.3908E+00 -3.0254E-01  5.3061E-01  7.1960E+00  1.1227E+01 -4.0313E+00 -3.2562E-01
  8.0000E+00  8.0000E+00  0.0000E+00  3.9410E+00  0.0000E+00  2.7429E+00 -2.6344E-01  6.9214E-01  3.9410E+00  8.6003E+00 -4.6593E+00 -3.6304E-01
  8.0000E+00  2.4000E+01  0.0000E+00  6.0000E-01  0.0000E+00  6.2799E-01 -1.2087E+00 -7.0637E-02  6.0000E-01  3.7233E+00 -3.1233E+00 -3.4237E-01
  9.0000E+00  0.0000E+00  1.2500E+05  0.0000E+00  1.0000E+00  0.0000E+00  0.0000E+00  0.0000E+00  0.0000E+00  0.0000E+00  0.0000E+00  0.0000E+00
  9.0000E+00  0.0000E+00  0.0000E+00  0.0000E+00  0.0000E+00  0.0000E+00  0.0000E+00  0.0000E+00  0.0000E+00  0.0000E+00  0.0000E+00  0.0000E+00
  9.0000E+00  5.0000E-01  0.0000E+00  2.5875E+01  0.0000E+00  1.9444E+01  3.0174E-01  5.2412E-01  2.5875E+01  2.0263E+01  5.6122E+00  1.9128E-01
  9.0000E+00  1.0000E+00  0.0000E+00  1.2360E+01  0.0000E+00  1.6446E+01 -6.5217E-01 -3.9369E-01  1.2360E+01  1.7727E+01 -5.3670E+00 -4.5433E-01
  9.0000E+00  2.0000E+00  0.0000E+00  2.5667E+01  0.0000E+00  1.2532E+01  1.3358E+00  1.6608E+00  2.5667E+01  1.4418E+01  1.1249E+01  1.0779E+00
  9.0000E+00  4.0000E+00  0.0000E+00  1.4443E+01  0.0000E+00  8.7788E+00  5.8359E-01  1.0224E+00  1.4443E+01  1.1227E+01  3.2157E+00  4.5572E-01
  9.0000E+00  8.0000E+00  0.0000E+00  6.7260E+00  0.0000E+00  5.8531E+00 -3.8234E-01  2.3631E-01  6.7260E+00  8.6003E+00 -1.8743E+00 -2.2988E-01
  9.0000E+00  2.4000E+01  0.0000E+00  1.4570E+00  0.0000E+00  1.6305E+00 -1.1832E+00 -1.6861E-01  1.4570E+00  3.7233E+00 -2.2663E+00 -5.4859E-01
  1.0000E+01  0.0000E+00  2.5000E+05  0.0000E+00  1.0000E+00  0.0000E+00  0.0000E+00  0.0000E+00  0.0000E+00  0.0000E+00  0.0000E+00  0.0000E+00
  1.0000E+01  0.0000E+00  0.0000E+00  0.0000E+00  0.0000E+00  0.0000E+00  0.0000E+00  0.0000E+00  0.0000E+00  0.0000E+00  0.0000E+00  0.0000E+00
  1.0000E+01  5.0000E-01  0.0000E+00  3.2559E+01  0.0000E+00  2.1764E+01  1.9767E-01  7.8601E-01  3.2559E+01  2.7781E+01  4.7782E+00  3.1010E-01
  1.0000E+01  1.0000E+00  0.0000E+00  2.7382E+01  0.0000E+00  2.1448E+01  5.1404E-02  4.3841E-01  2.7382E+01  2.4304E+01  3.0779E+00  2.3907E-01
  1.0000E+01  2.0000E+00  0.0000E+00  2.0366E+01  0.0000E+00  2.0965E+01 -1.7105E-01 -4.5241E-02  2.0366E+01  1.9767E+01  5.9860E-01 -7.7328E-02
  1.0000E+01  4.0000E+00  0.0000E+00  3.1808E+01  0.0000E+00  2.0286E+01  1.0105E+00  8.9995E-01  3.1808E+01  1.5393E+01  1.6415E+01  1.0532E+00
  1.0000E+01  8.0000E+00  0.0000E+00  6.3644E+01  0.0000E+00  1.9254E+01  3.9265E+00  3.6533E+00  6.3644E+01  1.1791E+01  5.1853E+01  5.0743E+00
  1.0000E+01  2.4000E+01  0.0000E+00  2.5160E+00  0.0000E+00  1.5788E+01 -6.5874E-01 -1.3321E+00  2.5160E+00  5.1048E+00 -2.5888E+00 -1.9643E+00
  1.1000E+01  0.0000E+00  2.5000E+05  0.0000E+00  1.0000E+00  0.0000E+00  0.0000E+00  0.0000E+00  0.0000E+00  0.0000E+00  0.0000E+00  0.0000E+00
  1.1000E+01  0.0000E+00  0.0000E+00  0.0000E+00  0.0000E+00  0.0000E+00  0.0000E+00  0.0000E+00  0.0000E+00  0.0000E+00  0.0000E+00  0.0000E+00
  1.1000E+01  5.0000E-01  0.0000E+00  2.2787E+01  0.0000E+00  2.8326E+01 -5.0392E-01 -3.0987E-01  2.2787E+01  2.7781E+01 -4.9938E+00 -2.7523E-01
  1.1000E+01  1.0000E+00  0.0000E+00  4.7157E+01  0.0000E+00  2.2714E+01  1.4367E+00  1.7053E+00  4.7157E+01  2.4304E+01  2.2853E+01  1.0535E+00
  1.1000E+01  2.0000E+00  0.0000E+00  4.3560E+00  0.0000E+00  1.5585E+01 -1.5415E+00 -1.1417E+00  4.3560E+00  1.9767E+01 -1.5411E+01 -1.1226E+00
  1.1000E+01  4.0000E+00  0.0000E+00  1.1033E+01  0.0000E+00  9.2951E+00 -2.8834E-01  2.9627E-01  1.1033E+01  1.5393E+01 -4.3600E+00 -2.6314E-01
  1.1000E+01  8.0000E+00  0.0000E+00  9.2000E+00  0.0000E+00  5.4082E+00  3.7610E-01  1.1110E+00  9.2000E+00  1.1791E+01 -2.5912E+00 -3.6073E-02
  1.1000E+01  2.4000E+01  0.0000E+00  6.0000E-01  0.0000E+00  1.2036E+00 -1.4448E+00 -7.9464E-01  6.0000E-01  5.1048E+00 -4.5048E+00 -4.4410E-01
  1.2000E+01  0.0000E+00  2.5000E+05  0.0000E+00  1.0000E+00  0.0000E+00  0.0000E+00  0.0000E+00  0.0000E+00  0.0000E+00  0.0000E+00  0.0000E+00
  1.2000E+01  0.0000E+00  0.0000E+00  0.0000E+00  0.0000E+00  0.0000E+00  0.0000E+00  0.0000E+00  0.0000E+00  0.0000E+00  0.0000E+00  0.0000E+00
  1.2000E+01  5.0000E-01  0.0000E+00  2.9301E+01  0.0000E+00  2.0395E+01  2.8524E-01  6.9195E-01  2.9301E+01  2.7781E+01  1.5202E+00  1.5506E-01
  1.2000E+01  1.0000E+00  0.0000E+00  1.4208E+01  0.0000E+00  1.7792E+01 -7.0921E-01 -3.1918E-01  1.4208E+01  2.4304E+01 -1.0096E+01 -3.8461E-01
  1.2000E+01  2.0000E+00  0.0000E+00  1.1723E+01  0.0000E+00  1.4139E+01 -6.4595E-01 -2.7073E-01  1.1723E+01  1.9767E+01 -8.0444E+00 -4.6130E-01
  1.2000E+01  4.0000E+00  0.0000E+00  8.5160E+00  0.0000E+00  1.0020E+01 -6.4310E-01 -2.3780E-01  8.5160E+00  1.5393E+01 -6.8770E+00 -5.2422E-01
  1.2000E+01  8.0000E+00  0.0000E+00  8.2990E+00  0.0000E+00  5.9953E+00  5.9085E-02  6.0888E-01  8.2990E+00  1.1791E+01 -3.4922E+00 -1.9568E-01
  1.2000E+01  2.4000E+01  0.0000E+00  1.2620E+00  0.0000E+00  9.4121E-01 -4.3989E-01  5.4008E-01  1.2620E+00  5.1048E+00 -3.8428E+00 -2.8421E-01
  1.3000E+01  0.0000E+00  5.0000E+05  0.0000E+00  1.0000E+00  0.0000E+00  0.0000E+00  0.0000E+00  0.0000E+00  0.0000E+00  0.0000E+00  0.0000E+00
  1.3000E+01  0.0000E+00  0.0000E+00  0.0000E+00  0.0000E+00  0.0000E+00  0.0000E+00  0.0000E+00  0.0000E+00  0.0000E+00  0.0000E+00  0.0000E+00
  1.3000E+01  5.0000E-01  0.0000E+00  5.5055E+01  0.0000E+00  3.5268E+01  6.0637E-01  8.8906E-01  5.5055E+01  4.2005E+01  1.3050E+01  3.4320E-01
  1.3000E+01  1.0000E+00  0.0000E+00  1.9613E+01  0.0000E+00  3.2865E+01 -8.2529E-01 -6.3894E-01  1.9613E+01  3.6748E+01 -1.7135E+01 -5.3575E-01
  1.3000E+01  2.0000E+00  0.0000E+00  2.3639E+01  0.0000E+00  2.9507E+01 -3.6544E-01 -3.1512E-01  2.3639E+01  2.9888E+01 -6.2493E+00 -2.9669E-01
  1.3000E+01  4.0000E+00  0.0000E+00  1.3103E+01  0.0000E+00  2.5641E+01 -6.9669E-01 -7.7482E-01  1.3103E+01  2.3274E+01 -1.0171E+01 -6.8000E-01
  1.3000E+01  8.0000E+00  0.0000E+00  1.3568E+01  0.0000E+00  2.1209E+01 -4.2940E-01 -5.7089E-01  1.3568E+01  1.7828E+01 -4.2603E+00 -3.7629E-01
  1.3000E+01  2.4000E+01  0.0000E+00  1.7556E+01  0.0000E+00  1.0758E+01  1.1357E+00  1.0012E+00  1.7556E+01  7.7184E+00  9.8376E+00  1.1647E+00
  1.4000E+01  0.0000E+00  5.0000E+05  0.0000E+00  1.0000E+00  0.0000E+00  0.0000E+00  0.0000E+00  0.0000E+00  0.0000E+00  0.0000E+00  0.0000E+00
  1.4000E+01  0.0000E+00  0.0000E+00  0.0000E+00  0.0000E+00  0.0000E+00  0.0000E+00  0.0000E+00  0.0000E+00  0.0000E+00  0.0000E+00  0.0000E+00
  1.4000E+01  5.0000E-01  0.0000E+00  4.9290E+01  0.0000E+00  3.0388E+01  4.3699E-01  9.8563E-01  4.9290E+01  4.2005E+01  7.2855E+00  1.9015E-01
  1.4000E+01  1.0000E+00  0.0000E+00  3.0508E+01  0.0000E+00  2.7544E+01 -2.9773E-01  1.7051E-01  3.0508E+01  3.6748E+01 -6.2398E+00 -1.8455E-01
  1.4000E+01  2.0000E+00  0.0000E+00  2.6968E+01  0.0000E+00  2.3337E+01 -1.2662E-01  2.4656E-01  2.6968E+01  2.9888E+01 -2.9203E+00 -1.0607E-01
  1.4000E+01  4.0000E+00  0.0000E+00  2.2871E+01  0.0000E+00  1.8034E+01  6.9531E-02  4.2499E-01  2.2871E+01  2.3274E+01 -4.0320E-01  3.2620E-02
  1.4000E+01  8.0000E+00  0.0000E+00  2.1883E+01  0.0000E+00  1.1899E+01  7.9197E-01  1.3295E+00  2.1883E+01  1.7828E+01  4.0547E+00  3.9623E-01
  1.4000E+01  2.4000E+01  0.0000E+00  6.0000E-01  0.0000E+00  2.5029E+00 -1.9821E+00 -1.2047E+00  6.0000E-01  7.7184E+00 -7.1184E+00 -7.2369E-01
  1.5000E+01  0.0000E+00  5.0000E+05  0.0000E+00  1.0000E+00  0.0000E+00  0.0000E+00  0.0000E+00  0.0000E+00  0.0000E+00  0.0000E+00  0.0000E+00
  1.5000E+01  0.0000E+00  0.0000E+00  0.0000E+00  0.0000E+00  0.0000E+00  0.0000E+00  0.0000E+00  0.0000E+00  0.0000E+00  0.0000E+00  0.0000E+00
  1.5000E+01  5.0000E-01  0.0000E+00  6.3812E+01  0.0000E+00  3.9727E+01  9.0228E-01  9.6067E-01  6.3812E+01  4.2005E+01  2.1807E+01  5.9519E-01
  1.5000E+01  1.0000E+00  0.0000E+00  7.1770E+00  0.0000E+00  3.6270E+01 -1.2967E+00 -1.2710E+00  7.1770E+00  3.6748E+01 -2.9571E+01 -9.2172E-01
  1.5000E+01  2.0000E+00  0.0000E+00  3.4378E+01  0.0000E+00  3.1725E+01  1.5190E-01  1.3250E-01  3.4378E+01  2.9888E+01  4.4897E+00  1.6818E-01
  1.5000E+01  4.0000E+00  0.0000E+00  1.8738E+01  0.0000E+00  2.7228E+01 -4.3106E-01 -4.9409E-01  1.8738E+01  2.3274E+01 -4.5362E+00 -5.2090E-01
  1.5000E+01  8.0000E+00  0.0000E+00  3.5351E+01  0.0000E+00  2.3179E+01  9.2548E-01  8.3216E-01  3.5351E+01  1.7828E+01  1.7523E+01  9.5114E-01
  1.5000E+01  2.4000E+01  0.0000E+00  2.0765E+01  0.0000E+00  1.3822E+01  8.8802E-01  7.9598E-01  2.0765E+01  7.7184E+00  1.3047E+01  1.0089E+00
  1.6000E+01  0.0000E+00  1.2500E+05  0.0000E+00  1.0000E+00  0.0000E+00  0.0000E+00  0.0000E+00  0.0000E+00  0.0000E+00  0.0000E+00  0.0000E+00
  1.6000E+01  0.0000E+00  0.0000E+00  0.0000E+00  0.0000E+00  0.0000E+00  0.0000E+00  0.0000E+00  0.0000E+00  0.0000E+00  0.0000E+00  0.0000E+00
  1.6000E+01  5.0000E-01  0.0000E+00  8.1620E+00  0.0000E+00  1.2844E+01 -8.6011E-01 -5.7762E-01  8.1620E+00  2.0263E+01 -1.2101E+01 -4.0048E-01
  1.6000E+01  1.0000E+00  0.0000E+00  1.6289E+01  0.0000E+00  1.1495E+01  3.5057E-01  6.6088E-01  1.6289E+01  1.7727E+01 -1.4380E+00  1.2850E-01
  1.6000E+01  2.0000E+00  0.0000E+00  4.8860E+00  0.0000E+00  9.4390E+00 -1.1364E+00 -7.6434E-01  4.8860E+00  1.4418E+01 -9.5320E+00 -7.4984E-01
  1.6000E+01  4.0000E+00  0.0000E+00  8.0510E+00  0.0000E+00  6.7666E+00 -1.7903E-01  3.0077E-01  8.0510E+00  1.1227E+01 -3.1763E+00 -2.6286E-01
  1.6000E+01  8.0000E+00  0.0000E+00  3.2130E+00  0.0000E+00  3.7979E+00 -8.3559E-01 -2.4405E-01  3.2130E+00  8.6003E+00 -5.3873E+00 -6.3003E-01
  1.6000E+01  2.4000E+01  0.0000E+00  6.0000E-01  0.0000E+00  4.1812E-01 -1.8844E-02  6.8930E-01  6.0000E-01  3.7233E+00 -3.1233E+00 -2.6696E-01
  1.7000E+01  0.0000E+00  1.2500E+05  0.0000E+00  1.0000E+00  0.0000E+00  0.0000E+00  0.0000E+00  0.0000E+00  0.0000E+00  0.0000E+00  0.0000E+00
  1.7000E+01  0.0000E+00  0.0000E+00  0.0000E+00  0.0000E+00  0.0000E+00  0.0000E+00  0.0000E+00  0.0000E+00  0.0000E+00  0.0000E+00  0.0000E+00
  1.7000E+01  5.0000E-01  0.0000E+00  2.4603E+01  0.0000E+00  1.5326E+01  5.4223E-01  9.5918E-01  2.4603E+01  2.0263E+01  4.3402E+00  3.3098E-01
  1.7000E+01  1.0000E+00  0.0000E+00  7.2080E+00  0.0000E+00  1.2929E+01 -1.1082E+00 -7.0118E-01  7.2080E+00  1.7727E+01 -1.0519E+01 -5.7966E-01
  1.7000E+01  2.0000E+00  0.0000E+00  5.4500E+00  0.0000E+00  9.6933E+00 -1.0770E+00 -6.9366E-01  5.4500E+00  1.4418E+01 -8.9680E+00 -7.4169E-01
  1.7000E+01  4.0000E+00  0.0000E+00  2.7120E+00  0.0000E+00  6.3568E+00 -1.2702E+00 -9.0855E-01  2.7120E+00  1.1227E+01 -8.5153E+00 -9.3914E-01
  1.7000E+01  8.0000E+00  0.0000E+00  5.6920E+00  0.0000E+00  3.5557E+00  5.3328E-01  9.5203E-01  5.6920E+00  8.6003E+00 -2.9083E+00 -1.7899E-01
  1.7000E+01  2.4000E+01  0.0000E+00  6.0000E-01  0.0000E+00  4.8532E-01 -3.3772E-01  3.7445E-01  6.0000E-01  3.7233E+00 -3.1233E+00 -2.2205E-01
  1.8000E+01  0.0000E+00  1.2500E+05  0.0000E+00  1.0000E+00  0.0000E+00  0.0000E+00  0.0000E+00  0.0000E+00  0.0000E+00  0.0000E+00  0.0000E+00
  1.8000E+01  0.0000E+00  0.0000E+00  0.0000E+00  0.0000E+00  0.0000E+00  0.0000E+00  0.0000E+00  0.0000E+00  0.0000E+00  0.0000E+00  0.0000E+00
  1.8000E+01  5.0000E-01  0.0000E+00  1.0414E+01  0.0000E+00  9.6117E+00 -3.2340E-01  1.3226E-01  1.0414E+01  2.0263E+01 -9.8488E+00 -1.7302E-01
  1.8000E+01  1.0000E+00  0.0000E+00  3.2390E+00  0.0000E+00  9.8334E+00 -1.3957E+00 -1.0626E+00  3.2390E+00  1.7727E+01 -1.4488E+01 -6.4011E-01
  1.8000E+01  2.0000E+00  0.0000E+00  7.2080E+00  0.0000E+00  9.5352E+00 -6.1174E-01 -3.8674E-01  7.2080E+00  1.4418E+01 -7.2100E+00 -4.3638E-01
  1.8000E+01  4.0000E+00  0.0000E+00  2.6850E+00  0.0000E+00  7.8161E+00 -1.2543E+00 -1.0402E+00  2.6850E+00  1.1227E+01 -8.5423E+00 -9.7015E-01
  1.8000E+01  8.0000E+00  0.0000E+00  4.9860E+00  0.0000E+00  4.5034E+00 -1.3322E-01  1.6979E-01  4.9860E+00  8.6003E+00 -3.6143E+00 -3.6228E-01
  1.8000E+01  2.4000E+01  0.0000E+00  6.0000E-01  0.0000E+00  4.2208E-01  1.6413E-01  6.6793E-01  6.0000E-01  3.7233E+00 -3.1233E+00 -2.0437E-01
  1.9000E+01  0.0000E+00  2.5000E+05  0.0000E+00  1.0000E+00  0.0000E+00  0.0000E+00  0.0000E+00  0.0000E+00  0.0000E+00  0.0000E+00  0.0000E+00
  1.9000E+01  0.0000E+00  0.0000E+00  0.0000E+00  0.0000E+00  0.0000E+00  0.0000E+00  0.0000E+00  0.0000E+00  0.0000E+00  0.0000E+00  0.0000E+00
  1.9000E+01  5.0000E-01  0.0000E+00  2.8991E+01  0.0000E+00  2.0987E+01  3.3082E-01  6.0429E-01  2.8991E+01  2.7781E+01  1.2102E+00  2.2745E-01
  1.9000E+01  1.0000E+00  0.0000E+00  7.3880E+00  0.0000E+00  1.7134E+01 -1.2443E+00 -9.0132E-01  7.3880E+00  2.4304E+01 -1.6916E+01 -6.3235E-01
  1.9000E+01  2.0000E+00  0.0000E+00  5.6630E+00  0.0000E+00  1.2073E+01 -1.3133E+00 -8.4130E-01  5.6630E+00  1.9767E+01 -1.4104E+01 -8.2786E-01
  1.9000E+01  4.0000E+00  0.0000E+00  9.2860E+00  0.0000E+00  7.2116E+00 -1.8451E-01  4.5580E-01  9.2860E+00  1.5393E+01 -6.1070E+00 -4.0038E-01
  1.9000E+01  8.0000E+00  0.0000E+00  4.0470E+00  0.0000E+00  3.6975E+00 -5.5489E-01  1.4976E-01  4.0470E+00  1.1791E+01 -7.7442E+00 -6.1964E-01
  1.9000E+01  2.4000E+01  0.0000E+00  6.0000E-01  0.0000E+00  4.2695E-01  1.5909E-02  6.4226E-01  6.0000E-01  5.1048E+00 -4.5048E+00 -2.3167E-01
  2.0000E+01  0.0000E+00  2.5000E+05  0.0000E+00  1.0000E+00  0.0000E+00  0.0000E+00  0.0000E+00  0.0000E+00  0.0000E+00  0.0000E+00  0.0000E+00
  2.0000E+01  0.0000E+00  0.0000E+00  0.0000E+00  0.0000E+00  0.0000E+00  0.0000E+00  0.0000E+00  0.0000E+00  0.0000E+00  0.0000E+00  0.0000E+00
  2.0000E+01  5.0000E-01  0.0000E+00  2.0607E+01  0.0000E+00  2.3056E+01 -3.6425E-01 -1.6834E-01  2.0607E+01  2.7781E+01 -7.1738E+00 -9.6050E-02
  2.0000E+01  1.0000E+00  0.0000E+00  1.2830E+01  0.0000E+00  1.8036E+01 -7.6269E-01 -4.5739E-01  1.2830E+01  2.4304E+01 -1.1474E+01 -3.7894E-01
  2.0000E+01  2.0000E+00  0.0000E+00  1.2017E+01  0.0000E+00  1.1675E+01 -4.7906E-01  4.6479E-02  1.2017E+01  1.9767E+01 -7.7504E+00 -3.7081E-01
  2.0000E+01  4.0000E+00  0.0000E+00  6.5880E+00  0.0000E+00  6.1294E+00 -7.0013E-01  1.1855E-01  6.5880E+00  1.5393E+01 -8.8050E+00 -6.5193E-01
  2.0000E+01  8.0000E+00  0.0000E+00  2.8710E+00  0.0000E+00  2.9450E+00 -8.9176E-01 -3.9813E-02  2.8710E+00  1.1791E+01 -8.9202E+00 -7.3386E-01
  2.0000E+01  2.4000E+01  0.0000E+00  6.0000E-01  0.0000E+00  3.8957E-01  2.6256E-01  8.5595E-01  6.0000E-01  5.1048E+00 -4.5048E+00 -2.1046E-01
  2.1000E+01  0.0000E+00  2.5000E+05  0.0000E+00  1.0000E+00  0.0000E+00  0.0000E+00  0.0000E+00  0.0000E+00  0.0000E+00  0.0000E+00  0.0000E+00
  2.1000E+01  0.0000E+00  0.0000E+00  0.0000E+00  0.0000E+00  0.0000E+00  0.0000E+00  0.0000E+00  0.0000E+00  0.0000E+00  0.0000E+00  0.0000E+00
  2.1000E+01  5.0000E-01  0.0000E+00  2.0194E+01  0.0000E+00  1.6232E+01 -1.7948E-01  3.8681E-01  2.0194E+01  2.7781E+01 -7.5868E+00 -7.3215E-02
  2.1000E+01  1.0000E+00  0.0000E+00  1.3124E+01  0.0000E+00  1.4807E+01 -6.4342E-01 -1.8008E-01  1.3124E+01  2.4304E+01 -1.1180E+01 -3.2513E-01
  2.1000E+01  2.0000E+00  0.0000E+00  6.5080E+00  0.0000E+00  1.2450E+01 -1.0900E+00 -7.5630E-01  6.5080E+00  1.9767E+01 -1.3259E+01 -7.4629E-01
  2.1000E+01  4.0000E+00  0.0000E+00  1.8150E+00  0.0000E+00  9.0194E+00 -1.5162E+00 -1.2657E+00  1.8150E+00  1.5393E+01 -1.3578E+01 -1.1132E+00
  2.1000E+01  8.0000E+00  0.0000E+00  6.6610E+00  0.0000E+00  4.8955E+00  2.7292E-01  5.7144E-01  6.6610E+00  1.1791E+01 -5.1302E+00 -3.0686E-01
  2.1000E+01  2.4000E+01  0.0000E+00  6.0000E-01  0.0000E+00  4.4217E-01 -1.2910E-01  5.6559E-01  6.0000E-01  5.1048E+00 -4.5048E+00 -1.9268E-01
  2.2000E+01  0.0000E+00  5.0000E+05  0.0000E+00  1.0000E+00  0.0000E+00  0.0000E+00  0.0000E+00  0.0000E+00  0.0000E+00  0.0000E+00  0.0000E+00
  2.2000E+01  0.0000E+00  0.0000E+00  0.0000E+00  0.0000E+00  0.0000E+00  0.0000E+00  0.0000E+00  0.0000E+00  0.0000E+00  0.0000E+00  0.0000E+00
  2.2000E+01  5.0000E-01  0.0000E+00  2.0892E+01  0.0000E+00  1.8443E+01 -5.2294E-01  2.1037E-01  2.0892E+01  4.2005E+01 -2.1113E+01 -2.6780E-01
  2.2000E+01  1.0000E+00  0.0000E+00  2.0896E+01  0.0000E+00  1.9626E+01 -3.9047E-01  1.0253E-01  2.0896E+01  3.6748E+01 -1.5852E+01 -2.5680E-01
  2.2000E+01  2.0000E+00  0.0000E+00  1.6873E+01  0.0000E+00  1.9814E+01 -5.3258E-01 -2.3523E-01  1.6873E+01  2.9888E+01 -1.3015E+01 -4.0328E-01
  2.2000E+01  4.0000E+00  0.0000E+00  5.7380E+00  0.0000E+00  1.6682E+01 -1.3289E+00 -1.0396E+00  5.7380E+00  2.3274E+01 -1.7536E+01 -9.7837E-01
  2.2000E+01  8.0000E+00  0.0000E+00  1.4398E+01  0.0000E+00  9.6506E+00  2.3528E-01  7.7950E-01  1.4398E+01  1.7828E+01 -3.4303E+00 -7.2294E-02
  2.2000E+01  2.4000E+01  0.0000E+00  1.1130E+00  0.0000E+00  8.7628E-01 -5.9858E-01  4.2807E-01  1.1130E+00  7.7184E+00 -6.6054E+00 -3.1048E-01
  2.3000E+01  0.0000E+00  5.0000E+05  0.0000E+00  1.0000E+00  0.0000E+00  0.0000E+00  0.0000E+00  0.0000E+00  0.0000E+00  0.0000E+00  0.0000E+00
  2.3000E+01  0.0000E+00  0.0000E+00  0.0000E+00  0.0000E+00  0.0000E+00  0.0000E+00  0.0000E+00  0.0000E+00  0.0000E+00  0.0000E+00  0.0000E+00
  2.3000E+01  5.0000E-01  0.0000E+00  6.3520E+01  0.0000E+00  3.3478E+01  7.3741E-01  1.4220E+00  6.3520E+01  4.2005E+01  2.1515E+01  4.7889E-01
  2.3000E+01  1.0000E+00  0.0000E+00  2.7973E+01  0.0000E+00  2.7242E+01 -6.3308E-01  4.2533E-02  2.7973E+01  3.6748E+01 -8.7748E+00 -3.0885E-01
  2.3000E+01  2.0000E+00  0.0000E+00  1.2101E+01  0.0000E+00  1.9111E+01 -1.2102E+00 -5.8122E-01  1.2101E+01  2.9888E+01 -1.7787E+01 -7.9918E-01
  2.3000E+01  4.0000E+00  0.0000E+00  7.7790E+00  0.0000E+00  1.1432E+01 -1.0634E+00 -5.0637E-01  7.7790E+00  2.3274E+01 -1.5495E+01 -7.7980E-01
  2.3000E+01  8.0000E+00  0.0000E+00  1.1122E+01  0.0000E+00  6.0195E+00  6.7510E-01  1.3432E+00  1.1122E+01  1.7828E+01 -6.7063E+00 -1.7327E-01
  2.3000E+01  2.4000E+01  0.0000E+00  6.0000E-01  0.0000E+00  7.9427E-01 -1.4138E+00 -3.8757E-01  6.0000E-01  7.7184E+00 -7.1184E+00 -3.1245E-01
  2.4000E+01  0.0000E+00  5.0000E+05  0.0000E+00  1.0000E+00  0.0000E+00  0.0000E+00  0.0000E+00  0.0000E+00  0.0000E+00  0.0000E+00  0.0000E+00
  2.4000E+01  0.0000E+00  0.0000E+00  0.0000E+00  0.0000E+00  0.0000E+00  0.0000E+00  0.0000E+00  0.0000E+00  0.0000E+00  0.0000E+00  0.0000E+00
  2.4000E+01  5.0000E-01  0.0000E+00  6.2078E+01  0.0000E+00  3.5322E+01  9.2231E-01  1.2003E+00  6.2078E+01  4.2005E+01  2.0073E+01  6.3637E-01
  2.4000E+01  1.0000E+00  0.0000E+00  1.7933E+01  0.0000E+00  3.3818E+01 -9.0822E-01 -7.4431E-01  1.7933E+01  3.6748E+01 -1.8815E+01 -4.8264E-01
  2.4000E+01  2.0000E+00  0.0000E+00  2.0081E+01  0.0000E+00  3.1760E+01 -5.8557E-01 -5.8269E-01  2.0081E+01  2.9888E+01 -9.8073E+00 -4.5476E-01
  2.4000E+01  4.0000E+00  0.0000E+00  1.3612E+01  0.0000E+00  2.9483E+01 -6.8667E-01 -8.5300E-01  1.3612E+01  2.3274E+01 -9.6622E+00 -8.3926E-01
  2.4000E+01  8.0000E+00  0.0000E+00  7.3308E+01  0.0000E+00  2.6916E+01  3.0524E+00  2.7312E+00  7.3308E+01  1.7828E+01  5.5480E+01  3.8264E+00
  2.4000E+01  2.4000E+01  0.0000E+00  1.2590E+00  0.0000E+00  1.9591E+01 -7.0255E-01 -1.4827E+00  1.2590E+00  7.7184E+00 -6.4594E+00 -1.3826E+00
  2.5000E+01  0.0000E+00  1.2500E+05  0.0000E+00  1.0000E+00  0.0000E+00  0.0000E+00  0.0000E+00  0.0000E+00  0.0000E+00  0.0000E+00  0.0000E+00
  2.5000E+01  6.4850E+02  0.0000E+00  7.4066E+01  0.0000E+00  4.5677E+01  1.3013E+00  9.8487E-01  7.4066E+01  2.5351E+01  4.8715E+01  1.6800E+00
  2.5000E+01  6.4900E+02  0.0000E+00  3.0944E+01  0.0000E+00  4.4551E+01 -9.1064E-02 -4.8398E-01  3.0944E+01  2.2685E+01  8.2589E+00 -1.5183E-01
  2.5000E+01  6.5000E+02  0.0000E+00  6.1250E+00  0.0000E+00  4.2893E+01 -8.6511E-01 -1.3583E+00  6.1250E+00  1.9125E+01 -1.3000E+01 -1.7571E+00
  2.5000E+01  6.5200E+02  0.0000E+00  3.0089E+01  0.0000E+00  4.0733E+01  1.6819E-01 -4.1407E-01  3.0089E+01  1.5469E+01  1.4620E+01  1.0020E-01
  2.5000E+01  6.5600E+02  0.0000E+00  8.4092E+01  0.0000E+00  3.7713E+01  2.5826E+00  1.9487E+00  8.4092E+01  1.2046E+01  7.2046E+01  5.5212E+00
  2.5000E+01  6.7200E+02  0.0000E+00  8.0090E+00  0.0000E+00  2.8297E+01 -4.1356E-01 -1.1361E+00  8.0090E+00  5.2228E+00  2.7862E+00 -1.4226E+00
  2.6000E+01  0.0000E+00  1.2500E+05  0.0000E+00  1.0000E+00  0.0000E+00  0.0000E+00  0.0000E+00  0.0000E+00  0.0000E+00  0.0000E+00  0.0000E+00
  2.6000E+01  6.4850E+02  0.0000E+00  5.0296E+01  0.0000E+00  9.4933E+01  9.0319E-02 -7.4506E-01  5.0296E+01  2.5351E+01  2.4945E+01 -2.7792E-01
  2.6000E+01  6.4900E+02  0.0000E+00  1.4633E+02  0.0000E+00  7.1892E+01  2.3230E+00  1.6408E+00  1.4633E+02  2.2685E+01  1.2365E+02  5.3691E+00
  2.6000E+01  6.5000E+02  0.0000E+00  8.6660E+00  0.0000E+00  4.3629E+01 -8.6069E-01 -1.2698E+00  8.6660E+00  1.9125E+01 -1.0459E+01 -1.7063E+00
  2.6000E+01  6.5200E+02  0.0000E+00  3.1890E+01  0.0000E+00  2.1792E+01  7.7189E-01  7.3424E-01  3.1890E+01  1.5469E+01  1.6421E+01  8.9181E-01
  2.6000E+01  6.5600E+02  0.0000E+00  2.1724E+01  0.0000E+00  1.3798E+01  7.2862E-01  9.1024E-01  2.1724E+01  1.2046E+01  9.6783E+00  5.2945E-01
  2.6000E+01  6.7200E+02  0.0000E+00  2.5220E+00  0.0000E+00  9.3263E+00 -1.2465E+00 -1.1561E+00  2.5220E+00  5.2228E+00 -2.7008E+00 -1.3400E+00
  2.7000E+01  0.0000E+00  1.2500E+05  0.0000E+00  1.0000E+00  0.0000E+00  0.0000E+00  0.0000E+00  0.0000E+00  0.0000E+00  0.0000E+00  0.0000E+00
  2.7000E+01  6.4850E+02  0.0000E+00  2.1252E+02  0.0000E+00  1.5744E+02  1.6000E+00  5.5428E-01  2.1252E+02  2.5351E+01  1.8716E+02  5.4583E+00
  2.7000E+01  6.4900E+02  0.0000E+00  3.0835E+01  0.0000E+00  1.1991E+02 -2.3065E-01 -1.1771E+00  3.0835E+01  2.2685E+01  8.1499E+00 -2.2234E+00
  2.7000E+01  6.5000E+02  0.0000E+00  1.4641E+02  0.0000E+00  7.0342E+01  2.3315E+00  1.7135E+00  1.4641E+02  1.9125E+01  1.2728E+02  6.8209E+00
  2.7000E+01  6.5200E+02  0.0000E+00  9.8230E+00  0.0000E+00  3.2374E+01 -8.6743E-01 -1.1038E+00  9.8230E+00  1.5469E+01 -5.6464E+00 -1.5460E+00
  2.7000E+01  6.5600E+02  0.0000E+00  3.2820E+01  0.0000E+00  1.9385E+01  1.1445E+00  1.0982E+00  3.2820E+01  1.2046E+01  2.0774E+01  9.9679E-01
  2.7000E+01  6.7200E+02  0.0000E+00  6.0010E+00  0.0000E+00  1.4857E+01 -8.4429E-01 -9.4455E-01  6.0010E+00  5.2228E+00  7.7824E-01 -1.9726E+00
  2.8000E+01  0.0000E+00  2.5000E+05  0.0000E+00  1.0000E+00  0.0000E+00  0.0000E+00  0.0000E+00  0.0000E+00  0.0000E+00  0.0000E+00  0.0000E+00
  2.8000E+01  6.4850E+02  0.0000E+00  6.4244E+01  0.0000E+00  4.7487E+01  8.5232E-01  5.5917E-01  6.4244E+01  3.4758E+01  2.9486E+01  8.0941E-01
  2.8000E+01  6.4900E+02  0.0000E+00  3.7738E+01  0.0000E+00  4.8395E+01  4.2612E-02 -3.4894E-01  3.7738E+01  3.1102E+01  6.6361E+00  1.9886E-02
  2.8000E+01  6.5000E+02  0.0000E+00  9.7220E+00  0.0000E+00  4.9074E+01 -7.6121E-01 -1.2707E+00  9.7220E+00  2.6221E+01 -1.6499E+01 -1.3051E+00
  2.8000E+01  6.5200E+02  0.0000E+00  2.0965E+01  0.0000E+00  4.8283E+01 -2.8753E-01 -8.9654E-01  2.0965E+01  2.1209E+01 -2.4390E-01 -7.3168E-01
  2.8000E+01  6.5600E+02  0.0000E+00  1.0345E+02  0.0000E+00  4.4691E+01  2.7589E+00  2.0834E+00  1.0345E+02  1.6515E+01  8.6935E+01  5.1473E+00
  2.8000E+01  6.7200E+02  0.0000E+00  2.1540E+00  0.0000E+00  3.1685E+01 -6.5086E-01 -1.4769E+00  2.1540E+00  7.1605E+00 -5.0065E+00 -1.7579E+00
  2.9000E+01  0.0000E+00  2.5000E+05  0.0000E+00  1.0000E+00  0.0000E+00  0.0000E+00  0.0000E+00  0.0000E+00  0.0000E+00  0.0000E+00  0.0000E+00
  2.9000E+01  6.4850E+02  0.0000E+00  1.4612E+02  0.0000E+00  8.2099E+01  1.6752E+00  1.2356E+00  1.4612E+02  3.4758E+01  1.1136E+02  2.7581E+00
  2.9000E+01  6.4900E+02  0.0000E+00  2.4291E+01  0.0000E+00  7.0155E+01 -6.4861E-01 -1.0359E+00  2.4291E+01  3.1102E+01 -6.8109E+00 -1.1568E+00
  2.9000E+01  6.5000E+02  0.0000E+00  2.4490E+01  0.0000E+00  5.5308E+01 -5.7816E-01 -8.8294E-01  2.4490E+01  2.6221E+01 -1.7307E+00 -1.0453E+00
  2.9000E+01  6.5200E+02  0.0000E+00  8.2620E+01  0.0000E+00  4.2989E+01  1.6743E+00  1.4608E+00  8.2620E+01  2.1209E+01  6.1411E+01  2.7271E+00
  2.9000E+01  6.5600E+02  0.0000E+00  5.3802E+01  0.0000E+00  3.6350E+01  9.3369E-01  7.6075E-01  5.3802E+01  1.6515E+01  3.7287E+01  1.4755E+00
  2.9000E+01  6.7200E+02  0.0000E+00  1.7604E+01  0.0000E+00  2.5543E+01 -3.4036E-01 -4.9251E-01  1.7604E+01  7.1605E+00  1.0443E+01 -4.7766E-01
  3.0000E+01  0.0000E+00  2.5000E+05  0.0000E+00  1.0000E+00  0.0000E+00  0.0000E+00  0.0000E+00  0.0000E+00  0.0000E+00  0.0000E+00  0.0000E+00
  3.0000E+01  6.4850E+02  0.0000E+00  2.4478E+01  0.0000E+00  3.0252E+01 -4.2362E-01 -3.0243E-01  2.4478E+01  3.4758E+01 -1.0280E+01 -3.2104E-01
  3.0000E+01  6.4900E+02  0.0000E+00  4.3707E+01  0.0000E+00  3.1632E+01  6.2155E-01  6.0488E-01  4.3707E+01  3.1102E+01  1.2605E+01  4.3720E-01
  3.0000E+01  6.5000E+02  0.0000E+00  2.1750E+01  0.0000E+00  3.2833E+01 -3.6396E-01 -5.3488E-01  2.1750E+01  2.6221E+01 -4.4707E+00 -4.3454E-01
  3.0000E+01  6.5200E+02  0.0000E+00  7.7547E+01  0.0000E+00  3.2306E+01  2.5086E+00  2.2190E+00  7.7547E+01  2.1209E+01  5.6338E+01  3.0190E+00
  3.0000E+01  6.5600E+02  0.0000E+00  1.7104E+01  0.0000E+00  2.8590E+01 -2.8229E-01 -6.3660E-01  1.7104E+01  1.6515E+01  5.8902E-01 -4.1956E-01
  3.0000E+01  6.7200E+02  0.0000E+00  1.4920E+00  0.0000E+00  1.6336E+01 -9.5778E-01 -1.4399E+00  1.4920E+00  7.1605E+00 -5.6685E+00 -1.2278E+00
  3.1000E+01  0.0000E+00  5.0000E+05  0.0000E+00  1.0000E+00  0.0000E+00  0.0000E+00  0.0000E+00  0.0000E+00  0.0000E+00  0.0000E+00  0.0000E+00
  3.1000E+01  6.4850E+02  0.0000E+00  1.4763E+02  0.0000E+00  9.7167E+01  1.2383E+00  8.2291E-01  1.4763E+02  5.2553E+01  9.5074E+01  1.5434E+00
  3.1000E+01  6.4900E+02  0.0000E+00  6.0196E+01  0.0000E+00  9.6922E+01 -1.0184E-01 -6.0044E-01  6.0196E+01  4.7026E+01  1.3170E+01 -2.7297E-01
  3.1000E+01  6.5000E+02  0.0000E+00  4.5454E+01  0.0000E+00  9.6018E+01 -2.3174E-01 -8.3445E-01  4.5454E+01  3.9646E+01  5.8083E+00 -6.8522E-01
  3.1000E+01  6.5200E+02  0.0000E+00  3.7415E+01  0.0000E+00  9.3449E+01 -2.5793E-01 -9.5015E-01  3.7415E+01  3.2068E+01  5.3472E+00 -9.3061E-01
  3.1000E+01  6.5600E+02  0.0000E+00  2.0174E+02  0.0000E+00  8.7746E+01  2.8058E+00  2.0585E+00  2.0174E+02  2.4971E+01  1.7677E+02  6.7372E+00
  3.1000E+01  6.7200E+02  0.0000E+00  4.0700E+00  0.0000E+00  6.7747E+01 -6.3103E-01 -1.4894E+00  4.0700E+00  1.0827E+01 -6.7567E+00 -2.4290E+00
  3.2000E+01  0.0000E+00  5.0000E+05  0.0000E+00  1.0000E+00  0.0000E+00  0.0000E+00  0.0000E+00  0.0000E+00  0.0000E+00  0.0000E+00  0.0000E+00
  3.2000E+01  6.4850E+02  0.0000E+00  2.4420E+01  0.0000E+00  6.7806E+01 -8.3830E-01 -1.0139E+00  2.4420E+01  5.2553E+01 -2.8133E+01 -7.4609E-01
  3.2000E+01  6.4900E+02  0.0000E+00  4.5068E+01  0.0000E+00  6.6575E+01 -3.3000E-01 -5.1190E-01  4.5068E+01  4.7026E+01 -1.9580E+00 -3.6365E-01
  3.2000E+01  6.5000E+02  0.0000E+00  1.5002E+02  0.0000E+00  6.4435E+01  2.2932E+00  2.1048E+00  1.5002E+02  3.9646E+01  1.1038E+02  3.0699E+00
  3.2000E+01  6.5200E+02  0.0000E+00  8.7104E+01  0.0000E+00  6.0839E+01  8.7568E-01  6.8408E-01  8.7104E+01  3.2068E+01  5.5036E+01  1.2097E+00
  3.2000E+01  6.5600E+02  0.0000E+00  6.0706E+01  0.0000E+00  5.4705E+01  3.6312E-01  1.7382E-01  6.0706E+01  2.4971E+01  3.5735E+01  4.3663E-01
  3.2000E+01  6.7200E+02  0.0000E+00  2.8840E+01  0.0000E+00  3.6009E+01 -1.6438E-01 -3.1548E-01  2.8840E+01  1.0827E+01  1.8013E+01 -2.2297E-01
  3.3000E+01  0.0000E+00  5.0000E+05  0.0000E+00  1.0000E+00  0.0000E+00  0.0000E+00  0.0000E+00  0.0000E+00  0.0000E+00  0.0000E+00  0.0000E+00
  3.3000E+01  6.4850E+02  0.0000E+00  9.8501E+01  0.0000E+00  6.7452E+01  6.2122E-01  7.2941E-01  9.8501E+01  5.2553E+01  4.5948E+01  6.1488E-01
  3.3000E+01  6.4900E+02  0.0000E+00  5.3954E+01  0.0000E+00  6.5671E+01 -3.0982E-01 -2.8272E-01  5.3954E+01  4.7026E+01  6.9280E+00 -2.9095E-01
  3.3000E+01  6.5000E+02  0.0000E+00  6.4530E+01  0.0000E+00  6.2864E+01  1.1761E-01  4.1991E-02  6.4530E+01  3.9646E+01  2.4884E+01  1.6735E-01
  3.3000E+01  6.5200E+02  0.0000E+00  1.3317E+02  0.0000E+00  5.8766E+01  2.1629E+00  2.0063E+00  1.3317E+02  3.2068E+01  1.0110E+02  3.1684E+00
  3.3000E+01  6.5600E+02  0.0000E+00  3.9382E+01  0.0000E+00  5.2493E+01 -2.1866E-01 -3.9579E-01  3.9382E+01  2.4971E+01  1.4411E+01 -3.6262E-01
  3.3000E+01  6.7200E+02  0.0000E+00  3.0098E+01  0.0000E+00  3.4023E+01 -6.6275E-02 -1.8280E-01  3.0098E+01  1.0827E+01  1.9271E+01  4.0473E-02
  3.4000E+01  0.0000E+00  1.2500E+05  0.0000E+00  1.0000E+00  0.0000E+00  0.0000E+00  0.0000E+00  0.0000E+00  0.0000E+00  0.0000E+00  0.0000E+00
  3.4000E+01  6.4850E+02  0.0000E+00  3.5010E+01  0.0000E+00  2.0992E+01  7.5442E-01  1.0581E+00  3.5010E+01  2.5351E+01  9.6585E+00  5.1525E-01
  3.4000E+01  6.4900E+02  0.0000E+00  5.0250E+00  0.0000E+00  1.6224E+01 -1.4967E+00 -1.0938E+00  5.0250E+00  2.2685E+01 -1.7660E+01 -8.0955E-01
  3.4000E+01  6.5000E+02  0.0000E+00  0.0000E+00  1.0000E+00  1.0263E+01  0.0000E+00 -1.5846E+00  0.0000E+00  1.9125E+01  0.0000E+00  0.0000E+00
  3.4000E+01  6.5200E+02  0.0000E+00  6.2690E+00  0.0000E+00  5.2606E+00 -5.8697E-01  3.0374E-01  6.2690E+00  1.5469E+01 -9.2004E+00 -4.0810E-01
  3.4000E+01  6.5600E+02  0.0000E+00  3.5510E+00  0.0000E+00  2.6626E+00 -5.0122E-01  5.2867E-01  3.5510E+00  1.2046E+01 -8.4947E+00 -3.8046E-01
  3.4000E+01  6.7200E+02  0.0000E+00  6.0000E-01  0.0000E+00  5.1219E-01 -4.8317E-01  2.7164E-01  6.0000E-01  5.2228E+00 -4.6228E+00 -1.4399E-01
  3.5000E+01  0.0000E+00  1.2500E+05  0.0000E+00  1.0000E+00  0.0000E+00  0.0000E+00  0.0000E+00  0.0000E+00  0.0000E+00  0.0000E+00  0.0000E+00
  3.5000E+01  6.4850E+02  0.0000E+00  2.1542E+01  0.0000E+00  1.4312E+01  2.8729E-01  8.0049E-01  2.1542E+01  2.5351E+01 -3.8095E+00  8.1695E-02
  3.5000E+01  6.4900E+02  0.0000E+00  8.6120E+00  0.0000E+00  1.2490E+01 -9.6445E-01 -4.9203E-01  8.6120E+00  2.2685E+01 -1.4073E+01 -4.6555E-01
  3.5000E+01  6.5000E+02  0.0000E+00  6.8900E+00  0.0000E+00  9.8856E+00 -8.8928E-01 -4.8017E-01  6.8900E+00  1.9125E+01 -1.2235E+01 -4.9401E-01
  3.5000E+01  6.5200E+02  0.0000E+00  2.5340E+00  0.0000E+00  6.8552E+00 -1.3570E+00 -9.9885E-01  2.5340E+00  1.5469E+01 -1.2935E+01 -6.6460E-01
  3.5000E+01  6.5600E+02  0.0000E+00  5.9780E+00  0.0000E+00  3.8537E+00  4.6755E-01  8.7346E-01  5.9780E+00  1.2046E+01 -6.0677E+00 -1.0684E-01
  3.5000E+01  6.7200E+02  0.0000E+00  6.0000E-01  0.0000E+00  4.6469E-01 -2.8489E-01  4.6140E-01  6.0000E-01  5.2228E+00 -4.6228E+00 -4.6770E-02
  3.6000E+01  0.0000E+00  1.2500E+05  0.0000E+00  1.0000E+00  0.0000E+00  0.0000E+00  0.0000E+00  0.0000E+00  0.0000E+00  0.0000E+00  0.0000E+00
  3.6000E+01  6.4850E+02  0.0000E+00  3.4776E+01  0.0000E+00  1.9316E+01  8.0850E-01  1.2682E+00  3.4776E+01  2.5351E+01  9.4245E+00  4.8862E-01
  3.6000E+01  6.4900E+02  0.0000E+00  1.3631E+01  0.0000E+00  1.5381E+01 -6.7923E-01 -1.8031E-01  1.3631E+01  2.2685E+01 -9.0541E+00 -3.5149E-01
  3.6000E+01  6.5000E+02  0.0000E+00  4.0710E+00  0.0000E+00  1.0370E+01 -1.5035E+00 -9.6251E-01  4.0710E+00  1.9125E+01 -1.5054E+01 -7.8617E-01
  3.6000E+01  6.5200E+02  0.0000E+00  4.7670E+00  0.0000E+00  5.9246E+00 -8.7172E-01 -3.0960E-01  4.7670E+00  1.5469E+01 -1.0702E+01 -4.9184E-01
  3.6000E+01  6.5600E+02  0.0000E+00  5.2920E+00  0.0000E+00  3.1878E+00  4.3379E-01  1.0459E+00  5.2920E+00  1.2046E+01 -6.7537E+00 -1.6389E-01
  3.6000E+01  6.7200E+02  0.0000E+00  6.0000E-01  0.0000E+00  5.5016E-01 -6.4386E-01  1.4355E-01  6.0000E-01  5.2228E+00 -4.6228E+00 -8.9121E-02
  3.7000E+01  0.0000E+00  2.5000E+05  0.0000E+00  1.0000E+00  0.0000E+00  0.0000E+00  0.0000E+00  0.0000E+00  0.0000E+00  0.0000E+00  0.0000E+00
  3.7000E+01  6.4850E+02  0.0000E+00  2.8486E+01  0.0000E+00  2.2149E+01  1.4765E-01  4.5337E-01  2.8486E+01  3.4758E+01 -6.2716E+00  3.2876E-02
  3.7000E+01  6.4900E+02  0.0000E+00  1.1131E+01  0.0000E+00  1.8574E+01 -1.0036E+00 -6.3496E-01  1.1131E+01  3.1102E+01 -1.9971E+01 -5.1514E-01
  3.7000E+01  6.5000E+02  0.0000E+00  1.5256E+01  0.0000E+00  1.3783E+01 -3.0844E-01  1.6933E-01  1.5256E+01  2.6221E+01 -1.0965E+01 -2.3521E-01
  3.7000E+01  6.5200E+02  0.0000E+00  1.0727E+01  0.0000E+00  8.9297E+00 -2.9391E-01  3.1893E-01  1.0727E+01  2.1209E+01 -1.0482E+01 -2.7677E-01
  3.7000E+01  6.5600E+02  0.0000E+00  4.5780E+00  0.0000E+00  4.9747E+00 -8.2273E-01 -1.2637E-01  4.5780E+00  1.6515E+01 -1.1937E+01 -4.1563E-01
  3.7000E+01  6.7200E+02  0.0000E+00  1.0060E+00  0.0000E+00  6.8830E-01 -7.9934E-02  7.3142E-01  1.0060E+00  7.1605E+00 -6.1545E+00 -1.0290E-01
  3.8000E+01  0.0000E+00  2.5000E+05  0.0000E+00  1.0000E+00  0.0000E+00  0.0000E+00  0.0000E+00  0.0000E+00  0.0000E+00  0.0000E+00  0.0000E+00
  3.8000E+01  6.4850E+02  0.0000E+00  3.0100E+01  0.0000E+00  2.2202E+01  5.3551E-02  5.6366E-01  3.0100E+01  3.4758E+01 -4.6576E+00 -1.6263E-02
  3.8000E+01  6.4900E+02  0.0000E+00  2.6832E+01  0.0000E+00  1.9921E+01  7.8064E-02  5.4977E-01  2.6832E+01  3.1102E+01 -4.2699E+00 -8.2682E-03
  3.8000E+01  6.5000E+02  0.0000E+00  1.0962E+01  0.0000E+00  1.6611E+01 -9.6701E-01 -5.3888E-01  1.0962E+01  2.6221E+01 -1.5259E+01 -5.7597E-01
  3.8000E+01  6.5200E+02  0.0000E+00  1.5374E+01  0.0000E+00  1.2597E+01 -8.4724E-02  3.4936E-01  1.5374E+01  2.1209E+01 -5.8349E+00 -1.2218E-01
  3.8000E+01  6.5600E+02  0.0000E+00  1.1924E+01  0.0000E+00  8.1722E+00  1.5447E-01  7.2746E-01  1.1924E+01  1.6515E+01 -4.5910E+00 -4.9407E-02
  3.8000E+01  6.7200E+02  0.0000E+00  2.0360E+00  0.0000E+00  1.6460E+00 -6.6430E-01  3.7542E-01  2.0360E+00  7.1605E+00 -5.1245E+00 -2.0031E-01
  3.9000E+01  0.0000E+00  2.5000E+05  0.0000E+00  1.0000E+00  0.0000E+00  0.0000E+00  0.0000E+00  0.0000E+00  0.0000E+00  0.0000E+00  0.0000E+00
  3.9000E+01  6.4850E+02  0.0000E+00  4.0823E+01  0.0000E+00  2.6650E+01  5.7832E-01  8.4272E-01  4.0823E+01  3.4758E+01  6.0654E+00  3.1962E-01
  3.9000E+01  6.4900E+02  0.0000E+00  1.4413E+01  0.0000E+00  2.2067E+01 -8.6824E-01 -5.4961E-01  1.4413E+01  3.1102E+01 -1.6689E+01 -4.9110E-01
  3.9000E+01  6.5000E+02  0.0000E+00  1.2523E+01  0.0000E+00  1.6095E+01 -7.5999E-01 -3.5170E-01  1.2523E+01  2.6221E+01 -1.3698E+01 -4.5811E-01
  3.9000E+01  6.5200E+02  0.0000E+00  1.5130E+01  0.0000E+00  1.0431E+01  1.9405E-01  7.1372E-01  1.5130E+01  2.1209E+01 -6.0789E+00 -6.2711E-02
  3.9000E+01  6.5600E+02  0.0000E+00  5.8410E+00  0.0000E+00  6.2507E+00 -7.1434E-01 -1.0386E-01  5.8410E+00  1.6515E+01 -1.0674E+01 -3.7801E-01
  3.9000E+01  6.7200E+02  0.0000E+00  1.7660E+00  0.0000E+00  1.2531E+00 -1.3991E-01  6.4858E-01  1.7660E+00  7.1605E+00 -5.3945E+00 -1.1313E-01
  4.0000E+01  0.0000E+00  5.0000E+05  0.0000E+00  1.0000E+00  0.0000E+00  0.0000E+00  0.0000E+00  0.0000E+00  0.0000E+00  0.0000E+00  0.0000E+00
  4.0000E+01  6.4850E+02  0.0000E+00  4.5391E+01  0.0000E+00  3.0916E+01  2.1699E-01  7.4191E-01  4.5391E+01  5.2553E+01 -7.1624E+00  3.3374E-02
  4.0000E+01  6.4900E+02  0.0000E+00  3.4480E+01  0.0000E+00  3.1526E+01 -1.9946E-01  1.4848E-01  3.4480E+01  4.7026E+01 -1.2546E+01 -1.4310E-01
  4.0000E+01  6.5000E+02  0.0000E+00  1.3880E+01  0.0000E+00  3.1398E+01 -1.0342E+00 -8.8410E-01  1.3880E+01  3.9646E+01 -2.5766E+01 -7.1401E-01
  4.0000E+01  6.5200E+02  0.0000E+00  2.0645E+01  0.0000E+00  2.8784E+01 -4.6085E-01 -4.4804E-01  2.0645E+01  3.2068E+01 -1.1423E+01 -3.6021E-01
  4.0000E+01  6.5600E+02  0.0000E+00  4.6133E+01  0.0000E+00  2.2255E+01  1.7190E+00  1.7002E+00  4.6133E+01  2.4971E+01  2.1162E+01  1.0641E+00
  4.0000E+01  6.7200E+02  0.0000E+00  9.7100E-01  0.0000E+00  7.3968E+00 -1.2663E+00 -1.3766E+00  9.7100E-01  1.0827E+01 -9.8557E+00 -5.7191E-01
  4.1000E+01  0.0000E+00  5.0000E+05  0.0000E+00  1.0000E+00  0.0000E+00  0.0000E+00  0.0000E+00  0.0000E+00  0.0000E+00  0.0000E+00  0.0000E+00
  4.1000E+01  6.4850E+02  0.0000E+00  6.4231E+01  0.0000E+00  3.7196E+01  7.6689E-01  1.1517E+00  6.4231E+01  5.2553E+01  1.1678E+01  3.6412E-01
  4.1000E+01  6.4900E+02  0.0000E+00  2.8485E+01  0.0000E+00  3.3335E+01 -5.8359E-01 -2.3055E-01  2.8485E+01  4.7026E+01 -1.8541E+01 -3.4346E-01
  4.1000E+01  6.5000E+02  0.0000E+00  9.4640E+00  0.0000E+00  2.7873E+01 -1.3611E+00 -1.0466E+00  9.4640E+00  3.9646E+01 -3.0182E+01 -8.4340E-01
  4.1000E+01  6.5200E+02  0.0000E+00  3.0919E+01  0.0000E+00  2.1533E+01  3.8578E-01  6.9070E-01  3.0919E+01  3.2068E+01 -1.1488E+00  1.4462E-01
  4.1000E+01  6.5600E+02  0.0000E+00  2.5956E+01  0.0000E+00  1.4746E+01  8.3983E-01  1.2046E+00  2.5956E+01  2.4971E+01  9.8536E-01  2.6750E-01
  4.1000E+01  6.7200E+02  0.0000E+00  6.0000E-01  0.0000E+00  3.7364E+00 -1.6578E+00 -1.3301E+00  6.0000E-01  1.0827E+01 -1.0227E+01 -4.5284E-01
  4.2000E+01  0.0000E+00  5.0000E+05  0.0000E+00  1.0000E+00  0.0000E+00  0.0000E+00  0.0000E+00  0.0000E+00  0.0000E+00  0.0000E+00  0.0000E+00
  4.2000E+01  6.4850E+02  0.0000E+00  4.0872E+01  0.0000E+00  2.4437E+01  3.1869E-01  1.0657E+00  4.0872E+01  5.2553E+01 -1.1681E+01 -5.8095E-03
  4.2000E+01  6.4900E+02  0.0000E+00  1.4567E+01  0.0000E+00  2.3417E+01 -1.2268E+00 -5.9886E-01  1.4567E+01  4.7026E+01 -3.2459E+01 -5.7839E-01
  4.2000E+01  6.5000E+02  0.0000E+00  3.1051E+01  0.0000E+00  2.1130E+01  2.2704E-01  7.4404E-01  3.1051E+01  3.9646E+01 -8.5947E+00  1.0966E-03
  4.2000E+01  6.5200E+02  0.0000E+00  1.0596E+01  0.0000E+00  1.6592E+01 -1.1087E+00 -5.7263E-01  1.0596E+01  3.2068E+01 -2.1472E+01 -5.6426E-01
  4.2000E+01  6.5600E+02  0.0000E+00  1.9287E+01  0.0000E+00  9.7827E+00  7.3652E-01  1.5395E+00  1.9287E+01  2.4971E+01 -5.6836E+00  7.1149E-02
  4.2000E+01  6.7200E+02  0.0000E+00  6.0000E-01  0.0000E+00  1.1266E+00 -1.7550E+00 -7.4066E-01  6.0000E-01  1.0827E+01 -1.0227E+01 -2.7456E-01
  4.3000E+01  0.0000E+00  3.0000E+05  0.0000E+00  1.0000E+00  0.0000E+00  0.0000E+00  0.0000E+00  0.0000E+00  0.0000E+00  0.0000E+00  0.0000E+00
  4.3000E+01  0.0000E+00  0.0000E+00  0.0000E+00  0.0000E+00  0.0000E+00  0.0000E+00  0.0000E+00  0.0000E+00  0.0000E+00  0.0000E+00  0.0000E+00
  4.3000E+01  5.0000E-01  0.0000E+00  1.3907E+02  0.0000E+00  7.5563E+01  1.3431E+00  1.3318E+00  1.3907E+02  3.0663E+01  1.0841E+02  2.4178E+00
  4.3000E+01  1.0000E+00  0.0000E+00  5.9990E+01  0.0000E+00  5.8913E+01  1.8607E-03  2.8973E-02  5.9990E+01  2.6826E+01  3.3164E+01  2.7540E-01
  4.3000E+01  2.0000E+00  0.0000E+00  3.9920E+01  0.0000E+00  3.8566E+01  5.1637E-02  5.5620E-02  3.9920E+01  2.1819E+01  1.8101E+01  3.4126E-01
  4.3000E+01  4.0000E+00  0.0000E+00  2.2690E+01  0.0000E+00  2.2736E+01  1.8165E-01 -3.1869E-03  2.2690E+01  1.6990E+01  5.6998E+00  3.4361E-01
  4.3000E+01  8.0000E+00  0.0000E+00  3.2950E+01  0.0000E+00  1.6653E+01  1.9202E+00  1.5507E+00  3.2950E+01  1.3015E+01  1.9935E+01  1.9947E+00
  4.4000E+01  0.0000E+00  3.0000E+05  0.0000E+00  1.0000E+00  0.0000E+00  0.0000E+00  0.0000E+00  0.0000E+00  0.0000E+00  0.0000E+00  0.0000E+00
  4.4000E+01  0.0000E+00  0.0000E+00  0.0000E+00  0.0000E+00  0.0000E+00  0.0000E+00  0.0000E+00  0.0000E+00  0.0000E+00  0.0000E+00  0.0000E+00
  4.4000E+01  5.0000E-01  0.0000E+00  7.3190E+01  0.0000E+00  4.3167E+01  9.1980E-01  1.1021E+00  7.3190E+01  3.0663E+01  4.2527E+01  9.9828E-01
  4.4000E+01  1.0000E+00  0.0000E+00  3.4490E+01  0.0000E+00  3.5984E+01 -2.1586E-01 -6.5809E-02  3.4490E+01  2.6826E+01  7.6640E+00 -8.3799E-02
  4.4000E+01  2.0000E+00  0.0000E+00  3.0340E+01  0.0000E+00  2.7040E+01  1.3813E-01  1.9338E-01  3.0340E+01  2.1819E+01  8.5215E+00  2.4927E-01
  4.4000E+01  4.0000E+00  0.0000E+00  1.1700E+01  0.0000E+00  1.9580E+01 -5.3003E-01 -6.3770E-01  1.1700E+01  1.6990E+01 -5.2902E+00 -5.5996E-01
  4.4000E+01  8.0000E+00  0.0000E+00  2.7960E+01  0.0000E+00  1.5511E+01  1.4830E+00  1.2718E+00  2.7960E+01  1.3015E+01  1.4945E+01  1.4583E+00
  4.5000E+01  0.0000E+00  3.0000E+05  0.0000E+00  1.0000E+00  0.0000E+00  0.0000E+00  0.0000E+00  0.0000E+00  0.0000E+00  0.0000E+00  0.0000E+00
  4.5000E+01  0.0000E+00  0.0000E+00  0.0000E+00  0.0000E+00  0.0000E+00  0.0000E+00  0.0000E+00  0.0000E+00  0.0000E+00  0.0000E+00  0.0000E+00
  4.5000E+01  5.0000E-01  0.0000E+00  4.8070E+01  0.0000E+00  3.7124E+01  2.5696E-01  4.6723E-01  4.8070E+01  3.0663E+01  1.7407E+01  2.8424E-01
  4.5000E+01  1.0000E+00  0.0000E+00  4.1740E+01  0.0000E+00  3.0546E+01  3.5311E-01  5.8070E-01  4.1740E+01  2.6826E+01  1.4914E+01  3.7177E-01
  4.5000E+01  2.0000E+00  0.0000E+00  2.8020E+01  0.0000E+00  2.2234E+01  1.7724E-01  4.1231E-01  2.8020E+01  2.1819E+01  6.2015E+00  2.1653E-01
  4.5000E+01  4.0000E+00  0.0000E+00  1.6530E+01  0.0000E+00  1.4978E+01 -7.2267E-02  1.6420E-01  1.6530E+01  1.6990E+01 -4.6022E-01 -3.0930E-02
  4.5000E+01  8.0000E+00  0.0000E+00  1.3990E+01  0.0000E+00  1.0450E+01  2.0656E-01  5.3687E-01  1.3990E+01  1.3015E+01  9.7531E-01  1.6105E-01
  4.6000E+01  0.0000E+00  8.0000E+05  0.0000E+00  1.0000E+00  0.0000E+00  0.0000E+00  0.0000E+00  0.0000E+00  0.0000E+00  0.0000E+00  0.0000E+00
  4.6000E+01  0.0000E+00  0.0000E+00  0.0000E+00  0.0000E+00  0.0000E+00  0.0000E+00  0.0000E+00  0.0000E+00  0.0000E+00  0.0000E+00  0.0000E+00
  4.6000E+01  5.0000E-01  0.0000E+00  7.8270E+01  0.0000E+00  5.7311E+01  1.4700E-01  5.7947E-01  7.8270E+01  5.8833E+01  1.9437E+01  2.3459E-01
  4.6000E+01  1.0000E+00  0.0000E+00  7.9700E+01  0.0000E+00  5.2701E+01  5.1240E-01  8.1177E-01  7.9700E+01  5.1471E+01  2.8229E+01  5.2113E-01
  4.6000E+01  2.0000E+00  0.0000E+00  4.3450E+01  0.0000E+00  4.6775E+01 -2.0576E-01 -1.1264E-01  4.3450E+01  4.1863E+01  1.5871E+00 -1.6893E-01
  4.6000E+01  4.0000E+00  0.0000E+00  4.6070E+01  0.0000E+00  4.1267E+01  3.1153E-01  1.8444E-01  4.6070E+01  3.2599E+01  1.3471E+01  2.2870E-01
  4.6000E+01  8.0000E+00  0.0000E+00  8.2900E+01  0.0000E+00  3.6909E+01  2.2489E+00  1.9745E+00  8.2900E+01  2.4971E+01  5.7929E+01  2.5334E+00
  4.7000E+01  0.0000E+00  8.0000E+05  0.0000E+00  1.0000E+00  0.0000E+00  0.0000E+00  0.0000E+00  0.0000E+00  0.0000E+00  0.0000E+00  0.0000E+00
  4.7000E+01  0.0000E+00  0.0000E+00  0.0000E+00  0.0000E+00  0.0000E+00  0.0000E+00  0.0000E+00  0.0000E+00  0.0000E+00  0.0000E+00  0.0000E+00
  4.7000E+01  5.0000E-01  0.0000E+00  5.4280E+01  0.0000E+00  4.0814E+01  2.5828E-01  5.2279E-01  5.4280E+01  5.8833E+01 -4.5535E+00  6.7347E-02
  4.7000E+01  1.0000E+00  0.0000E+00  1.3120E+01  0.0000E+00  4.0270E+01 -1.2438E+00 -1.0683E+00  1.3120E+01  5.1471E+01 -3.8351E+01 -7.6718E-01
  4.7000E+01  2.0000E+00  0.0000E+00  6.8020E+01  0.0000E+00  3.8930E+01  1.1161E+00  1.1841E+00  6.8020E+01  4.1863E+01  2.6157E+01  9.2164E-01
  4.7000E+01  4.0000E+00  0.0000E+00  5.8220E+01  0.0000E+00  3.5886E+01  9.9615E-01  9.8621E-01  5.8220E+01  3.2599E+01  2.5621E+01  9.7853E-01
  4.7000E+01  8.0000E+00  0.0000E+00  3.2920E+01  0.0000E+00  3.0038E+01  1.6791E-01  1.5205E-01  3.2920E+01  2.4971E+01  7.9489E+00  1.0751E-01
  4.8000E+01  0.0000E+00  8.0000E+05  0.0000E+00  1.0000E+00  0.0000E+00  0.0000E+00  0.0000E+00  0.0000E+00  0.0000E+00  0.0000E+00  0.0000E+00
  4.8000E+01  0.0000E+00  0.0000E+00  0.0000E+00  0.0000E+00  0.0000E+00  0.0000E+00  0.0000E+00  0.0000E+00  0.0000E+00  0.0000E+00  0.0000E+00
  4.8000E+01  5.0000E-01  0.0000E+00  3.6880E+01  0.0000E+00  5.0990E+01 -6.5390E-01 -4.3848E-01  3.6880E+01  5.8833E+01 -2.1953E+01 -4.0944E-01
  4.8000E+01  1.0000E+00  0.0000E+00  7.5550E+01  0.0000E+00  4.5524E+01  8.5106E-01  1.0451E+00  7.5550E+01  5.1471E+01  2.4079E+01  5.2952E-01
  4.8000E+01  2.0000E+00  0.0000E+00  4.8520E+01  0.0000E+00  3.8074E+01  2.6489E-01  4.3472E-01  4.8520E+01  4.1863E+01  6.6571E+00  1.9769E-01
  4.8000E+01  4.0000E+00  0.0000E+00  4.8470E+01  0.0000E+00  3.0058E+01  7.9320E-01  9.7064E-01  4.8470E+01  3.2599E+01  1.5871E+01  7.0115E-01
  4.8000E+01  8.0000E+00  0.0000E+00  1.6480E+01  0.0000E+00  2.2112E+01 -6.8196E-01 -4.0358E-01  1.6480E+01  2.4971E+01 -8.4911E+00 -4.8951E-01
  4.9000E+01  0.0000E+00  1.5000E+06  0.0000E+00  1.0000E+00  0.0000E+00  0.0000E+00  0.0000E+00  0.0000E+00  0.0000E+00  0.0000E+00  0.0000E+00
  4.9000E+01  0.0000E+00  0.0000E+00  0.0000E+00  0.0000E+00  0.0000E+00  0.0000E+00  0.0000E+00  0.0000E+00  0.0000E+00  0.0000E+00  0.0000E+00
  4.9000E+01  5.0000E-01  0.0000E+00  8.4140E+01  0.0000E+00  6.2993E+01 -2.6394E-02  5.3196E-01  8.4140E+01  9.7926E+01 -1.3786E+01 -1.2657E-02
  4.9000E+01  1.0000E+00  0.0000E+00  5.6530E+01  0.0000E+00  5.5633E+01 -5.0786E-01  2.5548E-02  5.6530E+01  8.5671E+01 -2.9141E+01 -2.6402E-01
  4.9000E+01  2.0000E+00  0.0000E+00  3.9120E+01  0.0000E+00  4.4744E+01 -7.1729E-01 -1.9917E-01  3.9120E+01  6.9679E+01 -3.0559E+01 -4.9242E-01
  4.9000E+01  4.0000E+00  0.0000E+00  3.1620E+01  0.0000E+00  3.1298E+01 -5.6497E-01  1.6307E-02  3.1620E+01  5.4259E+01 -2.2639E+01 -4.9286E-01
  4.9000E+01  8.0000E+00  0.0000E+00  2.3630E+01  0.0000E+00  1.7212E+01 -2.4287E-01  5.9082E-01  2.3630E+01  4.1563E+01 -1.7933E+01 -4.0137E-01
  5.0000E+01  0.0000E+00  1.5000E+06  0.0000E+00  1.0000E+00  0.0000E+00  0.0000E+00  0.0000E+00  0.0000E+00  0.0000E+00  0.0000E+00  0.0000E+00
  5.0000E+01  0.0000E+00  0.0000E+00  0.0000E+00  0.0000E+00  0.0000E+00  0.0000E+00  0.0000E+00  0.0000E+00  0.0000E+00  0.0000E+00  0.0000E+00
  5.0000E+01  5.0000E-01  0.0000E+00  1.3535E+02  0.0000E+00  1.1920E+02  6.4689E-03  2.1467E-01  1.3535E+02  9.7926E+01  3.7424E+01  1.3930E-01
  5.0000E+01  1.0000E+00  0.0000E+00  1.8297E+02  0.0000E+00  1.0331E+02  1.0716E+00  1.2218E+00  1.8297E+02  8.5671E+01  9.7299E+01  1.0910E+00
  5.0000E+01  2.0000E+00  0.0000E+00  5.5430E+01  0.0000E+00  8.3381E+01 -5.6417E-01 -5.3118E-01  5.5430E+01  6.9679E+01 -1.4249E+01 -5.6088E-01
  5.0000E+01  4.0000E+00  0.0000E+00  7.1500E+01  0.0000E+00  6.6323E+01  2.5119E-01  1.2370E-01  7.1500E+01  5.4259E+01  1.7241E+01  2.3164E-01
  5.0000E+01  8.0000E+00  0.0000E+00  1.0810E+02  0.0000E+00  5.5958E+01  1.7174E+00  1.4765E+00  1.0810E+02  4.1563E+01  6.6537E+01  1.8141E+00
  5.1000E+01  0.0000E+00  1.5000E+06  0.0000E+00  1.0000E+00  0.0000E+00  0.0000E+00  0.0000E+00  0.0000E+00  0.0000E+00  0.0000E+00  0.0000E+00
  5.1000E+01  0.0000E+00  0.0000E+00  0.0000E+00  0.0000E+00  0.0000E+00  0.0000E+00  0.0000E+00  0.0000E+00  0.0000E+00  0.0000E+00  0.0000E+00
  5.1000E+01  5.0000E-01  0.0000E+00  6.1340E+01  0.0000E+00  5.1222E+01 -2.8419E-01  3.1300E-01  6.1340E+01  9.7926E+01 -3.6586E+01 -1.9725E-01
  5.1000E+01  2.0000E+00  0.0000E+00  6.0580E+01  0.0000E+00  5.9759E+01 -1.1845E-01  2.1761E-02  6.0580E+01  6.9679E+01 -9.0989E+00 -1.2116E-01
  5.1000E+01  4.0000E+00  0.0000E+00  5.8890E+01  0.0000E+00  5.8819E+01  3.7577E-04  1.9108E-03  5.8890E+01  5.4259E+01  4.6306E+00 -2.0348E-02
  5.1000E+01  8.0000E+00  0.0000E+00  7.5560E+01  0.0000E+00  4.9039E+01  8.4685E-01  8.5695E-01  7.5560E+01  4.1563E+01  3.3997E+01  8.4151E-01
  5.2000E+01  0.0000E+00  3.0000E+05  0.0000E+00  1.0000E+00  0.0000E+00  0.0000E+00  0.0000E+00  0.0000E+00  0.0000E+00  0.0000E+00  0.0000E+00
  5.2000E+01  0.0000E+00  0.0000E+00  0.0000E+00  0.0000E+00  0.0000E+00  0.0000E+00  0.0000E+00  0.0000E+00  0.0000E+00  0.0000E+00  0.0000E+00
  5.2000E+01  5.0000E-01  0.0000E+00  4.9570E+01  0.0000E+00  3.5467E+02 -1.4777E-01 -1.3631E+00  4.9570E+01  3.0663E+01  1.8907E+01 -1.0424E+00
  5.2000E+01  1.0000E+00  0.0000E+00  1.3940E+01  0.0000E+00  2.8536E+02  1.0776E-02 -1.5072E+00  1.3940E+01  2.6826E+01 -1.2886E+01 -2.3384E+00
  5.2000E+01  2.0000E+00  0.0000E+00  3.3956E+02  0.0000E+00  1.4701E+02  3.3601E+00  2.0753E+00  3.3956E+02  2.1819E+01  3.1774E+02  1.9677E+01
  5.2000E+01  4.0000E+00  0.0000E+00  1.5160E+01  0.0000E+00  3.8367E+01 -2.5778E-01 -9.5846E-01  1.5160E+01  1.6990E+01 -1.8302E+00 -7.2009E-01
  5.2000E+01  8.0000E+00  0.0000E+00  2.4800E+00  0.0000E+00  3.6952E+00 -1.3773E+00 -5.2110E-01  2.4800E+00  1.3015E+01 -1.0535E+01 -1.6335E+00
  5.3000E+01  0.0000E+00  3.0000E+05  0.0000E+00  1.0000E+00  0.0000E+00  0.0000E+00  0.0000E+00  0.0000E+00  0.0000E+00  0.0000E+00  0.0000E+00
  5.3000E+01  0.0000E+00  0.0000E+00  0.0000E+00  0.0000E+00  0.0000E+00  0.0000E+00  0.0000E+00  0.0000E+00  0.0000E+00  0.0000E+00  0.0000E+00
  5.3000E+01  5.0000E-01  0.0000E+00  2.7510E+01  0.0000E+00  2.3867E+01 -1.6691E-01  2.4187E-01  2.7510E+01  3.0663E+01 -3.1534E+00 -1.1630E-01
  5.3000E+01  1.0000E+00  0.0000E+00  2.4070E+01  0.0000E+00  2.1525E+01 -1.5583E-01  1.8738E-01  2.4070E+01  2.6826E+01 -2.7560E+00 -1.2994E-01
  5.3000E+01  2.0000E+00  0.0000E+00  3.0780E+01  0.0000E+00  1.8183E+01  8.4172E-01  1.0978E+00  3.0780E+01  2.1819E+01  8.9615E+00  6.0984E-01
  5.3000E+01  4.0000E+00  0.0000E+00  6.7200E+00  0.0000E+00  1.4230E+01 -1.0496E+00 -8.3628E-01  6.7200E+00  1.6990E+01 -1.0270E+01 -8.4355E-01
  5.3000E+01  8.0000E+00  0.0000E+00  1.2390E+01  0.0000E+00  9.8763E+00  7.4786E-02  4.0331E-01  1.2390E+01  1.3015E+01 -6.2469E-01  2.9370E-02
  5.4000E+01  0.0000E+00  3.0000E+05  0.0000E+00  1.0000E+00  0.0000E+00  0.0000E+00  0.0000E+00  0.0000E+00  0.0000E+00  0.0000E+00  0.0000E+00
  5.4000E+01  0.0000E+00  0.0000E+00  0.0000E+00  0.0000E+00  0.0000E+00  0.0000E+00  0.0000E+00  0.0000E+00  0.0000E+00  0.0000E+00  0.0000E+00
  5.4000E+01  5.0000E-01  0.0000E+00  1.0359E+02  0.0000E+00  5.6624E+01  1.3657E+00  1.3143E+00  1.0359E+02  3.0663E+01  7.2927E+01  1.7695E+00
  5.4000E+01  1.0000E+00  0.0000E+00  3.2890E+01  0.0000E+00  4.2723E+01 -4.0862E-01 -3.6469E-01  3.2890E+01  2.6826E+01  6.0640E+00 -3.7130E-01
  5.4000E+01  2.0000E+00  0.0000E+00  1.9000E+01  0.0000E+00  2.5670E+01 -6.0422E-01 -4.1173E-01  1.9000E+01  2.1819E+01 -2.8185E+00 -5.5260E-01
  5.4000E+01  4.0000E+00  0.0000E+00  1.3240E+01  0.0000E+00  1.2223E+01 -2.5562E-01  1.3179E-01  1.3240E+01  1.6990E+01 -3.7502E+00 -1.5262E-01
  5.4000E+01  8.0000E+00  0.0000E+00  9.3200E+00  0.0000E+00  6.7194E+00  5.2821E-02  6.1327E-01  9.3200E+00  1.3015E+01 -3.6947E+00 -1.3496E-02
  5.5000E+01  0.0000E+00  8.0000E+05  0.0000E+00  1.0000E+00  0.0000E+00  0.0000E+00  0.0000E+00  0.0000E+00  0.0000E+00  0.0000E+00  0.0000E+00
  5.5000E+01  0.0000E+00  0.0000E+00  0.0000E+00  0.0000E+00  0.0000E+00  0.0000E+00  0.0000E+00  0.0000E+00  0.0000E+00  0.0000E+00  0.0000E+00
  5.5000E+01  5.0000E-01  0.0000E+00  3.1770E+01  0.0000E+00  6.7332E+01 -7.8273E-01 -8.3691E-01  3.1770E+01  5.8833E+01 -2.7063E+01 -5.3863E-01
  5.5000E+01  1.0000E+00  0.0000E+00  8.0990E+01  0.0000E+00  5.3503E+01  7.4299E-01  8.1406E-01  8.0990E+01  5.1471E+01  2.9519E+01  6.2471E-01
  5.5000E+01  2.0000E+00  0.0000E+00  5.5610E+01  0.0000E+00  3.6109E+01  5.4480E-01  8.5574E-01  5.5610E+01  4.1863E+01  1.3747E+01  4.5548E-01
  5.5000E+01  4.0000E+00  0.0000E+00  2.5940E+01  0.0000E+00  2.1196E+01 -2.9463E-01  3.5469E-01  2.5940E+01  3.2599E+01 -6.6589E+00 -2.3160E-01
  5.5000E+01  8.0000E+00  0.0000E+00  1.3110E+01  0.0000E+00  1.2661E+01 -8.1595E-01  5.6212E-02  1.3110E+01  2.4971E+01 -1.1861E+01 -5.1146E-01
  5.6000E+01  0.0000E+00  8.0000E+05  0.0000E+00  1.0000E+00  0.0000E+00  0.0000E+00  0.0000E+00  0.0000E+00  0.0000E+00  0.0000E+00  0.0000E+00
  5.6000E+01  0.0000E+00  0.0000E+00  0.0000E+00  0.0000E+00  0.0000E+00  0.0000E+00  0.0000E+00  0.0000E+00  0.0000E+00  0.0000E+00  0.0000E+00
  5.6000E+01  5.0000E-01  0.0000E+00  4.6710E+01  0.0000E+00  7.7365E+01 -1.0349E+00 -6.2788E-01  4.6710E+01  5.8833E+01 -1.2123E+01 -2.1371E-01
  5.6000E+01  1.0000E+00  0.0000E+00  4.6190E+01  0.0000E+00  5.5502E+01 -6.6956E-01 -2.6587E-01  4.6190E+01  5.1471E+01 -5.2807E+00 -1.0881E-01
  5.6000E+01  2.0000E+00  0.0000E+00  5.1680E+01  0.0000E+00  2.8919E+01  7.5461E-01  1.2471E+00  5.1680E+01  4.1863E+01  9.8171E+00  4.1765E-01
  5.6000E+01  4.0000E+00  0.0000E+00  1.1530E+01  0.0000E+00  8.6501E+00 -4.4331E-01  5.2757E-01  1.1530E+01  3.2599E+01 -2.1069E+01 -7.6235E-01
  5.6000E+01  8.0000E+00  0.0000E+00  1.9600E+00  0.0000E+00  1.9251E+00 -1.6434E+00  2.8763E-02  1.9600E+00  2.4971E+01 -2.3011E+01 -9.2418E-01
  5.7000E+01  0.0000E+00  8.0000E+05  0.0000E+00  1.0000E+00  0.0000E+00  0.0000E+00  0.0000E+00  0.0000E+00  0.0000E+00  0.0000E+00  0.0000E+00
  5.7000E+01  0.0000E+00  0.0000E+00  0.0000E+00  0.0000E+00  0.0000E+00  0.0000E+00  0.0000E+00  0.0000E+00  0.0000E+00  0.0000E+00  0.0000E+00
  5.7000E+01  5.0000E-01  0.0000E+00  4.0780E+01  0.0000E+00  4.4012E+01 -7.2729E-01 -1.1635E-01  4.0780E+01  5.8833E+01 -1.8053E+01 -2.3347E-01
  5.7000E+01  2.0000E+00  0.0000E+00  3.0770E+01  0.0000E+00  2.1391E+01 -2.0989E-01  6.9481E-01  3.0770E+01  4.1863E+01 -1.1093E+01 -2.4700E-01
  5.7000E+01  4.0000E+00  0.0000E+00  1.5530E+01  0.0000E+00  1.0526E+01 -3.6536E-01  7.5331E-01  1.5530E+01  3.2599E+01 -1.7069E+01 -5.7885E-01
  5.7000E+01  8.0000E+00  0.0000E+00  2.6800E+00  0.0000E+00  4.6030E+00 -1.7556E+00 -6.6200E-01  2.6800E+00  2.4971E+01 -2.2291E+01 -8.9975E-01
  5.8000E+01  0.0000E+00  1.5000E+06  0.0000E+00  1.0000E+00  0.0000E+00  0.0000E+00  0.0000E+00  0.0000E+00  0.0000E+00  0.0000E+00  0.0000E+00
  5.8000E+01  0.0000E+00  0.0000E+00  0.0000E+00  0.0000E+00  0.0000E+00  0.0000E+00  0.0000E+00  0.0000E+00  0.0000E+00  0.0000E+00  0.0000E+00
  5.8000E+01  5.0000E-01  0.0000E+00  3.6030E+01  0.0000E+00  5.5617E+01 -1.0028E+00 -5.5805E-01  3.6030E+01  9.7926E+01 -6.1896E+01 -5.0561E-01
  5.8000E+01  1.0000E+00  0.0000E+00  8.2800E+01  0.0000E+00  5.4973E+01  4.4686E-01  8.0212E-01  8.2800E+01  8.5671E+01 -2.8706E+00  1.0416E-01
  5.8000E+01  2.0000E+00  0.0000E+00  7.7570E+01  0.0000E+00  5.2047E+01  4.9909E-01  7.7705E-01  7.7570E+01  6.9679E+01  7.8911E+00  2.7733E-01
  5.8000E+01  4.0000E+00  0.0000E+00  2.7970E+01  0.0000E+00  4.3896E+01 -8.8205E-01 -5.7491E-01  2.7970E+01  5.4259E+01 -2.6289E+01 -6.7182E-01
  5.8000E+01  8.0000E+00  0.0000E+00  3.5900E+01  0.0000E+00  2.9119E+01 -1.7141E-01  3.6903E-01  3.5900E+01  4.1563E+01 -5.6633E+00 -1.2357E-01
  5.9000E+01  0.0000E+00  1.5000E+06  0.0000E+00  1.0000E+00  0.0000E+00  0.0000E+00  0.0000E+00  0.0000E+00  0.0000E+00  0.0000E+00  0.0000E+00
  5.9000E+01  0.0000E+00  0.0000E+00  0.0000E+00  0.0000E+00  0.0000E+00  0.0000E+00  0.0000E+00  0.0000E+00  0.0000E+00  0.0000E+00  0.0000E+00
  5.9000E+01  5.0000E-01  0.0000E+00  4.2590E+01  0.0000E+00  5.1747E+02 -6.1906E-01 -1.4542E+00  4.2590E+01  9.7926E+01 -5.5336E+01 -9.3933E-01
  5.9000E+01  1.0000E+00  0.0000E+00  4.7080E+01  0.0000E+00  3.7033E+02 -5.6621E-01 -1.3831E+00  4.7080E+01  8.5671E+01 -3.8591E+01 -9.2004E-01
  5.9000E+01  2.0000E+00  0.0000E+00  4.2174E+02  0.0000E+00  1.8777E+02  2.6668E+00  1.9745E+00  4.2174E+02  6.9679E+01  3.5206E+02  7.0342E+00
  5.9000E+01  4.0000E+00  0.0000E+00  1.5740E+01  0.0000E+00  4.9294E+01 -7.3904E-01 -1.0786E+00  1.5740E+01  5.4259E+01 -3.8519E+01 -1.0996E+00
  5.9000E+01  8.0000E+00  0.0000E+00  1.7100E+00  0.0000E+00  5.0819E+00 -1.9442E+00 -1.0514E+00  1.7100E+00  4.1563E+01 -3.9853E+01 -1.2720E+00
  6.0000E+01  0.0000E+00  1.5000E+06  0.0000E+00  1.0000E+00  0.0000E+00  0.0000E+00  0.0000E+00  0.0000E+00  0.0000E+00  0.0000E+00  0.0000E+00
  6.0000E+01  0.0000E+00  0.0000E+00  0.0000E+00  0.0000E+00  0.0000E+00  0.0000E+00  0.0000E+00  0.0000E+00  0.0000E+00  0.0000E+00  0.0000E+00
  6.0000E+01  5.0000E-01  0.0000E+00  8.6410E+01  0.0000E+00  1.5708E+02 -5.0272E-01 -7.1288E-01  8.6410E+01  9.7926E+01 -1.1516E+01 -1.1619E-01
  6.0000E+01  1.0000E+00  0.0000E+00  4.2610E+01  0.0000E+00  1.1449E+02 -8.7478E-01 -9.9486E-01  4.2610E+01  8.5671E+01 -4.3061E+01 -5.8766E-01
  6.0000E+01  2.0000E+00  0.0000E+00  1.2697E+02  0.0000E+00  6.2562E+01  1.4890E+00  1.6313E+00  1.2697E+02  6.9679E+01  5.7291E+01  1.2511E+00
  6.0000E+01  4.0000E+00  0.0000E+00  1.7930E+01  0.0000E+00  2.2517E+01 -1.1050E+00 -3.2280E-01  1.7930E+01  5.4259E+01 -3.6329E+01 -8.4842E-01
  6.0000E+01  8.0000E+00  0.0000E+00  9.4500E+00  0.0000E+00  8.2047E+00 -1.0935E+00  2.4050E-01  9.4500E+00  4.1563E+01 -3.2113E+01 -8.0267E-01
  6.1000E+01  0.0000E+00  3.0000E+05  0.0000E+00  1.0000E+00  0.0000E+00  0.0000E+00  0.0000E+00  0.0000E+00  0.0000E+00  0.0000E+00  0.0000E+00
  6.1000E+01  6.4850E+02  0.0000E+00  1.4589E+02  0.0000E+00  8.3954E+01  1.2821E+00  1.1690E+00  1.4589E+02  3.8364E+01  1.0753E+02  2.0507E+00
  6.1000E+01  6.4900E+02  0.0000E+00  7.6000E+01  0.0000E+00  6.7739E+01  2.4597E-01  1.9325E-01  7.6000E+01  3.4329E+01  4.1671E+01  4.5900E-01
  6.1000E+01  6.5000E+02  0.0000E+00  4.3800E+01  0.0000E+00  4.7720E+01 -1.3744E-01 -1.3016E-01  4.3800E+01  2.8941E+01  1.4859E+01 -1.0742E-01
  6.1000E+01  6.5200E+02  0.0000E+00  2.3990E+01  0.0000E+00  3.1532E+01 -4.0864E-01 -3.7901E-01  2.3990E+01  2.3410E+01  5.8040E-01 -3.9524E-01
  6.1000E+01  6.5600E+02  0.0000E+00  3.9490E+01  0.0000E+00  2.3855E+01  9.8994E-01  1.0386E+00  3.9490E+01  1.8229E+01  2.1261E+01  9.3887E-01
  6.2000E+01  0.0000E+00  3.0000E+05  0.0000E+00  1.0000E+00  0.0000E+00  0.0000E+00  0.0000E+00  0.0000E+00  0.0000E+00  0.0000E+00  0.0000E+00
  6.2000E+01  6.4850E+02  0.0000E+00  5.1150E+01  0.0000E+00  3.4176E+01  4.3666E-01  7.8697E-01  5.1150E+01  3.8364E+01  1.2786E+01  3.1433E-01
  6.2000E+01  6.4900E+02  0.0000E+00  3.5010E+01  0.0000E+00  2.9295E+01 -3.7886E-02  3.0916E-01  3.5010E+01  3.4329E+01  6.8092E-01 -2.2176E-03
  6.2000E+01  6.5000E+02  0.0000E+00  1.9830E+01  0.0000E+00  2.2887E+01 -5.4479E-01 -2.1168E-01  1.9830E+01  2.8941E+01 -9.1114E+00 -3.7303E-01
  6.2000E+01  6.5200E+02  0.0000E+00  1.3470E+01  0.0000E+00  1.6645E+01 -6.2961E-01 -3.0223E-01  1.3470E+01  2.3410E+01 -9.9396E+00 -4.1016E-01
  6.2000E+01  6.5600E+02  0.0000E+00  1.7880E+01  0.0000E+00  1.1553E+01  4.6089E-01  8.6777E-01  1.7880E+01  1.8229E+01 -3.4862E-01  1.4994E-01
  6.3000E+01  0.0000E+00  3.0000E+05  0.0000E+00  1.0000E+00  0.0000E+00  0.0000E+00  0.0000E+00  0.0000E+00  0.0000E+00  0.0000E+00  0.0000E+00
  6.3000E+01  6.4850E+02  0.0000E+00  1.4626E+02  0.0000E+00  1.2704E+02  5.4407E-01  2.3974E-01  1.4626E+02  3.8364E+01  1.0790E+02  1.5653E+00
  6.3000E+01  6.4900E+02  0.0000E+00  1.2381E+02  0.0000E+00  9.2321E+01  6.8086E-01  5.4048E-01  1.2381E+02  3.4329E+01  8.9481E+01  1.7306E+00
  6.3000E+01  6.5000E+02  0.0000E+00  9.0630E+01  0.0000E+00  4.9934E+01  1.1044E+00  1.2914E+00  9.0630E+01  2.8941E+01  6.1689E+01  1.8281E+00
  6.3000E+01  6.5200E+02  0.0000E+00  1.6710E+01  0.0000E+00  1.7601E+01 -8.1553E-01 -8.0191E-02  1.6710E+01  2.3410E+01 -6.6996E+00 -7.1058E-01
  6.3000E+01  6.5600E+02  0.0000E+00  7.8900E+00  0.0000E+00  6.8077E+00 -9.2190E-01  2.5192E-01  7.8900E+00  1.8229E+01 -1.0339E+01 -8.7106E-01
  6.4000E+01  0.0000E+00  8.0000E+05  0.0000E+00  1.0000E+00  0.0000E+00  0.0000E+00  0.0000E+00  0.0000E+00  0.0000E+00  0.0000E+00  0.0000E+00
  6.4000E+01  6.4850E+02  0.0000E+00  1.2051E+02  0.0000E+00  1.1448E+02  1.5499E-01  8.3442E-02  1.2051E+02  7.3609E+01  4.6901E+01  2.0141E-01
  6.4000E+01  6.4900E+02  0.0000E+00  1.8588E+02  0.0000E+00  1.0882E+02  1.2447E+00  1.1222E+00  1.8588E+02  6.5867E+01  1.2001E+02  1.6163E+00
  6.4000E+01  6.5000E+02  0.0000E+00  3.2050E+01  0.0000E+00  1.0108E+02 -8.9166E-01 -1.0822E+00  3.2050E+01  5.5530E+01 -2.3480E+01 -1.3554E+00
  6.4000E+01  6.5200E+02  0.0000E+00  1.0842E+02  0.0000E+00  9.2571E+01  5.1875E-01  2.7129E-01  1.0842E+02  4.4916E+01  6.3504E+01  8.5992E-01
  6.4000E+01  6.5600E+02  0.0000E+00  1.3920E+02  0.0000E+00  8.3129E+01  1.3331E+00  1.0688E+00  1.3920E+02  3.4975E+01  1.0422E+02  2.2907E+00
  6.5000E+01  0.0000E+00  8.0000E+05  0.0000E+00  1.0000E+00  0.0000E+00  0.0000E+00  0.0000E+00  0.0000E+00  0.0000E+00  0.0000E+00  0.0000E+00
  6.5000E+01  6.4850E+02  0.0000E+00  7.7650E+01  0.0000E+00  5.5235E+01  2.5813E-01  6.4304E-01  7.7650E+01  7.3609E+01  4.0413E+00  1.3961E-01
  6.5000E+01  6.4900E+02  0.0000E+00  4.5050E+01  0.0000E+00  5.7139E+01 -5.9433E-01 -3.3524E-01  4.5050E+01  6.5867E+01 -2.0817E+01 -3.7943E-01
  6.5000E+01  6.5000E+02  0.0000E+00  4.5490E+01  0.0000E+00  5.8384E+01 -4.7047E-01 -3.4995E-01  4.5490E+01  5.5530E+01 -1.0040E+01 -4.0327E-01
  6.5000E+01  6.5200E+02  0.0000E+00  8.0010E+01  0.0000E+00  5.6144E+01  6.4091E-01  6.7358E-01  8.0010E+01  4.4916E+01  3.5094E+01  6.3210E-01
  6.5000E+01  6.5600E+02  0.0000E+00  7.9040E+01  0.0000E+00  4.7762E+01  9.9464E-01  1.0377E+00  7.9040E+01  3.4975E+01  4.4065E+01  9.7167E-01
  6.6000E+01  0.0000E+00  8.0000E+05  0.0000E+00  1.0000E+00  0.0000E+00  0.0000E+00  0.0000E+00  0.0000E+00  0.0000E+00  0.0000E+00  0.0000E+00
  6.6000E+01  6.4850E+02  0.0000E+00  1.1616E+02  0.0000E+00  8.5414E+01  3.3769E-01  5.7039E-01  1.1616E+02  7.3609E+01  4.2551E+01  3.4897E-01
  6.6000E+01  6.4900E+02  0.0000E+00  8.3740E+01  0.0000E+00  7.5269E+01 -2.0777E-02  1.7834E-01  8.3740E+01  6.5867E+01  1.7873E+01  3.6800E-02
  6.6000E+01  6.5000E+02  0.0000E+00  8.9320E+01  0.0000E+00  6.2070E+01  5.6474E-01  6.9565E-01  8.9320E+01  5.5530E+01  3.3790E+01  5.5664E-01
  6.6000E+01  6.5200E+02  0.0000E+00  8.4270E+01  0.0000E+00  4.9433E+01  1.0695E+00  1.1167E+00  8.4270E+01  4.4916E+01  3.9354E+01  9.4188E-01
  6.6000E+01  6.5600E+02  0.0000E+00  1.4300E+01  0.0000E+00  3.9085E+01 -1.0335E+00 -1.0048E+00  1.4300E+01  3.4975E+01 -2.0675E+01 -8.5763E-01
  6.7000E+01  0.0000E+00  1.5000E+06  0.0000E+00  1.0000E+00  0.0000E+00  0.0000E+00  0.0000E+00  0.0000E+00  0.0000E+00  0.0000E+00  0.0000E+00
  6.7000E+01  6.4850E+02  0.0000E+00  5.2270E+01  0.0000E+00  5.6329E+01 -5.0284E-01 -1.1418E-01  5.2270E+01  1.2252E+02 -7.0248E+01 -2.8230E-01
  6.7000E+01  6.4900E+02  0.0000E+00  5.2440E+01  0.0000E+00  6.5152E+01 -4.9769E-01 -3.0917E-01  5.2440E+01  1.0963E+02 -5.7192E+01 -3.0358E-01
  6.7000E+01  6.5000E+02  0.0000E+00  3.1880E+01  0.0000E+00  7.3699E+01 -8.9947E-01 -8.9914E-01  3.1880E+01  9.2426E+01 -6.0546E+01 -6.3590E-01
  6.7000E+01  6.5200E+02  0.0000E+00  1.6970E+01  0.0000E+00  7.3869E+01 -1.0963E+00 -1.2206E+00  1.6970E+01  7.4760E+01 -5.7790E+01 -8.9923E-01
  6.7000E+01  6.5600E+02  0.0000E+00  1.1908E+02  0.0000E+00  5.9519E+01  1.7719E+00  1.5857E+00  1.1908E+02  5.8214E+01  6.0866E+01  1.2571E+00
  6.8000E+01  0.0000E+00  1.5000E+06  0.0000E+00  1.0000E+00  0.0000E+00  0.0000E+00  0.0000E+00  0.0000E+00  0.0000E+00  0.0000E+00  0.0000E+00
  6.8000E+01  6.4850E+02  0.0000E+00  1.9869E+02  0.0000E+00  1.2261E+02  7.7751E-01  9.8322E-01  1.9869E+02  1.2252E+02  7.6172E+01  6.0075E-01
  6.8000E+01  6.4900E+02  0.0000E+00  9.8040E+01  0.0000E+00  1.0266E+02 -3.1094E-01 -7.1370E-02  9.8040E+01  1.0963E+02 -1.1592E+01 -1.9046E-01
  6.8000E+01  6.5000E+02  0.0000E+00  4.2910E+01  0.0000E+00  7.7052E+01 -9.8886E-01 -7.0214E-01  4.2910E+01  9.2426E+01 -4.9516E+01 -6.9672E-01
  6.8000E+01  6.5200E+02  0.0000E+00  9.0750E+01  0.0000E+00  5.3586E+01  7.5547E-01  1.0990E+00  9.0750E+01  7.4760E+01  1.5990E+01  3.8302E-01
  6.8000E+01  6.5600E+02  0.0000E+00  3.6010E+01  0.0000E+00  3.6931E+01 -4.6509E-01 -3.9497E-02  3.6010E+01  5.8214E+01 -2.2204E+01 -2.8799E-01
  6.9000E+01  0.0000E+00  1.5000E+06  0.0000E+00  1.0000E+00  0.0000E+00  0.0000E+00  0.0000E+00  0.0000E+00  0.0000E+00  0.0000E+00  0.0000E+00
  6.9000E+01  6.4850E+02  0.0000E+00  9.0160E+01  0.0000E+00  8.4942E+01 -1.7457E-01  9.7338E-02  9.0160E+01  1.2252E+02 -3.2358E+01 -1.3793E-01
  6.9000E+01  6.4900E+02  0.0000E+00  6.9290E+01  0.0000E+00  9.2316E+01 -5.1424E-01 -3.9524E-01  6.9290E+01  1.0963E+02 -4.0342E+01 -3.6494E-01
  6.9000E+01  6.5000E+02  0.0000E+00  1.0651E+02  0.0000E+00  9.9468E+01  1.5128E-01  1.1218E-01  1.0651E+02  9.2426E+01  1.4084E+01  1.0917E-01
  6.9000E+01  6.5200E+02  0.0000E+00  4.1830E+01  0.0000E+00  9.9491E+01 -7.7158E-01 -9.1836E-01  4.1830E+01  7.4760E+01 -3.2930E+01 -8.7640E-01
  6.9000E+01  6.5600E+02  0.0000E+00  1.7757E+02  0.0000E+00  8.6411E+01  1.8543E+00  1.6717E+00  1.7757E+02  5.8214E+01  1.1936E+02  1.9302E+00
  7.0000E+01  0.0000E+00  3.0000E+05  0.0000E+00  1.0000E+00  0.0000E+00  0.0000E+00  0.0000E+00  0.0000E+00  0.0000E+00  0.0000E+00  0.0000E+00
  7.0000E+01  6.4850E+02  0.0000E+00  4.8230E+01  0.0000E+00  3.9255E+01  3.8156E-02  3.6229E-01  4.8230E+01  3.8364E+01  9.8659E+00  2.0222E-01
  7.0000E+01  6.4900E+02  0.0000E+00  4.4410E+01  0.0000E+00  2.9614E+01  3.5798E-01  7.9173E-01  4.4410E+01  3.4329E+01  1.0081E+01  3.3823E-01
  7.0000E+01  6.5000E+02  0.0000E+00  1.5100E+01  0.0000E+00  1.7724E+01 -8.7680E-01 -2.3460E-01  1.5100E+01  2.8941E+01 -1.3841E+01 -5.0968E-01
  7.0000E+01  6.5200E+02  0.0000E+00  1.2460E+01  0.0000E+00  8.1838E+00 -9.2132E-02  8.2797E-01  1.2460E+01  2.3410E+01 -1.0950E+01 -2.9427E-01
  7.0000E+01  6.5600E+02  0.0000E+00  3.7700E+00  0.0000E+00  3.9914E+00 -1.1179E+00 -8.7910E-02  3.7700E+00  1.8229E+01 -1.4459E+01 -5.1715E-01
  7.1000E+01  0.0000E+00  3.0000E+05  0.0000E+00  1.0000E+00  0.0000E+00  0.0000E+00  0.0000E+00  0.0000E+00  0.0000E+00  0.0000E+00  0.0000E+00
  7.1000E+01  6.4850E+02  0.0000E+00  4.7400E+00  0.0000E+00  4.1668E+01 -9.3184E-01 -1.4043E+00  4.7400E+00  3.8364E+01 -3.3624E+01 -6.8567E-01
  7.1000E+01  6.4900E+02  0.0000E+00  2.5070E+01  0.0000E+00  4.3705E+01 -1.4758E-01 -6.7564E-01  2.5070E+01  3.4329E+01 -9.2591E+00 -1.7184E-01
  7.1000E+01  6.5000E+02  0.0000E+00  2.1560E+01  0.0000E+00  4.5686E+01 -2.3888E-01 -8.3679E-01  2.1560E+01  2.8941E+01 -7.3814E+00 -5.1049E-01
  7.1000E+01  6.5200E+02  0.0000E+00  1.0875E+02  0.0000E+00  4.5681E+01  2.8569E+00  2.1877E+00  1.0875E+02  2.3410E+01  8.5340E+01  4.0860E+00
  7.1000E+01  6.5600E+02  0.0000E+00  7.8300E+00  0.0000E+00  4.1869E+01 -5.4031E-01 -1.2882E+00  7.8300E+00  1.8229E+01 -1.0399E+01 -1.4017E+00
  7.2000E+01  0.0000E+00  3.0000E+05  0.0000E+00  1.0000E+00  0.0000E+00  0.0000E+00  0.0000E+00  0.0000E+00  0.0000E+00  0.0000E+00  0.0000E+00
  7.2000E+01  6.4850E+02  0.0000E+00  4.0010E+01  0.0000E+00  3.0081E+01  1.0056E-01  5.2302E-01  4.0010E+01  3.8364E+01  1.6459E+00  5.1041E-02
  7.2000E+01  6.4900E+02  0.0000E+00  3.8130E+01  0.0000E+00  2.8077E+01  2.1508E-01  5.6733E-01  3.8130E+01  3.4329E+01  3.8009E+00  1.3426E-01
  7.2000E+01  6.5000E+02  0.0000E+00  1.8120E+01  0.0000E+00  2.5094E+01 -7.0411E-01 -4.4036E-01  1.8120E+01  2.8941E+01 -1.0821E+01 -5.1220E-01
  7.2000E+01  6.5200E+02  0.0000E+00  3.1290E+01  0.0000E+00  2.1220E+01  5.3967E-01  7.5200E-01  3.1290E+01  2.3410E+01  7.8804E+00  3.9950E-01
  7.2000E+01  6.5600E+02  0.0000E+00  0.0000E+00  1.0000E+00  1.6276E+01  0.0000E+00 -1.5846E+00  0.0000E+00  1.8229E+01  0.0000E+00  0.0000E+00
  7.3000E+01  0.0000E+00  8.0000E+05  0.0000E+00  1.0000E+00  0.0000E+00  0.0000E+00  0.0000E+00  0.0000E+00  0.0000E+00  0.0000E+00  0.0000E+00
  7.3000E+01  6.4850E+02  0.0000E+00  3.0150E+01  0.0000E+00  1.1534E+02 -3.7005E-01 -1.1704E+00  3.0150E+01  7.3609E+01 -4.3459E+01 -2.2980E-01
  7.3000E+01  6.4900E+02  0.0000E+00  2.0340E+01  0.0000E+00  1.1895E+02 -4.7745E-01 -1.3136E+00  2.0340E+01  6.5867E+01 -4.5527E+01 -6.5829E-01
  7.3000E+01  6.5000E+02  0.0000E+00  2.7190E+01  0.0000E+00  1.2246E+02 -3.4896E-01 -1.2327E+00  2.7190E+01  5.5530E+01 -2.8340E+01 -1.0926E+00
  7.3000E+01  6.5200E+02  0.0000E+00  2.9340E+01  0.0000E+00  1.2240E+02 -2.6778E-01 -1.2047E+00  2.9340E+01  4.4916E+01 -1.5576E+01 -1.5864E+00
  7.3000E+01  6.5600E+02  0.0000E+00  2.7043E+02  0.0000E+00  1.1535E+02  3.1329E+00  2.1303E+00  2.7043E+02  3.4975E+01  2.3545E+02  6.2068E+00
  7.4000E+01  0.0000E+00  8.0000E+05  0.0000E+00  1.0000E+00  0.0000E+00  0.0000E+00  0.0000E+00  0.0000E+00  0.0000E+00  0.0000E+00  0.0000E+00
  7.4000E+01  6.4850E+02  0.0000E+00  4.4480E+01  0.0000E+00  3.4934E+01 -2.0823E-01  4.3300E-01  4.4480E+01  7.3609E+01 -2.9129E+01 -1.9407E-01
  7.4000E+01  6.4900E+02  0.0000E+00  3.2670E+01  0.0000E+00  3.8241E+01 -6.6451E-01 -2.3083E-01  3.2670E+01  6.5867E+01 -3.3197E+01 -3.9288E-01
  7.4000E+01  6.5000E+02  0.0000E+00  3.5680E+01  0.0000E+00  4.0915E+01 -4.3657E-01 -2.0274E-01  3.5680E+01  5.5530E+01 -1.9850E+01 -3.3433E-01
  7.4000E+01  6.5200E+02  0.0000E+00  7.8190E+01  0.0000E+00  3.9089E+01  1.4551E+00  1.5851E+00  7.8190E+01  4.4916E+01  3.3274E+01  9.6989E-01
  7.4000E+01  6.5600E+02  0.0000E+00  1.9850E+01  0.0000E+00  2.9948E+01 -7.0599E-01 -5.3431E-01  1.9850E+01  3.4975E+01 -1.5125E+01 -4.9741E-01
  7.5000E+01  0.0000E+00  8.0000E+05  0.0000E+00  1.0000E+00  0.0000E+00  0.0000E+00  0.0000E+00  0.0000E+00  0.0000E+00  0.0000E+00  0.0000E+00
  7.5000E+01  6.4850E+02  0.0000E+00  3.7640E+01  0.0000E+00  2.9679E+01 -2.8892E-01  4.2505E-01  3.7640E+01  7.3609E+01 -3.5969E+01 -2.3488E-01
  7.5000E+01  6.4900E+02  0.0000E+00  2.4660E+01  0.0000E+00  3.1368E+01 -8.7234E-01 -3.3887E-01  2.4660E+01  6.5867E+01 -4.1207E+01 -4.4595E-01
  7.5000E+01  6.5000E+02  0.0000E+00  3.5940E+01  0.0000E+00  3.1799E+01 -1.6967E-01  2.0634E-01  3.5940E+01  5.5530E+01 -1.9590E+01 -1.6772E-01
  7.5000E+01  6.5200E+02  0.0000E+00  2.2230E+01  0.0000E+00  2.7726E+01 -6.7616E-01 -3.1411E-01  2.2230E+01  4.4916E+01 -2.2686E+01 -3.9393E-01
  7.5000E+01  6.5600E+02  0.0000E+00  2.6360E+01  0.0000E+00  1.7738E+01  1.7905E-01  7.7019E-01  2.6360E+01  3.4975E+01 -8.6150E+00 -8.8654E-03
  7.6000E+01  0.0000E+00  1.5000E+06  0.0000E+00  1.0000E+00  0.0000E+00  0.0000E+00  0.0000E+00  0.0000E+00  0.0000E+00  0.0000E+00  0.0000E+00
  7.6000E+01  6.4850E+02  0.0000E+00  9.5200E+01  0.0000E+00  6.4822E+01 -3.6699E-02  7.4259E-01  9.5200E+01  1.2252E+02 -2.7318E+01  2.2557E-02
  7.6000E+01  6.4900E+02  0.0000E+00  3.6960E+01  0.0000E+00  4.9793E+01 -1.2576E+00 -4.0838E-01  3.6960E+01  1.0963E+02 -7.2672E+01 -4.8757E-01
  7.6000E+01  6.5000E+02  0.0000E+00  3.4510E+01  0.0000E+00  3.0816E+01 -7.9127E-01  1.8995E-01  3.4510E+01  9.2426E+01 -5.7916E+01 -4.2969E-01
  7.6000E+01  6.5200E+02  0.0000E+00  2.3330E+01  0.0000E+00  1.4518E+01 -1.3989E-01  9.6176E-01  2.3330E+01  7.4760E+01 -5.1430E+01 -4.1034E-01
  7.6000E+01  6.5600E+02  0.0000E+00  2.9500E+00  0.0000E+00  5.8260E+00 -1.7754E+00 -7.8222E-01  2.9500E+00  5.8214E+01 -5.5264E+01 -5.3649E-01
  7.7000E+01  0.0000E+00  1.5000E+06  0.0000E+00  1.0000E+00  0.0000E+00  0.0000E+00  0.0000E+00  0.0000E+00  0.0000E+00  0.0000E+00  0.0000E+00
  7.7000E+01  6.4850E+02  0.0000E+00  5.6520E+01  0.0000E+00  8.2143E+01 -5.8352E-01 -4.9429E-01  5.6520E+01  1.2252E+02 -6.5998E+01 -4.0273E-01
  7.7000E+01  6.4900E+02  0.0000E+00  2.6100E+01  0.0000E+00  8.2745E+01 -1.0793E+00 -1.0848E+00  2.6100E+01  1.0963E+02 -8.3532E+01 -7.3304E-01
  7.7000E+01  6.5000E+02  0.0000E+00  1.9064E+02  0.0000E+00  8.1588E+01  2.2416E+00  2.1180E+00  1.9064E+02  9.2426E+01  9.8214E+01  1.6021E+00
  7.7000E+01  6.5200E+02  0.0000E+00  1.5290E+01  0.0000E+00  7.5166E+01 -1.0287E+00 -1.2623E+00  1.5290E+01  7.4760E+01 -5.9470E+01 -8.5931E-01
  7.7000E+01  6.5600E+02  0.0000E+00  3.0470E+01  0.0000E+00  6.0236E+01 -4.4980E-01 -7.8303E-01  3.0470E+01  5.8214E+01 -2.7744E+01 -3.7357E-01
  7.8000E+01  0.0000E+00  1.5000E+06  0.0000E+00  1.0000E+00  0.0000E+00  0.0000E+00  0.0000E+00  0.0000E+00  0.0000E+00  0.0000E+00  0.0000E+00
  7.8000E+01  6.4850E+02  0.0000E+00  3.3560E+01  0.0000E+00  3.8090E+01 -9.7994E-01 -1.8847E-01  3.3560E+01  1.2252E+02 -8.8958E+01 -4.7806E-01
  7.8000E+01  6.4900E+02  0.0000E+00  4.7270E+01  0.0000E+00  4.4558E+01 -4.3742E-01  9.6430E-02  4.7270E+01  1.0963E+02 -6.2362E+01 -3.6009E-01
  7.8000E+01  6.5000E+02  0.0000E+00  7.8640E+01  0.0000E+00  4.9149E+01  5.9750E-01  9.5080E-01  7.8640E+01  9.2426E+01 -1.3786E+01  1.0837E-01
  7.8000E+01  6.5200E+02  0.0000E+00  6.9680E+01  0.0000E+00  4.4025E+01  5.5336E-01  9.2337E-01  6.9680E+01  7.4760E+01 -5.0801E+00  1.5648E-01
  7.8000E+01  6.5600E+02  0.0000E+00  1.0970E+01  0.0000E+00  2.6382E+01 -1.5459E+00 -9.2570E-01  1.0970E+01  5.8214E+01 -4.7244E+01 -6.6679E-01
