TABLE NO.  1
 ID          TIME        AMT         DV          MDV         IPRED       CWRES       IWRES       DV          PRED        RES         WRES
  1.0000E+00  0.0000E+00  1.0000E+04  0.0000E+00  1.0000E+00  6.5983E+03  0.0000E+00 -1.2913E+00  0.0000E+00  6.5983E+03  0.0000E+00  0.0000E+00
  1.0000E+00  0.0000E+00  0.0000E+00  0.0000E+00  0.0000E+00  6.5983E+03 -1.2913E+00 -1.2913E+00  0.0000E+00  6.5983E+03 -6.5983E+03 -1.2913E+00
  1.0000E+00  3.3000E-02  0.0000E+00  7.3336E+03  0.0000E+00  5.8029E+03  3.4063E-01  3.4063E-01  7.3336E+03  5.8029E+03  1.5307E+03  3.4063E-01
  1.0000E+00  8.3000E-02  0.0000E+00  1.1915E+03  0.0000E+00  4.7765E+03 -9.6919E-01 -9.6919E-01  1.1915E+03  4.7765E+03 -3.5850E+03 -9.6919E-01
  1.0000E+00  2.5000E-01  0.0000E+00  8.7932E+02  0.0000E+00  2.4936E+03 -8.3594E-01 -8.3594E-01  8.7932E+02  2.4936E+03 -1.6142E+03 -8.3594E-01
  1.0000E+00  5.0000E-01  0.0000E+00  1.2562E+03  0.0000E+00  9.4274E+02  4.2938E-01  4.2938E-01  1.2562E+03  9.4274E+02  3.1348E+02  4.2938E-01
  1.0000E+00  7.0000E-01  0.0000E+00  2.3189E+02  0.0000E+00  4.3329E+02 -6.0023E-01 -6.0023E-01  2.3189E+02  4.3329E+02 -2.0140E+02 -6.0023E-01
  1.0000E+00  1.0000E+00  0.0000E+00  3.0794E+02  0.0000E+00  1.3547E+02  1.6440E+00  1.6440E+00  3.0794E+02  1.3547E+02  1.7247E+02  1.6440E+00
  1.0000E+00  2.0000E+00  0.0000E+00  8.9700E-01  0.0000E+00  3.7857E+00 -9.8534E-01 -9.8534E-01  8.9700E-01  3.7857E+00 -2.8887E+00 -9.8534E-01
  1.0000E+00  4.0000E+00  0.0000E+00  1.0160E+00  0.0000E+00  1.0386E+00 -2.8159E-02 -2.8159E-02  1.0160E+00  1.0386E+00 -2.2649E-02 -2.8159E-02
  1.0000E+00  6.0000E+00  0.0000E+00  0.0000E+00  1.0000E+00  1.0281E+00  0.0000E+00 -1.2913E+00  0.0000E+00  1.0281E+00  0.0000E+00  0.0000E+00
  1.0000E+00  8.0000E+00  0.0000E+00  6.0900E-01  0.0000E+00  1.0187E+00 -5.1933E-01 -5.1933E-01  6.0900E-01  1.0187E+00 -4.0970E-01 -5.1933E-01
  2.0000E+00  0.0000E+00  1.0000E+04  0.0000E+00  1.0000E+00  6.5983E+03  0.0000E+00 -1.2913E+00  0.0000E+00  6.5983E+03  0.0000E+00  0.0000E+00
  2.0000E+00  0.0000E+00  0.0000E+00  0.0000E+00  0.0000E+00  6.5983E+03 -1.2913E+00 -1.2913E+00  0.0000E+00  6.5983E+03 -6.5983E+03 -1.2913E+00
  2.0000E+00  3.3000E-02  0.0000E+00  4.6639E+03  0.0000E+00  5.8029E+03 -2.5345E-01 -2.5345E-01  4.6639E+03  5.8029E+03 -1.1389E+03 -2.5345E-01
  2.0000E+00  8.3000E-02  0.0000E+00  1.1788E+03  0.0000E+00  4.7765E+03 -9.7262E-01 -9.7262E-01  1.1788E+03  4.7765E+03 -3.5977E+03 -9.7262E-01
  2.0000E+00  2.5000E-01  0.0000E+00  5.2594E+02  0.0000E+00  2.4936E+03 -1.0189E+00 -1.0189E+00  5.2594E+02  2.4936E+03 -1.9676E+03 -1.0189E+00
  2.0000E+00  5.0000E-01  0.0000E+00  3.5647E+02  0.0000E+00  9.4274E+02 -8.0303E-01 -8.0303E-01  3.5647E+02  9.4274E+02 -5.8627E+02 -8.0303E-01
  2.0000E+00  7.5000E-01  0.0000E+00  2.1360E+01  0.0000E+00  3.5683E+02 -1.2140E+00 -1.2140E+00  2.1360E+01  3.5683E+02 -3.3547E+02 -1.2140E+00
  2.0000E+00  1.0000E+00  0.0000E+00  5.5186E+02  0.0000E+00  1.3547E+02  3.9692E+00  3.9692E+00  5.5186E+02  1.3547E+02  4.1640E+02  3.9692E+00
  2.0000E+00  2.0000E+00  0.0000E+00  4.7980E+00  0.0000E+00  3.7857E+00  3.4529E-01  3.4529E-01  4.7980E+00  3.7857E+00  1.0123E+00  3.4529E-01
  2.0000E+00  4.0000E+00  0.0000E+00  3.3000E-02  0.0000E+00  1.0386E+00 -1.2503E+00 -1.2503E+00  3.3000E-02  1.0386E+00 -1.0056E+00 -1.2503E+00
  2.0000E+00  6.0000E+00  0.0000E+00  5.9700E-01  0.0000E+00  1.0281E+00 -5.4144E-01 -5.4144E-01  5.9700E-01  1.0281E+00 -4.3106E-01 -5.4144E-01
  2.0000E+00  8.0000E+00  0.0000E+00  8.4600E-01  0.0000E+00  1.0187E+00 -2.1891E-01 -2.1891E-01  8.4600E-01  1.0187E+00 -1.7270E-01 -2.1891E-01
  3.0000E+00  0.0000E+00  1.0000E+04  0.0000E+00  1.0000E+00  6.5983E+03  0.0000E+00 -1.2913E+00  0.0000E+00  6.5983E+03  0.0000E+00  0.0000E+00
  3.0000E+00  0.0000E+00  0.0000E+00  0.0000E+00  0.0000E+00  6.5983E+03 -1.2913E+00 -1.2913E+00  0.0000E+00  6.5983E+03 -6.5983E+03 -1.2913E+00
  3.0000E+00  3.3000E-02  0.0000E+00  3.7945E+03  0.0000E+00  5.8029E+03 -4.4692E-01 -4.4692E-01  3.7945E+03  5.8029E+03 -2.0084E+03 -4.4692E-01
  3.0000E+00  8.3000E-02  0.0000E+00  1.2588E+03  0.0000E+00  4.7765E+03 -9.5100E-01 -9.5100E-01  1.2588E+03  4.7765E+03 -3.5177E+03 -9.5100E-01
  3.0000E+00  2.5000E-01  0.0000E+00  5.4645E+02  0.0000E+00  2.4936E+03 -1.0083E+00 -1.0083E+00  5.4645E+02  2.4936E+03 -1.9471E+03 -1.0083E+00
  3.0000E+00  5.0000E-01  0.0000E+00  4.9878E+01  0.0000E+00  9.4274E+02 -1.2230E+00 -1.2230E+00  4.9878E+01  9.4274E+02 -8.9286E+02 -1.2230E+00
  3.0000E+00  7.5000E-01  0.0000E+00  1.6505E+01  0.0000E+00  3.5683E+02 -1.2316E+00 -1.2316E+00  1.6505E+01  3.5683E+02 -3.4033E+02 -1.2316E+00
  3.0000E+00  1.0000E+00  0.0000E+00  6.6930E+00  0.0000E+00  1.3547E+02 -1.2275E+00 -1.2275E+00  6.6930E+00  1.3547E+02 -1.2877E+02 -1.2275E+00
  3.0000E+00  2.0000E+00  0.0000E+00  3.6010E+00  0.0000E+00  3.7857E+00 -6.3006E-02 -6.3006E-02  3.6010E+00  3.7857E+00 -1.8471E-01 -6.3006E-02
  3.0000E+00  4.0000E+00  0.0000E+00  1.1970E+00  0.0000E+00  1.0386E+00  1.9687E-01  1.9687E-01  1.1970E+00  1.0386E+00  1.5835E-01  1.9687E-01
  3.0000E+00  6.0000E+00  0.0000E+00  3.0470E+00  0.0000E+00  1.0281E+00  2.5359E+00  2.5359E+00  3.0470E+00  1.0281E+00  2.0189E+00  2.5359E+00
  3.0000E+00  8.0000E+00  0.0000E+00  3.8000E-01  0.0000E+00  1.0187E+00 -8.0961E-01 -8.0961E-01  3.8000E-01  1.0187E+00 -6.3870E-01 -8.0961E-01
  4.0000E+00  0.0000E+00  1.0000E+04  0.0000E+00  1.0000E+00  0.0000E+00  0.0000E+00  0.0000E+00  0.0000E+00  0.0000E+00  0.0000E+00  0.0000E+00
  4.0000E+00  0.0000E+00  0.0000E+00  0.0000E+00  0.0000E+00  0.0000E+00  0.0000E+00  0.0000E+00  0.0000E+00  0.0000E+00  0.0000E+00  0.0000E+00
  4.0000E+00  3.3000E-02  0.0000E+00  2.1445E+01  0.0000E+00  7.0772E+00  3.3228E+00  2.6215E+00  2.1445E+01  1.4887E-01  2.1296E+01  9.7599E+01
  4.0000E+00  8.3000E-02  0.0000E+00  2.5683E+01  0.0000E+00  1.6152E+01  1.7504E+00  7.6191E-01  2.5683E+01  3.3978E-01  2.5343E+01  4.1923E+01
  4.0000E+00  2.5000E-01  0.0000E+00  4.4576E+01  0.0000E+00  3.5923E+01  1.7355E+00  3.1104E-01  4.4576E+01  7.5566E-01  4.3820E+01  3.1904E+01
  4.0000E+00  5.0000E-01  0.0000E+00  2.1491E+01  0.0000E+00  4.8355E+01  9.2145E-01 -7.1739E-01  2.1491E+01  1.0172E+00  2.0474E+01  6.7344E-01
  4.0000E+00  7.5000E-01  0.0000E+00  7.6971E+01  0.0000E+00  5.1947E+01  2.3172E+00  6.2205E-01  7.6971E+01  1.0927E+00  7.5878E+01  4.4083E+01
  4.0000E+00  1.0000E+00  0.0000E+00  7.4570E+00  0.0000E+00  5.2235E+01  5.9265E-01 -1.1070E+00  7.4570E+00  1.0988E+00  6.3582E+00 -1.1359E+01
  4.0000E+00  2.0000E+00  0.0000E+00  3.1960E+00  0.0000E+00  4.6978E+01  4.1320E-01 -1.2035E+00  3.1960E+00  9.8822E-01  2.2078E+00 -1.5096E+01
  4.0000E+00  3.0000E+00  0.0000E+00  1.6550E+01  0.0000E+00  4.1319E+01  7.4749E-01 -7.7408E-01  1.6550E+01  8.6917E-01  1.5681E+01 -2.0871E+00
  4.0000E+00  4.0000E+00  0.0000E+00  3.8490E+00  0.0000E+00  3.6327E+01  2.7750E-01 -1.1545E+00  3.8490E+00  7.6415E-01  3.0848E+00 -1.5052E+01
  4.0000E+00  6.0000E+00  0.0000E+00  0.0000E+00  1.0000E+00  2.8089E+01  0.0000E+00 -1.2913E+00  0.0000E+00  5.9087E-01  0.0000E+00  0.0000E+00
  4.0000E+00  8.0000E+00  0.0000E+00  0.0000E+00  1.0000E+00  2.1733E+01  0.0000E+00 -1.2913E+00  0.0000E+00  4.5716E-01  0.0000E+00  0.0000E+00
  5.0000E+00  0.0000E+00  1.0000E+04  0.0000E+00  1.0000E+00  0.0000E+00  0.0000E+00  0.0000E+00  0.0000E+00  0.0000E+00  0.0000E+00  0.0000E+00
  5.0000E+00  0.0000E+00  0.0000E+00  0.0000E+00  0.0000E+00  0.0000E+00  0.0000E+00  0.0000E+00  0.0000E+00  0.0000E+00  0.0000E+00  0.0000E+00
  5.0000E+00  3.3000E-02  0.0000E+00  1.6601E+01  0.0000E+00  5.0639E+00  3.6211E+00  2.9420E+00  1.6601E+01  1.4887E-01  1.6452E+01  7.8143E+01
  5.0000E+00  8.3000E-02  0.0000E+00  9.5230E+00  0.0000E+00  1.1557E+01  6.7213E-01 -2.2730E-01  9.5230E+00  3.3978E-01  9.1832E+00  7.3376E+00
  5.0000E+00  2.5000E-01  0.0000E+00  3.0571E+01  0.0000E+00  2.5704E+01  1.4971E+00  2.4453E-01  3.0571E+01  7.5566E-01  2.9815E+01  2.0508E+01
  5.0000E+00  5.0000E-01  0.0000E+00  4.7158E+01  0.0000E+00  3.4599E+01  1.9029E+00  4.6875E-01  4.7158E+01  1.0172E+00  4.6141E+01  2.6693E+01
  5.0000E+00  7.5000E-01  0.0000E+00  1.9559E+01  0.0000E+00  3.7169E+01  8.7076E-01 -6.1180E-01  1.9559E+01  1.0927E+00  1.8466E+01  2.1517E+00
  5.0000E+00  1.0000E+00  0.0000E+00  5.9384E+01  0.0000E+00  3.7375E+01  2.2468E+00  7.6039E-01  5.9384E+01  1.0988E+00  5.8285E+01  3.3674E+01
  5.0000E+00  2.0000E+00  0.0000E+00  1.1460E+00  0.0000E+00  3.3614E+01  1.6787E-01 -1.2473E+00  1.1460E+00  9.8822E-01  1.5778E-01 -1.2808E+01
  5.0000E+00  3.0000E+00  0.0000E+00  2.5590E+00  0.0000E+00  2.9564E+01  1.5474E-01 -1.1795E+00  2.5590E+00  8.6917E-01  1.6898E+00 -1.1709E+01
  5.0000E+00  4.0000E+00  0.0000E+00  7.7780E+00  0.0000E+00  2.5992E+01  3.5400E-01 -9.0489E-01  7.7780E+00  7.6415E-01  7.0138E+00 -5.8421E+00
  5.0000E+00  6.0000E+00  0.0000E+00  1.6200E-01  0.0000E+00  2.0098E+01 -1.5626E-01 -1.2809E+00  1.6200E-01  5.9087E-01 -4.2887E-01 -1.5294E+01
  5.0000E+00  8.0000E+00  0.0000E+00  5.5100E-01  0.0000E+00  1.5550E+01 -2.3511E-01 -1.2455E+00  5.5100E-01  4.5716E-01  9.3836E-02 -1.5235E+01
  6.0000E+00  0.0000E+00  1.0000E+04  0.0000E+00  1.0000E+00  0.0000E+00  0.0000E+00  0.0000E+00  0.0000E+00  0.0000E+00  0.0000E+00  0.0000E+00
  6.0000E+00  0.0000E+00  0.0000E+00  0.0000E+00  0.0000E+00  0.0000E+00  0.0000E+00  0.0000E+00  0.0000E+00  0.0000E+00  0.0000E+00  0.0000E+00
  6.0000E+00  3.3000E-02  0.0000E+00  2.2373E+01  0.0000E+00  7.7551E+00  3.3479E+00  2.4340E+00  2.2373E+01  1.4887E-01  2.2224E+01  1.0798E+02
  6.0000E+00  8.3000E-02  0.0000E+00  4.6713E+01  0.0000E+00  1.7700E+01  3.3050E+00  2.1167E+00  4.6713E+01  3.3978E-01  4.6373E+01  1.0061E+02
  6.0000E+00  2.5000E-01  0.0000E+00  5.0110E+00  0.0000E+00  3.9364E+01  4.7811E-01 -1.1269E+00  5.0110E+00  7.5566E-01  4.2553E+00 -9.5055E+00
  6.0000E+00  5.0000E-01  0.0000E+00  4.6163E+01  0.0000E+00  5.2986E+01  1.6439E+00 -1.6628E-01  4.6163E+01  1.0172E+00  4.5146E+01  2.5734E+01
  6.0000E+00  7.5000E-01  0.0000E+00  1.5363E+01  0.0000E+00  5.6922E+01  9.2142E-01 -9.4279E-01  1.5363E+01  1.0927E+00  1.4270E+01 -1.2144E+00
  6.0000E+00  1.0000E+00  0.0000E+00  2.2338E+01  0.0000E+00  5.7238E+01  1.0811E+00 -7.8736E-01  2.2338E+01  1.0988E+00  2.1239E+01  4.2776E+00
  6.0000E+00  2.0000E+00  0.0000E+00  2.4323E+01  0.0000E+00  5.1478E+01  1.1078E+00 -6.8117E-01  2.4323E+01  9.8822E-01  2.3335E+01  7.4889E+00
  6.0000E+00  3.0000E+00  0.0000E+00  1.8400E+00  0.0000E+00  4.5276E+01  4.5910E-01 -1.2388E+00  1.8400E+00  8.6917E-01  9.7083E-01 -1.2750E+01
  6.0000E+00  4.0000E+00  0.0000E+00  2.7960E+00  0.0000E+00  3.9806E+01  4.1161E-01 -1.2006E+00  2.7960E+00  7.6415E-01  2.0318E+00 -1.2041E+01
  6.0000E+00  6.0000E+00  0.0000E+00  2.7000E+00  0.0000E+00  3.0779E+01  2.7912E-01 -1.1780E+00  2.7000E+00  5.9087E-01  2.1091E+00 -1.2516E+01
  6.0000E+00  8.0000E+00  0.0000E+00  2.4450E+00  0.0000E+00  2.3814E+01  1.6358E-01 -1.1587E+00  2.4450E+00  4.5716E-01  1.9878E+00 -1.3100E+01
  7.0000E+00  0.0000E+00  1.2500E+05  0.0000E+00  1.0000E+00  0.0000E+00  0.0000E+00  0.0000E+00  0.0000E+00  0.0000E+00  0.0000E+00  0.0000E+00
  7.0000E+00  0.0000E+00  0.0000E+00  0.0000E+00  0.0000E+00  0.0000E+00  0.0000E+00  0.0000E+00  0.0000E+00  0.0000E+00  0.0000E+00  0.0000E+00
  7.0000E+00  5.0000E-01  0.0000E+00  5.3520E+00  0.0000E+00  1.0682E+01 -8.2623E-01 -6.4434E-01  5.3520E+00  1.2715E+01 -7.3626E+00 -4.7991E-01
  7.0000E+00  1.0000E+00  0.0000E+00  1.6180E+01  0.0000E+00  1.1540E+01  3.3784E-01  5.1927E-01  1.6180E+01  1.3735E+01  2.4450E+00  1.7983E-01
  7.0000E+00  2.0000E+00  0.0000E+00  4.4430E+00  0.0000E+00  1.0378E+01 -9.2058E-01 -7.3849E-01  4.4430E+00  1.2353E+01 -7.9097E+00 -5.3328E-01
  7.0000E+00  4.0000E+00  0.0000E+00  1.9128E+01  0.0000E+00  8.0251E+00  1.6022E+00  1.7865E+00  1.9128E+01  9.5519E+00  9.5761E+00  8.9842E-01
  7.0000E+00  8.0000E+00  0.0000E+00  5.6870E+00  0.0000E+00  4.8012E+00  4.8006E-02  2.3826E-01  5.6870E+00  5.7145E+00 -2.7550E-02  1.9290E-02
  7.0000E+00  2.4000E+01  0.0000E+00  6.0000E-01  0.0000E+00  6.5274E-01 -3.0130E-01 -1.0433E-01  6.0000E-01  7.7692E-01 -1.7692E-01 -1.7488E-01
  8.0000E+00  0.0000E+00  1.2500E+05  0.0000E+00  1.0000E+00  0.0000E+00  0.0000E+00  0.0000E+00  0.0000E+00  0.0000E+00  0.0000E+00  0.0000E+00
  8.0000E+00  0.0000E+00  0.0000E+00  0.0000E+00  0.0000E+00  0.0000E+00  0.0000E+00  0.0000E+00  0.0000E+00  0.0000E+00  0.0000E+00  0.0000E+00
  8.0000E+00  5.0000E-01  0.0000E+00  3.1708E+01  0.0000E+00  1.4136E+01  1.3681E+00  1.6052E+00  3.1708E+01  1.2715E+01  1.8993E+01  1.0810E+00
  8.0000E+00  1.0000E+00  0.0000E+00  2.9239E+01  0.0000E+00  1.5270E+01  9.4864E-01  1.1813E+00  2.9239E+01  1.3735E+01  1.5504E+01  7.6679E-01
  8.0000E+00  2.0000E+00  0.0000E+00  9.1450E+00  0.0000E+00  1.3733E+01 -6.7008E-01 -4.3143E-01  9.1450E+00  1.2353E+01 -3.2077E+00 -4.4864E-01
  8.0000E+00  4.0000E+00  0.0000E+00  7.1960E+00  0.0000E+00  1.0620E+01 -6.6598E-01 -4.1629E-01  7.1960E+00  9.5519E+00 -2.3559E+00 -4.4803E-01
  8.0000E+00  8.0000E+00  0.0000E+00  3.9410E+00  0.0000E+00  6.3533E+00 -7.4838E-01 -4.9030E-01  3.9410E+00  5.7145E+00 -1.7735E+00 -5.1603E-01
  8.0000E+00  2.4000E+01  0.0000E+00  6.0000E-01  0.0000E+00  8.6376E-01 -6.0260E-01 -3.9432E-01  6.0000E-01  7.7692E-01 -1.7692E-01 -4.2611E-01
  9.0000E+00  0.0000E+00  1.2500E+05  0.0000E+00  1.0000E+00  0.0000E+00  0.0000E+00  0.0000E+00  0.0000E+00  0.0000E+00  0.0000E+00  0.0000E+00
  9.0000E+00  0.0000E+00  0.0000E+00  0.0000E+00  0.0000E+00  0.0000E+00  0.0000E+00  0.0000E+00  0.0000E+00  0.0000E+00  0.0000E+00  0.0000E+00
  9.0000E+00  5.0000E-01  0.0000E+00  2.5875E+01  0.0000E+00  1.5024E+01  7.1295E-01  9.3269E-01  2.5875E+01  1.2715E+01  1.3160E+01  6.2742E-01
  9.0000E+00  1.0000E+00  0.0000E+00  1.2360E+01  0.0000E+00  1.6229E+01 -5.1907E-01 -3.0787E-01  1.2360E+01  1.3735E+01 -1.3750E+00 -3.5502E-01
  9.0000E+00  2.0000E+00  0.0000E+00  2.5667E+01  0.0000E+00  1.4596E+01  7.5659E-01  9.7944E-01  2.5667E+01  1.2353E+01  1.3314E+01  6.6217E-01
  9.0000E+00  4.0000E+00  0.0000E+00  1.4443E+01  0.0000E+00  1.1287E+01  1.1269E-01  3.6112E-01  1.4443E+01  9.5519E+00  4.8911E+00  1.4774E-01
  9.0000E+00  8.0000E+00  0.0000E+00  6.7260E+00  0.0000E+00  6.7524E+00 -2.9370E-01 -5.0416E-03  6.7260E+00  5.7145E+00  1.0115E+00 -1.7965E-01
  9.0000E+00  2.4000E+01  0.0000E+00  1.4570E+00  0.0000E+00  9.1801E-01  3.9416E-01  7.5815E-01  1.4570E+00  7.7692E-01  6.8008E-01  3.5753E-01
  1.0000E+01  0.0000E+00  2.5000E+05  0.0000E+00  1.0000E+00  0.0000E+00  0.0000E+00  0.0000E+00  0.0000E+00  0.0000E+00  0.0000E+00  0.0000E+00
  1.0000E+01  0.0000E+00  0.0000E+00  0.0000E+00  0.0000E+00  0.0000E+00  0.0000E+00  0.0000E+00  0.0000E+00  0.0000E+00  0.0000E+00  0.0000E+00
  1.0000E+01  5.0000E-01  0.0000E+00  3.2559E+01  0.0000E+00  5.0879E+01 -2.8342E-02 -4.6495E-01  3.2559E+01  2.5429E+01  7.1298E+00 -8.6447E-02
  1.0000E+01  1.0000E+00  0.0000E+00  2.7382E+01  0.0000E+00  5.4962E+01 -1.9786E-01 -6.4798E-01  2.7382E+01  2.7470E+01 -8.7959E-02 -3.2075E-01
  1.0000E+01  2.0000E+00  0.0000E+00  2.0366E+01  0.0000E+00  4.9431E+01 -3.2770E-01 -7.5927E-01  2.0366E+01  2.4705E+01 -4.3394E+00 -4.8873E-01
  1.0000E+01  4.0000E+00  0.0000E+00  3.1808E+01  0.0000E+00  3.8223E+01  1.7055E-01 -2.1672E-01  3.1808E+01  1.9104E+01  1.2704E+01  2.0034E-01
  1.0000E+01  8.0000E+00  0.0000E+00  6.3644E+01  0.0000E+00  2.2867E+01  2.6067E+00  2.3026E+00  6.3644E+01  1.1429E+01  5.2215E+01  3.5160E+00
  1.0000E+01  2.4000E+01  0.0000E+00  2.5160E+00  0.0000E+00  3.1089E+00 -1.3268E-01 -2.4627E-01  2.5160E+00  1.5538E+00  9.6216E-01 -1.4197E-01
  1.1000E+01  0.0000E+00  2.5000E+05  0.0000E+00  1.0000E+00  0.0000E+00  0.0000E+00  0.0000E+00  0.0000E+00  0.0000E+00  0.0000E+00  0.0000E+00
  1.1000E+01  0.0000E+00  0.0000E+00  0.0000E+00  0.0000E+00  0.0000E+00  0.0000E+00  0.0000E+00  0.0000E+00  0.0000E+00  0.0000E+00  0.0000E+00
  1.1000E+01  5.0000E-01  0.0000E+00  2.2787E+01  0.0000E+00  1.7920E+01  1.2257E-02  3.5069E-01  2.2787E+01  2.5429E+01 -2.6422E+00 -2.1651E-02
  1.1000E+01  1.0000E+00  0.0000E+00  4.7157E+01  0.0000E+00  1.9358E+01  1.5117E+00  1.8543E+00  4.7157E+01  2.7470E+01  1.9687E+01  6.9108E-01
  1.1000E+01  2.0000E+00  0.0000E+00  4.3560E+00  0.0000E+00  1.7410E+01 -1.3051E+00 -9.6822E-01  4.3560E+00  2.4705E+01 -2.0349E+01 -6.4805E-01
  1.1000E+01  4.0000E+00  0.0000E+00  1.1033E+01  0.0000E+00  1.3463E+01 -5.5602E-01 -2.3305E-01  1.1033E+01  1.9104E+01 -8.0708E+00 -2.9030E-01
  1.1000E+01  8.0000E+00  0.0000E+00  9.2000E+00  0.0000E+00  8.0542E+00 -1.1165E-01  1.8370E-01  9.2000E+00  1.1429E+01 -2.2291E+00 -7.6448E-02
  1.1000E+01  2.4000E+01  0.0000E+00  6.0000E-01  0.0000E+00  1.0950E+00 -7.8338E-01 -5.8375E-01  6.0000E-01  1.5538E+00 -9.5384E-01 -3.9206E-01
  1.2000E+01  0.0000E+00  2.5000E+05  0.0000E+00  1.0000E+00  0.0000E+00  0.0000E+00  0.0000E+00  0.0000E+00  0.0000E+00  0.0000E+00  0.0000E+00
  1.2000E+01  0.0000E+00  0.0000E+00  0.0000E+00  0.0000E+00  0.0000E+00  0.0000E+00  0.0000E+00  0.0000E+00  0.0000E+00  0.0000E+00  0.0000E+00
  1.2000E+01  5.0000E-01  0.0000E+00  2.9301E+01  0.0000E+00  1.3788E+01  9.9331E-01  1.4528E+00  2.9301E+01  2.5429E+01  3.8718E+00  2.9140E-01
  1.2000E+01  1.0000E+00  0.0000E+00  1.4208E+01  0.0000E+00  1.4895E+01 -5.2577E-01 -5.9557E-02  1.4208E+01  2.7470E+01 -1.3262E+01 -2.6616E-01
  1.2000E+01  2.0000E+00  0.0000E+00  1.1723E+01  0.0000E+00  1.3396E+01 -6.1827E-01 -1.6127E-01  1.1723E+01  2.4705E+01 -1.2982E+01 -2.9778E-01
  1.2000E+01  4.0000E+00  0.0000E+00  8.5160E+00  0.0000E+00  1.0359E+01 -6.6642E-01 -2.2970E-01  8.5160E+00  1.9104E+01 -1.0588E+01 -3.1013E-01
  1.2000E+01  8.0000E+00  0.0000E+00  8.2990E+00  0.0000E+00  6.1972E+00  3.2861E-02  4.3796E-01  8.2990E+00  1.1429E+01 -3.1301E+00 -4.4738E-02
  1.2000E+01  2.4000E+01  0.0000E+00  1.2620E+00  0.0000E+00  8.4253E-01  2.7415E-01  6.4289E-01  1.2620E+00  1.5538E+00 -2.9184E-01  6.3811E-02
  1.3000E+01  0.0000E+00  5.0000E+05  0.0000E+00  1.0000E+00  0.0000E+00  0.0000E+00  0.0000E+00  0.0000E+00  0.0000E+00  0.0000E+00  0.0000E+00
  1.3000E+01  0.0000E+00  0.0000E+00  0.0000E+00  0.0000E+00  0.0000E+00  0.0000E+00  0.0000E+00  0.0000E+00  0.0000E+00  0.0000E+00  0.0000E+00
  1.3000E+01  5.0000E-01  0.0000E+00  5.5055E+01  0.0000E+00  1.0395E+02  2.8553E-01 -6.0740E-01  5.5055E+01  5.0858E+01  4.1967E+00  2.3356E-01
  1.3000E+01  1.0000E+00  0.0000E+00  1.9613E+01  0.0000E+00  1.1229E+02 -1.7078E-01 -1.0658E+00  1.9613E+01  5.4940E+01 -3.5327E+01 -4.0131E-01
  1.3000E+01  2.0000E+00  0.0000E+00  2.3639E+01  0.0000E+00  1.0099E+02 -9.6929E-02 -9.8905E-01  2.3639E+01  4.9411E+01 -2.5772E+01 -2.9206E-01
  1.3000E+01  4.0000E+00  0.0000E+00  1.3103E+01  0.0000E+00  7.8094E+01 -1.9067E-01 -1.0746E+00  1.3103E+01  3.8208E+01 -2.5105E+01 -4.0441E-01
  1.3000E+01  8.0000E+00  0.0000E+00  1.3568E+01  0.0000E+00  4.6721E+01 -5.4976E-02 -9.1630E-01  1.3568E+01  2.2858E+01 -9.2902E+00 -1.8763E-01
  1.3000E+01  2.4000E+01  0.0000E+00  1.7556E+01  0.0000E+00  6.3519E+00  2.9486E+00  2.2777E+00  1.7556E+01  3.1077E+00  1.4448E+01  4.0284E+00
  1.4000E+01  0.0000E+00  5.0000E+05  0.0000E+00  1.0000E+00  0.0000E+00  0.0000E+00  0.0000E+00  0.0000E+00  0.0000E+00  0.0000E+00  0.0000E+00
  1.4000E+01  0.0000E+00  0.0000E+00  0.0000E+00  0.0000E+00  0.0000E+00  0.0000E+00  0.0000E+00  0.0000E+00  0.0000E+00  0.0000E+00  0.0000E+00
  1.4000E+01  5.0000E-01  0.0000E+00  4.9290E+01  0.0000E+00  2.6360E+01  5.4908E-01  1.1233E+00  4.9290E+01  5.0858E+01 -1.5683E+00  1.1840E-01
  1.4000E+01  1.0000E+00  0.0000E+00  3.0508E+01  0.0000E+00  2.8476E+01 -4.8732E-01  9.2159E-02  3.0508E+01  5.4940E+01 -2.4432E+01 -2.4598E-01
  1.4000E+01  2.0000E+00  0.0000E+00  2.6968E+01  0.0000E+00  2.5610E+01 -5.0377E-01  6.8475E-02  2.6968E+01  4.9411E+01 -2.2443E+01 -2.4923E-01
  1.4000E+01  4.0000E+00  0.0000E+00  2.2871E+01  0.0000E+00  1.9803E+01 -3.5612E-01  2.0004E-01  2.2871E+01  3.8208E+01 -1.5337E+01 -1.9173E-01
  1.4000E+01  8.0000E+00  0.0000E+00  2.1883E+01  0.0000E+00  1.1848E+01  5.6455E-01  1.0938E+00  2.1883E+01  2.2858E+01 -9.7520E-01  1.4060E-01
  1.4000E+01  2.4000E+01  0.0000E+00  6.0000E-01  0.0000E+00  1.6107E+00 -1.2454E+00 -8.1029E-01  6.0000E-01  3.1077E+00 -2.5077E+00 -4.7345E-01
  1.5000E+01  0.0000E+00  5.0000E+05  0.0000E+00  1.0000E+00  0.0000E+00  0.0000E+00  0.0000E+00  0.0000E+00  0.0000E+00  0.0000E+00  0.0000E+00
  1.5000E+01  0.0000E+00  0.0000E+00  0.0000E+00  0.0000E+00  0.0000E+00  0.0000E+00  0.0000E+00  0.0000E+00  0.0000E+00  0.0000E+00  0.0000E+00
  1.5000E+01  5.0000E-01  0.0000E+00  6.3812E+01  0.0000E+00  1.2235E+02  3.1973E-01 -6.1782E-01  6.3812E+01  5.0858E+01  1.2954E+01  2.9332E-01
  1.5000E+01  1.0000E+00  0.0000E+00  7.1770E+00  0.0000E+00  1.3217E+02 -2.7746E-01 -1.2212E+00  7.1770E+00  5.4940E+01 -4.7763E+01 -6.8535E-01
  1.5000E+01  2.0000E+00  0.0000E+00  3.4378E+01  0.0000E+00  1.1887E+02  1.7373E-02 -9.1784E-01  3.4378E+01  4.9411E+01 -1.5033E+01 -1.9429E-01
  1.5000E+01  4.0000E+00  0.0000E+00  1.8738E+01  0.0000E+00  9.1916E+01 -1.1407E-01 -1.0281E+00  1.8738E+01  3.8208E+01 -1.9470E+01 -3.7972E-01
  1.5000E+01  8.0000E+00  0.0000E+00  3.5351E+01  0.0000E+00  5.4990E+01  4.0712E-01 -4.6117E-01  3.5351E+01  2.2858E+01  1.2493E+01  5.1386E-01
  1.5000E+01  2.4000E+01  0.0000E+00  2.0765E+01  0.0000E+00  7.4761E+00  2.9264E+00  2.2953E+00  2.0765E+01  3.1077E+00  1.7657E+01  4.7089E+00
  1.6000E+01  0.0000E+00  1.2500E+05  0.0000E+00  1.0000E+00  0.0000E+00  0.0000E+00  0.0000E+00  0.0000E+00  0.0000E+00  0.0000E+00  0.0000E+00
  1.6000E+01  0.0000E+00  0.0000E+00  0.0000E+00  0.0000E+00  0.0000E+00  0.0000E+00  0.0000E+00  0.0000E+00  0.0000E+00  0.0000E+00  0.0000E+00
  1.6000E+01  5.0000E-01  0.0000E+00  8.1620E+00  0.0000E+00  7.2654E+00 -3.4528E-01  1.5935E-01  8.1620E+00  1.2715E+01 -4.5526E+00 -1.9101E-01
  1.6000E+01  1.0000E+00  0.0000E+00  1.6289E+01  0.0000E+00  7.8485E+00  8.7875E-01  1.3887E+00  1.6289E+01  1.3735E+01  2.5540E+00  2.7974E-01
  1.6000E+01  2.0000E+00  0.0000E+00  4.8860E+00  0.0000E+00  7.0586E+00 -9.0013E-01 -3.9746E-01  4.8860E+00  1.2353E+01 -7.4667E+00 -4.0450E-01
  1.6000E+01  4.0000E+00  0.0000E+00  8.0510E+00  0.0000E+00  5.4582E+00  1.2748E-01  6.1341E-01  8.0510E+00  9.5519E+00 -1.5009E+00 -3.9370E-03
  1.6000E+01  8.0000E+00  0.0000E+00  3.2130E+00  0.0000E+00  3.2654E+00 -4.7776E-01 -2.0735E-02  3.2130E+00  5.7145E+00 -2.5015E+00 -2.2989E-01
  1.6000E+01  2.4000E+01  0.0000E+00  6.0000E-01  0.0000E+00  4.4395E-01  5.1634E-02  4.5390E-01  6.0000E-01  7.7692E-01 -1.7692E-01 -1.0462E-02
  1.7000E+01  0.0000E+00  1.2500E+05  0.0000E+00  1.0000E+00  0.0000E+00  0.0000E+00  0.0000E+00  0.0000E+00  0.0000E+00  0.0000E+00  0.0000E+00
  1.7000E+01  0.0000E+00  0.0000E+00  0.0000E+00  0.0000E+00  0.0000E+00  0.0000E+00  0.0000E+00  0.0000E+00  0.0000E+00  0.0000E+00  0.0000E+00
  1.7000E+01  5.0000E-01  0.0000E+00  2.4603E+01  0.0000E+00  9.8067E+00  1.7600E+00  1.9483E+00  2.4603E+01  1.2715E+01  1.1888E+01  8.9123E-01
  1.7000E+01  1.0000E+00  0.0000E+00  7.2080E+00  0.0000E+00  1.0594E+01 -6.0443E-01 -4.1270E-01  7.2080E+00  1.3735E+01 -6.5270E+00 -3.3997E-01
  1.7000E+01  2.0000E+00  0.0000E+00  5.4500E+00  0.0000E+00  9.5276E+00 -7.3971E-01 -5.5265E-01  5.4500E+00  1.2353E+01 -6.9027E+00 -4.0990E-01
  1.7000E+01  4.0000E+00  0.0000E+00  2.7120E+00  0.0000E+00  7.3673E+00 -9.9243E-01 -8.1596E-01  2.7120E+00  9.5519E+00 -6.8399E+00 -5.4024E-01
  1.7000E+01  8.0000E+00  0.0000E+00  5.6920E+00  0.0000E+00  4.4076E+00  2.1758E-01  3.7629E-01  5.6920E+00  5.7145E+00 -2.2550E-02  9.2047E-02
  1.7000E+01  2.4000E+01  0.0000E+00  6.0000E-01  0.0000E+00  5.9923E-01 -1.2202E-01  1.6496E-03  6.0000E-01  7.7692E-01 -1.7692E-01 -7.9111E-02
  1.8000E+01  0.0000E+00  1.2500E+05  0.0000E+00  1.0000E+00  0.0000E+00  0.0000E+00  0.0000E+00  0.0000E+00  0.0000E+00  0.0000E+00  0.0000E+00
  1.8000E+01  0.0000E+00  0.0000E+00  0.0000E+00  0.0000E+00  0.0000E+00  0.0000E+00  0.0000E+00  0.0000E+00  0.0000E+00  0.0000E+00  0.0000E+00
  1.8000E+01  5.0000E-01  0.0000E+00  1.0414E+01  0.0000E+00  6.1921E+00  4.9207E-01  8.8042E-01  1.0414E+01  1.2715E+01 -2.3006E+00  6.3667E-02
  1.8000E+01  1.0000E+00  0.0000E+00  3.2390E+00  0.0000E+00  6.6891E+00 -1.0639E+00 -6.6603E-01  3.2390E+00  1.3735E+01 -1.0496E+01 -4.4998E-01
  1.8000E+01  2.0000E+00  0.0000E+00  7.2080E+00  0.0000E+00  6.0159E+00 -1.2904E-01  2.5588E-01  7.2080E+00  1.2353E+01 -5.1447E+00 -1.3967E-01
  1.8000E+01  4.0000E+00  0.0000E+00  2.6850E+00  0.0000E+00  4.6519E+00 -9.0348E-01 -5.4598E-01  2.6850E+00  9.5519E+00 -6.8669E+00 -3.8699E-01
  1.8000E+01  8.0000E+00  0.0000E+00  4.9860E+00  0.0000E+00  2.7831E+00  7.0302E-01  1.0221E+00  4.9860E+00  5.7145E+00 -7.2855E-01  1.5425E-01
  1.8000E+01  2.4000E+01  0.0000E+00  6.0000E-01  0.0000E+00  3.7837E-01  4.5557E-01  7.5639E-01  6.0000E-01  7.7692E-01 -1.7692E-01  1.0162E-01
  1.9000E+01  0.0000E+00  2.5000E+05  0.0000E+00  1.0000E+00  0.0000E+00  0.0000E+00  0.0000E+00  0.0000E+00  0.0000E+00  0.0000E+00  0.0000E+00
  1.9000E+01  0.0000E+00  0.0000E+00  0.0000E+00  0.0000E+00  0.0000E+00  0.0000E+00  0.0000E+00  0.0000E+00  0.0000E+00  0.0000E+00  0.0000E+00
  1.9000E+01  5.0000E-01  0.0000E+00  2.8991E+01  0.0000E+00  1.1438E+01  1.5301E+00  1.9816E+00  2.8991E+01  2.5429E+01  3.5618E+00  3.5697E-01
  1.9000E+01  1.0000E+00  0.0000E+00  7.3880E+00  0.0000E+00  1.2356E+01 -9.8336E-01 -5.1920E-01  7.3880E+00  2.7470E+01 -2.0082E+01 -4.0849E-01
  1.9000E+01  2.0000E+00  0.0000E+00  5.6630E+00  0.0000E+00  1.1113E+01 -1.0802E+00 -6.3325E-01  5.6630E+00  2.4705E+01 -1.9042E+01 -4.3456E-01
  1.9000E+01  4.0000E+00  0.0000E+00  9.2860E+00  0.0000E+00  8.5929E+00 -3.0390E-01  1.0415E-01  9.2860E+00  1.9104E+01 -9.8178E+00 -1.9106E-01
  1.9000E+01  8.0000E+00  0.0000E+00  4.0470E+00  0.0000E+00  5.1408E+00 -6.1734E-01 -2.7476E-01  4.0470E+00  1.1429E+01 -7.3821E+00 -2.7231E-01
  1.9000E+01  2.4000E+01  0.0000E+00  6.0000E-01  0.0000E+00  6.9892E-01 -3.8864E-01 -1.8276E-01  6.0000E-01  1.5538E+00 -9.5384E-01 -1.7467E-01
  2.0000E+01  0.0000E+00  2.5000E+05  0.0000E+00  1.0000E+00  0.0000E+00  0.0000E+00  0.0000E+00  0.0000E+00  0.0000E+00  0.0000E+00  0.0000E+00
  2.0000E+01  0.0000E+00  0.0000E+00  0.0000E+00  0.0000E+00  0.0000E+00  0.0000E+00  0.0000E+00  0.0000E+00  0.0000E+00  0.0000E+00  0.0000E+00
  2.0000E+01  5.0000E-01  0.0000E+00  2.0607E+01  0.0000E+00  9.4196E+00  8.0570E-01  1.5336E+00  2.0607E+01  2.5429E+01 -4.8222E+00  7.3496E-02
  2.0000E+01  1.0000E+00  0.0000E+00  1.2830E+01  0.0000E+00  1.0176E+01 -4.0448E-01  3.3685E-01  1.2830E+01  2.7470E+01 -1.4640E+01 -2.3228E-01
  2.0000E+01  2.0000E+00  0.0000E+00  1.2017E+01  0.0000E+00  9.1515E+00 -3.1868E-01  4.0433E-01  1.2017E+01  2.4705E+01 -1.2688E+01 -2.0642E-01
  2.0000E+01  4.0000E+00  0.0000E+00  6.5880E+00  0.0000E+00  7.0765E+00 -7.6988E-01 -8.9145E-02  6.5880E+00  1.9104E+01 -1.2516E+01 -3.0903E-01
  2.0000E+01  8.0000E+00  0.0000E+00  2.8710E+00  0.0000E+00  4.2336E+00 -1.0221E+00 -4.1562E-01  2.8710E+00  1.1429E+01 -8.5581E+00 -3.5446E-01
  2.0000E+01  2.4000E+01  0.0000E+00  6.0000E-01  0.0000E+00  5.7558E-01 -3.8607E-01  5.4783E-02  6.0000E-01  1.5538E+00 -9.5384E-01 -1.6099E-01
  2.1000E+01  0.0000E+00  2.5000E+05  0.0000E+00  1.0000E+00  0.0000E+00  0.0000E+00  0.0000E+00  0.0000E+00  0.0000E+00  0.0000E+00  0.0000E+00
  2.1000E+01  0.0000E+00  0.0000E+00  0.0000E+00  0.0000E+00  0.0000E+00  0.0000E+00  0.0000E+00  0.0000E+00  0.0000E+00  0.0000E+00  0.0000E+00
  2.1000E+01  5.0000E-01  0.0000E+00  2.0194E+01  0.0000E+00  9.6081E+00  8.5962E-01  1.4227E+00  2.0194E+01  2.5429E+01 -5.2352E+00  8.6320E-02
  2.1000E+01  1.0000E+00  0.0000E+00  1.3124E+01  0.0000E+00  1.0379E+01 -2.3627E-01  3.4149E-01  1.3124E+01  2.7470E+01 -1.4346E+01 -1.9637E-01
  2.1000E+01  2.0000E+00  0.0000E+00  6.5080E+00  0.0000E+00  9.3347E+00 -9.4876E-01 -3.9102E-01  6.5080E+00  2.4705E+01 -1.8197E+01 -3.7365E-01
  2.1000E+01  4.0000E+00  0.0000E+00  1.8150E+00  0.0000E+00  7.2181E+00 -1.4797E+00 -9.6661E-01  1.8150E+00  1.9104E+01 -1.7289E+01 -4.9872E-01
  2.1000E+01  8.0000E+00  0.0000E+00  6.6610E+00  0.0000E+00  4.3184E+00  2.5980E-01  7.0052E-01  6.6610E+00  1.1429E+01 -4.7681E+00 -3.6963E-02
  2.1000E+01  2.4000E+01  0.0000E+00  6.0000E-01  0.0000E+00  5.8710E-01 -2.8371E-01  2.8374E-02  6.0000E-01  1.5538E+00 -9.5384E-01 -1.3886E-01
  2.2000E+01  0.0000E+00  5.0000E+05  0.0000E+00  1.0000E+00  0.0000E+00  0.0000E+00  0.0000E+00  0.0000E+00  0.0000E+00  0.0000E+00  0.0000E+00
  2.2000E+01  0.0000E+00  0.0000E+00  0.0000E+00  0.0000E+00  0.0000E+00  0.0000E+00  0.0000E+00  0.0000E+00  0.0000E+00  0.0000E+00  0.0000E+00
  2.2000E+01  5.0000E-01  0.0000E+00  2.0892E+01  0.0000E+00  1.5580E+01 -2.2661E-01  4.4031E-01  2.0892E+01  5.0858E+01 -2.9966E+01 -2.1091E-01
  2.2000E+01  1.0000E+00  0.0000E+00  2.0896E+01  0.0000E+00  1.6830E+01 -3.7150E-01  3.1197E-01  2.0896E+01  5.4940E+01 -3.4044E+01 -2.4509E-01
  2.2000E+01  2.0000E+00  0.0000E+00  1.6873E+01  0.0000E+00  1.5136E+01 -5.1273E-01  1.4816E-01  1.6873E+01  4.9411E+01 -3.2538E+01 -2.6850E-01
  2.2000E+01  4.0000E+00  0.0000E+00  5.7380E+00  0.0000E+00  1.1704E+01 -1.2700E+00 -6.5825E-01  5.7380E+00  3.8208E+01 -3.2470E+01 -4.1156E-01
  2.2000E+01  8.0000E+00  0.0000E+00  1.4398E+01  0.0000E+00  7.0023E+00  8.2733E-01  1.3639E+00  1.4398E+01  2.2858E+01 -8.4602E+00  4.5665E-02
  2.2000E+01  2.4000E+01  0.0000E+00  1.1130E+00  0.0000E+00  9.5199E-01 -2.0784E-01  2.1840E-01  1.1130E+00  3.1077E+00 -1.9947E+00 -1.2124E-01
  2.3000E+01  0.0000E+00  5.0000E+05  0.0000E+00  1.0000E+00  0.0000E+00  0.0000E+00  0.0000E+00  0.0000E+00  0.0000E+00  0.0000E+00  0.0000E+00
  2.3000E+01  0.0000E+00  0.0000E+00  0.0000E+00  0.0000E+00  0.0000E+00  0.0000E+00  0.0000E+00  0.0000E+00  0.0000E+00  0.0000E+00  0.0000E+00
  2.3000E+01  5.0000E-01  0.0000E+00  6.3520E+01  0.0000E+00  2.4939E+01  1.5793E+00  1.9976E+00  6.3520E+01  5.0858E+01  1.2662E+01  4.2976E-01
  2.3000E+01  1.0000E+00  0.0000E+00  2.7973E+01  0.0000E+00  2.6941E+01 -3.8081E-01  4.9477E-02  2.7973E+01  5.4940E+01 -2.6967E+01 -2.2093E-01
  2.3000E+01  2.0000E+00  0.0000E+00  1.2101E+01  0.0000E+00  2.4229E+01 -1.0603E+00 -6.4638E-01  1.2101E+01  4.9411E+01 -3.7310E+01 -4.4312E-01
  2.3000E+01  4.0000E+00  0.0000E+00  7.7790E+00  0.0000E+00  1.8736E+01 -1.1315E+00 -7.5516E-01  7.7790E+00  3.8208E+01 -3.0429E+01 -4.6028E-01
  2.3000E+01  8.0000E+00  0.0000E+00  1.1122E+01  0.0000E+00  1.1209E+01 -3.2025E-01 -1.0013E-02  1.1122E+01  2.2858E+01 -1.1736E+01 -1.8044E-01
  2.3000E+01  2.4000E+01  0.0000E+00  6.0000E-01  0.0000E+00  1.5239E+00 -9.2597E-01 -7.8288E-01  6.0000E-01  3.1077E+00 -2.5077E+00 -3.5840E-01
  2.4000E+01  0.0000E+00  5.0000E+05  0.0000E+00  1.0000E+00  0.0000E+00  0.0000E+00  0.0000E+00  0.0000E+00  0.0000E+00  0.0000E+00  0.0000E+00
  2.4000E+01  0.0000E+00  0.0000E+00  0.0000E+00  0.0000E+00  0.0000E+00  0.0000E+00  0.0000E+00  0.0000E+00  0.0000E+00  0.0000E+00  0.0000E+00
  2.4000E+01  5.0000E-01  0.0000E+00  6.2078E+01  0.0000E+00  6.0760E+01  3.3164E-01  2.8012E-02  6.2078E+01  5.0858E+01  1.1220E+01  2.4391E-01
  2.4000E+01  1.0000E+00  0.0000E+00  1.7933E+01  0.0000E+00  6.5636E+01 -6.3291E-01 -9.3850E-01  1.7933E+01  5.4940E+01 -3.7007E+01 -5.3462E-01
  2.4000E+01  2.0000E+00  0.0000E+00  2.0081E+01  0.0000E+00  5.9031E+01 -5.4921E-01 -8.5203E-01  2.0081E+01  4.9411E+01 -2.9330E+01 -4.6604E-01
  2.4000E+01  4.0000E+00  0.0000E+00  1.3612E+01  0.0000E+00  4.5646E+01 -6.1216E-01 -9.0623E-01  1.3612E+01  3.8208E+01 -2.4596E+01 -5.1397E-01
  2.4000E+01  8.0000E+00  0.0000E+00  7.3308E+01  0.0000E+00  2.7308E+01  2.4455E+00  2.1751E+00  7.3308E+01  2.2858E+01  5.0450E+01  1.9573E+00
  2.4000E+01  2.4000E+01  0.0000E+00  1.2590E+00  0.0000E+00  3.7127E+00 -6.4690E-01 -8.5342E-01  1.2590E+00  3.1077E+00 -1.8487E+00 -5.2383E-01
  2.5000E+01  0.0000E+00  1.2500E+05  0.0000E+00  1.0000E+00  0.0000E+00  0.0000E+00  0.0000E+00  0.0000E+00  0.0000E+00  0.0000E+00  0.0000E+00
  2.5000E+01  6.4850E+02  0.0000E+00  7.4066E+01  0.0000E+00  6.6634E+01  9.5448E-01  1.4402E-01  7.4066E+01  1.4037E+01  6.0029E+01  2.3116E+00
  2.5000E+01  6.4900E+02  0.0000E+00  3.0944E+01  0.0000E+00  7.1264E+01  1.0454E-01 -7.3060E-01  3.0944E+01  1.5013E+01  1.5931E+01 -4.5017E-01
  2.5000E+01  6.5000E+02  0.0000E+00  6.1250E+00  0.0000E+00  6.4313E+01 -3.7070E-01 -1.1683E+00  6.1250E+00  1.3548E+01 -7.4233E+00 -1.9143E+00
  2.5000E+01  6.5200E+02  0.0000E+00  3.0089E+01  0.0000E+00  5.0371E+01  1.9273E-01 -5.1995E-01  3.0089E+01  1.0611E+01  1.9478E+01  1.7483E-02
  2.5000E+01  6.5600E+02  0.0000E+00  8.4092E+01  0.0000E+00  3.1255E+01  2.7494E+00  2.1830E+00  8.4092E+01  6.5841E+00  7.7508E+01  8.4062E+00
  2.5000E+01  6.7200E+02  0.0000E+00  8.0090E+00  0.0000E+00  6.5230E+00  5.6156E-01  2.9416E-01  8.0090E+00  1.3741E+00  6.6349E+00  1.7116E+00
  2.6000E+01  0.0000E+00  1.2500E+05  0.0000E+00  1.0000E+00  0.0000E+00  0.0000E+00  0.0000E+00  0.0000E+00  0.0000E+00  0.0000E+00  0.0000E+00
  2.6000E+01  6.4850E+02  0.0000E+00  5.0296E+01  0.0000E+00  4.9753E+01  3.8019E-01  1.4103E-02  5.0296E+01  1.4037E+01  3.6259E+01  7.1942E-01
  2.6000E+01  6.4900E+02  0.0000E+00  1.4633E+02  0.0000E+00  5.3210E+01  2.6462E+00  2.2599E+00  1.4633E+02  1.5013E+01  1.3132E+02  6.1223E+00
  2.6000E+01  6.5000E+02  0.0000E+00  8.6660E+00  0.0000E+00  4.8020E+01 -7.0253E-01 -1.0583E+00  8.6660E+00  1.3548E+01 -4.8823E+00 -1.8616E+00
  2.6000E+01  6.5200E+02  0.0000E+00  3.1890E+01  0.0000E+00  3.7610E+01  9.4183E-02 -1.9638E-01  3.1890E+01  1.0611E+01  2.1279E+01  9.9666E-02
  2.6000E+01  6.5600E+02  0.0000E+00  2.1724E+01  0.0000E+00  2.3336E+01  1.0419E-01 -8.9222E-02  2.1724E+01  6.5841E+00  1.5140E+01  2.0110E-01
  2.6000E+01  6.7200E+02  0.0000E+00  2.5220E+00  0.0000E+00  4.8704E+00 -5.4812E-01 -6.2264E-01  2.5220E+00  1.3741E+00  1.1479E+00 -1.2690E+00
  2.7000E+01  0.0000E+00  1.2500E+05  0.0000E+00  1.0000E+00  0.0000E+00  0.0000E+00  0.0000E+00  0.0000E+00  0.0000E+00  0.0000E+00  0.0000E+00
  2.7000E+01  6.4850E+02  0.0000E+00  2.1252E+02  0.0000E+00  8.4725E+01  2.5504E+00  1.9477E+00  2.1252E+02  1.4037E+01  1.9848E+02  9.4148E+00
  2.7000E+01  6.4900E+02  0.0000E+00  3.0835E+01  0.0000E+00  9.0612E+01 -2.2064E-01 -8.5188E-01  3.0835E+01  1.5013E+01  1.5822E+01 -1.9299E+00
  2.7000E+01  6.5000E+02  0.0000E+00  1.4641E+02  0.0000E+00  8.1774E+01  1.6087E+00  1.0206E+00  1.4641E+02  1.3548E+01  1.3286E+02  5.6075E+00
  2.7000E+01  6.5200E+02  0.0000E+00  9.8230E+00  0.0000E+00  6.4046E+01 -5.9827E-01 -1.0933E+00  9.8230E+00  1.0611E+01 -7.8818E-01 -3.2026E+00
  2.7000E+01  6.5600E+02  0.0000E+00  3.2820E+01  0.0000E+00  3.9740E+01  1.2791E-01 -2.2486E-01  3.2820E+01  6.5841E+00  2.6236E+01  2.2859E-02
  2.7000E+01  6.7200E+02  0.0000E+00  6.0010E+00  0.0000E+00  8.2940E+00 -2.0566E-01 -3.5700E-01  6.0010E+00  1.3741E+00  4.6269E+00 -9.6160E-01
  2.8000E+01  0.0000E+00  2.5000E+05  0.0000E+00  1.0000E+00  0.0000E+00  0.0000E+00  0.0000E+00  0.0000E+00  0.0000E+00  0.0000E+00  0.0000E+00
  2.8000E+01  6.4850E+02  0.0000E+00  6.4244E+01  0.0000E+00  7.8684E+01  4.4668E-01 -2.3698E-01  6.4244E+01  2.8074E+01  3.6170E+01  6.3190E-01
  2.8000E+01  6.4900E+02  0.0000E+00  3.7738E+01  0.0000E+00  8.4152E+01 -1.4129E-02 -7.1222E-01  3.7738E+01  3.0025E+01  7.7129E+00 -2.5171E-01
  2.8000E+01  6.5000E+02  0.0000E+00  9.7220E+00  0.0000E+00  7.5944E+01 -4.4987E-01 -1.1260E+00  9.7220E+00  2.7097E+01 -1.7375E+01 -1.0579E+00
  2.8000E+01  6.5200E+02  0.0000E+00  2.0965E+01  0.0000E+00  5.9480E+01 -2.1031E-01 -8.3616E-01  2.0965E+01  2.1222E+01 -2.5736E-01 -5.6556E-01
  2.8000E+01  6.5600E+02  0.0000E+00  1.0345E+02  0.0000E+00  3.6907E+01  2.8662E+00  2.3282E+00  1.0345E+02  1.3168E+01  9.0282E+01  5.3153E+00
  2.8000E+01  6.7200E+02  0.0000E+00  2.1540E+00  0.0000E+00  7.7026E+00 -5.5870E-01 -9.3020E-01  2.1540E+00  2.7483E+00 -5.9428E-01 -1.0681E+00
  2.9000E+01  0.0000E+00  2.5000E+05  0.0000E+00  1.0000E+00  0.0000E+00  0.0000E+00  0.0000E+00  0.0000E+00  0.0000E+00  0.0000E+00  0.0000E+00
  2.9000E+01  6.4850E+02  0.0000E+00  1.4612E+02  0.0000E+00  8.4334E+01  1.4439E+00  9.4601E-01  1.4612E+02  2.8074E+01  1.1804E+02  2.7523E+00
  2.9000E+01  6.4900E+02  0.0000E+00  2.4291E+01  0.0000E+00  9.0194E+01 -4.2717E-01 -9.4353E-01  2.4291E+01  3.0025E+01 -5.7341E+00 -1.0546E+00
  2.9000E+01  6.5000E+02  0.0000E+00  2.4490E+01  0.0000E+00  8.1396E+01 -4.1454E-01 -9.0279E-01  2.4490E+01  2.7097E+01 -2.6066E+00 -1.0086E+00
  2.9000E+01  6.5200E+02  0.0000E+00  8.2620E+01  0.0000E+00  6.3751E+01  8.0695E-01  3.8221E-01  8.2620E+01  2.1222E+01  6.1398E+01  1.5114E+00
  2.9000E+01  6.5600E+02  0.0000E+00  5.3802E+01  0.0000E+00  3.9557E+01  7.8017E-01  4.6503E-01  5.3802E+01  1.3168E+01  4.0634E+01  1.5230E+00
  2.9000E+01  6.7200E+02  0.0000E+00  1.7604E+01  0.0000E+00  8.2557E+00  1.5295E+00  1.4622E+00  1.7604E+01  2.7483E+00  1.4856E+01  3.1456E+00
  3.0000E+01  0.0000E+00  2.5000E+05  0.0000E+00  1.0000E+00  0.0000E+00  0.0000E+00  0.0000E+00  0.0000E+00  0.0000E+00  0.0000E+00  0.0000E+00
  3.0000E+01  6.4850E+02  0.0000E+00  2.4478E+01  0.0000E+00  3.8447E+01 -4.4064E-01 -4.6917E-01  2.4478E+01  2.8074E+01 -3.5964E+00 -3.6836E-01
  3.0000E+01  6.4900E+02  0.0000E+00  4.3707E+01  0.0000E+00  4.1118E+01  1.1713E-01  8.1297E-02  4.3707E+01  3.0025E+01  1.3682E+01  1.4659E-01
  3.0000E+01  6.5000E+02  0.0000E+00  2.1750E+01  0.0000E+00  3.7108E+01 -5.0966E-01 -5.3443E-01  2.1750E+01  2.7097E+01 -5.3466E+00 -4.3189E-01
  3.0000E+01  6.5200E+02  0.0000E+00  7.7547E+01  0.0000E+00  2.9063E+01  2.1548E+00  2.1542E+00  7.7547E+01  2.1222E+01  5.6325E+01  2.0322E+00
  3.0000E+01  6.5600E+02  0.0000E+00  1.7104E+01  0.0000E+00  1.8033E+01 -1.0326E-01 -6.6554E-02  1.7104E+01  1.3168E+01  3.9357E+00 -5.4132E-02
  3.0000E+01  6.7200E+02  0.0000E+00  1.4920E+00  0.0000E+00  3.7637E+00 -8.4914E-01 -7.7940E-01  1.4920E+00  2.7483E+00 -1.2563E+00 -7.4998E-01
  3.1000E+01  0.0000E+00  5.0000E+05  0.0000E+00  1.0000E+00  0.0000E+00  0.0000E+00  0.0000E+00  0.0000E+00  0.0000E+00  0.0000E+00  0.0000E+00
  3.1000E+01  6.4850E+02  0.0000E+00  1.4763E+02  0.0000E+00  1.5404E+02  5.8259E-01 -5.3755E-02  1.4763E+02  5.6149E+01  9.1478E+01  8.9230E-01
  3.1000E+01  6.4900E+02  0.0000E+00  6.0196E+01  0.0000E+00  1.6474E+02 -1.6852E-01 -8.1947E-01  6.0196E+01  6.0050E+01  1.4574E-01 -5.0964E-01
  3.1000E+01  6.5000E+02  0.0000E+00  4.5454E+01  0.0000E+00  1.4867E+02 -2.6780E-01 -8.9652E-01  4.5454E+01  5.4193E+01 -8.7391E+00 -6.7652E-01
  3.1000E+01  6.5200E+02  0.0000E+00  3.7415E+01  0.0000E+00  1.1644E+02 -2.9841E-01 -8.7639E-01  3.7415E+01  4.2445E+01 -5.0297E+00 -6.9656E-01
  3.1000E+01  6.5600E+02  0.0000E+00  2.0174E+02  0.0000E+00  7.2252E+01  2.8041E+00  2.3142E+00  2.0174E+02  2.6337E+01  1.7540E+02  5.1050E+00
  3.1000E+01  6.7200E+02  0.0000E+00  4.0700E+00  0.0000E+00  1.5079E+01 -6.1550E-01 -9.4277E-01  4.0700E+00  5.4966E+00 -1.4266E+00 -1.1404E+00
  3.2000E+01  0.0000E+00  5.0000E+05  0.0000E+00  1.0000E+00  0.0000E+00  0.0000E+00  0.0000E+00  0.0000E+00  0.0000E+00  0.0000E+00  0.0000E+00
  3.2000E+01  6.4850E+02  0.0000E+00  2.4420E+01  0.0000E+00  1.1699E+02 -5.2820E-01 -1.0218E+00  2.4420E+01  5.6149E+01 -3.1729E+01 -8.0767E-01
  3.2000E+01  6.4900E+02  0.0000E+00  4.5068E+01  0.0000E+00  1.2512E+02 -3.2207E-01 -8.2619E-01  4.5068E+01  6.0050E+01 -1.4982E+01 -5.2277E-01
  3.2000E+01  6.5000E+02  0.0000E+00  1.5002E+02  0.0000E+00  1.1292E+02  9.1237E-01  4.2433E-01  1.5002E+02  5.4193E+01  9.5831E+01  1.2207E+00
  3.2000E+01  6.5200E+02  0.0000E+00  8.7104E+01  0.0000E+00  8.8439E+01  4.3091E-01 -1.9493E-02  8.7104E+01  4.2445E+01  4.4659E+01  5.6000E-01
  3.2000E+01  6.5600E+02  0.0000E+00  6.0706E+01  0.0000E+00  5.4876E+01  5.1696E-01  1.3720E-01  6.0706E+01  2.6337E+01  3.4369E+01  7.0685E-01
  3.2000E+01  6.7200E+02  0.0000E+00  2.8840E+01  0.0000E+00  1.1453E+01  2.1324E+00  1.9604E+00  2.8840E+01  5.4966E+00  2.3343E+01  3.0267E+00
  3.3000E+01  0.0000E+00  5.0000E+05  0.0000E+00  1.0000E+00  0.0000E+00  0.0000E+00  0.0000E+00  0.0000E+00  0.0000E+00  0.0000E+00  0.0000E+00
  3.3000E+01  6.4850E+02  0.0000E+00  9.8501E+01  0.0000E+00  1.1890E+02  2.5198E-01 -2.2152E-01  9.8501E+01  5.6149E+01  4.2352E+01  2.9921E-01
  3.3000E+01  6.4900E+02  0.0000E+00  5.3954E+01  0.0000E+00  1.2716E+02 -2.5903E-01 -7.4340E-01  5.3954E+01  6.0050E+01 -6.0963E+00 -4.3623E-01
  3.3000E+01  6.5000E+02  0.0000E+00  6.4530E+01  0.0000E+00  1.1476E+02 -9.7367E-02 -5.6518E-01  6.4530E+01  5.4193E+01  1.0337E+01 -1.9746E-01
  3.3000E+01  6.5200E+02  0.0000E+00  1.3317E+02  0.0000E+00  8.9879E+01  1.0515E+00  6.2200E-01  1.3317E+02  4.2445E+01  9.0727E+01  1.4611E+00
  3.3000E+01  6.5600E+02  0.0000E+00  3.9382E+01  0.0000E+00  5.5769E+01 -2.0416E-02 -3.7943E-01  3.9382E+01  2.6337E+01  1.3045E+01 -4.5027E-02
  3.3000E+01  6.7200E+02  0.0000E+00  3.0098E+01  0.0000E+00  1.1639E+01  2.2043E+00  2.0479E+00  3.0098E+01  5.4966E+00  2.4601E+01  3.1814E+00
  3.4000E+01  0.0000E+00  1.2500E+05  0.0000E+00  1.0000E+00  0.0000E+00  0.0000E+00  0.0000E+00  0.0000E+00  0.0000E+00  0.0000E+00  0.0000E+00
  3.4000E+01  6.4850E+02  0.0000E+00  3.5010E+01  0.0000E+00  1.3737E+01  1.9309E+00  1.9996E+00  3.5010E+01  1.4037E+01  2.0973E+01  1.2840E+00
  3.4000E+01  6.4900E+02  0.0000E+00  5.0250E+00  0.0000E+00  1.4692E+01 -9.1960E-01 -8.4964E-01  5.0250E+00  1.5013E+01 -9.9876E+00 -5.9851E-01
  3.4000E+01  6.5000E+02  0.0000E+00  0.0000E+00  1.0000E+00  1.3259E+01  0.0000E+00 -1.2913E+00  0.0000E+00  1.3548E+01  0.0000E+00  0.0000E+00
  3.4000E+01  6.5200E+02  0.0000E+00  6.2690E+00  0.0000E+00  1.0384E+01 -5.7354E-01 -5.1176E-01  6.2690E+00  1.0611E+01 -4.3422E+00 -3.7144E-01
  3.4000E+01  6.5600E+02  0.0000E+00  3.5510E+00  0.0000E+00  6.4435E+00 -6.2399E-01 -5.7966E-01  3.5510E+00  6.5841E+00 -3.0331E+00 -4.0735E-01
  3.4000E+01  6.7200E+02  0.0000E+00  6.0000E-01  0.0000E+00  1.3448E+00 -6.8019E-01 -7.1516E-01  6.0000E-01  1.3741E+00 -7.7414E-01 -4.5268E-01
  3.5000E+01  0.0000E+00  1.2500E+05  0.0000E+00  1.0000E+00  0.0000E+00  0.0000E+00  0.0000E+00  0.0000E+00  0.0000E+00  0.0000E+00  0.0000E+00
  3.5000E+01  6.4850E+02  0.0000E+00  2.1542E+01  0.0000E+00  8.8955E+00  1.4819E+00  1.8358E+00  2.1542E+01  1.4037E+01  7.5048E+00  5.8567E-01
  3.5000E+01  6.4900E+02  0.0000E+00  8.6120E+00  0.0000E+00  9.5136E+00 -4.8128E-01 -1.2238E-01  8.6120E+00  1.5013E+01 -6.4006E+00 -2.5482E-01
  3.5000E+01  6.5000E+02  0.0000E+00  6.8900E+00  0.0000E+00  8.5857E+00 -6.0639E-01 -2.5504E-01  6.8900E+00  1.3548E+01 -6.6583E+00 -3.0706E-01
  3.5000E+01  6.5200E+02  0.0000E+00  2.5340E+00  0.0000E+00  6.7244E+00 -1.1389E+00 -8.0470E-01  2.5340E+00  1.0611E+01 -8.0772E+00 -5.3184E-01
  3.5000E+01  6.5600E+02  0.0000E+00  5.9780E+00  0.0000E+00  4.1724E+00  2.5477E-01  5.5879E-01  5.9780E+00  6.5841E+00 -6.0613E-01  6.9478E-02
  3.5000E+01  6.7200E+02  0.0000E+00  6.0000E-01  0.0000E+00  8.7081E-01 -6.3235E-01 -4.0158E-01  6.0000E-01  1.3741E+00 -7.7414E-01 -2.9981E-01
  3.6000E+01  0.0000E+00  1.2500E+05  0.0000E+00  1.0000E+00  0.0000E+00  0.0000E+00  0.0000E+00  0.0000E+00  0.0000E+00  0.0000E+00  0.0000E+00
  3.6000E+01  6.4850E+02  0.0000E+00  3.4776E+01  0.0000E+00  1.3067E+01  2.0290E+00  2.1454E+00  3.4776E+01  1.4037E+01  2.0739E+01  1.2790E+00
  3.6000E+01  6.4900E+02  0.0000E+00  1.3631E+01  0.0000E+00  1.3975E+01 -1.4943E-01 -3.1770E-02  1.3631E+01  1.5013E+01 -1.3816E+00 -8.9462E-02
  3.6000E+01  6.5000E+02  0.0000E+00  4.0710E+00  0.0000E+00  1.2612E+01 -9.9010E-01 -8.7448E-01  4.0710E+00  1.3548E+01 -9.4773E+00 -6.1792E-01
  3.6000E+01  6.5200E+02  0.0000E+00  4.7670E+00  0.0000E+00  9.8777E+00 -7.7786E-01 -6.6812E-01  4.7670E+00  1.0611E+01 -5.8442E+00 -4.8533E-01
  3.6000E+01  6.5600E+02  0.0000E+00  5.2920E+00  0.0000E+00  6.1290E+00 -2.7098E-01 -1.7635E-01  5.2920E+00  6.5841E+00 -1.2921E+00 -1.6854E-01
  3.6000E+01  6.7200E+02  0.0000E+00  6.0000E-01  0.0000E+00  1.2792E+00 -7.1620E-01 -6.8561E-01  6.0000E-01  1.3741E+00 -7.7414E-01 -4.5330E-01
  3.7000E+01  0.0000E+00  2.5000E+05  0.0000E+00  1.0000E+00  0.0000E+00  0.0000E+00  0.0000E+00  0.0000E+00  0.0000E+00  0.0000E+00  0.0000E+00
  3.7000E+01  6.4850E+02  0.0000E+00  2.8486E+01  0.0000E+00  1.2279E+01  1.0743E+00  1.7045E+00  2.8486E+01  2.8074E+01  4.1160E-01  2.1518E-01
  3.7000E+01  6.4900E+02  0.0000E+00  1.1131E+01  0.0000E+00  1.3132E+01 -8.3604E-01 -1.9676E-01  1.1131E+01  3.0025E+01 -1.8894E+01 -3.5090E-01
  3.7000E+01  6.5000E+02  0.0000E+00  1.5256E+01  0.0000E+00  1.1851E+01 -2.5440E-01  3.7101E-01  1.5256E+01  2.7097E+01 -1.1841E+01 -1.7590E-01
  3.7000E+01  6.5200E+02  0.0000E+00  1.0727E+01  0.0000E+00  9.2819E+00 -3.9274E-01  2.0105E-01  1.0727E+01  2.1222E+01 -1.0495E+01 -2.0918E-01
  3.7000E+01  6.5600E+02  0.0000E+00  4.5780E+00  0.0000E+00  5.7593E+00 -8.0314E-01 -2.6487E-01  4.5780E+00  1.3168E+01 -8.5903E+00 -3.1734E-01
  3.7000E+01  6.7200E+02  0.0000E+00  1.0060E+00  0.0000E+00  1.2020E+00 -6.2218E-01 -2.1056E-01  1.0060E+00  2.7483E+00 -1.7423E+00 -2.3942E-01
  3.8000E+01  0.0000E+00  2.5000E+05  0.0000E+00  1.0000E+00  0.0000E+00  0.0000E+00  0.0000E+00  0.0000E+00  0.0000E+00  0.0000E+00  0.0000E+00
  3.8000E+01  6.4850E+02  0.0000E+00  3.0100E+01  0.0000E+00  1.6713E+01  5.2495E-01  1.0344E+00  3.0100E+01  2.8074E+01  2.0256E+00  1.6136E-01
  3.8000E+01  6.4900E+02  0.0000E+00  2.6832E+01  0.0000E+00  1.7874E+01  1.3489E-01  6.4716E-01  2.6832E+01  3.0025E+01 -3.1931E+00  3.5695E-03
  3.8000E+01  6.5000E+02  0.0000E+00  1.0962E+01  0.0000E+00  1.6131E+01 -9.2170E-01 -4.1377E-01  1.0962E+01  2.7097E+01 -1.6135E+01 -4.1933E-01
  3.8000E+01  6.5200E+02  0.0000E+00  1.5374E+01  0.0000E+00  1.2634E+01 -2.1839E-01  2.8009E-01  1.5374E+01  2.1222E+01 -5.8484E+00 -1.3300E-01
  3.8000E+01  6.5600E+02  0.0000E+00  1.1924E+01  0.0000E+00  7.8391E+00  1.8943E-01  6.7289E-01  1.1924E+01  1.3168E+01 -1.2443E+00  3.7376E-02
  3.8000E+01  6.7200E+02  0.0000E+00  2.0360E+00  0.0000E+00  1.6361E+00 -1.4125E-01  3.1566E-01  2.0360E+00  2.7483E+00 -7.1228E-01 -8.2848E-02
  3.9000E+01  0.0000E+00  2.5000E+05  0.0000E+00  1.0000E+00  0.0000E+00  0.0000E+00  0.0000E+00  0.0000E+00  0.0000E+00  0.0000E+00  0.0000E+00
  3.9000E+01  6.4850E+02  0.0000E+00  4.0823E+01  0.0000E+00  1.6699E+01  1.4391E+00  1.8654E+00  4.0823E+01  2.8074E+01  1.2749E+01  5.2269E-01
  3.9000E+01  6.4900E+02  0.0000E+00  1.4413E+01  0.0000E+00  1.7859E+01 -6.8082E-01 -2.4919E-01  1.4413E+01  3.0025E+01 -1.5612E+01 -3.2940E-01
  3.9000E+01  6.5000E+02  0.0000E+00  1.2523E+01  0.0000E+00  1.6118E+01 -7.1153E-01 -2.8799E-01  1.2523E+01  2.7097E+01 -1.4574E+01 -3.4016E-01
  3.9000E+01  6.5200E+02  0.0000E+00  1.5130E+01  0.0000E+00  1.2623E+01 -1.4860E-01  2.5641E-01  1.5130E+01  2.1222E+01 -6.0924E+00 -1.1056E-01
  3.9000E+01  6.5600E+02  0.0000E+00  5.8410E+00  0.0000E+00  7.8327E+00 -7.0057E-01 -3.2836E-01  5.8410E+00  1.3168E+01 -7.3273E+00 -3.2585E-01
  3.9000E+01  6.7200E+02  0.0000E+00  1.7660E+00  0.0000E+00  1.6347E+00 -1.9632E-01  1.0369E-01  1.7660E+00  2.7483E+00 -9.8228E-01 -1.1116E-01
  4.0000E+01  0.0000E+00  5.0000E+05  0.0000E+00  1.0000E+00  0.0000E+00  0.0000E+00  0.0000E+00  0.0000E+00  0.0000E+00  0.0000E+00  0.0000E+00
  4.0000E+01  6.4850E+02  0.0000E+00  4.5391E+01  0.0000E+00  3.8518E+01  9.3536E-02  2.3042E-01  4.5391E+01  5.6149E+01 -1.0758E+01 -1.0413E-02
  4.0000E+01  6.4900E+02  0.0000E+00  3.4480E+01  0.0000E+00  4.1194E+01 -3.5162E-01 -2.1047E-01  3.4480E+01  6.0050E+01 -2.5570E+01 -2.1740E-01
  4.0000E+01  6.5000E+02  0.0000E+00  1.3880E+01  0.0000E+00  3.7176E+01 -9.4393E-01 -8.0919E-01  1.3880E+01  5.4193E+01 -4.0313E+01 -4.9029E-01
  4.0000E+01  6.5200E+02  0.0000E+00  2.0645E+01  0.0000E+00  2.9117E+01 -4.9775E-01 -3.7572E-01  2.0645E+01  4.2445E+01 -2.1800E+01 -2.8039E-01
  4.0000E+01  6.5600E+02  0.0000E+00  4.6133E+01  0.0000E+00  1.8067E+01  1.9001E+00  2.0060E+00  4.6133E+01  2.6337E+01  1.9796E+01  8.3623E-01
  4.0000E+01  6.7200E+02  0.0000E+00  9.7100E-01  0.0000E+00  3.7706E+00 -1.0352E+00 -9.5877E-01  9.7100E-01  5.4966E+00 -4.5256E+00 -5.0935E-01
  4.1000E+01  0.0000E+00  5.0000E+05  0.0000E+00  1.0000E+00  0.0000E+00  0.0000E+00  0.0000E+00  0.0000E+00  0.0000E+00  0.0000E+00  0.0000E+00
  4.1000E+01  6.4850E+02  0.0000E+00  6.4231E+01  0.0000E+00  3.1560E+01  9.4970E-01  1.3368E+00  6.4231E+01  5.6149E+01  8.0822E+00  2.9009E-01
  4.1000E+01  6.4900E+02  0.0000E+00  2.8485E+01  0.0000E+00  3.3753E+01 -5.9457E-01 -2.0153E-01  2.8485E+01  6.0050E+01 -3.1565E+01 -2.9710E-01
  4.1000E+01  6.5000E+02  0.0000E+00  9.4640E+00  0.0000E+00  3.0461E+01 -1.2741E+00 -8.9010E-01  9.4640E+00  5.4193E+01 -4.4729E+01 -5.5282E-01
  4.1000E+01  6.5200E+02  0.0000E+00  3.0919E+01  0.0000E+00  2.3857E+01  1.8111E-02  3.8224E-01  3.0919E+01  4.2445E+01 -1.1526E+01 -5.7792E-02
  4.1000E+01  6.5600E+02  0.0000E+00  2.5956E+01  0.0000E+00  1.4803E+01  6.4177E-01  9.7289E-01  2.5956E+01  2.6337E+01 -3.8053E-01  1.8735E-01
  4.1000E+01  6.7200E+02  0.0000E+00  6.0000E-01  0.0000E+00  3.0895E+00 -1.2837E+00 -1.0405E+00  6.0000E-01  5.4966E+00 -4.8966E+00 -5.2697E-01
  4.2000E+01  0.0000E+00  5.0000E+05  0.0000E+00  1.0000E+00  0.0000E+00  0.0000E+00  0.0000E+00  0.0000E+00  0.0000E+00  0.0000E+00  0.0000E+00
  4.2000E+01  6.4850E+02  0.0000E+00  4.0872E+01  0.0000E+00  2.2160E+01  5.1279E-01  1.0904E+00  4.0872E+01  5.6149E+01 -1.5277E+01  1.2222E-02
  4.2000E+01  6.4900E+02  0.0000E+00  1.4567E+01  0.0000E+00  2.3699E+01 -1.0862E+00 -4.9759E-01  1.4567E+01  6.0050E+01 -4.5483E+01 -4.1638E-01
  4.2000E+01  6.5000E+02  0.0000E+00  3.1051E+01  0.0000E+00  2.1388E+01  1.1477E-02  5.8343E-01  3.1051E+01  5.4193E+01 -2.3142E+01 -1.1991E-01
  4.2000E+01  6.5200E+02  0.0000E+00  1.0596E+01  0.0000E+00  1.6751E+01 -1.0096E+00 -4.7448E-01  1.0596E+01  4.2445E+01 -3.1849E+01 -3.8252E-01
  4.2000E+01  6.5600E+02  0.0000E+00  1.9287E+01  0.0000E+00  1.0394E+01  6.3029E-01  1.1048E+00  1.9287E+01  2.6337E+01 -7.0495E+00  7.0568E-02
  4.2000E+01  6.7200E+02  0.0000E+00  6.0000E-01  0.0000E+00  2.1693E+00 -1.2746E+00 -9.3414E-01  6.0000E-01  5.4966E+00 -4.8966E+00 -4.0590E-01
  4.3000E+01  0.0000E+00  3.0000E+05  0.0000E+00  1.0000E+00  0.0000E+00  0.0000E+00  0.0000E+00  0.0000E+00  0.0000E+00  0.0000E+00  0.0000E+00
  4.3000E+01  0.0000E+00  0.0000E+00  0.0000E+00  0.0000E+00  0.0000E+00  0.0000E+00  0.0000E+00  0.0000E+00  0.0000E+00  0.0000E+00  0.0000E+00
  4.3000E+01  5.0000E-01  0.0000E+00  1.3907E+02  0.0000E+00  5.7407E+01  1.9298E+00  1.8369E+00  1.3907E+02  3.0515E+01  1.0856E+02  2.5024E+00
  4.3000E+01  1.0000E+00  0.0000E+00  5.9990E+01  0.0000E+00  6.2014E+01  6.4694E-02 -4.2144E-02  5.9990E+01  3.2964E+01  2.7026E+01  1.3121E-01
  4.3000E+01  2.0000E+00  0.0000E+00  3.9920E+01  0.0000E+00  5.5773E+01 -2.7923E-01 -3.6704E-01  3.9920E+01  2.9647E+01  1.0273E+01 -3.0142E-01
  4.3000E+01  4.0000E+00  0.0000E+00  2.2690E+01  0.0000E+00  4.3127E+01 -5.6583E-01 -6.1193E-01  2.2690E+01  2.2925E+01 -2.3455E-01 -6.5763E-01
  4.3000E+01  8.0000E+00  0.0000E+00  3.2950E+01  0.0000E+00  2.5801E+01  3.3870E-01  3.5777E-01  3.2950E+01  1.3715E+01  1.9235E+01  4.9934E-01
  4.4000E+01  0.0000E+00  3.0000E+05  0.0000E+00  1.0000E+00  0.0000E+00  0.0000E+00  0.0000E+00  0.0000E+00  0.0000E+00  0.0000E+00  0.0000E+00
  4.4000E+01  0.0000E+00  0.0000E+00  0.0000E+00  0.0000E+00  0.0000E+00  0.0000E+00  0.0000E+00  0.0000E+00  0.0000E+00  0.0000E+00  0.0000E+00
  4.4000E+01  5.0000E-01  0.0000E+00  7.3190E+01  0.0000E+00  3.5473E+01  1.2817E+00  1.3730E+00  7.3190E+01  3.0515E+01  4.2675E+01  1.0421E+00
  4.4000E+01  1.0000E+00  0.0000E+00  3.4490E+01  0.0000E+00  3.8320E+01 -2.1421E-01 -1.2905E-01  3.4490E+01  3.2964E+01  1.5260E+00 -1.3156E-01
  4.4000E+01  2.0000E+00  0.0000E+00  3.0340E+01  0.0000E+00  3.4463E+01 -2.4807E-01 -1.5449E-01  3.0340E+01  2.9647E+01  6.9349E-01 -1.5806E-01
  4.4000E+01  4.0000E+00  0.0000E+00  1.1700E+01  0.0000E+00  2.6649E+01 -8.3704E-01 -7.2437E-01  1.1700E+01  2.2925E+01 -1.1225E+01 -6.2031E-01
  4.4000E+01  8.0000E+00  0.0000E+00  2.7960E+01  0.0000E+00  1.5943E+01  8.2825E-01  9.7329E-01  2.7960E+01  1.3715E+01  1.4245E+01  6.8514E-01
  4.5000E+01  0.0000E+00  3.0000E+05  0.0000E+00  1.0000E+00  0.0000E+00  0.0000E+00  0.0000E+00  0.0000E+00  0.0000E+00  0.0000E+00  0.0000E+00
  4.5000E+01  0.0000E+00  0.0000E+00  0.0000E+00  0.0000E+00  0.0000E+00  0.0000E+00  0.0000E+00  0.0000E+00  0.0000E+00  0.0000E+00  0.0000E+00
  4.5000E+01  5.0000E-01  0.0000E+00  4.8070E+01  0.0000E+00  2.5183E+01  7.6445E-01  1.1735E+00  4.8070E+01  3.0515E+01  1.7555E+01  4.3737E-01
  4.5000E+01  1.0000E+00  0.0000E+00  4.1740E+01  0.0000E+00  2.7204E+01  2.8306E-01  6.8995E-01  4.1740E+01  3.2964E+01  8.7760E+00  1.6921E-01
  4.5000E+01  2.0000E+00  0.0000E+00  2.8020E+01  0.0000E+00  2.4467E+01 -2.2232E-01  1.8754E-01  2.8020E+01  2.9647E+01 -1.6265E+00 -1.1227E-01
  4.5000E+01  4.0000E+00  0.0000E+00  1.6530E+01  0.0000E+00  1.8919E+01 -5.7880E-01 -1.6307E-01  1.6530E+01  2.2925E+01 -6.3945E+00 -3.1096E-01
  4.5000E+01  8.0000E+00  0.0000E+00  1.3990E+01  0.0000E+00  1.1319E+01 -1.1779E-01  3.0477E-01  1.3990E+01  1.3715E+01  2.7508E-01 -5.4958E-02
  4.6000E+01  0.0000E+00  8.0000E+05  0.0000E+00  1.0000E+00  0.0000E+00  0.0000E+00  0.0000E+00  0.0000E+00  0.0000E+00  0.0000E+00  0.0000E+00
  4.6000E+01  0.0000E+00  0.0000E+00  0.0000E+00  0.0000E+00  0.0000E+00  0.0000E+00  0.0000E+00  0.0000E+00  0.0000E+00  0.0000E+00  0.0000E+00
  4.6000E+01  5.0000E-01  0.0000E+00  7.8270E+01  0.0000E+00  7.6639E+01 -2.2615E-02  2.7485E-02  7.8270E+01  8.1373E+01 -3.1033E+00 -2.1481E-02
  4.6000E+01  1.0000E+00  0.0000E+00  7.9700E+01  0.0000E+00  8.2789E+01 -9.6170E-02 -4.8187E-02  7.9700E+01  8.7904E+01 -8.2039E+00 -6.8585E-02
  4.6000E+01  2.0000E+00  0.0000E+00  4.3450E+01  0.0000E+00  7.4458E+01 -5.8870E-01 -5.3776E-01  4.3450E+01  7.9057E+01 -3.5607E+01 -3.8118E-01
  4.6000E+01  4.0000E+00  0.0000E+00  4.6070E+01  0.0000E+00  5.7575E+01 -3.1770E-01 -2.5804E-01  4.6070E+01  6.1132E+01 -1.5062E+01 -2.0763E-01
  4.6000E+01  8.0000E+00  0.0000E+00  8.2900E+01  0.0000E+00  3.4445E+01  1.7344E+00  1.8165E+00  8.2900E+01  3.6573E+01  4.6327E+01  1.0996E+00
  4.7000E+01  0.0000E+00  8.0000E+05  0.0000E+00  1.0000E+00  0.0000E+00  0.0000E+00  0.0000E+00  0.0000E+00  0.0000E+00  0.0000E+00  0.0000E+00
  4.7000E+01  0.0000E+00  0.0000E+00  0.0000E+00  0.0000E+00  0.0000E+00  0.0000E+00  0.0000E+00  0.0000E+00  0.0000E+00  0.0000E+00  0.0000E+00
  4.7000E+01  5.0000E-01  0.0000E+00  5.4280E+01  0.0000E+00  4.6741E+01 -1.6029E-01  2.0829E-01  5.4280E+01  8.1373E+01 -2.7093E+01 -1.3134E-01
  4.7000E+01  1.0000E+00  0.0000E+00  1.3120E+01  0.0000E+00  5.0492E+01 -1.3293E+00 -9.5577E-01  1.3120E+01  8.7904E+01 -7.4784E+01 -5.8610E-01
  4.7000E+01  2.0000E+00  0.0000E+00  6.8020E+01  0.0000E+00  4.5411E+01  2.7613E-01  6.4293E-01  6.8020E+01  7.9057E+01 -1.1037E+01  3.8434E-02
  4.7000E+01  4.0000E+00  0.0000E+00  5.8220E+01  0.0000E+00  3.5114E+01  4.9657E-01  8.4970E-01  5.8220E+01  6.1132E+01 -2.9121E+00  1.2900E-01
  4.7000E+01  8.0000E+00  0.0000E+00  3.2920E+01  0.0000E+00  2.1008E+01  3.9597E-01  7.3224E-01  3.2920E+01  3.6573E+01 -3.6531E+00  9.9328E-02
  4.8000E+01  0.0000E+00  8.0000E+05  0.0000E+00  1.0000E+00  0.0000E+00  0.0000E+00  0.0000E+00  0.0000E+00  0.0000E+00  0.0000E+00  0.0000E+00
  4.8000E+01  0.0000E+00  0.0000E+00  0.0000E+00  0.0000E+00  0.0000E+00  0.0000E+00  0.0000E+00  0.0000E+00  0.0000E+00  0.0000E+00  0.0000E+00
  4.8000E+01  5.0000E-01  0.0000E+00  3.6880E+01  0.0000E+00  3.9399E+01 -6.8840E-01 -8.2571E-02  3.6880E+01  8.1373E+01 -4.4493E+01 -3.0994E-01
  4.8000E+01  1.0000E+00  0.0000E+00  7.5550E+01  0.0000E+00  4.2561E+01  3.8761E-01  1.0009E+00  7.5550E+01  8.7904E+01 -1.2354E+01  3.9656E-02
  4.8000E+01  2.0000E+00  0.0000E+00  4.8520E+01  0.0000E+00  3.8278E+01 -2.5759E-01  3.4551E-01  4.8520E+01  7.9057E+01 -3.0537E+01 -1.6841E-01
  4.8000E+01  4.0000E+00  0.0000E+00  4.8470E+01  0.0000E+00  2.9599E+01  2.4323E-01  8.2328E-01  4.8470E+01  6.1132E+01 -1.2662E+01  1.7194E-03
  4.8000E+01  8.0000E+00  0.0000E+00  1.6480E+01  0.0000E+00  1.7708E+01 -6.3054E-01 -8.9547E-02  1.6480E+01  3.6573E+01 -2.0093E+01 -2.7261E-01
  4.9000E+01  0.0000E+00  1.5000E+06  0.0000E+00  1.0000E+00  0.0000E+00  0.0000E+00  0.0000E+00  0.0000E+00  0.0000E+00  0.0000E+00  0.0000E+00
  4.9000E+01  0.0000E+00  0.0000E+00  0.0000E+00  0.0000E+00  0.0000E+00  0.0000E+00  0.0000E+00  0.0000E+00  0.0000E+00  0.0000E+00  0.0000E+00
  4.9000E+01  5.0000E-01  0.0000E+00  8.4140E+01  0.0000E+00  4.2870E+01  4.5731E-01  1.2431E+00  8.4140E+01  1.5257E+02 -6.8435E+01 -8.6843E-02
  4.9000E+01  1.0000E+00  0.0000E+00  5.6530E+01  0.0000E+00  4.6310E+01 -5.1864E-01  2.8497E-01  5.6530E+01  1.6482E+02 -1.0829E+02 -2.7642E-01
  4.9000E+01  2.0000E+00  0.0000E+00  3.9120E+01  0.0000E+00  4.1650E+01 -8.5774E-01 -7.8427E-02  3.9120E+01  1.4823E+02 -1.0911E+02 -3.3456E-01
  4.9000E+01  4.0000E+00  0.0000E+00  3.1620E+01  0.0000E+00  3.2206E+01 -7.4865E-01 -2.3498E-02  3.1620E+01  1.1462E+02 -8.3003E+01 -2.9964E-01
  4.9000E+01  8.0000E+00  0.0000E+00  2.3630E+01  0.0000E+00  1.9268E+01 -3.4521E-01  2.9236E-01  2.3630E+01  6.8575E+01 -4.4945E+01 -1.9865E-01
  5.0000E+01  0.0000E+00  1.5000E+06  0.0000E+00  1.0000E+00  0.0000E+00  0.0000E+00  0.0000E+00  0.0000E+00  0.0000E+00  0.0000E+00  0.0000E+00
  5.0000E+01  0.0000E+00  0.0000E+00  0.0000E+00  0.0000E+00  0.0000E+00  0.0000E+00  0.0000E+00  0.0000E+00  0.0000E+00  0.0000E+00  0.0000E+00
  5.0000E+01  5.0000E-01  0.0000E+00  1.3535E+02  0.0000E+00  1.1442E+02 -1.0657E-02  2.3622E-01  1.3535E+02  1.5257E+02 -1.7225E+01 -3.2099E-02
  5.0000E+01  1.0000E+00  0.0000E+00  1.8297E+02  0.0000E+00  1.2360E+02  3.7226E-01  6.2024E-01  1.8297E+02  1.6482E+02  1.8150E+01  1.6113E-01
  5.0000E+01  2.0000E+00  0.0000E+00  5.5430E+01  0.0000E+00  1.1116E+02 -8.9393E-01 -6.4741E-01  5.5430E+01  1.4823E+02 -9.2803E+01 -4.7894E-01
  5.0000E+01  4.0000E+00  0.0000E+00  7.1500E+01  0.0000E+00  8.5958E+01 -4.6176E-01 -2.1719E-01  7.1500E+01  1.1462E+02 -4.3123E+01 -2.5819E-01
  5.0000E+01  8.0000E+00  0.0000E+00  1.0810E+02  0.0000E+00  5.1425E+01  1.1765E+00  1.4231E+00  1.0810E+02  6.8575E+01  3.9525E+01  5.7494E-01
  5.1000E+01  0.0000E+00  1.5000E+06  0.0000E+00  1.0000E+00  0.0000E+00  0.0000E+00  0.0000E+00  0.0000E+00  0.0000E+00  0.0000E+00  0.0000E+00
  5.1000E+01  0.0000E+00  0.0000E+00  0.0000E+00  0.0000E+00  0.0000E+00  0.0000E+00  0.0000E+00  0.0000E+00  0.0000E+00  0.0000E+00  0.0000E+00
  5.1000E+01  5.0000E-01  0.0000E+00  6.1340E+01  0.0000E+00  7.8868E+01 -6.3981E-01 -2.8699E-01  6.1340E+01  1.5257E+02 -9.1235E+01 -3.2480E-01
  5.1000E+01  2.0000E+00  0.0000E+00  6.0580E+01  0.0000E+00  7.6623E+01 -6.2010E-01 -2.7037E-01  6.0580E+01  1.4823E+02 -8.7653E+01 -3.1722E-01
  5.1000E+01  4.0000E+00  0.0000E+00  5.8890E+01  0.0000E+00  5.9250E+01 -3.3342E-01 -7.8479E-03  5.8890E+01  1.1462E+02 -5.5733E+01 -2.1091E-01
  5.1000E+01  8.0000E+00  0.0000E+00  7.5560E+01  0.0000E+00  3.5447E+01  1.1666E+00  1.4613E+00  7.5560E+01  6.8575E+01  6.9854E+00  3.2454E-01
  5.2000E+01  0.0000E+00  3.0000E+05  0.0000E+00  1.0000E+00  0.0000E+00  0.0000E+00  0.0000E+00  0.0000E+00  0.0000E+00  0.0000E+00  0.0000E+00
  5.2000E+01  0.0000E+00  0.0000E+00  0.0000E+00  0.0000E+00  0.0000E+00  0.0000E+00  0.0000E+00  0.0000E+00  0.0000E+00  0.0000E+00  0.0000E+00
  5.2000E+01  5.0000E-01  0.0000E+00  4.9570E+01  0.0000E+00  1.3360E+02  4.6522E-02 -8.1218E-01  4.9570E+01  3.0515E+01  1.9055E+01 -4.9486E-01
  5.2000E+01  1.0000E+00  0.0000E+00  1.3940E+01  0.0000E+00  1.4432E+02 -2.8833E-01 -1.1666E+00  1.3940E+01  3.2964E+01 -1.9024E+01 -1.5191E+00
  5.2000E+01  2.0000E+00  0.0000E+00  3.3956E+02  0.0000E+00  1.2980E+02  2.9385E+00  2.0869E+00  3.3956E+02  2.9647E+01  3.0991E+02  8.0633E+00
  5.2000E+01  4.0000E+00  0.0000E+00  1.5160E+01  0.0000E+00  1.0037E+02 -3.0224E-01 -1.0963E+00  1.5160E+01  2.2925E+01 -7.7645E+00 -1.4105E+00
  5.2000E+01  8.0000E+00  0.0000E+00  2.4800E+00  0.0000E+00  6.0046E+01 -5.3051E-01 -1.2380E+00  2.4800E+00  1.3715E+01 -1.1235E+01 -1.9300E+00
  5.3000E+01  0.0000E+00  3.0000E+05  0.0000E+00  1.0000E+00  0.0000E+00  0.0000E+00  0.0000E+00  0.0000E+00  0.0000E+00  0.0000E+00  0.0000E+00
  5.3000E+01  0.0000E+00  0.0000E+00  0.0000E+00  0.0000E+00  0.0000E+00  0.0000E+00  0.0000E+00  0.0000E+00  0.0000E+00  0.0000E+00  0.0000E+00
  5.3000E+01  5.0000E-01  0.0000E+00  2.7510E+01  0.0000E+00  1.8386E+01  1.7128E-01  6.4082E-01  2.7510E+01  3.0515E+01 -3.0050E+00  1.9473E-02
  5.3000E+01  1.0000E+00  0.0000E+00  2.4070E+01  0.0000E+00  1.9861E+01 -2.0013E-01  2.7363E-01  2.4070E+01  3.2964E+01 -8.8940E+00 -1.3269E-01
  5.3000E+01  2.0000E+00  0.0000E+00  3.0780E+01  0.0000E+00  1.7863E+01  4.6581E-01  9.3382E-01  3.0780E+01  2.9647E+01  1.1335E+00  1.3967E-01
  5.3000E+01  4.0000E+00  0.0000E+00  6.7200E+00  0.0000E+00  1.3812E+01 -1.1181E+00 -6.6306E-01  6.7200E+00  2.2925E+01 -1.6205E+01 -5.0081E-01
  5.3000E+01  8.0000E+00  0.0000E+00  1.2390E+01  0.0000E+00  8.2635E+00  2.1115E-01  6.4483E-01  1.2390E+01  1.3715E+01 -1.3249E+00  4.6092E-02
  5.4000E+01  0.0000E+00  3.0000E+05  0.0000E+00  1.0000E+00  0.0000E+00  0.0000E+00  0.0000E+00  0.0000E+00  0.0000E+00  0.0000E+00  0.0000E+00
  5.4000E+01  0.0000E+00  0.0000E+00  0.0000E+00  0.0000E+00  0.0000E+00  0.0000E+00  0.0000E+00  0.0000E+00  0.0000E+00  0.0000E+00  0.0000E+00
  5.4000E+01  5.0000E-01  0.0000E+00  1.0359E+02  0.0000E+00  4.0189E+01  2.1276E+00  2.0371E+00  1.0359E+02  3.0515E+01  7.3075E+01  1.9205E+00
  5.4000E+01  1.0000E+00  0.0000E+00  3.2890E+01  0.0000E+00  4.3415E+01 -2.1897E-01 -3.1304E-01  3.2890E+01  3.2964E+01 -7.3950E-02 -1.6549E-01
  5.4000E+01  2.0000E+00  0.0000E+00  1.9000E+01  0.0000E+00  3.9046E+01 -5.7362E-01 -6.6294E-01  1.9000E+01  2.9647E+01 -1.0647E+01 -4.8065E-01
  5.4000E+01  4.0000E+00  0.0000E+00  1.3240E+01  0.0000E+00  3.0193E+01 -6.4492E-01 -7.2504E-01  1.3240E+01  2.2925E+01 -9.6845E+00 -5.4430E-01
  5.4000E+01  8.0000E+00  0.0000E+00  9.3200E+00  0.0000E+00  1.8063E+01 -5.5454E-01 -6.2503E-01  9.3200E+00  1.3715E+01 -4.3949E+00 -4.6595E-01
  5.5000E+01  0.0000E+00  8.0000E+05  0.0000E+00  1.0000E+00  0.0000E+00  0.0000E+00  0.0000E+00  0.0000E+00  0.0000E+00  0.0000E+00  0.0000E+00
  5.5000E+01  0.0000E+00  0.0000E+00  0.0000E+00  0.0000E+00  0.0000E+00  0.0000E+00  0.0000E+00  0.0000E+00  0.0000E+00  0.0000E+00  0.0000E+00
  5.5000E+01  5.0000E-01  0.0000E+00  3.1770E+01  0.0000E+00  3.6913E+01 -7.8279E-01 -1.7991E-01  3.1770E+01  8.1373E+01 -4.9603E+01 -3.3684E-01
  5.5000E+01  1.0000E+00  0.0000E+00  8.0990E+01  0.0000E+00  3.9875E+01  7.1820E-01  1.3314E+00  8.0990E+01  8.7904E+01 -6.9139E+00  1.2045E-01
  5.5000E+01  2.0000E+00  0.0000E+00  5.5610E+01  0.0000E+00  3.5862E+01  1.1201E-01  7.1105E-01  5.5610E+01  7.9057E+01 -2.3447E+01 -6.2057E-02
  5.5000E+01  4.0000E+00  0.0000E+00  2.5940E+01  0.0000E+00  2.7731E+01 -6.4973E-01 -8.3403E-02  2.5940E+01  6.1132E+01 -3.5192E+01 -2.8811E-01
  5.5000E+01  8.0000E+00  0.0000E+00  1.3110E+01  0.0000E+00  1.6590E+01 -7.8011E-01 -2.7090E-01  1.3110E+01  3.6573E+01 -2.3463E+01 -3.1564E-01
  5.6000E+01  0.0000E+00  8.0000E+05  0.0000E+00  1.0000E+00  0.0000E+00  0.0000E+00  0.0000E+00  0.0000E+00  0.0000E+00  0.0000E+00  0.0000E+00
  5.6000E+01  0.0000E+00  0.0000E+00  0.0000E+00  0.0000E+00  0.0000E+00  0.0000E+00  0.0000E+00  0.0000E+00  0.0000E+00  0.0000E+00  0.0000E+00
  5.6000E+01  5.0000E-01  0.0000E+00  4.6710E+01  0.0000E+00  2.9924E+01  1.0771E-01  7.2439E-01  4.6710E+01  8.1373E+01 -3.4663E+01 -1.0778E-01
  5.6000E+01  1.0000E+00  0.0000E+00  4.6190E+01  0.0000E+00  3.2325E+01 -7.9720E-02  5.5386E-01  4.6190E+01  8.7904E+01 -4.1714E+01 -1.5748E-01
  5.6000E+01  2.0000E+00  0.0000E+00  5.1680E+01  0.0000E+00  2.9072E+01  3.9377E-01  1.0042E+00  5.1680E+01  7.9057E+01 -2.7377E+01 -3.5614E-02
  5.6000E+01  4.0000E+00  0.0000E+00  1.1530E+01  0.0000E+00  2.2480E+01 -1.1857E+00 -6.2900E-01  1.1530E+01  6.1132E+01 -4.9602E+01 -4.1758E-01
  5.6000E+01  8.0000E+00  0.0000E+00  1.9600E+00  0.0000E+00  1.3449E+01 -1.5651E+00 -1.1031E+00  1.9600E+00  3.6573E+01 -3.4613E+01 -4.9442E-01
  5.7000E+01  0.0000E+00  8.0000E+05  0.0000E+00  1.0000E+00  0.0000E+00  0.0000E+00  0.0000E+00  0.0000E+00  0.0000E+00  0.0000E+00  0.0000E+00
  5.7000E+01  0.0000E+00  0.0000E+00  0.0000E+00  0.0000E+00  0.0000E+00  0.0000E+00  0.0000E+00  0.0000E+00  0.0000E+00  0.0000E+00  0.0000E+00
  5.7000E+01  5.0000E-01  0.0000E+00  4.0780E+01  0.0000E+00  2.2561E+01  2.3447E-01  1.0427E+00  4.0780E+01  8.1373E+01 -4.0593E+01 -1.5074E-01
  5.7000E+01  2.0000E+00  0.0000E+00  3.0770E+01  0.0000E+00  2.1919E+01 -2.7860E-01  5.2140E-01  3.0770E+01  7.9057E+01 -4.8287E+01 -2.4516E-01
  5.7000E+01  4.0000E+00  0.0000E+00  1.5530E+01  0.0000E+00  1.6949E+01 -8.3738E-01 -1.0814E-01  1.5530E+01  6.1132E+01 -4.5602E+01 -3.3598E-01
  5.7000E+01  8.0000E+00  0.0000E+00  2.6800E+00  0.0000E+00  1.0140E+01 -1.5554E+00 -9.5002E-01  2.6800E+00  3.6573E+01 -3.3893E+01 -4.4615E-01
  5.8000E+01  0.0000E+00  1.5000E+06  0.0000E+00  1.0000E+00  0.0000E+00  0.0000E+00  0.0000E+00  0.0000E+00  0.0000E+00  0.0000E+00  0.0000E+00
  5.8000E+01  0.0000E+00  0.0000E+00  0.0000E+00  0.0000E+00  0.0000E+00  0.0000E+00  0.0000E+00  0.0000E+00  0.0000E+00  0.0000E+00  0.0000E+00
  5.8000E+01  5.0000E-01  0.0000E+00  3.6030E+01  0.0000E+00  4.9542E+01 -1.0327E+00 -3.5219E-01  3.6030E+01  1.5257E+02 -1.1654E+02 -3.8079E-01
  5.8000E+01  1.0000E+00  0.0000E+00  8.2800E+01  0.0000E+00  5.3518E+01  1.0551E-02  7.0652E-01  8.2800E+01  1.6482E+02 -8.2020E+01 -1.5606E-01
  5.8000E+01  2.0000E+00  0.0000E+00  7.7570E+01  0.0000E+00  4.8132E+01  1.1493E-01  7.8976E-01  7.7570E+01  1.4823E+02 -7.0663E+01 -1.2785E-01
  5.8000E+01  4.0000E+00  0.0000E+00  2.7970E+01  0.0000E+00  3.7219E+01 -9.4916E-01 -3.2089E-01  2.7970E+01  1.1462E+02 -8.6653E+01 -3.4868E-01
  5.8000E+01  8.0000E+00  0.0000E+00  3.5900E+01  0.0000E+00  2.2267E+01  2.3548E-01  7.9063E-01  3.5900E+01  6.8575E+01 -3.2675E+01 -6.7611E-02
  5.9000E+01  0.0000E+00  1.5000E+06  0.0000E+00  1.0000E+00  0.0000E+00  0.0000E+00  0.0000E+00  0.0000E+00  0.0000E+00  0.0000E+00  0.0000E+00
  5.9000E+01  0.0000E+00  0.0000E+00  0.0000E+00  0.0000E+00  0.0000E+00  0.0000E+00  0.0000E+00  0.0000E+00  0.0000E+00  0.0000E+00  0.0000E+00
  5.9000E+01  5.0000E-01  0.0000E+00  4.2590E+01  0.0000E+00  1.7692E+02 -6.5180E-01 -9.8045E-01  4.2590E+01  1.5257E+02 -1.0998E+02 -5.3256E-01
  5.9000E+01  1.0000E+00  0.0000E+00  4.7080E+01  0.0000E+00  1.9112E+02 -6.4905E-01 -9.7320E-01  4.7080E+01  1.6482E+02 -1.1774E+02 -5.3037E-01
  5.9000E+01  2.0000E+00  0.0000E+00  4.2174E+02  0.0000E+00  1.7188E+02  2.2074E+00  1.8771E+00  4.2174E+02  1.4823E+02  2.7351E+02  1.7051E+00
  5.9000E+01  4.0000E+00  0.0000E+00  1.5740E+01  0.0000E+00  1.3291E+02 -7.9304E-01 -1.1384E+00  1.5740E+01  1.1462E+02 -9.8883E+01 -6.4318E-01
  5.9000E+01  8.0000E+00  0.0000E+00  1.7100E+00  0.0000E+00  7.9516E+01 -8.8899E-01 -1.2635E+00  1.7100E+00  6.8575E+01 -6.6865E+01 -7.1833E-01
  6.0000E+01  0.0000E+00  1.5000E+06  0.0000E+00  1.0000E+00  0.0000E+00  0.0000E+00  0.0000E+00  0.0000E+00  0.0000E+00  0.0000E+00  0.0000E+00
  6.0000E+01  0.0000E+00  0.0000E+00  0.0000E+00  0.0000E+00  0.0000E+00  0.0000E+00  0.0000E+00  0.0000E+00  0.0000E+00  0.0000E+00  0.0000E+00
  6.0000E+01  5.0000E-01  0.0000E+00  8.6410E+01  0.0000E+00  5.9872E+01  8.8722E-02  5.7236E-01  8.6410E+01  1.5257E+02 -6.6165E+01 -1.0659E-01
  6.0000E+01  1.0000E+00  0.0000E+00  4.2610E+01  0.0000E+00  6.4677E+01 -9.4101E-01 -4.4058E-01  4.2610E+01  1.6482E+02 -1.2221E+02 -3.8226E-01
  6.0000E+01  2.0000E+00  0.0000E+00  1.2697E+02  0.0000E+00  5.8168E+01  1.0499E+00  1.5274E+00  1.2697E+02  1.4823E+02 -2.1263E+01  1.4907E-01
  6.0000E+01  4.0000E+00  0.0000E+00  1.7930E+01  0.0000E+00  4.4979E+01 -1.2015E+00 -7.7655E-01  1.7930E+01  1.1462E+02 -9.6693E+01 -4.3780E-01
  6.0000E+01  8.0000E+00  0.0000E+00  9.4500E+00  0.0000E+00  2.6909E+01 -1.1728E+00 -8.3783E-01  9.4500E+00  6.8575E+01 -5.9125E+01 -4.1377E-01
  6.1000E+01  0.0000E+00  3.0000E+05  0.0000E+00  1.0000E+00  0.0000E+00  0.0000E+00  0.0000E+00  0.0000E+00  0.0000E+00  0.0000E+00  0.0000E+00
  6.1000E+01  6.4850E+02  0.0000E+00  1.4589E+02  0.0000E+00  6.2406E+01  1.7869E+00  1.7274E+00  1.4589E+02  3.3689E+01  1.1220E+02  2.2937E+00
  6.1000E+01  6.4900E+02  0.0000E+00  7.6000E+01  0.0000E+00  6.6743E+01  2.5084E-01  1.7911E-01  7.6000E+01  3.6030E+01  3.9970E+01  3.7088E-01
  6.1000E+01  6.5000E+02  0.0000E+00  4.3800E+01  0.0000E+00  6.0233E+01 -2.9919E-01 -3.5229E-01  4.3800E+01  3.2516E+01  1.1284E+01 -3.1322E-01
  6.1000E+01  6.5200E+02  0.0000E+00  2.3990E+01  0.0000E+00  4.7175E+01 -6.2182E-01 -6.3463E-01  2.3990E+01  2.5467E+01 -1.4768E+00 -7.0998E-01
  6.1000E+01  6.5600E+02  0.0000E+00  3.9490E+01  0.0000E+00  2.9272E+01  4.0104E-01  4.5078E-01  3.9490E+01  1.5802E+01  2.3688E+01  5.7588E-01
  6.2000E+01  0.0000E+00  3.0000E+05  0.0000E+00  1.0000E+00  0.0000E+00  0.0000E+00  0.0000E+00  0.0000E+00  0.0000E+00  0.0000E+00  0.0000E+00
  6.2000E+01  6.4850E+02  0.0000E+00  5.1150E+01  0.0000E+00  2.5287E+01  9.6323E-01  1.3207E+00  5.1150E+01  3.3689E+01  1.7461E+01  4.7361E-01
  6.2000E+01  6.4900E+02  0.0000E+00  3.5010E+01  0.0000E+00  2.7044E+01  2.2382E-02  3.8034E-01  3.5010E+01  3.6030E+01 -1.0202E+00 -3.3559E-03
  6.2000E+01  6.5000E+02  0.0000E+00  1.9830E+01  0.0000E+00  2.4406E+01 -5.9934E-01 -2.4213E-01  1.9830E+01  3.2516E+01 -1.2686E+01 -3.1782E-01
  6.2000E+01  6.5200E+02  0.0000E+00  1.3470E+01  0.0000E+00  1.9115E+01 -7.3683E-01 -3.8137E-01  1.3470E+01  2.5467E+01 -1.1997E+01 -3.8634E-01
  6.2000E+01  6.5600E+02  0.0000E+00  1.7880E+01  0.0000E+00  1.1861E+01  3.0274E-01  6.5529E-01  1.7880E+01  1.5802E+01  2.0781E+00  1.4222E-01
  6.3000E+01  0.0000E+00  3.0000E+05  0.0000E+00  1.0000E+00  0.0000E+00  0.0000E+00  0.0000E+00  0.0000E+00  0.0000E+00  0.0000E+00  0.0000E+00
  6.3000E+01  6.4850E+02  0.0000E+00  1.4626E+02  0.0000E+00  7.0279E+01  1.4784E+00  1.3961E+00  1.4626E+02  3.3689E+01  1.1257E+02  2.1425E+00
  6.3000E+01  6.4900E+02  0.0000E+00  1.2381E+02  0.0000E+00  7.5163E+01  9.3020E-01  8.3577E-01  1.2381E+02  3.6030E+01  8.7780E+01  1.3675E+00
  6.3000E+01  6.5000E+02  0.0000E+00  9.0630E+01  0.0000E+00  6.7831E+01  5.1017E-01  4.3401E-01  9.0630E+01  3.2516E+01  5.8114E+01  7.8091E-01
  6.3000E+01  6.5200E+02  0.0000E+00  1.6710E+01  0.0000E+00  5.3126E+01 -8.4660E-01 -8.8515E-01  1.6710E+01  2.5467E+01 -8.7568E+00 -1.1208E+00
  6.3000E+01  6.5600E+02  0.0000E+00  7.8900E+00  0.0000E+00  3.2964E+01 -9.9487E-01 -9.8223E-01  7.8900E+00  1.5802E+01 -7.9119E+00 -1.3216E+00
  6.4000E+01  0.0000E+00  8.0000E+05  0.0000E+00  1.0000E+00  0.0000E+00  0.0000E+00  0.0000E+00  0.0000E+00  0.0000E+00  0.0000E+00  0.0000E+00
  6.4000E+01  6.4850E+02  0.0000E+00  1.2051E+02  0.0000E+00  1.3052E+02  8.9617E-04 -9.9034E-02  1.2051E+02  8.9838E+01  3.0672E+01  3.1166E-02
  6.4000E+01  6.4900E+02  0.0000E+00  1.8588E+02  0.0000E+00  1.3959E+02  5.3694E-01  4.2823E-01  1.8588E+02  9.6080E+01  8.9800E+01  5.5567E-01
  6.4000E+01  6.5000E+02  0.0000E+00  3.2050E+01  0.0000E+00  1.2597E+02 -8.6745E-01 -9.6277E-01  3.2050E+01  8.6709E+01 -5.4659E+01 -8.1973E-01
  6.4000E+01  6.5200E+02  0.0000E+00  1.0842E+02  0.0000E+00  9.8664E+01  1.9206E-01  1.2768E-01  1.0842E+02  6.7912E+01  4.0508E+01  2.2263E-01
  6.4000E+01  6.5600E+02  0.0000E+00  1.3920E+02  0.0000E+00  6.1220E+01  1.6537E+00  1.6448E+00  1.3920E+02  4.2138E+01  9.7062E+01  1.6607E+00
  6.5000E+01  0.0000E+00  8.0000E+05  0.0000E+00  1.0000E+00  0.0000E+00  0.0000E+00  0.0000E+00  0.0000E+00  0.0000E+00  0.0000E+00  0.0000E+00
  6.5000E+01  6.4850E+02  0.0000E+00  7.7650E+01  0.0000E+00  7.5188E+01 -6.8885E-02  4.2283E-02  7.7650E+01  8.9838E+01 -1.2188E+01 -6.0450E-02
  6.5000E+01  6.4900E+02  0.0000E+00  4.5050E+01  0.0000E+00  8.0412E+01 -6.7836E-01 -5.6787E-01  4.5050E+01  9.6080E+01 -5.1030E+01 -4.0521E-01
  6.5000E+01  6.5000E+02  0.0000E+00  4.5490E+01  0.0000E+00  7.2569E+01 -5.9346E-01 -4.8185E-01  4.5490E+01  8.6709E+01 -4.1219E+01 -3.5650E-01
  6.5000E+01  6.5200E+02  0.0000E+00  8.0010E+01  0.0000E+00  5.6837E+01  4.1030E-01  5.2648E-01  8.0010E+01  6.7912E+01  1.2098E+01  2.1242E-01
  6.5000E+01  6.5600E+02  0.0000E+00  7.9040E+01  0.0000E+00  3.5267E+01  1.4715E+00  1.6028E+00  7.9040E+01  4.2138E+01  3.6902E+01  8.1577E-01
  6.6000E+01  0.0000E+00  8.0000E+05  0.0000E+00  1.0000E+00  0.0000E+00  0.0000E+00  0.0000E+00  0.0000E+00  0.0000E+00  0.0000E+00  0.0000E+00
  6.6000E+01  6.4850E+02  0.0000E+00  1.1616E+02  0.0000E+00  6.7005E+01  5.1848E-01  9.4730E-01  1.1616E+02  8.9838E+01  2.6322E+01  2.5306E-01
  6.6000E+01  6.4900E+02  0.0000E+00  8.3740E+01  0.0000E+00  7.1661E+01 -2.1155E-01  2.1766E-01  8.3740E+01  9.6080E+01 -1.2340E+01 -1.1468E-01
  6.6000E+01  6.5000E+02  0.0000E+00  8.9320E+01  0.0000E+00  6.4671E+01  6.3594E-02  4.9217E-01  8.9320E+01  8.6709E+01  2.6110E+00  2.4196E-02
  6.6000E+01  6.5200E+02  0.0000E+00  8.4270E+01  0.0000E+00  5.0651E+01  4.3100E-01  8.5707E-01  8.4270E+01  6.7912E+01  1.6358E+01  2.0986E-01
  6.6000E+01  6.5600E+02  0.0000E+00  1.4300E+01  0.0000E+00  3.1429E+01 -1.1216E+00 -7.0376E-01  1.4300E+01  4.2138E+01 -2.7838E+01 -5.7087E-01
  6.7000E+01  0.0000E+00  1.5000E+06  0.0000E+00  1.0000E+00  0.0000E+00  0.0000E+00  0.0000E+00  0.0000E+00  0.0000E+00  0.0000E+00  0.0000E+00
  6.7000E+01  6.4850E+02  0.0000E+00  5.2270E+01  0.0000E+00  1.0270E+02 -5.3337E-01 -6.3409E-01  5.2270E+01  1.6845E+02 -1.1618E+02 -3.1413E-01
  6.7000E+01  6.4900E+02  0.0000E+00  5.2440E+01  0.0000E+00  1.0984E+02 -5.8408E-01 -6.7479E-01  5.2440E+01  1.8015E+02 -1.2771E+02 -3.3634E-01
  6.7000E+01  6.5000E+02  0.0000E+00  3.1880E+01  0.0000E+00  9.9124E+01 -7.7023E-01 -8.7600E-01  3.1880E+01  1.6258E+02 -1.3070E+02 -4.1088E-01
  6.7000E+01  6.5200E+02  0.0000E+00  1.6970E+01  0.0000E+00  7.7635E+01 -8.7288E-01 -1.0090E+00  1.6970E+01  1.2733E+02 -1.1036E+02 -4.4796E-01
  6.7000E+01  6.5600E+02  0.0000E+00  1.1908E+02  0.0000E+00  4.8172E+01  2.0756E+00  1.9008E+00  1.1908E+02  7.9010E+01  4.0070E+01  7.7552E-01
  6.8000E+01  0.0000E+00  1.5000E+06  0.0000E+00  1.0000E+00  0.0000E+00  0.0000E+00  0.0000E+00  0.0000E+00  0.0000E+00  0.0000E+00  0.0000E+00
  6.8000E+01  6.4850E+02  0.0000E+00  1.9869E+02  0.0000E+00  9.0542E+01  1.1011E+00  1.5424E+00  1.9869E+02  1.6845E+02  3.0244E+01  3.2452E-01
  6.8000E+01  6.4900E+02  0.0000E+00  9.8040E+01  0.0000E+00  9.6833E+01 -4.3212E-01  1.6097E-02  9.8040E+01  1.8015E+02 -8.2111E+01 -2.3311E-01
  6.8000E+01  6.5000E+02  0.0000E+00  4.2910E+01  0.0000E+00  8.7388E+01 -1.0949E+00 -6.5724E-01  4.2910E+01  1.6258E+02 -1.1967E+02 -4.7144E-01
  6.8000E+01  6.5200E+02  0.0000E+00  9.0750E+01  0.0000E+00  6.8443E+01  6.5754E-03  4.2085E-01  9.0750E+01  1.2733E+02 -3.6584E+01 -6.6896E-02
  6.8000E+01  6.5600E+02  0.0000E+00  3.6010E+01  0.0000E+00  4.2468E+01 -5.7174E-01 -1.9638E-01  3.6010E+01  7.9010E+01 -4.3000E+01 -2.6809E-01
  6.9000E+01  0.0000E+00  1.5000E+06  0.0000E+00  1.0000E+00  0.0000E+00  0.0000E+00  0.0000E+00  0.0000E+00  0.0000E+00  0.0000E+00  0.0000E+00
  6.9000E+01  6.4850E+02  0.0000E+00  9.0160E+01  0.0000E+00  1.4991E+02 -3.7262E-01 -5.1466E-01  9.0160E+01  1.6845E+02 -7.8286E+01 -2.6301E-01
  6.9000E+01  6.4900E+02  0.0000E+00  6.9290E+01  0.0000E+00  1.6032E+02 -5.9337E-01 -7.3321E-01  6.9290E+01  1.8015E+02 -1.1086E+02 -3.9610E-01
  6.9000E+01  6.5000E+02  0.0000E+00  1.0651E+02  0.0000E+00  1.4469E+02 -1.9765E-01 -3.4071E-01  1.0651E+02  1.6258E+02 -5.6069E+01 -1.5764E-01
  6.9000E+01  6.5200E+02  0.0000E+00  4.1830E+01  0.0000E+00  1.1332E+02 -6.6699E-01 -8.1464E-01  4.1830E+01  1.2733E+02 -8.5504E+01 -4.3738E-01
  6.9000E+01  6.5600E+02  0.0000E+00  1.7757E+02  0.0000E+00  7.0313E+01  2.1155E+00  1.9698E+00  1.7757E+02  7.9010E+01  9.8560E+01  1.2388E+00
  7.0000E+01  0.0000E+00  3.0000E+05  0.0000E+00  1.0000E+00  0.0000E+00  0.0000E+00  0.0000E+00  0.0000E+00  0.0000E+00  0.0000E+00  0.0000E+00
  7.0000E+01  6.4850E+02  0.0000E+00  4.8230E+01  0.0000E+00  2.3581E+01  1.0116E+00  1.3498E+00  4.8230E+01  3.3689E+01  1.4541E+01  4.4977E-01
  7.0000E+01  6.4900E+02  0.0000E+00  4.4410E+01  0.0000E+00  2.5219E+01  6.3974E-01  9.8261E-01  4.4410E+01  3.6030E+01  8.3798E+00  2.7378E-01
  7.0000E+01  6.5000E+02  0.0000E+00  1.5100E+01  0.0000E+00  2.2760E+01 -7.7032E-01 -4.3458E-01  1.5100E+01  3.2516E+01 -1.7416E+01 -3.9185E-01
  7.0000E+01  6.5200E+02  0.0000E+00  1.2460E+01  0.0000E+00  1.7826E+01 -7.0702E-01 -3.8869E-01  1.2460E+01  2.5467E+01 -1.3007E+01 -3.6084E-01
  7.0000E+01  6.5600E+02  0.0000E+00  3.7700E+00  0.0000E+00  1.1061E+01 -1.1353E+00 -8.5116E-01  3.7700E+00  1.5802E+01 -1.2032E+01 -5.6142E-01
  7.1000E+01  0.0000E+00  3.0000E+05  0.0000E+00  1.0000E+00  0.0000E+00  0.0000E+00  0.0000E+00  0.0000E+00  0.0000E+00  0.0000E+00  0.0000E+00
  7.1000E+01  6.4850E+02  0.0000E+00  4.7400E+00  0.0000E+00  5.6038E+01 -7.2008E-01 -1.1821E+00  4.7400E+00  3.3689E+01 -2.8949E+01 -8.4328E-01
  7.1000E+01  6.4900E+02  0.0000E+00  2.5070E+01  0.0000E+00  5.9931E+01 -2.8441E-01 -7.5114E-01  2.5070E+01  3.6030E+01 -1.0960E+01 -3.5631E-01
  7.1000E+01  6.5000E+02  0.0000E+00  2.1560E+01  0.0000E+00  5.4086E+01 -3.1702E-01 -7.7656E-01  2.1560E+01  3.2516E+01 -1.0956E+01 -3.8969E-01
  7.1000E+01  6.5200E+02  0.0000E+00  1.0875E+02  0.0000E+00  4.2361E+01  2.4669E+00  2.0238E+00  1.0875E+02  2.5467E+01  8.3283E+01  2.7427E+00
  7.1000E+01  6.5600E+02  0.0000E+00  7.8300E+00  0.0000E+00  2.6284E+01 -4.9153E-01 -9.0663E-01  7.8300E+00  1.5802E+01 -7.9719E+00 -5.6767E-01
  7.2000E+01  0.0000E+00  3.0000E+05  0.0000E+00  1.0000E+00  0.0000E+00  0.0000E+00  0.0000E+00  0.0000E+00  0.0000E+00  0.0000E+00  0.0000E+00
  7.2000E+01  6.4850E+02  0.0000E+00  4.0010E+01  0.0000E+00  2.5519E+01  3.3815E-01  7.3325E-01  4.0010E+01  3.3689E+01  6.3207E+00  1.6308E-01
  7.2000E+01  6.4900E+02  0.0000E+00  3.8130E+01  0.0000E+00  2.7292E+01  1.1854E-01  5.1276E-01  3.8130E+01  3.6030E+01  2.0998E+00  5.0455E-02
  7.2000E+01  6.5000E+02  0.0000E+00  1.8120E+01  0.0000E+00  2.4630E+01 -7.3688E-01 -3.4132E-01  1.8120E+01  3.2516E+01 -1.4396E+01 -3.8634E-01
  7.2000E+01  6.5200E+02  0.0000E+00  3.1290E+01  0.0000E+00  1.9291E+01  4.0459E-01  8.0321E-01  3.1290E+01  2.5467E+01  5.8232E+00  1.9840E-01
  7.2000E+01  6.5600E+02  0.0000E+00  0.0000E+00  1.0000E+00  1.1970E+01  0.0000E+00 -1.2913E+00  0.0000E+00  1.5802E+01  0.0000E+00  0.0000E+00
  7.3000E+01  0.0000E+00  8.0000E+05  0.0000E+00  1.0000E+00  0.0000E+00  0.0000E+00  0.0000E+00  0.0000E+00  0.0000E+00  0.0000E+00  0.0000E+00
  7.3000E+01  6.4850E+02  0.0000E+00  3.0150E+01  0.0000E+00  2.2711E+02 -2.1956E-01 -1.1199E+00  3.0150E+01  8.9838E+01 -5.9688E+01 -6.1665E-01
  7.3000E+01  6.4900E+02  0.0000E+00  2.0340E+01  0.0000E+00  2.4289E+02 -2.7384E-01 -1.1832E+00  2.0340E+01  9.6080E+01 -7.5740E+01 -7.1887E-01
  7.3000E+01  6.5000E+02  0.0000E+00  2.7190E+01  0.0000E+00  2.1920E+02 -2.3559E-01 -1.1311E+00  2.7190E+01  8.6709E+01 -5.9519E+01 -6.3902E-01
  7.3000E+01  6.5200E+02  0.0000E+00  2.9340E+01  0.0000E+00  1.7168E+02 -2.0826E-01 -1.0706E+00  2.9340E+01  6.7912E+01 -3.8572E+01 -5.5987E-01
  7.3000E+01  6.5600E+02  0.0000E+00  2.7043E+02  0.0000E+00  1.0653E+02  2.7851E+00  1.9869E+00  2.7043E+02  4.2138E+01  2.2829E+02  4.6012E+00
  7.4000E+01  0.0000E+00  8.0000E+05  0.0000E+00  1.0000E+00  0.0000E+00  0.0000E+00  0.0000E+00  0.0000E+00  0.0000E+00  0.0000E+00  0.0000E+00
  7.4000E+01  6.4850E+02  0.0000E+00  4.4480E+01  0.0000E+00  4.4613E+01 -4.0423E-01 -3.8459E-03  4.4480E+01  8.9838E+01 -4.5358E+01 -2.2956E-01
  7.4000E+01  6.4900E+02  0.0000E+00  3.2670E+01  0.0000E+00  4.7713E+01 -8.1524E-01 -4.0712E-01  3.2670E+01  9.6080E+01 -6.3410E+01 -3.6914E-01
  7.4000E+01  6.5000E+02  0.0000E+00  3.5680E+01  0.0000E+00  4.3059E+01 -6.1771E-01 -2.2129E-01  3.5680E+01  8.6709E+01 -5.1029E+01 -3.0015E-01
  7.4000E+01  6.5200E+02  0.0000E+00  7.8190E+01  0.0000E+00  3.3724E+01  1.3311E+00  1.7026E+00  7.8190E+01  6.7912E+01  1.0278E+01  3.5950E-01
  7.4000E+01  6.5600E+02  0.0000E+00  1.9850E+01  0.0000E+00  2.0926E+01 -4.0057E-01 -6.6376E-02  1.9850E+01  4.2138E+01 -2.2288E+01 -2.0940E-01
  7.5000E+01  0.0000E+00  8.0000E+05  0.0000E+00  1.0000E+00  0.0000E+00  0.0000E+00  0.0000E+00  0.0000E+00  0.0000E+00  0.0000E+00  0.0000E+00
  7.5000E+01  6.4850E+02  0.0000E+00  3.7640E+01  0.0000E+00  2.8973E+01 -2.6575E-01  3.8629E-01  3.7640E+01  8.9838E+01 -5.2198E+01 -2.1507E-01
  7.5000E+01  6.4900E+02  0.0000E+00  2.4660E+01  0.0000E+00  3.0986E+01 -9.2854E-01 -2.6363E-01  2.4660E+01  9.6080E+01 -7.1420E+01 -3.6281E-01
  7.5000E+01  6.5000E+02  0.0000E+00  3.5940E+01  0.0000E+00  2.7964E+01 -2.7714E-01  3.6833E-01  3.5940E+01  8.6709E+01 -5.0769E+01 -2.1574E-01
  7.5000E+01  6.5200E+02  0.0000E+00  2.2230E+01  0.0000E+00  2.1901E+01 -5.8474E-01  1.9370E-02  2.2230E+01  6.7912E+01 -4.5682E+01 -2.7060E-01
  7.5000E+01  6.5600E+02  0.0000E+00  2.6360E+01  0.0000E+00  1.3590E+01  6.7070E-01  1.2135E+00  2.6360E+01  4.2138E+01 -1.5778E+01  2.3454E-02
  7.6000E+01  0.0000E+00  1.5000E+06  0.0000E+00  1.0000E+00  0.0000E+00  0.0000E+00  0.0000E+00  0.0000E+00  0.0000E+00  0.0000E+00  0.0000E+00
  7.6000E+01  6.4850E+02  0.0000E+00  9.5200E+01  0.0000E+00  4.1894E+01  9.9518E-01  1.6431E+00  9.5200E+01  1.6845E+02 -7.3246E+01 -2.8580E-02
  7.6000E+01  6.4900E+02  0.0000E+00  3.6960E+01  0.0000E+00  4.4805E+01 -8.9620E-01 -2.2609E-01  3.6960E+01  1.8015E+02 -1.4319E+02 -3.5041E-01
  7.6000E+01  6.5000E+02  0.0000E+00  3.4510E+01  0.0000E+00  4.0435E+01 -8.2559E-01 -1.8921E-01  3.4510E+01  1.6258E+02 -1.2807E+02 -3.3195E-01
  7.6000E+01  6.5200E+02  0.0000E+00  2.3330E+01  0.0000E+00  3.1669E+01 -9.0118E-01 -3.4002E-01  2.3330E+01  1.2733E+02 -1.0400E+02 -3.2963E-01
  7.6000E+01  6.5600E+02  0.0000E+00  2.9500E+00  0.0000E+00  1.9650E+01 -1.5337E+00 -1.0974E+00  2.9500E+00  7.9010E+01 -7.6060E+01 -4.1033E-01
  7.7000E+01  0.0000E+00  1.5000E+06  0.0000E+00  1.0000E+00  0.0000E+00  0.0000E+00  0.0000E+00  0.0000E+00  0.0000E+00  0.0000E+00  0.0000E+00
  7.7000E+01  6.4850E+02  0.0000E+00  5.6520E+01  0.0000E+00  8.1859E+01 -6.2910E-01 -3.9971E-01  5.6520E+01  1.6845E+02 -1.1193E+02 -3.1373E-01
  7.7000E+01  6.4900E+02  0.0000E+00  2.6100E+01  0.0000E+00  8.7547E+01 -1.1485E+00 -9.0633E-01  2.6100E+01  1.8015E+02 -1.5405E+02 -4.8593E-01
  7.7000E+01  6.5000E+02  0.0000E+00  1.9064E+02  0.0000E+00  7.9008E+01  1.6018E+00  1.8245E+00  1.9064E+02  1.6258E+02  2.8061E+01  4.1893E-01
  7.7000E+01  6.5200E+02  0.0000E+00  1.5290E+01  0.0000E+00  6.1880E+01 -1.1522E+00 -9.7223E-01  1.5290E+01  1.2733E+02 -1.1204E+02 -4.7777E-01
  7.7000E+01  6.5600E+02  0.0000E+00  3.0470E+01  0.0000E+00  3.8396E+01 -3.7735E-01 -2.6655E-01  3.0470E+01  7.9010E+01 -4.8540E+01 -2.1189E-01
  7.8000E+01  0.0000E+00  1.5000E+06  0.0000E+00  1.0000E+00  0.0000E+00  0.0000E+00  0.0000E+00  0.0000E+00  0.0000E+00  0.0000E+00  0.0000E+00
  7.8000E+01  6.4850E+02  0.0000E+00  3.3560E+01  0.0000E+00  4.8217E+01 -1.0693E+00 -3.9253E-01  3.3560E+01  1.6845E+02 -1.3489E+02 -3.8111E-01
  7.8000E+01  6.4900E+02  0.0000E+00  4.7270E+01  0.0000E+00  5.1567E+01 -8.0115E-01 -1.0760E-01  4.7270E+01  1.8015E+02 -1.3288E+02 -3.3318E-01
  7.8000E+01  6.5000E+02  0.0000E+00  7.8640E+01  0.0000E+00  4.6537E+01  2.2266E-01  8.9077E-01  7.8640E+01  1.6258E+02 -8.3939E+01 -1.2950E-01
  7.8000E+01  6.5200E+02  0.0000E+00  6.9680E+01  0.0000E+00  3.6449E+01  5.6513E-01  1.1773E+00  6.9680E+01  1.2733E+02 -5.7654E+01 -4.9923E-02
  7.8000E+01  6.5600E+02  0.0000E+00  1.0970E+01  0.0000E+00  2.2616E+01 -1.1869E+00 -6.6495E-01  1.0970E+01  7.9010E+01 -6.8040E+01 -3.6555E-01
