TABLE NO.  1
 ID          TIME        AMT         DV          MDV         IPRED       CWRES       IWRES       DV          PRED        RES         WRES
  1.0000E+00  0.0000E+00  1.0000E+04  0.0000E+00  1.0000E+00  6.7295E+03  0.0000E+00 -8.5850E-01  0.0000E+00  6.7295E+03  0.0000E+00  0.0000E+00
  1.0000E+00  0.0000E+00  0.0000E+00  0.0000E+00  0.0000E+00  6.7295E+03 -8.5850E-01 -8.5850E-01  0.0000E+00  6.7295E+03 -6.7295E+03 -8.5850E-01
  1.0000E+00  3.3000E-02  0.0000E+00  7.3336E+03  0.0000E+00  2.6131E+03  1.5508E+00  1.5508E+00  7.3336E+03  2.6131E+03  4.7205E+03  1.5508E+00
  1.0000E+00  8.3000E-02  0.0000E+00  1.1915E+03  0.0000E+00  7.7220E+02  4.6617E-01  4.6617E-01  1.1915E+03  7.7220E+02  4.1930E+02  4.6617E-01
  1.0000E+00  2.5000E-01  0.0000E+00  8.7932E+02  0.0000E+00  2.6653E+02  1.9738E+00  1.9738E+00  8.7932E+02  2.6653E+02  6.1279E+02  1.9738E+00
  1.0000E+00  5.0000E-01  0.0000E+00  1.2562E+03  0.0000E+00  2.5788E+02  3.3236E+00  3.3236E+00  1.2562E+03  2.5788E+02  9.9834E+02  3.3236E+00
  1.0000E+00  7.0000E-01  0.0000E+00  2.3189E+02  0.0000E+00  2.5343E+02 -7.2977E-02 -7.2977E-02  2.3189E+02  2.5343E+02 -2.1543E+01 -7.2977E-02
  1.0000E+00  1.0000E+00  0.0000E+00  3.0794E+02  0.0000E+00  2.4691E+02  2.1221E-01  2.1221E-01  3.0794E+02  2.4691E+02  6.1031E+01  2.1221E-01
  1.0000E+00  2.0000E+00  0.0000E+00  8.9700E-01  0.0000E+00  2.2635E+02 -8.5510E-01 -8.5510E-01  8.9700E-01  2.2635E+02 -2.2546E+02 -8.5510E-01
  1.0000E+00  4.0000E+00  0.0000E+00  1.0160E+00  0.0000E+00  1.9024E+02 -8.5392E-01 -8.5392E-01  1.0160E+00  1.9024E+02 -1.8922E+02 -8.5392E-01
  1.0000E+00  6.0000E+00  0.0000E+00  0.0000E+00  1.0000E+00  1.5988E+02  0.0000E+00 -8.5850E-01  0.0000E+00  1.5988E+02  0.0000E+00  0.0000E+00
  1.0000E+00  8.0000E+00  0.0000E+00  6.0900E-01  0.0000E+00  1.3437E+02 -8.5461E-01 -8.5461E-01  6.0900E-01  1.3437E+02 -1.3376E+02 -8.5461E-01
  2.0000E+00  0.0000E+00  1.0000E+04  0.0000E+00  1.0000E+00  6.7295E+03  0.0000E+00 -8.5850E-01  0.0000E+00  6.7295E+03  0.0000E+00  0.0000E+00
  2.0000E+00  0.0000E+00  0.0000E+00  0.0000E+00  0.0000E+00  6.7295E+03 -8.5850E-01 -8.5850E-01  0.0000E+00  6.7295E+03 -6.7295E+03 -8.5850E-01
  2.0000E+00  3.3000E-02  0.0000E+00  4.6639E+03  0.0000E+00  2.6131E+03  6.7375E-01  6.7375E-01  4.6639E+03  2.6131E+03  2.0508E+03  6.7375E-01
  2.0000E+00  8.3000E-02  0.0000E+00  1.1788E+03  0.0000E+00  7.7220E+02  4.5206E-01  4.5206E-01  1.1788E+03  7.7220E+02  4.0662E+02  4.5206E-01
  2.0000E+00  2.5000E-01  0.0000E+00  5.2594E+02  0.0000E+00  2.6653E+02  8.3559E-01  8.3559E-01  5.2594E+02  2.6653E+02  2.5941E+02  8.3559E-01
  2.0000E+00  5.0000E-01  0.0000E+00  3.5647E+02  0.0000E+00  2.5788E+02  3.2824E-01  3.2824E-01  3.5647E+02  2.5788E+02  9.8597E+01  3.2824E-01
  2.0000E+00  7.5000E-01  0.0000E+00  2.1360E+01  0.0000E+00  2.5233E+02 -7.8583E-01 -7.8583E-01  2.1360E+01  2.5233E+02 -2.3097E+02 -7.8583E-01
  2.0000E+00  1.0000E+00  0.0000E+00  5.5186E+02  0.0000E+00  2.4691E+02  1.0603E+00  1.0603E+00  5.5186E+02  2.4691E+02  3.0495E+02  1.0603E+00
  2.0000E+00  2.0000E+00  0.0000E+00  4.7980E+00  0.0000E+00  2.2635E+02 -8.4031E-01 -8.4031E-01  4.7980E+00  2.2635E+02 -2.2156E+02 -8.4031E-01
  2.0000E+00  4.0000E+00  0.0000E+00  3.3000E-02  0.0000E+00  1.9024E+02 -8.5836E-01 -8.5836E-01  3.3000E-02  1.9024E+02 -1.9020E+02 -8.5836E-01
  2.0000E+00  6.0000E+00  0.0000E+00  5.9700E-01  0.0000E+00  1.5988E+02 -8.5530E-01 -8.5530E-01  5.9700E-01  1.5988E+02 -1.5929E+02 -8.5530E-01
  2.0000E+00  8.0000E+00  0.0000E+00  8.4600E-01  0.0000E+00  1.3437E+02 -8.5310E-01 -8.5310E-01  8.4600E-01  1.3437E+02 -1.3353E+02 -8.5310E-01
  3.0000E+00  0.0000E+00  1.0000E+04  0.0000E+00  1.0000E+00  6.7295E+03  0.0000E+00 -8.5850E-01  0.0000E+00  6.7295E+03  0.0000E+00  0.0000E+00
  3.0000E+00  0.0000E+00  0.0000E+00  0.0000E+00  0.0000E+00  6.7295E+03 -8.5850E-01 -8.5850E-01  0.0000E+00  6.7295E+03 -6.7295E+03 -8.5850E-01
  3.0000E+00  3.3000E-02  0.0000E+00  3.7945E+03  0.0000E+00  2.6131E+03  3.8812E-01  3.8812E-01  3.7945E+03  2.6131E+03  1.1814E+03  3.8812E-01
  3.0000E+00  8.3000E-02  0.0000E+00  1.2588E+03  0.0000E+00  7.7220E+02  5.4098E-01  5.4098E-01  1.2588E+03  7.7220E+02  4.8660E+02  5.4098E-01
  3.0000E+00  2.5000E-01  0.0000E+00  5.4645E+02  0.0000E+00  2.6653E+02  9.0164E-01  9.0164E-01  5.4645E+02  2.6653E+02  2.7992E+02  9.0164E-01
  3.0000E+00  5.0000E-01  0.0000E+00  4.9878E+01  0.0000E+00  2.5788E+02 -6.9245E-01 -6.9245E-01  4.9878E+01  2.5788E+02 -2.0800E+02 -6.9245E-01
  3.0000E+00  7.5000E-01  0.0000E+00  1.6505E+01  0.0000E+00  2.5233E+02 -8.0235E-01 -8.0235E-01  1.6505E+01  2.5233E+02 -2.3583E+02 -8.0235E-01
  3.0000E+00  1.0000E+00  0.0000E+00  6.6930E+00  0.0000E+00  2.4691E+02 -8.3523E-01 -8.3523E-01  6.6930E+00  2.4691E+02 -2.4022E+02 -8.3523E-01
  3.0000E+00  2.0000E+00  0.0000E+00  3.6010E+00  0.0000E+00  2.2635E+02 -8.4485E-01 -8.4485E-01  3.6010E+00  2.2635E+02 -2.2275E+02 -8.4485E-01
  3.0000E+00  4.0000E+00  0.0000E+00  1.1970E+00  0.0000E+00  1.9024E+02 -8.5310E-01 -8.5310E-01  1.1970E+00  1.9024E+02 -1.8904E+02 -8.5310E-01
  3.0000E+00  6.0000E+00  0.0000E+00  3.0470E+00  0.0000E+00  1.5988E+02 -8.4214E-01 -8.4214E-01  3.0470E+00  1.5988E+02 -1.5684E+02 -8.4214E-01
  3.0000E+00  8.0000E+00  0.0000E+00  3.8000E-01  0.0000E+00  1.3437E+02 -8.5608E-01 -8.5608E-01  3.8000E-01  1.3437E+02 -1.3399E+02 -8.5608E-01
  4.0000E+00  0.0000E+00  1.0000E+04  0.0000E+00  1.0000E+00  0.0000E+00  0.0000E+00  0.0000E+00  0.0000E+00  0.0000E+00  0.0000E+00  0.0000E+00
  4.0000E+00  0.0000E+00  0.0000E+00  0.0000E+00  0.0000E+00  0.0000E+00  0.0000E+00  0.0000E+00  0.0000E+00  0.0000E+00  0.0000E+00  0.0000E+00
  4.0000E+00  3.3000E-02  0.0000E+00  2.1445E+01  0.0000E+00  9.3965E+00  1.1008E+00  1.1008E+00  2.1445E+01  9.3965E+00  1.2049E+01  1.1008E+00
  4.0000E+00  8.3000E-02  0.0000E+00  2.5683E+01  0.0000E+00  1.3739E+01  7.4638E-01  7.4638E-01  2.5683E+01  1.3739E+01  1.1944E+01  7.4638E-01
  4.0000E+00  2.5000E-01  0.0000E+00  4.4576E+01  0.0000E+00  1.5462E+01  1.6165E+00  1.6165E+00  4.4576E+01  1.5462E+01  2.9114E+01  1.6165E+00
  4.0000E+00  5.0000E-01  0.0000E+00  2.1491E+01  0.0000E+00  1.6131E+01  2.8527E-01  2.8527E-01  2.1491E+01  1.6131E+01  5.3601E+00  2.8527E-01
  4.0000E+00  7.5000E-01  0.0000E+00  7.6971E+01  0.0000E+00  1.6571E+01  3.1291E+00  3.1291E+00  7.6971E+01  1.6571E+01  6.0400E+01  3.1291E+00
  4.0000E+00  1.0000E+00  0.0000E+00  7.4570E+00  0.0000E+00  1.6838E+01 -4.7830E-01 -4.7830E-01  7.4570E+00  1.6838E+01 -9.3809E+00 -4.7830E-01
  4.0000E+00  2.0000E+00  0.0000E+00  3.1960E+00  0.0000E+00  1.6818E+01 -6.9536E-01 -6.9536E-01  3.1960E+00  1.6818E+01 -1.3622E+01 -6.9536E-01
  4.0000E+00  3.0000E+00  0.0000E+00  1.6550E+01  0.0000E+00  1.5960E+01  3.1739E-02  3.1739E-02  1.6550E+01  1.5960E+01  5.9003E-01  3.1739E-02
  4.0000E+00  4.0000E+00  0.0000E+00  3.8490E+00  0.0000E+00  1.4844E+01 -6.3590E-01 -6.3590E-01  3.8490E+00  1.4844E+01 -1.0995E+01 -6.3590E-01
  4.0000E+00  6.0000E+00  0.0000E+00  0.0000E+00  1.0000E+00  1.2585E+01  0.0000E+00 -8.5850E-01  0.0000E+00  1.2585E+01  0.0000E+00  0.0000E+00
  4.0000E+00  8.0000E+00  0.0000E+00  0.0000E+00  1.0000E+00  1.0593E+01  0.0000E+00 -8.5850E-01  0.0000E+00  1.0593E+01  0.0000E+00  0.0000E+00
  5.0000E+00  0.0000E+00  1.0000E+04  0.0000E+00  1.0000E+00  0.0000E+00  0.0000E+00  0.0000E+00  0.0000E+00  0.0000E+00  0.0000E+00  0.0000E+00
  5.0000E+00  0.0000E+00  0.0000E+00  0.0000E+00  0.0000E+00  0.0000E+00  0.0000E+00  0.0000E+00  0.0000E+00  0.0000E+00  0.0000E+00  0.0000E+00
  5.0000E+00  3.3000E-02  0.0000E+00  1.6601E+01  0.0000E+00  9.3965E+00  6.5823E-01  6.5823E-01  1.6601E+01  9.3965E+00  7.2045E+00  6.5823E-01
  5.0000E+00  8.3000E-02  0.0000E+00  9.5230E+00  0.0000E+00  1.3739E+01 -2.6343E-01 -2.6343E-01  9.5230E+00  1.3739E+01 -4.2157E+00 -2.6343E-01
  5.0000E+00  2.5000E-01  0.0000E+00  3.0571E+01  0.0000E+00  1.5462E+01  8.3889E-01  8.3889E-01  3.0571E+01  1.5462E+01  1.5109E+01  8.3889E-01
  5.0000E+00  5.0000E-01  0.0000E+00  4.7158E+01  0.0000E+00  1.6131E+01  1.6513E+00  1.6513E+00  4.7158E+01  1.6131E+01  3.1027E+01  1.6513E+00
  5.0000E+00  7.5000E-01  0.0000E+00  1.9559E+01  0.0000E+00  1.6571E+01  1.5479E-01  1.5479E-01  1.9559E+01  1.6571E+01  2.9878E+00  1.5479E-01
  5.0000E+00  1.0000E+00  0.0000E+00  5.9384E+01  0.0000E+00  1.6838E+01  2.1693E+00  2.1693E+00  5.9384E+01  1.6838E+01  4.2546E+01  2.1693E+00
  5.0000E+00  2.0000E+00  0.0000E+00  1.1460E+00  0.0000E+00  1.6818E+01 -8.0000E-01 -8.0000E-01  1.1460E+00  1.6818E+01 -1.5672E+01 -8.0000E-01
  5.0000E+00  3.0000E+00  0.0000E+00  2.5590E+00  0.0000E+00  1.5960E+01 -7.2085E-01 -7.2085E-01  2.5590E+00  1.5960E+01 -1.3401E+01 -7.2085E-01
  5.0000E+00  4.0000E+00  0.0000E+00  7.7780E+00  0.0000E+00  1.4844E+01 -4.0866E-01 -4.0866E-01  7.7780E+00  1.4844E+01 -7.0660E+00 -4.0866E-01
  5.0000E+00  6.0000E+00  0.0000E+00  1.6200E-01  0.0000E+00  1.2585E+01 -8.4745E-01 -8.4745E-01  1.6200E-01  1.2585E+01 -1.2423E+01 -8.4745E-01
  5.0000E+00  8.0000E+00  0.0000E+00  5.5100E-01  0.0000E+00  1.0593E+01 -8.1385E-01 -8.1385E-01  5.5100E-01  1.0593E+01 -1.0042E+01 -8.1385E-01
  6.0000E+00  0.0000E+00  1.0000E+04  0.0000E+00  1.0000E+00  0.0000E+00  0.0000E+00  0.0000E+00  0.0000E+00  0.0000E+00  0.0000E+00  0.0000E+00
  6.0000E+00  0.0000E+00  0.0000E+00  0.0000E+00  0.0000E+00  0.0000E+00  0.0000E+00  0.0000E+00  0.0000E+00  0.0000E+00  0.0000E+00  0.0000E+00
  6.0000E+00  3.3000E-02  0.0000E+00  2.2373E+01  0.0000E+00  9.3965E+00  1.1856E+00  1.1856E+00  2.2373E+01  9.3965E+00  1.2977E+01  1.1856E+00
  6.0000E+00  8.3000E-02  0.0000E+00  4.6713E+01  0.0000E+00  1.3739E+01  2.0605E+00  2.0605E+00  4.6713E+01  1.3739E+01  3.2974E+01  2.0605E+00
  6.0000E+00  2.5000E-01  0.0000E+00  5.0110E+00  0.0000E+00  1.5462E+01 -5.8028E-01 -5.8028E-01  5.0110E+00  1.5462E+01 -1.0451E+01 -5.8028E-01
  6.0000E+00  5.0000E-01  0.0000E+00  4.6163E+01  0.0000E+00  1.6131E+01  1.5983E+00  1.5983E+00  4.6163E+01  1.6131E+01  3.0032E+01  1.5983E+00
  6.0000E+00  7.5000E-01  0.0000E+00  1.5363E+01  0.0000E+00  1.6571E+01 -6.2592E-02 -6.2592E-02  1.5363E+01  1.6571E+01 -1.2082E+00 -6.2592E-02
  6.0000E+00  1.0000E+00  0.0000E+00  2.2338E+01  0.0000E+00  1.6838E+01  2.8043E-01  2.8043E-01  2.2338E+01  1.6838E+01  5.5001E+00  2.8043E-01
  6.0000E+00  2.0000E+00  0.0000E+00  2.4323E+01  0.0000E+00  1.6818E+01  3.8311E-01  3.8311E-01  2.4323E+01  1.6818E+01  7.5050E+00  3.8311E-01
  6.0000E+00  3.0000E+00  0.0000E+00  1.8400E+00  0.0000E+00  1.5960E+01 -7.5953E-01 -7.5953E-01  1.8400E+00  1.5960E+01 -1.4120E+01 -7.5953E-01
  6.0000E+00  4.0000E+00  0.0000E+00  2.7960E+00  0.0000E+00  1.4844E+01 -6.9680E-01 -6.9680E-01  2.7960E+00  1.4844E+01 -1.2048E+01 -6.9680E-01
  6.0000E+00  6.0000E+00  0.0000E+00  2.7000E+00  0.0000E+00  1.2585E+01 -6.7432E-01 -6.7432E-01  2.7000E+00  1.2585E+01 -9.8847E+00 -6.7432E-01
  6.0000E+00  8.0000E+00  0.0000E+00  2.4450E+00  0.0000E+00  1.0593E+01 -6.6036E-01 -6.6036E-01  2.4450E+00  1.0593E+01 -8.1485E+00 -6.6036E-01
  7.0000E+00  0.0000E+00  1.2500E+05  0.0000E+00  1.0000E+00  0.0000E+00  0.0000E+00  0.0000E+00  0.0000E+00  0.0000E+00  0.0000E+00  0.0000E+00
  7.0000E+00  0.0000E+00  0.0000E+00  0.0000E+00  0.0000E+00  0.0000E+00  0.0000E+00  0.0000E+00  0.0000E+00  0.0000E+00  0.0000E+00  0.0000E+00
  7.0000E+00  5.0000E-01  0.0000E+00  5.3520E+00  0.0000E+00  3.8606E+01 -7.3949E-01 -7.3949E-01  5.3520E+00  3.8606E+01 -3.3254E+01 -7.3949E-01
  7.0000E+00  1.0000E+00  0.0000E+00  1.6180E+01  0.0000E+00  4.0298E+01 -5.1381E-01 -5.1381E-01  1.6180E+01  4.0298E+01 -2.4118E+01 -5.1381E-01
  7.0000E+00  2.0000E+00  0.0000E+00  4.4430E+00  0.0000E+00  4.0250E+01 -7.6374E-01 -7.6374E-01  4.4430E+00  4.0250E+01 -3.5807E+01 -7.6374E-01
  7.0000E+00  4.0000E+00  0.0000E+00  1.9128E+01  0.0000E+00  3.5526E+01 -3.9627E-01 -3.9627E-01  1.9128E+01  3.5526E+01 -1.6398E+01 -3.9627E-01
  7.0000E+00  8.0000E+00  0.0000E+00  5.6870E+00  0.0000E+00  2.5353E+01 -6.6593E-01 -6.6593E-01  5.6870E+00  2.5353E+01 -1.9666E+01 -6.6593E-01
  7.0000E+00  2.4000E+01  0.0000E+00  6.0000E-01  0.0000E+00  6.3132E+00 -7.7691E-01 -7.7691E-01  6.0000E-01  6.3132E+00 -5.7132E+00 -7.7691E-01
  8.0000E+00  0.0000E+00  1.2500E+05  0.0000E+00  1.0000E+00  0.0000E+00  0.0000E+00  0.0000E+00  0.0000E+00  0.0000E+00  0.0000E+00  0.0000E+00
  8.0000E+00  0.0000E+00  0.0000E+00  0.0000E+00  0.0000E+00  0.0000E+00  0.0000E+00  0.0000E+00  0.0000E+00  0.0000E+00  0.0000E+00  0.0000E+00
  8.0000E+00  5.0000E-01  0.0000E+00  3.1708E+01  0.0000E+00  3.8606E+01 -1.5339E-01 -1.5339E-01  3.1708E+01  3.8606E+01 -6.8977E+00 -1.5339E-01
  8.0000E+00  1.0000E+00  0.0000E+00  2.9239E+01  0.0000E+00  4.0298E+01 -2.3560E-01 -2.3560E-01  2.9239E+01  4.0298E+01 -1.1059E+01 -2.3560E-01
  8.0000E+00  2.0000E+00  0.0000E+00  9.1450E+00  0.0000E+00  4.0250E+01 -6.6345E-01 -6.6345E-01  9.1450E+00  4.0250E+01 -3.1105E+01 -6.6345E-01
  8.0000E+00  4.0000E+00  0.0000E+00  7.1960E+00  0.0000E+00  3.5526E+01 -6.8461E-01 -6.8461E-01  7.1960E+00  3.5526E+01 -2.8330E+01 -6.8461E-01
  8.0000E+00  8.0000E+00  0.0000E+00  3.9410E+00  0.0000E+00  2.5353E+01 -7.2506E-01 -7.2506E-01  3.9410E+00  2.5353E+01 -2.1412E+01 -7.2506E-01
  8.0000E+00  2.4000E+01  0.0000E+00  6.0000E-01  0.0000E+00  6.3132E+00 -7.7691E-01 -7.7691E-01  6.0000E-01  6.3132E+00 -5.7132E+00 -7.7691E-01
  9.0000E+00  0.0000E+00  1.2500E+05  0.0000E+00  1.0000E+00  0.0000E+00  0.0000E+00  0.0000E+00  0.0000E+00  0.0000E+00  0.0000E+00  0.0000E+00
  9.0000E+00  0.0000E+00  0.0000E+00  0.0000E+00  0.0000E+00  0.0000E+00  0.0000E+00  0.0000E+00  0.0000E+00  0.0000E+00  0.0000E+00  0.0000E+00
  9.0000E+00  5.0000E-01  0.0000E+00  2.5875E+01  0.0000E+00  3.8606E+01 -2.8310E-01 -2.8310E-01  2.5875E+01  3.8606E+01 -1.2731E+01 -2.8310E-01
  9.0000E+00  1.0000E+00  0.0000E+00  1.2360E+01  0.0000E+00  4.0298E+01 -5.9519E-01 -5.9519E-01  1.2360E+01  4.0298E+01 -2.7938E+01 -5.9519E-01
  9.0000E+00  2.0000E+00  0.0000E+00  2.5667E+01  0.0000E+00  4.0250E+01 -3.1105E-01 -3.1105E-01  2.5667E+01  4.0250E+01 -1.4583E+01 -3.1105E-01
  9.0000E+00  4.0000E+00  0.0000E+00  1.4443E+01  0.0000E+00  3.5526E+01 -5.0948E-01 -5.0948E-01  1.4443E+01  3.5526E+01 -2.1083E+01 -5.0948E-01
  9.0000E+00  8.0000E+00  0.0000E+00  6.7260E+00  0.0000E+00  2.5353E+01 -6.3075E-01 -6.3075E-01  6.7260E+00  2.5353E+01 -1.8627E+01 -6.3075E-01
  9.0000E+00  2.4000E+01  0.0000E+00  1.4570E+00  0.0000E+00  6.3132E+00 -6.6037E-01 -6.6037E-01  1.4570E+00  6.3132E+00 -4.8562E+00 -6.6037E-01
  1.0000E+01  0.0000E+00  2.5000E+05  0.0000E+00  1.0000E+00  0.0000E+00  0.0000E+00  0.0000E+00  0.0000E+00  0.0000E+00  0.0000E+00  0.0000E+00
  1.0000E+01  0.0000E+00  0.0000E+00  0.0000E+00  0.0000E+00  0.0000E+00  0.0000E+00  0.0000E+00  0.0000E+00  0.0000E+00  0.0000E+00  0.0000E+00
  1.0000E+01  5.0000E-01  0.0000E+00  3.2559E+01  0.0000E+00  4.1095E+01 -1.7833E-01 -1.7833E-01  3.2559E+01  4.1095E+01 -8.5362E+00 -1.7833E-01
  1.0000E+01  1.0000E+00  0.0000E+00  2.7382E+01  0.0000E+00  4.2896E+01 -3.1050E-01 -3.1050E-01  2.7382E+01  4.2896E+01 -1.5514E+01 -3.1050E-01
  1.0000E+01  2.0000E+00  0.0000E+00  2.0366E+01  0.0000E+00  4.2846E+01 -4.5043E-01 -4.5043E-01  2.0366E+01  4.2846E+01 -2.2480E+01 -4.5043E-01
  1.0000E+01  4.0000E+00  0.0000E+00  3.1808E+01  0.0000E+00  3.7817E+01 -1.3641E-01 -1.3641E-01  3.1808E+01  3.7817E+01 -6.0088E+00 -1.3641E-01
  1.0000E+01  8.0000E+00  0.0000E+00  6.3644E+01  0.0000E+00  2.6988E+01  1.1660E+00  1.1660E+00  6.3644E+01  2.6988E+01  3.6656E+01  1.1660E+00
  1.0000E+01  2.4000E+01  0.0000E+00  2.5160E+00  0.0000E+00  6.7203E+00 -5.3709E-01 -5.3709E-01  2.5160E+00  6.7203E+00 -4.2043E+00 -5.3709E-01
  1.1000E+01  0.0000E+00  2.5000E+05  0.0000E+00  1.0000E+00  0.0000E+00  0.0000E+00  0.0000E+00  0.0000E+00  0.0000E+00  0.0000E+00  0.0000E+00
  1.1000E+01  0.0000E+00  0.0000E+00  0.0000E+00  0.0000E+00  0.0000E+00  0.0000E+00  0.0000E+00  0.0000E+00  0.0000E+00  0.0000E+00  0.0000E+00
  1.1000E+01  5.0000E-01  0.0000E+00  2.2787E+01  0.0000E+00  4.1095E+01 -3.8247E-01 -3.8247E-01  2.2787E+01  4.1095E+01 -1.8308E+01 -3.8247E-01
  1.1000E+01  1.0000E+00  0.0000E+00  4.7157E+01  0.0000E+00  4.2896E+01  8.5270E-02  8.5270E-02  4.7157E+01  4.2896E+01  4.2606E+00  8.5270E-02
  1.1000E+01  2.0000E+00  0.0000E+00  4.3560E+00  0.0000E+00  4.2846E+01 -7.7122E-01 -7.7122E-01  4.3560E+00  4.2846E+01 -3.8490E+01 -7.7122E-01
  1.1000E+01  4.0000E+00  0.0000E+00  1.1033E+01  0.0000E+00  3.7817E+01 -6.0804E-01 -6.0804E-01  1.1033E+01  3.7817E+01 -2.6784E+01 -6.0804E-01
  1.1000E+01  8.0000E+00  0.0000E+00  9.2000E+00  0.0000E+00  2.6988E+01 -5.6585E-01 -5.6585E-01  9.2000E+00  2.6988E+01 -1.7788E+01 -5.6585E-01
  1.1000E+01  2.4000E+01  0.0000E+00  6.0000E-01  0.0000E+00  6.7203E+00 -7.8186E-01 -7.8186E-01  6.0000E-01  6.7203E+00 -6.1203E+00 -7.8186E-01
  1.2000E+01  0.0000E+00  2.5000E+05  0.0000E+00  1.0000E+00  0.0000E+00  0.0000E+00  0.0000E+00  0.0000E+00  0.0000E+00  0.0000E+00  0.0000E+00
  1.2000E+01  0.0000E+00  0.0000E+00  0.0000E+00  0.0000E+00  0.0000E+00  0.0000E+00  0.0000E+00  0.0000E+00  0.0000E+00  0.0000E+00  0.0000E+00
  1.2000E+01  5.0000E-01  0.0000E+00  2.9301E+01  0.0000E+00  4.1095E+01 -2.4639E-01 -2.4639E-01  2.9301E+01  4.1095E+01 -1.1794E+01 -2.4639E-01
  1.2000E+01  1.0000E+00  0.0000E+00  1.4208E+01  0.0000E+00  4.2896E+01 -5.7415E-01 -5.7415E-01  1.4208E+01  4.2896E+01 -2.8688E+01 -5.7415E-01
  1.2000E+01  2.0000E+00  0.0000E+00  1.1723E+01  0.0000E+00  4.2846E+01 -6.2361E-01 -6.2361E-01  1.1723E+01  4.2846E+01 -3.1123E+01 -6.2361E-01
  1.2000E+01  4.0000E+00  0.0000E+00  8.5160E+00  0.0000E+00  3.7817E+01 -6.6518E-01 -6.6518E-01  8.5160E+00  3.7817E+01 -2.9301E+01 -6.6518E-01
  1.2000E+01  8.0000E+00  0.0000E+00  8.2990E+00  0.0000E+00  2.6988E+01 -5.9451E-01 -5.9451E-01  8.2990E+00  2.6988E+01 -1.8689E+01 -5.9451E-01
  1.2000E+01  2.4000E+01  0.0000E+00  1.2620E+00  0.0000E+00  6.7203E+00 -6.9729E-01 -6.9729E-01  1.2620E+00  6.7203E+00 -5.4583E+00 -6.9729E-01
  1.3000E+01  0.0000E+00  5.0000E+05  0.0000E+00  1.0000E+00  0.0000E+00  0.0000E+00  0.0000E+00  0.0000E+00  0.0000E+00  0.0000E+00  0.0000E+00
  1.3000E+01  0.0000E+00  0.0000E+00  0.0000E+00  0.0000E+00  0.0000E+00  0.0000E+00  0.0000E+00  0.0000E+00  0.0000E+00  0.0000E+00  0.0000E+00
  1.3000E+01  5.0000E-01  0.0000E+00  5.5055E+01  0.0000E+00  4.2464E+01  2.5455E-01  2.5455E-01  5.5055E+01  4.2464E+01  1.2591E+01  2.5455E-01
  1.3000E+01  1.0000E+00  0.0000E+00  1.9613E+01  0.0000E+00  4.4326E+01 -4.7864E-01 -4.7864E-01  1.9613E+01  4.4326E+01 -2.4713E+01 -4.7864E-01
  1.3000E+01  2.0000E+00  0.0000E+00  2.3639E+01  0.0000E+00  4.4273E+01 -4.0012E-01 -4.0012E-01  2.3639E+01  4.4273E+01 -2.0634E+01 -4.0012E-01
  1.3000E+01  4.0000E+00  0.0000E+00  1.3103E+01  0.0000E+00  3.9077E+01 -5.7063E-01 -5.7063E-01  1.3103E+01  3.9077E+01 -2.5974E+01 -5.7063E-01
  1.3000E+01  8.0000E+00  0.0000E+00  1.3568E+01  0.0000E+00  2.7887E+01 -4.4082E-01 -4.4082E-01  1.3568E+01  2.7887E+01 -1.4319E+01 -4.4082E-01
  1.3000E+01  2.4000E+01  0.0000E+00  1.7556E+01  0.0000E+00  6.9442E+00  1.3119E+00  1.3119E+00  1.7556E+01  6.9442E+00  1.0612E+01  1.3119E+00
  1.4000E+01  0.0000E+00  5.0000E+05  0.0000E+00  1.0000E+00  0.0000E+00  0.0000E+00  0.0000E+00  0.0000E+00  0.0000E+00  0.0000E+00  0.0000E+00
  1.4000E+01  0.0000E+00  0.0000E+00  0.0000E+00  0.0000E+00  0.0000E+00  0.0000E+00  0.0000E+00  0.0000E+00  0.0000E+00  0.0000E+00  0.0000E+00
  1.4000E+01  5.0000E-01  0.0000E+00  4.9290E+01  0.0000E+00  4.2464E+01  1.3800E-01  1.3800E-01  4.9290E+01  4.2464E+01  6.8257E+00  1.3800E-01
  1.4000E+01  1.0000E+00  0.0000E+00  3.0508E+01  0.0000E+00  4.4326E+01 -2.6762E-01 -2.6762E-01  3.0508E+01  4.4326E+01 -1.3818E+01 -2.6762E-01
  1.4000E+01  2.0000E+00  0.0000E+00  2.6968E+01  0.0000E+00  4.4273E+01 -3.3557E-01 -3.3557E-01  2.6968E+01  4.4273E+01 -1.7305E+01 -3.3557E-01
  1.4000E+01  4.0000E+00  0.0000E+00  2.2871E+01  0.0000E+00  3.9077E+01 -3.5603E-01 -3.5603E-01  2.2871E+01  3.9077E+01 -1.6206E+01 -3.5603E-01
  1.4000E+01  8.0000E+00  0.0000E+00  2.1883E+01  0.0000E+00  2.7887E+01 -1.8484E-01 -1.8484E-01  2.1883E+01  2.7887E+01 -6.0043E+00 -1.8484E-01
  1.4000E+01  2.4000E+01  0.0000E+00  6.0000E-01  0.0000E+00  6.9442E+00 -7.8433E-01 -7.8433E-01  6.0000E-01  6.9442E+00 -6.3442E+00 -7.8433E-01
  1.5000E+01  0.0000E+00  5.0000E+05  0.0000E+00  1.0000E+00  0.0000E+00  0.0000E+00  0.0000E+00  0.0000E+00  0.0000E+00  0.0000E+00  0.0000E+00
  1.5000E+01  0.0000E+00  0.0000E+00  0.0000E+00  0.0000E+00  0.0000E+00  0.0000E+00  0.0000E+00  0.0000E+00  0.0000E+00  0.0000E+00  0.0000E+00
  1.5000E+01  5.0000E-01  0.0000E+00  6.3812E+01  0.0000E+00  4.2464E+01  4.3159E-01  4.3159E-01  6.3812E+01  4.2464E+01  2.1348E+01  4.3159E-01
  1.5000E+01  1.0000E+00  0.0000E+00  7.1770E+00  0.0000E+00  4.4326E+01 -7.1950E-01 -7.1950E-01  7.1770E+00  4.4326E+01 -3.7149E+01 -7.1950E-01
  1.5000E+01  2.0000E+00  0.0000E+00  3.4378E+01  0.0000E+00  4.4273E+01 -1.9188E-01 -1.9188E-01  3.4378E+01  4.4273E+01 -9.8951E+00 -1.9188E-01
  1.5000E+01  4.0000E+00  0.0000E+00  1.8738E+01  0.0000E+00  3.9077E+01 -4.4684E-01 -4.4684E-01  1.8738E+01  3.9077E+01 -2.0339E+01 -4.4684E-01
  1.5000E+01  8.0000E+00  0.0000E+00  3.5351E+01  0.0000E+00  2.7887E+01  2.2977E-01  2.2977E-01  3.5351E+01  2.7887E+01  7.4637E+00  2.2977E-01
  1.5000E+01  2.4000E+01  0.0000E+00  2.0765E+01  0.0000E+00  6.9442E+00  1.7087E+00  1.7087E+00  2.0765E+01  6.9442E+00  1.3821E+01  1.7087E+00
  1.6000E+01  0.0000E+00  1.2500E+05  0.0000E+00  1.0000E+00  0.0000E+00  0.0000E+00  0.0000E+00  0.0000E+00  0.0000E+00  0.0000E+00  0.0000E+00
  1.6000E+01  0.0000E+00  0.0000E+00  0.0000E+00  0.0000E+00  0.0000E+00  0.0000E+00  0.0000E+00  0.0000E+00  0.0000E+00  0.0000E+00  0.0000E+00
  1.6000E+01  5.0000E-01  0.0000E+00  8.1620E+00  0.0000E+00  3.8606E+01 -6.7700E-01 -6.7700E-01  8.1620E+00  3.8606E+01 -3.0444E+01 -6.7700E-01
  1.6000E+01  1.0000E+00  0.0000E+00  1.6289E+01  0.0000E+00  4.0298E+01 -5.1148E-01 -5.1148E-01  1.6289E+01  4.0298E+01 -2.4009E+01 -5.1148E-01
  1.6000E+01  2.0000E+00  0.0000E+00  4.8860E+00  0.0000E+00  4.0250E+01 -7.5429E-01 -7.5429E-01  4.8860E+00  4.0250E+01 -3.5364E+01 -7.5429E-01
  1.6000E+01  4.0000E+00  0.0000E+00  8.0510E+00  0.0000E+00  3.5526E+01 -6.6395E-01 -6.6395E-01  8.0510E+00  3.5526E+01 -2.7475E+01 -6.6395E-01
  1.6000E+01  8.0000E+00  0.0000E+00  3.2130E+00  0.0000E+00  2.5353E+01 -7.4971E-01 -7.4971E-01  3.2130E+00  2.5353E+01 -2.2140E+01 -7.4971E-01
  1.6000E+01  2.4000E+01  0.0000E+00  6.0000E-01  0.0000E+00  6.3132E+00 -7.7691E-01 -7.7691E-01  6.0000E-01  6.3132E+00 -5.7132E+00 -7.7691E-01
  1.7000E+01  0.0000E+00  1.2500E+05  0.0000E+00  1.0000E+00  0.0000E+00  0.0000E+00  0.0000E+00  0.0000E+00  0.0000E+00  0.0000E+00  0.0000E+00
  1.7000E+01  0.0000E+00  0.0000E+00  0.0000E+00  0.0000E+00  0.0000E+00  0.0000E+00  0.0000E+00  0.0000E+00  0.0000E+00  0.0000E+00  0.0000E+00
  1.7000E+01  5.0000E-01  0.0000E+00  2.4603E+01  0.0000E+00  3.8606E+01 -3.1139E-01 -3.1139E-01  2.4603E+01  3.8606E+01 -1.4003E+01 -3.1139E-01
  1.7000E+01  1.0000E+00  0.0000E+00  7.2080E+00  0.0000E+00  4.0298E+01 -7.0495E-01 -7.0495E-01  7.2080E+00  4.0298E+01 -3.3090E+01 -7.0495E-01
  1.7000E+01  2.0000E+00  0.0000E+00  5.4500E+00  0.0000E+00  4.0250E+01 -7.4226E-01 -7.4226E-01  5.4500E+00  4.0250E+01 -3.4800E+01 -7.4226E-01
  1.7000E+01  4.0000E+00  0.0000E+00  2.7120E+00  0.0000E+00  3.5526E+01 -7.9297E-01 -7.9297E-01  2.7120E+00  3.5526E+01 -3.2814E+01 -7.9297E-01
  1.7000E+01  8.0000E+00  0.0000E+00  5.6920E+00  0.0000E+00  2.5353E+01 -6.6576E-01 -6.6576E-01  5.6920E+00  2.5353E+01 -1.9661E+01 -6.6576E-01
  1.7000E+01  2.4000E+01  0.0000E+00  6.0000E-01  0.0000E+00  6.3132E+00 -7.7691E-01 -7.7691E-01  6.0000E-01  6.3132E+00 -5.7132E+00 -7.7691E-01
  1.8000E+01  0.0000E+00  1.2500E+05  0.0000E+00  1.0000E+00  0.0000E+00  0.0000E+00  0.0000E+00  0.0000E+00  0.0000E+00  0.0000E+00  0.0000E+00
  1.8000E+01  0.0000E+00  0.0000E+00  0.0000E+00  0.0000E+00  0.0000E+00  0.0000E+00  0.0000E+00  0.0000E+00  0.0000E+00  0.0000E+00  0.0000E+00
  1.8000E+01  5.0000E-01  0.0000E+00  1.0414E+01  0.0000E+00  3.8606E+01 -6.2692E-01 -6.2692E-01  1.0414E+01  3.8606E+01 -2.8192E+01 -6.2692E-01
  1.8000E+01  1.0000E+00  0.0000E+00  3.2390E+00  0.0000E+00  4.0298E+01 -7.8950E-01 -7.8950E-01  3.2390E+00  4.0298E+01 -3.7059E+01 -7.8950E-01
  1.8000E+01  2.0000E+00  0.0000E+00  7.2080E+00  0.0000E+00  4.0250E+01 -7.0476E-01 -7.0476E-01  7.2080E+00  4.0250E+01 -3.3042E+01 -7.0476E-01
  1.8000E+01  4.0000E+00  0.0000E+00  2.6850E+00  0.0000E+00  3.5526E+01 -7.9362E-01 -7.9362E-01  2.6850E+00  3.5526E+01 -3.2841E+01 -7.9362E-01
  1.8000E+01  8.0000E+00  0.0000E+00  4.9860E+00  0.0000E+00  2.5353E+01 -6.8967E-01 -6.8967E-01  4.9860E+00  2.5353E+01 -2.0367E+01 -6.8967E-01
  1.8000E+01  2.4000E+01  0.0000E+00  6.0000E-01  0.0000E+00  6.3132E+00 -7.7691E-01 -7.7691E-01  6.0000E-01  6.3132E+00 -5.7132E+00 -7.7691E-01
  1.9000E+01  0.0000E+00  2.5000E+05  0.0000E+00  1.0000E+00  0.0000E+00  0.0000E+00  0.0000E+00  0.0000E+00  0.0000E+00  0.0000E+00  0.0000E+00
  1.9000E+01  0.0000E+00  0.0000E+00  0.0000E+00  0.0000E+00  0.0000E+00  0.0000E+00  0.0000E+00  0.0000E+00  0.0000E+00  0.0000E+00  0.0000E+00
  1.9000E+01  5.0000E-01  0.0000E+00  2.8991E+01  0.0000E+00  4.1095E+01 -2.5286E-01 -2.5286E-01  2.8991E+01  4.1095E+01 -1.2104E+01 -2.5286E-01
  1.9000E+01  1.0000E+00  0.0000E+00  7.3880E+00  0.0000E+00  4.2896E+01 -7.1064E-01 -7.1064E-01  7.3880E+00  4.2896E+01 -3.5508E+01 -7.1064E-01
  1.9000E+01  2.0000E+00  0.0000E+00  5.6630E+00  0.0000E+00  4.2846E+01 -7.4503E-01 -7.4503E-01  5.6630E+00  4.2846E+01 -3.7183E+01 -7.4503E-01
  1.9000E+01  4.0000E+00  0.0000E+00  9.2860E+00  0.0000E+00  3.7817E+01 -6.4770E-01 -6.4770E-01  9.2860E+00  3.7817E+01 -2.8531E+01 -6.4770E-01
  1.9000E+01  8.0000E+00  0.0000E+00  4.0470E+00  0.0000E+00  2.6988E+01 -7.2977E-01 -7.2977E-01  4.0470E+00  2.6988E+01 -2.2941E+01 -7.2977E-01
  1.9000E+01  2.4000E+01  0.0000E+00  6.0000E-01  0.0000E+00  6.7203E+00 -7.8186E-01 -7.8186E-01  6.0000E-01  6.7203E+00 -6.1203E+00 -7.8186E-01
  2.0000E+01  0.0000E+00  2.5000E+05  0.0000E+00  1.0000E+00  0.0000E+00  0.0000E+00  0.0000E+00  0.0000E+00  0.0000E+00  0.0000E+00  0.0000E+00
  2.0000E+01  0.0000E+00  0.0000E+00  0.0000E+00  0.0000E+00  0.0000E+00  0.0000E+00  0.0000E+00  0.0000E+00  0.0000E+00  0.0000E+00  0.0000E+00
  2.0000E+01  5.0000E-01  0.0000E+00  2.0607E+01  0.0000E+00  4.1095E+01 -4.2801E-01 -4.2801E-01  2.0607E+01  4.1095E+01 -2.0488E+01 -4.2801E-01
  2.0000E+01  1.0000E+00  0.0000E+00  1.2830E+01  0.0000E+00  4.2896E+01 -6.0173E-01 -6.0173E-01  1.2830E+01  4.2896E+01 -3.0066E+01 -6.0173E-01
  2.0000E+01  2.0000E+00  0.0000E+00  1.2017E+01  0.0000E+00  4.2846E+01 -6.1772E-01 -6.1772E-01  1.2017E+01  4.2846E+01 -3.0829E+01 -6.1772E-01
  2.0000E+01  4.0000E+00  0.0000E+00  6.5880E+00  0.0000E+00  3.7817E+01 -7.0895E-01 -7.0895E-01  6.5880E+00  3.7817E+01 -3.1229E+01 -7.0895E-01
  2.0000E+01  8.0000E+00  0.0000E+00  2.8710E+00  0.0000E+00  2.6988E+01 -7.6718E-01 -7.6718E-01  2.8710E+00  2.6988E+01 -2.4117E+01 -7.6718E-01
  2.0000E+01  2.4000E+01  0.0000E+00  6.0000E-01  0.0000E+00  6.7203E+00 -7.8186E-01 -7.8186E-01  6.0000E-01  6.7203E+00 -6.1203E+00 -7.8186E-01
  2.1000E+01  0.0000E+00  2.5000E+05  0.0000E+00  1.0000E+00  0.0000E+00  0.0000E+00  0.0000E+00  0.0000E+00  0.0000E+00  0.0000E+00  0.0000E+00
  2.1000E+01  0.0000E+00  0.0000E+00  0.0000E+00  0.0000E+00  0.0000E+00  0.0000E+00  0.0000E+00  0.0000E+00  0.0000E+00  0.0000E+00  0.0000E+00
  2.1000E+01  5.0000E-01  0.0000E+00  2.0194E+01  0.0000E+00  4.1095E+01 -4.3664E-01 -4.3664E-01  2.0194E+01  4.1095E+01 -2.0901E+01 -4.3664E-01
  2.1000E+01  1.0000E+00  0.0000E+00  1.3124E+01  0.0000E+00  4.2896E+01 -5.9585E-01 -5.9585E-01  1.3124E+01  4.2896E+01 -2.9772E+01 -5.9585E-01
  2.1000E+01  2.0000E+00  0.0000E+00  6.5080E+00  0.0000E+00  4.2846E+01 -7.2810E-01 -7.2810E-01  6.5080E+00  4.2846E+01 -3.6338E+01 -7.2810E-01
  2.1000E+01  4.0000E+00  0.0000E+00  1.8150E+00  0.0000E+00  3.7817E+01 -8.1730E-01 -8.1730E-01  1.8150E+00  3.7817E+01 -3.6002E+01 -8.1730E-01
  2.1000E+01  8.0000E+00  0.0000E+00  6.6610E+00  0.0000E+00  2.6988E+01 -6.4661E-01 -6.4661E-01  6.6610E+00  2.6988E+01 -2.0327E+01 -6.4661E-01
  2.1000E+01  2.4000E+01  0.0000E+00  6.0000E-01  0.0000E+00  6.7203E+00 -7.8186E-01 -7.8186E-01  6.0000E-01  6.7203E+00 -6.1203E+00 -7.8186E-01
  2.2000E+01  0.0000E+00  5.0000E+05  0.0000E+00  1.0000E+00  0.0000E+00  0.0000E+00  0.0000E+00  0.0000E+00  0.0000E+00  0.0000E+00  0.0000E+00
  2.2000E+01  0.0000E+00  0.0000E+00  0.0000E+00  0.0000E+00  0.0000E+00  0.0000E+00  0.0000E+00  0.0000E+00  0.0000E+00  0.0000E+00  0.0000E+00
  2.2000E+01  5.0000E-01  0.0000E+00  2.0892E+01  0.0000E+00  4.2464E+01 -4.3613E-01 -4.3613E-01  2.0892E+01  4.2464E+01 -2.1572E+01 -4.3613E-01
  2.2000E+01  1.0000E+00  0.0000E+00  2.0896E+01  0.0000E+00  4.4326E+01 -4.5379E-01 -4.5379E-01  2.0896E+01  4.4326E+01 -2.3430E+01 -4.5379E-01
  2.2000E+01  2.0000E+00  0.0000E+00  1.6873E+01  0.0000E+00  4.4273E+01 -5.3132E-01 -5.3132E-01  1.6873E+01  4.4273E+01 -2.7400E+01 -5.3132E-01
  2.2000E+01  4.0000E+00  0.0000E+00  5.7380E+00  0.0000E+00  3.9077E+01 -7.3244E-01 -7.3244E-01  5.7380E+00  3.9077E+01 -3.3339E+01 -7.3244E-01
  2.2000E+01  8.0000E+00  0.0000E+00  1.4398E+01  0.0000E+00  2.7887E+01 -4.1526E-01 -4.1526E-01  1.4398E+01  2.7887E+01 -1.3489E+01 -4.1526E-01
  2.2000E+01  2.4000E+01  0.0000E+00  1.1130E+00  0.0000E+00  6.9442E+00 -7.2090E-01 -7.2090E-01  1.1130E+00  6.9442E+00 -5.8312E+00 -7.2090E-01
  2.3000E+01  0.0000E+00  5.0000E+05  0.0000E+00  1.0000E+00  0.0000E+00  0.0000E+00  0.0000E+00  0.0000E+00  0.0000E+00  0.0000E+00  0.0000E+00
  2.3000E+01  0.0000E+00  0.0000E+00  0.0000E+00  0.0000E+00  0.0000E+00  0.0000E+00  0.0000E+00  0.0000E+00  0.0000E+00  0.0000E+00  0.0000E+00
  2.3000E+01  5.0000E-01  0.0000E+00  6.3520E+01  0.0000E+00  4.2464E+01  4.2568E-01  4.2568E-01  6.3520E+01  4.2464E+01  2.1056E+01  4.2568E-01
  2.3000E+01  1.0000E+00  0.0000E+00  2.7973E+01  0.0000E+00  4.4326E+01 -3.1672E-01 -3.1672E-01  2.7973E+01  4.4326E+01 -1.6353E+01 -3.1672E-01
  2.3000E+01  2.0000E+00  0.0000E+00  1.2101E+01  0.0000E+00  4.4273E+01 -6.2385E-01 -6.2385E-01  1.2101E+01  4.4273E+01 -3.2172E+01 -6.2385E-01
  2.3000E+01  4.0000E+00  0.0000E+00  7.7790E+00  0.0000E+00  3.9077E+01 -6.8760E-01 -6.8760E-01  7.7790E+00  3.9077E+01 -3.1298E+01 -6.8760E-01
  2.3000E+01  8.0000E+00  0.0000E+00  1.1122E+01  0.0000E+00  2.7887E+01 -5.1612E-01 -5.1612E-01  1.1122E+01  2.7887E+01 -1.6765E+01 -5.1612E-01
  2.3000E+01  2.4000E+01  0.0000E+00  6.0000E-01  0.0000E+00  6.9442E+00 -7.8433E-01 -7.8433E-01  6.0000E-01  6.9442E+00 -6.3442E+00 -7.8433E-01
  2.4000E+01  0.0000E+00  5.0000E+05  0.0000E+00  1.0000E+00  0.0000E+00  0.0000E+00  0.0000E+00  0.0000E+00  0.0000E+00  0.0000E+00  0.0000E+00
  2.4000E+01  0.0000E+00  0.0000E+00  0.0000E+00  0.0000E+00  0.0000E+00  0.0000E+00  0.0000E+00  0.0000E+00  0.0000E+00  0.0000E+00  0.0000E+00
  2.4000E+01  5.0000E-01  0.0000E+00  6.2078E+01  0.0000E+00  4.2464E+01  3.9653E-01  3.9653E-01  6.2078E+01  4.2464E+01  1.9614E+01  3.9653E-01
  2.4000E+01  1.0000E+00  0.0000E+00  1.7933E+01  0.0000E+00  4.4326E+01 -5.1117E-01 -5.1117E-01  1.7933E+01  4.4326E+01 -2.6393E+01 -5.1117E-01
  2.4000E+01  2.0000E+00  0.0000E+00  2.0081E+01  0.0000E+00  4.4273E+01 -4.6911E-01 -4.6911E-01  2.0081E+01  4.4273E+01 -2.4192E+01 -4.6911E-01
  2.4000E+01  4.0000E+00  0.0000E+00  1.3612E+01  0.0000E+00  3.9077E+01 -5.5945E-01 -5.5945E-01  1.3612E+01  3.9077E+01 -2.5465E+01 -5.5945E-01
  2.4000E+01  8.0000E+00  0.0000E+00  7.3308E+01  0.0000E+00  2.7887E+01  1.3983E+00  1.3983E+00  7.3308E+01  2.7887E+01  4.5421E+01  1.3983E+00
  2.4000E+01  2.4000E+01  0.0000E+00  1.2590E+00  0.0000E+00  6.9442E+00 -7.0285E-01 -7.0285E-01  1.2590E+00  6.9442E+00 -5.6852E+00 -7.0285E-01
  2.5000E+01  0.0000E+00  1.2500E+05  0.0000E+00  1.0000E+00  0.0000E+00  0.0000E+00  0.0000E+00  0.0000E+00  0.0000E+00  0.0000E+00  0.0000E+00
  2.5000E+01  6.4850E+02  0.0000E+00  7.4066E+01  0.0000E+00  4.5508E+01  5.3876E-01  5.3876E-01  7.4066E+01  4.5508E+01  2.8558E+01  5.3876E-01
  2.5000E+01  6.4900E+02  0.0000E+00  3.0944E+01  0.0000E+00  4.6906E+01 -2.9215E-01 -2.9215E-01  3.0944E+01  4.6906E+01 -1.5962E+01 -2.9215E-01
  2.5000E+01  6.5000E+02  0.0000E+00  6.1250E+00  0.0000E+00  4.6308E+01 -7.4495E-01 -7.4495E-01  6.1250E+00  4.6308E+01 -4.0183E+01 -7.4495E-01
  2.5000E+01  6.5200E+02  0.0000E+00  3.0089E+01  0.0000E+00  4.0618E+01 -2.2253E-01 -2.2253E-01  3.0089E+01  4.0618E+01 -1.0529E+01 -2.2253E-01
  2.5000E+01  6.5600E+02  0.0000E+00  8.4092E+01  0.0000E+00  2.8950E+01  1.6353E+00  1.6353E+00  8.4092E+01  2.8950E+01  5.5142E+01  1.6353E+00
  2.5000E+01  6.7200E+02  0.0000E+00  8.0090E+00  0.0000E+00  7.2084E+00  9.5351E-02  9.5351E-02  8.0090E+00  7.2084E+00  8.0061E-01  9.5351E-02
  2.6000E+01  0.0000E+00  1.2500E+05  0.0000E+00  1.0000E+00  0.0000E+00  0.0000E+00  0.0000E+00  0.0000E+00  0.0000E+00  0.0000E+00  0.0000E+00
  2.6000E+01  6.4850E+02  0.0000E+00  5.0296E+01  0.0000E+00  4.5508E+01  9.0334E-02  9.0334E-02  5.0296E+01  4.5508E+01  4.7884E+00  9.0334E-02
  2.6000E+01  6.4900E+02  0.0000E+00  1.4633E+02  0.0000E+00  4.6906E+01  1.8198E+00  1.8198E+00  1.4633E+02  4.6906E+01  9.9426E+01  1.8198E+00
  2.6000E+01  6.5000E+02  0.0000E+00  8.6660E+00  0.0000E+00  4.6308E+01 -6.9785E-01 -6.9785E-01  8.6660E+00  4.6308E+01 -3.7642E+01 -6.9785E-01
  2.6000E+01  6.5200E+02  0.0000E+00  3.1890E+01  0.0000E+00  4.0618E+01 -1.8447E-01 -1.8447E-01  3.1890E+01  4.0618E+01 -8.7275E+00 -1.8447E-01
  2.6000E+01  6.5600E+02  0.0000E+00  2.1724E+01  0.0000E+00  2.8950E+01 -2.1428E-01 -2.1428E-01  2.1724E+01  2.8950E+01 -7.2256E+00 -2.1428E-01
  2.6000E+01  6.7200E+02  0.0000E+00  2.5220E+00  0.0000E+00  7.2084E+00 -5.5814E-01 -5.5814E-01  2.5220E+00  7.2084E+00 -4.6864E+00 -5.5814E-01
  2.7000E+01  0.0000E+00  1.2500E+05  0.0000E+00  1.0000E+00  0.0000E+00  0.0000E+00  0.0000E+00  0.0000E+00  0.0000E+00  0.0000E+00  0.0000E+00
  2.7000E+01  6.4850E+02  0.0000E+00  2.1252E+02  0.0000E+00  4.5508E+01  3.1506E+00  3.1506E+00  2.1252E+02  4.5508E+01  1.6701E+02  3.1506E+00
  2.7000E+01  6.4900E+02  0.0000E+00  3.0835E+01  0.0000E+00  4.6906E+01 -2.9414E-01 -2.9414E-01  3.0835E+01  4.6906E+01 -1.6071E+01 -2.9414E-01
  2.7000E+01  6.5000E+02  0.0000E+00  1.4641E+02  0.0000E+00  4.6308E+01  1.8557E+00  1.8557E+00  1.4641E+02  4.6308E+01  1.0010E+02  1.8557E+00
  2.7000E+01  6.5200E+02  0.0000E+00  9.8230E+00  0.0000E+00  4.0618E+01 -6.5088E-01 -6.5088E-01  9.8230E+00  4.0618E+01 -3.0795E+01 -6.5088E-01
  2.7000E+01  6.5600E+02  0.0000E+00  3.2820E+01  0.0000E+00  2.8950E+01  1.1478E-01  1.1478E-01  3.2820E+01  2.8950E+01  3.8704E+00  1.1478E-01
  2.7000E+01  6.7200E+02  0.0000E+00  6.0010E+00  0.0000E+00  7.2084E+00 -1.4380E-01 -1.4380E-01  6.0010E+00  7.2084E+00 -1.2074E+00 -1.4380E-01
  2.8000E+01  0.0000E+00  2.5000E+05  0.0000E+00  1.0000E+00  0.0000E+00  0.0000E+00  0.0000E+00  0.0000E+00  0.0000E+00  0.0000E+00  0.0000E+00
  2.8000E+01  6.4850E+02  0.0000E+00  6.4244E+01  0.0000E+00  4.8442E+01  2.8005E-01  2.8005E-01  6.4244E+01  4.8442E+01  1.5802E+01  2.8005E-01
  2.8000E+01  6.4900E+02  0.0000E+00  3.7738E+01  0.0000E+00  4.9931E+01 -2.0964E-01 -2.0964E-01  3.7738E+01  4.9931E+01 -1.2193E+01 -2.0964E-01
  2.8000E+01  6.5000E+02  0.0000E+00  9.7220E+00  0.0000E+00  4.9295E+01 -6.8919E-01 -6.8919E-01  9.7220E+00  4.9295E+01 -3.9573E+01 -6.8919E-01
  2.8000E+01  6.5200E+02  0.0000E+00  2.0965E+01  0.0000E+00  4.3237E+01 -4.4222E-01 -4.4222E-01  2.0965E+01  4.3237E+01 -2.2272E+01 -4.4222E-01
  2.8000E+01  6.5600E+02  0.0000E+00  1.0345E+02  0.0000E+00  3.0816E+01  2.0235E+00  2.0235E+00  1.0345E+02  3.0816E+01  7.2634E+01  2.0235E+00
  2.8000E+01  6.7200E+02  0.0000E+00  2.1540E+00  0.0000E+00  7.6732E+00 -6.1751E-01 -6.1751E-01  2.1540E+00  7.6732E+00 -5.5192E+00 -6.1751E-01
  2.9000E+01  0.0000E+00  2.5000E+05  0.0000E+00  1.0000E+00  0.0000E+00  0.0000E+00  0.0000E+00  0.0000E+00  0.0000E+00  0.0000E+00  0.0000E+00
  2.9000E+01  6.4850E+02  0.0000E+00  1.4612E+02  0.0000E+00  4.8442E+01  1.7310E+00  1.7310E+00  1.4612E+02  4.8442E+01  9.7675E+01  1.7310E+00
  2.9000E+01  6.4900E+02  0.0000E+00  2.4291E+01  0.0000E+00  4.9931E+01 -4.4085E-01 -4.4085E-01  2.4291E+01  4.9931E+01 -2.5640E+01 -4.4085E-01
  2.9000E+01  6.5000E+02  0.0000E+00  2.4490E+01  0.0000E+00  4.9295E+01 -4.3199E-01 -4.3199E-01  2.4490E+01  4.9295E+01 -2.4805E+01 -4.3199E-01
  2.9000E+01  6.5200E+02  0.0000E+00  8.2620E+01  0.0000E+00  4.3237E+01  7.8199E-01  7.8199E-01  8.2620E+01  4.3237E+01  3.9383E+01  7.8199E-01
  2.9000E+01  6.5600E+02  0.0000E+00  5.3802E+01  0.0000E+00  3.0816E+01  6.4035E-01  6.4035E-01  5.3802E+01  3.0816E+01  2.2986E+01  6.4035E-01
  2.9000E+01  6.7200E+02  0.0000E+00  1.7604E+01  0.0000E+00  7.6732E+00  1.1111E+00  1.1111E+00  1.7604E+01  7.6732E+00  9.9308E+00  1.1111E+00
  3.0000E+01  0.0000E+00  2.5000E+05  0.0000E+00  1.0000E+00  0.0000E+00  0.0000E+00  0.0000E+00  0.0000E+00  0.0000E+00  0.0000E+00  0.0000E+00
  3.0000E+01  6.4850E+02  0.0000E+00  2.4478E+01  0.0000E+00  4.8442E+01 -4.2470E-01 -4.2470E-01  2.4478E+01  4.8442E+01 -2.3964E+01 -4.2470E-01
  3.0000E+01  6.4900E+02  0.0000E+00  4.3707E+01  0.0000E+00  4.9931E+01 -1.0701E-01 -1.0701E-01  4.3707E+01  4.9931E+01 -6.2238E+00 -1.0701E-01
  3.0000E+01  6.5000E+02  0.0000E+00  2.1750E+01  0.0000E+00  4.9295E+01 -4.7971E-01 -4.7971E-01  2.1750E+01  4.9295E+01 -2.7545E+01 -4.7971E-01
  3.0000E+01  6.5200E+02  0.0000E+00  7.7547E+01  0.0000E+00  4.3237E+01  6.8126E-01  6.8126E-01  7.7547E+01  4.3237E+01  3.4310E+01  6.8126E-01
  3.0000E+01  6.5600E+02  0.0000E+00  1.7104E+01  0.0000E+00  3.0816E+01 -3.8201E-01 -3.8201E-01  1.7104E+01  3.0816E+01 -1.3712E+01 -3.8201E-01
  3.0000E+01  6.7200E+02  0.0000E+00  1.4920E+00  0.0000E+00  7.6732E+00 -6.9157E-01 -6.9157E-01  1.4920E+00  7.6732E+00 -6.1812E+00 -6.9157E-01
  3.1000E+01  0.0000E+00  5.0000E+05  0.0000E+00  1.0000E+00  0.0000E+00  0.0000E+00  0.0000E+00  0.0000E+00  0.0000E+00  0.0000E+00  0.0000E+00
  3.1000E+01  6.4850E+02  0.0000E+00  1.4763E+02  0.0000E+00  5.0056E+01  1.6734E+00  1.6734E+00  1.4763E+02  5.0056E+01  9.7571E+01  1.6734E+00
  3.1000E+01  6.4900E+02  0.0000E+00  6.0196E+01  0.0000E+00  5.1594E+01  1.4313E-01  1.4313E-01  6.0196E+01  5.1594E+01  8.6017E+00  1.4313E-01
  3.1000E+01  6.5000E+02  0.0000E+00  4.5454E+01  0.0000E+00  5.0937E+01 -9.2410E-02 -9.2410E-02  4.5454E+01  5.0937E+01 -5.4829E+00 -9.2410E-02
  3.1000E+01  6.5200E+02  0.0000E+00  3.7415E+01  0.0000E+00  4.4677E+01 -1.3955E-01 -1.3955E-01  3.7415E+01  4.4677E+01 -7.2622E+00 -1.3955E-01
  3.1000E+01  6.5600E+02  0.0000E+00  2.0174E+02  0.0000E+00  3.1843E+01  4.5804E+00  4.5804E+00  2.0174E+02  3.1843E+01  1.6989E+02  4.5804E+00
  3.1000E+01  6.7200E+02  0.0000E+00  4.0700E+00  0.0000E+00  7.9289E+00 -4.1782E-01 -4.1782E-01  4.0700E+00  7.9289E+00 -3.8589E+00 -4.1782E-01
  3.2000E+01  0.0000E+00  5.0000E+05  0.0000E+00  1.0000E+00  0.0000E+00  0.0000E+00  0.0000E+00  0.0000E+00  0.0000E+00  0.0000E+00  0.0000E+00
  3.2000E+01  6.4850E+02  0.0000E+00  2.4420E+01  0.0000E+00  5.0056E+01 -4.3968E-01 -4.3968E-01  2.4420E+01  5.0056E+01 -2.5636E+01 -4.3968E-01
  3.2000E+01  6.4900E+02  0.0000E+00  4.5068E+01  0.0000E+00  5.1594E+01 -1.0860E-01 -1.0860E-01  4.5068E+01  5.1594E+01 -6.5263E+00 -1.0860E-01
  3.2000E+01  6.5000E+02  0.0000E+00  1.5002E+02  0.0000E+00  5.0937E+01  1.6700E+00  1.6700E+00  1.5002E+02  5.0937E+01  9.9087E+01  1.6700E+00
  3.2000E+01  6.5200E+02  0.0000E+00  8.7104E+01  0.0000E+00  4.4677E+01  8.1526E-01  8.1526E-01  8.7104E+01  4.4677E+01  4.2427E+01  8.1526E-01
  3.2000E+01  6.5600E+02  0.0000E+00  6.0706E+01  0.0000E+00  3.1843E+01  7.7816E-01  7.7816E-01  6.0706E+01  3.1843E+01  2.8863E+01  7.7816E-01
  3.2000E+01  6.7200E+02  0.0000E+00  2.8840E+01  0.0000E+00  7.9289E+00  2.2642E+00  2.2642E+00  2.8840E+01  7.9289E+00  2.0911E+01  2.2642E+00
  3.3000E+01  0.0000E+00  5.0000E+05  0.0000E+00  1.0000E+00  0.0000E+00  0.0000E+00  0.0000E+00  0.0000E+00  0.0000E+00  0.0000E+00  0.0000E+00
  3.3000E+01  6.4850E+02  0.0000E+00  9.8501E+01  0.0000E+00  5.0056E+01  8.3087E-01  8.3087E-01  9.8501E+01  5.0056E+01  4.8445E+01  8.3087E-01
  3.3000E+01  6.4900E+02  0.0000E+00  5.3954E+01  0.0000E+00  5.1594E+01  3.9264E-02  3.9264E-02  5.3954E+01  5.1594E+01  2.3597E+00  3.9264E-02
  3.3000E+01  6.5000E+02  0.0000E+00  6.4530E+01  0.0000E+00  5.0937E+01  2.2910E-01  2.2910E-01  6.4530E+01  5.0937E+01  1.3593E+01  2.2910E-01
  3.3000E+01  6.5200E+02  0.0000E+00  1.3317E+02  0.0000E+00  4.4677E+01  1.7005E+00  1.7005E+00  1.3317E+02  4.4677E+01  8.8495E+01  1.7005E+00
  3.3000E+01  6.5600E+02  0.0000E+00  3.9382E+01  0.0000E+00  3.1843E+01  2.0325E-01  2.0325E-01  3.9382E+01  3.1843E+01  7.5389E+00  2.0325E-01
  3.3000E+01  6.7200E+02  0.0000E+00  3.0098E+01  0.0000E+00  7.9289E+00  2.4004E+00  2.4004E+00  3.0098E+01  7.9289E+00  2.2169E+01  2.4004E+00
  3.4000E+01  0.0000E+00  1.2500E+05  0.0000E+00  1.0000E+00  0.0000E+00  0.0000E+00  0.0000E+00  0.0000E+00  0.0000E+00  0.0000E+00  0.0000E+00
  3.4000E+01  6.4850E+02  0.0000E+00  3.5010E+01  0.0000E+00  4.5508E+01 -1.9804E-01 -1.9804E-01  3.5010E+01  4.5508E+01 -1.0498E+01 -1.9804E-01
  3.4000E+01  6.4900E+02  0.0000E+00  5.0250E+00  0.0000E+00  4.6906E+01 -7.6653E-01 -7.6653E-01  5.0250E+00  4.6906E+01 -4.1881E+01 -7.6653E-01
  3.4000E+01  6.5000E+02  0.0000E+00  0.0000E+00  1.0000E+00  4.6308E+01  0.0000E+00 -8.5850E-01  0.0000E+00  4.6308E+01  0.0000E+00  0.0000E+00
  3.4000E+01  6.5200E+02  0.0000E+00  6.2690E+00  0.0000E+00  4.0618E+01 -7.2600E-01 -7.2600E-01  6.2690E+00  4.0618E+01 -3.4349E+01 -7.2600E-01
  3.4000E+01  6.5600E+02  0.0000E+00  3.5510E+00  0.0000E+00  2.8950E+01 -7.5320E-01 -7.5320E-01  3.5510E+00  2.8950E+01 -2.5399E+01 -7.5320E-01
  3.4000E+01  6.7200E+02  0.0000E+00  6.0000E-01  0.0000E+00  7.2084E+00 -7.8705E-01 -7.8705E-01  6.0000E-01  7.2084E+00 -6.6084E+00 -7.8705E-01
  3.5000E+01  0.0000E+00  1.2500E+05  0.0000E+00  1.0000E+00  0.0000E+00  0.0000E+00  0.0000E+00  0.0000E+00  0.0000E+00  0.0000E+00  0.0000E+00
  3.5000E+01  6.4850E+02  0.0000E+00  2.1542E+01  0.0000E+00  4.5508E+01 -4.5211E-01 -4.5211E-01  2.1542E+01  4.5508E+01 -2.3966E+01 -4.5211E-01
  3.5000E+01  6.4900E+02  0.0000E+00  8.6120E+00  0.0000E+00  4.6906E+01 -7.0088E-01 -7.0088E-01  8.6120E+00  4.6906E+01 -3.8294E+01 -7.0088E-01
  3.5000E+01  6.5000E+02  0.0000E+00  6.8900E+00  0.0000E+00  4.6308E+01 -7.3077E-01 -7.3077E-01  6.8900E+00  4.6308E+01 -3.9418E+01 -7.3077E-01
  3.5000E+01  6.5200E+02  0.0000E+00  2.5340E+00  0.0000E+00  4.0618E+01 -8.0494E-01 -8.0494E-01  2.5340E+00  4.0618E+01 -3.8084E+01 -8.0494E-01
  3.5000E+01  6.5600E+02  0.0000E+00  5.9780E+00  0.0000E+00  2.8950E+01 -6.8123E-01 -6.8123E-01  5.9780E+00  2.8950E+01 -2.2972E+01 -6.8123E-01
  3.5000E+01  6.7200E+02  0.0000E+00  6.0000E-01  0.0000E+00  7.2084E+00 -7.8705E-01 -7.8705E-01  6.0000E-01  7.2084E+00 -6.6084E+00 -7.8705E-01
  3.6000E+01  0.0000E+00  1.2500E+05  0.0000E+00  1.0000E+00  0.0000E+00  0.0000E+00  0.0000E+00  0.0000E+00  0.0000E+00  0.0000E+00  0.0000E+00
  3.6000E+01  6.4850E+02  0.0000E+00  3.4776E+01  0.0000E+00  4.5508E+01 -2.0245E-01 -2.0245E-01  3.4776E+01  4.5508E+01 -1.0732E+01 -2.0245E-01
  3.6000E+01  6.4900E+02  0.0000E+00  1.3631E+01  0.0000E+00  4.6906E+01 -6.0902E-01 -6.0902E-01  1.3631E+01  4.6906E+01 -3.3275E+01 -6.0902E-01
  3.6000E+01  6.5000E+02  0.0000E+00  4.0710E+00  0.0000E+00  4.6308E+01 -7.8303E-01 -7.8303E-01  4.0710E+00  4.6308E+01 -4.2237E+01 -7.8303E-01
  3.6000E+01  6.5200E+02  0.0000E+00  4.7670E+00  0.0000E+00  4.0618E+01 -7.5775E-01 -7.5775E-01  4.7670E+00  4.0618E+01 -3.5851E+01 -7.5775E-01
  3.6000E+01  6.5600E+02  0.0000E+00  5.2920E+00  0.0000E+00  2.8950E+01 -7.0157E-01 -7.0157E-01  5.2920E+00  2.8950E+01 -2.3658E+01 -7.0157E-01
  3.6000E+01  6.7200E+02  0.0000E+00  6.0000E-01  0.0000E+00  7.2084E+00 -7.8705E-01 -7.8705E-01  6.0000E-01  7.2084E+00 -6.6084E+00 -7.8705E-01
  3.7000E+01  0.0000E+00  2.5000E+05  0.0000E+00  1.0000E+00  0.0000E+00  0.0000E+00  0.0000E+00  0.0000E+00  0.0000E+00  0.0000E+00  0.0000E+00
  3.7000E+01  6.4850E+02  0.0000E+00  2.8486E+01  0.0000E+00  4.8442E+01 -3.5367E-01 -3.5367E-01  2.8486E+01  4.8442E+01 -1.9956E+01 -3.5367E-01
  3.7000E+01  6.4900E+02  0.0000E+00  1.1131E+01  0.0000E+00  4.9931E+01 -6.6712E-01 -6.6712E-01  1.1131E+01  4.9931E+01 -3.8800E+01 -6.6712E-01
  3.7000E+01  6.5000E+02  0.0000E+00  1.5256E+01  0.0000E+00  4.9295E+01 -5.9281E-01 -5.9281E-01  1.5256E+01  4.9295E+01 -3.4039E+01 -5.9281E-01
  3.7000E+01  6.5200E+02  0.0000E+00  1.0727E+01  0.0000E+00  4.3237E+01 -6.4551E-01 -6.4551E-01  1.0727E+01  4.3237E+01 -3.2510E+01 -6.4551E-01
  3.7000E+01  6.5600E+02  0.0000E+00  4.5780E+00  0.0000E+00  3.0816E+01 -7.3097E-01 -7.3097E-01  4.5780E+00  3.0816E+01 -2.6238E+01 -7.3097E-01
  3.7000E+01  6.7200E+02  0.0000E+00  1.0060E+00  0.0000E+00  7.6732E+00 -7.4595E-01 -7.4595E-01  1.0060E+00  7.6732E+00 -6.6672E+00 -7.4595E-01
  3.8000E+01  0.0000E+00  2.5000E+05  0.0000E+00  1.0000E+00  0.0000E+00  0.0000E+00  0.0000E+00  0.0000E+00  0.0000E+00  0.0000E+00  0.0000E+00
  3.8000E+01  6.4850E+02  0.0000E+00  3.0100E+01  0.0000E+00  4.8442E+01 -3.2506E-01 -3.2506E-01  3.0100E+01  4.8442E+01 -1.8342E+01 -3.2506E-01
  3.8000E+01  6.4900E+02  0.0000E+00  2.6832E+01  0.0000E+00  4.9931E+01 -3.9716E-01 -3.9716E-01  2.6832E+01  4.9931E+01 -2.3099E+01 -3.9716E-01
  3.8000E+01  6.5000E+02  0.0000E+00  1.0962E+01  0.0000E+00  4.9295E+01 -6.6759E-01 -6.6759E-01  1.0962E+01  4.9295E+01 -3.8333E+01 -6.6759E-01
  3.8000E+01  6.5200E+02  0.0000E+00  1.5374E+01  0.0000E+00  4.3237E+01 -5.5324E-01 -5.5324E-01  1.5374E+01  4.3237E+01 -2.7863E+01 -5.5324E-01
  3.8000E+01  6.5600E+02  0.0000E+00  1.1924E+01  0.0000E+00  3.0816E+01 -5.2632E-01 -5.2632E-01  1.1924E+01  3.0816E+01 -1.8892E+01 -5.2632E-01
  3.8000E+01  6.7200E+02  0.0000E+00  2.0360E+00  0.0000E+00  7.6732E+00 -6.3071E-01 -6.3071E-01  2.0360E+00  7.6732E+00 -5.6372E+00 -6.3071E-01
  3.9000E+01  0.0000E+00  2.5000E+05  0.0000E+00  1.0000E+00  0.0000E+00  0.0000E+00  0.0000E+00  0.0000E+00  0.0000E+00  0.0000E+00  0.0000E+00
  3.9000E+01  6.4850E+02  0.0000E+00  4.0823E+01  0.0000E+00  4.8442E+01 -1.3503E-01 -1.3503E-01  4.0823E+01  4.8442E+01 -7.6191E+00 -1.3503E-01
  3.9000E+01  6.4900E+02  0.0000E+00  1.4413E+01  0.0000E+00  4.9931E+01 -6.1069E-01 -6.1069E-01  1.4413E+01  4.9931E+01 -3.5518E+01 -6.1069E-01
  3.9000E+01  6.5000E+02  0.0000E+00  1.2523E+01  0.0000E+00  4.9295E+01 -6.4041E-01 -6.4041E-01  1.2523E+01  4.9295E+01 -3.6772E+01 -6.4041E-01
  3.9000E+01  6.5200E+02  0.0000E+00  1.5130E+01  0.0000E+00  4.3237E+01 -5.5808E-01 -5.5808E-01  1.5130E+01  4.3237E+01 -2.8107E+01 -5.5808E-01
  3.9000E+01  6.5600E+02  0.0000E+00  5.8410E+00  0.0000E+00  3.0816E+01 -6.9578E-01 -6.9578E-01  5.8410E+00  3.0816E+01 -2.4975E+01 -6.9578E-01
  3.9000E+01  6.7200E+02  0.0000E+00  1.7660E+00  0.0000E+00  7.6732E+00 -6.6092E-01 -6.6092E-01  1.7660E+00  7.6732E+00 -5.9072E+00 -6.6092E-01
  4.0000E+01  0.0000E+00  5.0000E+05  0.0000E+00  1.0000E+00  0.0000E+00  0.0000E+00  0.0000E+00  0.0000E+00  0.0000E+00  0.0000E+00  0.0000E+00
  4.0000E+01  6.4850E+02  0.0000E+00  4.5391E+01  0.0000E+00  5.0056E+01 -8.0009E-02 -8.0009E-02  4.5391E+01  5.0056E+01 -4.6650E+00 -8.0009E-02
  4.0000E+01  6.4900E+02  0.0000E+00  3.4480E+01  0.0000E+00  5.1594E+01 -2.8477E-01 -2.8477E-01  3.4480E+01  5.1594E+01 -1.7114E+01 -2.8477E-01
  4.0000E+01  6.5000E+02  0.0000E+00  1.3880E+01  0.0000E+00  5.0937E+01 -6.2457E-01 -6.2457E-01  1.3880E+01  5.0937E+01 -3.7057E+01 -6.2457E-01
  4.0000E+01  6.5200E+02  0.0000E+00  2.0645E+01  0.0000E+00  4.4677E+01 -4.6180E-01 -4.6180E-01  2.0645E+01  4.4677E+01 -2.4032E+01 -4.6180E-01
  4.0000E+01  6.5600E+02  0.0000E+00  4.6133E+01  0.0000E+00  3.1843E+01  3.8526E-01  3.8526E-01  4.6133E+01  3.1843E+01  1.4290E+01  3.8526E-01
  4.0000E+01  6.7200E+02  0.0000E+00  9.7100E-01  0.0000E+00  7.9289E+00 -7.5337E-01 -7.5337E-01  9.7100E-01  7.9289E+00 -6.9579E+00 -7.5337E-01
  4.1000E+01  0.0000E+00  5.0000E+05  0.0000E+00  1.0000E+00  0.0000E+00  0.0000E+00  0.0000E+00  0.0000E+00  0.0000E+00  0.0000E+00  0.0000E+00
  4.1000E+01  6.4850E+02  0.0000E+00  6.4231E+01  0.0000E+00  5.0056E+01  2.4311E-01  2.4311E-01  6.4231E+01  5.0056E+01  1.4175E+01  2.4311E-01
  4.1000E+01  6.4900E+02  0.0000E+00  2.8485E+01  0.0000E+00  5.1594E+01 -3.8453E-01 -3.8453E-01  2.8485E+01  5.1594E+01 -2.3109E+01 -3.8453E-01
  4.1000E+01  6.5000E+02  0.0000E+00  9.4640E+00  0.0000E+00  5.0937E+01 -6.9900E-01 -6.9900E-01  9.4640E+00  5.0937E+01 -4.1473E+01 -6.9900E-01
  4.1000E+01  6.5200E+02  0.0000E+00  3.0919E+01  0.0000E+00  4.4677E+01 -2.6437E-01 -2.6437E-01  3.0919E+01  4.4677E+01 -1.3758E+01 -2.6437E-01
  4.1000E+01  6.5600E+02  0.0000E+00  2.5956E+01  0.0000E+00  3.1843E+01 -1.5872E-01 -1.5872E-01  2.5956E+01  3.1843E+01 -5.8871E+00 -1.5872E-01
  4.1000E+01  6.7200E+02  0.0000E+00  6.0000E-01  0.0000E+00  7.9289E+00 -7.9354E-01 -7.9354E-01  6.0000E-01  7.9289E+00 -7.3289E+00 -7.9354E-01
  4.2000E+01  0.0000E+00  5.0000E+05  0.0000E+00  1.0000E+00  0.0000E+00  0.0000E+00  0.0000E+00  0.0000E+00  0.0000E+00  0.0000E+00  0.0000E+00
  4.2000E+01  6.4850E+02  0.0000E+00  4.0872E+01  0.0000E+00  5.0056E+01 -1.5751E-01 -1.5751E-01  4.0872E+01  5.0056E+01 -9.1840E+00 -1.5751E-01
  4.2000E+01  6.4900E+02  0.0000E+00  1.4567E+01  0.0000E+00  5.1594E+01 -6.1612E-01 -6.1612E-01  1.4567E+01  5.1594E+01 -3.7027E+01 -6.1612E-01
  4.2000E+01  6.5000E+02  0.0000E+00  3.1051E+01  0.0000E+00  5.0937E+01 -3.3516E-01 -3.3516E-01  3.1051E+01  5.0937E+01 -1.9886E+01 -3.3516E-01
  4.2000E+01  6.5200E+02  0.0000E+00  1.0596E+01  0.0000E+00  4.4677E+01 -6.5489E-01 -6.5489E-01  1.0596E+01  4.4677E+01 -3.4081E+01 -6.5489E-01
  4.2000E+01  6.5600E+02  0.0000E+00  1.9287E+01  0.0000E+00  3.1843E+01 -3.3852E-01 -3.3852E-01  1.9287E+01  3.1843E+01 -1.2556E+01 -3.3852E-01
  4.2000E+01  6.7200E+02  0.0000E+00  6.0000E-01  0.0000E+00  7.9289E+00 -7.9354E-01 -7.9354E-01  6.0000E-01  7.9289E+00 -7.3289E+00 -7.9354E-01
  4.3000E+01  0.0000E+00  3.0000E+05  0.0000E+00  1.0000E+00  0.0000E+00  0.0000E+00  0.0000E+00  0.0000E+00  0.0000E+00  0.0000E+00  0.0000E+00
  4.3000E+01  0.0000E+00  0.0000E+00  0.0000E+00  0.0000E+00  0.0000E+00  0.0000E+00  0.0000E+00  0.0000E+00  0.0000E+00  0.0000E+00  0.0000E+00
  4.3000E+01  5.0000E-01  0.0000E+00  1.3907E+02  0.0000E+00  4.1542E+01  2.0155E+00  2.0155E+00  1.3907E+02  4.1542E+01  9.7528E+01  2.0155E+00
  4.3000E+01  1.0000E+00  0.0000E+00  5.9990E+01  0.0000E+00  4.3362E+01  3.2920E-01  3.2920E-01  5.9990E+01  4.3362E+01  1.6628E+01  3.2920E-01
  4.3000E+01  2.0000E+00  0.0000E+00  3.9920E+01  0.0000E+00  4.3311E+01 -6.7219E-02 -6.7219E-02  3.9920E+01  4.3311E+01 -3.3911E+00 -6.7219E-02
  4.3000E+01  4.0000E+00  0.0000E+00  2.2690E+01  0.0000E+00  3.8228E+01 -3.4894E-01 -3.4894E-01  2.2690E+01  3.8228E+01 -1.5538E+01 -3.4894E-01
  4.3000E+01  8.0000E+00  0.0000E+00  3.2950E+01  0.0000E+00  2.7281E+01  1.7839E-01  1.7839E-01  3.2950E+01  2.7281E+01  5.6687E+00  1.7839E-01
  4.4000E+01  0.0000E+00  3.0000E+05  0.0000E+00  1.0000E+00  0.0000E+00  0.0000E+00  0.0000E+00  0.0000E+00  0.0000E+00  0.0000E+00  0.0000E+00
  4.4000E+01  0.0000E+00  0.0000E+00  0.0000E+00  0.0000E+00  0.0000E+00  0.0000E+00  0.0000E+00  0.0000E+00  0.0000E+00  0.0000E+00  0.0000E+00
  4.4000E+01  5.0000E-01  0.0000E+00  7.3190E+01  0.0000E+00  4.1542E+01  6.5405E-01  6.5405E-01  7.3190E+01  4.1542E+01  3.1648E+01  6.5405E-01
  4.4000E+01  1.0000E+00  0.0000E+00  3.4490E+01  0.0000E+00  4.3362E+01 -1.7566E-01 -1.7566E-01  3.4490E+01  4.3362E+01 -8.8724E+00 -1.7566E-01
  4.4000E+01  2.0000E+00  0.0000E+00  3.0340E+01  0.0000E+00  4.3311E+01 -2.5711E-01 -2.5711E-01  3.0340E+01  4.3311E+01 -1.2971E+01 -2.5711E-01
  4.4000E+01  4.0000E+00  0.0000E+00  1.1700E+01  0.0000E+00  3.8228E+01 -5.9575E-01 -5.9575E-01  1.1700E+01  3.8228E+01 -2.6528E+01 -5.9575E-01
  4.4000E+01  8.0000E+00  0.0000E+00  2.7960E+01  0.0000E+00  2.7281E+01  2.1357E-02  2.1357E-02  2.7960E+01  2.7281E+01  6.7869E-01  2.1357E-02
  4.5000E+01  0.0000E+00  3.0000E+05  0.0000E+00  1.0000E+00  0.0000E+00  0.0000E+00  0.0000E+00  0.0000E+00  0.0000E+00  0.0000E+00  0.0000E+00
  4.5000E+01  0.0000E+00  0.0000E+00  0.0000E+00  0.0000E+00  0.0000E+00  0.0000E+00  0.0000E+00  0.0000E+00  0.0000E+00  0.0000E+00  0.0000E+00
  4.5000E+01  5.0000E-01  0.0000E+00  4.8070E+01  0.0000E+00  4.1542E+01  1.3492E-01  1.3492E-01  4.8070E+01  4.1542E+01  6.5284E+00  1.3492E-01
  4.5000E+01  1.0000E+00  0.0000E+00  4.1740E+01  0.0000E+00  4.3362E+01 -3.2121E-02 -3.2121E-02  4.1740E+01  4.3362E+01 -1.6224E+00 -3.2121E-02
  4.5000E+01  2.0000E+00  0.0000E+00  2.8020E+01  0.0000E+00  4.3311E+01 -3.0310E-01 -3.0310E-01  2.8020E+01  4.3311E+01 -1.5291E+01 -3.0310E-01
  4.5000E+01  4.0000E+00  0.0000E+00  1.6530E+01  0.0000E+00  3.8228E+01 -4.8728E-01 -4.8728E-01  1.6530E+01  3.8228E+01 -2.1698E+01 -4.8728E-01
  4.5000E+01  8.0000E+00  0.0000E+00  1.3990E+01  0.0000E+00  2.7281E+01 -4.1826E-01 -4.1826E-01  1.3990E+01  2.7281E+01 -1.3291E+01 -4.1826E-01
  4.6000E+01  0.0000E+00  8.0000E+05  0.0000E+00  1.0000E+00  0.0000E+00  0.0000E+00  0.0000E+00  0.0000E+00  0.0000E+00  0.0000E+00  0.0000E+00
  4.6000E+01  0.0000E+00  0.0000E+00  0.0000E+00  0.0000E+00  0.0000E+00  0.0000E+00  0.0000E+00  0.0000E+00  0.0000E+00  0.0000E+00  0.0000E+00
  4.6000E+01  5.0000E-01  0.0000E+00  7.8270E+01  0.0000E+00  4.3002E+01  7.0412E-01  7.0412E-01  7.8270E+01  4.3002E+01  3.5268E+01  7.0412E-01
  4.6000E+01  1.0000E+00  0.0000E+00  7.9700E+01  0.0000E+00  4.4886E+01  6.6585E-01  6.6585E-01  7.9700E+01  4.4886E+01  3.4814E+01  6.6585E-01
  4.6000E+01  2.0000E+00  0.0000E+00  4.3450E+01  0.0000E+00  4.4833E+01 -2.6488E-02 -2.6488E-02  4.3450E+01  4.4833E+01 -1.3832E+00 -2.6488E-02
  4.6000E+01  4.0000E+00  0.0000E+00  4.6070E+01  0.0000E+00  3.9571E+01  1.4100E-01  1.4100E-01  4.6070E+01  3.9571E+01  6.4989E+00  1.4100E-01
  4.6000E+01  8.0000E+00  0.0000E+00  8.2900E+01  0.0000E+00  2.8240E+01  1.6617E+00  1.6617E+00  8.2900E+01  2.8240E+01  5.4660E+01  1.6617E+00
  4.7000E+01  0.0000E+00  8.0000E+05  0.0000E+00  1.0000E+00  0.0000E+00  0.0000E+00  0.0000E+00  0.0000E+00  0.0000E+00  0.0000E+00  0.0000E+00
  4.7000E+01  0.0000E+00  0.0000E+00  0.0000E+00  0.0000E+00  0.0000E+00  0.0000E+00  0.0000E+00  0.0000E+00  0.0000E+00  0.0000E+00  0.0000E+00
  4.7000E+01  5.0000E-01  0.0000E+00  5.4280E+01  0.0000E+00  4.3002E+01  2.2517E-01  2.2517E-01  5.4280E+01  4.3002E+01  1.1278E+01  2.2517E-01
  4.7000E+01  1.0000E+00  0.0000E+00  1.3120E+01  0.0000E+00  4.4886E+01 -6.0757E-01 -6.0757E-01  1.3120E+01  4.4886E+01 -3.1766E+01 -6.0757E-01
  4.7000E+01  2.0000E+00  0.0000E+00  6.8020E+01  0.0000E+00  4.4833E+01  4.4400E-01  4.4400E-01  6.8020E+01  4.4833E+01  2.3187E+01  4.4400E-01
  4.7000E+01  4.0000E+00  0.0000E+00  5.8220E+01  0.0000E+00  3.9571E+01  4.0459E-01  4.0459E-01  5.8220E+01  3.9571E+01  1.8649E+01  4.0459E-01
  4.7000E+01  8.0000E+00  0.0000E+00  3.2920E+01  0.0000E+00  2.8240E+01  1.4227E-01  1.4227E-01  3.2920E+01  2.8240E+01  4.6799E+00  1.4227E-01
  4.8000E+01  0.0000E+00  8.0000E+05  0.0000E+00  1.0000E+00  0.0000E+00  0.0000E+00  0.0000E+00  0.0000E+00  0.0000E+00  0.0000E+00  0.0000E+00
  4.8000E+01  0.0000E+00  0.0000E+00  0.0000E+00  0.0000E+00  0.0000E+00  0.0000E+00  0.0000E+00  0.0000E+00  0.0000E+00  0.0000E+00  0.0000E+00
  4.8000E+01  5.0000E-01  0.0000E+00  3.6880E+01  0.0000E+00  4.3002E+01 -1.2221E-01 -1.2221E-01  3.6880E+01  4.3002E+01 -6.1216E+00 -1.2221E-01
  4.8000E+01  1.0000E+00  0.0000E+00  7.5550E+01  0.0000E+00  4.4886E+01  5.8648E-01  5.8648E-01  7.5550E+01  4.4886E+01  3.0664E+01  5.8648E-01
  4.8000E+01  2.0000E+00  0.0000E+00  4.8520E+01  0.0000E+00  4.4833E+01  7.0597E-02  7.0597E-02  4.8520E+01  4.4833E+01  3.6868E+00  7.0597E-02
  4.8000E+01  4.0000E+00  0.0000E+00  4.8470E+01  0.0000E+00  3.9571E+01  1.9306E-01  1.9306E-01  4.8470E+01  3.9571E+01  8.8989E+00  1.9306E-01
  4.8000E+01  8.0000E+00  0.0000E+00  1.6480E+01  0.0000E+00  2.8240E+01 -3.5751E-01 -3.5751E-01  1.6480E+01  2.8240E+01 -1.1760E+01 -3.5751E-01
  4.9000E+01  0.0000E+00  1.5000E+06  0.0000E+00  1.0000E+00  0.0000E+00  0.0000E+00  0.0000E+00  0.0000E+00  0.0000E+00  0.0000E+00  0.0000E+00
  4.9000E+01  0.0000E+00  0.0000E+00  0.0000E+00  0.0000E+00  0.0000E+00  0.0000E+00  0.0000E+00  0.0000E+00  0.0000E+00  0.0000E+00  0.0000E+00
  4.9000E+01  5.0000E-01  0.0000E+00  8.4140E+01  0.0000E+00  4.3429E+01  8.0478E-01  8.0478E-01  8.4140E+01  4.3429E+01  4.0711E+01  8.0478E-01
  4.9000E+01  1.0000E+00  0.0000E+00  5.6530E+01  0.0000E+00  4.5332E+01  2.1206E-01  2.1206E-01  5.6530E+01  4.5332E+01  1.1198E+01  2.1206E-01
  4.9000E+01  2.0000E+00  0.0000E+00  3.9120E+01  0.0000E+00  4.5279E+01 -1.1677E-01 -1.1677E-01  3.9120E+01  4.5279E+01 -6.1588E+00 -1.1677E-01
  4.9000E+01  4.0000E+00  0.0000E+00  3.1620E+01  0.0000E+00  3.9964E+01 -1.7925E-01 -1.7925E-01  3.1620E+01  3.9964E+01 -8.3443E+00 -1.7925E-01
  4.9000E+01  8.0000E+00  0.0000E+00  2.3630E+01  0.0000E+00  2.8521E+01 -1.4722E-01 -1.4722E-01  2.3630E+01  2.8521E+01 -4.8907E+00 -1.4722E-01
  5.0000E+01  0.0000E+00  1.5000E+06  0.0000E+00  1.0000E+00  0.0000E+00  0.0000E+00  0.0000E+00  0.0000E+00  0.0000E+00  0.0000E+00  0.0000E+00
  5.0000E+01  0.0000E+00  0.0000E+00  0.0000E+00  0.0000E+00  0.0000E+00  0.0000E+00  0.0000E+00  0.0000E+00  0.0000E+00  0.0000E+00  0.0000E+00
  5.0000E+01  5.0000E-01  0.0000E+00  1.3535E+02  0.0000E+00  4.3429E+01  1.8171E+00  1.8171E+00  1.3535E+02  4.3429E+01  9.1921E+01  1.8171E+00
  5.0000E+01  1.0000E+00  0.0000E+00  1.8297E+02  0.0000E+00  4.5332E+01  2.6066E+00  2.6066E+00  1.8297E+02  4.5332E+01  1.3764E+02  2.6066E+00
  5.0000E+01  2.0000E+00  0.0000E+00  5.5430E+01  0.0000E+00  4.5279E+01  1.9247E-01  1.9247E-01  5.5430E+01  4.5279E+01  1.0151E+01  1.9247E-01
  5.0000E+01  4.0000E+00  0.0000E+00  7.1500E+01  0.0000E+00  3.9964E+01  6.7744E-01  6.7744E-01  7.1500E+01  3.9964E+01  3.1536E+01  6.7744E-01
  5.0000E+01  8.0000E+00  0.0000E+00  1.0810E+02  0.0000E+00  2.8521E+01  2.3954E+00  2.3954E+00  1.0810E+02  2.8521E+01  7.9579E+01  2.3954E+00
  5.1000E+01  0.0000E+00  1.5000E+06  0.0000E+00  1.0000E+00  0.0000E+00  0.0000E+00  0.0000E+00  0.0000E+00  0.0000E+00  0.0000E+00  0.0000E+00
  5.1000E+01  0.0000E+00  0.0000E+00  0.0000E+00  0.0000E+00  0.0000E+00  0.0000E+00  0.0000E+00  0.0000E+00  0.0000E+00  0.0000E+00  0.0000E+00
  5.1000E+01  5.0000E-01  0.0000E+00  6.1340E+01  0.0000E+00  4.3429E+01  3.5407E-01  3.5407E-01  6.1340E+01  4.3429E+01  1.7911E+01  3.5407E-01
  5.1000E+01  2.0000E+00  0.0000E+00  6.0580E+01  0.0000E+00  4.5279E+01  2.9012E-01  2.9012E-01  6.0580E+01  4.5279E+01  1.5301E+01  2.9012E-01
  5.1000E+01  4.0000E+00  0.0000E+00  5.8890E+01  0.0000E+00  3.9964E+01  4.0656E-01  4.0656E-01  5.8890E+01  3.9964E+01  1.8926E+01  4.0656E-01
  5.1000E+01  8.0000E+00  0.0000E+00  7.5560E+01  0.0000E+00  2.8521E+01  1.4159E+00  1.4159E+00  7.5560E+01  2.8521E+01  4.7039E+01  1.4159E+00
  5.2000E+01  0.0000E+00  3.0000E+05  0.0000E+00  1.0000E+00  0.0000E+00  0.0000E+00  0.0000E+00  0.0000E+00  0.0000E+00  0.0000E+00  0.0000E+00
  5.2000E+01  0.0000E+00  0.0000E+00  0.0000E+00  0.0000E+00  0.0000E+00  0.0000E+00  0.0000E+00  0.0000E+00  0.0000E+00  0.0000E+00  0.0000E+00
  5.2000E+01  5.0000E-01  0.0000E+00  4.9570E+01  0.0000E+00  4.1542E+01  1.6591E-01  1.6591E-01  4.9570E+01  4.1542E+01  8.0284E+00  1.6591E-01
  5.2000E+01  1.0000E+00  0.0000E+00  1.3940E+01  0.0000E+00  4.3362E+01 -5.8252E-01 -5.8252E-01  1.3940E+01  4.3362E+01 -2.9422E+01 -5.8252E-01
  5.2000E+01  2.0000E+00  0.0000E+00  3.3956E+02  0.0000E+00  4.3311E+01  5.8722E+00  5.8722E+00  3.3956E+02  4.3311E+01  2.9625E+02  5.8722E+00
  5.2000E+01  4.0000E+00  0.0000E+00  1.5160E+01  0.0000E+00  3.8228E+01 -5.1805E-01 -5.1805E-01  1.5160E+01  3.8228E+01 -2.3068E+01 -5.1805E-01
  5.2000E+01  8.0000E+00  0.0000E+00  2.4800E+00  0.0000E+00  2.7281E+01 -7.8046E-01 -7.8046E-01  2.4800E+00  2.7281E+01 -2.4801E+01 -7.8046E-01
  5.3000E+01  0.0000E+00  3.0000E+05  0.0000E+00  1.0000E+00  0.0000E+00  0.0000E+00  0.0000E+00  0.0000E+00  0.0000E+00  0.0000E+00  0.0000E+00
  5.3000E+01  0.0000E+00  0.0000E+00  0.0000E+00  0.0000E+00  0.0000E+00  0.0000E+00  0.0000E+00  0.0000E+00  0.0000E+00  0.0000E+00  0.0000E+00
  5.3000E+01  5.0000E-01  0.0000E+00  2.7510E+01  0.0000E+00  4.1542E+01 -2.8998E-01 -2.8998E-01  2.7510E+01  4.1542E+01 -1.4032E+01 -2.8998E-01
  5.3000E+01  1.0000E+00  0.0000E+00  2.4070E+01  0.0000E+00  4.3362E+01 -3.8196E-01 -3.8196E-01  2.4070E+01  4.3362E+01 -1.9292E+01 -3.8196E-01
  5.3000E+01  2.0000E+00  0.0000E+00  3.0780E+01  0.0000E+00  4.3311E+01 -2.4839E-01 -2.4839E-01  3.0780E+01  4.3311E+01 -1.2531E+01 -2.4839E-01
  5.3000E+01  4.0000E+00  0.0000E+00  6.7200E+00  0.0000E+00  3.8228E+01 -7.0759E-01 -7.0759E-01  6.7200E+00  3.8228E+01 -3.1508E+01 -7.0759E-01
  5.3000E+01  8.0000E+00  0.0000E+00  1.2390E+01  0.0000E+00  2.7281E+01 -4.6861E-01 -4.6861E-01  1.2390E+01  2.7281E+01 -1.4891E+01 -4.6861E-01
  5.4000E+01  0.0000E+00  3.0000E+05  0.0000E+00  1.0000E+00  0.0000E+00  0.0000E+00  0.0000E+00  0.0000E+00  0.0000E+00  0.0000E+00  0.0000E+00
  5.4000E+01  0.0000E+00  0.0000E+00  0.0000E+00  0.0000E+00  0.0000E+00  0.0000E+00  0.0000E+00  0.0000E+00  0.0000E+00  0.0000E+00  0.0000E+00
  5.4000E+01  5.0000E-01  0.0000E+00  1.0359E+02  0.0000E+00  4.1542E+01  1.2823E+00  1.2823E+00  1.0359E+02  4.1542E+01  6.2048E+01  1.2823E+00
  5.4000E+01  1.0000E+00  0.0000E+00  3.2890E+01  0.0000E+00  4.3362E+01 -2.0734E-01 -2.0734E-01  3.2890E+01  4.3362E+01 -1.0472E+01 -2.0734E-01
  5.4000E+01  2.0000E+00  0.0000E+00  1.9000E+01  0.0000E+00  4.3311E+01 -4.8189E-01 -4.8189E-01  1.9000E+01  4.3311E+01 -2.4311E+01 -4.8189E-01
  5.4000E+01  4.0000E+00  0.0000E+00  1.3240E+01  0.0000E+00  3.8228E+01 -5.6116E-01 -5.6116E-01  1.3240E+01  3.8228E+01 -2.4988E+01 -5.6116E-01
  5.4000E+01  8.0000E+00  0.0000E+00  9.3200E+00  0.0000E+00  2.7281E+01 -5.6522E-01 -5.6522E-01  9.3200E+00  2.7281E+01 -1.7961E+01 -5.6522E-01
  5.5000E+01  0.0000E+00  8.0000E+05  0.0000E+00  1.0000E+00  0.0000E+00  0.0000E+00  0.0000E+00  0.0000E+00  0.0000E+00  0.0000E+00  0.0000E+00
  5.5000E+01  0.0000E+00  0.0000E+00  0.0000E+00  0.0000E+00  0.0000E+00  0.0000E+00  0.0000E+00  0.0000E+00  0.0000E+00  0.0000E+00  0.0000E+00
  5.5000E+01  5.0000E-01  0.0000E+00  3.1770E+01  0.0000E+00  4.3002E+01 -2.2423E-01 -2.2423E-01  3.1770E+01  4.3002E+01 -1.1232E+01 -2.2423E-01
  5.5000E+01  1.0000E+00  0.0000E+00  8.0990E+01  0.0000E+00  4.4886E+01  6.9053E-01  6.9053E-01  8.0990E+01  4.4886E+01  3.6104E+01  6.9053E-01
  5.5000E+01  2.0000E+00  0.0000E+00  5.5610E+01  0.0000E+00  4.4833E+01  2.0636E-01  2.0636E-01  5.5610E+01  4.4833E+01  1.0777E+01  2.0636E-01
  5.5000E+01  4.0000E+00  0.0000E+00  2.5940E+01  0.0000E+00  3.9571E+01 -2.9573E-01 -2.9573E-01  2.5940E+01  3.9571E+01 -1.3631E+01 -2.9573E-01
  5.5000E+01  8.0000E+00  0.0000E+00  1.3110E+01  0.0000E+00  2.8240E+01 -4.5996E-01 -4.5996E-01  1.3110E+01  2.8240E+01 -1.5130E+01 -4.5996E-01
  5.6000E+01  0.0000E+00  8.0000E+05  0.0000E+00  1.0000E+00  0.0000E+00  0.0000E+00  0.0000E+00  0.0000E+00  0.0000E+00  0.0000E+00  0.0000E+00
  5.6000E+01  0.0000E+00  0.0000E+00  0.0000E+00  0.0000E+00  0.0000E+00  0.0000E+00  0.0000E+00  0.0000E+00  0.0000E+00  0.0000E+00  0.0000E+00
  5.6000E+01  5.0000E-01  0.0000E+00  4.6710E+01  0.0000E+00  4.3002E+01  7.4037E-02  7.4037E-02  4.6710E+01  4.3002E+01  3.7084E+00  7.4037E-02
  5.6000E+01  1.0000E+00  0.0000E+00  4.6190E+01  0.0000E+00  4.4886E+01  2.4935E-02  2.4935E-02  4.6190E+01  4.4886E+01  1.3037E+00  2.4935E-02
  5.6000E+01  2.0000E+00  0.0000E+00  5.1680E+01  0.0000E+00  4.4833E+01  1.3111E-01  1.3111E-01  5.1680E+01  4.4833E+01  6.8468E+00  1.3111E-01
  5.6000E+01  4.0000E+00  0.0000E+00  1.1530E+01  0.0000E+00  3.9571E+01 -6.0836E-01 -6.0836E-01  1.1530E+01  3.9571E+01 -2.8041E+01 -6.0836E-01
  5.6000E+01  8.0000E+00  0.0000E+00  1.9600E+00  0.0000E+00  2.8240E+01 -7.9892E-01 -7.9892E-01  1.9600E+00  2.8240E+01 -2.6280E+01 -7.9892E-01
  5.7000E+01  0.0000E+00  8.0000E+05  0.0000E+00  1.0000E+00  0.0000E+00  0.0000E+00  0.0000E+00  0.0000E+00  0.0000E+00  0.0000E+00  0.0000E+00
  5.7000E+01  0.0000E+00  0.0000E+00  0.0000E+00  0.0000E+00  0.0000E+00  0.0000E+00  0.0000E+00  0.0000E+00  0.0000E+00  0.0000E+00  0.0000E+00
  5.7000E+01  5.0000E-01  0.0000E+00  4.0780E+01  0.0000E+00  4.3002E+01 -4.4352E-02 -4.4352E-02  4.0780E+01  4.3002E+01 -2.2216E+00 -4.4352E-02
  5.7000E+01  2.0000E+00  0.0000E+00  3.0770E+01  0.0000E+00  4.4833E+01 -2.6929E-01 -2.6929E-01  3.0770E+01  4.4833E+01 -1.4063E+01 -2.6929E-01
  5.7000E+01  4.0000E+00  0.0000E+00  1.5530E+01  0.0000E+00  3.9571E+01 -5.2158E-01 -5.2158E-01  1.5530E+01  3.9571E+01 -2.4041E+01 -5.2158E-01
  5.7000E+01  8.0000E+00  0.0000E+00  2.6800E+00  0.0000E+00  2.8240E+01 -7.7703E-01 -7.7703E-01  2.6800E+00  2.8240E+01 -2.5560E+01 -7.7703E-01
  5.8000E+01  0.0000E+00  1.5000E+06  0.0000E+00  1.0000E+00  0.0000E+00  0.0000E+00  0.0000E+00  0.0000E+00  0.0000E+00  0.0000E+00  0.0000E+00
  5.8000E+01  0.0000E+00  0.0000E+00  0.0000E+00  0.0000E+00  0.0000E+00  0.0000E+00  0.0000E+00  0.0000E+00  0.0000E+00  0.0000E+00  0.0000E+00
  5.8000E+01  5.0000E-01  0.0000E+00  3.6030E+01  0.0000E+00  4.3429E+01 -1.4626E-01 -1.4626E-01  3.6030E+01  4.3429E+01 -7.3989E+00 -1.4626E-01
  5.8000E+01  1.0000E+00  0.0000E+00  8.2800E+01  0.0000E+00  4.5332E+01  7.0956E-01  7.0956E-01  8.2800E+01  4.5332E+01  3.7468E+01  7.0956E-01
  5.8000E+01  2.0000E+00  0.0000E+00  7.7570E+01  0.0000E+00  4.5279E+01  6.1225E-01  6.1225E-01  7.7570E+01  4.5279E+01  3.2291E+01  6.1225E-01
  5.8000E+01  4.0000E+00  0.0000E+00  2.7970E+01  0.0000E+00  3.9964E+01 -2.5766E-01 -2.5766E-01  2.7970E+01  3.9964E+01 -1.1994E+01 -2.5766E-01
  5.8000E+01  8.0000E+00  0.0000E+00  3.5900E+01  0.0000E+00  2.8521E+01  2.2212E-01  2.2212E-01  3.5900E+01  2.8521E+01  7.3793E+00  2.2212E-01
  5.9000E+01  0.0000E+00  1.5000E+06  0.0000E+00  1.0000E+00  0.0000E+00  0.0000E+00  0.0000E+00  0.0000E+00  0.0000E+00  0.0000E+00  0.0000E+00
  5.9000E+01  0.0000E+00  0.0000E+00  0.0000E+00  0.0000E+00  0.0000E+00  0.0000E+00  0.0000E+00  0.0000E+00  0.0000E+00  0.0000E+00  0.0000E+00
  5.9000E+01  5.0000E-01  0.0000E+00  4.2590E+01  0.0000E+00  4.3429E+01 -1.6584E-02 -1.6584E-02  4.2590E+01  4.3429E+01 -8.3891E-01 -1.6584E-02
  5.9000E+01  1.0000E+00  0.0000E+00  4.7080E+01  0.0000E+00  4.5332E+01  3.3096E-02  3.3096E-02  4.7080E+01  4.5332E+01  1.7476E+00  3.3096E-02
  5.9000E+01  2.0000E+00  0.0000E+00  4.2174E+02  0.0000E+00  4.5279E+01  7.1379E+00  7.1379E+00  4.2174E+02  4.5279E+01  3.7646E+02  7.1379E+00
  5.9000E+01  4.0000E+00  0.0000E+00  1.5740E+01  0.0000E+00  3.9964E+01 -5.2038E-01 -5.2038E-01  1.5740E+01  3.9964E+01 -2.4224E+01 -5.2038E-01
  5.9000E+01  8.0000E+00  0.0000E+00  1.7100E+00  0.0000E+00  2.8521E+01 -8.0703E-01 -8.0703E-01  1.7100E+00  2.8521E+01 -2.6811E+01 -8.0703E-01
  6.0000E+01  0.0000E+00  1.5000E+06  0.0000E+00  1.0000E+00  0.0000E+00  0.0000E+00  0.0000E+00  0.0000E+00  0.0000E+00  0.0000E+00  0.0000E+00
  6.0000E+01  0.0000E+00  0.0000E+00  0.0000E+00  0.0000E+00  0.0000E+00  0.0000E+00  0.0000E+00  0.0000E+00  0.0000E+00  0.0000E+00  0.0000E+00
  6.0000E+01  5.0000E-01  0.0000E+00  8.6410E+01  0.0000E+00  4.3429E+01  8.4965E-01  8.4965E-01  8.6410E+01  4.3429E+01  4.2981E+01  8.4965E-01
  6.0000E+01  1.0000E+00  0.0000E+00  4.2610E+01  0.0000E+00  4.5332E+01 -5.1556E-02 -5.1556E-02  4.2610E+01  4.5332E+01 -2.7224E+00 -5.1556E-02
  6.0000E+01  2.0000E+00  0.0000E+00  1.2697E+02  0.0000E+00  4.5279E+01  1.5489E+00  1.5489E+00  1.2697E+02  4.5279E+01  8.1691E+01  1.5489E+00
  6.0000E+01  4.0000E+00  0.0000E+00  1.7930E+01  0.0000E+00  3.9964E+01 -4.7334E-01 -4.7334E-01  1.7930E+01  3.9964E+01 -2.2034E+01 -4.7334E-01
  6.0000E+01  8.0000E+00  0.0000E+00  9.4500E+00  0.0000E+00  2.8521E+01 -5.7405E-01 -5.7405E-01  9.4500E+00  2.8521E+01 -1.9071E+01 -5.7405E-01
  6.1000E+01  0.0000E+00  3.0000E+05  0.0000E+00  1.0000E+00  0.0000E+00  0.0000E+00  0.0000E+00  0.0000E+00  0.0000E+00  0.0000E+00  0.0000E+00
  6.1000E+01  6.4850E+02  0.0000E+00  1.4589E+02  0.0000E+00  4.8968E+01  1.6992E+00  1.6992E+00  1.4589E+02  4.8968E+01  9.6922E+01  1.6992E+00
  6.1000E+01  6.4900E+02  0.0000E+00  7.6000E+01  0.0000E+00  5.0473E+01  4.3419E-01  4.3419E-01  7.6000E+01  5.0473E+01  2.5527E+01  4.3419E-01
  6.1000E+01  6.5000E+02  0.0000E+00  4.3800E+01  0.0000E+00  4.9830E+01 -1.0389E-01 -1.0389E-01  4.3800E+01  4.9830E+01 -6.0301E+00 -1.0389E-01
  6.1000E+01  6.5200E+02  0.0000E+00  2.3990E+01  0.0000E+00  4.3706E+01 -3.8728E-01 -3.8728E-01  2.3990E+01  4.3706E+01 -1.9716E+01 -3.8728E-01
  6.1000E+01  6.5600E+02  0.0000E+00  3.9490E+01  0.0000E+00  3.1151E+01  2.2981E-01  2.2981E-01  3.9490E+01  3.1151E+01  8.3388E+00  2.2981E-01
  6.2000E+01  0.0000E+00  3.0000E+05  0.0000E+00  1.0000E+00  0.0000E+00  0.0000E+00  0.0000E+00  0.0000E+00  0.0000E+00  0.0000E+00  0.0000E+00
  6.2000E+01  6.4850E+02  0.0000E+00  5.1150E+01  0.0000E+00  4.8968E+01  3.8248E-02  3.8248E-02  5.1150E+01  4.8968E+01  2.1816E+00  3.8248E-02
  6.2000E+01  6.4900E+02  0.0000E+00  3.5010E+01  0.0000E+00  5.0473E+01 -2.6302E-01 -2.6302E-01  3.5010E+01  5.0473E+01 -1.5463E+01 -2.6302E-01
  6.2000E+01  6.5000E+02  0.0000E+00  1.9830E+01  0.0000E+00  4.9830E+01 -5.1686E-01 -5.1686E-01  1.9830E+01  4.9830E+01 -3.0000E+01 -5.1686E-01
  6.2000E+01  6.5200E+02  0.0000E+00  1.3470E+01  0.0000E+00  4.3706E+01 -5.9392E-01 -5.9392E-01  1.3470E+01  4.3706E+01 -3.0236E+01 -5.9392E-01
  6.2000E+01  6.5600E+02  0.0000E+00  1.7880E+01  0.0000E+00  3.1151E+01 -3.6574E-01 -3.6574E-01  1.7880E+01  3.1151E+01 -1.3271E+01 -3.6574E-01
  6.3000E+01  0.0000E+00  3.0000E+05  0.0000E+00  1.0000E+00  0.0000E+00  0.0000E+00  0.0000E+00  0.0000E+00  0.0000E+00  0.0000E+00  0.0000E+00
  6.3000E+01  6.4850E+02  0.0000E+00  1.4626E+02  0.0000E+00  4.8968E+01  1.7057E+00  1.7057E+00  1.4626E+02  4.8968E+01  9.7292E+01  1.7057E+00
  6.3000E+01  6.4900E+02  0.0000E+00  1.2381E+02  0.0000E+00  5.0473E+01  1.2474E+00  1.2474E+00  1.2381E+02  5.0473E+01  7.3337E+01  1.2474E+00
  6.3000E+01  6.5000E+02  0.0000E+00  9.0630E+01  0.0000E+00  4.9830E+01  7.0293E-01  7.0293E-01  9.0630E+01  4.9830E+01  4.0800E+01  7.0293E-01
  6.3000E+01  6.5200E+02  0.0000E+00  1.6710E+01  0.0000E+00  4.3706E+01 -5.3028E-01 -5.3028E-01  1.6710E+01  4.3706E+01 -2.6996E+01 -5.3028E-01
  6.3000E+01  6.5600E+02  0.0000E+00  7.8900E+00  0.0000E+00  3.1151E+01 -6.4106E-01 -6.4106E-01  7.8900E+00  3.1151E+01 -2.3261E+01 -6.4106E-01
  6.4000E+01  0.0000E+00  8.0000E+05  0.0000E+00  1.0000E+00  0.0000E+00  0.0000E+00  0.0000E+00  0.0000E+00  0.0000E+00  0.0000E+00  0.0000E+00
  6.4000E+01  6.4850E+02  0.0000E+00  1.2051E+02  0.0000E+00  5.0689E+01  1.1825E+00  1.1825E+00  1.2051E+02  5.0689E+01  6.9821E+01  1.1825E+00
  6.4000E+01  6.4900E+02  0.0000E+00  1.8588E+02  0.0000E+00  5.2247E+01  2.1958E+00  2.1958E+00  1.8588E+02  5.2247E+01  1.3363E+02  2.1958E+00
  6.4000E+01  6.5000E+02  0.0000E+00  3.2050E+01  0.0000E+00  5.1581E+01 -3.2507E-01 -3.2507E-01  3.2050E+01  5.1581E+01 -1.9531E+01 -3.2507E-01
  6.4000E+01  6.5200E+02  0.0000E+00  1.0842E+02  0.0000E+00  4.5242E+01  1.1988E+00  1.1988E+00  1.0842E+02  4.5242E+01  6.3178E+01  1.1988E+00
  6.4000E+01  6.5600E+02  0.0000E+00  1.3920E+02  0.0000E+00  3.2246E+01  2.8475E+00  2.8475E+00  1.3920E+02  3.2246E+01  1.0695E+02  2.8475E+00
  6.5000E+01  0.0000E+00  8.0000E+05  0.0000E+00  1.0000E+00  0.0000E+00  0.0000E+00  0.0000E+00  0.0000E+00  0.0000E+00  0.0000E+00  0.0000E+00
  6.5000E+01  6.4850E+02  0.0000E+00  7.7650E+01  0.0000E+00  5.0689E+01  4.5662E-01  4.5662E-01  7.7650E+01  5.0689E+01  2.6961E+01  4.5662E-01
  6.5000E+01  6.4900E+02  0.0000E+00  4.5050E+01  0.0000E+00  5.2247E+01 -1.1826E-01 -1.1826E-01  4.5050E+01  5.2247E+01 -7.1971E+00 -1.1826E-01
  6.5000E+01  6.5000E+02  0.0000E+00  4.5490E+01  0.0000E+00  5.1581E+01 -1.0138E-01 -1.0138E-01  4.5490E+01  5.1581E+01 -6.0913E+00 -1.0138E-01
  6.5000E+01  6.5200E+02  0.0000E+00  8.0010E+01  0.0000E+00  4.5242E+01  6.5974E-01  6.5974E-01  8.0010E+01  4.5242E+01  3.4768E+01  6.5974E-01
  6.5000E+01  6.5600E+02  0.0000E+00  7.9040E+01  0.0000E+00  3.2246E+01  1.2458E+00  1.2458E+00  7.9040E+01  3.2246E+01  4.6794E+01  1.2458E+00
  6.6000E+01  0.0000E+00  8.0000E+05  0.0000E+00  1.0000E+00  0.0000E+00  0.0000E+00  0.0000E+00  0.0000E+00  0.0000E+00  0.0000E+00  0.0000E+00
  6.6000E+01  6.4850E+02  0.0000E+00  1.1616E+02  0.0000E+00  5.0689E+01  1.1089E+00  1.1089E+00  1.1616E+02  5.0689E+01  6.5471E+01  1.1089E+00
  6.6000E+01  6.4900E+02  0.0000E+00  8.3740E+01  0.0000E+00  5.2247E+01  5.1748E-01  5.1748E-01  8.3740E+01  5.2247E+01  3.1493E+01  5.1748E-01
  6.6000E+01  6.5000E+02  0.0000E+00  8.9320E+01  0.0000E+00  5.1581E+01  6.2811E-01  6.2811E-01  8.9320E+01  5.1581E+01  3.7739E+01  6.2811E-01
  6.6000E+01  6.5200E+02  0.0000E+00  8.4270E+01  0.0000E+00  4.5242E+01  7.4057E-01  7.4057E-01  8.4270E+01  4.5242E+01  3.9028E+01  7.4057E-01
  6.6000E+01  6.5600E+02  0.0000E+00  1.4300E+01  0.0000E+00  3.2246E+01 -4.7779E-01 -4.7779E-01  1.4300E+01  3.2246E+01 -1.7946E+01 -4.7779E-01
  6.7000E+01  0.0000E+00  1.5000E+06  0.0000E+00  1.0000E+00  0.0000E+00  0.0000E+00  0.0000E+00  0.0000E+00  0.0000E+00  0.0000E+00  0.0000E+00
  6.7000E+01  6.4850E+02  0.0000E+00  5.2270E+01  0.0000E+00  5.1193E+01  1.8061E-02  1.8061E-02  5.2270E+01  5.1193E+01  1.0770E+00  1.8061E-02
  6.7000E+01  6.4900E+02  0.0000E+00  5.2440E+01  0.0000E+00  5.2766E+01 -5.3092E-03 -5.3092E-03  5.2440E+01  5.2766E+01 -3.2632E-01 -5.3092E-03
  6.7000E+01  6.5000E+02  0.0000E+00  3.1880E+01  0.0000E+00  5.2094E+01 -3.3312E-01 -3.3312E-01  3.1880E+01  5.2094E+01 -2.0214E+01 -3.3312E-01
  6.7000E+01  6.5200E+02  0.0000E+00  1.6970E+01  0.0000E+00  4.5692E+01 -5.3966E-01 -5.3966E-01  1.6970E+01  4.5692E+01 -2.8722E+01 -5.3966E-01
  6.7000E+01  6.5600E+02  0.0000E+00  1.1908E+02  0.0000E+00  3.2566E+01  2.2806E+00  2.2806E+00  1.1908E+02  3.2566E+01  8.6514E+01  2.2806E+00
  6.8000E+01  0.0000E+00  1.5000E+06  0.0000E+00  1.0000E+00  0.0000E+00  0.0000E+00  0.0000E+00  0.0000E+00  0.0000E+00  0.0000E+00  0.0000E+00
  6.8000E+01  6.4850E+02  0.0000E+00  1.9869E+02  0.0000E+00  5.1193E+01  2.4735E+00  2.4735E+00  1.9869E+02  5.1193E+01  1.4750E+02  2.4735E+00
  6.8000E+01  6.4900E+02  0.0000E+00  9.8040E+01  0.0000E+00  5.2766E+01  7.3660E-01  7.3660E-01  9.8040E+01  5.2766E+01  4.5274E+01  7.3660E-01
  6.8000E+01  6.5000E+02  0.0000E+00  4.2910E+01  0.0000E+00  5.2094E+01 -1.5135E-01 -1.5135E-01  4.2910E+01  5.2094E+01 -9.1839E+00 -1.5135E-01
  6.8000E+01  6.5200E+02  0.0000E+00  9.0750E+01  0.0000E+00  4.5692E+01  8.4659E-01  8.4659E-01  9.0750E+01  4.5692E+01  4.5058E+01  8.4659E-01
  6.8000E+01  6.5600E+02  0.0000E+00  3.6010E+01  0.0000E+00  3.2566E+01  9.0778E-02  9.0778E-02  3.6010E+01  3.2566E+01  3.4436E+00  9.0778E-02
  6.9000E+01  0.0000E+00  1.5000E+06  0.0000E+00  1.0000E+00  0.0000E+00  0.0000E+00  0.0000E+00  0.0000E+00  0.0000E+00  0.0000E+00  0.0000E+00
  6.9000E+01  6.4850E+02  0.0000E+00  9.0160E+01  0.0000E+00  5.1193E+01  6.5347E-01  6.5347E-01  9.0160E+01  5.1193E+01  3.8967E+01  6.5347E-01
  6.9000E+01  6.4900E+02  0.0000E+00  6.9290E+01  0.0000E+00  5.2766E+01  2.6884E-01  2.6884E-01  6.9290E+01  5.2766E+01  1.6524E+01  2.6884E-01
  6.9000E+01  6.5000E+02  0.0000E+00  1.0651E+02  0.0000E+00  5.2094E+01  8.9677E-01  8.9677E-01  1.0651E+02  5.2094E+01  5.4416E+01  8.9677E-01
  6.9000E+01  6.5200E+02  0.0000E+00  4.1830E+01  0.0000E+00  4.5692E+01 -7.2563E-02 -7.2563E-02  4.1830E+01  4.5692E+01 -3.8620E+00 -7.2563E-02
  6.9000E+01  6.5600E+02  0.0000E+00  1.7757E+02  0.0000E+00  3.2566E+01  3.8225E+00  3.8225E+00  1.7757E+02  3.2566E+01  1.4500E+02  3.8225E+00
  7.0000E+01  0.0000E+00  3.0000E+05  0.0000E+00  1.0000E+00  0.0000E+00  0.0000E+00  0.0000E+00  0.0000E+00  0.0000E+00  0.0000E+00  0.0000E+00
  7.0000E+01  6.4850E+02  0.0000E+00  4.8230E+01  0.0000E+00  4.8968E+01 -1.2945E-02 -1.2945E-02  4.8230E+01  4.8968E+01 -7.3837E-01 -1.2945E-02
  7.0000E+01  6.4900E+02  0.0000E+00  4.4410E+01  0.0000E+00  5.0473E+01 -1.0313E-01 -1.0313E-01  4.4410E+01  5.0473E+01 -6.0633E+00 -1.0313E-01
  7.0000E+01  6.5000E+02  0.0000E+00  1.5100E+01  0.0000E+00  4.9830E+01 -5.9835E-01 -5.9835E-01  1.5100E+01  4.9830E+01 -3.4730E+01 -5.9835E-01
  7.0000E+01  6.5200E+02  0.0000E+00  1.2460E+01  0.0000E+00  4.3706E+01 -6.1376E-01 -6.1376E-01  1.2460E+01  4.3706E+01 -3.1246E+01 -6.1376E-01
  7.0000E+01  6.5600E+02  0.0000E+00  3.7700E+00  0.0000E+00  3.1151E+01 -7.5461E-01 -7.5461E-01  3.7700E+00  3.1151E+01 -2.7381E+01 -7.5461E-01
  7.1000E+01  0.0000E+00  3.0000E+05  0.0000E+00  1.0000E+00  0.0000E+00  0.0000E+00  0.0000E+00  0.0000E+00  0.0000E+00  0.0000E+00  0.0000E+00
  7.1000E+01  6.4850E+02  0.0000E+00  4.7400E+00  0.0000E+00  4.8968E+01 -7.7540E-01 -7.7540E-01  4.7400E+00  4.8968E+01 -4.4228E+01 -7.7540E-01
  7.1000E+01  6.4900E+02  0.0000E+00  2.5070E+01  0.0000E+00  5.0473E+01 -4.3209E-01 -4.3209E-01  2.5070E+01  5.0473E+01 -2.5403E+01 -4.3209E-01
  7.1000E+01  6.5000E+02  0.0000E+00  2.1560E+01  0.0000E+00  4.9830E+01 -4.8705E-01 -4.8705E-01  2.1560E+01  4.9830E+01 -2.8270E+01 -4.8705E-01
  7.1000E+01  6.5200E+02  0.0000E+00  1.0875E+02  0.0000E+00  4.3706E+01  1.2776E+00  1.2776E+00  1.0875E+02  4.3706E+01  6.5044E+01  1.2776E+00
  7.1000E+01  6.5600E+02  0.0000E+00  7.8300E+00  0.0000E+00  3.1151E+01 -6.4272E-01 -6.4272E-01  7.8300E+00  3.1151E+01 -2.3321E+01 -6.4272E-01
  7.2000E+01  0.0000E+00  3.0000E+05  0.0000E+00  1.0000E+00  0.0000E+00  0.0000E+00  0.0000E+00  0.0000E+00  0.0000E+00  0.0000E+00  0.0000E+00
  7.2000E+01  6.4850E+02  0.0000E+00  4.0010E+01  0.0000E+00  4.8968E+01 -1.5706E-01 -1.5706E-01  4.0010E+01  4.8968E+01 -8.9584E+00 -1.5706E-01
  7.2000E+01  6.4900E+02  0.0000E+00  3.8130E+01  0.0000E+00  5.0473E+01 -2.0995E-01 -2.0995E-01  3.8130E+01  5.0473E+01 -1.2343E+01 -2.0995E-01
  7.2000E+01  6.5000E+02  0.0000E+00  1.8120E+01  0.0000E+00  4.9830E+01 -5.4632E-01 -5.4632E-01  1.8120E+01  4.9830E+01 -3.1710E+01 -5.4632E-01
  7.2000E+01  6.5200E+02  0.0000E+00  3.1290E+01  0.0000E+00  4.3706E+01 -2.4389E-01 -2.4389E-01  3.1290E+01  4.3706E+01 -1.2416E+01 -2.4389E-01
  7.2000E+01  6.5600E+02  0.0000E+00  0.0000E+00  1.0000E+00  3.1151E+01  0.0000E+00 -8.5850E-01  0.0000E+00  3.1151E+01  0.0000E+00  0.0000E+00
  7.3000E+01  0.0000E+00  8.0000E+05  0.0000E+00  1.0000E+00  0.0000E+00  0.0000E+00  0.0000E+00  0.0000E+00  0.0000E+00  0.0000E+00  0.0000E+00
  7.3000E+01  6.4850E+02  0.0000E+00  3.0150E+01  0.0000E+00  5.0689E+01 -3.4787E-01 -3.4787E-01  3.0150E+01  5.0689E+01 -2.0539E+01 -3.4787E-01
  7.3000E+01  6.4900E+02  0.0000E+00  2.0340E+01  0.0000E+00  5.2247E+01 -5.2429E-01 -5.2429E-01  2.0340E+01  5.2247E+01 -3.1907E+01 -5.2429E-01
  7.3000E+01  6.5000E+02  0.0000E+00  2.7190E+01  0.0000E+00  5.1581E+01 -4.0596E-01 -4.0596E-01  2.7190E+01  5.1581E+01 -2.4391E+01 -4.0596E-01
  7.3000E+01  6.5200E+02  0.0000E+00  2.9340E+01  0.0000E+00  4.5242E+01 -3.0176E-01 -3.0176E-01  2.9340E+01  4.5242E+01 -1.5902E+01 -3.0176E-01
  7.3000E+01  6.5600E+02  0.0000E+00  2.7043E+02  0.0000E+00  3.2246E+01  6.3413E+00  6.3413E+00  2.7043E+02  3.2246E+01  2.3818E+02  6.3413E+00
  7.4000E+01  0.0000E+00  8.0000E+05  0.0000E+00  1.0000E+00  0.0000E+00  0.0000E+00  0.0000E+00  0.0000E+00  0.0000E+00  0.0000E+00  0.0000E+00
  7.4000E+01  6.4850E+02  0.0000E+00  4.4480E+01  0.0000E+00  5.0689E+01 -1.0516E-01 -1.0516E-01  4.4480E+01  5.0689E+01 -6.2093E+00 -1.0516E-01
  7.4000E+01  6.4900E+02  0.0000E+00  3.2670E+01  0.0000E+00  5.2247E+01 -3.2168E-01 -3.2168E-01  3.2670E+01  5.2247E+01 -1.9577E+01 -3.2168E-01
  7.4000E+01  6.5000E+02  0.0000E+00  3.5680E+01  0.0000E+00  5.1581E+01 -2.6466E-01 -2.6466E-01  3.5680E+01  5.1581E+01 -1.5901E+01 -2.6466E-01
  7.4000E+01  6.5200E+02  0.0000E+00  7.8190E+01  0.0000E+00  4.5242E+01  6.2520E-01  6.2520E-01  7.8190E+01  4.5242E+01  3.2948E+01  6.2520E-01
  7.4000E+01  6.5600E+02  0.0000E+00  1.9850E+01  0.0000E+00  3.2246E+01 -3.3003E-01 -3.3003E-01  1.9850E+01  3.2246E+01 -1.2396E+01 -3.3003E-01
  7.5000E+01  0.0000E+00  8.0000E+05  0.0000E+00  1.0000E+00  0.0000E+00  0.0000E+00  0.0000E+00  0.0000E+00  0.0000E+00  0.0000E+00  0.0000E+00
  7.5000E+01  6.4850E+02  0.0000E+00  3.7640E+01  0.0000E+00  5.0689E+01 -2.2101E-01 -2.2101E-01  3.7640E+01  5.0689E+01 -1.3049E+01 -2.2101E-01
  7.5000E+01  6.4900E+02  0.0000E+00  2.4660E+01  0.0000E+00  5.2247E+01 -4.5330E-01 -4.5330E-01  2.4660E+01  5.2247E+01 -2.7587E+01 -4.5330E-01
  7.5000E+01  6.5000E+02  0.0000E+00  3.5940E+01  0.0000E+00  5.1581E+01 -2.6033E-01 -2.6033E-01  3.5940E+01  5.1581E+01 -1.5641E+01 -2.6033E-01
  7.5000E+01  6.5200E+02  0.0000E+00  2.2230E+01  0.0000E+00  4.5242E+01 -4.3668E-01 -4.3668E-01  2.2230E+01  4.5242E+01 -2.3012E+01 -4.3668E-01
  7.5000E+01  6.5600E+02  0.0000E+00  2.6360E+01  0.0000E+00  3.2246E+01 -1.5671E-01 -1.5671E-01  2.6360E+01  3.2246E+01 -5.8860E+00 -1.5671E-01
  7.6000E+01  0.0000E+00  1.5000E+06  0.0000E+00  1.0000E+00  0.0000E+00  0.0000E+00  0.0000E+00  0.0000E+00  0.0000E+00  0.0000E+00  0.0000E+00
  7.6000E+01  6.4850E+02  0.0000E+00  9.5200E+01  0.0000E+00  5.1193E+01  7.3799E-01  7.3799E-01  9.5200E+01  5.1193E+01  4.4007E+01  7.3799E-01
  7.6000E+01  6.4900E+02  0.0000E+00  3.6960E+01  0.0000E+00  5.2766E+01 -2.5717E-01 -2.5717E-01  3.6960E+01  5.2766E+01 -1.5806E+01 -2.5717E-01
  7.6000E+01  6.5000E+02  0.0000E+00  3.4510E+01  0.0000E+00  5.2094E+01 -2.8978E-01 -2.8978E-01  3.4510E+01  5.2094E+01 -1.7584E+01 -2.8978E-01
  7.6000E+01  6.5200E+02  0.0000E+00  2.3330E+01  0.0000E+00  4.5692E+01 -4.2016E-01 -4.2016E-01  2.3330E+01  4.5692E+01 -2.2362E+01 -4.2016E-01
  7.6000E+01  6.5600E+02  0.0000E+00  2.9500E+00  0.0000E+00  3.2566E+01 -7.8074E-01 -7.8074E-01  2.9500E+00  3.2566E+01 -2.9616E+01 -7.8074E-01
  7.7000E+01  0.0000E+00  1.5000E+06  0.0000E+00  1.0000E+00  0.0000E+00  0.0000E+00  0.0000E+00  0.0000E+00  0.0000E+00  0.0000E+00  0.0000E+00
  7.7000E+01  6.4850E+02  0.0000E+00  5.6520E+01  0.0000E+00  5.1193E+01  8.9333E-02  8.9333E-02  5.6520E+01  5.1193E+01  5.3270E+00  8.9333E-02
  7.7000E+01  6.4900E+02  0.0000E+00  2.6100E+01  0.0000E+00  5.2766E+01 -4.3386E-01 -4.3386E-01  2.6100E+01  5.2766E+01 -2.6666E+01 -4.3386E-01
  7.7000E+01  6.5000E+02  0.0000E+00  1.9064E+02  0.0000E+00  5.2094E+01  2.2832E+00  2.2832E+00  1.9064E+02  5.2094E+01  1.3855E+02  2.2832E+00
  7.7000E+01  6.5200E+02  0.0000E+00  1.5290E+01  0.0000E+00  4.5692E+01 -5.7122E-01 -5.7122E-01  1.5290E+01  4.5692E+01 -3.0402E+01 -5.7122E-01
  7.7000E+01  6.5600E+02  0.0000E+00  3.0470E+01  0.0000E+00  3.2566E+01 -5.5265E-02 -5.5265E-02  3.0470E+01  3.2566E+01 -2.0964E+00 -5.5265E-02
  7.8000E+01  0.0000E+00  1.5000E+06  0.0000E+00  1.0000E+00  0.0000E+00  0.0000E+00  0.0000E+00  0.0000E+00  0.0000E+00  0.0000E+00  0.0000E+00
  7.8000E+01  6.4850E+02  0.0000E+00  3.3560E+01  0.0000E+00  5.1193E+01 -2.9570E-01 -2.9570E-01  3.3560E+01  5.1193E+01 -1.7633E+01 -2.9570E-01
  7.8000E+01  6.4900E+02  0.0000E+00  4.7270E+01  0.0000E+00  5.2766E+01 -8.9425E-02 -8.9425E-02  4.7270E+01  5.2766E+01 -5.4963E+00 -8.9425E-02
  7.8000E+01  6.5000E+02  0.0000E+00  7.8640E+01  0.0000E+00  5.2094E+01  4.3748E-01  4.3748E-01  7.8640E+01  5.2094E+01  2.6546E+01  4.3748E-01
  7.8000E+01  6.5200E+02  0.0000E+00  6.9680E+01  0.0000E+00  4.5692E+01  4.5071E-01  4.5071E-01  6.9680E+01  4.5692E+01  2.3988E+01  4.5071E-01
  7.8000E+01  6.5600E+02  0.0000E+00  1.0970E+01  0.0000E+00  3.2566E+01 -5.6932E-01 -5.6932E-01  1.0970E+01  3.2566E+01 -2.1596E+01 -5.6932E-01
