TABLE NO.  1
 ID          TIME        AMT         DV          MDV         IPRED       CWRES       IWRES       DV          PRED        RES         WRES
  1.0000E+00  0.0000E+00  1.0000E+04  0.0000E+00  1.0000E+00  2.9721E+03  0.0000E+00 -1.4661E+00  0.0000E+00  2.9721E+03  0.0000E+00  0.0000E+00
  1.0000E+00  0.0000E+00  0.0000E+00  0.0000E+00  0.0000E+00  2.9721E+03 -1.4661E+00 -1.4661E+00  0.0000E+00  2.9721E+03 -2.9721E+03 -1.4661E+00
  1.0000E+00  3.3000E-02  0.0000E+00  7.3336E+03  0.0000E+00  2.6857E+03  2.6351E+00  2.5373E+00  7.3336E+03  2.1354E+03  5.1982E+03  3.2071E+00
  1.0000E+00  8.3000E-02  0.0000E+00  1.1915E+03  0.0000E+00  2.3036E+03 -4.7343E-01 -7.0782E-01  1.1915E+03  1.2941E+03 -1.0262E+02 -8.8189E-01
  1.0000E+00  2.5000E-01  0.0000E+00  8.7932E+02  0.0000E+00  1.3809E+03  4.6462E-02 -5.3254E-01  8.7932E+02  2.4343E+02  6.3589E+02 -7.5701E-01
  1.0000E+00  5.0000E-01  0.0000E+00  1.2562E+03  0.0000E+00  6.4419E+02  2.1568E+00  1.3929E+00  1.2562E+03  2.0657E+01  1.2356E+03  1.6679E+01
  1.0000E+00  7.0000E-01  0.0000E+00  2.3189E+02  0.0000E+00  3.5208E+02  1.8350E-01 -5.0051E-01  2.3189E+02  3.5188E+00  2.2837E+02  7.2806E+00
  1.0000E+00  1.0000E+00  0.0000E+00  3.0794E+02  0.0000E+00  1.4519E+02  2.0456E+00  1.6435E+00  3.0794E+02  9.7677E-01  3.0696E+02  1.6990E+02
  1.0000E+00  2.0000E+00  0.0000E+00  8.9700E-01  0.0000E+00  1.5191E+01 -1.1520E+00 -1.3796E+00  8.9700E-01  8.2633E-01  7.0668E-02 -2.5115E+01
  1.0000E+00  4.0000E+00  0.0000E+00  1.0160E+00  0.0000E+00  8.6785E+00 -1.1069E+00 -1.2945E+00  1.0160E+00  7.9061E-01  2.2539E-01 -2.5136E+01
  1.0000E+00  6.0000E+00  0.0000E+00  0.0000E+00  1.0000E+00  8.4010E+00  0.0000E+00 -1.4661E+00  0.0000E+00  7.5644E-01  0.0000E+00  0.0000E+00
  1.0000E+00  8.0000E+00  0.0000E+00  6.0900E-01  0.0000E+00  8.1447E+00 -1.1596E+00 -1.3565E+00  6.0900E-01  7.2375E-01 -1.1475E-01 -2.5886E+01
  2.0000E+00  0.0000E+00  1.0000E+04  0.0000E+00  1.0000E+00  2.9721E+03  0.0000E+00 -1.4661E+00  0.0000E+00  2.9721E+03  0.0000E+00  0.0000E+00
  2.0000E+00  0.0000E+00  0.0000E+00  0.0000E+00  0.0000E+00  2.9721E+03 -1.4661E+00 -1.4661E+00  0.0000E+00  2.9721E+03 -2.9721E+03 -1.4661E+00
  2.0000E+00  3.3000E-02  0.0000E+00  4.6639E+03  0.0000E+00  2.7184E+03  1.1566E+00  1.0493E+00  4.6639E+03  2.1354E+03  2.5285E+03  1.5767E+00
  2.0000E+00  8.3000E-02  0.0000E+00  1.1788E+03  0.0000E+00  2.3749E+03 -4.7454E-01 -7.3839E-01  1.1788E+03  1.2941E+03 -1.1531E+02 -4.4366E-01
  2.0000E+00  2.5000E-01  0.0000E+00  5.2594E+02  0.0000E+00  1.5135E+03 -2.3204E-01 -9.5665E-01  5.2594E+02  2.4343E+02  2.8252E+02 -2.7997E-01
  2.0000E+00  5.0000E-01  0.0000E+00  3.5647E+02  0.0000E+00  7.7353E+02  4.0825E-01 -7.9049E-01  3.5647E+02  2.0657E+01  3.3582E+02  2.6380E+00
  2.0000E+00  7.5000E-01  0.0000E+00  2.1360E+01  0.0000E+00  3.9816E+02  9.5643E-03 -1.3875E+00  2.1360E+01  2.4662E+00  1.8894E+01 -1.2375E+01
  2.0000E+00  1.0000E+00  0.0000E+00  5.5186E+02  0.0000E+00  2.0773E+02  3.8109E+00  2.4289E+00  5.5186E+02  9.7677E-01  5.5089E+02  3.2157E+02
  2.0000E+00  2.0000E+00  0.0000E+00  4.7980E+00  0.0000E+00  2.4531E+01 -1.0713E-01 -1.1794E+00  4.7980E+00  8.2633E-01  3.9717E+00 -2.6310E+01
  2.0000E+00  4.0000E+00  0.0000E+00  3.3000E-02  0.0000E+00  1.1285E+01 -8.5849E-01 -1.4619E+00  3.3000E-02  7.9061E-01 -7.5761E-01 -3.1593E+01
  2.0000E+00  6.0000E+00  0.0000E+00  5.9700E-01  0.0000E+00  1.0914E+01 -7.8754E-01 -1.3860E+00  5.9700E-01  7.5644E-01 -1.5944E-01 -3.1291E+01
  2.0000E+00  8.0000E+00  0.0000E+00  8.4600E-01  0.0000E+00  1.0609E+01 -7.4336E-01 -1.3492E+00  8.4600E-01  7.2375E-01  1.2225E-01 -3.1297E+01
  3.0000E+00  0.0000E+00  1.0000E+04  0.0000E+00  1.0000E+00  2.9721E+03  0.0000E+00 -1.4661E+00  0.0000E+00  2.9721E+03  0.0000E+00  0.0000E+00
  3.0000E+00  0.0000E+00  0.0000E+00  0.0000E+00  0.0000E+00  2.9721E+03 -1.4661E+00 -1.4661E+00  0.0000E+00  2.9721E+03 -2.9721E+03 -1.4661E+00
  3.0000E+00  3.3000E-02  0.0000E+00  3.7945E+03  0.0000E+00  2.3563E+03  9.7423E-01  8.9487E-01  3.7945E+03  2.1354E+03  1.6591E+03  1.0480E+00
  3.0000E+00  8.3000E-02  0.0000E+00  1.2588E+03  0.0000E+00  1.6577E+03 -1.7198E-01 -3.5278E-01  1.2588E+03  1.2941E+03 -3.5329E+01 -2.0339E-01
  3.0000E+00  2.5000E-01  0.0000E+00  5.4645E+02  0.0000E+00  5.1276E+02  4.6400E-01  9.6307E-02  5.4645E+02  2.4343E+02  3.0302E+02  4.7955E-01
  3.0000E+00  5.0000E-01  0.0000E+00  4.9878E+01  0.0000E+00  8.9652E+01 -2.0067E-01 -6.5045E-01  4.9878E+01  2.0657E+01  2.9221E+01 -8.9582E-02
  3.0000E+00  7.5000E-01  0.0000E+00  1.6505E+01  0.0000E+00  1.6851E+01  3.2333E-01 -3.0144E-02  1.6505E+01  2.4662E+00  1.4039E+01  1.0955E+00
  3.0000E+00  1.0000E+00  0.0000E+00  6.6930E+00  0.0000E+00  4.3193E+00  8.8772E-01  8.0571E-01  6.6930E+00  9.7677E-01  5.7162E+00  2.4237E+00
  3.0000E+00  2.0000E+00  0.0000E+00  3.6010E+00  0.0000E+00  1.6840E+00  1.6380E+00  1.6690E+00  3.6010E+00  8.2633E-01  2.7747E+00  1.7122E+00
  3.0000E+00  4.0000E+00  0.0000E+00  1.1970E+00  0.0000E+00  1.6130E+00 -4.1148E-01 -3.7813E-01  1.1970E+00  7.9061E-01  4.0639E-01 -7.3271E-01
  3.0000E+00  6.0000E+00  0.0000E+00  3.0470E+00  0.0000E+00  1.5471E+00  1.3856E+00  1.4214E+00  3.0470E+00  7.5644E-01  2.2906E+00  1.4062E+00
  3.0000E+00  8.0000E+00  0.0000E+00  3.8000E-01  0.0000E+00  1.4839E+00 -1.1289E+00 -1.0907E+00  3.8000E-01  7.2375E-01 -3.4375E-01 -1.5906E+00
  4.0000E+00  0.0000E+00  1.0000E+04  0.0000E+00  1.0000E+00  0.0000E+00  0.0000E+00  0.0000E+00  0.0000E+00  0.0000E+00  0.0000E+00  0.0000E+00
  4.0000E+00  0.0000E+00  0.0000E+00  0.0000E+00  0.0000E+00  0.0000E+00  0.0000E+00  0.0000E+00  0.0000E+00  0.0000E+00  0.0000E+00  0.0000E+00
  4.0000E+00  3.3000E-02  0.0000E+00  2.1445E+01  0.0000E+00  1.1509E+01  1.7715E+00  1.2657E+00  2.1445E+01  3.8714E+00  1.7574E+01  4.4370E+00
  4.0000E+00  8.3000E-02  0.0000E+00  2.5683E+01  0.0000E+00  2.2935E+01  8.3299E-01  1.7567E-01  2.5683E+01  7.7323E+00  1.7951E+01  1.7334E+00
  4.0000E+00  2.5000E-01  0.0000E+00  4.4576E+01  0.0000E+00  3.5862E+01  1.0021E+00  3.5625E-01  4.4576E+01  1.2358E+01  3.2218E+01  2.0207E+00
  4.0000E+00  5.0000E-01  0.0000E+00  2.1491E+01  0.0000E+00  3.5461E+01 -7.2664E-02 -5.7760E-01  2.1491E+01  1.2947E+01  8.5440E+00 -2.8346E-01
  4.0000E+00  7.5000E-01  0.0000E+00  7.6971E+01  0.0000E+00  3.2230E+01  2.4184E+00  2.0353E+00  7.6971E+01  1.2590E+01  6.4381E+01  4.7492E+00
  4.0000E+00  1.0000E+00  0.0000E+00  7.4570E+00  0.0000E+00  2.9068E+01 -8.1517E-01 -1.0900E+00  7.4570E+00  1.2169E+01 -4.7117E+00 -1.4452E+00
  4.0000E+00  2.0000E+00  0.0000E+00  3.1960E+00  0.0000E+00  1.9194E+01 -1.2900E+00 -1.2220E+00  3.1960E+00  1.0601E+01 -7.4053E+00 -1.7522E+00
  4.0000E+00  3.0000E+00  0.0000E+00  1.6550E+01  0.0000E+00  1.2704E+01  1.6084E-01  4.4384E-01  1.6550E+01  9.2392E+00  7.3108E+00  5.3877E-02
  4.0000E+00  4.0000E+00  0.0000E+00  3.8490E+00  0.0000E+00  8.4397E+00 -1.1925E+00 -7.9750E-01  3.8490E+00  8.0559E+00 -4.2069E+00 -1.3751E+00
  4.0000E+00  6.0000E+00  0.0000E+00  0.0000E+00  1.0000E+00  3.7938E+00  0.0000E+00 -1.4661E+00  0.0000E+00  6.1345E+00  0.0000E+00  0.0000E+00
  4.0000E+00  8.0000E+00  0.0000E+00  0.0000E+00  1.0000E+00  1.7830E+00  0.0000E+00 -1.4661E+00  0.0000E+00  4.6836E+00  0.0000E+00  0.0000E+00
  5.0000E+00  0.0000E+00  1.0000E+04  0.0000E+00  1.0000E+00  0.0000E+00  0.0000E+00  0.0000E+00  0.0000E+00  0.0000E+00  0.0000E+00  0.0000E+00
  5.0000E+00  0.0000E+00  0.0000E+00  0.0000E+00  0.0000E+00  0.0000E+00  0.0000E+00  0.0000E+00  0.0000E+00  0.0000E+00  0.0000E+00  0.0000E+00
  5.0000E+00  3.3000E-02  0.0000E+00  1.6601E+01  0.0000E+00  1.3976E+01  1.1247E+00  2.7541E-01  1.6601E+01  3.8714E+00  1.2730E+01  3.1755E+00
  5.0000E+00  8.3000E-02  0.0000E+00  9.5230E+00  0.0000E+00  2.5875E+01 -3.5750E-02 -9.2656E-01  9.5230E+00  7.7323E+00  1.7907E+00 -6.3777E-01
  5.0000E+00  2.5000E-01  0.0000E+00  3.0571E+01  0.0000E+00  3.4755E+01  4.3044E-01 -1.7649E-01  3.0571E+01  1.2358E+01  1.8213E+01  9.4780E-01
  5.0000E+00  5.0000E-01  0.0000E+00  4.7158E+01  0.0000E+00  3.1644E+01  1.0548E+00  7.1883E-01  4.7158E+01  1.2947E+01  3.4211E+01  2.2270E+00
  5.0000E+00  7.5000E-01  0.0000E+00  1.9559E+01  0.0000E+00  2.7711E+01 -2.8967E-01 -4.3130E-01  1.9559E+01  1.2590E+01  6.9695E+00 -1.2904E-01
  5.0000E+00  1.0000E+00  0.0000E+00  5.9384E+01  0.0000E+00  2.4231E+01  2.0958E+00  2.1270E+00  5.9384E+01  1.2169E+01  4.7215E+01  3.6475E+00
  5.0000E+00  2.0000E+00  0.0000E+00  1.1460E+00  0.0000E+00  1.4181E+01 -1.9058E+00 -1.3477E+00  1.1460E+00  1.0601E+01 -9.4553E+00 -1.7118E+00
  5.0000E+00  3.0000E+00  0.0000E+00  2.5590E+00  0.0000E+00  8.3246E+00 -1.8564E+00 -1.0154E+00  2.5590E+00  9.2392E+00 -6.6802E+00 -1.4543E+00
  5.0000E+00  4.0000E+00  0.0000E+00  7.7780E+00  0.0000E+00  4.9117E+00 -7.3429E-02  8.5560E-01  7.7780E+00  8.0559E+00 -2.7788E-01 -5.6029E-01
  5.0000E+00  6.0000E+00  0.0000E+00  1.6200E-01  0.0000E+00  1.7618E+00 -2.0870E+00 -1.3313E+00  1.6200E-01  6.1345E+00 -5.9725E+00 -1.4424E+00
  5.0000E+00  8.0000E+00  0.0000E+00  5.5100E-01  0.0000E+00  6.8867E-01 -7.2688E-01 -2.9309E-01  5.5100E-01  4.6836E+00 -4.1326E+00 -1.0477E+00
  6.0000E+00  0.0000E+00  1.0000E+04  0.0000E+00  1.0000E+00  0.0000E+00  0.0000E+00  0.0000E+00  0.0000E+00  0.0000E+00  0.0000E+00  0.0000E+00
  6.0000E+00  0.0000E+00  0.0000E+00  0.0000E+00  0.0000E+00  0.0000E+00  0.0000E+00  0.0000E+00  0.0000E+00  0.0000E+00  0.0000E+00  0.0000E+00
  6.0000E+00  3.3000E-02  0.0000E+00  2.2373E+01  0.0000E+00  1.1163E+01  1.9512E+00  1.4723E+00  2.2373E+01  3.8714E+00  1.8502E+01  4.6957E+00
  6.0000E+00  8.3000E-02  0.0000E+00  4.6713E+01  0.0000E+00  2.1151E+01  2.3778E+00  1.7720E+00  4.6713E+01  7.7323E+00  3.8981E+01  5.3321E+00
  6.0000E+00  2.5000E-01  0.0000E+00  5.0110E+00  0.0000E+00  2.9885E+01 -7.0993E-01 -1.2203E+00  5.0110E+00  1.2358E+01 -7.3473E+00 -1.4888E+00
  6.0000E+00  5.0000E-01  0.0000E+00  4.6163E+01  0.0000E+00  2.8295E+01  1.2816E+00  9.2588E-01  4.6163E+01  1.2947E+01  3.3216E+01  2.2218E+00
  6.0000E+00  7.5000E-01  0.0000E+00  1.5363E+01  0.0000E+00  2.5533E+01 -3.4128E-01 -5.8397E-01  1.5363E+01  1.2590E+01  2.7735E+00 -4.1019E-01
  6.0000E+00  1.0000E+00  0.0000E+00  2.2338E+01  0.0000E+00  2.2986E+01  1.0176E-01 -4.1357E-02  2.2338E+01  1.2169E+01  1.0169E+01  3.0407E-01
  6.0000E+00  2.0000E+00  0.0000E+00  2.4323E+01  0.0000E+00  1.5106E+01  7.3391E-01  8.9464E-01  2.4323E+01  1.0601E+01  1.3722E+01  9.2561E-01
  6.0000E+00  3.0000E+00  0.0000E+00  1.8400E+00  0.0000E+00  9.9470E+00 -1.5245E+00 -1.1949E+00  1.8400E+00  9.2392E+00 -7.3992E+00 -1.3891E+00
  6.0000E+00  4.0000E+00  0.0000E+00  2.7960E+00  0.0000E+00  6.5698E+00 -1.2393E+00 -8.4218E-01  2.7960E+00  8.0559E+00 -5.2599E+00 -1.0941E+00
  6.0000E+00  6.0000E+00  0.0000E+00  2.7000E+00  0.0000E+00  2.9100E+00 -4.9698E-01 -1.0582E-01  2.7000E+00  6.1345E+00 -3.4345E+00 -6.6102E-01
  6.0000E+00  8.0000E+00  0.0000E+00  2.4450E+00  0.0000E+00  1.3385E+00  8.3286E-01  1.2119E+00  2.4450E+00  4.6836E+00 -2.2386E+00 -1.5895E-01
  7.0000E+00  0.0000E+00  1.2500E+05  0.0000E+00  1.0000E+00  0.0000E+00  0.0000E+00  0.0000E+00  0.0000E+00  0.0000E+00  0.0000E+00  0.0000E+00
  7.0000E+00  0.0000E+00  0.0000E+00  0.0000E+00  0.0000E+00  0.0000E+00  0.0000E+00  0.0000E+00  0.0000E+00  0.0000E+00  0.0000E+00  0.0000E+00
  7.0000E+00  5.0000E-01  0.0000E+00  5.3520E+00  0.0000E+00  1.5266E+01 -1.1026E+00 -9.5214E-01  5.3520E+00  2.4947E+01 -1.9595E+01 -6.1747E-01
  7.0000E+00  1.0000E+00  0.0000E+00  1.6180E+01  0.0000E+00  1.4162E+01  4.4939E-02  2.0895E-01  1.6180E+01  2.3447E+01 -7.2673E+00 -7.2495E-02
  7.0000E+00  2.0000E+00  0.0000E+00  4.4430E+00  0.0000E+00  1.2185E+01 -1.1249E+00 -9.3155E-01  4.4430E+00  2.0427E+01 -1.5984E+01 -6.1613E-01
  7.0000E+00  4.0000E+00  0.0000E+00  1.9128E+01  0.0000E+00  9.0286E+00  1.3757E+00  1.6400E+00  1.9128E+01  1.5522E+01  3.6056E+00  5.5797E-01
  7.0000E+00  8.0000E+00  0.0000E+00  5.6870E+00  0.0000E+00  4.9795E+00 -2.2872E-01  2.0833E-01  5.6870E+00  9.0245E+00 -3.3375E+00 -1.7649E-01
  7.0000E+00  2.4000E+01  0.0000E+00  6.0000E-01  0.0000E+00  5.3989E-01 -6.4954E-01  1.6324E-01  6.0000E-01  1.2650E+00 -6.6498E-01 -2.9219E-01
  8.0000E+00  0.0000E+00  1.2500E+05  0.0000E+00  1.0000E+00  0.0000E+00  0.0000E+00  0.0000E+00  0.0000E+00  0.0000E+00  0.0000E+00  0.0000E+00
  8.0000E+00  0.0000E+00  0.0000E+00  0.0000E+00  0.0000E+00  0.0000E+00  0.0000E+00  0.0000E+00  0.0000E+00  0.0000E+00  0.0000E+00  0.0000E+00
  8.0000E+00  5.0000E-01  0.0000E+00  3.1708E+01  0.0000E+00  1.8868E+01  6.1723E-01  9.9769E-01  3.1708E+01  2.4947E+01  6.7610E+00  3.6944E-01
  8.0000E+00  1.0000E+00  0.0000E+00  2.9239E+01  0.0000E+00  1.7283E+01  6.1945E-01  1.0142E+00  2.9239E+01  2.3447E+01  5.7917E+00  3.5059E-01
  8.0000E+00  2.0000E+00  0.0000E+00  9.1450E+00  0.0000E+00  1.4496E+01 -9.5744E-01 -5.4124E-01  9.1450E+00  2.0427E+01 -1.1282E+01 -5.4958E-01
  8.0000E+00  4.0000E+00  0.0000E+00  7.1960E+00  0.0000E+00  1.0210E+01 -8.7426E-01 -4.3281E-01  7.1960E+00  1.5522E+01 -8.3264E+00 -5.1400E-01
  8.0000E+00  8.0000E+00  0.0000E+00  3.9410E+00  0.0000E+00  5.0983E+00 -7.6573E-01 -3.3280E-01  3.9410E+00  9.0245E+00 -5.0835E+00 -4.7886E-01
  8.0000E+00  2.4000E+01  0.0000E+00  6.0000E-01  0.0000E+00  4.1773E-01  2.2329E-01  6.3971E-01  6.0000E-01  1.2650E+00 -6.6498E-01 -8.9811E-02
  9.0000E+00  0.0000E+00  1.2500E+05  0.0000E+00  1.0000E+00  0.0000E+00  0.0000E+00  0.0000E+00  0.0000E+00  0.0000E+00  0.0000E+00  0.0000E+00
  9.0000E+00  0.0000E+00  0.0000E+00  0.0000E+00  0.0000E+00  0.0000E+00  0.0000E+00  0.0000E+00  0.0000E+00  0.0000E+00  0.0000E+00  0.0000E+00
  9.0000E+00  5.0000E-01  0.0000E+00  2.5875E+01  0.0000E+00  1.8078E+01  2.1323E-01  6.3240E-01  2.5875E+01  2.4947E+01  9.2802E-01  9.1897E-02
  9.0000E+00  1.0000E+00  0.0000E+00  1.2360E+01  0.0000E+00  1.6972E+01 -8.1428E-01 -3.9844E-01  1.2360E+01  2.3447E+01 -1.1087E+01 -4.8337E-01
  9.0000E+00  2.0000E+00  0.0000E+00  2.5667E+01  0.0000E+00  1.4915E+01  6.5457E-01  1.0569E+00  2.5667E+01  2.0427E+01  5.2399E+00  3.4862E-01
  9.0000E+00  4.0000E+00  0.0000E+00  1.4443E+01  0.0000E+00  1.1529E+01 -5.7021E-03  3.7057E-01  1.4443E+01  1.5522E+01 -1.0794E+00 -2.4491E-02
  9.0000E+00  8.0000E+00  0.0000E+00  6.7260E+00  0.0000E+00  6.9206E+00 -3.7121E-01 -4.1227E-02  6.7260E+00  9.0245E+00 -2.2985E+00 -2.4259E-01
  9.0000E+00  2.4000E+01  0.0000E+00  1.4570E+00  0.0000E+00  1.0281E+00  2.8521E-01  6.1162E-01  1.4570E+00  1.2650E+00  1.9202E-01  1.6770E-01
  1.0000E+01  0.0000E+00  2.5000E+05  0.0000E+00  1.0000E+00  0.0000E+00  0.0000E+00  0.0000E+00  0.0000E+00  0.0000E+00  0.0000E+00  0.0000E+00
  1.0000E+01  0.0000E+00  0.0000E+00  0.0000E+00  0.0000E+00  0.0000E+00  0.0000E+00  0.0000E+00  0.0000E+00  0.0000E+00  0.0000E+00  0.0000E+00
  1.0000E+01  5.0000E-01  0.0000E+00  3.2559E+01  0.0000E+00  4.3647E+01 -2.3383E-01 -3.7246E-01  3.2559E+01  3.0972E+01  1.5874E+00 -1.5722E-01
  1.0000E+01  1.0000E+00  0.0000E+00  2.7382E+01  0.0000E+00  4.5507E+01 -2.9654E-01 -5.8395E-01  2.7382E+01  2.9110E+01 -1.7278E+00 -3.1710E-01
  1.0000E+01  2.0000E+00  0.0000E+00  2.0366E+01  0.0000E+00  4.1721E+01 -4.0894E-01 -7.5045E-01  2.0366E+01  2.5360E+01 -4.9942E+00 -5.3287E-01
  1.0000E+01  4.0000E+00  0.0000E+00  3.1808E+01  0.0000E+00  3.4516E+01  2.7640E-01 -1.1505E-01  3.1808E+01  1.9271E+01  1.2537E+01  3.2524E-01
  1.0000E+01  8.0000E+00  0.0000E+00  6.3644E+01  0.0000E+00  2.3803E+01  2.9252E+00  2.4541E+00  6.3644E+01  1.1204E+01  5.2440E+01  4.7917E+00
  1.0000E+01  2.4000E+01  0.0000E+00  2.5160E+00  0.0000E+00  6.3170E+00 -2.2827E-01 -8.8219E-01  2.5160E+00  1.5705E+00  9.4553E-01 -9.9847E-01
  1.1000E+01  0.0000E+00  2.5000E+05  0.0000E+00  1.0000E+00  0.0000E+00  0.0000E+00  0.0000E+00  0.0000E+00  0.0000E+00  0.0000E+00  0.0000E+00
  1.1000E+01  0.0000E+00  0.0000E+00  0.0000E+00  0.0000E+00  0.0000E+00  0.0000E+00  0.0000E+00  0.0000E+00  0.0000E+00  0.0000E+00  0.0000E+00
  1.1000E+01  5.0000E-01  0.0000E+00  2.2787E+01  0.0000E+00  2.5814E+01 -2.9059E-01 -1.7192E-01  2.2787E+01  3.0972E+01 -8.1846E+00 -1.9558E-01
  1.1000E+01  1.0000E+00  0.0000E+00  4.7157E+01  0.0000E+00  2.3532E+01  1.3212E+00  1.4719E+00  4.7157E+01  2.9110E+01  1.8047E+01  8.1150E-01
  1.1000E+01  2.0000E+00  0.0000E+00  4.3560E+00  0.0000E+00  1.9545E+01 -1.3500E+00 -1.1394E+00  4.3560E+00  2.5360E+01 -2.1004E+01 -8.3261E-01
  1.1000E+01  4.0000E+00  0.0000E+00  1.1033E+01  0.0000E+00  1.3500E+01 -5.9372E-01 -2.6790E-01  1.1033E+01  1.9271E+01 -8.2381E+00 -3.6555E-01
  1.1000E+01  8.0000E+00  0.0000E+00  9.2000E+00  0.0000E+00  6.4902E+00  7.5161E-02  6.1215E-01  9.2000E+00  1.1204E+01 -2.0039E+00 -4.0988E-02
  1.1000E+01  2.4000E+01  0.0000E+00  6.0000E-01  0.0000E+00  4.8854E-01 -4.9799E-01  3.3451E-01  6.0000E-01  1.5705E+00 -9.7047E-01 -2.8482E-01
  1.2000E+01  0.0000E+00  2.5000E+05  0.0000E+00  1.0000E+00  0.0000E+00  0.0000E+00  0.0000E+00  0.0000E+00  0.0000E+00  0.0000E+00  0.0000E+00
  1.2000E+01  0.0000E+00  0.0000E+00  0.0000E+00  0.0000E+00  0.0000E+00  0.0000E+00  0.0000E+00  0.0000E+00  0.0000E+00  0.0000E+00  0.0000E+00
  1.2000E+01  5.0000E-01  0.0000E+00  2.9301E+01  0.0000E+00  1.5812E+01  6.7239E-01  1.2508E+00  2.9301E+01  3.0972E+01 -1.6706E+00  1.6120E-01
  1.2000E+01  1.0000E+00  0.0000E+00  1.4208E+01  0.0000E+00  1.4848E+01 -6.2989E-01 -6.3176E-02  1.4208E+01  2.9110E+01 -1.4902E+01 -3.4889E-01
  1.2000E+01  2.0000E+00  0.0000E+00  1.1723E+01  0.0000E+00  1.3091E+01 -6.9642E-01 -1.5318E-01  1.1723E+01  2.5360E+01 -1.3637E+01 -3.7811E-01
  1.2000E+01  4.0000E+00  0.0000E+00  8.5160E+00  0.0000E+00  1.0182E+01 -7.4124E-01 -2.3990E-01  8.5160E+00  1.9271E+01 -1.0755E+01 -4.0281E-01
  1.2000E+01  8.0000E+00  0.0000E+00  8.2990E+00  0.0000E+00  6.1798E+00  6.4647E-02  5.0277E-01  8.2990E+00  1.1204E+01 -2.9049E+00 -4.8948E-02
  1.2000E+01  2.4000E+01  0.0000E+00  1.2620E+00  0.0000E+00  9.2012E-01  1.1681E-01  5.4476E-01  1.2620E+00  1.5705E+00 -3.0847E-01  1.6293E-02
  1.3000E+01  0.0000E+00  5.0000E+05  0.0000E+00  1.0000E+00  0.0000E+00  0.0000E+00  0.0000E+00  0.0000E+00  0.0000E+00  0.0000E+00  0.0000E+00
  1.3000E+01  0.0000E+00  0.0000E+00  0.0000E+00  0.0000E+00  0.0000E+00  0.0000E+00  0.0000E+00  0.0000E+00  0.0000E+00  0.0000E+00  0.0000E+00
  1.3000E+01  5.0000E-01  0.0000E+00  5.5055E+01  0.0000E+00  2.9189E+01  9.2913E-01  1.2992E+00  5.5055E+01  4.2315E+01  1.2740E+01  4.8219E-01
  1.3000E+01  1.0000E+00  0.0000E+00  1.9613E+01  0.0000E+00  2.9547E+01 -7.5430E-01 -4.9294E-01  1.9613E+01  3.9771E+01 -2.0158E+01 -4.3822E-01
  1.3000E+01  2.0000E+00  0.0000E+00  2.3639E+01  0.0000E+00  2.7944E+01 -4.1671E-01 -2.2587E-01  2.3639E+01  3.4648E+01 -1.1009E+01 -2.4244E-01
  1.3000E+01  4.0000E+00  0.0000E+00  1.3103E+01  0.0000E+00  2.4920E+01 -7.6338E-01 -6.9526E-01  1.3103E+01  2.6329E+01 -1.3226E+01 -5.1559E-01
  1.3000E+01  8.0000E+00  0.0000E+00  1.3568E+01  0.0000E+00  1.9866E+01 -3.0783E-01 -4.6481E-01  1.3568E+01  1.5307E+01 -1.7393E+00 -2.6461E-01
  1.3000E+01  2.4000E+01  0.0000E+00  1.7556E+01  0.0000E+00  8.3429E+00  2.3872E+00  1.6191E+00  1.7556E+01  2.1457E+00  1.5410E+01  4.8679E+00
  1.4000E+01  0.0000E+00  5.0000E+05  0.0000E+00  1.0000E+00  0.0000E+00  0.0000E+00  0.0000E+00  0.0000E+00  0.0000E+00  0.0000E+00  0.0000E+00
  1.4000E+01  0.0000E+00  0.0000E+00  0.0000E+00  0.0000E+00  0.0000E+00  0.0000E+00  0.0000E+00  0.0000E+00  0.0000E+00  0.0000E+00  0.0000E+00
  1.4000E+01  5.0000E-01  0.0000E+00  4.9290E+01  0.0000E+00  3.4705E+01  3.6031E-01  6.1616E-01  4.9290E+01  4.2315E+01  6.9751E+00  2.1927E-01
  1.4000E+01  1.0000E+00  0.0000E+00  3.0508E+01  0.0000E+00  3.2073E+01 -3.5030E-01 -7.1542E-02  3.0508E+01  3.9771E+01 -9.2631E+00 -2.3085E-01
  1.4000E+01  2.0000E+00  0.0000E+00  2.6968E+01  0.0000E+00  2.7343E+01 -3.3892E-01 -2.0125E-02  2.6968E+01  3.4648E+01 -7.6803E+00 -2.2264E-01
  1.4000E+01  4.0000E+00  0.0000E+00  2.2871E+01  0.0000E+00  1.9897E+01 -1.8339E-01  2.1917E-01  2.2871E+01  2.6329E+01 -3.4580E+00 -1.2475E-01
  1.4000E+01  8.0000E+00  0.0000E+00  2.1883E+01  0.0000E+00  1.0603E+01  9.8669E-01  1.5597E+00  2.1883E+01  1.5307E+01  6.5757E+00  5.3313E-01
  1.4000E+01  2.4000E+01  0.0000E+00  6.0000E-01  0.0000E+00  1.0810E+00 -1.2483E+00 -6.5238E-01  6.0000E-01  2.1457E+00 -1.5457E+00 -5.7217E-01
  1.5000E+01  0.0000E+00  5.0000E+05  0.0000E+00  1.0000E+00  0.0000E+00  0.0000E+00  0.0000E+00  0.0000E+00  0.0000E+00  0.0000E+00  0.0000E+00
  1.5000E+01  0.0000E+00  0.0000E+00  0.0000E+00  0.0000E+00  0.0000E+00  0.0000E+00  0.0000E+00  0.0000E+00  0.0000E+00  0.0000E+00  0.0000E+00
  1.5000E+01  5.0000E-01  0.0000E+00  6.3812E+01  0.0000E+00  3.7032E+01  8.0601E-01  1.0603E+00  6.3812E+01  4.2315E+01  2.1497E+01  6.1775E-01
  1.5000E+01  1.0000E+00  0.0000E+00  7.1770E+00  0.0000E+00  3.8604E+01 -1.2934E+00 -1.1936E+00  7.1770E+00  3.9771E+01 -3.2594E+01 -9.0438E-01
  1.5000E+01  2.0000E+00  0.0000E+00  3.4378E+01  0.0000E+00  3.6519E+01 -1.0699E-01 -8.5943E-02  3.4378E+01  3.4648E+01 -2.7034E-01 -2.0357E-02
  1.5000E+01  4.0000E+00  0.0000E+00  1.8738E+01  0.0000E+00  3.2342E+01 -5.2584E-01 -6.1670E-01  1.8738E+01  2.6329E+01 -7.5910E+00 -4.4978E-01
  1.5000E+01  8.0000E+00  0.0000E+00  3.5351E+01  0.0000E+00  2.5449E+01  8.6169E-01  5.7047E-01  3.5351E+01  1.5307E+01  2.0044E+01  1.1049E+00
  1.5000E+01  2.4000E+01  0.0000E+00  2.0765E+01  0.0000E+00  1.0313E+01  2.2607E+00  1.4860E+00  2.0765E+01  2.1457E+00  1.8619E+01  5.4255E+00
  1.6000E+01  0.0000E+00  1.2500E+05  0.0000E+00  1.0000E+00  0.0000E+00  0.0000E+00  0.0000E+00  0.0000E+00  0.0000E+00  0.0000E+00  0.0000E+00
  1.6000E+01  0.0000E+00  0.0000E+00  0.0000E+00  0.0000E+00  0.0000E+00  0.0000E+00  0.0000E+00  0.0000E+00  0.0000E+00  0.0000E+00  0.0000E+00
  1.6000E+01  5.0000E-01  0.0000E+00  8.1620E+00  0.0000E+00  9.5263E+00 -8.8687E-01 -2.0998E-01  8.1620E+00  2.4947E+01 -1.6785E+01 -4.3372E-01
  1.6000E+01  1.0000E+00  0.0000E+00  1.6289E+01  0.0000E+00  8.9076E+00  5.4772E-01  1.2149E+00  1.6289E+01  2.3447E+01 -7.1583E+00 -5.5137E-03
  1.6000E+01  2.0000E+00  0.0000E+00  4.8860E+00  0.0000E+00  7.7890E+00 -1.1961E+00 -5.4644E-01  4.8860E+00  2.0427E+01 -1.5541E+01 -5.2081E-01
  1.6000E+01  4.0000E+00  0.0000E+00  8.0510E+00  0.0000E+00  5.9584E+00 -1.0619E-01  5.1490E-01  8.0510E+00  1.5522E+01 -7.4714E+00 -1.9250E-01
  1.6000E+01  8.0000E+00  0.0000E+00  3.2130E+00  0.0000E+00  3.4958E+00 -7.0375E-01 -1.1861E-01  3.2130E+00  9.0245E+00 -5.8115E+00 -3.7722E-01
  1.6000E+01  2.4000E+01  0.0000E+00  6.0000E-01  0.0000E+00  4.4885E-01 -8.3999E-02  4.9373E-01  6.0000E-01  1.2650E+00 -6.6498E-01 -1.2240E-01
  1.7000E+01  0.0000E+00  1.2500E+05  0.0000E+00  1.0000E+00  0.0000E+00  0.0000E+00  0.0000E+00  0.0000E+00  0.0000E+00  0.0000E+00  0.0000E+00
  1.7000E+01  0.0000E+00  0.0000E+00  0.0000E+00  0.0000E+00  0.0000E+00  0.0000E+00  0.0000E+00  0.0000E+00  0.0000E+00  0.0000E+00  0.0000E+00
  1.7000E+01  5.0000E-01  0.0000E+00  2.4603E+01  0.0000E+00  1.2408E+01  1.0413E+00  1.4411E+00  2.4603E+01  2.4947E+01 -3.4398E-01  2.8292E-01
  1.7000E+01  1.0000E+00  0.0000E+00  7.2080E+00  0.0000E+00  1.1528E+01 -9.4566E-01 -5.4945E-01  7.2080E+00  2.3447E+01 -1.6239E+01 -4.7335E-01
  1.7000E+01  2.0000E+00  0.0000E+00  5.4500E+00  0.0000E+00  9.9535E+00 -1.0537E+00 -6.6336E-01  5.4500E+00  2.0427E+01 -1.4977E+01 -5.1783E-01
  1.7000E+01  4.0000E+00  0.0000E+00  2.7120E+00  0.0000E+00  7.4247E+00 -1.3155E+00 -9.3061E-01  2.7120E+00  1.5522E+01 -1.2810E+01 -6.2307E-01
  1.7000E+01  8.0000E+00  0.0000E+00  5.6920E+00  0.0000E+00  4.1463E+00  1.4810E-01  5.4657E-01  5.6920E+00  9.0245E+00 -3.3325E+00 -7.0939E-02
  1.7000E+01  2.4000E+01  0.0000E+00  6.0000E-01  0.0000E+00  4.5690E-01 -1.3377E-01  4.5918E-01  6.0000E-01  1.2650E+00 -6.6498E-01 -1.3333E-01
  1.8000E+01  0.0000E+00  1.2500E+05  0.0000E+00  1.0000E+00  0.0000E+00  0.0000E+00  0.0000E+00  0.0000E+00  0.0000E+00  0.0000E+00  0.0000E+00
  1.8000E+01  0.0000E+00  0.0000E+00  0.0000E+00  0.0000E+00  0.0000E+00  0.0000E+00  0.0000E+00  0.0000E+00  0.0000E+00  0.0000E+00  0.0000E+00
  1.8000E+01  5.0000E-01  0.0000E+00  1.0414E+01  0.0000E+00  6.9263E+00 -3.0837E-02  7.3826E-01  1.0414E+01  2.4947E+01 -1.4533E+01 -2.5017E-01
  1.8000E+01  1.0000E+00  0.0000E+00  3.2390E+00  0.0000E+00  6.5451E+00 -1.4905E+00 -7.4059E-01  3.2390E+00  2.3447E+01 -2.0208E+01 -5.5267E-01
  1.8000E+01  2.0000E+00  0.0000E+00  7.2080E+00  0.0000E+00  5.8447E+00 -3.7272E-01  3.4197E-01  7.2080E+00  2.0427E+01 -1.3219E+01 -3.0714E-01
  1.8000E+01  4.0000E+00  0.0000E+00  2.6850E+00  0.0000E+00  4.6624E+00 -1.2779E+00 -6.2182E-01  2.6850E+00  1.5522E+01 -1.2837E+01 -5.1856E-01
  1.8000E+01  8.0000E+00  0.0000E+00  4.9860E+00  0.0000E+00  2.9716E+00  4.1265E-01  9.9387E-01  4.9860E+00  9.0245E+00 -4.0385E+00 -8.2011E-02
  1.8000E+01  2.4000E+01  0.0000E+00  6.0000E-01  0.0000E+00  5.1161E-01 -2.9754E-01  2.5331E-01  6.0000E-01  1.2650E+00 -6.6498E-01 -1.4384E-01
  1.9000E+01  0.0000E+00  2.5000E+05  0.0000E+00  1.0000E+00  0.0000E+00  0.0000E+00  0.0000E+00  0.0000E+00  0.0000E+00  0.0000E+00  0.0000E+00
  1.9000E+01  0.0000E+00  0.0000E+00  0.0000E+00  0.0000E+00  0.0000E+00  0.0000E+00  0.0000E+00  0.0000E+00  0.0000E+00  0.0000E+00  0.0000E+00
  1.9000E+01  5.0000E-01  0.0000E+00  2.8991E+01  0.0000E+00  1.4482E+01  9.8226E-01  1.4689E+00  2.8991E+01  3.0972E+01 -1.9806E+00  2.2961E-01
  1.9000E+01  1.0000E+00  0.0000E+00  7.3880E+00  0.0000E+00  1.3395E+01 -1.1449E+00 -6.5747E-01  7.3880E+00  2.9110E+01 -2.1722E+01 -5.2996E-01
  1.9000E+01  2.0000E+00  0.0000E+00  5.6630E+00  0.0000E+00  1.1460E+01 -1.2315E+00 -7.4166E-01  5.6630E+00  2.5360E+01 -1.9697E+01 -5.6294E-01
  1.9000E+01  4.0000E+00  0.0000E+00  9.2860E+00  0.0000E+00  8.3948E+00 -3.4206E-01  1.5565E-01  9.2860E+00  1.9271E+01 -9.9851E+00 -2.5447E-01
  1.9000E+01  8.0000E+00  0.0000E+00  4.0470E+00  0.0000E+00  4.5208E+00 -6.7444E-01 -1.5365E-01  4.0470E+00  1.1204E+01 -7.1569E+00 -3.7431E-01
  1.9000E+01  2.4000E+01  0.0000E+00  6.0000E-01  0.0000E+00  4.3538E-01 -9.0760E-02  5.5438E-01  6.0000E-01  1.5705E+00 -9.7047E-01 -1.5776E-01
  2.0000E+01  0.0000E+00  2.5000E+05  0.0000E+00  1.0000E+00  0.0000E+00  0.0000E+00  0.0000E+00  0.0000E+00  0.0000E+00  0.0000E+00  0.0000E+00
  2.0000E+01  0.0000E+00  0.0000E+00  0.0000E+00  0.0000E+00  0.0000E+00  0.0000E+00  0.0000E+00  0.0000E+00  0.0000E+00  0.0000E+00  0.0000E+00
  2.0000E+01  5.0000E-01  0.0000E+00  2.0607E+01  0.0000E+00  1.2017E+01  2.6161E-01  1.0480E+00  2.0607E+01  3.0972E+01 -1.0365E+01 -7.7676E-02
  2.0000E+01  1.0000E+00  0.0000E+00  1.2830E+01  0.0000E+00  1.1168E+01 -5.5991E-01  2.1818E-01  1.2830E+01  2.9110E+01 -1.6280E+01 -3.1866E-01
  2.0000E+01  2.0000E+00  0.0000E+00  1.2017E+01  0.0000E+00  9.6470E+00 -4.0118E-01  3.6019E-01  1.2017E+01  2.5360E+01 -1.3343E+01 -2.7437E-01
  2.0000E+01  4.0000E+00  0.0000E+00  6.5880E+00  0.0000E+00  7.2020E+00 -8.5232E-01 -1.2500E-01  6.5880E+00  1.9271E+01 -1.2683E+01 -4.1611E-01
  2.0000E+01  8.0000E+00  0.0000E+00  2.8710E+00  0.0000E+00  4.0253E+00 -1.0752E+00 -4.2044E-01  2.8710E+00  1.1204E+01 -8.3329E+00 -4.8897E-01
  2.0000E+01  2.4000E+01  0.0000E+00  6.0000E-01  0.0000E+00  4.3351E-01  8.0740E-02  5.6306E-01  6.0000E-01  1.5705E+00 -9.7047E-01 -1.2833E-01
  2.1000E+01  0.0000E+00  2.5000E+05  0.0000E+00  1.0000E+00  0.0000E+00  0.0000E+00  0.0000E+00  0.0000E+00  0.0000E+00  0.0000E+00  0.0000E+00
  2.1000E+01  0.0000E+00  0.0000E+00  0.0000E+00  0.0000E+00  0.0000E+00  0.0000E+00  0.0000E+00  0.0000E+00  0.0000E+00  0.0000E+00  0.0000E+00
  2.1000E+01  5.0000E-01  0.0000E+00  2.0194E+01  0.0000E+00  1.2118E+01  3.7606E-01  9.7705E-01  2.0194E+01  3.0972E+01 -1.0778E+01 -5.2894E-02
  2.1000E+01  1.0000E+00  0.0000E+00  1.3124E+01  0.0000E+00  1.1297E+01 -3.5547E-01  2.3710E-01  1.3124E+01  2.9110E+01 -1.5986E+01 -2.6749E-01
  2.1000E+01  2.0000E+00  0.0000E+00  6.5080E+00  0.0000E+00  9.8188E+00 -1.0722E+00 -4.9437E-01  6.5080E+00  2.5360E+01 -1.8852E+01 -4.8527E-01
  2.1000E+01  4.0000E+00  0.0000E+00  1.8150E+00  0.0000E+00  7.4212E+00 -1.6640E+00 -1.1076E+00  1.8150E+00  1.9271E+01 -1.7456E+01 -6.7345E-01
  2.1000E+01  8.0000E+00  0.0000E+00  6.6610E+00  0.0000E+00  4.2509E+00  2.8858E-01  8.3123E-01  6.6610E+00  1.1204E+01 -4.5429E+00 -7.3382E-02
  2.1000E+01  2.4000E+01  0.0000E+00  6.0000E-01  0.0000E+00  5.0091E-01 -3.1675E-01  2.9004E-01  6.0000E-01  1.5705E+00 -9.7047E-01 -1.8790E-01
  2.2000E+01  0.0000E+00  5.0000E+05  0.0000E+00  1.0000E+00  0.0000E+00  0.0000E+00  0.0000E+00  0.0000E+00  0.0000E+00  0.0000E+00  0.0000E+00
  2.2000E+01  0.0000E+00  0.0000E+00  0.0000E+00  0.0000E+00  0.0000E+00  0.0000E+00  0.0000E+00  0.0000E+00  0.0000E+00  0.0000E+00  0.0000E+00
  2.2000E+01  5.0000E-01  0.0000E+00  2.0892E+01  0.0000E+00  1.8272E+01 -3.7478E-01  2.1022E-01  2.0892E+01  4.2315E+01 -2.1423E+01 -2.7338E-01
  2.2000E+01  1.0000E+00  0.0000E+00  2.0896E+01  0.0000E+00  1.7184E+01 -2.5734E-01  3.1673E-01  2.0896E+01  3.9771E+01 -1.8875E+01 -2.2830E-01
  2.2000E+01  2.0000E+00  0.0000E+00  1.6873E+01  0.0000E+00  1.5199E+01 -3.9268E-01  1.6152E-01  1.6873E+01  3.4648E+01 -1.7775E+01 -2.7189E-01
  2.2000E+01  4.0000E+00  0.0000E+00  5.7380E+00  0.0000E+00  1.1896E+01 -1.2828E+00 -7.5896E-01  5.7380E+00  2.6329E+01 -2.0591E+01 -5.9269E-01
  2.2000E+01  8.0000E+00  0.0000E+00  1.4398E+01  0.0000E+00  7.3072E+00  9.2757E-01  1.4227E+00  1.4398E+01  1.5307E+01 -9.0930E-01  2.4345E-01
  2.2000E+01  2.4000E+01  0.0000E+00  1.1130E+00  0.0000E+00  1.1218E+00 -4.9341E-01 -1.1514E-02  1.1130E+00  2.1457E+00 -1.0327E+00 -2.2367E-01
  2.3000E+01  0.0000E+00  5.0000E+05  0.0000E+00  1.0000E+00  0.0000E+00  0.0000E+00  0.0000E+00  0.0000E+00  0.0000E+00  0.0000E+00  0.0000E+00
  2.3000E+01  0.0000E+00  0.0000E+00  0.0000E+00  0.0000E+00  0.0000E+00  0.0000E+00  0.0000E+00  0.0000E+00  0.0000E+00  0.0000E+00  0.0000E+00
  2.3000E+01  5.0000E-01  0.0000E+00  6.3520E+01  0.0000E+00  3.2235E+01  1.1887E+00  1.4229E+00  6.3520E+01  4.2315E+01  2.1205E+01  6.9383E-01
  2.3000E+01  1.0000E+00  0.0000E+00  2.7973E+01  0.0000E+00  2.9229E+01 -3.2934E-01 -6.3024E-02  2.7973E+01  3.9771E+01 -1.1798E+01 -2.0021E-01
  2.3000E+01  2.0000E+00  0.0000E+00  1.2101E+01  0.0000E+00  2.4032E+01 -1.0539E+00 -7.2789E-01  1.2101E+01  3.4648E+01 -2.2547E+01 -5.9882E-01
  2.3000E+01  4.0000E+00  0.0000E+00  7.7790E+00  0.0000E+00  1.6266E+01 -1.1995E+00 -7.6498E-01  7.7790E+00  2.6329E+01 -1.8550E+01 -6.5174E-01
  2.3000E+01  8.0000E+00  0.0000E+00  1.1122E+01  0.0000E+00  7.5076E+00  8.8573E-02  7.0584E-01  1.1122E+01  1.5307E+01 -4.1853E+00 -9.3053E-02
  2.3000E+01  2.4000E+01  0.0000E+00  6.0000E-01  0.0000E+00  4.9174E-01 -4.9898E-01  3.2278E-01  6.0000E-01  2.1457E+00 -1.5457E+00 -2.7519E-01
  2.4000E+01  0.0000E+00  5.0000E+05  0.0000E+00  1.0000E+00  0.0000E+00  0.0000E+00  0.0000E+00  0.0000E+00  0.0000E+00  0.0000E+00  0.0000E+00
  2.4000E+01  0.0000E+00  0.0000E+00  0.0000E+00  0.0000E+00  0.0000E+00  0.0000E+00  0.0000E+00  0.0000E+00  0.0000E+00  0.0000E+00  0.0000E+00
  2.4000E+01  5.0000E-01  0.0000E+00  6.2078E+01  0.0000E+00  5.5175E+01  4.1729E-01  1.8344E-01  6.2078E+01  4.2315E+01  1.9763E+01  4.9079E-01
  2.4000E+01  1.0000E+00  0.0000E+00  1.7933E+01  0.0000E+00  5.6007E+01 -6.3566E-01 -9.9670E-01  1.7933E+01  3.9771E+01 -2.1838E+01 -6.7905E-01
  2.4000E+01  2.0000E+00  0.0000E+00  2.0081E+01  0.0000E+00  5.0937E+01 -4.8216E-01 -8.8814E-01  2.0081E+01  3.4648E+01 -1.4567E+01 -5.7468E-01
  2.4000E+01  4.0000E+00  0.0000E+00  1.3612E+01  0.0000E+00  4.1819E+01 -5.2956E-01 -9.8892E-01  1.3612E+01  2.6329E+01 -1.2717E+01 -7.4354E-01
  2.4000E+01  8.0000E+00  0.0000E+00  7.3308E+01  0.0000E+00  2.8388E+01  2.8674E+00  2.3199E+00  7.3308E+01  1.5307E+01  5.8001E+01  4.1039E+00
  2.4000E+01  2.4000E+01  0.0000E+00  1.2590E+00  0.0000E+00  7.0322E+00 -3.9932E-01 -1.2037E+00  1.2590E+00  2.1457E+00 -8.8665E-01 -1.2615E+00
  2.5000E+01  0.0000E+00  1.2500E+05  0.0000E+00  1.0000E+00  0.0000E+00  0.0000E+00  0.0000E+00  0.0000E+00  0.0000E+00  0.0000E+00  0.0000E+00
  2.5000E+01  6.4850E+02  0.0000E+00  7.4066E+01  0.0000E+00  5.4282E+01  9.2217E-01  5.3435E-01  7.4066E+01  2.6716E+01  4.7350E+01  1.4138E+00
  2.5000E+01  6.4900E+02  0.0000E+00  3.0944E+01  0.0000E+00  5.7837E+01 -1.6756E-01 -6.8172E-01  3.0944E+01  2.5148E+01  5.7961E+00 -4.0530E-01
  2.5000E+01  6.5000E+02  0.0000E+00  6.1250E+00  0.0000E+00  5.3851E+01 -7.2288E-01 -1.2994E+00  6.1250E+00  2.2003E+01 -1.5878E+01 -1.5923E+00
  2.5000E+01  6.5200E+02  0.0000E+00  3.0089E+01  0.0000E+00  4.5347E+01  1.2462E-01 -4.9332E-01  3.0089E+01  1.6891E+01  1.3198E+01 -6.4636E-02
  2.5000E+01  6.5600E+02  0.0000E+00  8.4092E+01  0.0000E+00  3.2739E+01  2.9769E+00  2.2997E+00  8.4092E+01  1.0097E+01  7.3995E+01  6.9746E+00
  2.5000E+01  6.7200E+02  0.0000E+00  8.0090E+00  0.0000E+00  1.2007E+01  2.4294E-01 -4.8819E-01  8.0090E+00  1.8414E+00  6.1676E+00  1.9620E-01
  2.6000E+01  0.0000E+00  1.2500E+05  0.0000E+00  1.0000E+00  0.0000E+00  0.0000E+00  0.0000E+00  0.0000E+00  0.0000E+00  0.0000E+00  0.0000E+00
  2.6000E+01  6.4850E+02  0.0000E+00  5.0296E+01  0.0000E+00  6.7032E+01  1.9173E-01 -3.6606E-01  5.0296E+01  2.6716E+01  2.3580E+01  7.9843E-02
  2.6000E+01  6.4900E+02  0.0000E+00  1.4633E+02  0.0000E+00  6.2485E+01  2.4612E+00  1.9674E+00  1.4633E+02  2.5148E+01  1.2118E+02  4.5335E+00
  2.6000E+01  6.5000E+02  0.0000E+00  8.6660E+00  0.0000E+00  4.9767E+01 -8.9078E-01 -1.2108E+00  8.6660E+00  2.2003E+01 -1.3337E+01 -1.6639E+00
  2.6000E+01  6.5200E+02  0.0000E+00  3.1890E+01  0.0000E+00  3.1788E+01  2.3147E-02  4.7221E-03  3.1890E+01  1.6891E+01  1.4999E+01  5.7967E-02
  2.6000E+01  6.5600E+02  0.0000E+00  2.1724E+01  0.0000E+00  1.3903E+01  4.1543E-01  8.2484E-01  2.1724E+01  1.0097E+01  1.1627E+01  4.1559E-01
  2.6000E+01  6.7200E+02  0.0000E+00  2.5220E+00  0.0000E+00  2.6243E+00 -4.4705E-01 -5.7130E-02  2.5220E+00  1.8414E+00  6.8063E-01 -3.6867E-01
  2.7000E+01  0.0000E+00  1.2500E+05  0.0000E+00  1.0000E+00  0.0000E+00  0.0000E+00  0.0000E+00  0.0000E+00  0.0000E+00  0.0000E+00  0.0000E+00
  2.7000E+01  6.4850E+02  0.0000E+00  2.1252E+02  0.0000E+00  1.0216E+02  2.3415E+00  1.5837E+00  2.1252E+02  2.6716E+01  1.8580E+02  5.9849E+00
  2.7000E+01  6.4900E+02  0.0000E+00  3.0835E+01  0.0000E+00  1.0049E+02 -2.4195E-01 -1.0162E+00  3.0835E+01  2.5148E+01  5.6871E+00 -1.7377E+00
  2.7000E+01  6.5000E+02  0.0000E+00  1.4641E+02  0.0000E+00  7.9071E+01  1.8326E+00  1.2486E+00  1.4641E+02  2.2003E+01  1.2440E+02  4.4718E+00
  2.7000E+01  6.5200E+02  0.0000E+00  9.8230E+00  0.0000E+00  4.8509E+01 -9.2665E-01 -1.1693E+00  9.8230E+00  1.6891E+01 -7.0676E+00 -2.5342E+00
  2.7000E+01  6.5600E+02  0.0000E+00  3.2820E+01  0.0000E+00  2.0666E+01  7.2561E-01  8.6225E-01  3.2820E+01  1.0097E+01  2.2723E+01  6.8302E-01
  2.7000E+01  6.7200E+02  0.0000E+00  6.0010E+00  0.0000E+00  5.6276E+00  5.3015E-02  9.7270E-02  6.0010E+00  1.8414E+00  4.1596E+00  4.2797E-01
  2.8000E+01  0.0000E+00  2.5000E+05  0.0000E+00  1.0000E+00  0.0000E+00  0.0000E+00  0.0000E+00  0.0000E+00  0.0000E+00  0.0000E+00  0.0000E+00
  2.8000E+01  6.4850E+02  0.0000E+00  6.4244E+01  0.0000E+00  6.1949E+01  4.6030E-01  5.4318E-02  6.4244E+01  3.3168E+01  3.1076E+01  6.6822E-01
  2.8000E+01  6.4900E+02  0.0000E+00  3.7738E+01  0.0000E+00  6.5801E+01 -8.9783E-02 -6.2529E-01  3.7738E+01  3.1221E+01  6.5169E+00 -2.0992E-01
  2.8000E+01  6.5000E+02  0.0000E+00  9.7220E+00  0.0000E+00  6.1745E+01 -6.2243E-01 -1.2353E+00  9.7220E+00  2.7317E+01 -1.7595E+01 -1.2649E+00
  2.8000E+01  6.5200E+02  0.0000E+00  2.0965E+01  0.0000E+00  5.2969E+01 -1.9802E-01 -8.8585E-01  2.0965E+01  2.0970E+01 -4.6084E-03 -6.9678E-01
  2.8000E+01  6.5600E+02  0.0000E+00  1.0345E+02  0.0000E+00  3.9532E+01  3.1878E+00  2.3706E+00  1.0345E+02  1.2535E+01  9.0915E+01  7.2652E+00
  2.8000E+01  6.7200E+02  0.0000E+00  2.1540E+00  0.0000E+00  1.5431E+01 -1.3708E-01 -1.2615E+00  2.1540E+00  2.2861E+00 -1.3206E-01 -2.0014E+00
  2.9000E+01  0.0000E+00  2.5000E+05  0.0000E+00  1.0000E+00  0.0000E+00  0.0000E+00  0.0000E+00  0.0000E+00  0.0000E+00  0.0000E+00  0.0000E+00
  2.9000E+01  6.4850E+02  0.0000E+00  1.4612E+02  0.0000E+00  7.4391E+01  1.7778E+00  1.4136E+00  1.4612E+02  3.3168E+01  1.1295E+02  2.9641E+00
  2.9000E+01  6.4900E+02  0.0000E+00  2.4291E+01  0.0000E+00  7.7983E+01 -5.3206E-01 -1.0095E+00  2.4291E+01  3.1221E+01 -6.9301E+00 -1.2282E+00
  2.9000E+01  6.5000E+02  0.0000E+00  2.4490E+01  0.0000E+00  7.0477E+01 -4.5444E-01 -9.5668E-01  2.4490E+01  2.7317E+01 -2.8270E+00 -1.1732E+00
  2.9000E+01  6.5200E+02  0.0000E+00  8.2620E+01  0.0000E+00  5.6260E+01  1.1728E+00  6.8694E-01  8.2620E+01  2.0970E+01  6.1650E+01  2.2077E+00
  2.9000E+01  6.5600E+02  0.0000E+00  5.3802E+01  0.0000E+00  3.6880E+01  1.1118E+00  6.7272E-01  5.3802E+01  1.2535E+01  4.1267E+01  2.2261E+00
  2.9000E+01  6.7200E+02  0.0000E+00  1.7604E+01  0.0000E+00  1.1252E+01  1.0106E+00  8.2766E-01  1.7604E+01  2.2861E+00  1.5318E+01  3.2158E+00
  3.0000E+01  0.0000E+00  2.5000E+05  0.0000E+00  1.0000E+00  0.0000E+00  0.0000E+00  0.0000E+00  0.0000E+00  0.0000E+00  0.0000E+00  0.0000E+00
  3.0000E+01  6.4850E+02  0.0000E+00  2.4478E+01  0.0000E+00  5.1153E+01 -4.2000E-01 -7.6456E-01  2.4478E+01  3.3168E+01 -8.6896E+00 -5.6089E-01
  3.0000E+01  6.4900E+02  0.0000E+00  4.3707E+01  0.0000E+00  4.8177E+01  1.8018E-01 -1.3604E-01  4.3707E+01  3.1221E+01  1.2486E+01  1.7706E-01
  3.0000E+01  6.5000E+02  0.0000E+00  2.1750E+01  0.0000E+00  4.0972E+01 -4.4727E-01 -6.8783E-01  2.1750E+01  2.7317E+01 -5.5670E+00 -5.3608E-01
  3.0000E+01  6.5200E+02  0.0000E+00  7.7547E+01  0.0000E+00  2.9756E+01  2.4465E+00  2.3548E+00  7.7547E+01  2.0970E+01  5.6577E+01  2.7968E+00
  3.0000E+01  6.5600E+02  0.0000E+00  1.7104E+01  0.0000E+00  1.6138E+01 -8.0630E-02  8.7806E-02  1.7104E+01  1.2535E+01  4.5691E+00  8.0676E-03
  3.0000E+01  6.7200E+02  0.0000E+00  1.4920E+00  0.0000E+00  2.8182E+00 -9.7807E-01 -6.8994E-01  1.4920E+00  2.2861E+00 -7.9406E-01 -7.6577E-01
  3.1000E+01  0.0000E+00  5.0000E+05  0.0000E+00  1.0000E+00  0.0000E+00  0.0000E+00  0.0000E+00  0.0000E+00  0.0000E+00  0.0000E+00  0.0000E+00
  3.1000E+01  6.4850E+02  0.0000E+00  1.4763E+02  0.0000E+00  1.1145E+02  9.6805E-01  4.7595E-01  1.4763E+02  4.5315E+01  1.0231E+02  1.6423E+00
  3.1000E+01  6.4900E+02  0.0000E+00  6.0196E+01  0.0000E+00  1.2348E+02 -1.2797E-01 -7.5138E-01  6.0196E+01  4.2656E+01  1.7540E+01 -5.4275E-01
  3.1000E+01  6.5000E+02  0.0000E+00  4.5454E+01  0.0000E+00  1.1817E+02 -1.7061E-01 -9.0219E-01  4.5454E+01  3.7322E+01  8.1322E+00 -8.8008E-01
  3.1000E+01  6.5200E+02  0.0000E+00  3.7415E+01  0.0000E+00  1.0182E+02 -1.1589E-01 -9.2737E-01  3.7415E+01  2.8650E+01  8.7653E+00 -1.0323E+00
  3.1000E+01  6.5600E+02  0.0000E+00  2.0174E+02  0.0000E+00  7.6843E+01  3.3245E+00  2.3829E+00  2.0174E+02  1.7126E+01  1.8461E+02  1.0474E+01
  3.1000E+01  6.7200E+02  0.0000E+00  4.0700E+00  0.0000E+00  3.3124E+01 -5.7324E-02 -1.2860E+00  4.0700E+00  3.1233E+00  9.4668E-01 -2.8690E+00
  3.2000E+01  0.0000E+00  5.0000E+05  0.0000E+00  1.0000E+00  0.0000E+00  0.0000E+00  0.0000E+00  0.0000E+00  0.0000E+00  0.0000E+00  0.0000E+00
  3.2000E+01  6.4850E+02  0.0000E+00  2.4420E+01  0.0000E+00  8.0092E+01 -8.3883E-01 -1.0191E+00  2.4420E+01  4.5315E+01 -2.0895E+01 -1.1658E+00
  3.2000E+01  6.4900E+02  0.0000E+00  4.5068E+01  0.0000E+00  8.3772E+01 -4.0783E-01 -6.7738E-01  4.5068E+01  4.2656E+01  2.4123E+00 -6.2943E-01
  3.2000E+01  6.5000E+02  0.0000E+00  1.5002E+02  0.0000E+00  7.7810E+01  1.6740E+00  1.3607E+00  1.5002E+02  3.7322E+01  1.1270E+02  2.6928E+00
  3.2000E+01  6.5200E+02  0.0000E+00  8.7104E+01  0.0000E+00  6.5933E+01  8.2435E-01  4.7078E-01  8.7104E+01  2.8650E+01  5.8454E+01  1.4047E+00
  3.2000E+01  6.5600E+02  0.0000E+00  6.0706E+01  0.0000E+00  4.8048E+01  7.9208E-01  3.8624E-01  6.0706E+01  1.7126E+01  4.3580E+01  1.5138E+00
  3.2000E+01  6.7200E+02  0.0000E+00  2.8840E+01  0.0000E+00  1.7373E+01  1.2941E+00  9.6767E-01  2.8840E+01  3.1233E+00  2.5717E+01  4.4106E+00
  3.3000E+01  0.0000E+00  5.0000E+05  0.0000E+00  1.0000E+00  0.0000E+00  0.0000E+00  0.0000E+00  0.0000E+00  0.0000E+00  0.0000E+00  0.0000E+00
  3.3000E+01  6.4850E+02  0.0000E+00  9.8501E+01  0.0000E+00  7.7467E+01  4.9120E-01  3.9808E-01  9.8501E+01  4.5315E+01  5.3186E+01  6.0661E-01
  3.3000E+01  6.4900E+02  0.0000E+00  5.3954E+01  0.0000E+00  8.0974E+01 -3.1062E-01 -4.8923E-01  5.3954E+01  4.2656E+01  1.1298E+01 -4.8135E-01
  3.3000E+01  6.5000E+02  0.0000E+00  6.4530E+01  0.0000E+00  7.5470E+01  1.7305E-02 -2.1253E-01  6.4530E+01  3.7322E+01  2.7208E+01 -2.0486E-02
  3.3000E+01  6.5200E+02  0.0000E+00  1.3317E+02  0.0000E+00  6.4438E+01  1.8543E+00  1.5639E+00  1.3317E+02  2.8650E+01  1.0452E+02  3.2265E+00
  3.3000E+01  6.5600E+02  0.0000E+00  3.9382E+01  0.0000E+00  4.7608E+01  1.3302E-01 -2.5334E-01  3.9382E+01  1.7126E+01  2.2256E+01  1.0129E-01
  3.3000E+01  6.7200E+02  0.0000E+00  3.0098E+01  0.0000E+00  1.7720E+01  1.4654E+00  1.0242E+00  3.0098E+01  3.1233E+00  2.6975E+01  4.9296E+00
  3.4000E+01  0.0000E+00  1.2500E+05  0.0000E+00  1.0000E+00  0.0000E+00  0.0000E+00  0.0000E+00  0.0000E+00  0.0000E+00  0.0000E+00  0.0000E+00
  3.4000E+01  6.4850E+02  0.0000E+00  3.5010E+01  0.0000E+00  1.8227E+01  1.1098E+00  1.3499E+00  3.5010E+01  2.6716E+01  8.2942E+00  5.4380E-01
  3.4000E+01  6.4900E+02  0.0000E+00  5.0250E+00  0.0000E+00  1.6580E+01 -1.2870E+00 -1.0218E+00  5.0250E+00  2.5148E+01 -2.0123E+01 -7.0951E-01
  3.4000E+01  6.5000E+02  0.0000E+00  0.0000E+00  1.0000E+00  1.3724E+01  0.0000E+00 -1.4661E+00  0.0000E+00  2.2003E+01  0.0000E+00  0.0000E+00
  3.4000E+01  6.5200E+02  0.0000E+00  6.2690E+00  0.0000E+00  9.4266E+00 -8.7871E-01 -4.9111E-01  6.2690E+00  1.6891E+01 -1.0622E+01 -4.8118E-01
  3.4000E+01  6.5600E+02  0.0000E+00  3.5510E+00  0.0000E+00  4.5145E+00 -8.0022E-01 -3.1290E-01  3.5510E+00  1.0097E+01 -6.5456E+00 -4.3322E-01
  3.4000E+01  6.7200E+02  0.0000E+00  6.0000E-01  0.0000E+00  4.2309E-01  4.6346E-02  6.1306E-01  6.0000E-01  1.8414E+00 -1.2414E+00 -1.3280E-01
  3.5000E+01  0.0000E+00  1.2500E+05  0.0000E+00  1.0000E+00  0.0000E+00  0.0000E+00  0.0000E+00  0.0000E+00  0.0000E+00  0.0000E+00  0.0000E+00
  3.5000E+01  6.4850E+02  0.0000E+00  2.1542E+01  0.0000E+00  1.1584E+01  7.2416E-01  1.2604E+00  2.1542E+01  2.6716E+01 -5.1738E+00  9.8552E-02
  3.5000E+01  6.4900E+02  0.0000E+00  8.6120E+00  0.0000E+00  1.0765E+01 -8.2548E-01 -2.9319E-01  8.6120E+00  2.5148E+01 -1.6536E+01 -4.1613E-01
  3.5000E+01  6.5000E+02  0.0000E+00  6.8900E+00  0.0000E+00  9.2983E+00 -9.0568E-01 -3.7974E-01  6.8900E+00  2.2003E+01 -1.5113E+01 -4.4231E-01
  3.5000E+01  6.5200E+02  0.0000E+00  2.5340E+00  0.0000E+00  6.9469E+00 -1.4510E+00 -9.3134E-01  2.5340E+00  1.6891E+01 -1.4357E+01 -6.1673E-01
  3.5000E+01  6.5600E+02  0.0000E+00  5.9780E+00  0.0000E+00  3.9048E+00  2.4842E-01  7.7840E-01  5.9780E+00  1.0097E+01 -4.1186E+00 -6.6516E-02
  3.5000E+01  6.7200E+02  0.0000E+00  6.0000E-01  0.0000E+00  4.8706E-01 -2.9925E-01  3.3998E-01  6.0000E-01  1.8414E+00 -1.2414E+00 -1.3040E-01
  3.6000E+01  0.0000E+00  1.2500E+05  0.0000E+00  1.0000E+00  0.0000E+00  0.0000E+00  0.0000E+00  0.0000E+00  0.0000E+00  0.0000E+00  0.0000E+00
  3.6000E+01  6.4850E+02  0.0000E+00  3.4776E+01  0.0000E+00  1.7053E+01  1.2392E+00  1.5238E+00  3.4776E+01  2.6716E+01  8.0602E+00  5.6115E-01
  3.6000E+01  6.4900E+02  0.0000E+00  1.3631E+01  0.0000E+00  1.5579E+01 -4.8587E-01 -1.8335E-01  1.3631E+01  2.5148E+01 -1.1517E+01 -2.9249E-01
  3.6000E+01  6.5000E+02  0.0000E+00  4.0710E+00  0.0000E+00  1.3008E+01 -1.3428E+00 -1.0073E+00  4.0710E+00  2.2003E+01 -1.7932E+01 -6.9203E-01
  3.6000E+01  6.5200E+02  0.0000E+00  4.7670E+00  0.0000E+00  9.0893E+00 -1.0911E+00 -6.9721E-01  4.7670E+00  1.6891E+01 -1.2124E+01 -5.5887E-01
  3.6000E+01  6.5600E+02  0.0000E+00  5.2920E+00  0.0000E+00  4.4969E+00 -2.2776E-01  2.5923E-01  5.2920E+00  1.0097E+01 -4.8046E+00 -2.1608E-01
  3.6000E+01  6.7200E+02  0.0000E+00  6.0000E-01  0.0000E+00  4.4097E-01 -1.1314E-01  5.2873E-01  6.0000E-01  1.8414E+00 -1.2414E+00 -1.3803E-01
  3.7000E+01  0.0000E+00  2.5000E+05  0.0000E+00  1.0000E+00  0.0000E+00  0.0000E+00  0.0000E+00  0.0000E+00  0.0000E+00  0.0000E+00  0.0000E+00
  3.7000E+01  6.4850E+02  0.0000E+00  2.8486E+01  0.0000E+00  1.5692E+01  5.6371E-01  1.1954E+00  2.8486E+01  3.3168E+01 -4.6816E+00  9.0840E-02
  3.7000E+01  6.4900E+02  0.0000E+00  1.1131E+01  0.0000E+00  1.4604E+01 -9.7537E-01 -3.4868E-01  1.1131E+01  3.1221E+01 -2.0090E+01 -4.6936E-01
  3.7000E+01  6.5000E+02  0.0000E+00  1.5256E+01  0.0000E+00  1.2653E+01 -3.1487E-01  3.0165E-01  1.5256E+01  2.7317E+01 -1.2061E+01 -2.3082E-01
  3.7000E+01  6.5200E+02  0.0000E+00  1.0727E+01  0.0000E+00  9.5110E+00 -4.0898E-01  1.8746E-01  1.0727E+01  2.0970E+01 -1.0243E+01 -2.6682E-01
  3.7000E+01  6.5600E+02  0.0000E+00  4.5780E+00  0.0000E+00  5.4142E+00 -7.8331E-01 -2.2645E-01  4.5780E+00  1.2535E+01 -7.9569E+00 -3.9158E-01
  3.7000E+01  6.7200E+02  0.0000E+00  1.0060E+00  0.0000E+00  7.1455E-01  6.8345E-02  5.9801E-01  1.0060E+00  2.2861E+00 -1.2801E+00 -6.8509E-02
  3.8000E+01  0.0000E+00  2.5000E+05  0.0000E+00  1.0000E+00  0.0000E+00  0.0000E+00  0.0000E+00  0.0000E+00  0.0000E+00  0.0000E+00  0.0000E+00
  3.8000E+01  6.4850E+02  0.0000E+00  3.0100E+01  0.0000E+00  2.0077E+01  2.1975E-01  7.3196E-01  3.0100E+01  3.3168E+01 -3.0676E+00  3.6806E-02
  3.8000E+01  6.4900E+02  0.0000E+00  2.6832E+01  0.0000E+00  1.8907E+01  1.1097E-01  6.1450E-01  2.6832E+01  3.1221E+01 -4.3891E+00 -1.3239E-02
  3.8000E+01  6.5000E+02  0.0000E+00  1.0962E+01  0.0000E+00  1.6756E+01 -9.9067E-01 -5.0697E-01  1.0962E+01  2.7317E+01 -1.6355E+01 -5.3704E-01
  3.8000E+01  6.5200E+02  0.0000E+00  1.5374E+01  0.0000E+00  1.3180E+01 -2.0462E-01  2.4404E-01  1.5374E+01  2.0970E+01 -5.5956E+00 -1.5342E-01
  3.8000E+01  6.5600E+02  0.0000E+00  1.1924E+01  0.0000E+00  8.2181E+00  2.6304E-01  6.6115E-01  1.1924E+01  1.2535E+01 -6.1085E-01  9.9188E-02
  3.8000E+01  6.7200E+02  0.0000E+00  2.0360E+00  0.0000E+00  1.5079E+00  8.7095E-02  5.1342E-01  2.0360E+00  2.2861E+00 -2.5006E-01  3.7050E-02
  3.9000E+01  0.0000E+00  2.5000E+05  0.0000E+00  1.0000E+00  0.0000E+00  0.0000E+00  0.0000E+00  0.0000E+00  0.0000E+00  0.0000E+00  0.0000E+00
  3.9000E+01  6.4850E+02  0.0000E+00  4.0823E+01  0.0000E+00  2.0527E+01  1.0163E+00  1.4496E+00  4.0823E+01  3.3168E+01  7.6554E+00  4.2835E-01
  3.9000E+01  6.4900E+02  0.0000E+00  1.4413E+01  0.0000E+00  1.9195E+01 -7.9174E-01 -3.6528E-01  1.4413E+01  3.1221E+01 -1.6808E+01 -4.3943E-01
  3.9000E+01  6.5000E+02  0.0000E+00  1.2523E+01  0.0000E+00  1.6779E+01 -7.8235E-01 -3.7189E-01  1.2523E+01  2.7317E+01 -1.4794E+01 -4.3858E-01
  3.9000E+01  6.5200E+02  0.0000E+00  1.5130E+01  0.0000E+00  1.2843E+01 -1.1780E-01  2.6108E-01  1.5130E+01  2.0970E+01 -5.8396E+00 -1.1943E-01
  3.9000E+01  6.5600E+02  0.0000E+00  5.8410E+00  0.0000E+00  7.5922E+00 -6.5964E-01 -3.3818E-01  5.8410E+00  1.2535E+01 -6.6939E+00 -3.7747E-01
  3.9000E+01  6.7200E+02  0.0000E+00  1.7660E+00  0.0000E+00  1.1881E+00  3.7637E-01  7.1318E-01  1.7660E+00  2.2861E+00 -5.2006E-01  9.7923E-02
  4.0000E+01  0.0000E+00  5.0000E+05  0.0000E+00  1.0000E+00  0.0000E+00  0.0000E+00  0.0000E+00  0.0000E+00  0.0000E+00  0.0000E+00  0.0000E+00
  4.0000E+01  6.4850E+02  0.0000E+00  4.5391E+01  0.0000E+00  3.9007E+01  1.3018E-01  2.3995E-01  4.5391E+01  4.5315E+01  7.5903E-02  6.9618E-02
  4.0000E+01  6.4900E+02  0.0000E+00  3.4480E+01  0.0000E+00  3.7467E+01 -2.0653E-01 -1.1688E-01  3.4480E+01  4.2656E+01 -8.1757E+00 -1.5601E-01
  4.0000E+01  6.5000E+02  0.0000E+00  1.3880E+01  0.0000E+00  3.3991E+01 -9.2457E-01 -8.6746E-01  1.3880E+01  3.7322E+01 -2.3442E+01 -6.7231E-01
  4.0000E+01  6.5200E+02  0.0000E+00  2.0645E+01  0.0000E+00  2.8022E+01 -3.8289E-01 -3.8598E-01  2.0645E+01  2.8650E+01 -8.0047E+00 -3.0699E-01
  4.0000E+01  6.5600E+02  0.0000E+00  4.6133E+01  0.0000E+00  1.9205E+01  2.1631E+00  2.0558E+00  4.6133E+01  1.7126E+01  2.9007E+01  1.8852E+00
  4.0000E+01  6.7200E+02  0.0000E+00  9.7100E-01  0.0000E+00  5.0252E+00 -7.6302E-01 -1.1828E+00  9.7100E-01  3.1233E+00 -2.1523E+00 -8.3616E-01
  4.1000E+01  0.0000E+00  5.0000E+05  0.0000E+00  1.0000E+00  0.0000E+00  0.0000E+00  0.0000E+00  0.0000E+00  0.0000E+00  0.0000E+00  0.0000E+00
  4.1000E+01  6.4850E+02  0.0000E+00  6.4231E+01  0.0000E+00  3.9111E+01  8.0936E-01  9.4169E-01  6.4231E+01  4.5315E+01  1.8916E+01  5.2978E-01
  4.1000E+01  6.4900E+02  0.0000E+00  2.8485E+01  0.0000E+00  3.6362E+01 -4.6702E-01 -3.1760E-01  2.8485E+01  4.2656E+01 -1.4171E+01 -3.2392E-01
  4.1000E+01  6.5000E+02  0.0000E+00  9.4640E+00  0.0000E+00  3.1323E+01 -1.2008E+00 -1.0232E+00  9.4640E+00  3.7322E+01 -2.7858E+01 -8.0448E-01
  4.1000E+01  6.5200E+02  0.0000E+00  3.0919E+01  0.0000E+00  2.3305E+01  2.4186E-01  4.7902E-01  3.0919E+01  2.8650E+01  2.2693E+00  1.4456E-01
  4.1000E+01  6.5600E+02  0.0000E+00  2.5956E+01  0.0000E+00  1.3084E+01  1.0871E+00  1.4424E+00  2.5956E+01  1.7126E+01  8.8303E+00  6.3932E-01
  4.1000E+01  6.7200E+02  0.0000E+00  6.0000E-01  0.0000E+00  1.9396E+00 -1.3397E+00 -1.0126E+00  6.0000E-01  3.1233E+00 -2.5233E+00 -6.4222E-01
  4.2000E+01  0.0000E+00  5.0000E+05  0.0000E+00  1.0000E+00  0.0000E+00  0.0000E+00  0.0000E+00  0.0000E+00  0.0000E+00  0.0000E+00  0.0000E+00
  4.2000E+01  6.4850E+02  0.0000E+00  4.0872E+01  0.0000E+00  2.8372E+01  3.0735E-01  6.4598E-01  4.0872E+01  4.5315E+01 -4.4431E+00  8.1214E-02
  4.2000E+01  6.4900E+02  0.0000E+00  1.4567E+01  0.0000E+00  2.6333E+01 -1.0039E+00 -6.5511E-01  1.4567E+01  4.2656E+01 -2.8089E+01 -5.4988E-01
  4.2000E+01  6.5000E+02  0.0000E+00  3.1051E+01  0.0000E+00  2.2685E+01  1.7167E-01  5.4067E-01  3.1051E+01  3.7322E+01 -6.2708E+00  1.3079E-02
  4.2000E+01  6.5200E+02  0.0000E+00  1.0596E+01  0.0000E+00  1.6868E+01 -9.6020E-01 -5.4515E-01  1.0596E+01  2.8650E+01 -1.8054E+01 -5.1760E-01
  4.2000E+01  6.5600E+02  0.0000E+00  1.9287E+01  0.0000E+00  9.4224E+00  1.0182E+00  1.5349E+00  1.9287E+01  1.7126E+01  2.1613E+00  3.6928E-01
  4.2000E+01  6.7200E+02  0.0000E+00  6.0000E-01  0.0000E+00  1.2548E+00 -1.2508E+00 -7.6509E-01  6.0000E-01  3.1233E+00 -2.5233E+00 -4.4846E-01
  4.3000E+01  0.0000E+00  3.0000E+05  0.0000E+00  1.0000E+00  0.0000E+00  0.0000E+00  0.0000E+00  0.0000E+00  0.0000E+00  0.0000E+00  0.0000E+00
  4.3000E+01  0.0000E+00  0.0000E+00  0.0000E+00  0.0000E+00  0.0000E+00  0.0000E+00  0.0000E+00  0.0000E+00  0.0000E+00  0.0000E+00  0.0000E+00
  4.3000E+01  5.0000E-01  0.0000E+00  1.3907E+02  0.0000E+00  6.5443E+01  1.8883E+00  1.6495E+00  1.3907E+02  3.3273E+01  1.0580E+02  2.8010E+00
  4.3000E+01  1.0000E+00  0.0000E+00  5.9990E+01  0.0000E+00  6.3027E+01  1.8281E-01 -7.0643E-02  5.9990E+01  3.1272E+01  2.8718E+01  2.1935E-01
  4.3000E+01  2.0000E+00  0.0000E+00  3.9920E+01  0.0000E+00  5.3147E+01 -1.5577E-01 -3.6489E-01  3.9920E+01  2.7244E+01  1.2676E+01 -3.0213E-01
  4.3000E+01  4.0000E+00  0.0000E+00  2.2690E+01  0.0000E+00  3.7713E+01 -4.5239E-01 -5.8405E-01  2.2690E+01  2.0703E+01  1.9872E+00 -7.3563E-01
  4.3000E+01  8.0000E+00  0.0000E+00  3.2950E+01  0.0000E+00  1.9316E+01  1.0572E+00  1.0348E+00  3.2950E+01  1.2036E+01  2.0914E+01  1.2657E+00
  4.4000E+01  0.0000E+00  3.0000E+05  0.0000E+00  1.0000E+00  0.0000E+00  0.0000E+00  0.0000E+00  0.0000E+00  0.0000E+00  0.0000E+00  0.0000E+00
  4.4000E+01  0.0000E+00  0.0000E+00  0.0000E+00  0.0000E+00  0.0000E+00  0.0000E+00  0.0000E+00  0.0000E+00  0.0000E+00  0.0000E+00  0.0000E+00
  4.4000E+01  5.0000E-01  0.0000E+00  7.3190E+01  0.0000E+00  3.9139E+01  1.2006E+00  1.2755E+00  7.3190E+01  3.3273E+01  3.9917E+01  1.1220E+00
  4.4000E+01  1.0000E+00  0.0000E+00  3.4490E+01  0.0000E+00  3.7499E+01 -1.7533E-01 -1.1765E-01  3.4490E+01  3.1272E+01  3.2176E+00 -1.2911E-01
  4.4000E+01  2.0000E+00  0.0000E+00  3.0340E+01  0.0000E+00  3.3047E+01 -1.6396E-01 -1.2009E-01  3.0340E+01  2.7244E+01  3.0957E+00 -1.2527E-01
  4.4000E+01  4.0000E+00  0.0000E+00  1.1700E+01  0.0000E+00  2.5681E+01 -8.1432E-01 -7.9818E-01  1.1700E+01  2.0703E+01 -9.0028E+00 -7.8513E-01
  4.4000E+01  8.0000E+00  0.0000E+00  2.7960E+01  0.0000E+00  1.5625E+01  1.1946E+00  1.1574E+00  2.7960E+01  1.2036E+01  1.5924E+01  1.2675E+00
  4.5000E+01  0.0000E+00  3.0000E+05  0.0000E+00  1.0000E+00  0.0000E+00  0.0000E+00  0.0000E+00  0.0000E+00  0.0000E+00  0.0000E+00  0.0000E+00
  4.5000E+01  0.0000E+00  0.0000E+00  0.0000E+00  0.0000E+00  0.0000E+00  0.0000E+00  0.0000E+00  0.0000E+00  0.0000E+00  0.0000E+00  0.0000E+00
  4.5000E+01  5.0000E-01  0.0000E+00  4.8070E+01  0.0000E+00  3.0591E+01  5.0102E-01  8.3770E-01  4.8070E+01  3.3273E+01  1.4797E+01  3.8799E-01
  4.5000E+01  1.0000E+00  0.0000E+00  4.1740E+01  0.0000E+00  2.8472E+01  3.3466E-01  6.8323E-01  4.1740E+01  3.1272E+01  1.0468E+01  2.6185E-01
  4.5000E+01  2.0000E+00  0.0000E+00  2.8020E+01  0.0000E+00  2.4520E+01 -1.4926E-01  2.0931E-01  2.8020E+01  2.7244E+01  7.7571E-01 -8.3682E-02
  4.5000E+01  4.0000E+00  0.0000E+00  1.6530E+01  0.0000E+00  1.8207E+01 -5.0808E-01 -1.3505E-01  1.6530E+01  2.0703E+01 -4.1728E+00 -3.4799E-01
  4.5000E+01  8.0000E+00  0.0000E+00  1.3990E+01  0.0000E+00  1.0107E+01  1.7691E-01  5.6325E-01  1.3990E+01  1.2036E+01  1.9537E+00  1.0694E-01
  4.6000E+01  0.0000E+00  8.0000E+05  0.0000E+00  1.0000E+00  0.0000E+00  0.0000E+00  0.0000E+00  0.0000E+00  0.0000E+00  0.0000E+00  0.0000E+00
  4.6000E+01  0.0000E+00  0.0000E+00  0.0000E+00  0.0000E+00  0.0000E+00  0.0000E+00  0.0000E+00  0.0000E+00  0.0000E+00  0.0000E+00  0.0000E+00
  4.6000E+01  5.0000E-01  0.0000E+00  7.8270E+01  0.0000E+00  6.6366E+01  1.0710E-01  2.6298E-01  7.8270E+01  5.5724E+01  2.2546E+01  1.6901E-01
  4.6000E+01  1.0000E+00  0.0000E+00  7.9700E+01  0.0000E+00  6.7898E+01  2.1453E-01  2.5485E-01  7.9700E+01  5.2375E+01  2.7325E+01  2.7523E-01
  4.6000E+01  2.0000E+00  0.0000E+00  4.3450E+01  0.0000E+00  6.2440E+01 -4.2793E-01 -4.4590E-01  4.3450E+01  4.5628E+01 -2.1784E+00 -4.0927E-01
  4.6000E+01  4.0000E+00  0.0000E+00  4.6070E+01  0.0000E+00  5.2366E+01 -7.0594E-02 -1.7627E-01  4.6070E+01  3.4673E+01  1.1397E+01 -5.6486E-02
  4.6000E+01  8.0000E+00  0.0000E+00  8.2900E+01  0.0000E+00  3.7050E+01  2.0835E+00  1.8144E+00  8.2900E+01  2.0158E+01  6.2742E+01  3.0413E+00
  4.7000E+01  0.0000E+00  8.0000E+05  0.0000E+00  1.0000E+00  0.0000E+00  0.0000E+00  0.0000E+00  0.0000E+00  0.0000E+00  0.0000E+00  0.0000E+00
  4.7000E+01  0.0000E+00  0.0000E+00  0.0000E+00  0.0000E+00  0.0000E+00  0.0000E+00  0.0000E+00  0.0000E+00  0.0000E+00  0.0000E+00  0.0000E+00
  4.7000E+01  5.0000E-01  0.0000E+00  5.4280E+01  0.0000E+00  5.1856E+01 -7.9317E-02  6.8525E-02  5.4280E+01  5.5724E+01 -1.4444E+00 -6.2296E-02
  4.7000E+01  1.0000E+00  0.0000E+00  1.3120E+01  0.0000E+00  4.9589E+01 -1.2153E+00 -1.0782E+00  1.3120E+01  5.2375E+01 -3.9255E+01 -8.8970E-01
  4.7000E+01  2.0000E+00  0.0000E+00  6.8020E+01  0.0000E+00  4.4292E+01  6.6479E-01  7.8543E-01  6.8020E+01  4.5628E+01  2.2392E+01  5.0730E-01
  4.7000E+01  4.0000E+00  0.0000E+00  5.8220E+01  0.0000E+00  3.5364E+01  8.5478E-01  9.4755E-01  5.8220E+01  3.4673E+01  2.3547E+01  7.0681E-01
  4.7000E+01  8.0000E+00  0.0000E+00  3.2920E+01  0.0000E+00  2.2666E+01  6.0720E-01  6.6331E-01  3.2920E+01  2.0158E+01  1.2762E+01  5.7434E-01
  4.8000E+01  0.0000E+00  8.0000E+05  0.0000E+00  1.0000E+00  0.0000E+00  0.0000E+00  0.0000E+00  0.0000E+00  0.0000E+00  0.0000E+00  0.0000E+00
  4.8000E+01  0.0000E+00  0.0000E+00  0.0000E+00  0.0000E+00  0.0000E+00  0.0000E+00  0.0000E+00  0.0000E+00  0.0000E+00  0.0000E+00  0.0000E+00
  4.8000E+01  5.0000E-01  0.0000E+00  3.6880E+01  0.0000E+00  4.9140E+01 -6.5142E-01 -3.6580E-01  3.6880E+01  5.5724E+01 -1.8844E+01 -4.3515E-01
  4.8000E+01  1.0000E+00  0.0000E+00  7.5550E+01  0.0000E+00  4.5832E+01  6.5346E-01  9.5066E-01  7.5550E+01  5.2375E+01  2.3175E+01  4.4672E-01
  4.8000E+01  2.0000E+00  0.0000E+00  4.8520E+01  0.0000E+00  3.9654E+01  1.8758E-02  3.2783E-01  4.8520E+01  4.5628E+01  2.8916E+00  1.6811E-02
  4.8000E+01  4.0000E+00  0.0000E+00  4.8470E+01  0.0000E+00  2.9718E+01  5.9467E-01  9.2517E-01  4.8470E+01  3.4673E+01  1.3797E+01  4.0967E-01
  4.8000E+01  8.0000E+00  0.0000E+00  1.6480E+01  0.0000E+00  1.6796E+01 -3.9070E-01 -2.7573E-02  1.6480E+01  2.0158E+01 -3.6782E+00 -2.7070E-01
  4.9000E+01  0.0000E+00  1.5000E+06  0.0000E+00  1.0000E+00  0.0000E+00  0.0000E+00  0.0000E+00  0.0000E+00  0.0000E+00  0.0000E+00  0.0000E+00
  4.9000E+01  0.0000E+00  0.0000E+00  0.0000E+00  0.0000E+00  0.0000E+00  0.0000E+00  0.0000E+00  0.0000E+00  0.0000E+00  0.0000E+00  0.0000E+00
  4.9000E+01  5.0000E-01  0.0000E+00  8.4140E+01  0.0000E+00  4.9526E+01  4.4900E-01  1.0247E+00  8.4140E+01  8.6867E+01 -2.7274E+00  1.2569E-01
  4.9000E+01  1.0000E+00  0.0000E+00  5.6530E+01  0.0000E+00  4.6290E+01 -2.4601E-01  3.2434E-01  5.6530E+01  8.1645E+01 -2.5115E+01 -1.8037E-01
  4.9000E+01  2.0000E+00  0.0000E+00  3.9120E+01  0.0000E+00  4.0428E+01 -6.0561E-01 -4.7432E-02  3.9120E+01  7.1129E+01 -3.2009E+01 -3.4146E-01
  4.9000E+01  4.0000E+00  0.0000E+00  3.1620E+01  0.0000E+00  3.0860E+01 -4.9989E-01  3.6117E-02  3.1620E+01  5.4050E+01 -2.2430E+01 -2.9971E-01
  4.9000E+01  8.0000E+00  0.0000E+00  2.3630E+01  0.0000E+00  1.8050E+01 -4.7324E-02  4.5323E-01  2.3630E+01  3.1424E+01 -7.7941E+00 -9.4871E-02
  5.0000E+01  0.0000E+00  1.5000E+06  0.0000E+00  1.0000E+00  0.0000E+00  0.0000E+00  0.0000E+00  0.0000E+00  0.0000E+00  0.0000E+00  0.0000E+00
  5.0000E+01  0.0000E+00  0.0000E+00  0.0000E+00  0.0000E+00  0.0000E+00  0.0000E+00  0.0000E+00  0.0000E+00  0.0000E+00  0.0000E+00  0.0000E+00
  5.0000E+01  5.0000E-01  0.0000E+00  1.3535E+02  0.0000E+00  1.1346E+02  2.0377E-01  2.8288E-01  1.3535E+02  8.6867E+01  4.8483E+01  2.5529E-01
  5.0000E+01  1.0000E+00  0.0000E+00  1.8297E+02  0.0000E+00  1.1338E+02  8.9466E-01  8.9983E-01  1.8297E+02  8.1645E+01  1.0132E+02  1.0055E+00
  5.0000E+01  2.0000E+00  0.0000E+00  5.5430E+01  0.0000E+00  1.0219E+02 -6.4067E-01 -6.7084E-01  5.5430E+01  7.1129E+01 -1.5699E+01 -6.8271E-01
  5.0000E+01  4.0000E+00  0.0000E+00  7.1500E+01  0.0000E+00  8.2638E+01 -1.1032E-01 -1.9760E-01  7.1500E+01  5.4050E+01  1.7450E+01 -1.1177E-01
  5.0000E+01  8.0000E+00  0.0000E+00  1.0810E+02  0.0000E+00  5.4447E+01  1.6390E+00  1.4447E+00  1.0810E+02  3.1424E+01  7.6676E+01  2.2757E+00
  5.1000E+01  0.0000E+00  1.5000E+06  0.0000E+00  1.0000E+00  0.0000E+00  0.0000E+00  0.0000E+00  0.0000E+00  0.0000E+00  0.0000E+00  0.0000E+00
  5.1000E+01  0.0000E+00  0.0000E+00  0.0000E+00  0.0000E+00  0.0000E+00  0.0000E+00  0.0000E+00  0.0000E+00  0.0000E+00  0.0000E+00  0.0000E+00
  5.1000E+01  5.0000E-01  0.0000E+00  6.1340E+01  0.0000E+00  7.1745E+01 -4.9840E-01 -2.1263E-01  6.1340E+01  8.6867E+01 -2.5527E+01 -3.2799E-01
  5.1000E+01  2.0000E+00  0.0000E+00  6.0580E+01  0.0000E+00  6.3856E+01 -2.8321E-01 -7.5220E-02  6.0580E+01  7.1129E+01 -1.0549E+01 -1.9399E-01
  5.1000E+01  4.0000E+00  0.0000E+00  5.8890E+01  0.0000E+00  5.3414E+01  2.2142E-02  1.5032E-01  5.8890E+01  5.4050E+01  4.8396E+00  3.5218E-02
  5.1000E+01  8.0000E+00  0.0000E+00  7.5560E+01  0.0000E+00  3.7521E+01  1.4995E+00  1.4864E+00  7.5560E+01  3.1424E+01  4.4136E+01  1.4708E+00
  5.2000E+01  0.0000E+00  3.0000E+05  0.0000E+00  1.0000E+00  0.0000E+00  0.0000E+00  0.0000E+00  0.0000E+00  0.0000E+00  0.0000E+00  0.0000E+00
  5.2000E+01  0.0000E+00  0.0000E+00  0.0000E+00  0.0000E+00  0.0000E+00  0.0000E+00  0.0000E+00  0.0000E+00  0.0000E+00  0.0000E+00  0.0000E+00
  5.2000E+01  5.0000E-01  0.0000E+00  4.9570E+01  0.0000E+00  1.5879E+02  1.1307E-01 -1.0085E+00  4.9570E+01  3.3273E+01  1.6297E+01 -9.1283E-01
  5.2000E+01  1.0000E+00  0.0000E+00  1.3940E+01  0.0000E+00  1.6671E+02 -6.1295E-02 -1.3436E+00  1.3940E+01  3.1272E+01 -1.7332E+01 -2.1267E+00
  5.2000E+01  2.0000E+00  0.0000E+00  3.3956E+02  0.0000E+00  1.3178E+02  3.4551E+00  2.3117E+00  3.3956E+02  2.7244E+01  3.1232E+02  1.1647E+01
  5.2000E+01  4.0000E+00  0.0000E+00  1.5160E+01  0.0000E+00  7.6706E+01 -4.4511E-01 -1.1764E+00  1.5160E+01  2.0703E+01 -5.5428E+00 -1.8378E+00
  5.2000E+01  8.0000E+00  0.0000E+00  2.4800E+00  0.0000E+00  2.8030E+01 -9.7349E-01 -1.3364E+00  2.4800E+00  1.2036E+01 -9.5563E+00 -2.2408E+00
  5.3000E+01  0.0000E+00  3.0000E+05  0.0000E+00  1.0000E+00  0.0000E+00  0.0000E+00  0.0000E+00  0.0000E+00  0.0000E+00  0.0000E+00  0.0000E+00
  5.3000E+01  0.0000E+00  0.0000E+00  0.0000E+00  0.0000E+00  0.0000E+00  0.0000E+00  0.0000E+00  0.0000E+00  0.0000E+00  0.0000E+00  0.0000E+00
  5.3000E+01  5.0000E-01  0.0000E+00  2.7510E+01  0.0000E+00  2.1928E+01 -7.5297E-02  3.7326E-01  2.7510E+01  3.3273E+01 -5.7625E+00 -8.6865E-02
  5.3000E+01  1.0000E+00  0.0000E+00  2.4070E+01  0.0000E+00  2.0627E+01 -1.9536E-01  2.4476E-01  2.4070E+01  3.1272E+01 -7.2024E+00 -1.4745E-01
  5.3000E+01  2.0000E+00  0.0000E+00  3.0780E+01  0.0000E+00  1.8215E+01  5.9270E-01  1.0114E+00  3.0780E+01  2.7244E+01  3.5357E+00  2.6679E-01
  5.3000E+01  4.0000E+00  0.0000E+00  6.7200E+00  0.0000E+00  1.4216E+01 -1.1513E+00 -7.7309E-01  6.7200E+00  2.0703E+01 -1.3983E+01 -6.7048E-01
  5.3000E+01  8.0000E+00  0.0000E+00  1.2390E+01  0.0000E+00  8.6947E+00  3.1581E-01  6.2312E-01  1.2390E+01  1.2036E+01  3.5374E-01  1.5875E-01
  5.4000E+01  0.0000E+00  3.0000E+05  0.0000E+00  1.0000E+00  0.0000E+00  0.0000E+00  0.0000E+00  0.0000E+00  0.0000E+00  0.0000E+00  0.0000E+00
  5.4000E+01  0.0000E+00  0.0000E+00  0.0000E+00  0.0000E+00  0.0000E+00  0.0000E+00  0.0000E+00  0.0000E+00  0.0000E+00  0.0000E+00  0.0000E+00
  5.4000E+01  5.0000E-01  0.0000E+00  1.0359E+02  0.0000E+00  4.7815E+01  1.8406E+00  1.7102E+00  1.0359E+02  3.3273E+01  7.0317E+01  2.1218E+00
  5.4000E+01  1.0000E+00  0.0000E+00  3.2890E+01  0.0000E+00  4.2250E+01 -2.8529E-01 -3.2480E-01  3.2890E+01  3.1272E+01  1.6176E+00 -2.1029E-01
  5.4000E+01  2.0000E+00  0.0000E+00  1.9000E+01  0.0000E+00  3.2825E+01 -7.3153E-01 -6.1750E-01  1.9000E+01  2.7244E+01 -8.2443E+00 -6.0557E-01
  5.4000E+01  4.0000E+00  0.0000E+00  1.3240E+01  0.0000E+00  1.9869E+01 -8.4900E-01 -4.8915E-01  1.3240E+01  2.0703E+01 -7.4628E+00 -6.4429E-01
  5.4000E+01  8.0000E+00  0.0000E+00  9.3200E+00  0.0000E+00  7.4223E+00 -2.9582E-01  3.7487E-01  9.3200E+00  1.2036E+01 -2.7163E+00 -3.6493E-01
  5.5000E+01  0.0000E+00  8.0000E+05  0.0000E+00  1.0000E+00  0.0000E+00  0.0000E+00  0.0000E+00  0.0000E+00  0.0000E+00  0.0000E+00  0.0000E+00
  5.5000E+01  0.0000E+00  0.0000E+00  0.0000E+00  0.0000E+00  0.0000E+00  0.0000E+00  0.0000E+00  0.0000E+00  0.0000E+00  0.0000E+00  0.0000E+00
  5.5000E+01  5.0000E-01  0.0000E+00  3.1770E+01  0.0000E+00  4.8450E+01 -7.5993E-01 -5.0476E-01  3.1770E+01  5.5724E+01 -2.3954E+01 -4.9325E-01
  5.5000E+01  1.0000E+00  0.0000E+00  8.0990E+01  0.0000E+00  4.4392E+01  9.2483E-01  1.2088E+00  8.0990E+01  5.2375E+01  2.8615E+01  6.1430E-01
  5.5000E+01  2.0000E+00  0.0000E+00  5.5610E+01  0.0000E+00  3.7215E+01  3.9173E-01  7.2473E-01  5.5610E+01  4.5628E+01  9.9816E+00  2.5214E-01
  5.5000E+01  4.0000E+00  0.0000E+00  2.5940E+01  0.0000E+00  2.6189E+01 -4.3433E-01 -1.3914E-02  2.5940E+01  3.4673E+01 -8.7327E+00 -2.8334E-01
  5.5000E+01  8.0000E+00  0.0000E+00  1.3110E+01  0.0000E+00  1.3068E+01 -5.4638E-01  4.7602E-03  1.3110E+01  2.0158E+01 -7.0482E+00 -3.6797E-01
  5.6000E+01  0.0000E+00  8.0000E+05  0.0000E+00  1.0000E+00  0.0000E+00  0.0000E+00  0.0000E+00  0.0000E+00  0.0000E+00  0.0000E+00  0.0000E+00
  5.6000E+01  0.0000E+00  0.0000E+00  0.0000E+00  0.0000E+00  0.0000E+00  0.0000E+00  0.0000E+00  0.0000E+00  0.0000E+00  0.0000E+00  0.0000E+00
  5.6000E+01  5.0000E-01  0.0000E+00  4.6710E+01  0.0000E+00  3.8044E+01 -9.7480E-02  3.3399E-01  4.6710E+01  5.5724E+01 -9.0144E+00 -5.9136E-02
  5.6000E+01  1.0000E+00  0.0000E+00  4.6190E+01  0.0000E+00  3.4615E+01  3.8717E-02  4.9025E-01  4.6190E+01  5.2375E+01 -6.1846E+00  8.4378E-04
  5.6000E+01  2.0000E+00  0.0000E+00  5.1680E+01  0.0000E+00  2.8660E+01  6.9403E-01  1.1776E+00  5.1680E+01  4.5628E+01  6.0516E+00  3.0254E-01
  5.6000E+01  4.0000E+00  0.0000E+00  1.1530E+01  0.0000E+00  1.9669E+01 -1.1228E+00 -6.0667E-01  1.1530E+01  3.4673E+01 -2.3143E+01 -6.0065E-01
  5.6000E+01  8.0000E+00  0.0000E+00  1.9600E+00  0.0000E+00  9.3232E+00 -1.6096E+00 -1.1579E+00  1.9600E+00  2.0158E+01 -1.8198E+01 -8.1168E-01
  5.7000E+01  0.0000E+00  8.0000E+05  0.0000E+00  1.0000E+00  0.0000E+00  0.0000E+00  0.0000E+00  0.0000E+00  0.0000E+00  0.0000E+00  0.0000E+00
  5.7000E+01  0.0000E+00  0.0000E+00  0.0000E+00  0.0000E+00  0.0000E+00  0.0000E+00  0.0000E+00  0.0000E+00  0.0000E+00  0.0000E+00  0.0000E+00
  5.7000E+01  5.0000E-01  0.0000E+00  4.0780E+01  0.0000E+00  2.7976E+01 -8.5567E-03  6.7103E-01  4.0780E+01  5.5724E+01 -1.4944E+01 -9.3208E-02
  5.7000E+01  2.0000E+00  0.0000E+00  3.0770E+01  0.0000E+00  2.1431E+01 -6.5216E-02  6.3892E-01  3.0770E+01  4.5628E+01 -1.4858E+01 -1.3508E-01
  5.7000E+01  4.0000E+00  0.0000E+00  1.5530E+01  0.0000E+00  1.5035E+01 -6.6820E-01  4.8311E-02  1.5530E+01  3.4673E+01 -1.9143E+01 -3.7785E-01
  5.7000E+01  8.0000E+00  0.0000E+00  2.6800E+00  0.0000E+00  7.4324E+00 -1.6036E+00 -9.3748E-01  2.6800E+00  2.0158E+01 -1.7478E+01 -7.0162E-01
  5.8000E+01  0.0000E+00  1.5000E+06  0.0000E+00  1.0000E+00  0.0000E+00  0.0000E+00  0.0000E+00  0.0000E+00  0.0000E+00  0.0000E+00  0.0000E+00
  5.8000E+01  0.0000E+00  0.0000E+00  0.0000E+00  0.0000E+00  0.0000E+00  0.0000E+00  0.0000E+00  0.0000E+00  0.0000E+00  0.0000E+00  0.0000E+00
  5.8000E+01  5.0000E-01  0.0000E+00  3.6030E+01  0.0000E+00  5.7526E+01 -9.4979E-01 -5.4786E-01  3.6030E+01  8.6867E+01 -5.0837E+01 -5.4104E-01
  5.8000E+01  1.0000E+00  0.0000E+00  8.2800E+01  0.0000E+00  5.4330E+01  3.7539E-01  7.6831E-01  8.2800E+01  8.1645E+01  1.1546E+00  1.3968E-01
  5.8000E+01  2.0000E+00  0.0000E+00  7.7570E+01  0.0000E+00  4.8313E+01  5.1745E-01  8.8785E-01  7.7570E+01  7.1129E+01  6.4411E+00  2.2857E-01
  5.8000E+01  4.0000E+00  0.0000E+00  2.7970E+01  0.0000E+00  3.8235E+01 -7.2372E-01 -3.9363E-01  2.7970E+01  5.4050E+01 -2.6080E+01 -4.4631E-01
  5.8000E+01  8.0000E+00  0.0000E+00  3.5900E+01  0.0000E+00  2.4042E+01  4.5532E-01  7.2318E-01  3.5900E+01  3.1424E+01  4.4759E+00  2.6528E-01
  5.9000E+01  0.0000E+00  1.5000E+06  0.0000E+00  1.0000E+00  0.0000E+00  0.0000E+00  0.0000E+00  0.0000E+00  0.0000E+00  0.0000E+00  0.0000E+00
  5.9000E+01  0.0000E+00  0.0000E+00  0.0000E+00  0.0000E+00  0.0000E+00  0.0000E+00  0.0000E+00  0.0000E+00  0.0000E+00  0.0000E+00  0.0000E+00
  5.9000E+01  5.0000E-01  0.0000E+00  4.2590E+01  0.0000E+00  2.2661E+02 -3.4018E-01 -1.1906E+00  4.2590E+01  8.6867E+01 -4.4277E+01 -9.8284E-01
  5.9000E+01  1.0000E+00  0.0000E+00  4.7080E+01  0.0000E+00  2.1734E+02 -2.5863E-01 -1.1485E+00  4.7080E+01  8.1645E+01 -3.4565E+01 -8.8950E-01
  5.9000E+01  2.0000E+00  0.0000E+00  4.2174E+02  0.0000E+00  1.7611E+02  2.8254E+00  2.0449E+00  4.2174E+02  7.1129E+01  3.5061E+02  5.2532E+00
  5.9000E+01  4.0000E+00  0.0000E+00  1.5740E+01  0.0000E+00  1.1510E+02 -6.8456E-01 -1.2656E+00  1.5740E+01  5.4050E+01 -3.8310E+01 -1.2255E+00
  5.9000E+01  8.0000E+00  0.0000E+00  1.7100E+00  0.0000E+00  5.0604E+01 -1.0341E+00 -1.4166E+00  1.7100E+00  3.1424E+01 -2.9714E+01 -1.3972E+00
  6.0000E+01  0.0000E+00  1.5000E+06  0.0000E+00  1.0000E+00  0.0000E+00  0.0000E+00  0.0000E+00  0.0000E+00  0.0000E+00  0.0000E+00  0.0000E+00
  6.0000E+01  0.0000E+00  0.0000E+00  0.0000E+00  0.0000E+00  0.0000E+00  0.0000E+00  0.0000E+00  0.0000E+00  0.0000E+00  0.0000E+00  0.0000E+00
  6.0000E+01  5.0000E-01  0.0000E+00  8.6410E+01  0.0000E+00  7.8061E+01  5.0792E-02  1.5681E-01  8.6410E+01  8.6867E+01 -4.5736E-01  5.3637E-02
  6.0000E+01  1.0000E+00  0.0000E+00  4.2610E+01  0.0000E+00  7.0782E+01 -7.2640E-01 -5.8354E-01  4.2610E+01  8.1645E+01 -3.9035E+01 -4.7416E-01
  6.0000E+01  2.0000E+00  0.0000E+00  1.2697E+02  0.0000E+00  5.8154E+01  1.5279E+00  1.7350E+00  1.2697E+02  7.1129E+01  5.5841E+01  9.8029E-01
  6.0000E+01  4.0000E+00  0.0000E+00  1.7930E+01  0.0000E+00  3.9312E+01 -1.1071E+00 -7.9745E-01  1.7930E+01  5.4050E+01 -3.6120E+01 -6.8142E-01
  6.0000E+01  8.0000E+00  0.0000E+00  9.4500E+00  0.0000E+00  1.8124E+01 -1.1072E+00 -7.0171E-01  9.4500E+00  3.1424E+01 -2.1974E+01 -6.6168E-01
  6.1000E+01  0.0000E+00  3.0000E+05  0.0000E+00  1.0000E+00  0.0000E+00  0.0000E+00  0.0000E+00  0.0000E+00  0.0000E+00  0.0000E+00  0.0000E+00
  6.1000E+01  6.4850E+02  0.0000E+00  1.4589E+02  0.0000E+00  7.0444E+01  1.7932E+00  1.5703E+00  1.4589E+02  3.5632E+01  1.1026E+02  2.6892E+00
  6.1000E+01  6.4900E+02  0.0000E+00  7.6000E+01  0.0000E+00  6.8276E+01  4.0284E-01  1.6586E-01  7.6000E+01  3.3541E+01  4.2459E+01  5.7587E-01
  6.1000E+01  6.5000E+02  0.0000E+00  4.3800E+01  0.0000E+00  5.8302E+01 -1.6868E-01 -3.6469E-01  4.3800E+01  2.9346E+01  1.4454E+01 -3.1978E-01
  6.1000E+01  6.5200E+02  0.0000E+00  2.3990E+01  0.0000E+00  4.2563E+01 -5.1678E-01 -6.3977E-01  2.3990E+01  2.2527E+01  1.4625E+00 -8.3468E-01
  6.1000E+01  6.5600E+02  0.0000E+00  3.9490E+01  0.0000E+00  2.3507E+01  1.0161E+00  9.9686E-01  3.9490E+01  1.3466E+01  2.6024E+01  1.3261E+00
  6.2000E+01  0.0000E+00  3.0000E+05  0.0000E+00  1.0000E+00  0.0000E+00  0.0000E+00  0.0000E+00  0.0000E+00  0.0000E+00  0.0000E+00  0.0000E+00
  6.2000E+01  6.4850E+02  0.0000E+00  5.1150E+01  0.0000E+00  2.9305E+01  7.6385E-01  1.0929E+00  5.1150E+01  3.5632E+01  1.5518E+01  4.8736E-01
  6.2000E+01  6.4900E+02  0.0000E+00  3.5010E+01  0.0000E+00  2.7548E+01  6.8781E-02  3.9717E-01  3.5010E+01  3.3541E+01  1.4695E+00  4.0757E-02
  6.2000E+01  6.5000E+02  0.0000E+00  1.9830E+01  0.0000E+00  2.4218E+01 -5.8436E-01 -2.6563E-01  1.9830E+01  2.9346E+01 -9.5165E+00 -3.8072E-01
  6.2000E+01  6.5200E+02  0.0000E+00  1.3470E+01  0.0000E+00  1.8759E+01 -7.1364E-01 -4.1335E-01  1.3470E+01  2.2527E+01 -9.0575E+00 -4.7347E-01
  6.2000E+01  6.5600E+02  0.0000E+00  1.7880E+01  0.0000E+00  1.1382E+01  5.6588E-01  8.3694E-01  1.7880E+01  1.3466E+01  4.4139E+00  3.7518E-01
  6.3000E+01  0.0000E+00  3.0000E+05  0.0000E+00  1.0000E+00  0.0000E+00  0.0000E+00  0.0000E+00  0.0000E+00  0.0000E+00  0.0000E+00  0.0000E+00
  6.3000E+01  6.4850E+02  0.0000E+00  1.4626E+02  0.0000E+00  9.2286E+01  1.2490E+00  8.5750E-01  1.4626E+02  3.5632E+01  1.1063E+02  2.4018E+00
  6.3000E+01  6.4900E+02  0.0000E+00  1.2381E+02  0.0000E+00  7.8440E+01  9.9940E-01  8.4803E-01  1.2381E+02  3.3541E+01  9.0269E+01  1.9089E+00
  6.3000E+01  6.5000E+02  0.0000E+00  9.0630E+01  0.0000E+00  5.5134E+01  7.1245E-01  9.4394E-01  9.0630E+01  2.9346E+01  6.1284E+01  1.2533E+00
  6.3000E+01  6.5200E+02  0.0000E+00  1.6710E+01  0.0000E+00  2.7692E+01 -1.3194E+00 -5.8145E-01  1.6710E+01  2.2527E+01 -5.8175E+00 -1.3958E+00
  6.3000E+01  6.5600E+02  0.0000E+00  7.8900E+00  0.0000E+00  8.0180E+00 -1.0128E+00 -2.3402E-02  7.8900E+00  1.3466E+01 -5.5761E+00 -1.3294E+00
  6.4000E+01  0.0000E+00  8.0000E+05  0.0000E+00  1.0000E+00  0.0000E+00  0.0000E+00  0.0000E+00  0.0000E+00  0.0000E+00  0.0000E+00  0.0000E+00
  6.4000E+01  6.4850E+02  0.0000E+00  1.2051E+02  0.0000E+00  1.1500E+02  2.4908E-01  7.0287E-02  1.2051E+02  5.9675E+01  6.0835E+01  2.9869E-01
  6.4000E+01  6.4900E+02  0.0000E+00  1.8588E+02  0.0000E+00  1.2128E+02  1.0637E+00  7.8095E-01  1.8588E+02  5.6173E+01  1.2971E+02  1.7084E+00
  6.4000E+01  6.5000E+02  0.0000E+00  3.2050E+01  0.0000E+00  1.1242E+02 -7.1110E-01 -1.0481E+00  3.2050E+01  4.9149E+01 -1.7099E+01 -1.3988E+00
  6.4000E+01  6.5200E+02  0.0000E+00  1.0842E+02  0.0000E+00  9.4396E+01  6.0702E-01  2.1782E-01  1.0842E+02  3.7729E+01  7.0691E+01  1.0188E+00
  6.4000E+01  6.5600E+02  0.0000E+00  1.3920E+02  0.0000E+00  6.7728E+01  2.0228E+00  1.5472E+00  1.3920E+02  2.2553E+01  1.1665E+02  4.4548E+00
  6.5000E+01  0.0000E+00  8.0000E+05  0.0000E+00  1.0000E+00  0.0000E+00  0.0000E+00  0.0000E+00  0.0000E+00  0.0000E+00  0.0000E+00  0.0000E+00
  6.5000E+01  6.4850E+02  0.0000E+00  7.7650E+01  0.0000E+00  6.8279E+01  1.2937E-01  2.0121E-01  7.7650E+01  5.9675E+01  1.7975E+01  1.2363E-01
  6.5000E+01  6.4900E+02  0.0000E+00  4.5050E+01  0.0000E+00  6.7747E+01 -5.2037E-01 -4.9119E-01  4.5050E+01  5.6173E+01 -1.1123E+01 -4.7011E-01
  6.5000E+01  6.5000E+02  0.0000E+00  4.5490E+01  0.0000E+00  6.2534E+01 -3.8904E-01 -3.9960E-01  4.5490E+01  4.9149E+01 -3.6591E+00 -3.7142E-01
  6.5000E+01  6.5200E+02  0.0000E+00  8.0010E+01  0.0000E+00  5.3237E+01  8.1810E-01  7.3732E-01  8.0010E+01  3.7729E+01  4.2281E+01  9.2748E-01
  6.5000E+01  6.5600E+02  0.0000E+00  7.9040E+01  0.0000E+00  3.8928E+01  1.7111E+00  1.5107E+00  7.9040E+01  2.2553E+01  5.6487E+01  2.2953E+00
  6.6000E+01  0.0000E+00  8.0000E+05  0.0000E+00  1.0000E+00  0.0000E+00  0.0000E+00  0.0000E+00  0.0000E+00  0.0000E+00  0.0000E+00  0.0000E+00
  6.6000E+01  6.4850E+02  0.0000E+00  1.1616E+02  0.0000E+00  8.1521E+01  5.5579E-01  6.2298E-01  1.1616E+02  5.9675E+01  5.6485E+01  6.4439E-01
  6.6000E+01  6.4900E+02  0.0000E+00  8.3740E+01  0.0000E+00  7.5959E+01  4.9559E-02  1.5018E-01  8.3740E+01  5.6173E+01  2.7567E+01  1.1307E-01
  6.6000E+01  6.5000E+02  0.0000E+00  8.9320E+01  0.0000E+00  6.4349E+01  4.2065E-01  5.6894E-01  8.9320E+01  4.9149E+01  4.0171E+01  4.8714E-01
  6.6000E+01  6.5200E+02  0.0000E+00  8.4270E+01  0.0000E+00  4.6380E+01  9.7502E-01  1.1978E+00  8.4270E+01  3.7729E+01  4.6541E+01  9.8315E-01
  6.6000E+01  6.5600E+02  0.0000E+00  1.4300E+01  0.0000E+00  2.4709E+01 -9.1484E-01 -6.1764E-01  1.4300E+01  2.2553E+01 -8.2528E+00 -8.2822E-01
  6.7000E+01  0.0000E+00  1.5000E+06  0.0000E+00  1.0000E+00  0.0000E+00  0.0000E+00  0.0000E+00  0.0000E+00  0.0000E+00  0.0000E+00  0.0000E+00
  6.7000E+01  6.4850E+02  0.0000E+00  5.2270E+01  0.0000E+00  8.1284E+01 -4.4395E-01 -5.2334E-01  5.2270E+01  9.3026E+01 -4.0756E+01 -3.2482E-01
  6.7000E+01  6.4900E+02  0.0000E+00  5.2440E+01  0.0000E+00  7.9980E+01 -3.7416E-01 -5.0485E-01  5.2440E+01  8.7567E+01 -3.5127E+01 -2.9131E-01
  6.7000E+01  6.5000E+02  0.0000E+00  3.1880E+01  0.0000E+00  7.4729E+01 -6.5480E-01 -8.4068E-01  3.1880E+01  7.6617E+01 -4.4737E+01 -5.2924E-01
  6.7000E+01  6.5200E+02  0.0000E+00  1.6970E+01  0.0000E+00  6.5259E+01 -7.9659E-01 -1.0849E+00  1.6970E+01  5.8814E+01 -4.1844E+01 -7.5060E-01
  6.7000E+01  6.5600E+02  0.0000E+00  1.1908E+02  0.0000E+00  5.0024E+01  2.4955E+00  2.0239E+00  1.1908E+02  3.5157E+01  8.3923E+01  2.6393E+00
  6.8000E+01  0.0000E+00  1.5000E+06  0.0000E+00  1.0000E+00  0.0000E+00  0.0000E+00  0.0000E+00  0.0000E+00  0.0000E+00  0.0000E+00  0.0000E+00
  6.8000E+01  6.4850E+02  0.0000E+00  1.9869E+02  0.0000E+00  1.0616E+02  1.1944E+00  1.2780E+00  1.9869E+02  9.3026E+01  1.0566E+02  1.1010E+00
  6.8000E+01  6.4900E+02  0.0000E+00  9.8040E+01  0.0000E+00  9.8133E+01 -1.1655E-01 -1.3924E-03  9.8040E+01  8.7567E+01  1.0473E+01 -6.2329E-02
  6.8000E+01  6.5000E+02  0.0000E+00  4.2910E+01  0.0000E+00  8.3004E+01 -8.7096E-01 -7.0820E-01  4.2910E+01  7.6617E+01 -3.3707E+01 -7.0580E-01
  6.8000E+01  6.5200E+02  0.0000E+00  9.0750E+01  0.0000E+00  5.9610E+01  5.1827E-01  7.6589E-01  9.0750E+01  5.8814E+01  3.1936E+01  4.3626E-01
  6.8000E+01  6.5600E+02  0.0000E+00  3.6010E+01  0.0000E+00  3.1407E+01 -1.6824E-01  2.1490E-01  3.6010E+01  3.5157E+01  8.5297E-01 -1.4167E-01
  6.9000E+01  0.0000E+00  1.5000E+06  0.0000E+00  1.0000E+00  0.0000E+00  0.0000E+00  0.0000E+00  0.0000E+00  0.0000E+00  0.0000E+00  0.0000E+00
  6.9000E+01  6.4850E+02  0.0000E+00  9.0160E+01  0.0000E+00  1.1650E+02 -2.1350E-01 -3.3144E-01  9.0160E+01  9.3026E+01 -2.8665E+00 -1.9307E-01
  6.9000E+01  6.4900E+02  0.0000E+00  6.9290E+01  0.0000E+00  1.1828E+02 -4.1301E-01 -6.0724E-01  6.9290E+01  8.7567E+01 -1.8277E+01 -4.2455E-01
  6.9000E+01  6.5000E+02  0.0000E+00  1.0651E+02  0.0000E+00  1.1080E+02  1.9477E-01 -5.6705E-02  1.0651E+02  7.6617E+01  2.9893E+01  2.1095E-01
  6.9000E+01  6.5200E+02  0.0000E+00  4.1830E+01  0.0000E+00  9.6718E+01 -4.8776E-01 -8.3204E-01  4.1830E+01  5.8814E+01 -1.6984E+01 -6.9406E-01
  6.9000E+01  6.5600E+02  0.0000E+00  1.7757E+02  0.0000E+00  7.4269E+01  2.5490E+00  2.0393E+00  1.7757E+02  3.5157E+01  1.4241E+02  4.0117E+00
  7.0000E+01  0.0000E+00  3.0000E+05  0.0000E+00  1.0000E+00  0.0000E+00  0.0000E+00  0.0000E+00  0.0000E+00  0.0000E+00  0.0000E+00  0.0000E+00
  7.0000E+01  6.4850E+02  0.0000E+00  4.8230E+01  0.0000E+00  3.0339E+01  5.6334E-01  8.6459E-01  4.8230E+01  3.5632E+01  1.2598E+01  4.3395E-01
  7.0000E+01  6.4900E+02  0.0000E+00  4.4410E+01  0.0000E+00  2.6569E+01  5.8971E-01  9.8448E-01  4.4410E+01  3.3541E+01  1.0869E+01  4.0780E-01
  7.0000E+01  6.5000E+02  0.0000E+00  1.5100E+01  0.0000E+00  2.0391E+01 -9.4250E-01 -3.8043E-01  1.5100E+01  2.9346E+01 -1.4246E+01 -5.0374E-01
  7.0000E+01  6.5200E+02  0.0000E+00  1.2460E+01  0.0000E+00  1.2061E+01 -7.6793E-01  4.8481E-02  1.2460E+01  2.2527E+01 -1.0067E+01 -4.2991E-01
  7.0000E+01  6.5600E+02  0.0000E+00  3.7700E+00  0.0000E+00  4.3468E+00 -1.2278E+00 -1.9455E-01  3.7700E+00  1.3466E+01 -9.6961E+00 -6.5374E-01
  7.1000E+01  0.0000E+00  3.0000E+05  0.0000E+00  1.0000E+00  0.0000E+00  0.0000E+00  0.0000E+00  0.0000E+00  0.0000E+00  0.0000E+00  0.0000E+00
  7.1000E+01  6.4850E+02  0.0000E+00  4.7400E+00  0.0000E+00  6.1361E+01 -8.3334E-01 -1.3529E+00  4.7400E+00  3.5632E+01 -3.0892E+01 -1.1217E+00
  7.1000E+01  6.4900E+02  0.0000E+00  2.5070E+01  0.0000E+00  6.1683E+01 -2.5080E-01 -8.7025E-01  2.5070E+01  3.3541E+01 -8.4705E+00 -4.3665E-01
  7.1000E+01  6.5000E+02  0.0000E+00  2.1560E+01  0.0000E+00  5.5336E+01 -2.5410E-01 -8.9491E-01  2.1560E+01  2.9346E+01 -7.7865E+00 -4.8327E-01
  7.1000E+01  6.5200E+02  0.0000E+00  1.0875E+02  0.0000E+00  4.4309E+01  2.7839E+00  2.1323E+00  1.0875E+02  2.2527E+01  8.6223E+01  4.2192E+00
  7.1000E+01  6.5600E+02  0.0000E+00  7.8300E+00  0.0000E+00  2.9006E+01 -3.9960E-01 -1.0704E+00  7.8300E+00  1.3466E+01 -5.6361E+00 -8.4042E-01
  7.2000E+01  0.0000E+00  3.0000E+05  0.0000E+00  1.0000E+00  0.0000E+00  0.0000E+00  0.0000E+00  0.0000E+00  0.0000E+00  0.0000E+00  0.0000E+00
  7.2000E+01  6.4850E+02  0.0000E+00  4.0010E+01  0.0000E+00  2.9601E+01  1.7785E-01  5.1554E-01  4.0010E+01  3.5632E+01  4.3783E+00  1.1136E-01
  7.2000E+01  6.4900E+02  0.0000E+00  3.8130E+01  0.0000E+00  2.7950E+01  1.9854E-01  5.3397E-01  3.8130E+01  3.3541E+01  4.5895E+00  1.2512E-01
  7.2000E+01  6.5000E+02  0.0000E+00  1.8120E+01  0.0000E+00  2.4748E+01 -7.1471E-01 -3.9268E-01  1.8120E+01  2.9346E+01 -1.1226E+01 -4.7300E-01
  7.2000E+01  6.5200E+02  0.0000E+00  3.1290E+01  0.0000E+00  1.9444E+01  5.9675E-01  8.9326E-01  3.1290E+01  2.2527E+01  8.7625E+00  4.1511E-01
  7.2000E+01  6.5600E+02  0.0000E+00  0.0000E+00  1.0000E+00  1.2130E+01  0.0000E+00 -1.4661E+00  0.0000E+00  1.3466E+01  0.0000E+00  0.0000E+00
  7.3000E+01  0.0000E+00  8.0000E+05  0.0000E+00  1.0000E+00  0.0000E+00  0.0000E+00  0.0000E+00  0.0000E+00  0.0000E+00  0.0000E+00  0.0000E+00
  7.3000E+01  6.4850E+02  0.0000E+00  3.0150E+01  0.0000E+00  1.4386E+02 -3.7904E-01 -1.1589E+00  3.0150E+01  5.9675E+01 -2.9525E+01 -7.7110E-01
  7.3000E+01  6.4900E+02  0.0000E+00  2.0340E+01  0.0000E+00  1.5987E+02 -3.7479E-01 -1.2796E+00  2.0340E+01  5.6173E+01 -3.5833E+01 -1.0087E+00
  7.3000E+01  6.5000E+02  0.0000E+00  2.7190E+01  0.0000E+00  1.5528E+02 -1.7356E-01 -1.2094E+00  2.7190E+01  4.9149E+01 -2.1959E+01 -9.3439E-01
  7.3000E+01  6.5200E+02  0.0000E+00  2.9340E+01  0.0000E+00  1.3724E+02 -1.2045E-02 -1.1527E+00  2.9340E+01  3.7729E+01 -8.3887E+00 -1.0135E+00
  7.3000E+01  6.5600E+02  0.0000E+00  2.7043E+02  0.0000E+00  1.0838E+02  3.5009E+00  2.1920E+00  2.7043E+02  2.2553E+01  2.4788E+02  1.1057E+01
  7.4000E+01  0.0000E+00  8.0000E+05  0.0000E+00  1.0000E+00  0.0000E+00  0.0000E+00  0.0000E+00  0.0000E+00  0.0000E+00  0.0000E+00  0.0000E+00
  7.4000E+01  6.4850E+02  0.0000E+00  4.4480E+01  0.0000E+00  5.0419E+01 -3.3975E-01 -1.7270E-01  4.4480E+01  5.9675E+01 -1.5195E+01 -2.4648E-01
  7.4000E+01  6.4900E+02  0.0000E+00  3.2670E+01  0.0000E+00  4.7991E+01 -6.2550E-01 -4.6807E-01  3.2670E+01  5.6173E+01 -2.3503E+01 -4.3520E-01
  7.4000E+01  6.5000E+02  0.0000E+00  3.5680E+01  0.0000E+00  4.3009E+01 -3.8680E-01 -2.4984E-01  3.5680E+01  4.9149E+01 -1.3469E+01 -2.8157E-01
  7.4000E+01  6.5200E+02  0.0000E+00  7.8190E+01  0.0000E+00  3.4608E+01  1.7459E+00  1.8463E+00  7.8190E+01  3.7729E+01  4.0461E+01  1.2647E+00
  7.4000E+01  6.5600E+02  0.0000E+00  1.9850E+01  0.0000E+00  2.2623E+01 -2.2318E-01 -1.7973E-01  1.9850E+01  2.2553E+01 -2.7028E+00 -1.6673E-01
  7.5000E+01  0.0000E+00  8.0000E+05  0.0000E+00  1.0000E+00  0.0000E+00  0.0000E+00  0.0000E+00  0.0000E+00  0.0000E+00  0.0000E+00  0.0000E+00
  7.5000E+01  6.4850E+02  0.0000E+00  3.7640E+01  0.0000E+00  3.0507E+01 -2.3942E-01  3.4283E-01  3.7640E+01  5.9675E+01 -2.2035E+01 -2.0952E-01
  7.5000E+01  6.4900E+02  0.0000E+00  2.4660E+01  0.0000E+00  2.9109E+01 -7.8582E-01 -2.2407E-01  2.4660E+01  5.6173E+01 -3.1513E+01 -4.2269E-01
  7.5000E+01  6.5000E+02  0.0000E+00  3.5940E+01  0.0000E+00  2.6479E+01  4.3335E-03  5.2383E-01  3.5940E+01  4.9149E+01 -1.3209E+01 -9.1591E-02
  7.5000E+01  6.5200E+02  0.0000E+00  2.2230E+01  0.0000E+00  2.1934E+01 -4.2151E-01  1.9770E-02  2.2230E+01  3.7729E+01 -1.5499E+01 -2.6458E-01
  7.5000E+01  6.5600E+02  0.0000E+00  2.6360E+01  0.0000E+00  1.5123E+01  7.7962E-01  1.0895E+00  2.6360E+01  2.2553E+01  3.8072E+00  3.7665E-01
  7.6000E+01  0.0000E+00  1.5000E+06  0.0000E+00  1.0000E+00  0.0000E+00  0.0000E+00  0.0000E+00  0.0000E+00  0.0000E+00  0.0000E+00  0.0000E+00
  7.6000E+01  6.4850E+02  0.0000E+00  9.5200E+01  0.0000E+00  4.9932E+01  8.1011E-01  1.3292E+00  9.5200E+01  9.3026E+01  2.1735E+00  2.7894E-01
  7.6000E+01  6.4900E+02  0.0000E+00  3.6960E+01  0.0000E+00  4.4177E+01 -8.2038E-01 -2.3952E-01  3.6960E+01  8.7567E+01 -5.0607E+01 -3.9173E-01
  7.6000E+01  6.5000E+02  0.0000E+00  3.4510E+01  0.0000E+00  3.4597E+01 -6.9511E-01 -3.6964E-03  3.4510E+01  7.6617E+01 -4.2107E+01 -3.4705E-01
  7.6000E+01  6.5200E+02  0.0000E+00  2.3330E+01  0.0000E+00  2.1272E+01 -7.1062E-01  1.4183E-01  2.3330E+01  5.8814E+01 -3.5484E+01 -3.8053E-01
  7.6000E+01  6.5600E+02  0.0000E+00  2.9500E+00  0.0000E+00  8.1780E+00 -1.8569E+00 -9.3727E-01  2.9500E+00  3.5157E+01 -3.2207E+01 -6.6597E-01
  7.7000E+01  0.0000E+00  1.5000E+06  0.0000E+00  1.0000E+00  0.0000E+00  0.0000E+00  0.0000E+00  0.0000E+00  0.0000E+00  0.0000E+00  0.0000E+00
  7.7000E+01  6.4850E+02  0.0000E+00  5.6520E+01  0.0000E+00  1.0598E+02 -4.2348E-01 -6.8425E-01  5.6520E+01  9.3026E+01 -3.6506E+01 -3.9819E-01
  7.7000E+01  6.4900E+02  0.0000E+00  2.6100E+01  0.0000E+00  9.8037E+01 -8.4023E-01 -1.0758E+00  2.6100E+01  8.7567E+01 -6.1467E+01 -7.4708E-01
  7.7000E+01  6.5000E+02  0.0000E+00  1.9064E+02  0.0000E+00  8.3019E+01  2.0862E+00  1.9006E+00  1.9064E+02  7.6617E+01  1.1402E+02  1.7653E+00
  7.7000E+01  6.5200E+02  0.0000E+00  1.5290E+01  0.0000E+00  5.9758E+01 -1.0013E+00 -1.0910E+00  1.5290E+01  5.8814E+01 -4.3524E+01 -8.0436E-01
  7.7000E+01  6.5600E+02  0.0000E+00  3.0470E+01  0.0000E+00  3.1622E+01 -1.3178E-01 -5.3399E-02  3.0470E+01  3.5157E+01 -4.6870E+00 -8.8637E-02
  7.8000E+01  0.0000E+00  1.5000E+06  0.0000E+00  1.0000E+00  0.0000E+00  0.0000E+00  0.0000E+00  0.0000E+00  0.0000E+00  0.0000E+00  0.0000E+00
  7.8000E+01  6.4850E+02  0.0000E+00  3.3560E+01  0.0000E+00  5.8200E+01 -9.7668E-01 -6.2073E-01  3.3560E+01  9.3026E+01 -5.9466E+01 -5.4879E-01
  7.8000E+01  6.4900E+02  0.0000E+00  4.7270E+01  0.0000E+00  5.4697E+01 -5.4832E-01 -1.9907E-01  4.7270E+01  8.7567E+01 -4.0297E+01 -3.3731E-01
  7.8000E+01  6.5000E+02  0.0000E+00  7.8640E+01  0.0000E+00  4.8269E+01  5.8875E-01  9.2250E-01  7.8640E+01  7.6617E+01  2.0228E+00  2.2265E-01
  7.8000E+01  6.5200E+02  0.0000E+00  6.9680E+01  0.0000E+00  3.7654E+01  9.4182E-01  1.2470E+00  6.9680E+01  5.8814E+01  1.0866E+01  4.1641E-01
  7.8000E+01  6.5600E+02  0.0000E+00  1.0970E+01  0.0000E+00  2.3104E+01 -1.0238E+00 -7.7002E-01  1.0970E+01  3.5157E+01 -2.4187E+01 -5.8195E-01
