TABLE NO.  1
 ID          TIME        AMT         DV          MDV         IPRED       CWRES       IWRES       DV          PRED        RES         WRES
  1.0000E+00  0.0000E+00  1.0000E+04  0.0000E+00  1.0000E+00  7.1505E+03  0.0000E+00 -1.5621E+00  0.0000E+00  8.9363E+03  0.0000E+00  0.0000E+00
  1.0000E+00  0.0000E+00  0.0000E+00  0.0000E+00  0.0000E+00  7.1505E+03 -1.6869E+00 -1.5621E+00  0.0000E+00  8.9363E+03 -8.9363E+03 -1.0714E+00
  1.0000E+00  3.3000E-02  0.0000E+00  7.3336E+03  0.0000E+00  6.2995E+03 -1.6957E-01  2.5643E-01  7.3336E+03  8.8969E+03 -1.5633E+03  1.6783E-01
  1.0000E+00  8.3000E-02  0.0000E+00  1.1915E+03  0.0000E+00  5.1991E+03 -2.0023E+00 -1.2041E+00  1.1915E+03  8.8375E+03 -7.6460E+03 -8.6490E-01
  1.0000E+00  2.5000E-01  0.0000E+00  8.7932E+02  0.0000E+00  2.7382E+03 -2.4724E+00 -1.0605E+00  8.7932E+02  8.6430E+03 -7.7637E+03 -9.0601E-01
  1.0000E+00  5.0000E-01  0.0000E+00  1.2562E+03  0.0000E+00  1.0489E+03 -9.6547E-01  3.0874E-01  1.2562E+03  8.3617E+03 -7.1055E+03 -8.1929E-01
  1.0000E+00  7.0000E-01  0.0000E+00  2.3189E+02  0.0000E+00  4.8709E+02 -1.7752E+00 -8.1845E-01  2.3189E+02  8.1449E+03 -7.9130E+03 -9.9111E-01
  1.0000E+00  1.0000E+00  0.0000E+00  3.0794E+02  0.0000E+00  1.5452E+02  8.2066E-01  1.5510E+00  3.0794E+02  7.8329E+03 -7.5250E+03 -9.5625E-01
  1.0000E+00  2.0000E+00  0.0000E+00  8.9700E-01  0.0000E+00  4.1479E+00 -1.5555E+00 -1.2243E+00  8.9700E-01  6.8974E+03 -6.8965E+03 -9.4427E-01
  1.0000E+00  4.0000E+00  0.0000E+00  1.0160E+00  0.0000E+00  7.3355E-01  1.4360E-01  6.0148E-01  1.0160E+00  5.4244E+03 -5.4233E+03 -7.7635E-01
  1.0000E+00  6.0000E+00  0.0000E+00  0.0000E+00  1.0000E+00  6.3223E-01  0.0000E+00 -1.5621E+00  0.0000E+00  4.3476E+03  0.0000E+00  0.0000E+00
  1.0000E+00  8.0000E+00  0.0000E+00  6.0900E-01  0.0000E+00  5.4603E-01 -1.8656E-01  1.8014E-01  6.0900E-01  3.5495E+03 -3.5489E+03 -4.4794E-01
  2.0000E+00  0.0000E+00  1.0000E+04  0.0000E+00  1.0000E+00  6.7029E+03  0.0000E+00 -1.5621E+00  0.0000E+00  8.9363E+03  0.0000E+00  0.0000E+00
  2.0000E+00  0.0000E+00  0.0000E+00  0.0000E+00  0.0000E+00  6.7029E+03 -1.7258E+00 -1.5621E+00  0.0000E+00  8.9363E+03 -8.9363E+03 -1.0398E+00
  2.0000E+00  3.3000E-02  0.0000E+00  4.6639E+03  0.0000E+00  6.0203E+03 -7.2751E-01 -3.5196E-01  4.6639E+03  8.8969E+03 -4.2329E+03 -2.5087E-01
  2.0000E+00  8.3000E-02  0.0000E+00  1.1788E+03  0.0000E+00  5.1162E+03 -1.8375E+00 -1.2022E+00  1.1788E+03  8.8375E+03 -7.6587E+03 -8.3480E-01
  2.0000E+00  2.5000E-01  0.0000E+00  5.2594E+02  0.0000E+00  2.9712E+03 -2.3229E+00 -1.2856E+00  5.2594E+02  8.6430E+03 -8.1170E+03 -9.3390E-01
  2.0000E+00  5.0000E-01  0.0000E+00  3.5647E+02  0.0000E+00  1.3173E+03 -1.9401E+00 -1.1394E+00  3.5647E+02  8.3617E+03 -8.0052E+03 -9.4574E-01
  2.0000E+00  7.5000E-01  0.0000E+00  2.1360E+01  0.0000E+00  5.8428E+02 -1.8371E+00 -1.5050E+00  2.1360E+01  8.0918E+03 -8.0705E+03 -9.8945E-01
  2.0000E+00  1.0000E+00  0.0000E+00  5.5186E+02  0.0000E+00  2.5940E+02  1.6971E+00  1.7613E+00  5.5186E+02  7.8329E+03 -7.2810E+03 -8.6983E-01
  2.0000E+00  2.0000E+00  0.0000E+00  4.7980E+00  0.0000E+00  1.0734E+01 -7.1883E-01 -8.6390E-01  4.7980E+00  6.8974E+03 -6.8926E+03 -8.9665E-01
  2.0000E+00  4.0000E+00  0.0000E+00  3.3000E-02  0.0000E+00  6.8361E-01 -1.6333E+00 -1.4867E+00  3.3000E-02  5.4244E+03 -5.4243E+03 -7.1828E-01
  2.0000E+00  6.0000E+00  0.0000E+00  5.9700E-01  0.0000E+00  5.9085E-01 -8.7800E-02  1.6259E-02  5.9700E-01  4.3476E+03 -4.3470E+03 -5.3793E-01
  2.0000E+00  8.0000E+00  0.0000E+00  8.4600E-01  0.0000E+00  5.2198E-01  9.2255E-01  9.6969E-01  8.4600E-01  3.5495E+03 -3.5487E+03 -3.7708E-01
  3.0000E+00  0.0000E+00  1.0000E+04  0.0000E+00  1.0000E+00  1.2872E+04  0.0000E+00 -1.5621E+00  0.0000E+00  8.9363E+03  0.0000E+00  0.0000E+00
  3.0000E+00  0.0000E+00  0.0000E+00  0.0000E+00  0.0000E+00  1.2872E+04 -8.7648E-01 -1.5621E+00  0.0000E+00  8.9363E+03 -8.9363E+03 -1.0269E+00
  3.0000E+00  3.3000E-02  0.0000E+00  3.7945E+03  0.0000E+00  9.2960E+03 -1.3448E+00 -9.2450E-01  3.7945E+03  8.8969E+03 -5.1024E+03 -3.8474E-01
  3.0000E+00  8.3000E-02  0.0000E+00  1.2588E+03  0.0000E+00  5.6776E+03 -2.6751E+00 -1.2158E+00  1.2588E+03  8.8375E+03 -7.5787E+03 -8.0837E-01
  3.0000E+00  2.5000E-01  0.0000E+00  5.4645E+02  0.0000E+00  1.0965E+03 -2.2488E+00 -7.8363E-01  5.4645E+02  8.6430E+03 -8.0965E+03 -9.1762E-01
  3.0000E+00  5.0000E-01  0.0000E+00  4.9878E+01  0.0000E+00  9.7144E+01 -8.4144E-01 -7.6007E-01  4.9878E+01  8.3617E+03 -8.3118E+03 -9.8847E-01
  3.0000E+00  7.5000E-01  0.0000E+00  1.6505E+01  0.0000E+00  1.2122E+01  9.7181E-01  5.6477E-01  1.6505E+01  8.0918E+03 -8.0753E+03 -9.7810E-01
  3.0000E+00  1.0000E+00  0.0000E+00  6.6930E+00  0.0000E+00  4.6876E+00  1.5214E+00  6.6831E-01  6.6930E+00  7.8329E+03 -7.8262E+03 -9.6265E-01
  3.0000E+00  2.0000E+00  0.0000E+00  3.6010E+00  0.0000E+00  3.1794E+00  1.0441E+00  2.0713E-01  3.6010E+00  6.8974E+03 -6.8938E+03 -8.8621E-01
  3.0000E+00  4.0000E+00  0.0000E+00  1.1970E+00  0.0000E+00  1.9879E+00 -2.8874E-02 -6.2152E-01  1.1970E+00  5.4244E+03 -5.4232E+03 -7.1043E-01
  3.0000E+00  6.0000E+00  0.0000E+00  3.0470E+00  0.0000E+00  1.2430E+00  2.7418E+00  2.2673E+00  3.0470E+00  4.3476E+03 -4.3445E+03 -5.3278E-01
  3.0000E+00  8.0000E+00  0.0000E+00  3.8000E-01  0.0000E+00  7.7716E-01 -3.5494E-01 -7.9832E-01  3.8000E-01  3.5495E+03 -3.5492E+03 -3.7538E-01
  4.0000E+00  0.0000E+00  1.0000E+04  0.0000E+00  1.0000E+00  0.0000E+00  0.0000E+00  0.0000E+00  0.0000E+00  0.0000E+00  0.0000E+00  0.0000E+00
  4.0000E+00  0.0000E+00  0.0000E+00  0.0000E+00  0.0000E+00  0.0000E+00  0.0000E+00  0.0000E+00  0.0000E+00  0.0000E+00  0.0000E+00  0.0000E+00
  4.0000E+00  3.3000E-02  0.0000E+00  2.1445E+01  0.0000E+00  1.7026E+01  6.6488E-01  4.0550E-01  2.1445E+01  1.0675E+01  1.0770E+01  1.0565E+00
  4.0000E+00  8.3000E-02  0.0000E+00  2.5683E+01  0.0000E+00  3.0516E+01  7.8403E-02 -2.4740E-01  2.5683E+01  1.9358E+01  6.3253E+00  2.0533E-01
  4.0000E+00  2.5000E-01  0.0000E+00  4.4576E+01  0.0000E+00  3.8957E+01  5.0978E-01  2.2531E-01  4.4576E+01  2.6000E+01  1.8576E+01  7.4360E-01
  4.0000E+00  5.0000E-01  0.0000E+00  2.1491E+01  0.0000E+00  3.5293E+01 -4.6503E-01 -6.1090E-01  2.1491E+01  2.5752E+01 -4.2610E+00 -3.9603E-01
  4.0000E+00  7.5000E-01  0.0000E+00  7.6971E+01  0.0000E+00  3.1192E+01  2.3113E+00  2.2927E+00  7.6971E+01  2.4933E+01  5.2038E+01  2.5742E+00
  4.0000E+00  1.0000E+00  0.0000E+00  7.4570E+00  0.0000E+00  2.7561E+01 -1.2313E+00 -1.1395E+00  7.4570E+00  2.4134E+01 -1.6677E+01 -1.0586E+00
  4.0000E+00  2.0000E+00  0.0000E+00  3.1960E+00  0.0000E+00  1.6884E+01 -1.6459E+00 -1.2664E+00  3.1960E+00  2.1245E+01 -1.8049E+01 -1.1974E+00
  4.0000E+00  3.0000E+00  0.0000E+00  1.6550E+01  0.0000E+00  1.0457E+01  4.3381E-01  9.1029E-01  1.6550E+01  1.8789E+01 -2.2395E+00 -1.7623E-01
  4.0000E+00  4.0000E+00  0.0000E+00  3.8490E+00  0.0000E+00  6.5775E+00 -1.1088E+00 -6.4802E-01  3.8490E+00  1.6697E+01 -1.2848E+01 -9.1657E-01
  4.0000E+00  6.0000E+00  0.0000E+00  0.0000E+00  1.0000E+00  2.7958E+00  0.0000E+00 -1.5621E+00  0.0000E+00  1.3374E+01  0.0000E+00  0.0000E+00
  4.0000E+00  8.0000E+00  0.0000E+00  0.0000E+00  1.0000E+00  1.3693E+00  0.0000E+00 -1.5621E+00  0.0000E+00  1.0913E+01  0.0000E+00  0.0000E+00
  5.0000E+00  0.0000E+00  1.0000E+04  0.0000E+00  1.0000E+00  0.0000E+00  0.0000E+00  0.0000E+00  0.0000E+00  0.0000E+00  0.0000E+00  0.0000E+00
  5.0000E+00  0.0000E+00  0.0000E+00  0.0000E+00  0.0000E+00  0.0000E+00  0.0000E+00  0.0000E+00  0.0000E+00  0.0000E+00  0.0000E+00  0.0000E+00
  5.0000E+00  3.3000E-02  0.0000E+00  1.6601E+01  0.0000E+00  1.6544E+01  3.4991E-01  5.3357E-03  1.6601E+01  1.0675E+01  5.9263E+00  6.3950E-01
  5.0000E+00  8.3000E-02  0.0000E+00  9.5230E+00  0.0000E+00  2.9550E+01 -6.6291E-01 -1.0587E+00  9.5230E+00  1.9358E+01 -9.8347E+00 -7.3325E-01
  5.0000E+00  2.5000E-01  0.0000E+00  3.0571E+01  0.0000E+00  3.7155E+01  2.6130E-02 -2.7683E-01  3.0571E+01  2.6000E+01  4.5706E+00  1.8166E-01
  5.0000E+00  5.0000E-01  0.0000E+00  4.7158E+01  0.0000E+00  3.2768E+01  7.8063E-01  6.8598E-01  4.7158E+01  2.5752E+01  2.1406E+01  1.0612E+00
  5.0000E+00  7.5000E-01  0.0000E+00  1.9559E+01  0.0000E+00  2.8170E+01 -5.6889E-01 -4.7752E-01  1.9559E+01  2.4933E+01 -5.3739E+00 -2.9255E-01
  5.0000E+00  1.0000E+00  0.0000E+00  5.9384E+01  0.0000E+00  2.4207E+01  2.0215E+00  2.2700E+00  5.9384E+01  2.4134E+01  3.5250E+01  1.9279E+00
  5.0000E+00  2.0000E+00  0.0000E+00  1.1460E+00  0.0000E+00  1.3246E+01 -2.0407E+00 -1.4270E+00  1.1460E+00  2.1245E+01 -2.0099E+01 -1.1353E+00
  5.0000E+00  3.0000E+00  0.0000E+00  2.5590E+00  0.0000E+00  7.3105E+00 -1.6843E+00 -1.0153E+00  2.5590E+00  1.8789E+01 -1.6230E+01 -9.1945E-01
  5.0000E+00  4.0000E+00  0.0000E+00  7.7780E+00  0.0000E+00  4.0918E+00  8.3757E-01  1.4073E+00  7.7780E+00  1.6697E+01 -8.9190E+00 -3.9138E-01
  5.0000E+00  6.0000E+00  0.0000E+00  1.6200E-01  0.0000E+00  1.3877E+00 -1.6544E+00 -1.3798E+00  1.6200E-01  1.3374E+01 -1.3212E+01 -7.1652E-01
  5.0000E+00  8.0000E+00  0.0000E+00  5.5100E-01  0.0000E+00  5.7204E-01 -1.7058E-01 -5.7456E-02  5.5100E-01  1.0913E+01 -1.0362E+01 -4.5490E-01
  6.0000E+00  0.0000E+00  1.0000E+04  0.0000E+00  1.0000E+00  0.0000E+00  0.0000E+00  0.0000E+00  0.0000E+00  0.0000E+00  0.0000E+00  0.0000E+00
  6.0000E+00  0.0000E+00  0.0000E+00  0.0000E+00  0.0000E+00  0.0000E+00  0.0000E+00  0.0000E+00  0.0000E+00  0.0000E+00  0.0000E+00  0.0000E+00
  6.0000E+00  3.3000E-02  0.0000E+00  2.2373E+01  0.0000E+00  1.4412E+01  9.8789E-01  8.6289E-01  2.2373E+01  1.0675E+01  1.1698E+01  1.3214E+00
  6.0000E+00  8.3000E-02  0.0000E+00  4.6713E+01  0.0000E+00  2.5834E+01  1.4544E+00  1.2625E+00  4.6713E+01  1.9358E+01  2.7355E+01  1.7776E+00
  6.0000E+00  2.5000E-01  0.0000E+00  5.0110E+00  0.0000E+00  3.2995E+01 -1.1686E+00 -1.3249E+00  5.0110E+00  2.6000E+01 -2.0989E+01 -1.1034E+00
  6.0000E+00  5.0000E-01  0.0000E+00  4.6163E+01  0.0000E+00  2.9921E+01  8.8233E-01  8.4799E-01  4.6163E+01  2.5752E+01  2.0411E+01  1.0131E+00
  6.0000E+00  7.5000E-01  0.0000E+00  1.5363E+01  0.0000E+00  2.6477E+01 -7.3133E-01 -6.5573E-01  1.5363E+01  2.4933E+01 -9.5699E+00 -5.1221E-01
  6.0000E+00  1.0000E+00  0.0000E+00  2.2338E+01  0.0000E+00  2.3431E+01 -2.4158E-01 -7.2869E-02  2.2338E+01  2.4134E+01 -1.7956E+00 -8.6877E-02
  6.0000E+00  2.0000E+00  0.0000E+00  2.4323E+01  0.0000E+00  1.4490E+01  6.7218E-01  1.0600E+00  2.4323E+01  2.1245E+01  3.0783E+00  2.8090E-01
  6.0000E+00  3.0000E+00  0.0000E+00  1.8400E+00  0.0000E+00  9.1165E+00 -1.6666E+00 -1.2469E+00  1.8400E+00  1.8789E+01 -1.6949E+01 -9.7829E-01
  6.0000E+00  4.0000E+00  0.0000E+00  2.7960E+00  0.0000E+00  5.8701E+00 -1.1692E+00 -8.1807E-01  2.7960E+00  1.6697E+01 -1.3901E+01 -7.7795E-01
  6.0000E+00  6.0000E+00  0.0000E+00  2.7000E+00  0.0000E+00  2.6778E+00 -1.5306E-01  1.2952E-02  2.7000E+00  1.3374E+01 -1.0674E+01 -5.1364E-01
  6.0000E+00  8.0000E+00  0.0000E+00  2.4450E+00  0.0000E+00  1.4331E+00  1.0364E+00  1.1031E+00  2.4450E+00  1.0913E+01 -8.4676E+00 -2.8931E-01
  7.0000E+00  0.0000E+00  1.2500E+05  0.0000E+00  1.0000E+00  0.0000E+00  0.0000E+00  0.0000E+00  0.0000E+00  0.0000E+00  0.0000E+00  0.0000E+00
  7.0000E+00  0.0000E+00  0.0000E+00  0.0000E+00  0.0000E+00  0.0000E+00  0.0000E+00  0.0000E+00  0.0000E+00  0.0000E+00  0.0000E+00  0.0000E+00
  7.0000E+00  5.0000E-01  0.0000E+00  5.3520E+00  0.0000E+00  1.9721E+01 -1.3083E+00 -1.1382E+00  5.3520E+00  3.5817E+01 -3.0465E+01 -7.2791E-01
  7.0000E+00  1.0000E+00  0.0000E+00  1.6180E+01  0.0000E+00  1.7744E+01 -3.5383E-01 -1.3766E-01  1.6180E+01  3.3566E+01 -1.7386E+01 -2.7842E-01
  7.0000E+00  2.0000E+00  0.0000E+00  4.4430E+00  0.0000E+00  1.4381E+01 -1.3908E+00 -1.0795E+00  4.4430E+00  2.9548E+01 -2.5105E+01 -6.8371E-01
  7.0000E+00  4.0000E+00  0.0000E+00  1.9128E+01  0.0000E+00  9.5493E+00  1.0553E+00  1.5670E+00  1.9128E+01  2.3223E+01 -4.0950E+00  2.2865E-01
  7.0000E+00  8.0000E+00  0.0000E+00  5.6870E+00  0.0000E+00  4.4514E+00 -4.5867E-01  4.3363E-01  5.6870E+00  1.5178E+01 -9.4908E+00 -2.2450E-01
  7.0000E+00  2.4000E+01  0.0000E+00  6.0000E-01  0.0000E+00  5.7180E-01 -9.7078E-01  7.7053E-02  6.0000E-01  4.8038E+00 -4.2038E+00 -1.8527E-01
  8.0000E+00  0.0000E+00  1.2500E+05  0.0000E+00  1.0000E+00  0.0000E+00  0.0000E+00  0.0000E+00  0.0000E+00  0.0000E+00  0.0000E+00  0.0000E+00
  8.0000E+00  0.0000E+00  0.0000E+00  0.0000E+00  0.0000E+00  0.0000E+00  0.0000E+00  0.0000E+00  0.0000E+00  0.0000E+00  0.0000E+00  0.0000E+00
  8.0000E+00  5.0000E-01  0.0000E+00  3.1708E+01  0.0000E+00  2.2290E+01  1.5234E-01  6.6004E-01  3.1708E+01  3.5817E+01 -4.1093E+00  6.8098E-02
  8.0000E+00  1.0000E+00  0.0000E+00  2.9239E+01  0.0000E+00  1.9309E+01  2.4742E-01  8.0336E-01  2.9239E+01  3.3566E+01 -4.3272E+00  7.0590E-02
  8.0000E+00  2.0000E+00  0.0000E+00  9.1450E+00  0.0000E+00  1.4550E+01 -1.1918E+00 -5.8031E-01  9.1450E+00  2.9548E+01 -2.0403E+01 -6.1854E-01
  8.0000E+00  4.0000E+00  0.0000E+00  7.1960E+00  0.0000E+00  8.4784E+00 -8.3603E-01 -2.3628E-01  7.1960E+00  2.3223E+01 -1.6027E+01 -5.0819E-01
  8.0000E+00  8.0000E+00  0.0000E+00  3.9410E+00  0.0000E+00  3.2985E+00 -1.0335E-01  3.0430E-01  3.9410E+00  1.5178E+01 -1.1237E+01 -3.5098E-01
  8.0000E+00  2.4000E+01  0.0000E+00  6.0000E-01  0.0000E+00  4.0640E-01  4.0601E-01  7.4414E-01  6.0000E-01  4.8038E+00 -4.2038E+00 -3.4250E-02
  9.0000E+00  0.0000E+00  1.2500E+05  0.0000E+00  1.0000E+00  0.0000E+00  0.0000E+00  0.0000E+00  0.0000E+00  0.0000E+00  0.0000E+00  0.0000E+00
  9.0000E+00  0.0000E+00  0.0000E+00  0.0000E+00  0.0000E+00  0.0000E+00  0.0000E+00  0.0000E+00  0.0000E+00  0.0000E+00  0.0000E+00  0.0000E+00
  9.0000E+00  5.0000E-01  0.0000E+00  2.5875E+01  0.0000E+00  2.1330E+01 -1.4017E-01  3.3289E-01  2.5875E+01  3.5817E+01 -9.9423E+00 -1.4298E-01
  9.0000E+00  1.0000E+00  0.0000E+00  1.2360E+01  0.0000E+00  1.9410E+01 -1.0631E+00 -5.6741E-01  1.2360E+01  3.3566E+01 -2.1206E+01 -5.9538E-01
  9.0000E+00  2.0000E+00  0.0000E+00  2.5667E+01  0.0000E+00  1.6113E+01  3.9030E-01  9.2622E-01  2.5667E+01  2.9548E+01 -3.8812E+00  8.5884E-02
  9.0000E+00  4.0000E+00  0.0000E+00  1.4443E+01  0.0000E+00  1.1280E+01 -1.6011E-01  4.3803E-01  1.4443E+01  2.3223E+01 -8.7800E+00 -1.7871E-01
  9.0000E+00  8.0000E+00  0.0000E+00  6.7260E+00  0.0000E+00  5.9358E+00 -4.5414E-01  2.0796E-01  6.7260E+00  1.5178E+01 -8.4518E+00 -2.7035E-01
  9.0000E+00  2.4000E+01  0.0000E+00  1.4570E+00  0.0000E+00  1.0843E+00 -1.1897E-01  5.3693E-01  1.4570E+00  4.8038E+00 -3.3468E+00 -1.0846E-01
  1.0000E+01  0.0000E+00  2.5000E+05  0.0000E+00  1.0000E+00  0.0000E+00  0.0000E+00  0.0000E+00  0.0000E+00  0.0000E+00  0.0000E+00  0.0000E+00
  1.0000E+01  0.0000E+00  0.0000E+00  0.0000E+00  0.0000E+00  0.0000E+00  0.0000E+00  0.0000E+00  0.0000E+00  0.0000E+00  0.0000E+00  0.0000E+00
  1.0000E+01  5.0000E-01  0.0000E+00  3.2559E+01  0.0000E+00  3.9684E+01 -2.6842E-01 -2.8048E-01  3.2559E+01  3.6436E+01 -3.8775E+00 -1.7661E-01
  1.0000E+01  1.0000E+00  0.0000E+00  2.7382E+01  0.0000E+00  3.8478E+01 -4.1485E-01 -4.5047E-01  2.7382E+01  3.4147E+01 -6.7645E+00 -3.3261E-01
  1.0000E+01  2.0000E+00  0.0000E+00  2.0366E+01  0.0000E+00  3.6207E+01 -6.0244E-01 -6.8345E-01  2.0366E+01  3.0059E+01 -9.6930E+00 -5.6778E-01
  1.0000E+01  4.0000E+00  0.0000E+00  3.1808E+01  0.0000E+00  3.2310E+01  1.4101E-01 -2.4281E-02  3.1808E+01  2.3625E+01  8.1835E+00  1.3510E-01
  1.0000E+01  8.0000E+00  0.0000E+00  6.3644E+01  0.0000E+00  2.6481E+01  2.5032E+00  2.1923E+00  6.3644E+01  1.5440E+01  4.8204E+01  2.8455E+00
  1.0000E+01  2.4000E+01  0.0000E+00  2.5160E+00  0.0000E+00  1.5467E+01 -5.9422E-01 -1.3080E+00  2.5160E+00  4.8868E+00 -2.3708E+00 -1.1694E+00
  1.1000E+01  0.0000E+00  2.5000E+05  0.0000E+00  1.0000E+00  0.0000E+00  0.0000E+00  0.0000E+00  0.0000E+00  0.0000E+00  0.0000E+00  0.0000E+00
  1.1000E+01  0.0000E+00  0.0000E+00  0.0000E+00  0.0000E+00  0.0000E+00  0.0000E+00  0.0000E+00  0.0000E+00  0.0000E+00  0.0000E+00  0.0000E+00
  1.1000E+01  5.0000E-01  0.0000E+00  2.2787E+01  0.0000E+00  2.9265E+01 -4.5717E-01 -3.4580E-01  2.2787E+01  3.6436E+01 -1.3649E+01 -3.1291E-01
  1.1000E+01  1.0000E+00  0.0000E+00  4.7157E+01  0.0000E+00  2.5897E+01  1.1138E+00  1.2825E+00  4.7157E+01  3.4147E+01  1.3010E+01  6.9473E-01
  1.1000E+01  2.0000E+00  0.0000E+00  4.3560E+00  0.0000E+00  2.0310E+01 -1.4966E+00 -1.2271E+00  4.3560E+00  3.0059E+01 -2.5703E+01 -8.8825E-01
  1.1000E+01  4.0000E+00  0.0000E+00  1.1033E+01  0.0000E+00  1.2660E+01 -6.3380E-01 -2.0074E-01  1.1033E+01  2.3625E+01 -1.2592E+01 -3.8539E-01
  1.1000E+01  8.0000E+00  0.0000E+00  9.2000E+00  0.0000E+00  5.2901E+00  4.5648E-01  1.1546E+00  9.2000E+00  1.5440E+01 -6.2402E+00 -8.5335E-02
  1.1000E+01  2.4000E+01  0.0000E+00  6.0000E-01  0.0000E+00  6.1365E-01 -8.4917E-01 -3.4740E-02  6.0000E-01  4.8868E+00 -4.2868E+00 -1.5850E-01
  1.2000E+01  0.0000E+00  2.5000E+05  0.0000E+00  1.0000E+00  0.0000E+00  0.0000E+00  0.0000E+00  0.0000E+00  0.0000E+00  0.0000E+00  0.0000E+00
  1.2000E+01  0.0000E+00  0.0000E+00  0.0000E+00  0.0000E+00  0.0000E+00  0.0000E+00  0.0000E+00  0.0000E+00  0.0000E+00  0.0000E+00  0.0000E+00
  1.2000E+01  5.0000E-01  0.0000E+00  2.9301E+01  0.0000E+00  1.8332E+01  3.4283E-01  9.3465E-01  2.9301E+01  3.6436E+01 -7.1355E+00  2.8168E-02
  1.2000E+01  1.0000E+00  0.0000E+00  1.4208E+01  0.0000E+00  1.6734E+01 -8.2797E-01 -2.3584E-01  1.4208E+01  3.4147E+01 -1.9939E+01 -4.6530E-01
  1.2000E+01  2.0000E+00  0.0000E+00  1.1723E+01  0.0000E+00  1.3977E+01 -8.4129E-01 -2.5192E-01  1.1723E+01  3.0059E+01 -1.8336E+01 -4.6463E-01
  1.2000E+01  4.0000E+00  0.0000E+00  8.5160E+00  0.0000E+00  9.9002E+00 -7.9536E-01 -2.1841E-01  8.5160E+00  2.3625E+01 -1.5109E+01 -4.2460E-01
  1.2000E+01  8.0000E+00  0.0000E+00  8.2990E+00  0.0000E+00  5.3164E+00  3.2060E-01  8.7641E-01  8.2990E+00  1.5440E+01 -7.1412E+00 -8.4076E-02
  1.2000E+01  2.4000E+01  0.0000E+00  1.2620E+00  0.0000E+00  9.9732E-01 -1.6472E-01  4.1458E-01  1.2620E+00  4.8868E+00 -3.6248E+00 -6.9787E-02
  1.3000E+01  0.0000E+00  5.0000E+05  0.0000E+00  1.0000E+00  0.0000E+00  0.0000E+00  0.0000E+00  0.0000E+00  0.0000E+00  0.0000E+00  0.0000E+00
  1.3000E+01  0.0000E+00  0.0000E+00  0.0000E+00  0.0000E+00  0.0000E+00  0.0000E+00  0.0000E+00  0.0000E+00  0.0000E+00  0.0000E+00  0.0000E+00
  1.3000E+01  5.0000E-01  0.0000E+00  5.5055E+01  0.0000E+00  2.8659E+01  1.1492E+00  1.4388E+00  5.5055E+01  3.6754E+01  1.8301E+01  7.2519E-01
  1.3000E+01  1.0000E+00  0.0000E+00  1.9613E+01  0.0000E+00  2.7532E+01 -7.2205E-01 -4.4932E-01  1.9613E+01  3.4444E+01 -1.4831E+01 -4.9958E-01
  1.3000E+01  2.0000E+00  0.0000E+00  2.3639E+01  0.0000E+00  2.5489E+01 -3.5260E-01 -1.1338E-01  2.3639E+01  3.0321E+01 -6.6821E+00 -2.3806E-01
  1.3000E+01  4.0000E+00  0.0000E+00  1.3103E+01  0.0000E+00  2.2198E+01 -8.1453E-01 -6.4004E-01  1.3103E+01  2.3830E+01 -1.0727E+01 -5.5786E-01
  1.3000E+01  8.0000E+00  0.0000E+00  1.3568E+01  0.0000E+00  1.7771E+01 -4.2878E-01 -3.6947E-01  1.3568E+01  1.5575E+01 -2.0068E+00 -2.3476E-01
  1.3000E+01  2.4000E+01  0.0000E+00  1.7556E+01  0.0000E+00  1.0465E+01  1.2687E+00  1.0586E+00  1.7556E+01  4.9294E+00  1.2627E+01  1.3840E+00
  1.4000E+01  0.0000E+00  5.0000E+05  0.0000E+00  1.0000E+00  0.0000E+00  0.0000E+00  0.0000E+00  0.0000E+00  0.0000E+00  0.0000E+00  0.0000E+00
  1.4000E+01  0.0000E+00  0.0000E+00  0.0000E+00  0.0000E+00  0.0000E+00  0.0000E+00  0.0000E+00  0.0000E+00  0.0000E+00  0.0000E+00  0.0000E+00
  1.4000E+01  5.0000E-01  0.0000E+00  4.9290E+01  0.0000E+00  3.4437E+01  5.0216E-01  6.7377E-01  4.9290E+01  3.6754E+01  1.2536E+01  4.0584E-01
  1.4000E+01  1.0000E+00  0.0000E+00  3.0508E+01  0.0000E+00  3.1766E+01 -2.6461E-01 -6.1879E-02  3.0508E+01  3.4444E+01 -3.9362E+00 -1.8987E-01
  1.4000E+01  2.0000E+00  0.0000E+00  2.6968E+01  0.0000E+00  2.7060E+01 -2.6983E-01 -5.3121E-03  2.6968E+01  3.0321E+01 -3.3531E+00 -1.7907E-01
  1.4000E+01  4.0000E+00  0.0000E+00  2.2871E+01  0.0000E+00  1.9830E+01 -1.4313E-01  2.3958E-01  2.2871E+01  2.3830E+01 -9.5948E-01 -7.1641E-02
  1.4000E+01  8.0000E+00  0.0000E+00  2.1883E+01  0.0000E+00  1.1143E+01  9.3743E-01  1.5057E+00  2.1883E+01  1.5575E+01  6.3082E+00  4.4843E-01
  1.4000E+01  2.4000E+01  0.0000E+00  6.0000E-01  0.0000E+00  2.1704E+00 -1.5213E+00 -1.1303E+00  6.0000E-01  4.9294E+00 -4.3294E+00 -5.0611E-01
  1.5000E+01  0.0000E+00  5.0000E+05  0.0000E+00  1.0000E+00  0.0000E+00  0.0000E+00  0.0000E+00  0.0000E+00  0.0000E+00  0.0000E+00  0.0000E+00
  1.5000E+01  0.0000E+00  0.0000E+00  0.0000E+00  0.0000E+00  0.0000E+00  0.0000E+00  0.0000E+00  0.0000E+00  0.0000E+00  0.0000E+00  0.0000E+00
  1.5000E+01  5.0000E-01  0.0000E+00  6.3812E+01  0.0000E+00  3.6873E+01  1.0612E+00  1.1413E+00  6.3812E+01  3.6754E+01  2.7058E+01  9.4356E-01
  1.5000E+01  1.0000E+00  0.0000E+00  7.1770E+00  0.0000E+00  3.5515E+01 -1.3144E+00 -1.2465E+00  7.1770E+00  3.4444E+01 -2.7267E+01 -1.0900E+00
  1.5000E+01  2.0000E+00  0.0000E+00  3.4378E+01  0.0000E+00  3.3027E+01  1.8938E-02  6.3906E-02  3.4378E+01  3.0321E+01  4.0569E+00  6.0615E-02
  1.5000E+01  4.0000E+00  0.0000E+00  1.8738E+01  0.0000E+00  2.8943E+01 -5.5462E-01 -5.5078E-01  1.8738E+01  2.3830E+01 -5.0925E+00 -5.1555E-01
  1.5000E+01  8.0000E+00  0.0000E+00  3.5351E+01  0.0000E+00  2.3280E+01  8.7042E-01  8.0994E-01  3.5351E+01  1.5575E+01  1.9776E+01  8.8668E-01
  1.5000E+01  2.4000E+01  0.0000E+00  2.0765E+01  0.0000E+00  1.3688E+01  9.7408E-01  8.0765E-01  2.0765E+01  4.9294E+00  1.5836E+01  1.2365E+00
  1.6000E+01  0.0000E+00  1.2500E+05  0.0000E+00  1.0000E+00  0.0000E+00  0.0000E+00  0.0000E+00  0.0000E+00  0.0000E+00  0.0000E+00  0.0000E+00
  1.6000E+01  0.0000E+00  0.0000E+00  0.0000E+00  0.0000E+00  0.0000E+00  0.0000E+00  0.0000E+00  0.0000E+00  0.0000E+00  0.0000E+00  0.0000E+00
  1.6000E+01  5.0000E-01  0.0000E+00  8.1620E+00  0.0000E+00  1.2234E+01 -1.3092E+00 -5.1996E-01  8.1620E+00  3.5817E+01 -2.7655E+01 -5.9345E-01
  1.6000E+01  1.0000E+00  0.0000E+00  1.6289E+01  0.0000E+00  1.1002E+01 -3.3313E-02  7.5062E-01  1.6289E+01  3.3566E+01 -1.7277E+01 -2.3639E-01
  1.6000E+01  2.0000E+00  0.0000E+00  4.8860E+00  0.0000E+00  8.9211E+00 -1.4729E+00 -7.0657E-01  4.8860E+00  2.9548E+01 -2.4662E+01 -6.1380E-01
  1.6000E+01  4.0000E+00  0.0000E+00  8.0510E+00  0.0000E+00  5.9640E+00 -1.6818E-01  5.4664E-01  8.0510E+00  2.3223E+01 -1.5172E+01 -2.9383E-01
  1.6000E+01  8.0000E+00  0.0000E+00  3.2130E+00  0.0000E+00  2.8834E+00 -4.2622E-01  1.7857E-01  3.2130E+00  1.5178E+01 -1.1965E+01 -2.9492E-01
  1.6000E+01  2.4000E+01  0.0000E+00  6.0000E-01  0.0000E+00  4.3086E-01  1.0759E-01  6.1324E-01  6.0000E-01  4.8038E+00 -4.2038E+00 -4.6852E-02
  1.7000E+01  0.0000E+00  1.2500E+05  0.0000E+00  1.0000E+00  0.0000E+00  0.0000E+00  0.0000E+00  0.0000E+00  0.0000E+00  0.0000E+00  0.0000E+00
  1.7000E+01  0.0000E+00  0.0000E+00  0.0000E+00  0.0000E+00  0.0000E+00  0.0000E+00  0.0000E+00  0.0000E+00  0.0000E+00  0.0000E+00  0.0000E+00
  1.7000E+01  5.0000E-01  0.0000E+00  2.4603E+01  0.0000E+00  1.5135E+01  4.0644E-01  9.7720E-01  2.4603E+01  3.5817E+01 -1.1214E+01 -1.6157E-02
  1.7000E+01  1.0000E+00  0.0000E+00  7.2080E+00  0.0000E+00  1.3586E+01 -1.2871E+00 -7.3337E-01  7.2080E+00  3.3566E+01 -2.6358E+01 -6.1512E-01
  1.7000E+01  2.0000E+00  0.0000E+00  5.4500E+00  0.0000E+00  1.0973E+01 -1.2977E+00 -7.8626E-01  5.4500E+00  2.9548E+01 -2.4098E+01 -6.0951E-01
  1.7000E+01  4.0000E+00  0.0000E+00  2.7120E+00  0.0000E+00  7.2710E+00 -1.3967E+00 -9.7948E-01  2.7120E+00  2.3223E+01 -2.0511E+01 -5.9483E-01
  1.7000E+01  8.0000E+00  0.0000E+00  5.6920E+00  0.0000E+00  3.4444E+00  7.1917E-01  1.0194E+00  5.6920E+00  1.5178E+01 -9.4858E+00 -1.1961E-01
  1.7000E+01  2.4000E+01  0.0000E+00  6.0000E-01  0.0000E+00  4.9321E-01 -7.7194E-02  3.3823E-01  6.0000E-01  4.8038E+00 -4.2038E+00 -3.2514E-02
  1.8000E+01  0.0000E+00  1.2500E+05  0.0000E+00  1.0000E+00  0.0000E+00  0.0000E+00  0.0000E+00  0.0000E+00  0.0000E+00  0.0000E+00  0.0000E+00
  1.8000E+01  0.0000E+00  0.0000E+00  0.0000E+00  0.0000E+00  0.0000E+00  0.0000E+00  0.0000E+00  0.0000E+00  0.0000E+00  0.0000E+00  0.0000E+00
  1.8000E+01  5.0000E-01  0.0000E+00  1.0414E+01  0.0000E+00  9.1996E+00 -6.8236E-01  2.0620E-01  1.0414E+01  3.5817E+01 -2.5403E+01 -4.5139E-01
  1.8000E+01  1.0000E+00  0.0000E+00  3.2390E+00  0.0000E+00  8.4548E+00 -1.8193E+00 -9.6369E-01  3.2390E+00  3.3566E+01 -3.0327E+01 -6.8676E-01
  1.8000E+01  2.0000E+00  0.0000E+00  7.2080E+00  0.0000E+00  7.1523E+00 -7.8001E-01  1.2167E-02  7.2080E+00  2.9548E+01 -2.2340E+01 -4.5191E-01
  1.8000E+01  4.0000E+00  0.0000E+00  2.6850E+00  0.0000E+00  5.1781E+00 -1.4350E+00 -7.5212E-01  2.6850E+00  2.3223E+01 -2.0538E+01 -5.2741E-01
  1.8000E+01  8.0000E+00  0.0000E+00  4.9860E+00  0.0000E+00  2.8584E+00  6.0940E-01  1.1628E+00  4.9860E+00  1.5178E+01 -1.0192E+01 -1.2763E-01
  1.8000E+01  2.4000E+01  0.0000E+00  6.0000E-01  0.0000E+00  5.2213E-01 -2.9756E-01  2.3296E-01  6.0000E-01  4.8038E+00 -4.2038E+00 -4.0844E-02
  1.9000E+01  0.0000E+00  2.5000E+05  0.0000E+00  1.0000E+00  0.0000E+00  0.0000E+00  0.0000E+00  0.0000E+00  0.0000E+00  0.0000E+00  0.0000E+00
  1.9000E+01  0.0000E+00  0.0000E+00  0.0000E+00  0.0000E+00  0.0000E+00  0.0000E+00  0.0000E+00  0.0000E+00  0.0000E+00  0.0000E+00  0.0000E+00
  1.9000E+01  5.0000E-01  0.0000E+00  2.8991E+01  0.0000E+00  1.7518E+01  4.9550E-01  1.0231E+00  2.8991E+01  3.6436E+01 -7.4455E+00  8.4715E-02
  1.9000E+01  1.0000E+00  0.0000E+00  7.3880E+00  0.0000E+00  1.5468E+01 -1.3602E+00 -8.1601E-01  7.3880E+00  3.4147E+01 -2.6759E+01 -6.5561E-01
  1.9000E+01  2.0000E+00  0.0000E+00  5.6630E+00  0.0000E+00  1.2099E+01 -1.3921E+00 -8.3095E-01  5.6630E+00  3.0059E+01 -2.4396E+01 -6.4784E-01
  1.9000E+01  4.0000E+00  0.0000E+00  9.2860E+00  0.0000E+00  7.5552E+00 -1.9620E-01  3.5785E-01  9.2860E+00  2.3625E+01 -1.4339E+01 -2.9221E-01
  1.9000E+01  8.0000E+00  0.0000E+00  4.0470E+00  0.0000E+00  3.2639E+00 -1.3009E-01  3.7479E-01  4.0470E+00  1.5440E+01 -1.1393E+01 -2.7773E-01
  1.9000E+01  2.4000E+01  0.0000E+00  6.0000E-01  0.0000E+00  4.2915E-01  1.0004E-01  6.2191E-01  6.0000E-01  4.8868E+00 -4.2868E+00 -4.8821E-02
  2.0000E+01  0.0000E+00  2.5000E+05  0.0000E+00  1.0000E+00  0.0000E+00  0.0000E+00  0.0000E+00  0.0000E+00  0.0000E+00  0.0000E+00  0.0000E+00
  2.0000E+01  0.0000E+00  0.0000E+00  0.0000E+00  0.0000E+00  0.0000E+00  0.0000E+00  0.0000E+00  0.0000E+00  0.0000E+00  0.0000E+00  0.0000E+00
  2.0000E+01  5.0000E-01  0.0000E+00  2.0607E+01  0.0000E+00  1.4620E+01 -1.9403E-01  6.3975E-01  2.0607E+01  3.6436E+01 -1.5829E+01 -2.1866E-01
  2.0000E+01  1.0000E+00  0.0000E+00  1.2830E+01  0.0000E+00  1.2959E+01 -8.5466E-01 -1.5564E-02  1.2830E+01  3.4147E+01 -2.1317E+01 -4.4735E-01
  2.0000E+01  2.0000E+00  0.0000E+00  1.2017E+01  0.0000E+00  1.0218E+01 -5.5334E-01  2.7505E-01  1.2017E+01  3.0059E+01 -1.8042E+01 -3.7208E-01
  2.0000E+01  4.0000E+00  0.0000E+00  6.5880E+00  0.0000E+00  6.4893E+00 -7.1972E-01  2.3758E-02  6.5880E+00  2.3625E+01 -1.7037E+01 -4.3174E-01
  2.0000E+01  8.0000E+00  0.0000E+00  2.8710E+00  0.0000E+00  2.9013E+00 -5.0030E-01 -1.6289E-02  2.8710E+00  1.5440E+01 -1.2569E+01 -3.5152E-01
  2.0000E+01  2.4000E+01  0.0000E+00  6.0000E-01  0.0000E+00  4.0153E-01  5.0509E-01  7.7217E-01  6.0000E-01  4.8868E+00 -4.2868E+00 -3.0297E-02
  2.1000E+01  0.0000E+00  2.5000E+05  0.0000E+00  1.0000E+00  0.0000E+00  0.0000E+00  0.0000E+00  0.0000E+00  0.0000E+00  0.0000E+00  0.0000E+00
  2.1000E+01  0.0000E+00  0.0000E+00  0.0000E+00  0.0000E+00  0.0000E+00  0.0000E+00  0.0000E+00  0.0000E+00  0.0000E+00  0.0000E+00  0.0000E+00
  2.1000E+01  5.0000E-01  0.0000E+00  2.0194E+01  0.0000E+00  1.4608E+01 -5.9964E-02  5.9730E-01  2.0194E+01  3.6436E+01 -1.6242E+01 -1.9713E-01
  2.1000E+01  1.0000E+00  0.0000E+00  1.3124E+01  0.0000E+00  1.3239E+01 -6.5025E-01 -1.3584E-02  1.3124E+01  3.4147E+01 -2.1023E+01 -4.0009E-01
  2.1000E+01  2.0000E+00  0.0000E+00  6.5080E+00  0.0000E+00  1.0891E+01 -1.2194E+00 -6.2869E-01  6.5080E+00  3.0059E+01 -2.3551E+01 -5.7663E-01
  2.1000E+01  4.0000E+00  0.0000E+00  1.8150E+00  0.0000E+00  7.4633E+00 -1.6781E+00 -1.1822E+00  1.8150E+00  2.3625E+01 -2.1810E+01 -6.5594E-01
  2.1000E+01  8.0000E+00  0.0000E+00  6.6610E+00  0.0000E+00  3.7204E+00  8.6300E-01  1.2347E+00  6.6610E+00  1.5440E+01 -8.7792E+00 -7.2446E-02
  2.1000E+01  2.4000E+01  0.0000E+00  6.0000E-01  0.0000E+00  5.5725E-01 -2.8277E-01  1.1985E-01  6.0000E-01  4.8868E+00 -4.2868E+00 -4.9623E-02
  2.2000E+01  0.0000E+00  5.0000E+05  0.0000E+00  1.0000E+00  0.0000E+00  0.0000E+00  0.0000E+00  0.0000E+00  0.0000E+00  0.0000E+00  0.0000E+00
  2.2000E+01  0.0000E+00  0.0000E+00  0.0000E+00  0.0000E+00  0.0000E+00  0.0000E+00  0.0000E+00  0.0000E+00  0.0000E+00  0.0000E+00  0.0000E+00
  2.2000E+01  5.0000E-01  0.0000E+00  2.0892E+01  0.0000E+00  2.0117E+01 -4.0571E-01  6.0208E-02  2.0892E+01  3.6754E+01 -1.5862E+01 -2.9504E-01
  2.2000E+01  1.0000E+00  0.0000E+00  2.0896E+01  0.0000E+00  1.8663E+01 -2.7679E-01  1.8687E-01  2.0896E+01  3.4444E+01 -1.3548E+01 -2.3345E-01
  2.2000E+01  2.0000E+00  0.0000E+00  1.6873E+01  0.0000E+00  1.6081E+01 -3.8407E-01  7.6954E-02  1.6873E+01  3.0321E+01 -1.3448E+01 -2.7504E-01
  2.2000E+01  4.0000E+00  0.0000E+00  5.7380E+00  0.0000E+00  1.2051E+01 -1.2826E+00 -8.1833E-01  5.7380E+00  2.3830E+01 -1.8092E+01 -6.1905E-01
  2.2000E+01  8.0000E+00  0.0000E+00  1.4398E+01  0.0000E+00  7.0570E+00  1.1281E+00  1.6250E+00  1.4398E+01  1.5575E+01 -1.1768E+00  2.6369E-01
  2.2000E+01  2.4000E+01  0.0000E+00  1.1130E+00  0.0000E+00  1.4826E+00 -8.8624E-01 -3.8942E-01  1.1130E+00  4.9294E+00 -3.8164E+00 -1.9470E-01
  2.3000E+01  0.0000E+00  5.0000E+05  0.0000E+00  1.0000E+00  0.0000E+00  0.0000E+00  0.0000E+00  0.0000E+00  0.0000E+00  0.0000E+00  0.0000E+00
  2.3000E+01  0.0000E+00  0.0000E+00  0.0000E+00  0.0000E+00  0.0000E+00  0.0000E+00  0.0000E+00  0.0000E+00  0.0000E+00  0.0000E+00  0.0000E+00
  2.3000E+01  5.0000E-01  0.0000E+00  6.3520E+01  0.0000E+00  3.4464E+01  1.2214E+00  1.3170E+00  6.3520E+01  3.6754E+01  2.6766E+01  1.0033E+00
  2.3000E+01  1.0000E+00  0.0000E+00  2.7973E+01  0.0000E+00  3.0413E+01 -2.7530E-01 -1.2535E-01  2.7973E+01  3.4444E+01 -6.4712E+00 -1.8066E-01
  2.3000E+01  2.0000E+00  0.0000E+00  1.2101E+01  0.0000E+00  2.3721E+01 -1.0033E+00 -7.6525E-01  1.2101E+01  3.0321E+01 -1.8220E+01 -6.7933E-01
  2.3000E+01  4.0000E+00  0.0000E+00  7.7790E+00  0.0000E+00  1.4625E+01 -1.0892E+00 -7.3125E-01  7.7790E+00  2.3830E+01 -1.6051E+01 -6.6403E-01
  2.3000E+01  8.0000E+00  0.0000E+00  1.1122E+01  0.0000E+00  5.9883E+00  7.9832E-01  1.3392E+00  1.1122E+01  1.5575E+01 -4.4528E+00 -1.6587E-02
  2.3000E+01  2.4000E+01  0.0000E+00  6.0000E-01  0.0000E+00  6.8217E-01 -8.5541E-01 -1.8817E-01  6.0000E-01  4.9294E+00 -4.3294E+00 -1.3848E-01
  2.4000E+01  0.0000E+00  5.0000E+05  0.0000E+00  1.0000E+00  0.0000E+00  0.0000E+00  0.0000E+00  0.0000E+00  0.0000E+00  0.0000E+00  0.0000E+00
  2.4000E+01  0.0000E+00  0.0000E+00  0.0000E+00  0.0000E+00  0.0000E+00  0.0000E+00  0.0000E+00  0.0000E+00  0.0000E+00  0.0000E+00  0.0000E+00
  2.4000E+01  5.0000E-01  0.0000E+00  6.2078E+01  0.0000E+00  4.7769E+01  6.9585E-01  4.6794E-01  6.2078E+01  3.6754E+01  2.5324E+01  8.2216E-01
  2.4000E+01  1.0000E+00  0.0000E+00  1.7933E+01  0.0000E+00  4.6228E+01 -7.0536E-01 -9.5615E-01  1.7933E+01  3.4444E+01 -1.6511E+01 -7.4279E-01
  2.4000E+01  2.0000E+00  0.0000E+00  2.0081E+01  0.0000E+00  4.3342E+01 -5.4342E-01 -8.3838E-01  2.0081E+01  3.0321E+01 -1.0240E+01 -6.2007E-01
  2.4000E+01  4.0000E+00  0.0000E+00  1.3612E+01  0.0000E+00  3.8425E+01 -6.3140E-01 -1.0087E+00  1.3612E+01  2.3830E+01 -1.0218E+01 -8.4748E-01
  2.4000E+01  8.0000E+00  0.0000E+00  7.3308E+01  0.0000E+00  3.1163E+01  2.6334E+00  2.1127E+00  7.3308E+01  1.5575E+01  5.7733E+01  3.4972E+00
  2.4000E+01  2.4000E+01  0.0000E+00  1.2590E+00  0.0000E+00  1.7824E+01 -5.2698E-01 -1.4518E+00  1.2590E+00  4.9294E+00 -3.6704E+00 -1.2799E+00
  2.5000E+01  0.0000E+00  1.2500E+05  0.0000E+00  1.0000E+00  0.0000E+00  0.0000E+00  0.0000E+00  0.0000E+00  0.0000E+00  0.0000E+00  0.0000E+00
  2.5000E+01  6.4850E+02  0.0000E+00  7.4066E+01  0.0000E+00  5.5717E+01  7.1621E-01  5.1445E-01  7.4066E+01  4.2531E+01  3.1535E+01  7.7280E-01
  2.5000E+01  6.4900E+02  0.0000E+00  3.0944E+01  0.0000E+00  5.4005E+01 -4.5244E-01 -6.6705E-01  3.0944E+01  4.0104E+01 -9.1600E+00 -4.5877E-01
  2.5000E+01  6.5000E+02  0.0000E+00  6.1250E+00  0.0000E+00  5.0812E+01 -1.1350E+00 -1.3738E+00  6.1250E+00  3.5751E+01 -2.9626E+01 -1.2067E+00
  2.5000E+01  6.5200E+02  0.0000E+00  3.0089E+01  0.0000E+00  4.5355E+01 -2.4468E-01 -5.2581E-01  3.0089E+01  2.8815E+01  1.2737E+00 -2.6846E-01
  2.5000E+01  6.5600E+02  0.0000E+00  8.4092E+01  0.0000E+00  3.7175E+01  2.3179E+00  1.9715E+00  8.4092E+01  1.9746E+01  6.4346E+01  2.4651E+00
  2.5000E+01  6.7200E+02  0.0000E+00  8.0090E+00  0.0000E+00  2.0753E+01 -4.7312E-01 -9.5927E-01  8.0090E+00  6.8956E+00  1.1134E+00 -5.2317E-01
  2.6000E+01  0.0000E+00  1.2500E+05  0.0000E+00  1.0000E+00  0.0000E+00  0.0000E+00  0.0000E+00  0.0000E+00  0.0000E+00  0.0000E+00  0.0000E+00
  2.6000E+01  6.4850E+02  0.0000E+00  5.0296E+01  0.0000E+00  7.5450E+01  4.9865E-02 -5.2079E-01  5.0296E+01  4.2531E+01  7.7650E+00 -1.0296E-01
  2.6000E+01  6.4900E+02  0.0000E+00  1.4633E+02  0.0000E+00  6.6578E+01  2.3069E+00  1.8713E+00  1.4633E+02  4.0104E+01  1.0623E+02  2.9216E+00
  2.6000E+01  6.5000E+02  0.0000E+00  8.6660E+00  0.0000E+00  5.2032E+01 -1.1156E+00 -1.3020E+00  8.6660E+00  3.5751E+01 -2.7085E+01 -1.2102E+00
  2.6000E+01  6.5200E+02  0.0000E+00  3.1890E+01  0.0000E+00  3.2504E+01 -2.5511E-01 -2.9508E-02  3.1890E+01  2.8815E+01  3.0747E+00 -1.7254E-01
  2.6000E+01  6.5600E+02  0.0000E+00  2.1724E+01  0.0000E+00  1.4226E+01  7.5526E-02  8.2336E-01  2.1724E+01  1.9746E+01  1.9782E+00 -1.3721E-01
  2.6000E+01  6.7200E+02  0.0000E+00  2.5220E+00  0.0000E+00  2.2355E+00 -7.0556E-01  2.0022E-01  2.5220E+00  6.8956E+00 -4.3736E+00 -4.5610E-01
  2.7000E+01  0.0000E+00  1.2500E+05  0.0000E+00  1.0000E+00  0.0000E+00  0.0000E+00  0.0000E+00  0.0000E+00  0.0000E+00  0.0000E+00  0.0000E+00
  2.7000E+01  6.4850E+02  0.0000E+00  2.1252E+02  0.0000E+00  1.1245E+02  2.1508E+00  1.3901E+00  2.1252E+02  4.2531E+01  1.6998E+02  4.0258E+00
  2.7000E+01  6.4900E+02  0.0000E+00  3.0835E+01  0.0000E+00  1.0030E+02 -4.5410E-01 -1.0819E+00  3.0835E+01  4.0104E+01 -9.2690E+00 -1.2477E+00
  2.7000E+01  6.5000E+02  0.0000E+00  1.4641E+02  0.0000E+00  8.0138E+01  1.6772E+00  1.2918E+00  1.4641E+02  3.5751E+01  1.1066E+02  2.6864E+00
  2.7000E+01  6.5200E+02  0.0000E+00  9.8230E+00  0.0000E+00  5.2417E+01 -1.2702E+00 -1.2694E+00  9.8230E+00  2.8815E+01 -1.8992E+01 -1.6422E+00
  2.7000E+01  6.5600E+02  0.0000E+00  3.2820E+01  0.0000E+00  2.5166E+01  3.1571E-02  4.7514E-01  3.2820E+01  1.9746E+01  1.3074E+01 -2.4964E-01
  2.7000E+01  6.7200E+02  0.0000E+00  6.0010E+00  0.0000E+00  4.7639E+00 -2.6620E-01  4.0564E-01  6.0010E+00  6.8956E+00 -8.9456E-01 -6.7914E-01
  2.8000E+01  0.0000E+00  2.5000E+05  0.0000E+00  1.0000E+00  0.0000E+00  0.0000E+00  0.0000E+00  0.0000E+00  0.0000E+00  0.0000E+00  0.0000E+00
  2.8000E+01  6.4850E+02  0.0000E+00  6.4244E+01  0.0000E+00  6.0969E+01  4.1041E-01  8.3912E-02  6.4244E+01  4.3266E+01  2.0978E+01  4.5104E-01
  2.8000E+01  6.4900E+02  0.0000E+00  3.7738E+01  0.0000E+00  5.9527E+01 -2.2573E-01 -5.7179E-01  3.7738E+01  4.0797E+01 -3.0593E+00 -2.7447E-01
  2.8000E+01  6.5000E+02  0.0000E+00  9.7220E+00  0.0000E+00  5.6816E+01 -9.1106E-01 -1.2948E+00  9.7220E+00  3.6369E+01 -2.6647E+01 -1.1013E+00
  2.8000E+01  6.5200E+02  0.0000E+00  2.0965E+01  0.0000E+00  5.2112E+01 -4.8089E-01 -9.3368E-01  2.0965E+01  2.9313E+01 -8.3484E+00 -6.3646E-01
  2.8000E+01  6.5600E+02  0.0000E+00  1.0345E+02  0.0000E+00  4.4840E+01  2.6109E+00  2.0419E+00  1.0345E+02  2.0087E+01  8.3363E+01  3.2361E+00
  2.8000E+01  6.7200E+02  0.0000E+00  2.1540E+00  0.0000E+00  2.8777E+01 -5.6824E-01 -1.4452E+00  2.1540E+00  7.0148E+00 -4.8608E+00 -1.0341E+00
  2.9000E+01  0.0000E+00  2.5000E+05  0.0000E+00  1.0000E+00  0.0000E+00  0.0000E+00  0.0000E+00  0.0000E+00  0.0000E+00  0.0000E+00  0.0000E+00
  2.9000E+01  6.4850E+02  0.0000E+00  1.4612E+02  0.0000E+00  7.6020E+01  1.7515E+00  1.4404E+00  1.4612E+02  4.3266E+01  1.0285E+02  2.4210E+00
  2.9000E+01  6.4900E+02  0.0000E+00  2.4291E+01  0.0000E+00  7.2017E+01 -7.5418E-01 -1.0352E+00  2.4291E+01  4.0797E+01 -1.6506E+01 -1.0713E+00
  2.9000E+01  6.5000E+02  0.0000E+00  2.4490E+01  0.0000E+00  6.4809E+01 -7.5086E-01 -9.7184E-01  2.4490E+01  3.6369E+01 -1.1879E+01 -1.0160E+00
  2.9000E+01  6.5200E+02  0.0000E+00  8.2620E+01  0.0000E+00  5.3243E+01  9.6613E-01  8.6190E-01  8.2620E+01  2.9313E+01  5.3307E+01  1.2407E+00
  2.9000E+01  6.5600E+02  0.0000E+00  5.3802E+01  0.0000E+00  3.7883E+01  5.5271E-01  6.5644E-01  5.3802E+01  2.0087E+01  3.3715E+01  6.8518E-01
  2.9000E+01  6.7200E+02  0.0000E+00  1.7604E+01  0.0000E+00  1.4928E+01 -3.0285E-01  2.8000E-01  1.7604E+01  7.0148E+00  1.0589E+01 -6.8080E-02
  3.0000E+01  0.0000E+00  2.5000E+05  0.0000E+00  1.0000E+00  0.0000E+00  0.0000E+00  0.0000E+00  0.0000E+00  0.0000E+00  0.0000E+00  0.0000E+00
  3.0000E+01  6.4850E+02  0.0000E+00  2.4478E+01  0.0000E+00  5.7735E+01 -4.5480E-01 -8.9983E-01  2.4478E+01  4.3266E+01 -1.8788E+01 -5.7154E-01
  3.0000E+01  6.4900E+02  0.0000E+00  4.3707E+01  0.0000E+00  5.2684E+01  8.9965E-02 -2.6618E-01  4.3707E+01  4.0797E+01  2.9097E+00  5.1615E-02
  3.0000E+01  6.5000E+02  0.0000E+00  2.1750E+01  0.0000E+00  4.3940E+01 -6.1099E-01 -7.8890E-01  2.1750E+01  3.6369E+01 -1.4619E+01 -5.2072E-01
  3.0000E+01  6.5200E+02  0.0000E+00  7.7547E+01  0.0000E+00  3.0938E+01  2.1871E+00  2.3534E+00  7.7547E+01  2.9313E+01  4.8234E+01  1.7052E+00
  3.0000E+01  6.5600E+02  0.0000E+00  1.7104E+01  0.0000E+00  1.6255E+01 -6.3082E-01  8.1610E-02  1.7104E+01  2.0087E+01 -2.9832E+00 -2.1536E-01
  3.0000E+01  6.7200E+02  0.0000E+00  1.4920E+00  0.0000E+00  2.9491E+00 -1.6059E+00 -7.7182E-01  1.4920E+00  7.0148E+00 -5.5228E+00 -5.4454E-01
  3.1000E+01  0.0000E+00  5.0000E+05  0.0000E+00  1.0000E+00  0.0000E+00  0.0000E+00  0.0000E+00  0.0000E+00  0.0000E+00  0.0000E+00  0.0000E+00
  3.1000E+01  6.4850E+02  0.0000E+00  1.4763E+02  0.0000E+00  1.0847E+02  1.0868E+00  5.6389E-01  1.4763E+02  4.3643E+01  1.0398E+02  2.0148E+00
  3.1000E+01  6.4900E+02  0.0000E+00  6.0196E+01  0.0000E+00  1.0667E+02 -1.4724E-01 -6.8060E-01  6.0196E+01  4.1153E+01  1.9043E+01 -4.6798E-01
  3.1000E+01  6.5000E+02  0.0000E+00  4.5454E+01  0.0000E+00  1.0327E+02 -3.2114E-01 -8.7458E-01  4.5454E+01  3.6686E+01  8.7680E+00 -8.9736E-01
  3.1000E+01  6.5200E+02  0.0000E+00  3.7415E+01  0.0000E+00  9.7326E+01 -3.7183E-01 -9.6160E-01  3.7415E+01  2.9569E+01  7.8460E+00 -1.1210E+00
  3.1000E+01  6.5600E+02  0.0000E+00  2.0174E+02  0.0000E+00  8.7948E+01  2.6711E+00  2.0211E+00  2.0174E+02  2.0262E+01  1.8147E+02  6.2859E+00
  3.1000E+01  6.7200E+02  0.0000E+00  4.0700E+00  0.0000E+00  6.5510E+01 -6.5639E-01 -1.4651E+00  4.0700E+00  7.0759E+00 -3.0059E+00 -2.2799E+00
  3.2000E+01  0.0000E+00  5.0000E+05  0.0000E+00  1.0000E+00  0.0000E+00  0.0000E+00  0.0000E+00  0.0000E+00  0.0000E+00  0.0000E+00  0.0000E+00
  3.2000E+01  6.4850E+02  0.0000E+00  2.4420E+01  0.0000E+00  8.0276E+01 -8.2577E-01 -1.0869E+00  2.4420E+01  4.3643E+01 -1.9223E+01 -1.2000E+00
  3.2000E+01  6.4900E+02  0.0000E+00  4.5068E+01  0.0000E+00  7.7230E+01 -4.0528E-01 -6.5054E-01  4.5068E+01  4.1153E+01  3.9149E+00 -5.9384E-01
  3.2000E+01  6.5000E+02  0.0000E+00  1.5002E+02  0.0000E+00  7.1628E+01  1.9225E+00  1.7097E+00  1.5002E+02  3.6686E+01  1.1334E+02  2.8230E+00
  3.2000E+01  6.5200E+02  0.0000E+00  8.7104E+01  0.0000E+00  6.2284E+01  7.6945E-01  6.2251E-01  8.7104E+01  2.9569E+01  5.7535E+01  1.0945E+00
  3.2000E+01  6.5600E+02  0.0000E+00  6.0706E+01  0.0000E+00  4.8905E+01  3.9756E-01  3.7695E-01  6.0706E+01  2.0262E+01  4.0444E+01  5.5794E-01
  3.2000E+01  6.7200E+02  0.0000E+00  2.8840E+01  0.0000E+00  2.4713E+01 -9.0944E-02  2.6084E-01  2.8840E+01  7.0759E+00  2.1764E+01  2.1907E-01
  3.3000E+01  0.0000E+00  5.0000E+05  0.0000E+00  1.0000E+00  0.0000E+00  0.0000E+00  0.0000E+00  0.0000E+00  0.0000E+00  0.0000E+00  0.0000E+00
  3.3000E+01  6.4850E+02  0.0000E+00  9.8501E+01  0.0000E+00  7.6509E+01  5.6402E-01  4.4902E-01  9.8501E+01  4.3643E+01  5.4858E+01  8.2137E-01
  3.3000E+01  6.4900E+02  0.0000E+00  5.3954E+01  0.0000E+00  7.3827E+01 -3.1374E-01 -4.2050E-01  5.3954E+01  4.1153E+01  1.2801E+01 -4.1652E-01
  3.3000E+01  6.5000E+02  0.0000E+00  6.4530E+01  0.0000E+00  6.8872E+01 -8.8297E-03 -9.8484E-02  6.4530E+01  3.6686E+01  2.7844E+01  3.7144E-03
  3.3000E+01  6.5200E+02  0.0000E+00  1.3317E+02  0.0000E+00  6.0538E+01  1.9287E+00  1.8742E+00  1.3317E+02  2.9569E+01  1.0360E+02  2.7308E+00
  3.3000E+01  6.5600E+02  0.0000E+00  3.9382E+01  0.0000E+00  4.8414E+01 -3.0668E-01 -2.9143E-01  3.9382E+01  2.0262E+01  1.9120E+01 -3.6690E-01
  3.3000E+01  6.7200E+02  0.0000E+00  3.0098E+01  0.0000E+00  2.5612E+01  4.2035E-02  2.7362E-01  3.0098E+01  7.0759E+00  2.3022E+01  4.1336E-01
  3.4000E+01  0.0000E+00  1.2500E+05  0.0000E+00  1.0000E+00  0.0000E+00  0.0000E+00  0.0000E+00  0.0000E+00  0.0000E+00  0.0000E+00  0.0000E+00
  3.4000E+01  6.4850E+02  0.0000E+00  3.5010E+01  0.0000E+00  2.1790E+01  5.3785E-01  9.4772E-01  3.5010E+01  4.2531E+01 -7.5210E+00  1.0901E-01
  3.4000E+01  6.4900E+02  0.0000E+00  5.0250E+00  0.0000E+00  1.8836E+01 -1.5996E+00 -1.1454E+00  5.0250E+00  4.0104E+01 -3.5079E+01 -7.2382E-01
  3.4000E+01  6.5000E+02  0.0000E+00  0.0000E+00  1.0000E+00  1.4136E+01  0.0000E+00 -1.5621E+00  0.0000E+00  3.5751E+01  0.0000E+00  0.0000E+00
  3.4000E+01  6.5200E+02  0.0000E+00  6.2690E+00  0.0000E+00  8.1776E+00 -8.6275E-01 -3.6459E-01  6.2690E+00  2.8815E+01 -2.2546E+01 -4.0605E-01
  3.4000E+01  6.5600E+02  0.0000E+00  3.5510E+00  0.0000E+00  3.1554E+00 -1.6362E-01  1.9582E-01  3.5510E+00  1.9746E+01 -1.6195E+01 -2.3726E-01
  3.4000E+01  6.7200E+02  0.0000E+00  6.0000E-01  0.0000E+00  3.9863E-01  4.4733E-01  7.8915E-01  6.0000E-01  6.8956E+00 -6.2956E+00  4.3718E-02
  3.5000E+01  0.0000E+00  1.2500E+05  0.0000E+00  1.0000E+00  0.0000E+00  0.0000E+00  0.0000E+00  0.0000E+00  0.0000E+00  0.0000E+00  0.0000E+00
  3.5000E+01  6.4850E+02  0.0000E+00  2.1542E+01  0.0000E+00  1.4341E+01  8.7070E-02  7.8431E-01  2.1542E+01  4.2531E+01 -2.0989E+01 -1.9031E-01
  3.5000E+01  6.4900E+02  0.0000E+00  8.6120E+00  0.0000E+00  1.2911E+01 -1.1884E+00 -5.2017E-01  8.6120E+00  4.0104E+01 -3.1492E+01 -5.1783E-01
  3.5000E+01  6.5000E+02  0.0000E+00  6.8900E+00  0.0000E+00  1.0491E+01 -1.1399E+00 -5.3618E-01  6.8900E+00  3.5751E+01 -2.8861E+01 -4.7204E-01
  3.5000E+01  6.5200E+02  0.0000E+00  2.5340E+00  0.0000E+00  7.0401E+00 -1.4726E+00 -9.9986E-01  2.5340E+00  2.8815E+01 -2.6281E+01 -4.5161E-01
  3.5000E+01  6.5600E+02  0.0000E+00  5.9780E+00  0.0000E+00  3.4240E+00  8.5840E-01  1.1652E+00  5.9780E+00  1.9746E+01 -1.3768E+01 -4.3549E-02
  3.5000E+01  6.7200E+02  0.0000E+00  6.0000E-01  0.0000E+00  5.2093E-01 -1.1762E-01  2.3711E-01  6.0000E-01  6.8956E+00 -6.2956E+00  1.0244E-01
  3.6000E+01  0.0000E+00  1.2500E+05  0.0000E+00  1.0000E+00  0.0000E+00  0.0000E+00  0.0000E+00  0.0000E+00  0.0000E+00  0.0000E+00  0.0000E+00
  3.6000E+01  6.4850E+02  0.0000E+00  3.4776E+01  0.0000E+00  2.0059E+01  6.7556E-01  1.1462E+00  3.4776E+01  4.2531E+01 -7.7550E+00  1.3503E-01
  3.6000E+01  6.4900E+02  0.0000E+00  1.3631E+01  0.0000E+00  1.7591E+01 -8.2657E-01 -3.5165E-01  1.3631E+01  4.0104E+01 -2.6473E+01 -4.2661E-01
  3.6000E+01  6.5000E+02  0.0000E+00  4.0710E+00  0.0000E+00  1.3579E+01 -1.5527E+00 -1.0938E+00  4.0710E+00  3.5751E+01 -3.1680E+01 -6.2574E-01
  3.6000E+01  6.5200E+02  0.0000E+00  4.7670E+00  0.0000E+00  8.2814E+00 -1.0374E+00 -6.6293E-01  4.7670E+00  2.8815E+01 -2.4048E+01 -4.2429E-01
  3.6000E+01  6.5600E+02  0.0000E+00  5.2920E+00  0.0000E+00  3.4623E+00  5.8293E-01  8.2552E-01  5.2920E+00  1.9746E+01 -1.4454E+01 -1.2045E-01
  3.6000E+01  6.7200E+02  0.0000E+00  6.0000E-01  0.0000E+00  4.5555E-01  1.2311E-01  4.9533E-01  6.0000E-01  6.8956E+00 -6.2956E+00  7.7220E-02
  3.7000E+01  0.0000E+00  2.5000E+05  0.0000E+00  1.0000E+00  0.0000E+00  0.0000E+00  0.0000E+00  0.0000E+00  0.0000E+00  0.0000E+00  0.0000E+00
  3.7000E+01  6.4850E+02  0.0000E+00  2.8486E+01  0.0000E+00  1.8568E+01  1.7180E-01  8.3443E-01  2.8486E+01  4.3266E+01 -1.4780E+01 -8.4718E-02
  3.7000E+01  6.4900E+02  0.0000E+00  1.1131E+01  0.0000E+00  1.6641E+01 -1.1881E+00 -5.1721E-01  1.1131E+01  4.0797E+01 -2.9666E+01 -5.3265E-01
  3.7000E+01  6.5000E+02  0.0000E+00  1.5256E+01  0.0000E+00  1.3412E+01 -4.5966E-01  2.1481E-01  1.5256E+01  3.6369E+01 -2.1113E+01 -2.9408E-01
  3.7000E+01  6.5200E+02  0.0000E+00  1.0727E+01  0.0000E+00  8.8921E+00 -3.2255E-01  3.2235E-01  1.0727E+01  2.9313E+01 -1.8586E+01 -2.4554E-01
  3.7000E+01  6.5600E+02  0.0000E+00  4.5780E+00  0.0000E+00  4.2966E+00 -4.2997E-01  1.0230E-01  4.5780E+00  2.0087E+01 -1.5509E+01 -2.0290E-01
  3.7000E+01  6.7200E+02  0.0000E+00  1.0060E+00  0.0000E+00  6.9179E-01  2.7653E-01  7.0952E-01  1.0060E+00  7.0148E+00 -6.0088E+00  4.9846E-02
  3.8000E+01  0.0000E+00  2.5000E+05  0.0000E+00  1.0000E+00  0.0000E+00  0.0000E+00  0.0000E+00  0.0000E+00  0.0000E+00  0.0000E+00  0.0000E+00
  3.8000E+01  6.4850E+02  0.0000E+00  3.0100E+01  0.0000E+00  2.2821E+01 -3.5044E-02  4.9822E-01  3.0100E+01  4.3266E+01 -1.3166E+01 -1.2066E-01
  3.8000E+01  6.4900E+02  0.0000E+00  2.6832E+01  0.0000E+00  2.1016E+01 -1.0282E-01  4.3234E-01  2.6832E+01  4.0797E+01 -1.3965E+01 -1.4801E-01
  3.8000E+01  6.5000E+02  0.0000E+00  1.0962E+01  0.0000E+00  1.7867E+01 -1.1415E+00 -6.0371E-01  1.0962E+01  3.6369E+01 -2.5407E+01 -5.2949E-01
  3.8000E+01  6.5200E+02  0.0000E+00  1.5374E+01  0.0000E+00  1.3112E+01 -2.7248E-01  2.6945E-01  1.5374E+01  2.9313E+01 -1.3939E+01 -1.8442E-01
  3.8000E+01  6.5600E+02  0.0000E+00  1.1924E+01  0.0000E+00  7.5348E+00  3.5271E-01  9.0998E-01  1.1924E+01  2.0087E+01 -8.1632E+00 -1.5819E-03
  3.8000E+01  6.7200E+02  0.0000E+00  2.0360E+00  0.0000E+00  1.6595E+00 -2.6141E-01  3.5442E-01  2.0360E+00  7.0148E+00 -4.9788E+00 -8.4716E-03
  3.9000E+01  0.0000E+00  2.5000E+05  0.0000E+00  1.0000E+00  0.0000E+00  0.0000E+00  0.0000E+00  0.0000E+00  0.0000E+00  0.0000E+00  0.0000E+00
  3.9000E+01  6.4850E+02  0.0000E+00  4.0823E+01  0.0000E+00  2.3233E+01  6.9537E-01  1.1828E+00  4.0823E+01  4.3266E+01 -2.4433E+00  2.0550E-01
  3.9000E+01  6.4900E+02  0.0000E+00  1.4413E+01  0.0000E+00  2.1028E+01 -9.8436E-01 -4.9141E-01  1.4413E+01  4.0797E+01 -2.6384E+01 -5.0094E-01
  3.9000E+01  6.5000E+02  0.0000E+00  1.2523E+01  0.0000E+00  1.7290E+01 -9.2476E-01 -4.3071E-01  1.2523E+01  3.6369E+01 -2.3846E+01 -4.5202E-01
  3.9000E+01  6.5200E+02  0.0000E+00  1.5130E+01  0.0000E+00  1.1937E+01 -4.9631E-02  4.1786E-01  1.5130E+01  2.9313E+01 -1.4183E+01 -1.5563E-01
  3.9000E+01  6.5600E+02  0.0000E+00  5.8410E+00  0.0000E+00  6.2331E+00 -4.7311E-01 -9.8259E-02  5.8410E+00  2.0087E+01 -1.4246E+01 -2.1855E-01
  3.9000E+01  6.7200E+02  0.0000E+00  1.7660E+00  0.0000E+00  1.1837E+00  4.3375E-01  7.6850E-01  1.7660E+00  7.0148E+00 -5.2488E+00  4.4039E-02
  4.0000E+01  0.0000E+00  5.0000E+05  0.0000E+00  1.0000E+00  0.0000E+00  0.0000E+00  0.0000E+00  0.0000E+00  0.0000E+00  0.0000E+00  0.0000E+00
  4.0000E+01  6.4850E+02  0.0000E+00  4.5391E+01  0.0000E+00  3.6895E+01  2.0465E-01  3.5973E-01  4.5391E+01  4.3643E+01  1.7475E+00  1.1662E-01
  4.0000E+01  6.4900E+02  0.0000E+00  3.4480E+01  0.0000E+00  3.5409E+01 -1.7405E-01 -4.0989E-02  3.4480E+01  4.1153E+01 -6.6731E+00 -1.3488E-01
  4.0000E+01  6.5000E+02  0.0000E+00  1.3880E+01  0.0000E+00  3.2669E+01 -9.8876E-01 -8.9843E-01  1.3880E+01  3.6686E+01 -2.2806E+01 -6.7505E-01
  4.0000E+01  6.5200E+02  0.0000E+00  2.0645E+01  0.0000E+00  2.8075E+01 -4.2407E-01 -4.1340E-01  2.0645E+01  2.9569E+01 -8.9240E+00 -2.7869E-01
  4.0000E+01  6.5600E+02  0.0000E+00  4.6133E+01  0.0000E+00  2.1459E+01  1.9242E+00  1.7962E+00  4.6133E+01  2.0262E+01  2.5871E+01  1.1611E+00
  4.0000E+01  6.7200E+02  0.0000E+00  9.7100E-01  0.0000E+00  9.7307E+00 -8.8194E-01 -1.4063E+00  9.7100E-01  7.0759E+00 -6.1049E+00 -4.9762E-01
  4.1000E+01  0.0000E+00  5.0000E+05  0.0000E+00  1.0000E+00  0.0000E+00  0.0000E+00  0.0000E+00  0.0000E+00  0.0000E+00  0.0000E+00  0.0000E+00
  4.1000E+01  6.4850E+02  0.0000E+00  6.4231E+01  0.0000E+00  4.0057E+01  8.9165E-01  9.4274E-01  6.4231E+01  4.3643E+01  2.0588E+01  6.4328E-01
  4.1000E+01  6.4900E+02  0.0000E+00  2.8485E+01  0.0000E+00  3.7020E+01 -4.3889E-01 -3.6016E-01  2.8485E+01  4.1153E+01 -1.2668E+01 -3.1732E-01
  4.1000E+01  6.5000E+02  0.0000E+00  9.4640E+00  0.0000E+00  3.1687E+01 -1.2285E+00 -1.0956E+00  9.4640E+00  3.6686E+01 -2.7222E+01 -8.0505E-01
  4.1000E+01  6.5200E+02  0.0000E+00  3.0919E+01  0.0000E+00  2.3531E+01  2.5669E-01  4.9043E-01  3.0919E+01  2.9569E+01  1.3500E+00  1.3538E-01
  4.1000E+01  6.5600E+02  0.0000E+00  2.5956E+01  0.0000E+00  1.3759E+01  1.0019E+00  1.3849E+00  2.5956E+01  2.0262E+01  5.6937E+00  3.5759E-01
  4.1000E+01  6.7200E+02  0.0000E+00  6.0000E-01  0.0000E+00  3.1720E+00 -1.4953E+00 -1.2667E+00  6.0000E-01  7.0759E+00 -6.4759E+00 -3.7648E-01
  4.2000E+01  0.0000E+00  5.0000E+05  0.0000E+00  1.0000E+00  0.0000E+00  0.0000E+00  0.0000E+00  0.0000E+00  0.0000E+00  0.0000E+00  0.0000E+00
  4.2000E+01  6.4850E+02  0.0000E+00  4.0872E+01  0.0000E+00  2.9866E+01  3.1357E-01  5.7566E-01  4.0872E+01  4.3643E+01 -2.7715E+00  1.1613E-01
  4.2000E+01  6.4900E+02  0.0000E+00  1.4567E+01  0.0000E+00  2.7498E+01 -1.0130E+00 -7.3460E-01  1.4567E+01  4.1153E+01 -2.6586E+01 -5.8651E-01
  4.2000E+01  6.5000E+02  0.0000E+00  3.1051E+01  0.0000E+00  2.3355E+01  2.0482E-01  5.1477E-01  3.1051E+01  3.6686E+01 -5.6350E+00  4.3270E-02
  4.2000E+01  6.5200E+02  0.0000E+00  1.0596E+01  0.0000E+00  1.7066E+01 -9.6068E-01 -5.9224E-01  1.0596E+01  2.9569E+01 -1.8973E+01 -4.3797E-01
  4.2000E+01  6.5600E+02  0.0000E+00  1.9287E+01  0.0000E+00  9.6488E+00  1.1054E+00  1.5604E+00  1.9287E+01  2.0262E+01 -9.7532E-01  2.3896E-01
  4.2000E+01  6.7200E+02  0.0000E+00  6.0000E-01  0.0000E+00  2.0077E+00 -1.3379E+00 -1.0953E+00  6.0000E-01  7.0759E+00 -6.4759E+00 -2.0051E-01
  4.3000E+01  0.0000E+00  3.0000E+05  0.0000E+00  1.0000E+00  0.0000E+00  0.0000E+00  0.0000E+00  0.0000E+00  0.0000E+00  0.0000E+00  0.0000E+00
  4.3000E+01  0.0000E+00  0.0000E+00  0.0000E+00  0.0000E+00  0.0000E+00  0.0000E+00  0.0000E+00  0.0000E+00  0.0000E+00  0.0000E+00  0.0000E+00
  4.3000E+01  5.0000E-01  0.0000E+00  1.3907E+02  0.0000E+00  6.6674E+01  1.9919E+00  1.6962E+00  1.3907E+02  3.6542E+01  1.0253E+02  2.9755E+00
  4.3000E+01  1.0000E+00  0.0000E+00  5.9990E+01  0.0000E+00  6.1170E+01  2.1885E-01 -3.0134E-02  5.9990E+01  3.4245E+01  2.5745E+01  2.7395E-01
  4.3000E+01  2.0000E+00  0.0000E+00  3.9920E+01  0.0000E+00  5.1668E+01 -1.9328E-01 -3.5519E-01  3.9920E+01  3.0146E+01  9.7741E+00 -2.9348E-01
  4.3000E+01  4.0000E+00  0.0000E+00  2.2690E+01  0.0000E+00  3.7596E+01 -6.0708E-01 -6.1934E-01  2.2690E+01  2.3693E+01 -1.0028E+00 -7.4097E-01
  4.3000E+01  8.0000E+00  0.0000E+00  3.2950E+01  0.0000E+00  2.1633E+01  6.0661E-01  8.1718E-01  3.2950E+01  1.5485E+01  1.7465E+01  6.4772E-01
  4.4000E+01  0.0000E+00  3.0000E+05  0.0000E+00  1.0000E+00  0.0000E+00  0.0000E+00  0.0000E+00  0.0000E+00  0.0000E+00  0.0000E+00  0.0000E+00
  4.4000E+01  0.0000E+00  0.0000E+00  0.0000E+00  0.0000E+00  0.0000E+00  0.0000E+00  0.0000E+00  0.0000E+00  0.0000E+00  0.0000E+00  0.0000E+00
  4.4000E+01  5.0000E-01  0.0000E+00  7.3190E+01  0.0000E+00  3.9420E+01  1.2508E+00  1.3382E+00  7.3190E+01  3.6542E+01  3.6648E+01  1.1543E+00
  4.4000E+01  1.0000E+00  0.0000E+00  3.4490E+01  0.0000E+00  3.7069E+01 -1.9467E-01 -1.0870E-01  3.4490E+01  3.4245E+01  2.4482E-01 -1.5505E-01
  4.4000E+01  2.0000E+00  0.0000E+00  3.0340E+01  0.0000E+00  3.2866E+01 -2.0303E-01 -1.2008E-01  3.0340E+01  3.0146E+01  1.9413E-01 -1.5984E-01
  4.4000E+01  4.0000E+00  0.0000E+00  1.1700E+01  0.0000E+00  2.6230E+01 -9.4211E-01 -8.6534E-01  1.1700E+01  2.3693E+01 -1.1993E+01 -8.0237E-01
  4.4000E+01  8.0000E+00  0.0000E+00  2.7960E+01  0.0000E+00  1.7717E+01  8.3408E-01  9.0320E-01  2.7960E+01  1.5485E+01  1.2475E+01  7.1154E-01
  4.5000E+01  0.0000E+00  3.0000E+05  0.0000E+00  1.0000E+00  0.0000E+00  0.0000E+00  0.0000E+00  0.0000E+00  0.0000E+00  0.0000E+00  0.0000E+00
  4.5000E+01  0.0000E+00  0.0000E+00  0.0000E+00  0.0000E+00  0.0000E+00  0.0000E+00  0.0000E+00  0.0000E+00  0.0000E+00  0.0000E+00  0.0000E+00
  4.5000E+01  5.0000E-01  0.0000E+00  4.8070E+01  0.0000E+00  3.2529E+01  4.5232E-01  7.4635E-01  4.8070E+01  3.6542E+01  1.1528E+01  3.5893E-01
  4.5000E+01  1.0000E+00  0.0000E+00  4.1740E+01  0.0000E+00  2.9758E+01  3.0684E-01  6.2902E-01  4.1740E+01  3.4245E+01  7.4948E+00  2.3874E-01
  4.5000E+01  2.0000E+00  0.0000E+00  2.8020E+01  0.0000E+00  2.4972E+01 -1.8210E-01  1.9064E-01  2.8020E+01  3.0146E+01 -2.1259E+00 -1.2557E-01
  4.5000E+01  4.0000E+00  0.0000E+00  1.6530E+01  0.0000E+00  1.7886E+01 -5.7130E-01 -1.1841E-01  1.6530E+01  2.3693E+01 -7.1628E+00 -3.7831E-01
  4.5000E+01  8.0000E+00  0.0000E+00  1.3990E+01  0.0000E+00  9.8769E+00  9.6981E-02  6.5054E-01  1.3990E+01  1.5485E+01 -1.4948E+00 -4.4640E-02
  4.6000E+01  0.0000E+00  8.0000E+05  0.0000E+00  1.0000E+00  0.0000E+00  0.0000E+00  0.0000E+00  0.0000E+00  0.0000E+00  0.0000E+00  0.0000E+00
  4.6000E+01  0.0000E+00  0.0000E+00  0.0000E+00  0.0000E+00  0.0000E+00  0.0000E+00  0.0000E+00  0.0000E+00  0.0000E+00  0.0000E+00  0.0000E+00
  4.6000E+01  5.0000E-01  0.0000E+00  7.8270E+01  0.0000E+00  6.1877E+01  5.0348E-01  4.1386E-01  7.8270E+01  3.6875E+01  4.1395E+01  7.9553E-01
  4.6000E+01  1.0000E+00  0.0000E+00  7.9700E+01  0.0000E+00  5.9865E+01  6.2189E-01  5.1757E-01  7.9700E+01  3.4557E+01  4.5143E+01  9.6496E-01
  4.6000E+01  2.0000E+00  0.0000E+00  4.3450E+01  0.0000E+00  5.6125E+01 -2.1998E-01 -3.5279E-01  4.3450E+01  3.0421E+01  1.3029E+01 -3.3592E-01
  4.6000E+01  4.0000E+00  0.0000E+00  4.6070E+01  0.0000E+00  4.9845E+01  6.8613E-02 -1.1831E-01  4.6070E+01  2.3909E+01  2.2161E+01 -4.0317E-03
  4.6000E+01  8.0000E+00  0.0000E+00  8.2900E+01  0.0000E+00  4.0805E+01  1.8947E+00  1.6115E+00  8.2900E+01  1.5626E+01  6.7274E+01  3.1095E+00
  4.7000E+01  0.0000E+00  8.0000E+05  0.0000E+00  1.0000E+00  0.0000E+00  0.0000E+00  0.0000E+00  0.0000E+00  0.0000E+00  0.0000E+00  0.0000E+00
  4.7000E+01  0.0000E+00  0.0000E+00  0.0000E+00  0.0000E+00  0.0000E+00  0.0000E+00  0.0000E+00  0.0000E+00  0.0000E+00  0.0000E+00  0.0000E+00
  4.7000E+01  5.0000E-01  0.0000E+00  5.4280E+01  0.0000E+00  4.8174E+01  2.4663E-01  1.9799E-01  5.4280E+01  3.6875E+01  1.7405E+01  3.1173E-01
  4.7000E+01  1.0000E+00  0.0000E+00  1.3120E+01  0.0000E+00  4.5972E+01 -1.0659E+00 -1.1163E+00  1.3120E+01  3.4557E+01 -2.1437E+01 -1.1586E+00
  4.7000E+01  2.0000E+00  0.0000E+00  6.8020E+01  0.0000E+00  4.1944E+01  1.0234E+00  9.7117E-01  6.8020E+01  3.0421E+01  3.7599E+01  1.1925E+00
  4.7000E+01  4.0000E+00  0.0000E+00  5.8220E+01  0.0000E+00  3.5336E+01  1.0616E+00  1.0117E+00  5.8220E+01  2.3909E+01  3.4311E+01  1.2404E+00
  4.7000E+01  8.0000E+00  0.0000E+00  3.2920E+01  0.0000E+00  2.6232E+01  4.2617E-01  3.9826E-01  3.2920E+01  1.5626E+01  1.7294E+01  4.5394E-01
  4.8000E+01  0.0000E+00  8.0000E+05  0.0000E+00  1.0000E+00  0.0000E+00  0.0000E+00  0.0000E+00  0.0000E+00  0.0000E+00  0.0000E+00  0.0000E+00
  4.8000E+01  0.0000E+00  0.0000E+00  0.0000E+00  0.0000E+00  0.0000E+00  0.0000E+00  0.0000E+00  0.0000E+00  0.0000E+00  0.0000E+00  0.0000E+00
  4.8000E+01  5.0000E-01  0.0000E+00  3.6880E+01  0.0000E+00  4.8904E+01 -3.4941E-01 -3.8407E-01  3.6880E+01  3.6875E+01  5.2630E-03 -3.7055E-01
  4.8000E+01  1.0000E+00  0.0000E+00  7.5550E+01  0.0000E+00  4.5241E+01  1.0413E+00  1.0466E+00  7.5550E+01  3.4557E+01  4.0993E+01  1.1723E+00
  4.8000E+01  2.0000E+00  0.0000E+00  4.8520E+01  0.0000E+00  3.8810E+01  3.0786E-01  3.9085E-01  4.8520E+01  3.0421E+01  1.8099E+01  3.6770E-01
  4.8000E+01  4.0000E+00  0.0000E+00  4.8470E+01  0.0000E+00  2.8989E+01  8.2327E-01  1.0497E+00  4.8470E+01  2.3909E+01  2.4561E+01  8.5019E-01
  4.8000E+01  8.0000E+00  0.0000E+00  1.6480E+01  0.0000E+00  1.7236E+01 -5.2193E-01 -6.8546E-02  1.6480E+01  1.5626E+01  8.5413E-01 -3.7422E-01
  4.9000E+01  0.0000E+00  1.5000E+06  0.0000E+00  1.0000E+00  0.0000E+00  0.0000E+00  0.0000E+00  0.0000E+00  0.0000E+00  0.0000E+00  0.0000E+00
  4.9000E+01  0.0000E+00  0.0000E+00  0.0000E+00  0.0000E+00  0.0000E+00  0.0000E+00  0.0000E+00  0.0000E+00  0.0000E+00  0.0000E+00  0.0000E+00
  4.9000E+01  5.0000E-01  0.0000E+00  8.4140E+01  0.0000E+00  4.8546E+01  1.1094E+00  1.1454E+00  8.4140E+01  3.6969E+01  4.7171E+01  1.2568E+00
  4.9000E+01  1.0000E+00  0.0000E+00  5.6530E+01  0.0000E+00  4.4814E+01  3.3753E-01  4.0840E-01  5.6530E+01  3.4646E+01  2.1884E+01  4.0453E-01
  4.9000E+01  2.0000E+00  0.0000E+00  3.9120E+01  0.0000E+00  3.8299E+01 -1.0364E-01  3.3501E-02  3.9120E+01  3.0498E+01  8.6216E+00 -6.4520E-02
  4.9000E+01  4.0000E+00  0.0000E+00  3.1620E+01  0.0000E+00  2.8450E+01 -8.0728E-02  1.7407E-01  3.1620E+01  2.3970E+01  7.6502E+00 -2.9979E-02
  4.9000E+01  8.0000E+00  0.0000E+00  2.3630E+01  0.0000E+00  1.6857E+01  1.9065E-01  6.2770E-01  2.3630E+01  1.5666E+01  7.9642E+00  1.7083E-01
  5.0000E+01  0.0000E+00  1.5000E+06  0.0000E+00  1.0000E+00  0.0000E+00  0.0000E+00  0.0000E+00  0.0000E+00  0.0000E+00  0.0000E+00  0.0000E+00
  5.0000E+01  0.0000E+00  0.0000E+00  0.0000E+00  0.0000E+00  0.0000E+00  0.0000E+00  0.0000E+00  0.0000E+00  0.0000E+00  0.0000E+00  0.0000E+00
  5.0000E+01  5.0000E-01  0.0000E+00  1.3535E+02  0.0000E+00  1.0300E+02  9.1528E-01  4.9072E-01  1.3535E+02  3.6969E+01  9.8381E+01  1.8505E+00
  5.0000E+01  1.0000E+00  0.0000E+00  1.8297E+02  0.0000E+00  9.8711E+01  1.7572E+00  1.3334E+00  1.8297E+02  3.4646E+01  1.4832E+02  3.8762E+00
  5.0000E+01  2.0000E+00  0.0000E+00  5.5430E+01  0.0000E+00  9.0873E+01 -1.8684E-01 -6.0928E-01  5.5430E+01  3.0498E+01  2.4932E+01 -8.6876E-01
  5.0000E+01  4.0000E+00  0.0000E+00  7.1500E+01  0.0000E+00  7.8029E+01  2.9136E-01 -1.3072E-01  7.1500E+01  2.3970E+01  4.7530E+01  2.2864E-01
  5.0000E+01  8.0000E+00  0.0000E+00  1.0810E+02  0.0000E+00  6.0368E+01  1.6621E+00  1.2352E+00  1.0810E+02  1.5666E+01  9.2434E+01  3.7702E+00
  5.1000E+01  0.0000E+00  1.5000E+06  0.0000E+00  1.0000E+00  0.0000E+00  0.0000E+00  0.0000E+00  0.0000E+00  0.0000E+00  0.0000E+00  0.0000E+00
  5.1000E+01  0.0000E+00  0.0000E+00  0.0000E+00  0.0000E+00  0.0000E+00  0.0000E+00  0.0000E+00  0.0000E+00  0.0000E+00  0.0000E+00  0.0000E+00
  5.1000E+01  5.0000E-01  0.0000E+00  6.1340E+01  0.0000E+00  6.0124E+01  1.1861E-01  3.1605E-02  6.1340E+01  3.6969E+01  2.4371E+01  2.7122E-01
  5.1000E+01  2.0000E+00  0.0000E+00  6.0580E+01  0.0000E+00  5.4454E+01  3.0031E-01  1.7573E-01  6.0580E+01  3.0498E+01  3.0082E+01  4.6172E-01
  5.1000E+01  4.0000E+00  0.0000E+00  5.8890E+01  0.0000E+00  4.8261E+01  5.1496E-01  3.4406E-01  5.8890E+01  2.3970E+01  3.4920E+01  7.0877E-01
  5.1000E+01  8.0000E+00  0.0000E+00  7.5560E+01  0.0000E+00  3.9337E+01  1.6900E+00  1.4385E+00  7.5560E+01  1.5666E+01  5.9894E+01  2.6036E+00
  5.2000E+01  0.0000E+00  3.0000E+05  0.0000E+00  1.0000E+00  0.0000E+00  0.0000E+00  0.0000E+00  0.0000E+00  0.0000E+00  0.0000E+00  0.0000E+00
  5.2000E+01  0.0000E+00  0.0000E+00  0.0000E+00  0.0000E+00  0.0000E+00  0.0000E+00  0.0000E+00  0.0000E+00  0.0000E+00  0.0000E+00  0.0000E+00
  5.2000E+01  5.0000E-01  0.0000E+00  4.9570E+01  0.0000E+00  1.6287E+02  2.6634E-01 -1.0867E+00  4.9570E+01  3.6542E+01  1.3028E+01 -8.5565E-01
  5.2000E+01  1.0000E+00  0.0000E+00  1.3940E+01  0.0000E+00  1.5200E+02 -9.9224E-02 -1.4189E+00  1.3940E+01  3.4245E+01 -2.0305E+01 -2.1280E+00
  5.2000E+01  2.0000E+00  0.0000E+00  3.3956E+02  0.0000E+00  1.3275E+02  3.6912E+00  2.4337E+00  3.3956E+02  3.0146E+01  3.0941E+02  1.1993E+01
  5.2000E+01  4.0000E+00  0.0000E+00  1.5160E+01  0.0000E+00  1.0284E+02 -1.7706E-01 -1.3318E+00  1.5160E+01  2.3693E+01 -8.5328E+00 -1.8139E+00
  5.2000E+01  8.0000E+00  0.0000E+00  2.4800E+00  0.0000E+00  6.5818E+01 -4.7012E-01 -1.5033E+00  2.4800E+00  1.5485E+01 -1.3005E+01 -2.0744E+00
  5.3000E+01  0.0000E+00  3.0000E+05  0.0000E+00  1.0000E+00  0.0000E+00  0.0000E+00  0.0000E+00  0.0000E+00  0.0000E+00  0.0000E+00  0.0000E+00
  5.3000E+01  0.0000E+00  0.0000E+00  0.0000E+00  0.0000E+00  0.0000E+00  0.0000E+00  0.0000E+00  0.0000E+00  0.0000E+00  0.0000E+00  0.0000E+00
  5.3000E+01  5.0000E-01  0.0000E+00  2.7510E+01  0.0000E+00  2.3641E+01 -1.9082E-01  2.5567E-01  2.7510E+01  3.6542E+01 -9.0318E+00 -1.6483E-01
  5.3000E+01  1.0000E+00  0.0000E+00  2.4070E+01  0.0000E+00  2.1965E+01 -2.9258E-01  1.4972E-01  2.4070E+01  3.4245E+01 -1.0175E+01 -2.2073E-01
  5.3000E+01  2.0000E+00  0.0000E+00  3.0780E+01  0.0000E+00  1.9004E+01  5.3517E-01  9.6795E-01  3.0780E+01  3.0146E+01  6.3413E-01  2.1477E-01
  5.3000E+01  4.0000E+00  0.0000E+00  6.7200E+00  0.0000E+00  1.4431E+01 -1.2459E+00 -8.3472E-01  6.7200E+00  2.3693E+01 -1.6973E+01 -6.7915E-01
  5.3000E+01  8.0000E+00  0.0000E+00  1.2390E+01  0.0000E+00  8.8276E+00  2.6136E-01  6.3041E-01  1.2390E+01  1.5485E+01 -3.0948E+00  3.0096E-02
  5.4000E+01  0.0000E+00  3.0000E+05  0.0000E+00  1.0000E+00  0.0000E+00  0.0000E+00  0.0000E+00  0.0000E+00  0.0000E+00  0.0000E+00  0.0000E+00
  5.4000E+01  0.0000E+00  0.0000E+00  0.0000E+00  0.0000E+00  0.0000E+00  0.0000E+00  0.0000E+00  0.0000E+00  0.0000E+00  0.0000E+00  0.0000E+00
  5.4000E+01  5.0000E-01  0.0000E+00  1.0359E+02  0.0000E+00  5.0077E+01  1.8267E+00  1.6693E+00  1.0359E+02  3.6542E+01  6.7048E+01  2.1811E+00
  5.4000E+01  1.0000E+00  0.0000E+00  3.2890E+01  0.0000E+00  4.2764E+01 -3.3081E-01 -3.6069E-01  3.2890E+01  3.4245E+01 -1.3552E+00 -2.5889E-01
  5.4000E+01  2.0000E+00  0.0000E+00  1.9000E+01  0.0000E+00  3.1328E+01 -7.8590E-01 -6.1473E-01  1.9000E+01  3.0146E+01 -1.1146E+01 -6.4345E-01
  5.4000E+01  4.0000E+00  0.0000E+00  1.3240E+01  0.0000E+00  1.7308E+01 -7.6908E-01 -3.6714E-01  1.3240E+01  2.3693E+01 -1.0453E+01 -6.0876E-01
  5.4000E+01  8.0000E+00  0.0000E+00  9.3200E+00  0.0000E+00  6.2142E+00  2.1975E-01  7.8074E-01  9.3200E+00  1.5485E+01 -6.1648E+00 -2.9349E-01
  5.5000E+01  0.0000E+00  8.0000E+05  0.0000E+00  1.0000E+00  0.0000E+00  0.0000E+00  0.0000E+00  0.0000E+00  0.0000E+00  0.0000E+00  0.0000E+00
  5.5000E+01  0.0000E+00  0.0000E+00  0.0000E+00  0.0000E+00  0.0000E+00  0.0000E+00  0.0000E+00  0.0000E+00  0.0000E+00  0.0000E+00  0.0000E+00
  5.5000E+01  5.0000E-01  0.0000E+00  3.1770E+01  0.0000E+00  5.0774E+01 -4.4688E-01 -5.8468E-01  3.1770E+01  3.6875E+01 -5.1047E+00 -4.9733E-01
  5.5000E+01  1.0000E+00  0.0000E+00  8.0990E+01  0.0000E+00  4.5297E+01  1.2644E+00  1.2309E+00  8.0990E+01  3.4557E+01  4.6433E+01  1.4463E+00
  5.5000E+01  2.0000E+00  0.0000E+00  5.5610E+01  0.0000E+00  3.6158E+01  6.8004E-01  8.4040E-01  5.5610E+01  3.0421E+01  2.5189E+01  7.6442E-01
  5.5000E+01  4.0000E+00  0.0000E+00  2.5940E+01  0.0000E+00  2.3478E+01 -3.1757E-01  1.6382E-01  2.5940E+01  2.3909E+01  2.0313E+00 -1.8469E-01
  5.5000E+01  8.0000E+00  0.0000E+00  1.3110E+01  0.0000E+00  1.0865E+01 -5.4690E-01  3.2281E-01  1.3110E+01  1.5626E+01 -2.5159E+00 -3.8825E-01
  5.6000E+01  0.0000E+00  8.0000E+05  0.0000E+00  1.0000E+00  0.0000E+00  0.0000E+00  0.0000E+00  0.0000E+00  0.0000E+00  0.0000E+00  0.0000E+00
  5.6000E+01  0.0000E+00  0.0000E+00  0.0000E+00  0.0000E+00  0.0000E+00  0.0000E+00  0.0000E+00  0.0000E+00  0.0000E+00  0.0000E+00  0.0000E+00
  5.6000E+01  5.0000E-01  0.0000E+00  4.6710E+01  0.0000E+00  5.0728E+01  7.6396E-02 -1.2372E-01  4.6710E+01  3.6875E+01  9.8353E+00  2.1817E-01
  5.6000E+01  1.0000E+00  0.0000E+00  4.6190E+01  0.0000E+00  4.0018E+01  4.6614E-02  2.4091E-01  4.6190E+01  3.4557E+01  1.1633E+01  3.2734E-01
  5.6000E+01  2.0000E+00  0.0000E+00  5.1680E+01  0.0000E+00  2.4981E+01  8.2783E-01  1.6696E+00  5.1680E+01  3.0421E+01  2.1259E+01  8.3592E-01
  5.6000E+01  4.0000E+00  0.0000E+00  1.1530E+01  0.0000E+00  1.0006E+01 -1.2905E+00  2.3787E-01  1.1530E+01  2.3909E+01 -1.2379E+01 -6.3105E-01
  5.6000E+01  8.0000E+00  0.0000E+00  1.9600E+00  0.0000E+00  2.0494E+00 -1.4271E+00 -6.8158E-02  1.9600E+00  1.5626E+01 -1.3666E+01 -7.6182E-01
  5.7000E+01  0.0000E+00  8.0000E+05  0.0000E+00  1.0000E+00  0.0000E+00  0.0000E+00  0.0000E+00  0.0000E+00  0.0000E+00  0.0000E+00  0.0000E+00
  5.7000E+01  0.0000E+00  0.0000E+00  0.0000E+00  0.0000E+00  0.0000E+00  0.0000E+00  0.0000E+00  0.0000E+00  0.0000E+00  0.0000E+00  0.0000E+00
  5.7000E+01  5.0000E-01  0.0000E+00  4.0780E+01  0.0000E+00  3.6266E+01  8.3923E-02  1.9446E-01  4.0780E+01  3.6875E+01  3.9053E+00  1.8068E-01
  5.7000E+01  2.0000E+00  0.0000E+00  3.0770E+01  0.0000E+00  2.0697E+01  5.5818E-02  7.6031E-01  3.0770E+01  3.0421E+01  3.4944E-01  1.0913E-01
  5.7000E+01  4.0000E+00  0.0000E+00  1.5530E+01  0.0000E+00  1.0045E+01 -3.0489E-01  8.5300E-01  1.5530E+01  2.3909E+01 -8.3787E+00 -2.7171E-01
  5.7000E+01  8.0000E+00  0.0000E+00  2.6800E+00  0.0000E+00  2.7811E+00 -1.2887E+00 -5.6784E-02  2.6800E+00  1.5626E+01 -1.2946E+01 -6.1309E-01
  5.8000E+01  0.0000E+00  1.5000E+06  0.0000E+00  1.0000E+00  0.0000E+00  0.0000E+00  0.0000E+00  0.0000E+00  0.0000E+00  0.0000E+00  0.0000E+00
  5.8000E+01  0.0000E+00  0.0000E+00  0.0000E+00  0.0000E+00  0.0000E+00  0.0000E+00  0.0000E+00  0.0000E+00  0.0000E+00  0.0000E+00  0.0000E+00
  5.8000E+01  5.0000E-01  0.0000E+00  3.6030E+01  0.0000E+00  5.3812E+01 -4.3791E-01 -5.1621E-01  3.6030E+01  3.6969E+01 -9.3906E-01 -5.2196E-01
  5.8000E+01  1.0000E+00  0.0000E+00  8.2800E+01  0.0000E+00  5.0798E+01  1.0521E+00  9.8414E-01  8.2800E+01  3.4646E+01  4.8154E+01  1.3086E+00
  5.8000E+01  2.0000E+00  0.0000E+00  7.7570E+01  0.0000E+00  4.5373E+01  1.1552E+00  1.1085E+00  7.7570E+01  3.0498E+01  4.7072E+01  1.4459E+00
  5.8000E+01  4.0000E+00  0.0000E+00  2.7970E+01  0.0000E+00  3.6710E+01 -3.6842E-01 -3.7193E-01  2.7970E+01  2.3970E+01  4.0002E+00 -4.3304E-01
  5.8000E+01  8.0000E+00  0.0000E+00  3.5900E+01  0.0000E+00  2.5375E+01  5.6605E-01  6.4796E-01  3.5900E+01  1.5666E+01  2.0234E+01  6.8173E-01
  5.9000E+01  0.0000E+00  1.5000E+06  0.0000E+00  1.0000E+00  0.0000E+00  0.0000E+00  0.0000E+00  0.0000E+00  0.0000E+00  0.0000E+00  0.0000E+00
  5.9000E+01  0.0000E+00  0.0000E+00  0.0000E+00  0.0000E+00  0.0000E+00  0.0000E+00  0.0000E+00  0.0000E+00  0.0000E+00  0.0000E+00  0.0000E+00
  5.9000E+01  5.0000E-01  0.0000E+00  4.2590E+01  0.0000E+00  1.9590E+02  2.2341E-01 -1.2225E+00  4.2590E+01  3.6969E+01  5.6209E+00 -1.5982E+00
  5.9000E+01  1.0000E+00  0.0000E+00  4.7080E+01  0.0000E+00  1.8362E+02  2.5447E-01 -1.1616E+00  4.7080E+01  3.4646E+01  1.2434E+01 -1.3633E+00
  5.9000E+01  2.0000E+00  0.0000E+00  4.2174E+02  0.0000E+00  1.6175E+02  3.8716E+00  2.5110E+00  4.2174E+02  3.0498E+01  3.9124E+02  1.4836E+01
  5.9000E+01  4.0000E+00  0.0000E+00  1.5740E+01  0.0000E+00  1.2743E+02 -1.0011E-01 -1.3692E+00  1.5740E+01  2.3970E+01 -8.2298E+00 -2.2905E+00
  5.9000E+01  8.0000E+00  0.0000E+00  1.7100E+00  0.0000E+00  8.4181E+01 -3.7040E-01 -1.5304E+00  1.7100E+00  1.5666E+01 -1.3956E+01 -2.5680E+00
  6.0000E+01  0.0000E+00  1.5000E+06  0.0000E+00  1.0000E+00  0.0000E+00  0.0000E+00  0.0000E+00  0.0000E+00  0.0000E+00  0.0000E+00  0.0000E+00
  6.0000E+01  0.0000E+00  0.0000E+00  0.0000E+00  0.0000E+00  0.0000E+00  0.0000E+00  0.0000E+00  0.0000E+00  0.0000E+00  0.0000E+00  0.0000E+00
  6.0000E+01  5.0000E-01  0.0000E+00  8.6410E+01  0.0000E+00  8.4015E+01  7.0251E-01  4.4535E-02  8.6410E+01  3.6969E+01  4.9441E+01  1.0713E+00
  6.0000E+01  1.0000E+00  0.0000E+00  4.2610E+01  0.0000E+00  7.1862E+01 -2.0315E-01 -6.3589E-01  4.2610E+01  3.4646E+01  7.9644E+00 -3.8118E-01
  6.0000E+01  2.0000E+00  0.0000E+00  1.2697E+02  0.0000E+00  5.2734E+01  2.2312E+00  2.1991E+00  1.2697E+02  3.0498E+01  9.6472E+01  3.4522E+00
  6.0000E+01  4.0000E+00  0.0000E+00  1.7930E+01  0.0000E+00  2.9019E+01 -1.1349E+00 -5.9693E-01  1.7930E+01  2.3970E+01 -6.0398E+00 -9.1719E-01
  6.0000E+01  8.0000E+00  0.0000E+00  9.4500E+00  0.0000E+00  1.0026E+01 -1.0014E+00 -8.9799E-02  9.4500E+00  1.5666E+01 -6.2158E+00 -8.3950E-01
  6.1000E+01  0.0000E+00  3.0000E+05  0.0000E+00  1.0000E+00  0.0000E+00  0.0000E+00  0.0000E+00  0.0000E+00  0.0000E+00  0.0000E+00  0.0000E+00
  6.1000E+01  6.4850E+02  0.0000E+00  1.4589E+02  0.0000E+00  7.1253E+01  1.8432E+00  1.6363E+00  1.4589E+02  4.3391E+01  1.0250E+02  2.3819E+00
  6.1000E+01  6.4900E+02  0.0000E+00  7.6000E+01  0.0000E+00  6.6050E+01  3.9432E-01  2.3534E-01  7.6000E+01  4.0915E+01  3.5085E+01  4.7773E-01
  6.1000E+01  6.5000E+02  0.0000E+00  4.3800E+01  0.0000E+00  5.6974E+01 -2.9243E-01 -3.6120E-01  4.3800E+01  3.6474E+01  7.3260E+00 -3.5057E-01
  6.1000E+01  6.5200E+02  0.0000E+00  2.3990E+01  0.0000E+00  4.3243E+01 -7.8402E-01 -6.9550E-01  2.3990E+01  2.9398E+01 -5.4081E+00 -7.9279E-01
  6.1000E+01  6.5600E+02  0.0000E+00  3.9490E+01  0.0000E+00  2.6933E+01  4.0721E-01  7.2834E-01  3.9490E+01  2.0145E+01  1.9345E+01  2.7538E-01
  6.2000E+01  0.0000E+00  3.0000E+05  0.0000E+00  1.0000E+00  0.0000E+00  0.0000E+00  0.0000E+00  0.0000E+00  0.0000E+00  0.0000E+00  0.0000E+00
  6.2000E+01  6.4850E+02  0.0000E+00  5.1150E+01  0.0000E+00  3.1112E+01  6.4633E-01  1.0061E+00  5.1150E+01  4.3391E+01  7.7587E+00  3.3429E-01
  6.2000E+01  6.4900E+02  0.0000E+00  3.5010E+01  0.0000E+00  2.8867E+01 -3.1336E-02  3.3246E-01  3.5010E+01  4.0915E+01 -5.9052E+00 -5.6393E-02
  6.2000E+01  6.5000E+02  0.0000E+00  1.9830E+01  0.0000E+00  2.4924E+01 -6.8906E-01 -3.1929E-01  1.9830E+01  3.6474E+01 -1.6644E+01 -4.0049E-01
  6.2000E+01  6.5200E+02  0.0000E+00  1.3470E+01  0.0000E+00  1.8890E+01 -8.2466E-01 -4.4823E-01  1.3470E+01  2.9398E+01 -1.5928E+01 -4.1778E-01
  6.2000E+01  6.5600E+02  0.0000E+00  1.7880E+01  0.0000E+00  1.1593E+01  4.6251E-01  8.4722E-01  1.7880E+01  2.0145E+01 -2.2652E+00  9.7572E-02
  6.3000E+01  0.0000E+00  3.0000E+05  0.0000E+00  1.0000E+00  0.0000E+00  0.0000E+00  0.0000E+00  0.0000E+00  0.0000E+00  0.0000E+00  0.0000E+00
  6.3000E+01  6.4850E+02  0.0000E+00  1.4626E+02  0.0000E+00  9.6764E+01  1.3157E+00  7.9905E-01  1.4626E+02  4.3391E+01  1.0287E+02  2.1622E+00
  6.3000E+01  6.4900E+02  0.0000E+00  1.2381E+02  0.0000E+00  7.8570E+01  1.0421E+00  8.9946E-01  1.2381E+02  4.0915E+01  8.2895E+01  1.6935E+00
  6.3000E+01  6.5000E+02  0.0000E+00  9.0630E+01  0.0000E+00  5.2071E+01  6.9143E-01  1.1568E+00  9.0630E+01  3.6474E+01  5.4156E+01  9.7417E-01
  6.3000E+01  6.5200E+02  0.0000E+00  1.6710E+01  0.0000E+00  2.3730E+01 -1.5739E+00 -4.6211E-01  1.6710E+01  2.9398E+01 -1.2688E+01 -1.1902E+00
  6.3000E+01  6.5600E+02  0.0000E+00  7.8900E+00  0.0000E+00  6.3903E+00 -7.6908E-01  3.6661E-01  7.8900E+00  2.0145E+01 -1.2255E+01 -1.1523E+00
  6.4000E+01  0.0000E+00  8.0000E+05  0.0000E+00  1.0000E+00  0.0000E+00  0.0000E+00  0.0000E+00  0.0000E+00  0.0000E+00  0.0000E+00  0.0000E+00
  6.4000E+01  6.4850E+02  0.0000E+00  1.2051E+02  0.0000E+00  1.0913E+02  4.0487E-01  1.6293E-01  1.2051E+02  4.3787E+01  7.6723E+01  8.1875E-01
  6.4000E+01  6.4900E+02  0.0000E+00  1.8588E+02  0.0000E+00  1.0700E+02  1.3935E+00  1.1517E+00  1.8588E+02  4.1288E+01  1.4459E+02  2.8303E+00
  6.4000E+01  6.5000E+02  0.0000E+00  3.2050E+01  0.0000E+00  1.0300E+02 -8.3480E-01 -1.0761E+00  3.2050E+01  3.6806E+01 -4.7563E+00 -1.7965E+00
  6.4000E+01  6.5200E+02  0.0000E+00  1.0842E+02  0.0000E+00  9.6095E+01  4.3918E-01  2.0035E-01  1.0842E+02  2.9666E+01  7.8754E+01  9.2817E-01
  6.4000E+01  6.5600E+02  0.0000E+00  1.3920E+02  0.0000E+00  8.5444E+01  1.2134E+00  9.8281E-01  1.3920E+02  2.0329E+01  1.1887E+02  2.9326E+00
  6.5000E+01  0.0000E+00  8.0000E+05  0.0000E+00  1.0000E+00  0.0000E+00  0.0000E+00  0.0000E+00  0.0000E+00  0.0000E+00  0.0000E+00  0.0000E+00
  6.5000E+01  6.4850E+02  0.0000E+00  7.7650E+01  0.0000E+00  6.2396E+01  3.4792E-01  3.8191E-01  7.7650E+01  4.3787E+01  3.3863E+01  4.7157E-01
  6.5000E+01  6.4900E+02  0.0000E+00  4.5050E+01  0.0000E+00  6.0865E+01 -4.3373E-01 -4.0590E-01  4.5050E+01  4.1288E+01  3.7620E+00 -4.3289E-01
  6.5000E+01  6.5000E+02  0.0000E+00  4.5490E+01  0.0000E+00  5.7999E+01 -3.5360E-01 -3.3691E-01  4.5490E+01  3.6806E+01  8.6837E+00 -3.6274E-01
  6.5000E+01  6.5200E+02  0.0000E+00  8.0010E+01  0.0000E+00  5.3057E+01  7.9470E-01  7.9356E-01  8.0010E+01  2.9666E+01  5.0344E+01  1.0245E+00
  6.5000E+01  6.5600E+02  0.0000E+00  7.9040E+01  0.0000E+00  4.5496E+01  1.1749E+00  1.1518E+00  7.9040E+01  2.0329E+01  5.8711E+01  1.5620E+00
  6.6000E+01  0.0000E+00  8.0000E+05  0.0000E+00  1.0000E+00  0.0000E+00  0.0000E+00  0.0000E+00  0.0000E+00  0.0000E+00  0.0000E+00  0.0000E+00
  6.6000E+01  6.4850E+02  0.0000E+00  1.1616E+02  0.0000E+00  7.5807E+01  9.4523E-01  8.3155E-01  1.1616E+02  4.3787E+01  7.2373E+01  1.2985E+00
  6.6000E+01  6.4900E+02  0.0000E+00  8.3740E+01  0.0000E+00  7.1023E+01  3.5462E-01  2.7971E-01  8.3740E+01  4.1288E+01  4.2452E+01  4.7642E-01
  6.6000E+01  6.5000E+02  0.0000E+00  8.9320E+01  0.0000E+00  6.2531E+01  6.7154E-01  6.6924E-01  8.9320E+01  3.6806E+01  5.2514E+01  8.6380E-01
  6.6000E+01  6.5200E+02  0.0000E+00  8.4270E+01  0.0000E+00  4.9264E+01  9.8986E-01  1.1100E+00  8.4270E+01  2.9666E+01  5.4604E+01  1.1225E+00
  6.6000E+01  6.5600E+02  0.0000E+00  1.4300E+01  0.0000E+00  3.2553E+01 -1.1538E+00 -8.7593E-01  1.4300E+01  2.0329E+01 -6.0288E+00 -1.1335E+00
  6.7000E+01  0.0000E+00  1.5000E+06  0.0000E+00  1.0000E+00  0.0000E+00  0.0000E+00  0.0000E+00  0.0000E+00  0.0000E+00  0.0000E+00  0.0000E+00
  6.7000E+01  6.4850E+02  0.0000E+00  5.2270E+01  0.0000E+00  6.8090E+01 -4.2555E-02 -3.6294E-01  5.2270E+01  4.3899E+01  8.3713E+00 -4.2711E-02
  6.7000E+01  6.4900E+02  0.0000E+00  5.2440E+01  0.0000E+00  6.6833E+01 -4.2660E-04 -3.3643E-01  5.2440E+01  4.1394E+01  1.1046E+01 -6.4272E-03
  6.7000E+01  6.5000E+02  0.0000E+00  3.1880E+01  0.0000E+00  6.4460E+01 -4.2370E-01 -7.8956E-01  3.1880E+01  3.6900E+01 -5.0205E+00 -5.9624E-01
  6.7000E+01  6.5200E+02  0.0000E+00  1.6970E+01  0.0000E+00  6.0307E+01 -7.0302E-01 -1.1226E+00  1.6970E+01  2.9742E+01 -1.2772E+01 -1.0743E+00
  6.7000E+01  6.5600E+02  0.0000E+00  1.1908E+02  0.0000E+00  5.3758E+01  2.4055E+00  1.8982E+00  1.1908E+02  2.0381E+01  9.8699E+01  3.4480E+00
  6.8000E+01  0.0000E+00  1.5000E+06  0.0000E+00  1.0000E+00  0.0000E+00  0.0000E+00  0.0000E+00  0.0000E+00  0.0000E+00  0.0000E+00  0.0000E+00
  6.8000E+01  6.4850E+02  0.0000E+00  1.9869E+02  0.0000E+00  9.8032E+01  2.0182E+00  1.6040E+00  1.9869E+02  4.3899E+01  1.5479E+02  3.3711E+00
  6.8000E+01  6.4900E+02  0.0000E+00  9.8040E+01  0.0000E+00  9.0381E+01  4.6415E-01  1.3238E-01  9.8040E+01  4.1394E+01  5.6646E+01  6.2313E-01
  6.8000E+01  6.5000E+02  0.0000E+00  4.2910E+01  0.0000E+00  7.7121E+01 -5.1902E-01 -6.9297E-01  4.2910E+01  3.6900E+01  6.0095E+00 -9.0871E-01
  6.8000E+01  6.5200E+02  0.0000E+00  9.0750E+01  0.0000E+00  5.7308E+01  8.0460E-01  9.1158E-01  9.0750E+01  2.9742E+01  6.1008E+01  1.0539E+00
  6.8000E+01  6.5600E+02  0.0000E+00  3.6010E+01  0.0000E+00  3.4381E+01 -4.4920E-01  7.4001E-02  3.6010E+01  2.0381E+01  1.5629E+01 -4.9051E-01
  6.9000E+01  0.0000E+00  1.5000E+06  0.0000E+00  1.0000E+00  0.0000E+00  0.0000E+00  0.0000E+00  0.0000E+00  0.0000E+00  0.0000E+00  0.0000E+00
  6.9000E+01  6.4850E+02  0.0000E+00  9.0160E+01  0.0000E+00  9.9516E+01  1.6573E-01 -1.4686E-01  9.0160E+01  4.3899E+01  4.6261E+01  3.3246E-01
  6.9000E+01  6.4900E+02  0.0000E+00  6.9290E+01  0.0000E+00  9.7998E+01 -1.3758E-01 -4.5762E-01  6.9290E+01  4.1394E+01  2.7896E+01 -2.6118E-01
  6.9000E+01  6.5000E+02  0.0000E+00  1.0651E+02  0.0000E+00  9.5127E+01  5.2101E-01  1.8693E-01  1.0651E+02  3.6900E+01  6.9610E+01  9.3893E-01
  6.9000E+01  6.5200E+02  0.0000E+00  4.1830E+01  0.0000E+00  9.0088E+01 -4.7812E-01 -8.3680E-01  4.1830E+01  2.9742E+01  1.2088E+01 -1.1774E+00
  6.9000E+01  6.5600E+02  0.0000E+00  1.7757E+02  0.0000E+00  8.2087E+01  2.2140E+00  1.8171E+00  1.7757E+02  2.0381E+01  1.5719E+02  4.8139E+00
  7.0000E+01  0.0000E+00  3.0000E+05  0.0000E+00  1.0000E+00  0.0000E+00  0.0000E+00  0.0000E+00  0.0000E+00  0.0000E+00  0.0000E+00  0.0000E+00
  7.0000E+01  6.4850E+02  0.0000E+00  4.8230E+01  0.0000E+00  3.4304E+01  3.9864E-01  6.3417E-01  4.8230E+01  4.3391E+01  4.8387E+00  2.8607E-01
  7.0000E+01  6.4900E+02  0.0000E+00  4.4410E+01  0.0000E+00  2.8483E+01  4.6655E-01  8.7354E-01  4.4410E+01  4.0915E+01  3.4948E+00  2.7010E-01
  7.0000E+01  6.5000E+02  0.0000E+00  1.5100E+01  0.0000E+00  1.9722E+01 -1.0336E+00 -3.6609E-01  1.5100E+01  3.6474E+01 -2.1374E+01 -4.9139E-01
  7.0000E+01  6.5200E+02  0.0000E+00  1.2460E+01  0.0000E+00  9.7454E+00 -4.8557E-01  4.3515E-01  1.2460E+01  2.9398E+01 -1.6938E+01 -3.6235E-01
  7.0000E+01  6.5600E+02  0.0000E+00  3.7700E+00  0.0000E+00  2.8932E+00 -4.5922E-01  4.7342E-01  3.7700E+00  2.0145E+01 -1.6375E+01 -3.9033E-01
  7.1000E+01  0.0000E+00  3.0000E+05  0.0000E+00  1.0000E+00  0.0000E+00  0.0000E+00  0.0000E+00  0.0000E+00  0.0000E+00  0.0000E+00  0.0000E+00
  7.1000E+01  6.4850E+02  0.0000E+00  4.7400E+00  0.0000E+00  5.9198E+01 -9.6017E-01 -1.4371E+00  4.7400E+00  4.3391E+01 -3.8651E+01 -1.0873E+00
  7.1000E+01  6.4900E+02  0.0000E+00  2.5070E+01  0.0000E+00  5.7421E+01 -3.8221E-01 -8.8011E-01  2.5070E+01  4.0915E+01 -1.5845E+01 -4.6844E-01
  7.1000E+01  6.5000E+02  0.0000E+00  2.1560E+01  0.0000E+00  5.4114E+01 -4.0132E-01 -9.3975E-01  2.1560E+01  3.6474E+01 -1.4914E+01 -5.0915E-01
  7.1000E+01  6.5200E+02  0.0000E+00  1.0875E+02  0.0000E+00  4.8473E+01  2.5553E+00  1.9425E+00  1.0875E+02  2.9398E+01  7.9352E+01  2.8149E+00
  7.1000E+01  6.5600E+02  0.0000E+00  7.8300E+00  0.0000E+00  4.0038E+01 -5.1916E-01 -1.2566E+00  7.8300E+00  2.0145E+01 -1.2315E+01 -7.1693E-01
  7.2000E+01  0.0000E+00  3.0000E+05  0.0000E+00  1.0000E+00  0.0000E+00  0.0000E+00  0.0000E+00  0.0000E+00  0.0000E+00  0.0000E+00  0.0000E+00
  7.2000E+01  6.4850E+02  0.0000E+00  4.0010E+01  0.0000E+00  3.1247E+01  5.0914E-02  4.3807E-01  4.0010E+01  4.3391E+01 -3.3813E+00 -7.4904E-03
  7.2000E+01  6.4900E+02  0.0000E+00  3.8130E+01  0.0000E+00  2.9321E+01  8.0310E-02  4.6929E-01  3.8130E+01  4.0915E+01 -2.7852E+00  1.0114E-02
  7.2000E+01  6.5000E+02  0.0000E+00  1.8120E+01  0.0000E+00  2.5882E+01 -8.6173E-01 -4.6850E-01  1.8120E+01  3.6474E+01 -1.8354E+01 -4.9316E-01
  7.2000E+01  6.5200E+02  0.0000E+00  3.1290E+01  0.0000E+00  2.0450E+01  4.2374E-01  8.2800E-01  3.1290E+01  2.9398E+01  1.8919E+00  1.7879E-01
  7.2000E+01  6.5600E+02  0.0000E+00  0.0000E+00  1.0000E+00  1.3478E+01  0.0000E+00 -1.5621E+00  0.0000E+00  2.0145E+01  0.0000E+00  0.0000E+00
  7.3000E+01  0.0000E+00  8.0000E+05  0.0000E+00  1.0000E+00  0.0000E+00  0.0000E+00  0.0000E+00  0.0000E+00  0.0000E+00  0.0000E+00  0.0000E+00
  7.3000E+01  6.4850E+02  0.0000E+00  3.0150E+01  0.0000E+00  1.3833E+02 -2.4320E-01 -1.2217E+00  3.0150E+01  4.3787E+01 -1.3637E+01 -9.1443E-01
  7.3000E+01  6.4900E+02  0.0000E+00  2.0340E+01  0.0000E+00  1.3670E+02 -3.4010E-01 -1.3297E+00  2.0340E+01  4.1288E+01 -2.0948E+01 -1.2934E+00
  7.3000E+01  6.5000E+02  0.0000E+00  2.7190E+01  0.0000E+00  1.3361E+02 -2.3329E-01 -1.2443E+00  2.7190E+01  3.6806E+01 -9.6163E+00 -1.2599E+00
  7.3000E+01  6.5200E+02  0.0000E+00  2.9340E+01  0.0000E+00  1.2817E+02 -1.5508E-01 -1.2045E+00  2.9340E+01  2.9666E+01 -3.2600E-01 -1.4568E+00
  7.3000E+01  6.5600E+02  0.0000E+00  2.7043E+02  0.0000E+00  1.1942E+02  3.0886E+00  1.9755E+00  2.7043E+02  2.0329E+01  2.5010E+02  8.7983E+00
  7.4000E+01  0.0000E+00  8.0000E+05  0.0000E+00  1.0000E+00  0.0000E+00  0.0000E+00  0.0000E+00  0.0000E+00  0.0000E+00  0.0000E+00  0.0000E+00
  7.4000E+01  6.4850E+02  0.0000E+00  4.4480E+01  0.0000E+00  4.6722E+01 -1.4196E-01 -7.4973E-02  4.4480E+01  4.3787E+01  6.9333E-01 -1.0550E-01
  7.4000E+01  6.4900E+02  0.0000E+00  3.2670E+01  0.0000E+00  4.4915E+01 -4.8365E-01 -4.2589E-01  3.2670E+01  4.1288E+01 -8.6180E+00 -3.9642E-01
  7.4000E+01  6.5000E+02  0.0000E+00  3.5680E+01  0.0000E+00  4.1585E+01 -2.6253E-01 -2.2183E-01  3.5680E+01  3.6806E+01 -1.1263E+00 -2.0476E-01
  7.4000E+01  6.5200E+02  0.0000E+00  7.8190E+01  0.0000E+00  3.6010E+01  1.8180E+00  1.8298E+00  7.8190E+01  2.9666E+01  4.8524E+01  1.5432E+00
  7.4000E+01  6.5600E+02  0.0000E+00  1.9850E+01  0.0000E+00  2.7979E+01 -4.2492E-01 -4.5387E-01  1.9850E+01  2.0329E+01 -4.7879E-01 -2.9660E-01
  7.5000E+01  0.0000E+00  8.0000E+05  0.0000E+00  1.0000E+00  0.0000E+00  0.0000E+00  0.0000E+00  0.0000E+00  0.0000E+00  0.0000E+00  0.0000E+00
  7.5000E+01  6.4850E+02  0.0000E+00  3.7640E+01  0.0000E+00  3.0482E+01 -5.7158E-02  3.6683E-01  3.7640E+01  4.3787E+01 -6.1467E+00 -8.1982E-02
  7.5000E+01  6.4900E+02  0.0000E+00  2.4660E+01  0.0000E+00  2.9067E+01 -6.4821E-01 -2.3683E-01  2.4660E+01  4.1288E+01 -1.6628E+01 -4.0140E-01
  7.5000E+01  6.5000E+02  0.0000E+00  3.5940E+01  0.0000E+00  2.6485E+01  1.6947E-01  5.5769E-01  3.5940E+01  3.6806E+01 -8.6634E-01  6.2682E-02
  7.5000E+01  6.5200E+02  0.0000E+00  2.2230E+01  0.0000E+00  2.2241E+01 -3.5101E-01 -7.5651E-04  2.2230E+01  2.9666E+01 -7.4360E+00 -1.8587E-01
  7.5000E+01  6.5600E+02  0.0000E+00  2.6360E+01  0.0000E+00  1.6346E+01  6.5376E-01  9.5702E-01  2.6360E+01  2.0329E+01  6.0312E+00  3.3239E-01
  7.6000E+01  0.0000E+00  1.5000E+06  0.0000E+00  1.0000E+00  0.0000E+00  0.0000E+00  0.0000E+00  0.0000E+00  0.0000E+00  0.0000E+00  0.0000E+00
  7.6000E+01  6.4850E+02  0.0000E+00  9.5200E+01  0.0000E+00  5.4557E+01  1.3263E+00  1.1637E+00  9.5200E+01  4.3899E+01  5.1301E+01  1.3650E+00
  7.6000E+01  6.4900E+02  0.0000E+00  3.6960E+01  0.0000E+00  4.4411E+01 -3.8639E-01 -2.6208E-01  3.6960E+01  4.1394E+01 -4.4337E+00 -2.0999E-01
  7.6000E+01  6.5000E+02  0.0000E+00  3.4510E+01  0.0000E+00  2.9545E+01 -3.3320E-01  2.6252E-01  3.4510E+01  3.6900E+01 -2.3905E+00 -1.2681E-01
  7.6000E+01  6.5200E+02  0.0000E+00  2.3330E+01  0.0000E+00  1.3476E+01 -5.5544E-03  1.1422E+00  2.3330E+01  2.9742E+01 -6.4119E+00 -2.2858E-01
  7.6000E+01  6.5600E+02  0.0000E+00  2.9500E+00  0.0000E+00  3.4971E+00 -1.4542E+00 -2.4440E-01  2.9500E+00  2.0381E+01 -1.7431E+01 -6.7492E-01
  7.7000E+01  0.0000E+00  1.5000E+06  0.0000E+00  1.0000E+00  0.0000E+00  0.0000E+00  0.0000E+00  0.0000E+00  0.0000E+00  0.0000E+00  0.0000E+00
  7.7000E+01  6.4850E+02  0.0000E+00  5.6520E+01  0.0000E+00  8.9805E+01 -1.4413E-02 -5.7899E-01  5.6520E+01  4.3899E+01  1.2621E+01 -1.5309E-01
  7.7000E+01  6.4900E+02  0.0000E+00  2.6100E+01  0.0000E+00  8.5667E+01 -5.3300E-01 -1.0862E+00  2.6100E+01  4.1394E+01 -1.5294E+01 -9.8688E-01
  7.7000E+01  6.5000E+02  0.0000E+00  1.9064E+02  0.0000E+00  7.8159E+01  2.7792E+00  2.2481E+00  1.9064E+02  3.6900E+01  1.5374E+02  4.3425E+00
  7.7000E+01  6.5200E+02  0.0000E+00  1.5290E+01  0.0000E+00  6.5936E+01 -7.0964E-01 -1.1999E+00  1.5290E+01  2.9742E+01 -1.4452E+01 -1.1443E+00
  7.7000E+01  6.5600E+02  0.0000E+00  3.0470E+01  0.0000E+00  4.9221E+01 -1.7049E-01 -5.9511E-01  3.0470E+01  2.0381E+01  1.0089E+01 -2.2719E-01
  7.8000E+01  0.0000E+00  1.5000E+06  0.0000E+00  1.0000E+00  0.0000E+00  0.0000E+00  0.0000E+00  0.0000E+00  0.0000E+00  0.0000E+00  0.0000E+00
  7.8000E+01  6.4850E+02  0.0000E+00  3.3560E+01  0.0000E+00  5.2820E+01 -5.7877E-01 -5.6962E-01  3.3560E+01  4.3899E+01 -1.0339E+01 -5.2912E-01
  7.8000E+01  6.4900E+02  0.0000E+00  4.7270E+01  0.0000E+00  5.0355E+01 -1.0527E-01 -9.5711E-02  4.7270E+01  4.1394E+01  5.8763E+00 -7.5102E-02
  7.8000E+01  6.5000E+02  0.0000E+00  7.8640E+01  0.0000E+00  4.5866E+01  1.1058E+00  1.1162E+00  7.8640E+01  3.6900E+01  4.1740E+01  1.0605E+00
  7.8000E+01  6.5200E+02  0.0000E+00  6.9680E+01  0.0000E+00  3.8512E+01  1.2526E+00  1.2642E+00  6.9680E+01  2.9742E+01  3.9938E+01  1.1345E+00
  7.8000E+01  6.5600E+02  0.0000E+00  1.0970E+01  0.0000E+00  2.8364E+01 -9.6802E-01 -9.5798E-01  1.0970E+01  2.0381E+01 -9.4108E+00 -7.5748E-01
