TABLE NO.  1
 ID          TIME        AMT         DV          MDV         IPRED       CWRES       IWRES       DV          PRED        RES         WRES
  1.0000E+00  0.0000E+00  1.0000E+04  0.0000E+00  1.0000E+00  2.8110E+03  0.0000E+00 -1.5828E+00  0.0000E+00  2.8110E+03  0.0000E+00  0.0000E+00
  1.0000E+00  0.0000E+00  0.0000E+00  0.0000E+00  0.0000E+00  2.8110E+03 -1.5828E+00 -1.5828E+00  0.0000E+00  2.8110E+03 -2.8110E+03 -1.5828E+00
  1.0000E+00  3.3000E-02  0.0000E+00  7.3336E+03  0.0000E+00  2.5597E+03  3.1040E+00  2.9520E+00  7.3336E+03  3.4905E+02  6.9845E+03  5.6160E+00
  1.0000E+00  8.3000E-02  0.0000E+00  1.1915E+03  0.0000E+00  2.2211E+03 -3.7601E-01 -7.3374E-01  1.1915E+03  2.8467E+01  1.1630E+03  1.2197E+01
  1.0000E+00  2.5000E-01  0.0000E+00  8.7932E+02  0.0000E+00  1.3829E+03  2.5648E-01 -5.7637E-01  8.7932E+02  1.4994E+01  8.6432E+02  7.2329E+01
  1.0000E+00  5.0000E-01  0.0000E+00  1.2562E+03  0.0000E+00  6.8047E+02  2.3605E+00  1.3393E+00  1.2562E+03  1.4800E+01  1.2414E+03  1.0898E+02
  1.0000E+00  7.0000E-01  0.0000E+00  2.3189E+02  0.0000E+00  3.8600E+02  2.4811E-01 -6.3195E-01  2.3189E+02  1.4647E+01  2.1724E+02  1.0941E+01
  1.0000E+00  1.0000E+00  0.0000E+00  3.0794E+02  0.0000E+00  1.6511E+02  1.8615E+00  1.3692E+00  3.0794E+02  1.4420E+01  2.9352E+02  1.8263E+01
  1.0000E+00  2.0000E+00  0.0000E+00  8.9700E-01  0.0000E+00  1.0297E+01 -1.4967E+00 -1.4450E+00  8.9700E-01  1.3690E+01 -1.2793E+01 -1.3223E+01
  1.0000E+00  4.0000E+00  0.0000E+00  1.0160E+00  0.0000E+00  7.0488E-01 -8.3853E-01  6.9863E-01  1.0160E+00  1.2338E+01 -1.1322E+01 -1.6006E+01
  1.0000E+00  6.0000E+00  0.0000E+00  0.0000E+00  1.0000E+00  6.6797E-01  0.0000E+00 -1.5828E+00  0.0000E+00  1.1119E+01  0.0000E+00  0.0000E+00
  1.0000E+00  8.0000E+00  0.0000E+00  6.0900E-01  0.0000E+00  6.6380E-01 -1.7448E+00 -1.3066E-01  6.0900E-01  1.0021E+01 -9.4121E+00 -2.1214E+01
  2.0000E+00  0.0000E+00  1.0000E+04  0.0000E+00  1.0000E+00  2.8110E+03  0.0000E+00 -1.5828E+00  0.0000E+00  2.8110E+03  0.0000E+00  0.0000E+00
  2.0000E+00  0.0000E+00  0.0000E+00  0.0000E+00  0.0000E+00  2.8110E+03 -1.5828E+00 -1.5828E+00  0.0000E+00  2.8110E+03 -2.8110E+03 -1.5828E+00
  2.0000E+00  3.3000E-02  0.0000E+00  4.6639E+03  0.0000E+00  2.5890E+03  1.4335E+00  1.2685E+00  4.6639E+03  3.4905E+02  4.3149E+03  3.1170E+00
  2.0000E+00  8.3000E-02  0.0000E+00  1.1788E+03  0.0000E+00  2.2856E+03 -3.6784E-01 -7.6650E-01  1.1788E+03  2.8467E+01  1.1503E+03  1.2409E+01
  2.0000E+00  2.5000E-01  0.0000E+00  5.2594E+02  0.0000E+00  1.5074E+03  1.2391E-03 -1.0306E+00  5.2594E+02  1.4994E+01  5.1095E+02  4.4725E+01
  2.0000E+00  5.0000E-01  0.0000E+00  3.5647E+02  0.0000E+00  8.0849E+02  6.8536E-01 -8.8495E-01  3.5647E+02  1.4800E+01  3.4167E+02  2.8904E+01
  2.0000E+00  7.5000E-01  0.0000E+00  2.1360E+01  0.0000E+00  4.3375E+02  2.0179E-01 -1.5049E+00  2.1360E+01  1.4609E+01  6.7509E+00 -3.3158E+00
  2.0000E+00  1.0000E+00  0.0000E+00  5.5186E+02  0.0000E+00  2.3282E+02  3.7580E+00  2.1690E+00  5.5186E+02  1.4420E+01  5.3744E+02  4.8437E+01
  2.0000E+00  2.0000E+00  0.0000E+00  4.7980E+00  0.0000E+00  1.9756E+01 -2.7419E-01 -1.1984E+00  4.7980E+00  1.3690E+01 -8.8919E+00 -5.8643E+00
  2.0000E+00  4.0000E+00  0.0000E+00  3.3000E-02  0.0000E+00  6.9085E-01 -2.2805E+00 -1.5072E+00  3.3000E-02  1.2338E+01 -1.2305E+01 -7.8685E+00
  2.0000E+00  6.0000E+00  0.0000E+00  5.9700E-01  0.0000E+00  5.5787E-01 -1.1614E+00  1.1101E-01  5.9700E-01  1.1119E+01 -1.0522E+01 -9.2430E+00
  2.0000E+00  8.0000E+00  0.0000E+00  8.4600E-01  0.0000E+00  5.5422E-01 -4.3666E-01  8.3334E-01  8.4600E-01  1.0021E+01 -9.1751E+00 -1.0555E+01
  3.0000E+00  0.0000E+00  1.0000E+04  0.0000E+00  1.0000E+00  2.8110E+03  0.0000E+00 -1.5828E+00  0.0000E+00  2.8110E+03  0.0000E+00  0.0000E+00
  3.0000E+00  0.0000E+00  0.0000E+00  0.0000E+00  0.0000E+00  2.8110E+03 -1.5828E+00 -1.5828E+00  0.0000E+00  2.8110E+03 -2.8110E+03 -1.5828E+00
  3.0000E+00  3.3000E-02  0.0000E+00  3.7945E+03  0.0000E+00  2.1901E+03  1.4720E+00  1.1596E+00  3.7945E+03  3.4905E+02  3.4454E+03  2.1777E+00
  3.0000E+00  8.3000E-02  0.0000E+00  1.2588E+03  0.0000E+00  1.5006E+03  4.0991E-01 -2.5508E-01  1.2588E+03  2.8467E+01  1.2303E+03  1.3008E+01
  3.0000E+00  2.5000E-01  0.0000E+00  5.4645E+02  0.0000E+00  4.2552E+02  1.4073E+00  4.4981E-01  5.4645E+02  1.4994E+01  5.3145E+02  5.0276E+01
  3.0000E+00  5.0000E-01  0.0000E+00  4.9878E+01  0.0000E+00  6.6153E+01  9.0270E-02 -3.8941E-01  4.9878E+01  1.4800E+01  3.5078E+01  3.2812E+00
  3.0000E+00  7.5000E-01  0.0000E+00  1.6505E+01  0.0000E+00  1.2009E+01  4.4280E-01  5.9263E-01  1.6505E+01  1.4609E+01  1.8959E+00 -3.6510E-03
  3.0000E+00  1.0000E+00  0.0000E+00  6.6930E+00  0.0000E+00  3.8460E+00  6.0514E-01  1.1717E+00  6.6930E+00  1.4420E+01 -7.7275E+00 -1.0571E+00
  3.0000E+00  2.0000E+00  0.0000E+00  3.6010E+00  0.0000E+00  2.3710E+00  2.5889E-01  8.2115E-01  3.6010E+00  1.3690E+01 -1.0089E+01 -1.7881E+00
  3.0000E+00  4.0000E+00  0.0000E+00  1.1970E+00  0.0000E+00  2.3127E+00 -1.3130E+00 -7.6360E-01  1.1970E+00  1.2338E+01 -1.1141E+01 -2.8966E+00
  3.0000E+00  6.0000E+00  0.0000E+00  3.0470E+00  0.0000E+00  2.2566E+00  1.7430E-02  5.5445E-01  3.0470E+00  1.1119E+01 -8.0723E+00 -3.4999E+00
  3.0000E+00  8.0000E+00  0.0000E+00  3.8000E-01  0.0000E+00  2.2018E+00 -1.8347E+00 -1.3097E+00  3.8000E-01  1.0021E+01 -9.6411E+00 -4.6111E+00
  4.0000E+00  0.0000E+00  1.0000E+04  0.0000E+00  1.0000E+00  0.0000E+00  0.0000E+00  0.0000E+00  0.0000E+00  0.0000E+00  0.0000E+00  0.0000E+00
  4.0000E+00  0.0000E+00  0.0000E+00  0.0000E+00  0.0000E+00  0.0000E+00  0.0000E+00  0.0000E+00  0.0000E+00  0.0000E+00  0.0000E+00  0.0000E+00
  4.0000E+00  3.3000E-02  0.0000E+00  2.1445E+01  0.0000E+00  1.6681E+01  5.3973E-01  4.5211E-01  2.1445E+01  8.3482E+00  1.3097E+01 -2.4149E-01
  4.0000E+00  8.3000E-02  0.0000E+00  2.5683E+01  0.0000E+00  3.1814E+01 -3.8430E-02 -3.0505E-01  2.5683E+01  9.2949E+00  1.6388E+01 -4.4068E-01
  4.0000E+00  2.5000E-01  0.0000E+00  4.4576E+01  0.0000E+00  4.4788E+01  6.5026E-01 -7.4899E-03  4.4576E+01  8.8604E+00  3.5716E+01  1.7789E+00
  4.0000E+00  5.0000E-01  0.0000E+00  2.1491E+01  0.0000E+00  4.0586E+01  1.1430E-03 -7.4470E-01  2.1491E+01  8.2274E+00  1.3264E+01 -4.0788E-01
  4.0000E+00  7.5000E-01  0.0000E+00  7.6971E+01  0.0000E+00  3.4699E+01  2.6203E+00  1.9283E+00  7.6971E+01  7.6835E+00  6.9287E+01  8.0364E+00
  4.0000E+00  1.0000E+00  0.0000E+00  7.4570E+00  0.0000E+00  2.9600E+01 -5.5736E-01 -1.1841E+00  7.4570E+00  7.2149E+00  2.4206E-01 -1.8927E+00
  4.0000E+00  2.0000E+00  0.0000E+00  3.1960E+00  0.0000E+00  1.5972E+01 -8.6333E-01 -1.2661E+00  3.1960E+00  5.8866E+00 -2.6906E+00 -1.8924E+00
  4.0000E+00  3.0000E+00  0.0000E+00  1.6550E+01  0.0000E+00  9.0370E+00  1.5367E+00  1.3159E+00  1.6550E+01  5.0998E+00  1.1450E+01  3.0055E+00
  4.0000E+00  4.0000E+00  0.0000E+00  3.8490E+00  0.0000E+00  5.4992E+00 -4.2456E-01 -4.7499E-01  3.8490E+00  4.5935E+00 -7.4447E-01 -1.3200E-01
  4.0000E+00  6.0000E+00  0.0000E+00  0.0000E+00  1.0000E+00  2.7472E+00  0.0000E+00 -1.5828E+00  0.0000E+00  3.9565E+00  0.0000E+00  0.0000E+00
  4.0000E+00  8.0000E+00  0.0000E+00  0.0000E+00  1.0000E+00  1.9853E+00  0.0000E+00 -1.5828E+00  0.0000E+00  3.5186E+00  0.0000E+00  0.0000E+00
  5.0000E+00  0.0000E+00  1.0000E+04  0.0000E+00  1.0000E+00  0.0000E+00  0.0000E+00  0.0000E+00  0.0000E+00  0.0000E+00  0.0000E+00  0.0000E+00
  5.0000E+00  0.0000E+00  0.0000E+00  0.0000E+00  0.0000E+00  0.0000E+00  0.0000E+00  0.0000E+00  0.0000E+00  0.0000E+00  0.0000E+00  0.0000E+00
  5.0000E+00  3.3000E-02  0.0000E+00  1.6601E+01  0.0000E+00  1.6543E+01  6.5425E-02  5.5048E-03  1.6601E+01  8.3482E+00  8.2528E+00 -6.2812E-01
  5.0000E+00  8.3000E-02  0.0000E+00  9.5230E+00  0.0000E+00  3.1218E+01 -9.4154E-01 -1.1000E+00  9.5230E+00  9.2949E+00  2.2806E-01 -1.7731E+00
  5.0000E+00  2.5000E-01  0.0000E+00  3.0571E+01  0.0000E+00  4.2978E+01 -9.6991E-02 -4.5695E-01  3.0571E+01  8.8604E+00  2.1711E+01  5.4510E-01
  5.0000E+00  5.0000E-01  0.0000E+00  4.7158E+01  0.0000E+00  3.8429E+01  7.6307E-01  3.5953E-01  4.7158E+01  8.2274E+00  3.8931E+01  3.1072E+00
  5.0000E+00  7.5000E-01  0.0000E+00  1.9559E+01  0.0000E+00  3.2589E+01 -2.5542E-01 -6.3286E-01  1.9559E+01  7.6835E+00  1.1875E+01 -2.6323E-02
  5.0000E+00  1.0000E+00  0.0000E+00  5.9384E+01  0.0000E+00  2.7561E+01  2.1725E+00  1.8276E+00  5.9384E+01  7.2149E+00  5.2169E+01  6.9801E+00
  5.0000E+00  2.0000E+00  0.0000E+00  1.1460E+00  0.0000E+00  1.4145E+01 -1.2387E+00 -1.4546E+00  1.1460E+00  5.8866E+00 -4.7406E+00 -2.1699E+00
  5.0000E+00  3.0000E+00  0.0000E+00  2.5590E+00  0.0000E+00  7.3348E+00 -9.5965E-01 -1.0306E+00  2.5590E+00  5.0998E+00 -2.5408E+00 -9.8145E-01
  5.0000E+00  4.0000E+00  0.0000E+00  7.7780E+00  0.0000E+00  3.8767E+00  1.4790E+00  1.5929E+00  7.7780E+00  4.5935E+00  3.1845E+00  1.3210E+00
  5.0000E+00  6.0000E+00  0.0000E+00  1.6200E-01  0.0000E+00  1.2257E+00 -1.9461E+00 -1.3736E+00  1.6200E-01  3.9565E+00 -3.7945E+00 -6.7985E-01
  5.0000E+00  8.0000E+00  0.0000E+00  5.5100E-01  0.0000E+00  5.3631E-01 -9.5709E-01  4.3365E-02  5.5100E-01  3.5186E+00 -2.9676E+00 -4.2889E-01
  6.0000E+00  0.0000E+00  1.0000E+04  0.0000E+00  1.0000E+00  0.0000E+00  0.0000E+00  0.0000E+00  0.0000E+00  0.0000E+00  0.0000E+00  0.0000E+00
  6.0000E+00  0.0000E+00  0.0000E+00  0.0000E+00  0.0000E+00  0.0000E+00  0.0000E+00  0.0000E+00  0.0000E+00  0.0000E+00  0.0000E+00  0.0000E+00
  6.0000E+00  3.3000E-02  0.0000E+00  2.2373E+01  0.0000E+00  1.5596E+01  7.6963E-01  6.8784E-01  2.2373E+01  8.3482E+00  1.4025E+01  2.7875E-01
  6.0000E+00  8.3000E-02  0.0000E+00  4.6713E+01  0.0000E+00  2.7389E+01  1.3720E+00  1.1167E+00  4.6713E+01  9.2949E+00  3.7418E+01  2.0855E+00
  6.0000E+00  2.5000E-01  0.0000E+00  5.0110E+00  0.0000E+00  3.3452E+01 -8.2989E-01 -1.3457E+00  5.0110E+00  8.8604E+00 -3.8494E+00 -2.0873E+00
  6.0000E+00  5.0000E-01  0.0000E+00  4.6163E+01  0.0000E+00  2.9133E+01  1.4251E+00  9.2526E-01  4.6163E+01  8.2274E+00  3.7936E+01  3.1223E+00
  6.0000E+00  7.5000E-01  0.0000E+00  1.5363E+01  0.0000E+00  2.4883E+01 -1.7114E-01 -6.0557E-01  1.5363E+01  7.6835E+00  7.6795E+00 -4.9924E-01
  6.0000E+00  1.0000E+00  0.0000E+00  2.2338E+01  0.0000E+00  2.1282E+01  4.4923E-01  7.8519E-02  2.2338E+01  7.2149E+00  1.5123E+01  9.6761E-01
  6.0000E+00  2.0000E+00  0.0000E+00  2.4323E+01  0.0000E+00  1.1669E+01  1.8684E+00  1.7163E+00  2.4323E+01  5.8866E+00  1.8436E+01  3.5887E+00
  6.0000E+00  3.0000E+00  0.0000E+00  1.8400E+00  0.0000E+00  6.7671E+00 -1.1691E+00 -1.1525E+00  1.8400E+00  5.0998E+00 -3.2598E+00 -1.2579E+00
  6.0000E+00  4.0000E+00  0.0000E+00  2.7960E+00  0.0000E+00  4.2559E+00 -6.9579E-01 -5.4296E-01  2.7960E+00  4.5935E+00 -1.7975E+00 -4.2801E-01
  6.0000E+00  6.0000E+00  0.0000E+00  2.7000E+00  0.0000E+00  2.2779E+00 -6.9679E-02  2.9330E-01  2.7000E+00  3.9565E+00 -1.2565E+00  2.0313E-02
  6.0000E+00  8.0000E+00  0.0000E+00  2.4450E+00  0.0000E+00  1.7033E+00  2.1577E-01  6.8921E-01  2.4450E+00  3.5186E+00 -1.0736E+00  6.5224E-02
  7.0000E+00  0.0000E+00  1.2500E+05  0.0000E+00  1.0000E+00  0.0000E+00  0.0000E+00  0.0000E+00  0.0000E+00  0.0000E+00  0.0000E+00  0.0000E+00
  7.0000E+00  0.0000E+00  0.0000E+00  0.0000E+00  0.0000E+00  0.0000E+00  0.0000E+00  0.0000E+00  0.0000E+00  0.0000E+00  0.0000E+00  0.0000E+00
  7.0000E+00  5.0000E-01  0.0000E+00  5.3520E+00  0.0000E+00  7.5494E+00 -1.1368E+00 -4.6071E-01  5.3520E+00  1.9931E+01 -1.4579E+01 -4.6906E-01
  7.0000E+00  1.0000E+00  0.0000E+00  1.6180E+01  0.0000E+00  8.8198E+00  8.6258E-01  1.3209E+00  1.6180E+01  1.7478E+01 -1.2982E+00  1.9399E-01
  7.0000E+00  2.0000E+00  0.0000E+00  4.4430E+00  0.0000E+00  9.7514E+00 -1.1835E+00 -8.6166E-01  4.4430E+00  1.4260E+01 -9.8173E+00 -7.9454E-01
  7.0000E+00  4.0000E+00  0.0000E+00  1.9128E+01  0.0000E+00  8.8193E+00  1.4386E+00  1.8502E+00  1.9128E+01  1.1128E+01  8.0003E+00  1.1029E+00
  7.0000E+00  8.0000E+00  0.0000E+00  5.6870E+00  0.0000E+00  5.4051E+00 -7.5169E-01  8.2544E-02  5.6870E+00  8.5238E+00 -2.8368E+00 -4.4404E-01
  7.0000E+00  2.4000E+01  0.0000E+00  6.0000E-01  0.0000E+00  5.7490E-01 -1.2099E+00  6.9098E-02  6.0000E-01  3.6899E+00 -3.0899E+00 -5.9832E-01
  8.0000E+00  0.0000E+00  1.2500E+05  0.0000E+00  1.0000E+00  0.0000E+00  0.0000E+00  0.0000E+00  0.0000E+00  0.0000E+00  0.0000E+00  0.0000E+00
  8.0000E+00  0.0000E+00  0.0000E+00  0.0000E+00  0.0000E+00  0.0000E+00  0.0000E+00  0.0000E+00  0.0000E+00  0.0000E+00  0.0000E+00  0.0000E+00
  8.0000E+00  5.0000E-01  0.0000E+00  3.1708E+01  0.0000E+00  2.2817E+01  1.9307E-01  6.1683E-01  3.1708E+01  1.9931E+01  1.1777E+01  3.1538E-01
  8.0000E+00  1.0000E+00  0.0000E+00  2.9239E+01  0.0000E+00  1.7498E+01  5.4692E-01  1.0620E+00  2.9239E+01  1.7478E+01  1.1761E+01  5.3930E-01
  8.0000E+00  2.0000E+00  0.0000E+00  9.1450E+00  0.0000E+00  1.0867E+01 -9.1459E-01 -2.5083E-01  9.1450E+00  1.4260E+01 -5.1153E+00 -6.2570E-01
  8.0000E+00  4.0000E+00  0.0000E+00  7.1960E+00  0.0000E+00  5.3866E+00 -3.0046E-01  5.3169E-01  7.1960E+00  1.1128E+01 -3.9317E+00 -3.1964E-01
  8.0000E+00  8.0000E+00  0.0000E+00  3.9410E+00  0.0000E+00  2.7317E+00 -2.5583E-01  7.0069E-01  3.9410E+00  8.5238E+00 -4.5828E+00 -3.5691E-01
  8.0000E+00  2.4000E+01  0.0000E+00  6.0000E-01  0.0000E+00  6.3576E-01 -1.2207E+00 -8.9022E-02  6.0000E-01  3.6899E+00 -3.0899E+00 -3.4597E-01
  9.0000E+00  0.0000E+00  1.2500E+05  0.0000E+00  1.0000E+00  0.0000E+00  0.0000E+00  0.0000E+00  0.0000E+00  0.0000E+00  0.0000E+00  0.0000E+00
  9.0000E+00  0.0000E+00  0.0000E+00  0.0000E+00  0.0000E+00  0.0000E+00  0.0000E+00  0.0000E+00  0.0000E+00  0.0000E+00  0.0000E+00  0.0000E+00
  9.0000E+00  5.0000E-01  0.0000E+00  2.5875E+01  0.0000E+00  1.9537E+01  3.0699E-01  5.1344E-01  2.5875E+01  1.9931E+01  5.9440E+00  2.0365E-01
  9.0000E+00  1.0000E+00  0.0000E+00  1.2360E+01  0.0000E+00  1.6497E+01 -6.4319E-01 -3.9696E-01  1.2360E+01  1.7478E+01 -5.1182E+00 -4.5265E-01
  9.0000E+00  2.0000E+00  0.0000E+00  2.5667E+01  0.0000E+00  1.2525E+01  1.3426E+00  1.6608E+00  2.5667E+01  1.4260E+01  1.1407E+01  1.0974E+00
  9.0000E+00  4.0000E+00  0.0000E+00  1.4443E+01  0.0000E+00  8.7290E+00  5.9990E-01  1.0361E+00  1.4443E+01  1.1128E+01  3.3153E+00  4.7076E-01
  9.0000E+00  8.0000E+00  0.0000E+00  6.7260E+00  0.0000E+00  5.8208E+00 -3.6716E-01  2.4615E-01  6.7260E+00  8.5238E+00 -1.7978E+00 -2.2104E-01
  9.0000E+00  2.4000E+01  0.0000E+00  1.4570E+00  0.0000E+00  1.6559E+00 -1.1889E+00 -1.9010E-01  1.4570E+00  3.6899E+00 -2.2329E+00 -5.5275E-01
  1.0000E+01  0.0000E+00  2.5000E+05  0.0000E+00  1.0000E+00  0.0000E+00  0.0000E+00  0.0000E+00  0.0000E+00  0.0000E+00  0.0000E+00  0.0000E+00
  1.0000E+01  0.0000E+00  0.0000E+00  0.0000E+00  0.0000E+00  0.0000E+00  0.0000E+00  0.0000E+00  0.0000E+00  0.0000E+00  0.0000E+00  0.0000E+00
  1.0000E+01  5.0000E-01  0.0000E+00  3.2559E+01  0.0000E+00  2.1751E+01  2.0287E-01  7.8653E-01  3.2559E+01  2.7419E+01  5.1399E+00  3.1966E-01
  1.0000E+01  1.0000E+00  0.0000E+00  2.7382E+01  0.0000E+00  2.1402E+01  5.6240E-02  4.4225E-01  2.7382E+01  2.4045E+01  3.3371E+00  2.4629E-01
  1.0000E+01  2.0000E+00  0.0000E+00  2.0366E+01  0.0000E+00  2.0879E+01 -1.6635E-01 -3.8926E-02  2.0366E+01  1.9618E+01  7.4812E-01 -7.0931E-02
  1.0000E+01  4.0000E+00  0.0000E+00  3.1808E+01  0.0000E+00  2.0176E+01  1.0217E+00  9.1261E-01  3.1808E+01  1.5308E+01  1.6500E+01  1.0698E+00
  1.0000E+01  8.0000E+00  0.0000E+00  6.3644E+01  0.0000E+00  1.9149E+01  3.9506E+00  3.6781E+00  6.3644E+01  1.1726E+01  5.1918E+01  5.1121E+00
  1.0000E+01  2.4000E+01  0.0000E+00  2.5160E+00  0.0000E+00  1.5740E+01 -6.5870E-01 -1.3298E+00  2.5160E+00  5.0762E+00 -2.5602E+00 -1.9732E+00
  1.1000E+01  0.0000E+00  2.5000E+05  0.0000E+00  1.0000E+00  0.0000E+00  0.0000E+00  0.0000E+00  0.0000E+00  0.0000E+00  0.0000E+00  0.0000E+00
  1.1000E+01  0.0000E+00  0.0000E+00  0.0000E+00  0.0000E+00  0.0000E+00  0.0000E+00  0.0000E+00  0.0000E+00  0.0000E+00  0.0000E+00  0.0000E+00
  1.1000E+01  5.0000E-01  0.0000E+00  2.2787E+01  0.0000E+00  2.8307E+01 -4.9222E-01 -3.0867E-01  2.2787E+01  2.7419E+01 -4.6321E+00 -2.7103E-01
  1.1000E+01  1.0000E+00  0.0000E+00  4.7157E+01  0.0000E+00  2.2722E+01  1.4433E+00  1.7022E+00  4.7157E+01  2.4045E+01  2.3112E+01  1.0730E+00
  1.1000E+01  2.0000E+00  0.0000E+00  4.3560E+00  0.0000E+00  1.5604E+01 -1.5329E+00 -1.1410E+00  4.3560E+00  1.9618E+01 -1.5262E+01 -1.1236E+00
  1.1000E+01  4.0000E+00  0.0000E+00  1.1033E+01  0.0000E+00  9.2966E+00 -2.8408E-01  2.9564E-01  1.1033E+01  1.5308E+01 -4.2754E+00 -2.5879E-01
  1.1000E+01  8.0000E+00  0.0000E+00  9.2000E+00  0.0000E+00  5.4077E+00  3.7940E-01  1.1100E+00  9.2000E+00  1.1726E+01 -2.5263E+00 -3.0512E-02
  1.1000E+01  2.4000E+01  0.0000E+00  6.0000E-01  0.0000E+00  1.2238E+00 -1.4485E+00 -8.0682E-01  6.0000E-01  5.0762E+00 -4.4762E+00 -4.4746E-01
  1.2000E+01  0.0000E+00  2.5000E+05  0.0000E+00  1.0000E+00  0.0000E+00  0.0000E+00  0.0000E+00  0.0000E+00  0.0000E+00  0.0000E+00  0.0000E+00
  1.2000E+01  0.0000E+00  0.0000E+00  0.0000E+00  0.0000E+00  0.0000E+00  0.0000E+00  0.0000E+00  0.0000E+00  0.0000E+00  0.0000E+00  0.0000E+00
  1.2000E+01  5.0000E-01  0.0000E+00  2.9301E+01  0.0000E+00  2.0261E+01  2.9969E-01  7.0629E-01  2.9301E+01  2.7419E+01  1.8819E+00  1.6488E-01
  1.2000E+01  1.0000E+00  0.0000E+00  1.4208E+01  0.0000E+00  1.7684E+01 -7.0240E-01 -3.1116E-01  1.4208E+01  2.4045E+01 -9.8369E+00 -3.8218E-01
  1.2000E+01  2.0000E+00  0.0000E+00  1.1723E+01  0.0000E+00  1.4060E+01 -6.4108E-01 -2.6310E-01  1.1723E+01  1.9618E+01 -7.8949E+00 -4.5752E-01
  1.2000E+01  4.0000E+00  0.0000E+00  8.5160E+00  0.0000E+00  9.9640E+00 -6.3892E-01 -2.3003E-01  8.5160E+00  1.5308E+01 -6.7924E+00 -5.2006E-01
  1.2000E+01  8.0000E+00  0.0000E+00  8.2990E+00  0.0000E+00  5.9664E+00  6.4844E-02  6.1884E-01  8.2990E+00  1.1726E+01 -3.4273E+00 -1.9078E-01
  1.2000E+01  2.4000E+01  0.0000E+00  1.2620E+00  0.0000E+00  9.4407E-01 -4.5395E-01  5.3304E-01  1.2620E+00  5.0762E+00 -3.8142E+00 -2.8677E-01
  1.3000E+01  0.0000E+00  5.0000E+05  0.0000E+00  1.0000E+00  0.0000E+00  0.0000E+00  0.0000E+00  0.0000E+00  0.0000E+00  0.0000E+00  0.0000E+00
  1.3000E+01  0.0000E+00  0.0000E+00  0.0000E+00  0.0000E+00  0.0000E+00  0.0000E+00  0.0000E+00  0.0000E+00  0.0000E+00  0.0000E+00  0.0000E+00
  1.3000E+01  5.0000E-01  0.0000E+00  5.5055E+01  0.0000E+00  3.5207E+01  6.1168E-01  8.9230E-01  5.5055E+01  4.1822E+01  1.3233E+01  3.4870E-01
  1.3000E+01  1.0000E+00  0.0000E+00  1.9613E+01  0.0000E+00  3.2850E+01 -8.2331E-01 -6.3780E-01  1.9613E+01  3.6675E+01 -1.7062E+01 -5.3592E-01
  1.3000E+01  2.0000E+00  0.0000E+00  2.3639E+01  0.0000E+00  2.9535E+01 -3.6689E-01 -3.1597E-01  2.3639E+01  2.9923E+01 -6.2840E+00 -2.9783E-01
  1.3000E+01  4.0000E+00  0.0000E+00  1.3103E+01  0.0000E+00  2.5682E+01 -6.9829E-01 -7.7528E-01  1.3103E+01  2.3350E+01 -1.0247E+01 -6.8134E-01
  1.3000E+01  8.0000E+00  0.0000E+00  1.3568E+01  0.0000E+00  2.1236E+01 -4.3091E-01 -5.7155E-01  1.3568E+01  1.7886E+01 -4.3180E+00 -3.7779E-01
  1.3000E+01  2.4000E+01  0.0000E+00  1.7556E+01  0.0000E+00  1.0757E+01  1.1336E+00  1.0005E+00  1.7556E+01  7.7427E+00  9.8133E+00  1.1595E+00
  1.4000E+01  0.0000E+00  5.0000E+05  0.0000E+00  1.0000E+00  0.0000E+00  0.0000E+00  0.0000E+00  0.0000E+00  0.0000E+00  0.0000E+00  0.0000E+00
  1.4000E+01  0.0000E+00  0.0000E+00  0.0000E+00  0.0000E+00  0.0000E+00  0.0000E+00  0.0000E+00  0.0000E+00  0.0000E+00  0.0000E+00  0.0000E+00
  1.4000E+01  5.0000E-01  0.0000E+00  4.9290E+01  0.0000E+00  3.0343E+01  4.4143E-01  9.8835E-01  4.9290E+01  4.1822E+01  7.4678E+00  1.9412E-01
  1.4000E+01  1.0000E+00  0.0000E+00  3.0508E+01  0.0000E+00  2.7528E+01 -2.9714E-01  1.7134E-01  3.0508E+01  3.6675E+01 -6.1675E+00 -1.8436E-01
  1.4000E+01  2.0000E+00  0.0000E+00  2.6968E+01  0.0000E+00  2.3345E+01 -1.3003E-01  2.4562E-01  2.6968E+01  2.9923E+01 -2.9550E+00 -1.0830E-01
  1.4000E+01  4.0000E+00  0.0000E+00  2.2871E+01  0.0000E+00  1.8045E+01  6.4623E-02  4.2337E-01  2.2871E+01  2.3350E+01 -4.7886E-01  2.8769E-02
  1.4000E+01  8.0000E+00  0.0000E+00  2.1883E+01  0.0000E+00  1.1897E+01  7.8851E-01  1.3286E+00  2.1883E+01  1.7886E+01  3.9970E+00  3.9261E-01
  1.4000E+01  2.4000E+01  0.0000E+00  6.0000E-01  0.0000E+00  2.4966E+00 -1.9828E+00 -1.2025E+00  6.0000E-01  7.7427E+00 -7.1427E+00 -7.2161E-01
  1.5000E+01  0.0000E+00  5.0000E+05  0.0000E+00  1.0000E+00  0.0000E+00  0.0000E+00  0.0000E+00  0.0000E+00  0.0000E+00  0.0000E+00  0.0000E+00
  1.5000E+01  0.0000E+00  0.0000E+00  0.0000E+00  0.0000E+00  0.0000E+00  0.0000E+00  0.0000E+00  0.0000E+00  0.0000E+00  0.0000E+00  0.0000E+00
  1.5000E+01  5.0000E-01  0.0000E+00  6.3812E+01  0.0000E+00  3.9665E+01  9.0690E-01  9.6362E-01  6.3812E+01  4.1822E+01  2.1990E+01  6.0150E-01
  1.5000E+01  1.0000E+00  0.0000E+00  7.1770E+00  0.0000E+00  3.6262E+01 -1.2943E+00 -1.2696E+00  7.1770E+00  3.6675E+01 -2.9498E+01 -9.2361E-01
  1.5000E+01  2.0000E+00  0.0000E+00  3.4378E+01  0.0000E+00  3.1766E+01  1.4955E-01  1.3018E-01  3.4378E+01  2.9923E+01  4.4550E+00  1.6607E-01
  1.5000E+01  4.0000E+00  0.0000E+00  1.8738E+01  0.0000E+00  2.7277E+01 -4.3310E-01 -4.9549E-01  1.8738E+01  2.3350E+01 -4.6119E+00 -5.2147E-01
  1.5000E+01  8.0000E+00  0.0000E+00  3.5351E+01  0.0000E+00  2.3206E+01  9.2082E-01  8.2844E-01  3.5351E+01  1.7886E+01  1.7465E+01  9.4640E-01
  1.5000E+01  2.4000E+01  0.0000E+00  2.0765E+01  0.0000E+00  1.3816E+01  8.8594E-01  7.9605E-01  2.0765E+01  7.7427E+00  1.3022E+01  1.0050E+00
  1.6000E+01  0.0000E+00  1.2500E+05  0.0000E+00  1.0000E+00  0.0000E+00  0.0000E+00  0.0000E+00  0.0000E+00  0.0000E+00  0.0000E+00  0.0000E+00
  1.6000E+01  0.0000E+00  0.0000E+00  0.0000E+00  0.0000E+00  0.0000E+00  0.0000E+00  0.0000E+00  0.0000E+00  0.0000E+00  0.0000E+00  0.0000E+00
  1.6000E+01  5.0000E-01  0.0000E+00  8.1620E+00  0.0000E+00  1.2710E+01 -8.5273E-01 -5.6636E-01  8.1620E+00  1.9931E+01 -1.1769E+01 -3.9923E-01
  1.6000E+01  1.0000E+00  0.0000E+00  1.6289E+01  0.0000E+00  1.1379E+01  3.6876E-01  6.8291E-01  1.6289E+01  1.7478E+01 -1.1892E+00  1.3951E-01
  1.6000E+01  2.0000E+00  0.0000E+00  4.8860E+00  0.0000E+00  9.3492E+00 -1.1313E+00 -7.5563E-01  4.8860E+00  1.4260E+01 -9.3743E+00 -7.4644E-01
  1.6000E+01  4.0000E+00  0.0000E+00  8.0510E+00  0.0000E+00  6.7066E+00 -1.6659E-01  3.1729E-01  8.0510E+00  1.1128E+01 -3.0767E+00 -2.5354E-01
  1.6000E+01  8.0000E+00  0.0000E+00  3.2130E+00  0.0000E+00  3.7709E+00 -8.3397E-01 -2.3419E-01  3.2130E+00  8.5238E+00 -5.3108E+00 -6.2634E-01
  1.6000E+01  2.4000E+01  0.0000E+00  6.0000E-01  0.0000E+00  4.1916E-01 -4.2200E-02  6.8291E-01  6.0000E-01  3.6899E+00 -3.0899E+00 -2.7052E-01
  1.7000E+01  0.0000E+00  1.2500E+05  0.0000E+00  1.0000E+00  0.0000E+00  0.0000E+00  0.0000E+00  0.0000E+00  0.0000E+00  0.0000E+00  0.0000E+00
  1.7000E+01  0.0000E+00  0.0000E+00  0.0000E+00  0.0000E+00  0.0000E+00  0.0000E+00  0.0000E+00  0.0000E+00  0.0000E+00  0.0000E+00  0.0000E+00
  1.7000E+01  5.0000E-01  0.0000E+00  2.4603E+01  0.0000E+00  1.5185E+01  5.6523E-01  9.8176E-01  2.4603E+01  1.9931E+01  4.6720E+00  3.4670E-01
  1.7000E+01  1.0000E+00  0.0000E+00  7.2080E+00  0.0000E+00  1.2822E+01 -1.1010E+00 -6.9303E-01  7.2080E+00  1.7478E+01 -1.0270E+01 -5.7897E-01
  1.7000E+01  2.0000E+00  0.0000E+00  5.4500E+00  0.0000E+00  9.6226E+00 -1.0726E+00 -6.8636E-01  5.4500E+00  1.4260E+01 -8.8103E+00 -7.3875E-01
  1.7000E+01  4.0000E+00  0.0000E+00  2.7120E+00  0.0000E+00  6.3128E+00 -1.2694E+00 -9.0285E-01  2.7120E+00  1.1128E+01 -8.4157E+00 -9.3642E-01
  1.7000E+01  8.0000E+00  0.0000E+00  5.6920E+00  0.0000E+00  3.5355E+00  5.4018E-01  9.6550E-01  5.6920E+00  8.5238E+00 -2.8318E+00 -1.7147E-01
  1.7000E+01  2.4000E+01  0.0000E+00  6.0000E-01  0.0000E+00  4.8854E-01 -3.5712E-01  3.6114E-01  6.0000E-01  3.6899E+00 -3.0899E+00 -2.2540E-01
  1.8000E+01  0.0000E+00  1.2500E+05  0.0000E+00  1.0000E+00  0.0000E+00  0.0000E+00  0.0000E+00  0.0000E+00  0.0000E+00  0.0000E+00  0.0000E+00
  1.8000E+01  0.0000E+00  0.0000E+00  0.0000E+00  0.0000E+00  0.0000E+00  0.0000E+00  0.0000E+00  0.0000E+00  0.0000E+00  0.0000E+00  0.0000E+00
  1.8000E+01  5.0000E-01  0.0000E+00  1.0414E+01  0.0000E+00  9.5185E+00 -3.0731E-01  1.4891E-01  1.0414E+01  1.9931E+01 -9.5170E+00 -1.6773E-01
  1.8000E+01  1.0000E+00  0.0000E+00  3.2390E+00  0.0000E+00  9.7267E+00 -1.3913E+00 -1.0558E+00  3.2390E+00  1.7478E+01 -1.4239E+01 -6.4060E-01
  1.8000E+01  2.0000E+00  0.0000E+00  7.2080E+00  0.0000E+00  9.4265E+00 -6.0124E-01 -3.7252E-01  7.2080E+00  1.4260E+01 -7.0523E+00 -4.2942E-01
  1.8000E+01  4.0000E+00  0.0000E+00  2.6850E+00  0.0000E+00  7.7347E+00 -1.2514E+00 -1.0334E+00  2.6850E+00  1.1128E+01 -8.4427E+00 -9.6648E-01
  1.8000E+01  8.0000E+00  0.0000E+00  4.9860E+00  0.0000E+00  4.4686E+00 -1.2646E-01  1.8328E-01  4.9860E+00  8.5238E+00 -3.5378E+00 -3.5640E-01
  1.8000E+01  2.4000E+01  0.0000E+00  6.0000E-01  0.0000E+00  4.2246E-01  1.4771E-01  6.6521E-01  6.0000E-01  3.6899E+00 -3.0899E+00 -2.0768E-01
  1.9000E+01  0.0000E+00  2.5000E+05  0.0000E+00  1.0000E+00  0.0000E+00  0.0000E+00  0.0000E+00  0.0000E+00  0.0000E+00  0.0000E+00  0.0000E+00
  1.9000E+01  0.0000E+00  0.0000E+00  0.0000E+00  0.0000E+00  0.0000E+00  0.0000E+00  0.0000E+00  0.0000E+00  0.0000E+00  0.0000E+00  0.0000E+00
  1.9000E+01  5.0000E-01  0.0000E+00  2.8991E+01  0.0000E+00  2.0786E+01  3.4785E-01  6.2478E-01  2.8991E+01  2.7419E+01  1.5719E+00  2.3815E-01
  1.9000E+01  1.0000E+00  0.0000E+00  7.3880E+00  0.0000E+00  1.7002E+01 -1.2412E+00 -8.9504E-01  7.3880E+00  2.4045E+01 -1.6657E+01 -6.3287E-01
  1.9000E+01  2.0000E+00  0.0000E+00  5.6630E+00  0.0000E+00  1.2011E+01 -1.3108E+00 -8.3654E-01  5.6630E+00  1.9618E+01 -1.3955E+01 -8.2614E-01
  1.9000E+01  4.0000E+00  0.0000E+00  9.2860E+00  0.0000E+00  7.1862E+00 -1.8019E-01  4.6250E-01  9.2860E+00  1.5308E+01 -6.0224E+00 -3.9535E-01
  1.9000E+01  8.0000E+00  0.0000E+00  4.0470E+00  0.0000E+00  3.6846E+00 -5.5560E-01  1.5566E-01  4.0470E+00  1.1726E+01 -7.6793E+00 -6.1728E-01
  1.9000E+01  2.4000E+01  0.0000E+00  6.0000E-01  0.0000E+00  4.2802E-01 -1.8451E-03  6.3599E-01  6.0000E-01  5.0762E+00 -4.4762E+00 -2.3428E-01
  2.0000E+01  0.0000E+00  2.5000E+05  0.0000E+00  1.0000E+00  0.0000E+00  0.0000E+00  0.0000E+00  0.0000E+00  0.0000E+00  0.0000E+00  0.0000E+00
  2.0000E+01  0.0000E+00  0.0000E+00  0.0000E+00  0.0000E+00  0.0000E+00  0.0000E+00  0.0000E+00  0.0000E+00  0.0000E+00  0.0000E+00  0.0000E+00
  2.0000E+01  5.0000E-01  0.0000E+00  2.0607E+01  0.0000E+00  2.2752E+01 -3.5212E-01 -1.4924E-01  2.0607E+01  2.7419E+01 -6.8121E+00 -9.0175E-02
  2.0000E+01  1.0000E+00  0.0000E+00  1.2830E+01  0.0000E+00  1.7859E+01 -7.5667E-01 -4.4571E-01  1.2830E+01  2.4045E+01 -1.1215E+01 -3.7632E-01
  2.0000E+01  2.0000E+00  0.0000E+00  1.2017E+01  0.0000E+00  1.1626E+01 -4.7364E-01  5.3274E-02  1.2017E+01  1.9618E+01 -7.6009E+00 -3.6613E-01
  2.0000E+01  4.0000E+00  0.0000E+00  6.5880E+00  0.0000E+00  6.1407E+00 -6.9812E-01  1.1530E-01  6.5880E+00  1.5308E+01 -8.7204E+00 -6.4843E-01
  2.0000E+01  8.0000E+00  0.0000E+00  2.8710E+00  0.0000E+00  2.9518E+00 -8.9298E-01 -4.3341E-02  2.8710E+00  1.1726E+01 -8.8553E+00 -7.3229E-01
  2.0000E+01  2.4000E+01  0.0000E+00  6.0000E-01  0.0000E+00  3.8984E-01  2.4554E-01  8.5332E-01  6.0000E-01  5.0762E+00 -4.4762E+00 -2.1286E-01
  2.1000E+01  0.0000E+00  2.5000E+05  0.0000E+00  1.0000E+00  0.0000E+00  0.0000E+00  0.0000E+00  0.0000E+00  0.0000E+00  0.0000E+00  0.0000E+00
  2.1000E+01  0.0000E+00  0.0000E+00  0.0000E+00  0.0000E+00  0.0000E+00  0.0000E+00  0.0000E+00  0.0000E+00  0.0000E+00  0.0000E+00  0.0000E+00
  2.1000E+01  5.0000E-01  0.0000E+00  2.0194E+01  0.0000E+00  1.6105E+01 -1.6520E-01  4.0191E-01  2.0194E+01  2.7419E+01 -7.2251E+00 -6.6797E-02
  2.1000E+01  1.0000E+00  0.0000E+00  1.3124E+01  0.0000E+00  1.4694E+01 -6.3519E-01 -1.6910E-01  1.3124E+01  2.4045E+01 -1.0921E+01 -3.2167E-01
  2.1000E+01  2.0000E+00  0.0000E+00  6.5080E+00  0.0000E+00  1.2359E+01 -1.0876E+00 -7.4937E-01  6.5080E+00  1.9618E+01 -1.3110E+01 -7.4365E-01
  2.1000E+01  4.0000E+00  0.0000E+00  1.8150E+00  0.0000E+00  8.9587E+00 -1.5175E+00 -1.2622E+00  1.8150E+00  1.5308E+01 -1.3493E+01 -1.1121E+00
  2.1000E+01  8.0000E+00  0.0000E+00  6.6610E+00  0.0000E+00  4.8700E+00  2.7776E-01  5.8213E-01  6.6610E+00  1.1726E+01 -5.0653E+00 -3.0325E-01
  2.1000E+01  2.4000E+01  0.0000E+00  6.0000E-01  0.0000E+00  4.4307E-01 -1.4306E-01  5.6064E-01  6.0000E-01  5.0762E+00 -4.4762E+00 -1.9540E-01
  2.2000E+01  0.0000E+00  5.0000E+05  0.0000E+00  1.0000E+00  0.0000E+00  0.0000E+00  0.0000E+00  0.0000E+00  0.0000E+00  0.0000E+00  0.0000E+00
  2.2000E+01  0.0000E+00  0.0000E+00  0.0000E+00  0.0000E+00  0.0000E+00  0.0000E+00  0.0000E+00  0.0000E+00  0.0000E+00  0.0000E+00  0.0000E+00
  2.2000E+01  5.0000E-01  0.0000E+00  2.0892E+01  0.0000E+00  1.8426E+01 -5.2006E-01  2.1180E-01  2.0892E+01  4.1822E+01 -2.0930E+01 -2.6689E-01
  2.2000E+01  1.0000E+00  0.0000E+00  2.0896E+01  0.0000E+00  1.9600E+01 -3.8969E-01  1.0466E-01  2.0896E+01  3.6675E+01 -1.5779E+01 -2.5629E-01
  2.2000E+01  2.0000E+00  0.0000E+00  1.6873E+01  0.0000E+00  1.9793E+01 -5.3362E-01 -2.3348E-01  1.6873E+01  2.9923E+01 -1.3050E+01 -4.0342E-01
  2.2000E+01  4.0000E+00  0.0000E+00  5.7380E+00  0.0000E+00  1.6682E+01 -1.3298E+00 -1.0384E+00  5.7380E+00  2.3350E+01 -1.7612E+01 -9.7825E-01
  2.2000E+01  8.0000E+00  0.0000E+00  1.4398E+01  0.0000E+00  9.6587E+00  2.3213E-01  7.7666E-01  1.4398E+01  1.7886E+01 -3.4880E+00 -7.5497E-02
  2.2000E+01  2.4000E+01  0.0000E+00  1.1130E+00  0.0000E+00  8.7542E-01 -5.9784E-01  4.2957E-01  1.1130E+00  7.7427E+00 -6.6297E+00 -3.1095E-01
  2.3000E+01  0.0000E+00  5.0000E+05  0.0000E+00  1.0000E+00  0.0000E+00  0.0000E+00  0.0000E+00  0.0000E+00  0.0000E+00  0.0000E+00  0.0000E+00
  2.3000E+01  0.0000E+00  0.0000E+00  0.0000E+00  0.0000E+00  0.0000E+00  0.0000E+00  0.0000E+00  0.0000E+00  0.0000E+00  0.0000E+00  0.0000E+00
  2.3000E+01  5.0000E-01  0.0000E+00  6.3520E+01  0.0000E+00  3.3401E+01  7.4582E-01  1.4273E+00  6.3520E+01  4.1822E+01  2.1698E+01  4.8591E-01
  2.3000E+01  1.0000E+00  0.0000E+00  2.7973E+01  0.0000E+00  2.7227E+01 -6.3076E-01  4.3379E-02  2.7973E+01  3.6675E+01 -8.7025E+00 -3.0815E-01
  2.3000E+01  2.0000E+00  0.0000E+00  1.2101E+01  0.0000E+00  1.9142E+01 -1.2130E+00 -5.8223E-01  1.2101E+01  2.9923E+01 -1.7822E+01 -7.9987E-01
  2.3000E+01  4.0000E+00  0.0000E+00  7.7790E+00  0.0000E+00  1.1458E+01 -1.0700E+00 -5.0828E-01  7.7790E+00  2.3350E+01 -1.5571E+01 -7.8212E-01
  2.3000E+01  8.0000E+00  0.0000E+00  1.1122E+01  0.0000E+00  6.0231E+00  6.6965E-01  1.3400E+00  1.1122E+01  1.7886E+01 -6.7640E+00 -1.7617E-01
  2.3000E+01  2.4000E+01  0.0000E+00  6.0000E-01  0.0000E+00  7.9545E-01 -1.4118E+00 -3.8892E-01  6.0000E-01  7.7427E+00 -7.1427E+00 -3.1274E-01
  2.4000E+01  0.0000E+00  5.0000E+05  0.0000E+00  1.0000E+00  0.0000E+00  0.0000E+00  0.0000E+00  0.0000E+00  0.0000E+00  0.0000E+00  0.0000E+00
  2.4000E+01  0.0000E+00  0.0000E+00  0.0000E+00  0.0000E+00  0.0000E+00  0.0000E+00  0.0000E+00  0.0000E+00  0.0000E+00  0.0000E+00  0.0000E+00
  2.4000E+01  5.0000E-01  0.0000E+00  6.2078E+01  0.0000E+00  3.5277E+01  9.2760E-01  1.2025E+00  6.2078E+01  4.1822E+01  2.0256E+01  6.4252E-01
  2.4000E+01  1.0000E+00  0.0000E+00  1.7933E+01  0.0000E+00  3.3811E+01 -9.0562E-01 -7.4332E-01  1.7933E+01  3.6675E+01 -1.8742E+01 -4.8377E-01
  2.4000E+01  2.0000E+00  0.0000E+00  2.0081E+01  0.0000E+00  3.1791E+01 -5.8592E-01 -5.8302E-01  2.0081E+01  2.9923E+01 -9.8420E+00 -4.5526E-01
  2.4000E+01  4.0000E+00  0.0000E+00  1.3612E+01  0.0000E+00  2.9528E+01 -6.8756E-01 -8.5318E-01  1.3612E+01  2.3350E+01 -9.7379E+00 -8.3806E-01
  2.4000E+01  8.0000E+00  0.0000E+00  7.3308E+01  0.0000E+00  2.6949E+01  3.0436E+00  2.7229E+00  7.3308E+01  1.7886E+01  5.5422E+01  3.8125E+00
  2.4000E+01  2.4000E+01  0.0000E+00  1.2590E+00  0.0000E+00  1.9584E+01 -7.0211E-01 -1.4811E+00  1.2590E+00  7.7427E+00 -6.4837E+00 -1.3782E+00
  2.5000E+01  0.0000E+00  1.2500E+05  0.0000E+00  1.0000E+00  0.0000E+00  0.0000E+00  0.0000E+00  0.0000E+00  0.0000E+00  0.0000E+00  0.0000E+00
  2.5000E+01  6.4850E+02  0.0000E+00  7.4066E+01  0.0000E+00  4.5582E+01  1.3132E+00  9.8913E-01  7.4066E+01  2.4974E+01  4.9092E+01  1.7164E+00
  2.5000E+01  6.4900E+02  0.0000E+00  3.0944E+01  0.0000E+00  4.4473E+01 -8.3033E-02 -4.8151E-01  3.0944E+01  2.2392E+01  8.5520E+00 -1.4664E-01
  2.5000E+01  6.5000E+02  0.0000E+00  6.1250E+00  0.0000E+00  4.2834E+01 -8.6000E-01 -1.3565E+00  6.1250E+00  1.8925E+01 -1.2800E+01 -1.7668E+00
  2.5000E+01  6.5200E+02  0.0000E+00  3.0089E+01  0.0000E+00  4.0692E+01  1.7185E-01 -4.1244E-01  3.0089E+01  1.5332E+01  1.4757E+01  1.0736E-01
  2.5000E+01  6.5600E+02  0.0000E+00  8.4092E+01  0.0000E+00  3.7699E+01  2.5835E+00  1.9478E+00  8.4092E+01  1.1939E+01  7.2153E+01  5.5732E+00
  2.5000E+01  6.7200E+02  0.0000E+00  8.0090E+00  0.0000E+00  2.8368E+01 -4.1245E-01 -1.1360E+00  8.0090E+00  5.1761E+00  2.8329E+00 -1.4382E+00
  2.6000E+01  0.0000E+00  1.2500E+05  0.0000E+00  1.0000E+00  0.0000E+00  0.0000E+00  0.0000E+00  0.0000E+00  0.0000E+00  0.0000E+00  0.0000E+00
  2.6000E+01  6.4850E+02  0.0000E+00  5.0296E+01  0.0000E+00  9.4502E+01  1.0006E-01 -7.4043E-01  5.0296E+01  2.4974E+01  2.5322E+01 -2.6651E-01
  2.6000E+01  6.4900E+02  0.0000E+00  1.4633E+02  0.0000E+00  7.1761E+01  2.3338E+00  1.6448E+00  1.4633E+02  2.2392E+01  1.2394E+02  5.4513E+00
  2.6000E+01  6.5000E+02  0.0000E+00  8.6660E+00  0.0000E+00  4.3711E+01 -8.5348E-01 -1.2690E+00  8.6660E+00  1.8925E+01 -1.0259E+01 -1.7190E+00
  2.6000E+01  6.5200E+02  0.0000E+00  3.1890E+01  0.0000E+00  2.1859E+01  7.6880E-01  7.2641E-01  3.1890E+01  1.5332E+01  1.6558E+01  8.9853E-01
  2.6000E+01  6.5600E+02  0.0000E+00  2.1724E+01  0.0000E+00  1.3767E+01  7.3319E-01  9.1484E-01  2.1724E+01  1.1939E+01  9.7854E+00  5.3480E-01
  2.6000E+01  6.7200E+02  0.0000E+00  2.5220E+00  0.0000E+00  9.3223E+00 -1.2466E+00 -1.1546E+00  2.5220E+00  5.1761E+00 -2.6541E+00 -1.3568E+00
  2.7000E+01  0.0000E+00  1.2500E+05  0.0000E+00  1.0000E+00  0.0000E+00  0.0000E+00  0.0000E+00  0.0000E+00  0.0000E+00  0.0000E+00  0.0000E+00
  2.7000E+01  6.4850E+02  0.0000E+00  2.1252E+02  0.0000E+00  1.5616E+02  1.6162E+00  5.7122E-01  2.1252E+02  2.4974E+01  1.8754E+02  5.5694E+00
  2.7000E+01  6.4900E+02  0.0000E+00  3.0835E+01  0.0000E+00  1.1949E+02 -2.2033E-01 -1.1744E+00  3.0835E+01  2.2392E+01  8.4430E+00 -2.2402E+00
  2.7000E+01  6.5000E+02  0.0000E+00  1.4641E+02  0.0000E+00  7.0426E+01  2.3333E+00  1.7077E+00  1.4641E+02  1.8925E+01  1.2748E+02  6.8835E+00
  2.7000E+01  6.5200E+02  0.0000E+00  9.8230E+00  0.0000E+00  3.2516E+01 -8.6432E-01 -1.1047E+00  9.8230E+00  1.5332E+01 -5.5089E+00 -1.5641E+00
  2.7000E+01  6.5600E+02  0.0000E+00  3.2820E+01  0.0000E+00  1.9368E+01  1.1440E+00  1.0993E+00  3.2820E+01  1.1939E+01  2.0881E+01  1.0063E+00
  2.7000E+01  6.7200E+02  0.0000E+00  6.0010E+00  0.0000E+00  1.4842E+01 -8.4540E-01 -9.4286E-01  6.0010E+00  5.1761E+00  8.2494E-01 -1.9941E+00
  2.8000E+01  0.0000E+00  2.5000E+05  0.0000E+00  1.0000E+00  0.0000E+00  0.0000E+00  0.0000E+00  0.0000E+00  0.0000E+00  0.0000E+00  0.0000E+00
  2.8000E+01  6.4850E+02  0.0000E+00  6.4244E+01  0.0000E+00  4.7419E+01  8.5975E-01  5.6160E-01  6.4244E+01  3.4357E+01  2.9887E+01  8.2615E-01
  2.8000E+01  6.4900E+02  0.0000E+00  3.7738E+01  0.0000E+00  4.8314E+01  4.8108E-02 -3.4648E-01  3.7738E+01  3.0805E+01  6.9332E+00  2.5229E-02
  2.8000E+01  6.5000E+02  0.0000E+00  9.7220E+00  0.0000E+00  4.8987E+01 -7.5800E-01 -1.2687E+00  9.7220E+00  2.6035E+01 -1.6313E+01 -1.3079E+00
  2.8000E+01  6.5200E+02  0.0000E+00  2.0965E+01  0.0000E+00  4.8213E+01 -2.8503E-01 -8.9456E-01  2.0965E+01  2.1092E+01 -1.2707E-01 -7.3096E-01
  2.8000E+01  6.5600E+02  0.0000E+00  1.0345E+02  0.0000E+00  4.4658E+01  2.7598E+00  2.0838E+00  1.0345E+02  1.6424E+01  8.7026E+01  5.1768E+00
  2.8000E+01  6.7200E+02  0.0000E+00  2.1540E+00  0.0000E+00  3.1731E+01 -6.5023E-01 -1.4754E+00  2.1540E+00  7.1207E+00 -4.9667E+00 -1.7693E+00
  2.9000E+01  0.0000E+00  2.5000E+05  0.0000E+00  1.0000E+00  0.0000E+00  0.0000E+00  0.0000E+00  0.0000E+00  0.0000E+00  0.0000E+00  0.0000E+00
  2.9000E+01  6.4850E+02  0.0000E+00  1.4612E+02  0.0000E+00  8.1973E+01  1.6853E+00  1.2386E+00  1.4612E+02  3.4357E+01  1.1176E+02  2.8022E+00
  2.9000E+01  6.4900E+02  0.0000E+00  2.4291E+01  0.0000E+00  7.0129E+01 -6.4126E-01 -1.0346E+00  2.4291E+01  3.0805E+01 -6.5138E+00 -1.1628E+00
  2.9000E+01  6.5000E+02  0.0000E+00  2.4490E+01  0.0000E+00  5.5344E+01 -5.7354E-01 -8.8243E-01  2.4490E+01  2.6035E+01 -1.5453E+00 -1.0489E+00
  2.9000E+01  6.5200E+02  0.0000E+00  8.2620E+01  0.0000E+00  4.2990E+01  1.6741E+00  1.4592E+00  8.2620E+01  2.1092E+01  6.1528E+01  2.7434E+00
  2.9000E+01  6.5600E+02  0.0000E+00  5.3802E+01  0.0000E+00  3.6309E+01  9.3534E-01  7.6258E-01  5.3802E+01  1.6424E+01  3.7378E+01  1.4859E+00
  2.9000E+01  6.7200E+02  0.0000E+00  1.7604E+01  0.0000E+00  2.5565E+01 -3.4073E-01 -4.9291E-01  1.7604E+01  7.1207E+00  1.0483E+01 -4.8273E-01
  3.0000E+01  0.0000E+00  2.5000E+05  0.0000E+00  1.0000E+00  0.0000E+00  0.0000E+00  0.0000E+00  0.0000E+00  0.0000E+00  0.0000E+00  0.0000E+00
  3.0000E+01  6.4850E+02  0.0000E+00  2.4478E+01  0.0000E+00  3.0289E+01 -4.1796E-01 -3.0366E-01  2.4478E+01  3.4357E+01 -9.8791E+00 -3.2073E-01
  3.0000E+01  6.4900E+02  0.0000E+00  4.3707E+01  0.0000E+00  3.1634E+01  6.2523E-01  6.0408E-01  4.3707E+01  3.0805E+01  1.2902E+01  4.4571E-01
  3.0000E+01  6.5000E+02  0.0000E+00  2.1750E+01  0.0000E+00  3.2808E+01 -3.5980E-01 -5.3350E-01  2.1750E+01  2.6035E+01 -4.2853E+00 -4.3230E-01
  3.0000E+01  6.5200E+02  0.0000E+00  7.7547E+01  0.0000E+00  3.2290E+01  2.5106E+00  2.2185E+00  7.7547E+01  2.1092E+01  5.6455E+01  3.0399E+00
  3.0000E+01  6.5600E+02  0.0000E+00  1.7104E+01  0.0000E+00  2.8614E+01 -2.7943E-01 -6.3670E-01  1.7104E+01  1.6424E+01  6.8010E-01 -4.1736E-01
  3.0000E+01  6.7200E+02  0.0000E+00  1.4920E+00  0.0000E+00  1.6429E+01 -9.5485E-01 -1.4391E+00  1.4920E+00  7.1207E+00 -5.6287E+00 -1.2348E+00
  3.1000E+01  0.0000E+00  5.0000E+05  0.0000E+00  1.0000E+00  0.0000E+00  0.0000E+00  0.0000E+00  0.0000E+00  0.0000E+00  0.0000E+00  0.0000E+00
  3.1000E+01  6.4850E+02  0.0000E+00  1.4763E+02  0.0000E+00  9.7046E+01  1.2405E+00  8.2499E-01  1.4763E+02  5.2405E+01  9.5222E+01  1.5521E+00
  3.1000E+01  6.4900E+02  0.0000E+00  6.0196E+01  0.0000E+00  9.6831E+01 -1.0142E-01 -5.9885E-01  6.0196E+01  4.6986E+01  1.3210E+01 -2.7318E-01
  3.1000E+01  6.5000E+02  0.0000E+00  4.5454E+01  0.0000E+00  9.5964E+01 -2.3283E-01 -8.3312E-01  4.5454E+01  3.9712E+01  5.7424E+00 -6.8485E-01
  3.1000E+01  6.5200E+02  0.0000E+00  3.7415E+01  0.0000E+00  9.3423E+01 -2.5955E-01 -9.4894E-01  3.7415E+01  3.2172E+01  5.2434E+00 -9.2916E-01
  3.1000E+01  6.5600E+02  0.0000E+00  2.0174E+02  0.0000E+00  8.7720E+01  2.8020E+00  2.0573E+00  2.0174E+02  2.5051E+01  1.7668E+02  6.7116E+00
  3.1000E+01  6.7200E+02  0.0000E+00  4.0700E+00  0.0000E+00  6.7681E+01 -6.3203E-01 -1.4877E+00  4.0700E+00  1.0861E+01 -6.7912E+00 -2.4209E+00
  3.2000E+01  0.0000E+00  5.0000E+05  0.0000E+00  1.0000E+00  0.0000E+00  0.0000E+00  0.0000E+00  0.0000E+00  0.0000E+00  0.0000E+00  0.0000E+00
  3.2000E+01  6.4850E+02  0.0000E+00  2.4420E+01  0.0000E+00  6.7977E+01 -8.3577E-01 -1.0142E+00  2.4420E+01  5.2405E+01 -2.7985E+01 -7.5035E-01
  3.2000E+01  6.4900E+02  0.0000E+00  4.5068E+01  0.0000E+00  6.6677E+01 -3.2996E-01 -5.1297E-01  4.5068E+01  4.6986E+01 -1.9184E+00 -3.6505E-01
  3.2000E+01  6.5000E+02  0.0000E+00  1.5002E+02  0.0000E+00  6.4449E+01  2.2889E+00  2.1017E+00  1.5002E+02  3.9712E+01  1.1031E+02  3.0610E+00
  3.2000E+01  6.5200E+02  0.0000E+00  8.7104E+01  0.0000E+00  6.0780E+01  8.7404E-01  6.8552E-01  8.7104E+01  3.2172E+01  5.4932E+01  1.2064E+00
  3.2000E+01  6.5600E+02  0.0000E+00  6.0706E+01  0.0000E+00  5.4616E+01  3.6184E-01  1.7651E-01  6.0706E+01  2.5051E+01  3.5655E+01  4.3667E-01
  3.2000E+01  6.7200E+02  0.0000E+00  2.8840E+01  0.0000E+00  3.5907E+01 -1.6544E-01 -3.1154E-01  2.8840E+01  1.0861E+01  1.7979E+01 -2.1978E-01
  3.3000E+01  0.0000E+00  5.0000E+05  0.0000E+00  1.0000E+00  0.0000E+00  0.0000E+00  0.0000E+00  0.0000E+00  0.0000E+00  0.0000E+00  0.0000E+00
  3.3000E+01  6.4850E+02  0.0000E+00  9.8501E+01  0.0000E+00  6.7428E+01  6.2241E-01  7.2944E-01  9.8501E+01  5.2405E+01  4.6096E+01  6.1811E-01
  3.3000E+01  6.4900E+02  0.0000E+00  5.3954E+01  0.0000E+00  6.5656E+01 -3.0959E-01 -2.8211E-01  5.3954E+01  4.6986E+01  6.9676E+00 -2.9201E-01
  3.3000E+01  6.5000E+02  0.0000E+00  6.4530E+01  0.0000E+00  6.2853E+01  1.1596E-01  4.2220E-02  6.4530E+01  3.9712E+01  2.4818E+01  1.6522E-01
  3.3000E+01  6.5200E+02  0.0000E+00  1.3317E+02  0.0000E+00  5.8747E+01  2.1595E+00  2.0053E+00  1.3317E+02  3.2172E+01  1.0100E+02  3.1559E+00
  3.3000E+01  6.5600E+02  0.0000E+00  3.9382E+01  0.0000E+00  5.2458E+01 -2.1967E-01 -3.9455E-01  3.9382E+01  2.5051E+01  1.4331E+01 -3.6111E-01
  3.3000E+01  6.7200E+02  0.0000E+00  3.0098E+01  0.0000E+00  3.3961E+01 -6.6331E-02 -1.8005E-01  3.0098E+01  1.0861E+01  1.9237E+01  4.1182E-02
  3.4000E+01  0.0000E+00  1.2500E+05  0.0000E+00  1.0000E+00  0.0000E+00  0.0000E+00  0.0000E+00  0.0000E+00  0.0000E+00  0.0000E+00  0.0000E+00
  3.4000E+01  6.4850E+02  0.0000E+00  3.5010E+01  0.0000E+00  2.0840E+01  7.7345E-01  1.0762E+00  3.5010E+01  2.4974E+01  1.0036E+01  5.3367E-01
  3.4000E+01  6.4900E+02  0.0000E+00  5.0250E+00  0.0000E+00  1.6138E+01 -1.4918E+00 -1.0900E+00  5.0250E+00  2.2392E+01 -1.7367E+01 -8.1167E-01
  3.4000E+01  6.5000E+02  0.0000E+00  0.0000E+00  1.0000E+00  1.0233E+01  0.0000E+00 -1.5828E+00  0.0000E+00  1.8925E+01  0.0000E+00  0.0000E+00
  3.4000E+01  6.5200E+02  0.0000E+00  6.2690E+00  0.0000E+00  5.2479E+00 -5.8290E-01  3.0797E-01  6.2690E+00  1.5332E+01 -9.0629E+00 -4.0621E-01
  3.4000E+01  6.5600E+02  0.0000E+00  3.5510E+00  0.0000E+00  2.6508E+00 -4.9854E-01  5.3752E-01  3.5510E+00  1.1939E+01 -8.3876E+00 -3.7964E-01
  3.4000E+01  6.7200E+02  0.0000E+00  6.0000E-01  0.0000E+00  5.1647E-01 -5.0330E-01  2.5601E-01  6.0000E-01  5.1761E+00 -4.5761E+00 -1.4776E-01
  3.5000E+01  0.0000E+00  1.2500E+05  0.0000E+00  1.0000E+00  0.0000E+00  0.0000E+00  0.0000E+00  0.0000E+00  0.0000E+00  0.0000E+00  0.0000E+00
  3.5000E+01  6.4850E+02  0.0000E+00  2.1542E+01  0.0000E+00  1.4183E+01  3.0720E-01  8.2134E-01  2.1542E+01  2.4974E+01 -3.4322E+00  9.1943E-02
  3.5000E+01  6.4900E+02  0.0000E+00  8.6120E+00  0.0000E+00  1.2384E+01 -9.5711E-01 -4.8210E-01  8.6120E+00  2.2392E+01 -1.3780E+01 -4.6374E-01
  3.5000E+01  6.5000E+02  0.0000E+00  6.8900E+00  0.0000E+00  9.8064E+00 -8.8449E-01 -4.7073E-01  6.8900E+00  1.8925E+01 -1.2035E+01 -4.9198E-01
  3.5000E+01  6.5200E+02  0.0000E+00  2.5340E+00  0.0000E+00  6.8028E+00 -1.3574E+00 -9.9325E-01  2.5340E+00  1.5332E+01 -1.2798E+01 -6.6481E-01
  3.5000E+01  6.5600E+02  0.0000E+00  5.9780E+00  0.0000E+00  3.8306E+00  4.7422E-01  8.8736E-01  5.9780E+00  1.1939E+01 -5.9606E+00 -1.0409E-01
  3.5000E+01  6.7200E+02  0.0000E+00  6.0000E-01  0.0000E+00  4.6719E-01 -3.0445E-01  4.4997E-01  6.0000E-01  5.1761E+00 -4.5761E+00 -5.0359E-02
  3.6000E+01  0.0000E+00  1.2500E+05  0.0000E+00  1.0000E+00  0.0000E+00  0.0000E+00  0.0000E+00  0.0000E+00  0.0000E+00  0.0000E+00  0.0000E+00
  3.6000E+01  6.4850E+02  0.0000E+00  3.4776E+01  0.0000E+00  1.9184E+01  8.3040E-01  1.2865E+00  3.4776E+01  2.4974E+01  9.8018E+00  5.0665E-01
  3.6000E+01  6.4900E+02  0.0000E+00  1.3631E+01  0.0000E+00  1.5299E+01 -6.6919E-01 -1.7260E-01  1.3631E+01  2.2392E+01 -8.7610E+00 -3.4779E-01
  3.6000E+01  6.5000E+02  0.0000E+00  4.0710E+00  0.0000E+00  1.0334E+01 -1.5009E+00 -9.5929E-01  4.0710E+00  1.8925E+01 -1.4854E+01 -7.8752E-01
  3.6000E+01  6.5200E+02  0.0000E+00  4.7670E+00  0.0000E+00  5.9059E+00 -8.7225E-01 -3.0523E-01  4.7670E+00  1.5332E+01 -1.0565E+01 -4.9161E-01
  3.6000E+01  6.5600E+02  0.0000E+00  5.2920E+00  0.0000E+00  3.1773E+00  4.3496E-01  1.0535E+00  5.2920E+00  1.1939E+01 -6.6466E+00 -1.6218E-01
  3.6000E+01  6.7200E+02  0.0000E+00  6.0000E-01  0.0000E+00  5.5621E-01 -6.6188E-01  1.2461E-01  6.0000E-01  5.1761E+00 -4.5761E+00 -9.3539E-02
  3.7000E+01  0.0000E+00  2.5000E+05  0.0000E+00  1.0000E+00  0.0000E+00  0.0000E+00  0.0000E+00  0.0000E+00  0.0000E+00  0.0000E+00  0.0000E+00
  3.7000E+01  6.4850E+02  0.0000E+00  2.8486E+01  0.0000E+00  2.1979E+01  1.5973E-01  4.6864E-01  2.8486E+01  3.4357E+01 -5.8711E+00  4.0097E-02
  3.7000E+01  6.4900E+02  0.0000E+00  1.1131E+01  0.0000E+00  1.8453E+01 -9.9996E-01 -6.2807E-01  1.1131E+01  3.0805E+01 -1.9674E+01 -5.1443E-01
  3.7000E+01  6.5000E+02  0.0000E+00  1.5256E+01  0.0000E+00  1.3712E+01 -3.0272E-01  1.7818E-01  1.5256E+01  2.6035E+01 -1.0779E+01 -2.3228E-01
  3.7000E+01  6.5200E+02  0.0000E+00  1.0727E+01  0.0000E+00  8.8873E+00 -2.8894E-01  3.2766E-01  1.0727E+01  2.1092E+01 -1.0365E+01 -2.7481E-01
  3.7000E+01  6.5600E+02  0.0000E+00  4.5780E+00  0.0000E+00  4.9514E+00 -8.2210E-01 -1.1936E-01  4.5780E+00  1.6424E+01 -1.1846E+01 -4.1547E-01
  3.7000E+01  6.7200E+02  0.0000E+00  1.0060E+00  0.0000E+00  6.8975E-01 -9.6377E-02  7.2572E-01  1.0060E+00  7.1207E+00 -6.1147E+00 -1.0564E-01
  3.8000E+01  0.0000E+00  2.5000E+05  0.0000E+00  1.0000E+00  0.0000E+00  0.0000E+00  0.0000E+00  0.0000E+00  0.0000E+00  0.0000E+00  0.0000E+00
  3.8000E+01  6.4850E+02  0.0000E+00  3.0100E+01  0.0000E+00  2.2114E+01  6.4349E-02  5.7159E-01  3.0100E+01  3.4357E+01 -4.2571E+00 -9.4007E-03
  3.8000E+01  6.4900E+02  0.0000E+00  2.6832E+01  0.0000E+00  1.9841E+01  8.6483E-02  5.5771E-01  2.6832E+01  3.0805E+01 -3.9728E+00 -2.4962E-03
  3.8000E+01  6.5000E+02  0.0000E+00  1.0962E+01  0.0000E+00  1.6540E+01 -9.6426E-01 -5.3383E-01  1.0962E+01  2.6035E+01 -1.5073E+01 -5.7515E-01
  3.8000E+01  6.5200E+02  0.0000E+00  1.5374E+01  0.0000E+00  1.2538E+01 -7.9737E-02  3.5801E-01  1.5374E+01  2.1092E+01 -5.7181E+00 -1.1965E-01
  3.8000E+01  6.5600E+02  0.0000E+00  1.1924E+01  0.0000E+00  8.1422E+00  1.5918E-01  7.3519E-01  1.1924E+01  1.6424E+01 -4.4999E+00 -4.7485E-02
  3.8000E+01  6.7200E+02  0.0000E+00  2.0360E+00  0.0000E+00  1.6538E+00 -6.7595E-01  3.6580E-01  2.0360E+00  7.1207E+00 -5.0847E+00 -2.0372E-01
  3.9000E+01  0.0000E+00  2.5000E+05  0.0000E+00  1.0000E+00  0.0000E+00  0.0000E+00  0.0000E+00  0.0000E+00  0.0000E+00  0.0000E+00  0.0000E+00
  3.9000E+01  6.4850E+02  0.0000E+00  4.0823E+01  0.0000E+00  2.6511E+01  5.9132E-01  8.5455E-01  4.0823E+01  3.4357E+01  6.4659E+00  3.3107E-01
  3.9000E+01  6.4900E+02  0.0000E+00  1.4413E+01  0.0000E+00  2.1972E+01 -8.6305E-01 -5.4456E-01  1.4413E+01  3.0805E+01 -1.6392E+01 -4.9002E-01
  3.9000E+01  6.5000E+02  0.0000E+00  1.2523E+01  0.0000E+00  1.6039E+01 -7.5694E-01 -3.4698E-01  1.2523E+01  2.6035E+01 -1.3512E+01 -4.5684E-01
  3.9000E+01  6.5200E+02  0.0000E+00  1.5130E+01  0.0000E+00  1.0387E+01  1.9882E-01  7.2276E-01  1.5130E+01  2.1092E+01 -5.9621E+00 -6.0140E-02
  3.9000E+01  6.5600E+02  0.0000E+00  5.8410E+00  0.0000E+00  6.2195E+00 -7.1298E-01 -9.6327E-02  5.8410E+00  1.6424E+01 -1.0583E+01 -3.7789E-01
  3.9000E+01  6.7200E+02  0.0000E+00  1.7660E+00  0.0000E+00  1.2566E+00 -1.5275E-01  6.4173E-01  1.7660E+00  7.1207E+00 -5.3547E+00 -1.1615E-01
  4.0000E+01  0.0000E+00  5.0000E+05  0.0000E+00  1.0000E+00  0.0000E+00  0.0000E+00  0.0000E+00  0.0000E+00  0.0000E+00  0.0000E+00  0.0000E+00
  4.0000E+01  6.4850E+02  0.0000E+00  4.5391E+01  0.0000E+00  3.0869E+01  2.2068E-01  7.4462E-01  4.5391E+01  5.2405E+01 -7.0137E+00  3.5369E-02
  4.0000E+01  6.4900E+02  0.0000E+00  3.4480E+01  0.0000E+00  3.1486E+01 -1.9846E-01  1.5054E-01  3.4480E+01  4.6986E+01 -1.2506E+01 -1.4290E-01
  4.0000E+01  6.5000E+02  0.0000E+00  1.3880E+01  0.0000E+00  3.1374E+01 -1.0354E+00 -8.8258E-01  1.3880E+01  3.9712E+01 -2.5832E+01 -7.1341E-01
  4.0000E+01  6.5200E+02  0.0000E+00  2.0645E+01  0.0000E+00  2.8778E+01 -4.6313E-01 -4.4735E-01  2.0645E+01  3.2172E+01 -1.1527E+01 -3.6112E-01
  4.0000E+01  6.5600E+02  0.0000E+00  4.6133E+01  0.0000E+00  2.2250E+01  1.7149E+00  1.6989E+00  4.6133E+01  2.5051E+01  2.1082E+01  1.0584E+00
  4.0000E+01  6.7200E+02  0.0000E+00  9.7100E-01  0.0000E+00  7.3772E+00 -1.2682E+00 -1.3745E+00  9.7100E-01  1.0861E+01 -9.8902E+00 -5.7033E-01
  4.1000E+01  0.0000E+00  5.0000E+05  0.0000E+00  1.0000E+00  0.0000E+00  0.0000E+00  0.0000E+00  0.0000E+00  0.0000E+00  0.0000E+00  0.0000E+00
  4.1000E+01  6.4850E+02  0.0000E+00  6.4231E+01  0.0000E+00  3.7139E+01  7.7217E-01  1.1547E+00  6.4231E+01  5.2405E+01  1.1826E+01  3.6805E-01
  4.1000E+01  6.4900E+02  0.0000E+00  2.8485E+01  0.0000E+00  3.3317E+01 -5.8190E-01 -2.2955E-01  2.8485E+01  4.6986E+01 -1.8501E+01 -3.4332E-01
  4.1000E+01  6.5000E+02  0.0000E+00  9.4640E+00  0.0000E+00  2.7887E+01 -1.3617E+00 -1.0457E+00  9.4640E+00  3.9712E+01 -3.0248E+01 -8.4295E-01
  4.1000E+01  6.5200E+02  0.0000E+00  3.0919E+01  0.0000E+00  2.1546E+01  3.8062E-01  6.8856E-01  3.0919E+01  3.2172E+01 -1.2526E+00  1.4122E-01
  4.1000E+01  6.5600E+02  0.0000E+00  2.5956E+01  0.0000E+00  1.4742E+01  8.3594E-01  1.2040E+00  2.5956E+01  2.5051E+01  9.0471E-01  2.6444E-01
  4.1000E+01  6.7200E+02  0.0000E+00  6.0000E-01  0.0000E+00  3.7285E+00 -1.6588E+00 -1.3281E+00  6.0000E-01  1.0861E+01 -1.0261E+01 -4.5188E-01
  4.2000E+01  0.0000E+00  5.0000E+05  0.0000E+00  1.0000E+00  0.0000E+00  0.0000E+00  0.0000E+00  0.0000E+00  0.0000E+00  0.0000E+00  0.0000E+00
  4.2000E+01  6.4850E+02  0.0000E+00  4.0872E+01  0.0000E+00  2.4400E+01  3.2276E-01  1.0685E+00  4.0872E+01  5.2405E+01 -1.1533E+01 -3.8429E-03
  4.2000E+01  6.4900E+02  0.0000E+00  1.4567E+01  0.0000E+00  2.3391E+01 -1.2260E+00 -5.9709E-01  1.4567E+01  4.6986E+01 -3.2419E+01 -5.7848E-01
  4.2000E+01  6.5000E+02  0.0000E+00  3.1051E+01  0.0000E+00  2.1118E+01  2.2475E-01  7.4448E-01  3.1051E+01  3.9712E+01 -8.6606E+00 -4.7389E-04
  4.2000E+01  6.5200E+02  0.0000E+00  1.0596E+01  0.0000E+00  1.6593E+01 -1.1109E+00 -5.7208E-01  1.0596E+01  3.2172E+01 -2.1576E+01 -5.6461E-01
  4.2000E+01  6.5600E+02  0.0000E+00  1.9287E+01  0.0000E+00  9.7842E+00  7.3295E-01  1.5373E+00  1.9287E+01  2.5051E+01 -5.7643E+00  6.9039E-02
  4.2000E+01  6.7200E+02  0.0000E+00  6.0000E-01  0.0000E+00  1.1246E+00 -1.7549E+00 -7.3835E-01  6.0000E-01  1.0861E+01 -1.0261E+01 -2.7390E-01
  4.3000E+01  0.0000E+00  3.0000E+05  0.0000E+00  1.0000E+00  0.0000E+00  0.0000E+00  0.0000E+00  0.0000E+00  0.0000E+00  0.0000E+00  0.0000E+00
  4.3000E+01  0.0000E+00  0.0000E+00  0.0000E+00  0.0000E+00  0.0000E+00  0.0000E+00  0.0000E+00  0.0000E+00  0.0000E+00  0.0000E+00  0.0000E+00
  4.3000E+01  5.0000E-01  0.0000E+00  1.3907E+02  0.0000E+00  7.5360E+01  1.3557E+00  1.3382E+00  1.3907E+02  3.0326E+01  1.0874E+02  2.4604E+00
  4.3000E+01  1.0000E+00  0.0000E+00  5.9990E+01  0.0000E+00  5.8877E+01  7.9678E-03  2.9915E-02  5.9990E+01  2.6594E+01  3.3396E+01  2.8419E-01
  4.3000E+01  2.0000E+00  0.0000E+00  3.9920E+01  0.0000E+00  3.8643E+01  5.0661E-02  5.2293E-02  3.9920E+01  2.1698E+01  1.8222E+01  3.4156E-01
  4.3000E+01  4.0000E+00  0.0000E+00  2.2690E+01  0.0000E+00  2.2771E+01  1.7862E-01 -5.6344E-03  2.2690E+01  1.6931E+01  5.7586E+00  3.4422E-01
  4.3000E+01  8.0000E+00  0.0000E+00  3.2950E+01  0.0000E+00  1.6610E+01  1.9283E+00  1.5571E+00  3.2950E+01  1.2969E+01  1.9981E+01  2.0081E+00
  4.4000E+01  0.0000E+00  3.0000E+05  0.0000E+00  1.0000E+00  0.0000E+00  0.0000E+00  0.0000E+00  0.0000E+00  0.0000E+00  0.0000E+00  0.0000E+00
  4.4000E+01  0.0000E+00  0.0000E+00  0.0000E+00  0.0000E+00  0.0000E+00  0.0000E+00  0.0000E+00  0.0000E+00  0.0000E+00  0.0000E+00  0.0000E+00
  4.4000E+01  5.0000E-01  0.0000E+00  7.3190E+01  0.0000E+00  4.3052E+01  9.3073E-01  1.1081E+00  7.3190E+01  3.0326E+01  4.2864E+01  1.0195E+00
  4.4000E+01  1.0000E+00  0.0000E+00  3.4490E+01  0.0000E+00  3.5935E+01 -2.1020E-01 -6.3638E-02  3.4490E+01  2.6594E+01  7.8959E+00 -7.8813E-02
  4.4000E+01  2.0000E+00  0.0000E+00  3.0340E+01  0.0000E+00  2.7035E+01  1.3943E-01  1.9350E-01  3.0340E+01  2.1698E+01  8.6422E+00  2.5288E-01
  4.4000E+01  4.0000E+00  0.0000E+00  1.1700E+01  0.0000E+00  1.9561E+01 -5.2824E-01 -6.3612E-01  1.1700E+01  1.6931E+01 -5.2314E+00 -5.5896E-01
  4.4000E+01  8.0000E+00  0.0000E+00  2.7960E+01  0.0000E+00  1.5475E+01  1.4903E+00  1.2769E+00  2.7960E+01  1.2969E+01  1.4991E+01  1.4684E+00
  4.5000E+01  0.0000E+00  3.0000E+05  0.0000E+00  1.0000E+00  0.0000E+00  0.0000E+00  0.0000E+00  0.0000E+00  0.0000E+00  0.0000E+00  0.0000E+00
  4.5000E+01  0.0000E+00  0.0000E+00  0.0000E+00  0.0000E+00  0.0000E+00  0.0000E+00  0.0000E+00  0.0000E+00  0.0000E+00  0.0000E+00  0.0000E+00
  4.5000E+01  5.0000E-01  0.0000E+00  4.8070E+01  0.0000E+00  3.7025E+01  2.6622E-01  4.7220E-01  4.8070E+01  3.0326E+01  1.7744E+01  2.9546E-01
  4.5000E+01  1.0000E+00  0.0000E+00  4.1740E+01  0.0000E+00  3.0506E+01  3.5877E-01  5.8290E-01  4.1740E+01  2.6594E+01  1.5146E+01  3.8100E-01
  4.5000E+01  2.0000E+00  0.0000E+00  2.8020E+01  0.0000E+00  2.2236E+01  1.7886E-01  4.1173E-01  2.8020E+01  2.1698E+01  6.3222E+00  2.2048E-01
  4.5000E+01  4.0000E+00  0.0000E+00  1.6530E+01  0.0000E+00  1.4973E+01 -6.9912E-02  1.6462E-01  1.6530E+01  1.6931E+01 -4.0144E-01 -2.8078E-02
  4.5000E+01  8.0000E+00  0.0000E+00  1.3990E+01  0.0000E+00  1.0436E+01  2.1279E-01  5.3898E-01  1.3990E+01  1.2969E+01  1.0205E+00  1.6625E-01
  4.6000E+01  0.0000E+00  8.0000E+05  0.0000E+00  1.0000E+00  0.0000E+00  0.0000E+00  0.0000E+00  0.0000E+00  0.0000E+00  0.0000E+00  0.0000E+00
  4.6000E+01  0.0000E+00  0.0000E+00  0.0000E+00  0.0000E+00  0.0000E+00  0.0000E+00  0.0000E+00  0.0000E+00  0.0000E+00  0.0000E+00  0.0000E+00
  4.6000E+01  5.0000E-01  0.0000E+00  7.8270E+01  0.0000E+00  5.7230E+01  1.5063E-01  5.8192E-01  7.8270E+01  5.8940E+01  1.9330E+01  2.3411E-01
  4.6000E+01  1.0000E+00  0.0000E+00  7.9700E+01  0.0000E+00  5.2765E+01  5.0931E-01  8.0800E-01  7.9700E+01  5.1687E+01  2.8013E+01  5.1566E-01
  4.6000E+01  2.0000E+00  0.0000E+00  4.3450E+01  0.0000E+00  4.6984E+01 -2.1289E-01 -1.1907E-01  4.3450E+01  4.2171E+01  1.2794E+00 -1.7576E-01
  4.6000E+01  4.0000E+00  0.0000E+00  4.6070E+01  0.0000E+00  4.1532E+01  2.9813E-01  1.7294E-01  4.6070E+01  3.2907E+01  1.3163E+01  2.1675E-01
  4.6000E+01  8.0000E+00  0.0000E+00  8.2900E+01  0.0000E+00  3.7118E+01  2.2246E+00  1.9523E+00  8.2900E+01  2.5207E+01  5.7693E+01  2.5029E+00
  4.7000E+01  0.0000E+00  8.0000E+05  0.0000E+00  1.0000E+00  0.0000E+00  0.0000E+00  0.0000E+00  0.0000E+00  0.0000E+00  0.0000E+00  0.0000E+00
  4.7000E+01  0.0000E+00  0.0000E+00  0.0000E+00  0.0000E+00  0.0000E+00  0.0000E+00  0.0000E+00  0.0000E+00  0.0000E+00  0.0000E+00  0.0000E+00
  4.7000E+01  5.0000E-01  0.0000E+00  5.4280E+01  0.0000E+00  4.0801E+01  2.5680E-01  5.2289E-01  5.4280E+01  5.8940E+01 -4.6601E+00  6.5362E-02
  4.7000E+01  1.0000E+00  0.0000E+00  1.3120E+01  0.0000E+00  4.0332E+01 -1.2456E+00 -1.0679E+00  1.3120E+01  5.1687E+01 -3.8567E+01 -7.6889E-01
  4.7000E+01  2.0000E+00  0.0000E+00  6.8020E+01  0.0000E+00  3.9070E+01  1.1018E+00  1.1729E+00  6.8020E+01  4.2171E+01  2.5849E+01  9.0588E-01
  4.7000E+01  4.0000E+00  0.0000E+00  5.8220E+01  0.0000E+00  3.6046E+01  9.7937E-01  9.7367E-01  5.8220E+01  3.2907E+01  2.5313E+01  9.6011E-01
  4.7000E+01  8.0000E+00  0.0000E+00  3.2920E+01  0.0000E+00  3.0115E+01  1.5629E-01  1.4745E-01  3.2920E+01  2.5207E+01  7.7132E+00  9.9640E-02
  4.8000E+01  0.0000E+00  8.0000E+05  0.0000E+00  1.0000E+00  0.0000E+00  0.0000E+00  0.0000E+00  0.0000E+00  0.0000E+00  0.0000E+00  0.0000E+00
  4.8000E+01  0.0000E+00  0.0000E+00  0.0000E+00  0.0000E+00  0.0000E+00  0.0000E+00  0.0000E+00  0.0000E+00  0.0000E+00  0.0000E+00  0.0000E+00
  4.8000E+01  5.0000E-01  0.0000E+00  3.6880E+01  0.0000E+00  5.0927E+01 -6.5475E-01 -4.3659E-01  3.6880E+01  5.8940E+01 -2.2060E+01 -4.1010E-01
  4.8000E+01  1.0000E+00  0.0000E+00  7.5550E+01  0.0000E+00  4.5550E+01  8.4475E-01  1.0425E+00  7.5550E+01  5.1687E+01  2.3863E+01  5.2434E-01
  4.8000E+01  2.0000E+00  0.0000E+00  4.8520E+01  0.0000E+00  3.8170E+01  2.5401E-01  4.2922E-01  4.8520E+01  4.2171E+01  6.3494E+00  1.8758E-01
  4.8000E+01  4.0000E+00  0.0000E+00  4.8470E+01  0.0000E+00  3.0132E+01  7.7803E-01  9.6329E-01  4.8470E+01  3.2907E+01  1.5563E+01  6.8340E-01
  4.8000E+01  8.0000E+00  0.0000E+00  1.6480E+01  0.0000E+00  2.2082E+01 -6.9129E-01 -4.0156E-01  1.6480E+01  2.5207E+01 -8.7268E+00 -4.9296E-01
  4.9000E+01  0.0000E+00  1.5000E+06  0.0000E+00  1.0000E+00  0.0000E+00  0.0000E+00  0.0000E+00  0.0000E+00  0.0000E+00  0.0000E+00  0.0000E+00
  4.9000E+01  0.0000E+00  0.0000E+00  0.0000E+00  0.0000E+00  0.0000E+00  0.0000E+00  0.0000E+00  0.0000E+00  0.0000E+00  0.0000E+00  0.0000E+00
  4.9000E+01  5.0000E-01  0.0000E+00  8.4140E+01  0.0000E+00  6.3052E+01 -3.4197E-02  5.2939E-01  8.4140E+01  9.8762E+01 -1.4622E+01 -1.6141E-02
  4.9000E+01  1.0000E+00  0.0000E+00  5.6530E+01  0.0000E+00  5.5804E+01 -5.1851E-01  2.0593E-02  5.6530E+01  8.6608E+01 -3.0078E+01 -2.6859E-01
  4.9000E+01  2.0000E+00  0.0000E+00  3.9120E+01  0.0000E+00  4.4985E+01 -7.3106E-01 -2.0638E-01  3.9120E+01  7.0662E+01 -3.1542E+01 -4.9925E-01
  4.9000E+01  4.0000E+00  0.0000E+00  3.1620E+01  0.0000E+00  3.1458E+01 -5.8027E-01  8.1324E-03  3.1620E+01  5.5140E+01 -2.3520E+01 -5.0419E-01
  4.9000E+01  8.0000E+00  0.0000E+00  2.3630E+01  0.0000E+00  1.7183E+01 -2.4633E-01  5.9390E-01  2.3630E+01  4.2237E+01 -1.8607E+01 -4.1105E-01
  5.0000E+01  0.0000E+00  1.5000E+06  0.0000E+00  1.0000E+00  0.0000E+00  0.0000E+00  0.0000E+00  0.0000E+00  0.0000E+00  0.0000E+00  0.0000E+00
  5.0000E+01  0.0000E+00  0.0000E+00  0.0000E+00  0.0000E+00  0.0000E+00  0.0000E+00  0.0000E+00  0.0000E+00  0.0000E+00  0.0000E+00  0.0000E+00
  5.0000E+01  5.0000E-01  0.0000E+00  1.3535E+02  0.0000E+00  1.1896E+02  8.2071E-03  2.1802E-01  1.3535E+02  9.8762E+01  3.6588E+01  1.3552E-01
  5.0000E+01  1.0000E+00  0.0000E+00  1.8297E+02  0.0000E+00  1.0349E+02  1.0642E+00  1.2155E+00  1.8297E+02  8.6608E+01  9.6362E+01  1.0725E+00
  5.0000E+01  2.0000E+00  0.0000E+00  5.5430E+01  0.0000E+00  8.3967E+01 -5.7299E-01 -5.3795E-01  5.5430E+01  7.0662E+01 -1.5232E+01 -5.6782E-01
  5.0000E+01  4.0000E+00  0.0000E+00  7.1500E+01  0.0000E+00  6.7023E+01  2.2860E-01  1.0573E-01  7.1500E+01  5.5140E+01  1.6360E+01  2.0855E-01
  5.0000E+01  8.0000E+00  0.0000E+00  1.0810E+02  0.0000E+00  5.6447E+01  1.6823E+00  1.4484E+00  1.0810E+02  4.2237E+01  6.5863E+01  1.7710E+00
  5.1000E+01  0.0000E+00  1.5000E+06  0.0000E+00  1.0000E+00  0.0000E+00  0.0000E+00  0.0000E+00  0.0000E+00  0.0000E+00  0.0000E+00  0.0000E+00
  5.1000E+01  0.0000E+00  0.0000E+00  0.0000E+00  0.0000E+00  0.0000E+00  0.0000E+00  0.0000E+00  0.0000E+00  0.0000E+00  0.0000E+00  0.0000E+00
  5.1000E+01  5.0000E-01  0.0000E+00  6.1340E+01  0.0000E+00  5.1416E+01 -2.9265E-01  3.0550E-01  6.1340E+01  9.8762E+01 -3.7422E+01 -2.0211E-01
  5.1000E+01  2.0000E+00  0.0000E+00  6.0580E+01  0.0000E+00  6.0258E+01 -1.3533E-01  8.4593E-03  6.0580E+01  7.0662E+01 -1.0082E+01 -1.3410E-01
  5.1000E+01  4.0000E+00  0.0000E+00  5.8890E+01  0.0000E+00  5.9351E+01 -1.9702E-02 -1.2283E-02  5.8890E+01  5.5140E+01  3.7502E+00 -3.7462E-02
  5.1000E+01  8.0000E+00  0.0000E+00  7.5560E+01  0.0000E+00  4.9310E+01  8.2120E-01  8.4265E-01  7.5560E+01  4.2237E+01  3.3323E+01  8.1377E-01
  5.2000E+01  0.0000E+00  3.0000E+05  0.0000E+00  1.0000E+00  0.0000E+00  0.0000E+00  0.0000E+00  0.0000E+00  0.0000E+00  0.0000E+00  0.0000E+00
  5.2000E+01  0.0000E+00  0.0000E+00  0.0000E+00  0.0000E+00  0.0000E+00  0.0000E+00  0.0000E+00  0.0000E+00  0.0000E+00  0.0000E+00  0.0000E+00
  5.2000E+01  5.0000E-01  0.0000E+00  4.9570E+01  0.0000E+00  3.4919E+02 -1.5003E-01 -1.3582E+00  4.9570E+01  3.0326E+01  1.9244E+01 -1.0491E+00
  5.2000E+01  1.0000E+00  0.0000E+00  1.3940E+01  0.0000E+00  2.8274E+02  1.3289E-02 -1.5048E+00  1.3940E+01  2.6594E+01 -1.2654E+01 -2.3554E+00
  5.2000E+01  2.0000E+00  0.0000E+00  3.3956E+02  0.0000E+00  1.4677E+02  3.3698E+00  2.0791E+00  3.3956E+02  2.1698E+01  3.1786E+02  1.9758E+01
  5.2000E+01  4.0000E+00  0.0000E+00  1.5160E+01  0.0000E+00  3.8819E+01 -2.5739E-01 -9.6470E-01  1.5160E+01  1.6931E+01 -1.7714E+00 -7.2138E-01
  5.2000E+01  8.0000E+00  0.0000E+00  2.4800E+00  0.0000E+00  3.8220E+00 -1.3793E+00 -5.5578E-01  2.4800E+00  1.2969E+01 -1.0489E+01 -1.6259E+00
  5.3000E+01  0.0000E+00  3.0000E+05  0.0000E+00  1.0000E+00  0.0000E+00  0.0000E+00  0.0000E+00  0.0000E+00  0.0000E+00  0.0000E+00  0.0000E+00
  5.3000E+01  0.0000E+00  0.0000E+00  0.0000E+00  0.0000E+00  0.0000E+00  0.0000E+00  0.0000E+00  0.0000E+00  0.0000E+00  0.0000E+00  0.0000E+00
  5.3000E+01  5.0000E-01  0.0000E+00  2.7510E+01  0.0000E+00  2.3856E+01 -1.5978E-01  2.4241E-01  2.7510E+01  3.0326E+01 -2.8161E+00 -1.1118E-01
  5.3000E+01  1.0000E+00  0.0000E+00  2.4070E+01  0.0000E+00  2.1507E+01 -1.5076E-01  1.8865E-01  2.4070E+01  2.6594E+01 -2.5241E+00 -1.2545E-01
  5.3000E+01  2.0000E+00  0.0000E+00  3.0780E+01  0.0000E+00  1.8154E+01  8.4574E-01  1.1009E+00  3.0780E+01  2.1698E+01  9.0822E+00  6.1682E-01
  5.3000E+01  4.0000E+00  0.0000E+00  6.7200E+00  0.0000E+00  1.4197E+01 -1.0463E+00 -8.3362E-01  6.7200E+00  1.6931E+01 -1.0211E+01 -8.4228E-01
  5.3000E+01  8.0000E+00  0.0000E+00  1.2390E+01  0.0000E+00  9.8671E+00  7.9828E-02  4.0471E-01  1.2390E+01  1.2969E+01 -5.7948E-01  3.3399E-02
  5.4000E+01  0.0000E+00  3.0000E+05  0.0000E+00  1.0000E+00  0.0000E+00  0.0000E+00  0.0000E+00  0.0000E+00  0.0000E+00  0.0000E+00  0.0000E+00
  5.4000E+01  0.0000E+00  0.0000E+00  0.0000E+00  0.0000E+00  0.0000E+00  0.0000E+00  0.0000E+00  0.0000E+00  0.0000E+00  0.0000E+00  0.0000E+00
  5.4000E+01  5.0000E-01  0.0000E+00  1.0359E+02  0.0000E+00  5.6442E+01  1.3798E+00  1.3222E+00  1.0359E+02  3.0326E+01  7.3264E+01  1.8023E+00
  5.4000E+01  1.0000E+00  0.0000E+00  3.2890E+01  0.0000E+00  4.2690E+01 -4.0119E-01 -3.6336E-01  3.2890E+01  2.6594E+01  6.2959E+00 -3.6855E-01
  5.4000E+01  2.0000E+00  0.0000E+00  1.9000E+01  0.0000E+00  2.5745E+01 -6.0183E-01 -4.1470E-01  1.9000E+01  2.1698E+01 -2.6978E+00 -5.5405E-01
  5.4000E+01  4.0000E+00  0.0000E+00  1.3240E+01  0.0000E+00  1.2277E+01 -2.5974E-01  1.2417E-01  1.3240E+01  1.6931E+01 -3.6914E+00 -1.5278E-01
  5.4000E+01  8.0000E+00  0.0000E+00  9.3200E+00  0.0000E+00  6.7154E+00  5.4034E-02  6.1391E-01  9.3200E+00  1.2969E+01 -3.6495E+00 -9.2978E-03
  5.5000E+01  0.0000E+00  8.0000E+05  0.0000E+00  1.0000E+00  0.0000E+00  0.0000E+00  0.0000E+00  0.0000E+00  0.0000E+00  0.0000E+00  0.0000E+00
  5.5000E+01  0.0000E+00  0.0000E+00  0.0000E+00  0.0000E+00  0.0000E+00  0.0000E+00  0.0000E+00  0.0000E+00  0.0000E+00  0.0000E+00  0.0000E+00
  5.5000E+01  5.0000E-01  0.0000E+00  3.1770E+01  0.0000E+00  6.7103E+01 -7.8714E-01 -8.3345E-01  3.1770E+01  5.8940E+01 -2.7170E+01 -5.3857E-01
  5.5000E+01  1.0000E+00  0.0000E+00  8.0990E+01  0.0000E+00  5.3447E+01  7.3730E-01  8.1568E-01  8.0990E+01  5.1687E+01  2.9303E+01  6.1987E-01
  5.5000E+01  2.0000E+00  0.0000E+00  5.5610E+01  0.0000E+00  3.6186E+01  5.3249E-01  8.4963E-01  5.5610E+01  4.2171E+01  1.3439E+01  4.4313E-01
  5.5000E+01  4.0000E+00  0.0000E+00  2.5940E+01  0.0000E+00  2.1255E+01 -3.0641E-01  3.4890E-01  2.5940E+01  3.2907E+01 -6.9670E+00 -2.4130E-01
  5.5000E+01  8.0000E+00  0.0000E+00  1.3110E+01  0.0000E+00  1.2628E+01 -8.1965E-01  6.0377E-02  1.3110E+01  2.5207E+01 -1.2097E+01 -5.1555E-01
  5.6000E+01  0.0000E+00  8.0000E+05  0.0000E+00  1.0000E+00  0.0000E+00  0.0000E+00  0.0000E+00  0.0000E+00  0.0000E+00  0.0000E+00  0.0000E+00
  5.6000E+01  0.0000E+00  0.0000E+00  0.0000E+00  0.0000E+00  0.0000E+00  0.0000E+00  0.0000E+00  0.0000E+00  0.0000E+00  0.0000E+00  0.0000E+00
  5.6000E+01  5.0000E-01  0.0000E+00  4.6710E+01  0.0000E+00  7.6497E+01 -1.0427E+00 -6.1634E-01  4.6710E+01  5.8940E+01 -1.2230E+01 -2.1340E-01
  5.6000E+01  1.0000E+00  0.0000E+00  4.6190E+01  0.0000E+00  5.5053E+01 -6.7662E-01 -2.5483E-01  4.6190E+01  5.1687E+01 -5.4968E+00 -1.1093E-01
  5.6000E+01  2.0000E+00  0.0000E+00  5.1680E+01  0.0000E+00  2.8860E+01  7.4562E-01  1.2516E+00  5.1680E+01  4.2171E+01  9.5094E+00  4.0570E-01
  5.6000E+01  4.0000E+00  0.0000E+00  1.1530E+01  0.0000E+00  8.7141E+00 -4.5912E-01  5.1149E-01  1.1530E+01  3.2907E+01 -2.1377E+01 -7.6732E-01
  5.6000E+01  8.0000E+00  0.0000E+00  1.9600E+00  0.0000E+00  1.9285E+00 -1.6417E+00  2.5830E-02  1.9600E+00  2.5207E+01 -2.3247E+01 -9.2511E-01
  5.7000E+01  0.0000E+00  8.0000E+05  0.0000E+00  1.0000E+00  0.0000E+00  0.0000E+00  0.0000E+00  0.0000E+00  0.0000E+00  0.0000E+00  0.0000E+00
  5.7000E+01  0.0000E+00  0.0000E+00  0.0000E+00  0.0000E+00  0.0000E+00  0.0000E+00  0.0000E+00  0.0000E+00  0.0000E+00  0.0000E+00  0.0000E+00
  5.7000E+01  5.0000E-01  0.0000E+00  4.0780E+01  0.0000E+00  4.4289E+01 -7.3967E-01 -1.2542E-01  4.0780E+01  5.8940E+01 -1.8160E+01 -2.3386E-01
  5.7000E+01  2.0000E+00  0.0000E+00  3.0770E+01  0.0000E+00  2.1482E+01 -2.2368E-01  6.8434E-01  3.0770E+01  4.2171E+01 -1.1401E+01 -2.5314E-01
  5.7000E+01  4.0000E+00  0.0000E+00  1.5530E+01  0.0000E+00  1.0489E+01 -3.6798E-01  7.6063E-01  1.5530E+01  3.2907E+01 -1.7377E+01 -5.8517E-01
  5.7000E+01  8.0000E+00  0.0000E+00  2.6800E+00  0.0000E+00  4.5452E+00 -1.7518E+00 -6.4955E-01  2.6800E+00  2.5207E+01 -2.2527E+01 -9.0098E-01
  5.8000E+01  0.0000E+00  1.5000E+06  0.0000E+00  1.0000E+00  0.0000E+00  0.0000E+00  0.0000E+00  0.0000E+00  0.0000E+00  0.0000E+00  0.0000E+00
  5.8000E+01  0.0000E+00  0.0000E+00  0.0000E+00  0.0000E+00  0.0000E+00  0.0000E+00  0.0000E+00  0.0000E+00  0.0000E+00  0.0000E+00  0.0000E+00
  5.8000E+01  5.0000E-01  0.0000E+00  3.6030E+01  0.0000E+00  5.5560E+01 -1.0095E+00 -5.5639E-01  3.6030E+01  9.8762E+01 -6.2732E+01 -5.0618E-01
  5.8000E+01  1.0000E+00  0.0000E+00  8.2800E+01  0.0000E+00  5.5092E+01  4.3358E-01  7.9609E-01  8.2800E+01  8.6608E+01 -3.8078E+00  9.5890E-02
  5.8000E+01  2.0000E+00  0.0000E+00  7.7570E+01  0.0000E+00  5.2327E+01  4.7870E-01  7.6358E-01  7.7570E+01  7.0662E+01  6.9078E+00  2.5911E-01
  5.8000E+01  4.0000E+00  0.0000E+00  2.7970E+01  0.0000E+00  4.4147E+01 -8.9579E-01 -5.8002E-01  2.7970E+01  5.5140E+01 -2.7170E+01 -6.7985E-01
  5.8000E+01  8.0000E+00  0.0000E+00  3.5900E+01  0.0000E+00  2.9087E+01 -1.8362E-01  3.7073E-01  3.5900E+01  4.2237E+01 -6.3371E+00 -1.3737E-01
  5.9000E+01  0.0000E+00  1.5000E+06  0.0000E+00  1.0000E+00  0.0000E+00  0.0000E+00  0.0000E+00  0.0000E+00  0.0000E+00  0.0000E+00  0.0000E+00
  5.9000E+01  0.0000E+00  0.0000E+00  0.0000E+00  0.0000E+00  0.0000E+00  0.0000E+00  0.0000E+00  0.0000E+00  0.0000E+00  0.0000E+00  0.0000E+00
  5.9000E+01  5.0000E-01  0.0000E+00  4.2590E+01  0.0000E+00  5.1267E+02 -6.2084E-01 -1.4514E+00  4.2590E+01  9.8762E+01 -5.6172E+01 -9.3688E-01
  5.9000E+01  1.0000E+00  0.0000E+00  4.7080E+01  0.0000E+00  3.6808E+02 -5.6842E-01 -1.3804E+00  4.7080E+01  8.6608E+01 -3.9528E+01 -9.1790E-01
  5.9000E+01  2.0000E+00  0.0000E+00  4.2174E+02  0.0000E+00  1.8791E+02  2.6576E+00  1.9696E+00  4.2174E+02  7.0662E+01  3.5108E+02  6.9111E+00
  5.9000E+01  4.0000E+00  0.0000E+00  1.5740E+01  0.0000E+00  5.0051E+01 -7.5101E-01 -1.0851E+00  1.5740E+01  5.5140E+01 -3.9400E+01 -1.1020E+00
  5.9000E+01  8.0000E+00  0.0000E+00  1.7100E+00  0.0000E+00  5.3320E+00 -1.9469E+00 -1.0752E+00  1.7100E+00  4.2237E+01 -4.0527E+01 -1.2650E+00
  6.0000E+01  0.0000E+00  1.5000E+06  0.0000E+00  1.0000E+00  0.0000E+00  0.0000E+00  0.0000E+00  0.0000E+00  0.0000E+00  0.0000E+00  0.0000E+00
  6.0000E+01  0.0000E+00  0.0000E+00  0.0000E+00  0.0000E+00  0.0000E+00  0.0000E+00  0.0000E+00  0.0000E+00  0.0000E+00  0.0000E+00  0.0000E+00
  6.0000E+01  5.0000E-01  0.0000E+00  8.6410E+01  0.0000E+00  1.5559E+02 -5.1569E-01 -7.0378E-01  8.6410E+01  9.8762E+01 -1.2352E+01 -1.1876E-01
  6.0000E+01  1.0000E+00  0.0000E+00  4.2610E+01  0.0000E+00  1.1378E+02 -8.9007E-01 -9.9008E-01  4.2610E+01  8.6608E+01 -4.3998E+01 -5.8878E-01
  6.0000E+01  2.0000E+00  0.0000E+00  1.2697E+02  0.0000E+00  6.2551E+01  1.4731E+00  1.6301E+00  1.2697E+02  7.0662E+01  5.6308E+01  1.2172E+00
  6.0000E+01  4.0000E+00  0.0000E+00  1.7930E+01  0.0000E+00  2.2694E+01 -1.1177E+00 -3.3230E-01  1.7930E+01  5.5140E+01 -3.7210E+01 -8.5459E-01
  6.0000E+01  8.0000E+00  0.0000E+00  9.4500E+00  0.0000E+00  8.2240E+00 -1.0963E+00  2.3597E-01  9.4500E+00  4.2237E+01 -3.2787E+01 -8.0561E-01
  6.1000E+01  0.0000E+00  3.0000E+05  0.0000E+00  1.0000E+00  0.0000E+00  0.0000E+00  0.0000E+00  0.0000E+00  0.0000E+00  0.0000E+00  0.0000E+00
  6.1000E+01  6.4850E+02  0.0000E+00  1.4589E+02  0.0000E+00  8.3714E+01  1.2951E+00  1.1756E+00  1.4589E+02  3.8000E+01  1.0789E+02  2.0847E+00
  6.1000E+01  6.4900E+02  0.0000E+00  7.6000E+01  0.0000E+00  6.7682E+01  2.5291E-01  1.9452E-01  7.6000E+01  3.4071E+01  4.1929E+01  4.6923E-01
  6.1000E+01  6.5000E+02  0.0000E+00  4.3800E+01  0.0000E+00  4.7800E+01 -1.3618E-01 -1.3247E-01  4.3800E+01  2.8796E+01  1.5004E+01 -1.0836E-01
  6.1000E+01  6.5200E+02  0.0000E+00  2.3990E+01  0.0000E+00  3.1598E+01 -4.1021E-01 -3.8110E-01  2.3990E+01  2.3328E+01  6.6173E-01 -4.0005E-01
  6.1000E+01  6.5600E+02  0.0000E+00  3.9490E+01  0.0000E+00  2.3858E+01  9.8809E-01  1.0371E+00  3.9490E+01  1.8165E+01  2.1325E+01  9.4012E-01
  6.2000E+01  0.0000E+00  3.0000E+05  0.0000E+00  1.0000E+00  0.0000E+00  0.0000E+00  0.0000E+00  0.0000E+00  0.0000E+00  0.0000E+00  0.0000E+00
  6.2000E+01  6.4850E+02  0.0000E+00  5.1150E+01  0.0000E+00  3.4083E+01  4.4695E-01  7.9260E-01  5.1150E+01  3.8000E+01  1.3150E+01  3.2470E-01
  6.2000E+01  6.4900E+02  0.0000E+00  3.5010E+01  0.0000E+00  2.9248E+01 -3.1928E-02  3.1184E-01  3.5010E+01  3.4071E+01  9.3925E-01  2.7390E-03
  6.2000E+01  6.5000E+02  0.0000E+00  1.9830E+01  0.0000E+00  2.2878E+01 -5.4285E-01 -2.1091E-01  1.9830E+01  2.8796E+01 -8.9656E+00 -3.7233E-01
  6.2000E+01  6.5200E+02  0.0000E+00  1.3470E+01  0.0000E+00  1.6642E+01 -6.2936E-01 -3.0166E-01  1.3470E+01  2.3328E+01 -9.8583E+00 -4.1085E-01
  6.2000E+01  6.5600E+02  0.0000E+00  1.7880E+01  0.0000E+00  1.1553E+01  4.6038E-01  8.6675E-01  1.7880E+01  1.8165E+01 -2.8518E-01  1.5071E-01
  6.3000E+01  0.0000E+00  3.0000E+05  0.0000E+00  1.0000E+00  0.0000E+00  0.0000E+00  0.0000E+00  0.0000E+00  0.0000E+00  0.0000E+00  0.0000E+00
  6.3000E+01  6.4850E+02  0.0000E+00  1.4626E+02  0.0000E+00  1.2603E+02  5.5521E-01  2.5405E-01  1.4626E+02  3.8000E+01  1.0826E+02  1.5968E+00
  6.3000E+01  6.4900E+02  0.0000E+00  1.2381E+02  0.0000E+00  9.1884E+01  6.8865E-01  5.4998E-01  1.2381E+02  3.4071E+01  8.9739E+01  1.7522E+00
  6.3000E+01  6.5000E+02  0.0000E+00  9.0630E+01  0.0000E+00  4.9981E+01  1.1009E+00  1.2873E+00  9.0630E+01  2.8796E+01  6.1834E+01  1.8332E+00
  6.3000E+01  6.5200E+02  0.0000E+00  1.6710E+01  0.0000E+00  1.7740E+01 -8.2397E-01 -9.1861E-02  1.6710E+01  2.3328E+01 -6.6183E+00 -7.1893E-01
  6.3000E+01  6.5600E+02  0.0000E+00  7.8900E+00  0.0000E+00  6.8181E+00 -9.2744E-01  2.4884E-01  7.8900E+00  1.8165E+01 -1.0275E+01 -8.7632E-01
  6.4000E+01  0.0000E+00  8.0000E+05  0.0000E+00  1.0000E+00  0.0000E+00  0.0000E+00  0.0000E+00  0.0000E+00  0.0000E+00  0.0000E+00  0.0000E+00
  6.4000E+01  6.4850E+02  0.0000E+00  1.2051E+02  0.0000E+00  1.1435E+02  1.5430E-01  8.5231E-02  1.2051E+02  7.3854E+01  4.6656E+01  2.0065E-01
  6.4000E+01  6.4900E+02  0.0000E+00  1.8588E+02  0.0000E+00  1.0879E+02  1.2408E+00  1.1215E+00  1.8588E+02  6.6218E+01  1.1966E+02  1.6049E+00
  6.4000E+01  6.5000E+02  0.0000E+00  3.2050E+01  0.0000E+00  1.0115E+02 -8.9494E-01 -1.0813E+00  3.2050E+01  5.5966E+01 -2.3916E+01 -1.3491E+00
  6.4000E+01  6.5200E+02  0.0000E+00  1.0842E+02  0.0000E+00  9.2654E+01  5.1233E-01  2.6934E-01  1.0842E+02  4.5340E+01  6.3080E+01  8.4484E-01
  6.4000E+01  6.5600E+02  0.0000E+00  1.3920E+02  0.0000E+00  8.3134E+01  1.3273E+00  1.0675E+00  1.3920E+02  3.5305E+01  1.0390E+02  2.2640E+00
  6.5000E+01  0.0000E+00  8.0000E+05  0.0000E+00  1.0000E+00  0.0000E+00  0.0000E+00  0.0000E+00  0.0000E+00  0.0000E+00  0.0000E+00  0.0000E+00
  6.5000E+01  6.4850E+02  0.0000E+00  7.7650E+01  0.0000E+00  5.5194E+01  2.5600E-01  6.4400E-01  7.7650E+01  7.3854E+01  3.7960E+00  1.3687E-01
  6.5000E+01  6.4900E+02  0.0000E+00  4.5050E+01  0.0000E+00  5.7128E+01 -5.9753E-01 -3.3465E-01  4.5050E+01  6.6218E+01 -2.1168E+01 -3.8136E-01
  6.5000E+01  6.5000E+02  0.0000E+00  4.5490E+01  0.0000E+00  5.8418E+01 -4.7499E-01 -3.5029E-01  4.5490E+01  5.5966E+01 -1.0476E+01 -4.0465E-01
  6.5000E+01  6.5200E+02  0.0000E+00  8.0010E+01  0.0000E+00  5.6204E+01  6.3381E-01  6.7042E-01  8.0010E+01  4.5340E+01  3.4670E+01  6.2106E-01
  6.5000E+01  6.5600E+02  0.0000E+00  7.9040E+01  0.0000E+00  4.7771E+01  9.8896E-01  1.0361E+00  7.9040E+01  3.5305E+01  4.3735E+01  9.5888E-01
  6.6000E+01  0.0000E+00  8.0000E+05  0.0000E+00  1.0000E+00  0.0000E+00  0.0000E+00  0.0000E+00  0.0000E+00  0.0000E+00  0.0000E+00  0.0000E+00
  6.6000E+01  6.4850E+02  0.0000E+00  1.1616E+02  0.0000E+00  8.5369E+01  3.3764E-01  5.7090E-01  1.1616E+02  7.3854E+01  4.2306E+01  3.4822E-01
  6.6000E+01  6.4900E+02  0.0000E+00  8.3740E+01  0.0000E+00  7.5296E+01 -2.3790E-02  1.7751E-01  8.3740E+01  6.6218E+01  1.7522E+01  3.3816E-02
  6.6000E+01  6.5000E+02  0.0000E+00  8.9320E+01  0.0000E+00  6.2128E+01  5.5714E-01  6.9278E-01  8.9320E+01  5.5966E+01  3.3354E+01  5.4509E-01
  6.6000E+01  6.5200E+02  0.0000E+00  8.4270E+01  0.0000E+00  4.9420E+01  1.0622E+00  1.1162E+00  8.4270E+01  4.5340E+01  3.8930E+01  9.2541E-01
  6.6000E+01  6.5600E+02  0.0000E+00  1.4300E+01  0.0000E+00  3.8962E+01 -1.0377E+00 -1.0019E+00  1.4300E+01  3.5305E+01 -2.1005E+01 -8.5359E-01
  6.7000E+01  0.0000E+00  1.5000E+06  0.0000E+00  1.0000E+00  0.0000E+00  0.0000E+00  0.0000E+00  0.0000E+00  0.0000E+00  0.0000E+00  0.0000E+00
  6.7000E+01  6.4850E+02  0.0000E+00  5.2270E+01  0.0000E+00  5.6345E+01 -5.1138E-01 -1.1449E-01  5.2270E+01  1.2375E+02 -7.1482E+01 -2.8543E-01
  6.7000E+01  6.4900E+02  0.0000E+00  5.2440E+01  0.0000E+00  6.5270E+01 -5.0724E-01 -3.1114E-01  5.2440E+01  1.1096E+02 -5.8517E+01 -3.0729E-01
  6.7000E+01  6.5000E+02  0.0000E+00  3.1880E+01  0.0000E+00  7.3959E+01 -9.0776E-01 -9.0056E-01  3.1880E+01  9.3777E+01 -6.1897E+01 -6.3524E-01
  6.7000E+01  6.5200E+02  0.0000E+00  1.6970E+01  0.0000E+00  7.4197E+01 -1.1030E+00 -1.2208E+00  1.6970E+01  7.5972E+01 -5.9002E+01 -8.9413E-01
  6.7000E+01  6.5600E+02  0.0000E+00  1.1908E+02  0.0000E+00  5.9649E+01  1.7564E+00  1.5771E+00  1.1908E+02  5.9158E+01  5.9922E+01  1.2295E+00
  6.8000E+01  0.0000E+00  1.5000E+06  0.0000E+00  1.0000E+00  0.0000E+00  0.0000E+00  0.0000E+00  0.0000E+00  0.0000E+00  0.0000E+00  0.0000E+00
  6.8000E+01  6.4850E+02  0.0000E+00  1.9869E+02  0.0000E+00  1.2258E+02  7.7417E-01  9.8289E-01  1.9869E+02  1.2375E+02  7.4938E+01  5.9226E-01
  6.8000E+01  6.4900E+02  0.0000E+00  9.8040E+01  0.0000E+00  1.0282E+02 -3.1703E-01 -7.3530E-02  9.8040E+01  1.1096E+02 -1.2917E+01 -1.9479E-01
  6.8000E+01  6.5000E+02  0.0000E+00  4.2910E+01  0.0000E+00  7.7309E+01 -9.9708E-01 -7.0430E-01  4.2910E+01  9.3777E+01 -5.0867E+01 -6.9688E-01
  6.8000E+01  6.5200E+02  0.0000E+00  9.0750E+01  0.0000E+00  5.3716E+01  7.3846E-01  1.0913E+00  9.0750E+01  7.5972E+01  1.4778E+01  3.6475E-01
  6.8000E+01  6.5600E+02  0.0000E+00  3.6010E+01  0.0000E+00  3.6818E+01 -4.7211E-01 -3.4741E-02  3.6010E+01  5.9158E+01 -2.3148E+01 -2.9134E-01
  6.9000E+01  0.0000E+00  1.5000E+06  0.0000E+00  1.0000E+00  0.0000E+00  0.0000E+00  0.0000E+00  0.0000E+00  0.0000E+00  0.0000E+00  0.0000E+00
  6.9000E+01  6.4850E+02  0.0000E+00  9.0160E+01  0.0000E+00  8.4855E+01 -1.8153E-01  9.8962E-02  9.0160E+01  1.2375E+02 -3.3592E+01 -1.4249E-01
  6.9000E+01  6.4900E+02  0.0000E+00  6.9290E+01  0.0000E+00  9.2338E+01 -5.2212E-01 -3.9509E-01  6.9290E+01  1.1096E+02 -4.1667E+01 -3.6804E-01
  6.9000E+01  6.5000E+02  0.0000E+00  1.0651E+02  0.0000E+00  9.9641E+01  1.4095E-01  1.0912E-01  1.0651E+02  9.3777E+01  1.2733E+01  9.8389E-02
  6.9000E+01  6.5200E+02  0.0000E+00  4.1830E+01  0.0000E+00  9.9750E+01 -7.7866E-01 -9.1908E-01  4.1830E+01  7.5972E+01 -3.4142E+01 -8.7119E-01
  6.9000E+01  6.5600E+02  0.0000E+00  1.7757E+02  0.0000E+00  8.6505E+01  1.8428E+00  1.6663E+00  1.7757E+02  5.9158E+01  1.1841E+02  1.8922E+00
  7.0000E+01  0.0000E+00  3.0000E+05  0.0000E+00  1.0000E+00  0.0000E+00  0.0000E+00  0.0000E+00  0.0000E+00  0.0000E+00  0.0000E+00  0.0000E+00
  7.0000E+01  6.4850E+02  0.0000E+00  4.8230E+01  0.0000E+00  3.9133E+01  4.6429E-02  3.6794E-01  4.8230E+01  3.8000E+01  1.0230E+01  2.1203E-01
  7.0000E+01  6.4900E+02  0.0000E+00  4.4410E+01  0.0000E+00  2.9583E+01  3.6265E-01  7.9331E-01  4.4410E+01  3.4071E+01  1.0339E+01  3.4615E-01
  7.0000E+01  6.5000E+02  0.0000E+00  1.5100E+01  0.0000E+00  1.7756E+01 -8.7585E-01 -2.3674E-01  1.5100E+01  2.8796E+01 -1.3696E+01 -5.0992E-01
  7.0000E+01  6.5200E+02  0.0000E+00  1.2460E+01  0.0000E+00  8.1972E+00 -9.7849E-02  8.2313E-01  1.2460E+01  2.3328E+01 -1.0868E+01 -2.9537E-01
  7.0000E+01  6.5600E+02  0.0000E+00  3.7700E+00  0.0000E+00  3.9743E+00 -1.1175E+00 -8.1360E-02  3.7700E+00  1.8165E+01 -1.4395E+01 -5.1893E-01
  7.1000E+01  0.0000E+00  3.0000E+05  0.0000E+00  1.0000E+00  0.0000E+00  0.0000E+00  0.0000E+00  0.0000E+00  0.0000E+00  0.0000E+00  0.0000E+00
  7.1000E+01  6.4850E+02  0.0000E+00  4.7400E+00  0.0000E+00  4.1669E+01 -9.2782E-01 -1.4028E+00  4.7400E+00  3.8000E+01 -3.3260E+01 -6.9235E-01
  7.1000E+01  6.4900E+02  0.0000E+00  2.5070E+01  0.0000E+00  4.3675E+01 -1.4445E-01 -6.7427E-01  2.5070E+01  3.4071E+01 -9.0007E+00 -1.7136E-01
  7.1000E+01  6.5000E+02  0.0000E+00  2.1560E+01  0.0000E+00  4.5635E+01 -2.3598E-01 -8.3504E-01  2.1560E+01  2.8796E+01 -7.2356E+00 -5.0772E-01
  7.1000E+01  6.5200E+02  0.0000E+00  1.0875E+02  0.0000E+00  4.5644E+01  2.8584E+00  2.1884E+00  1.0875E+02  2.3328E+01  8.5422E+01  4.1051E+00
  7.1000E+01  6.5600E+02  0.0000E+00  7.8300E+00  0.0000E+00  4.1869E+01 -5.3824E-01 -1.2868E+00  7.8300E+00  1.8165E+01 -1.0335E+01 -1.4012E+00
  7.2000E+01  0.0000E+00  3.0000E+05  0.0000E+00  1.0000E+00  0.0000E+00  0.0000E+00  0.0000E+00  0.0000E+00  0.0000E+00  0.0000E+00  0.0000E+00
  7.2000E+01  6.4850E+02  0.0000E+00  4.0010E+01  0.0000E+00  3.0036E+01  1.0790E-01  5.2560E-01  4.0010E+01  3.8000E+01  2.0104E+00  5.7382E-02
  7.2000E+01  6.4900E+02  0.0000E+00  3.8130E+01  0.0000E+00  2.8043E+01  2.2000E-01  5.6933E-01  3.8130E+01  3.4071E+01  4.0593E+00  1.3971E-01
  7.2000E+01  6.5000E+02  0.0000E+00  1.8120E+01  0.0000E+00  2.5070E+01 -7.0149E-01 -4.3880E-01  1.8120E+01  2.8796E+01 -1.0676E+01 -5.1141E-01
  7.2000E+01  6.5200E+02  0.0000E+00  3.1290E+01  0.0000E+00  2.1206E+01  5.4106E-01  7.5269E-01  3.1290E+01  2.3328E+01  7.9617E+00  4.0258E-01
  7.2000E+01  6.5600E+02  0.0000E+00  0.0000E+00  1.0000E+00  1.6283E+01  0.0000E+00 -1.5828E+00  0.0000E+00  1.8165E+01  0.0000E+00  0.0000E+00
  7.3000E+01  0.0000E+00  8.0000E+05  0.0000E+00  1.0000E+00  0.0000E+00  0.0000E+00  0.0000E+00  0.0000E+00  0.0000E+00  0.0000E+00  0.0000E+00
  7.3000E+01  6.4850E+02  0.0000E+00  3.0150E+01  0.0000E+00  1.1518E+02 -3.7328E-01 -1.1685E+00  3.0150E+01  7.3854E+01 -4.3704E+01 -2.3505E-01
  7.3000E+01  6.4900E+02  0.0000E+00  2.0340E+01  0.0000E+00  1.1882E+02 -4.8121E-01 -1.3119E+00  2.0340E+01  6.6218E+01 -4.5878E+01 -6.6004E-01
  7.3000E+01  6.5000E+02  0.0000E+00  2.7190E+01  0.0000E+00  1.2239E+02 -3.5321E-01 -1.2312E+00  2.7190E+01  5.5966E+01 -2.8776E+01 -1.0851E+00
  7.3000E+01  6.5200E+02  0.0000E+00  2.9340E+01  0.0000E+00  1.2239E+02 -2.7215E-01 -1.2034E+00  2.9340E+01  4.5340E+01 -1.6000E+01 -1.5720E+00
  7.3000E+01  6.5600E+02  0.0000E+00  2.7043E+02  0.0000E+00  1.1532E+02  3.1263E+00  2.1290E+00  2.7043E+02  3.5305E+01  2.3513E+02  6.1446E+00
  7.4000E+01  0.0000E+00  8.0000E+05  0.0000E+00  1.0000E+00  0.0000E+00  0.0000E+00  0.0000E+00  0.0000E+00  0.0000E+00  0.0000E+00  0.0000E+00
  7.4000E+01  6.4850E+02  0.0000E+00  4.4480E+01  0.0000E+00  3.4920E+01 -2.1086E-01  4.3332E-01  4.4480E+01  7.3854E+01 -2.9374E+01 -1.9622E-01
  7.4000E+01  6.4900E+02  0.0000E+00  3.2670E+01  0.0000E+00  3.8236E+01 -6.6808E-01 -2.3042E-01  3.2670E+01  6.6218E+01 -3.3548E+01 -3.9470E-01
  7.4000E+01  6.5000E+02  0.0000E+00  3.5680E+01  0.0000E+00  4.0933E+01 -4.4153E-01 -2.0315E-01  3.5680E+01  5.5966E+01 -2.0286E+01 -3.3646E-01
  7.4000E+01  6.5200E+02  0.0000E+00  7.8190E+01  0.0000E+00  3.9120E+01  1.4461E+00  1.5808E+00  7.8190E+01  4.5340E+01  3.2850E+01  9.5537E-01
  7.4000E+01  6.5600E+02  0.0000E+00  1.9850E+01  0.0000E+00  2.9919E+01 -7.1042E-01 -5.3269E-01  1.9850E+01  3.5305E+01 -1.5455E+01 -4.9601E-01
  7.5000E+01  0.0000E+00  8.0000E+05  0.0000E+00  1.0000E+00  0.0000E+00  0.0000E+00  0.0000E+00  0.0000E+00  0.0000E+00  0.0000E+00  0.0000E+00
  7.5000E+01  6.4850E+02  0.0000E+00  3.7640E+01  0.0000E+00  2.9693E+01 -2.9106E-01  4.2362E-01  3.7640E+01  7.3854E+01 -3.6214E+01 -2.3615E-01
  7.5000E+01  6.4900E+02  0.0000E+00  2.4660E+01  0.0000E+00  3.1404E+01 -8.7518E-01 -3.3990E-01  2.4660E+01  6.6218E+01 -4.1558E+01 -4.4694E-01
  7.5000E+01  6.5000E+02  0.0000E+00  3.5940E+01  0.0000E+00  3.1863E+01 -1.7622E-01  2.0252E-01  3.5940E+01  5.5966E+01 -2.0026E+01 -1.7151E-01
  7.5000E+01  6.5200E+02  0.0000E+00  2.2230E+01  0.0000E+00  2.7794E+01 -6.8214E-01 -3.1688E-01  2.2230E+01  4.5340E+01 -2.3110E+01 -3.9590E-01
  7.5000E+01  6.5600E+02  0.0000E+00  2.6360E+01  0.0000E+00  1.7744E+01  1.7306E-01  7.6861E-01  2.6360E+01  3.5305E+01 -8.9448E+00 -1.3010E-02
  7.6000E+01  0.0000E+00  1.5000E+06  0.0000E+00  1.0000E+00  0.0000E+00  0.0000E+00  0.0000E+00  0.0000E+00  0.0000E+00  0.0000E+00  0.0000E+00
  7.6000E+01  6.4850E+02  0.0000E+00  9.5200E+01  0.0000E+00  6.4888E+01 -5.0655E-02  7.3943E-01  9.5200E+01  1.2375E+02 -2.8552E+01  1.8143E-02
  7.6000E+01  6.4900E+02  0.0000E+00  3.6960E+01  0.0000E+00  4.9902E+01 -1.2690E+00 -4.1050E-01  3.6960E+01  1.1096E+02 -7.3997E+01 -4.8857E-01
  7.6000E+01  6.5000E+02  0.0000E+00  3.4510E+01  0.0000E+00  3.0908E+01 -8.0499E-01  1.8445E-01  3.4510E+01  9.3777E+01 -5.9267E+01 -4.3334E-01
  7.6000E+01  6.5200E+02  0.0000E+00  2.3330E+01  0.0000E+00  1.4508E+01 -1.4966E-01  9.6245E-01  2.3330E+01  7.5972E+01 -5.2642E+01 -4.1482E-01
  7.6000E+01  6.5600E+02  0.0000E+00  2.9500E+00  0.0000E+00  5.7606E+00 -1.7733E+00 -7.7228E-01  2.9500E+00  5.9158E+01 -5.6208E+01 -5.3557E-01
  7.7000E+01  0.0000E+00  1.5000E+06  0.0000E+00  1.0000E+00  0.0000E+00  0.0000E+00  0.0000E+00  0.0000E+00  0.0000E+00  0.0000E+00  0.0000E+00
  7.7000E+01  6.4850E+02  0.0000E+00  5.6520E+01  0.0000E+00  8.2306E+01 -5.9056E-01 -4.9590E-01  5.6520E+01  1.2375E+02 -6.7232E+01 -4.0435E-01
  7.7000E+01  6.4900E+02  0.0000E+00  2.6100E+01  0.0000E+00  8.2866E+01 -1.0869E+00 -1.0843E+00  2.6100E+01  1.1096E+02 -8.4857E+01 -7.3136E-01
  7.7000E+01  6.5000E+02  0.0000E+00  1.9064E+02  0.0000E+00  8.1636E+01  2.2263E+00  2.1135E+00  1.9064E+02  9.3777E+01  9.6863E+01  1.5675E+00
  7.7000E+01  6.5200E+02  0.0000E+00  1.5290E+01  0.0000E+00  7.5076E+01 -1.0396E+00 -1.2605E+00  1.5290E+01  7.5972E+01 -6.0682E+01 -8.5513E-01
  7.7000E+01  6.5600E+02  0.0000E+00  3.0470E+01  0.0000E+00  5.9902E+01 -4.5804E-01 -7.7771E-01  3.0470E+01  5.9158E+01 -2.8688E+01 -3.7401E-01
  7.8000E+01  0.0000E+00  1.5000E+06  0.0000E+00  1.0000E+00  0.0000E+00  0.0000E+00  0.0000E+00  0.0000E+00  0.0000E+00  0.0000E+00  0.0000E+00
  7.8000E+01  6.4850E+02  0.0000E+00  3.3560E+01  0.0000E+00  3.8186E+01 -9.8365E-01 -1.9174E-01  3.3560E+01  1.2375E+02 -9.0192E+01 -4.7956E-01
  7.8000E+01  6.4900E+02  0.0000E+00  4.7270E+01  0.0000E+00  4.4685E+01 -4.4481E-01  9.1566E-02  4.7270E+01  1.1096E+02 -6.3687E+01 -3.6320E-01
  7.8000E+01  6.5000E+02  0.0000E+00  7.8640E+01  0.0000E+00  4.9288E+01  5.8349E-01  9.4264E-01  7.8640E+01  9.3777E+01 -1.5137E+01  9.7132E-02
  7.8000E+01  6.5200E+02  0.0000E+00  6.9680E+01  0.0000E+00  4.4054E+01  5.3902E-01  9.2076E-01  6.9680E+01  7.5972E+01 -6.2921E+00  1.4426E-01
  7.8000E+01  6.5600E+02  0.0000E+00  1.0970E+01  0.0000E+00  2.6154E+01 -1.5594E+00 -9.1893E-01  1.0970E+01  5.9158E+01 -4.8188E+01 -6.6254E-01
