TABLE NO.  1
 ID          TIME        AMT         DV          MDV         IPRED       CWRES       IWRES       DV          PRED        RES         WRES
  1.0000E+00  0.0000E+00  1.0000E+04  0.0000E+00  1.0000E+00  3.4125E+03  0.0000E+00 -1.4079E+00  0.0000E+00  3.4125E+03  0.0000E+00  0.0000E+00
  1.0000E+00  0.0000E+00  0.0000E+00  0.0000E+00  0.0000E+00  3.4125E+03 -1.4079E+00 -1.4079E+00  0.0000E+00  3.4125E+03 -3.4125E+03 -1.4079E+00
  1.0000E+00  3.3000E-02  0.0000E+00  7.3336E+03  0.0000E+00  2.1457E+03  4.7698E+00  3.4039E+00  7.3336E+03  2.8301E+02  7.0506E+03  2.9228E+01
  1.0000E+00  8.3000E-02  0.0000E+00  1.1915E+03  0.0000E+00  2.0299E+03  7.8248E-01 -5.8151E-01  1.1915E+03  2.1033E+01  1.1705E+03  3.0804E+01
  1.0000E+00  2.5000E-01  0.0000E+00  8.7932E+02  0.0000E+00  1.6918E+03  6.3296E-01 -6.7615E-01  8.7932E+02  1.5205E+01  8.6411E+02  2.3109E+01
  1.0000E+00  5.0000E-01  0.0000E+00  1.2562E+03  0.0000E+00  1.2880E+03  1.2254E+00 -3.4721E-02  1.2562E+03  1.5008E+01  1.2412E+03  4.2555E+01
  1.0000E+00  7.0000E-01  0.0000E+00  2.3189E+02  0.0000E+00  1.0355E+03  1.5497E-01 -1.0926E+00  2.3189E+02  1.4853E+01  2.1703E+02 -7.9810E+00
  1.0000E+00  1.0000E+00  0.0000E+00  3.0794E+02  0.0000E+00  7.4647E+02  4.3893E-01 -8.2710E-01  3.0794E+02  1.4623E+01  2.9332E+02 -3.8748E+00
  1.0000E+00  2.0000E+00  0.0000E+00  8.9700E-01  0.0000E+00  2.5074E+02  1.0179E-01 -1.4028E+00  8.9700E-01  1.3881E+01 -1.2984E+01 -2.0058E+01
  1.0000E+00  4.0000E+00  0.0000E+00  1.0160E+00  0.0000E+00  2.8290E+01  5.1676E-01 -1.3573E+00  1.0160E+00  1.2509E+01 -1.1493E+01 -2.0515E+01
  1.0000E+00  6.0000E+00  0.0000E+00  0.0000E+00  1.0000E+00  3.1919E+00  0.0000E+00 -1.4079E+00  0.0000E+00  1.1272E+01  0.0000E+00  0.0000E+00
  1.0000E+00  8.0000E+00  0.0000E+00  6.0900E-01  0.0000E+00  3.6013E-01  1.6879E+00  9.7293E-01  6.0900E-01  1.0157E+01 -9.5481E+00 -2.0298E+01
  2.0000E+00  0.0000E+00  1.0000E+04  0.0000E+00  1.0000E+00  3.4125E+03  0.0000E+00 -1.4079E+00  0.0000E+00  3.4125E+03  0.0000E+00  0.0000E+00
  2.0000E+00  0.0000E+00  0.0000E+00  0.0000E+00  0.0000E+00  3.4125E+03 -1.4079E+00 -1.4079E+00  0.0000E+00  3.4125E+03 -3.4125E+03 -1.4079E+00
  2.0000E+00  3.3000E-02  0.0000E+00  4.6639E+03  0.0000E+00  1.4506E+03  4.2888E+00  3.1188E+00  4.6639E+03  2.8301E+02  4.3809E+03  1.8095E+01
  2.0000E+00  8.3000E-02  0.0000E+00  1.1788E+03  0.0000E+00  1.3437E+03  1.0955E+00 -1.7274E-01  1.1788E+03  2.1033E+01  1.1578E+03  3.7182E+01
  2.0000E+00  2.5000E-01  0.0000E+00  5.2594E+02  0.0000E+00  1.1352E+03  4.2001E-01 -7.5558E-01  5.2594E+02  1.5205E+01  5.1074E+02  1.3291E+01
  2.0000E+00  5.0000E-01  0.0000E+00  3.5647E+02  0.0000E+00  8.8199E+02  2.6164E-01 -8.3886E-01  3.5647E+02  1.5008E+01  3.4146E+02  5.3903E+00
  2.0000E+00  7.5000E-01  0.0000E+00  2.1360E+01  0.0000E+00  6.8528E+02 -2.7551E-01 -1.3640E+00  2.1360E+01  1.4814E+01  6.5456E+00 -1.1223E+01
  2.0000E+00  1.0000E+00  0.0000E+00  5.5186E+02  0.0000E+00  5.3245E+02  1.1743E+00  5.1332E-02  5.5186E+02  1.4623E+01  5.3724E+02  1.6105E+01
  2.0000E+00  2.0000E+00  0.0000E+00  4.7980E+00  0.0000E+00  1.9405E+02  8.7367E-02 -1.3731E+00  4.7980E+00  1.3881E+01 -9.0831E+00 -1.2323E+01
  2.0000E+00  4.0000E+00  0.0000E+00  3.3000E-02  0.0000E+00  2.5773E+01  4.9137E-01 -1.4061E+00  3.3000E-02  1.2509E+01 -1.2476E+01 -1.2918E+01
  2.0000E+00  6.0000E+00  0.0000E+00  5.9700E-01  0.0000E+00  3.4232E+00  5.3847E-01 -1.1624E+00  5.9700E-01  1.1272E+01 -1.0675E+01 -1.2989E+01
  2.0000E+00  8.0000E+00  0.0000E+00  8.4600E-01  0.0000E+00  4.5467E-01  2.1465E+00  1.2118E+00  8.4600E-01  1.0157E+01 -9.3111E+00 -1.2814E+01
  3.0000E+00  0.0000E+00  1.0000E+04  0.0000E+00  1.0000E+00  3.4125E+03  0.0000E+00 -1.4079E+00  0.0000E+00  3.4125E+03  0.0000E+00  0.0000E+00
  3.0000E+00  0.0000E+00  0.0000E+00  0.0000E+00  0.0000E+00  3.4125E+03 -1.4079E+00 -1.4079E+00  0.0000E+00  3.4125E+03 -3.4125E+03 -1.4079E+00
  3.0000E+00  3.3000E-02  0.0000E+00  3.7945E+03  0.0000E+00  1.2308E+03  3.9821E+00  2.9326E+00  3.7945E+03  2.8301E+02  3.5115E+03  1.4446E+01
  3.0000E+00  8.3000E-02  0.0000E+00  1.2588E+03  0.0000E+00  1.1063E+03  1.3830E+00  1.9405E-01  1.2588E+03  2.1033E+01  1.2378E+03  4.3806E+01
  3.0000E+00  2.5000E-01  0.0000E+00  5.4645E+02  0.0000E+00  9.2570E+02  5.4483E-01 -5.7680E-01  5.4645E+02  1.5205E+01  5.3124E+02  1.8119E+01
  3.0000E+00  5.0000E-01  0.0000E+00  4.9878E+01  0.0000E+00  7.0920E+02 -1.9709E-01 -1.3089E+00  4.9878E+01  1.5008E+01  3.4870E+01 -5.9341E+00
  3.0000E+00  7.5000E-01  0.0000E+00  1.6505E+01  0.0000E+00  5.4333E+02 -1.7667E-01 -1.3651E+00  1.6505E+01  1.4814E+01  1.6906E+00 -7.6326E+00
  3.0000E+00  1.0000E+00  0.0000E+00  6.6930E+00  0.0000E+00  4.1626E+02 -6.2904E-02 -1.3852E+00  6.6930E+00  1.4623E+01 -7.9299E+00 -8.1861E+00
  3.0000E+00  2.0000E+00  0.0000E+00  3.6010E+00  0.0000E+00  1.4340E+02  6.0080E-01 -1.3725E+00  3.6010E+00  1.3881E+01 -1.0280E+01 -8.5829E+00
  3.0000E+00  4.0000E+00  0.0000E+00  1.1970E+00  0.0000E+00  1.7020E+01  8.6692E-01 -1.3089E+00  1.1970E+00  1.2509E+01 -1.1312E+01 -9.1682E+00
  3.0000E+00  6.0000E+00  0.0000E+00  3.0470E+00  0.0000E+00  2.0199E+00  1.8669E+00  7.1585E-01  3.0470E+00  1.1272E+01 -8.2247E+00 -9.3864E+00
  3.0000E+00  8.0000E+00  0.0000E+00  3.8000E-01  0.0000E+00  2.3973E-01  8.4208E-01  8.2375E-01  3.8000E-01  1.0157E+01 -9.7771E+00 -9.8394E+00
  4.0000E+00  0.0000E+00  1.0000E+04  0.0000E+00  1.0000E+00  0.0000E+00  0.0000E+00  0.0000E+00  0.0000E+00  0.0000E+00  0.0000E+00  0.0000E+00
  4.0000E+00  0.0000E+00  0.0000E+00  0.0000E+00  0.0000E+00  0.0000E+00  0.0000E+00  0.0000E+00  0.0000E+00  0.0000E+00  0.0000E+00  0.0000E+00
  4.0000E+00  3.3000E-02  0.0000E+00  2.1445E+01  0.0000E+00  1.3733E+01  8.4744E-01  7.9063E-01  2.1445E+01  1.4019E+01  7.4265E+00  6.2933E-01
  4.0000E+00  8.3000E-02  0.0000E+00  2.5683E+01  0.0000E+00  1.8248E+01  8.7682E-01  5.7359E-01  2.5683E+01  1.5023E+01  1.0660E+01  8.4013E-01
  4.0000E+00  2.5000E-01  0.0000E+00  4.4576E+01  0.0000E+00  2.7615E+01  1.4338E+00  8.6474E-01  4.4576E+01  1.4483E+01  3.0093E+01  2.6731E+00
  4.0000E+00  5.0000E-01  0.0000E+00  2.1491E+01  0.0000E+00  3.3493E+01 -1.5087E-01 -5.0451E-01  2.1491E+01  1.3719E+01  7.7716E+00  5.0398E-01
  4.0000E+00  7.5000E-01  0.0000E+00  7.6971E+01  0.0000E+00  3.4084E+01  1.7886E+00  1.7716E+00  7.6971E+01  1.3045E+01  6.3926E+01  6.0581E+00
  4.0000E+00  1.0000E+00  0.0000E+00  7.4570E+00  0.0000E+00  3.2194E+01 -1.3534E+00 -1.0818E+00  7.4570E+00  1.2446E+01 -4.9892E+00 -8.5401E-01
  4.0000E+00  2.0000E+00  0.0000E+00  3.1960E+00  0.0000E+00  2.0035E+01 -1.8815E+00 -1.1833E+00  3.1960E+00  1.0634E+01 -7.4378E+00 -1.1977E+00
  4.0000E+00  3.0000E+00  0.0000E+00  1.6550E+01  0.0000E+00  1.1317E+01  7.5525E-02  6.5107E-01  1.6550E+01  9.4376E+00  7.1124E+00  2.0396E-01
  4.0000E+00  4.0000E+00  0.0000E+00  3.8490E+00  0.0000E+00  6.3079E+00 -9.4224E-01 -5.4881E-01  3.8490E+00  8.5936E+00 -4.7446E+00 -1.0459E+00
  4.0000E+00  6.0000E+00  0.0000E+00  0.0000E+00  1.0000E+00  1.9517E+00  0.0000E+00 -1.4079E+00  0.0000E+00  7.4380E+00  0.0000E+00  0.0000E+00
  4.0000E+00  8.0000E+00  0.0000E+00  0.0000E+00  1.0000E+00  6.0365E-01  0.0000E+00 -1.4079E+00  0.0000E+00  6.6080E+00  0.0000E+00  0.0000E+00
  5.0000E+00  0.0000E+00  1.0000E+04  0.0000E+00  1.0000E+00  0.0000E+00  0.0000E+00  0.0000E+00  0.0000E+00  0.0000E+00  0.0000E+00  0.0000E+00
  5.0000E+00  0.0000E+00  0.0000E+00  0.0000E+00  0.0000E+00  0.0000E+00  0.0000E+00  0.0000E+00  0.0000E+00  0.0000E+00  0.0000E+00  0.0000E+00
  5.0000E+00  3.3000E-02  0.0000E+00  1.6601E+01  0.0000E+00  1.2819E+01  3.7945E-01  4.1542E-01  1.6601E+01  1.4019E+01  2.5825E+00  2.0989E-01
  5.0000E+00  8.3000E-02  0.0000E+00  9.5230E+00  0.0000E+00  1.6083E+01 -4.4283E-01 -5.7425E-01  9.5230E+00  1.5023E+01 -5.5000E+00 -5.7196E-01
  5.0000E+00  2.5000E-01  0.0000E+00  3.0571E+01  0.0000E+00  2.2721E+01  8.1221E-01  4.8642E-01  3.0571E+01  1.4483E+01  1.6088E+01  1.4564E+00
  5.0000E+00  5.0000E-01  0.0000E+00  4.7158E+01  0.0000E+00  2.6929E+01  1.1777E+00  1.0576E+00  4.7158E+01  1.3719E+01  3.3439E+01  3.1858E+00
  5.0000E+00  7.5000E-01  0.0000E+00  1.9559E+01  0.0000E+00  2.7310E+01 -5.9687E-01 -3.9957E-01  1.9559E+01  1.3045E+01  6.5145E+00  5.3618E-01
  5.0000E+00  1.0000E+00  0.0000E+00  5.9384E+01  0.0000E+00  2.5834E+01  1.3529E+00  1.8284E+00  5.9384E+01  1.2446E+01  4.6938E+01  4.5771E+00
  5.0000E+00  2.0000E+00  0.0000E+00  1.1460E+00  0.0000E+00  1.6234E+01 -2.2050E+00 -1.3085E+00  1.1460E+00  1.0634E+01 -9.4878E+00 -1.1030E+00
  5.0000E+00  3.0000E+00  0.0000E+00  2.5590E+00  0.0000E+00  9.2054E+00 -1.7506E+00 -1.0165E+00  2.5590E+00  9.4376E+00 -6.8786E+00 -8.6730E-01
  5.0000E+00  4.0000E+00  0.0000E+00  7.7780E+00  0.0000E+00  5.1363E+00  2.3596E-01  7.2411E-01  7.7780E+00  8.5936E+00 -8.1560E-01 -2.7559E-01
  5.0000E+00  6.0000E+00  0.0000E+00  1.6200E-01  0.0000E+00  1.5896E+00 -1.4139E+00 -1.2644E+00  1.6200E-01  7.4380E+00 -7.2760E+00 -1.0714E+00
  5.0000E+00  8.0000E+00  0.0000E+00  5.5100E-01  0.0000E+00  4.9167E-01  1.7672E-01  1.6990E-01  5.5100E-01  6.6080E+00 -6.0570E+00 -1.0694E+00
  6.0000E+00  0.0000E+00  1.0000E+04  0.0000E+00  1.0000E+00  0.0000E+00  0.0000E+00  0.0000E+00  0.0000E+00  0.0000E+00  0.0000E+00  0.0000E+00
  6.0000E+00  0.0000E+00  0.0000E+00  0.0000E+00  0.0000E+00  0.0000E+00  0.0000E+00  0.0000E+00  0.0000E+00  0.0000E+00  0.0000E+00  0.0000E+00
  6.0000E+00  3.3000E-02  0.0000E+00  2.2373E+01  0.0000E+00  1.4973E+01  7.3985E-01  6.9582E-01  2.2373E+01  1.4019E+01  8.3545E+00  7.7708E-01
  6.0000E+00  8.3000E-02  0.0000E+00  4.6713E+01  0.0000E+00  1.6313E+01  2.6815E+00  2.6237E+00  4.6713E+01  1.5023E+01  3.1690E+01  2.8679E+00
  6.0000E+00  2.5000E-01  0.0000E+00  5.0110E+00  0.0000E+00  1.5580E+01 -8.9900E-01 -9.5507E-01  5.0110E+00  1.4483E+01 -9.4718E+00 -9.7477E-01
  6.0000E+00  5.0000E-01  0.0000E+00  4.6163E+01  0.0000E+00  1.4542E+01  3.1151E+00  3.0615E+00  4.6163E+01  1.3719E+01  3.2444E+01  3.1122E+00
  6.0000E+00  7.5000E-01  0.0000E+00  1.5363E+01  0.0000E+00  1.3641E+01  2.3088E-01  1.7775E-01  1.5363E+01  1.3045E+01  2.3185E+00  1.5796E-01
  6.0000E+00  1.0000E+00  0.0000E+00  2.2338E+01  0.0000E+00  1.2859E+01  1.0922E+00  1.0379E+00  2.2338E+01  1.2446E+01  9.8918E+00  9.1811E-01
  6.0000E+00  2.0000E+00  0.0000E+00  2.4323E+01  0.0000E+00  1.0626E+01  1.8865E+00  1.8148E+00  2.4323E+01  1.0634E+01  1.3689E+01  1.2887E+00
  6.0000E+00  3.0000E+00  0.0000E+00  1.8400E+00  0.0000E+00  9.3315E+00 -1.0311E+00 -1.1303E+00  1.8400E+00  9.4376E+00 -7.5976E+00 -8.4585E-01
  6.0000E+00  4.0000E+00  0.0000E+00  2.7960E+00  0.0000E+00  8.5598E+00 -8.2016E-01 -9.4801E-01  2.7960E+00  8.5936E+00 -5.7976E+00 -6.9739E-01
  6.0000E+00  6.0000E+00  0.0000E+00  2.7000E+00  0.0000E+00  7.7621E+00 -7.4061E-01 -9.1816E-01  2.7000E+00  7.4380E+00 -4.7380E+00 -6.8263E-01
  6.0000E+00  8.0000E+00  0.0000E+00  2.4450E+00  0.0000E+00  7.3616E+00 -7.2224E-01 -9.4028E-01  2.4450E+00  6.6080E+00 -4.1630E+00 -7.3589E-01
  7.0000E+00  0.0000E+00  1.2500E+05  0.0000E+00  1.0000E+00  0.0000E+00  0.0000E+00  0.0000E+00  0.0000E+00  0.0000E+00  0.0000E+00  0.0000E+00
  7.0000E+00  0.0000E+00  0.0000E+00  0.0000E+00  0.0000E+00  0.0000E+00  0.0000E+00  0.0000E+00  0.0000E+00  0.0000E+00  0.0000E+00  0.0000E+00
  7.0000E+00  5.0000E-01  0.0000E+00  5.3520E+00  0.0000E+00  2.3189E+01 -1.3843E+00 -1.0829E+00  5.3520E+00  3.2685E+01 -2.7333E+01 -9.8256E-01
  7.0000E+00  1.0000E+00  0.0000E+00  1.6180E+01  0.0000E+00  2.0122E+01 -5.3445E-01 -2.7580E-01  1.6180E+01  2.9652E+01 -1.3472E+01 -3.4902E-01
  7.0000E+00  2.0000E+00  0.0000E+00  4.4430E+00  0.0000E+00  1.5576E+01 -1.2177E+00 -1.0063E+00  4.4430E+00  2.5334E+01 -2.0891E+01 -5.7760E-01
  7.0000E+00  4.0000E+00  0.0000E+00  1.9128E+01  0.0000E+00  1.0150E+01  9.8536E-01  1.2454E+00  1.9128E+01  2.0473E+01 -1.3455E+00  2.9579E-01
  7.0000E+00  8.0000E+00  0.0000E+00  5.6870E+00  0.0000E+00  5.0925E+00 -4.3443E-01  1.6437E-01  5.6870E+00  1.5743E+01 -1.0056E+01 -1.5523E-01
  7.0000E+00  2.4000E+01  0.0000E+00  6.0000E-01  0.0000E+00  4.4007E-01 -4.6468E-01  5.1167E-01  6.0000E-01  6.7933E+00 -6.1933E+00 -3.9233E-01
  8.0000E+00  0.0000E+00  1.2500E+05  0.0000E+00  1.0000E+00  0.0000E+00  0.0000E+00  0.0000E+00  0.0000E+00  0.0000E+00  0.0000E+00  0.0000E+00
  8.0000E+00  0.0000E+00  0.0000E+00  0.0000E+00  0.0000E+00  0.0000E+00  0.0000E+00  0.0000E+00  0.0000E+00  0.0000E+00  0.0000E+00  0.0000E+00
  8.0000E+00  5.0000E-01  0.0000E+00  3.1708E+01  0.0000E+00  1.9628E+01  1.3146E-01  8.6646E-01  3.1708E+01  3.2685E+01 -9.7725E-01  8.0499E-02
  8.0000E+00  1.0000E+00  0.0000E+00  2.9239E+01  0.0000E+00  1.6169E+01  3.8342E-01  1.1381E+00  2.9239E+01  2.9652E+01 -4.1296E-01  1.6703E-01
  8.0000E+00  2.0000E+00  0.0000E+00  9.1450E+00  0.0000E+00  1.1425E+01 -1.0727E+00 -2.8092E-01  9.1450E+00  2.5334E+01 -1.6189E+01 -4.2508E-01
  8.0000E+00  4.0000E+00  0.0000E+00  7.1960E+00  0.0000E+00  6.6459E+00 -7.7417E-01  1.1653E-01  7.1960E+00  2.0473E+01 -1.3277E+01 -2.7823E-01
  8.0000E+00  8.0000E+00  0.0000E+00  3.9410E+00  0.0000E+00  3.3171E+00 -8.8119E-01  2.6481E-01  3.9410E+00  1.5743E+01 -1.1802E+01 -3.1698E-01
  8.0000E+00  2.4000E+01  0.0000E+00  6.0000E-01  0.0000E+00  4.6359E-01 -7.2949E-01  4.1427E-01  6.0000E-01  6.7933E+00 -6.1933E+00 -4.5180E-01
  9.0000E+00  0.0000E+00  1.2500E+05  0.0000E+00  1.0000E+00  0.0000E+00  0.0000E+00  0.0000E+00  0.0000E+00  0.0000E+00  0.0000E+00  0.0000E+00
  9.0000E+00  0.0000E+00  0.0000E+00  0.0000E+00  0.0000E+00  0.0000E+00  0.0000E+00  0.0000E+00  0.0000E+00  0.0000E+00  0.0000E+00  0.0000E+00
  9.0000E+00  5.0000E-01  0.0000E+00  2.5875E+01  0.0000E+00  2.4072E+01 -2.8611E-01  1.0543E-01  2.5875E+01  3.2685E+01 -6.8103E+00 -1.9180E-01
  9.0000E+00  1.0000E+00  0.0000E+00  1.2360E+01  0.0000E+00  2.0504E+01 -9.8735E-01 -5.5921E-01  1.2360E+01  2.9652E+01 -1.7292E+01 -5.9732E-01
  9.0000E+00  2.0000E+00  0.0000E+00  2.5667E+01  0.0000E+00  1.5508E+01  4.1758E-01  9.2229E-01  2.5667E+01  2.5334E+01  3.3285E-01  1.8759E-01
  9.0000E+00  4.0000E+00  0.0000E+00  1.4443E+01  0.0000E+00  1.0180E+01 -6.0741E-02  5.8955E-01  1.4443E+01  2.0473E+01 -6.0305E+00 -5.4537E-02
  9.0000E+00  8.0000E+00  0.0000E+00  6.7260E+00  0.0000E+00  5.8632E+00 -6.2082E-01  2.0718E-01  6.7260E+00  1.5743E+01 -9.0169E+00 -2.5629E-01
  9.0000E+00  2.4000E+01  0.0000E+00  1.4570E+00  0.0000E+00  1.0688E+00 -2.8329E-01  5.1133E-01  1.4570E+00  6.7933E+00 -5.3363E+00 -3.5890E-01
  1.0000E+01  0.0000E+00  2.5000E+05  0.0000E+00  1.0000E+00  0.0000E+00  0.0000E+00  0.0000E+00  0.0000E+00  0.0000E+00  0.0000E+00  0.0000E+00
  1.0000E+01  0.0000E+00  0.0000E+00  0.0000E+00  0.0000E+00  0.0000E+00  0.0000E+00  0.0000E+00  0.0000E+00  0.0000E+00  0.0000E+00  0.0000E+00
  1.0000E+01  5.0000E-01  0.0000E+00  3.2559E+01  0.0000E+00  4.6187E+01 -1.2472E-01 -4.1541E-01  3.2559E+01  3.7096E+01 -4.5372E+00 -2.6750E-01
  1.0000E+01  1.0000E+00  0.0000E+00  2.7382E+01  0.0000E+00  4.9190E+01 -1.4362E-01 -6.2417E-01  2.7382E+01  3.3654E+01 -6.2715E+00 -4.0539E-01
  1.0000E+01  2.0000E+00  0.0000E+00  2.0366E+01  0.0000E+00  5.0389E+01 -2.3798E-01 -8.3885E-01  2.0366E+01  2.8753E+01 -8.3870E+00 -5.5560E-01
  1.0000E+01  4.0000E+00  0.0000E+00  3.1808E+01  0.0000E+00  4.4025E+01  4.5632E-02 -3.9070E-01  3.1808E+01  2.3236E+01  8.5716E+00  3.5636E-02
  1.0000E+01  8.0000E+00  0.0000E+00  6.3644E+01  0.0000E+00  2.6931E+01  1.5923E+00  1.9193E+00  6.3644E+01  1.7867E+01  4.5777E+01  1.9666E+00
  1.0000E+01  2.4000E+01  0.0000E+00  2.5160E+00  0.0000E+00  2.8079E+00 -1.6516E+00 -1.4636E-01  2.5160E+00  7.7101E+00 -5.1941E+00 -5.3877E-01
  1.1000E+01  0.0000E+00  2.5000E+05  0.0000E+00  1.0000E+00  0.0000E+00  0.0000E+00  0.0000E+00  0.0000E+00  0.0000E+00  0.0000E+00  0.0000E+00
  1.1000E+01  0.0000E+00  0.0000E+00  0.0000E+00  0.0000E+00  0.0000E+00  0.0000E+00  0.0000E+00  0.0000E+00  0.0000E+00  0.0000E+00  0.0000E+00
  1.1000E+01  5.0000E-01  0.0000E+00  2.2787E+01  0.0000E+00  2.7092E+01 -5.8279E-01 -2.2371E-01  2.2787E+01  3.7096E+01 -1.4309E+01 -4.1361E-01
  1.1000E+01  1.0000E+00  0.0000E+00  4.7157E+01  0.0000E+00  2.3792E+01  1.0637E+00  1.3826E+00  4.7157E+01  3.3654E+01  1.3503E+01  6.5967E-01
  1.1000E+01  2.0000E+00  0.0000E+00  4.3560E+00  0.0000E+00  1.8756E+01 -1.3674E+00 -1.0809E+00  4.3560E+00  2.8753E+01 -2.4397E+01 -6.8285E-01
  1.1000E+01  4.0000E+00  0.0000E+00  1.1033E+01  0.0000E+00  1.2421E+01 -5.5058E-01 -1.5731E-01  1.1033E+01  2.3236E+01 -1.2203E+01 -2.1069E-01
  1.1000E+01  8.0000E+00  0.0000E+00  9.2000E+00  0.0000E+00  6.1497E+00 -2.2062E-01  6.9833E-01  9.2000E+00  1.7867E+01 -8.6674E+00 -1.2690E-01
  1.1000E+01  2.4000E+01  0.0000E+00  6.0000E-01  0.0000E+00  4.6201E-01 -9.2853E-01  4.2049E-01  6.0000E-01  7.7101E+00 -7.1101E+00 -4.6357E-01
  1.2000E+01  0.0000E+00  2.5000E+05  0.0000E+00  1.0000E+00  0.0000E+00  0.0000E+00  0.0000E+00  0.0000E+00  0.0000E+00  0.0000E+00  0.0000E+00
  1.2000E+01  0.0000E+00  0.0000E+00  0.0000E+00  0.0000E+00  0.0000E+00  0.0000E+00  0.0000E+00  0.0000E+00  0.0000E+00  0.0000E+00  0.0000E+00
  1.2000E+01  5.0000E-01  0.0000E+00  2.9301E+01  0.0000E+00  2.4382E+01 -1.9341E-01  2.8403E-01  2.9301E+01  3.7096E+01 -7.7952E+00 -1.4370E-01
  1.2000E+01  1.0000E+00  0.0000E+00  1.4208E+01  0.0000E+00  2.0099E+01 -8.9894E-01 -4.1266E-01  1.4208E+01  3.3654E+01 -1.9446E+01 -5.0438E-01
  1.2000E+01  2.0000E+00  0.0000E+00  1.1723E+01  0.0000E+00  1.4284E+01 -7.5450E-01 -2.5239E-01  1.1723E+01  2.8753E+01 -1.7030E+01 -3.2983E-01
  1.2000E+01  4.0000E+00  0.0000E+00  8.5160E+00  0.0000E+00  8.5581E+00 -5.6641E-01 -6.9205E-03  8.5160E+00  2.3236E+01 -1.4720E+01 -2.1069E-01
  1.2000E+01  8.0000E+00  0.0000E+00  8.2990E+00  0.0000E+00  4.7115E+00  3.2921E-01  1.0720E+00  8.2990E+00  1.7867E+01 -9.5684E+00 -7.1880E-02
  1.2000E+01  2.4000E+01  0.0000E+00  1.2620E+00  0.0000E+00  9.9273E-01 -6.0842E-01  3.8188E-01  1.2620E+00  7.7101E+00 -6.4481E+00 -4.0000E-01
  1.3000E+01  0.0000E+00  5.0000E+05  0.0000E+00  1.0000E+00  0.0000E+00  0.0000E+00  0.0000E+00  0.0000E+00  0.0000E+00  0.0000E+00  0.0000E+00
  1.3000E+01  0.0000E+00  0.0000E+00  0.0000E+00  0.0000E+00  0.0000E+00  0.0000E+00  0.0000E+00  0.0000E+00  0.0000E+00  0.0000E+00  0.0000E+00
  1.3000E+01  5.0000E-01  0.0000E+00  5.5055E+01  0.0000E+00  4.1531E+01  4.5076E-01  4.5845E-01  5.5055E+01  4.3477E+01  1.1578E+01  4.2090E-01
  1.3000E+01  1.0000E+00  0.0000E+00  1.9613E+01  0.0000E+00  3.4105E+01 -6.7211E-01 -5.9824E-01  1.9613E+01  3.9442E+01 -1.9829E+01 -5.0360E-01
  1.3000E+01  2.0000E+00  0.0000E+00  2.3639E+01  0.0000E+00  2.4380E+01 -2.4590E-01 -4.2771E-02  2.3639E+01  3.3699E+01 -1.0060E+01 -1.2908E-01
  1.3000E+01  4.0000E+00  0.0000E+00  1.3103E+01  0.0000E+00  1.5781E+01 -6.4187E-01 -2.3890E-01  1.3103E+01  2.7233E+01 -1.4130E+01 -2.4380E-01
  1.3000E+01  8.0000E+00  0.0000E+00  1.3568E+01  0.0000E+00  1.1803E+01 -2.9453E-01  2.1046E-01  1.3568E+01  2.0941E+01 -7.3729E+00 -1.1491E-01
  1.3000E+01  2.4000E+01  0.0000E+00  1.7556E+01  0.0000E+00  9.2491E+00  9.8342E-01  1.2645E+00  1.7556E+01  9.0364E+00  8.5196E+00  5.2239E-01
  1.4000E+01  0.0000E+00  5.0000E+05  0.0000E+00  1.0000E+00  0.0000E+00  0.0000E+00  0.0000E+00  0.0000E+00  0.0000E+00  0.0000E+00  0.0000E+00
  1.4000E+01  0.0000E+00  0.0000E+00  0.0000E+00  0.0000E+00  0.0000E+00  0.0000E+00  0.0000E+00  0.0000E+00  0.0000E+00  0.0000E+00  0.0000E+00
  1.4000E+01  5.0000E-01  0.0000E+00  4.9290E+01  0.0000E+00  3.8625E+01  2.4912E-01  3.8873E-01  4.9290E+01  4.3477E+01  5.8127E+00  2.1720E-01
  1.4000E+01  1.0000E+00  0.0000E+00  3.0508E+01  0.0000E+00  3.6512E+01 -2.9285E-01 -2.3150E-01  3.0508E+01  3.9442E+01 -8.9345E+00 -2.3619E-01
  1.4000E+01  2.0000E+00  0.0000E+00  2.6968E+01  0.0000E+00  3.1889E+01 -2.6175E-01 -2.1726E-01  2.6968E+01  3.3699E+01 -6.7310E+00 -1.5520E-01
  1.4000E+01  4.0000E+00  0.0000E+00  2.2871E+01  0.0000E+00  2.3073E+01 -3.2584E-01 -1.2321E-02  2.2871E+01  2.7233E+01 -4.3624E+00 -7.4375E-02
  1.4000E+01  8.0000E+00  0.0000E+00  2.1883E+01  0.0000E+00  1.1124E+01  1.2638E-01  1.3618E+00  2.1883E+01  2.0941E+01  9.4207E-01  1.4049E-01
  1.4000E+01  2.4000E+01  0.0000E+00  6.0000E-01  0.0000E+00  5.2162E-01 -1.3613E+00  2.1155E-01  6.0000E-01  9.0364E+00 -8.4364E+00 -5.1781E-01
  1.5000E+01  0.0000E+00  5.0000E+05  0.0000E+00  1.0000E+00  0.0000E+00  0.0000E+00  0.0000E+00  0.0000E+00  0.0000E+00  0.0000E+00  0.0000E+00
  1.5000E+01  0.0000E+00  0.0000E+00  0.0000E+00  0.0000E+00  0.0000E+00  0.0000E+00  0.0000E+00  0.0000E+00  0.0000E+00  0.0000E+00  0.0000E+00
  1.5000E+01  5.0000E-01  0.0000E+00  6.3812E+01  0.0000E+00  4.4199E+01  6.1720E-01  6.2475E-01  6.3812E+01  4.3477E+01  2.0335E+01  6.1676E-01
  1.5000E+01  1.0000E+00  0.0000E+00  7.1770E+00  0.0000E+00  3.8791E+01 -1.2033E+00 -1.1474E+00  7.1770E+00  3.9442E+01 -3.2265E+01 -1.0117E+00
  1.5000E+01  2.0000E+00  0.0000E+00  3.4378E+01  0.0000E+00  3.1557E+01 -1.3168E-02  1.2586E-01  3.4378E+01  3.3699E+01  6.7898E-01  5.1721E-02
  1.5000E+01  4.0000E+00  0.0000E+00  1.8738E+01  0.0000E+00  2.4682E+01 -5.7269E-01 -3.3904E-01  1.8738E+01  2.7233E+01 -8.4954E+00 -2.4691E-01
  1.5000E+01  8.0000E+00  0.0000E+00  3.5351E+01  0.0000E+00  2.0277E+01  8.0514E-01  1.0466E+00  3.5351E+01  2.0941E+01  1.4410E+01  5.9094E-01
  1.5000E+01  2.4000E+01  0.0000E+00  2.0765E+01  0.0000E+00  1.3512E+01  7.2626E-01  7.5566E-01  2.0765E+01  9.0364E+00  1.1729E+01  6.3946E-01
  1.6000E+01  0.0000E+00  1.2500E+05  0.0000E+00  1.0000E+00  0.0000E+00  0.0000E+00  0.0000E+00  0.0000E+00  0.0000E+00  0.0000E+00  0.0000E+00
  1.6000E+01  0.0000E+00  0.0000E+00  0.0000E+00  0.0000E+00  0.0000E+00  0.0000E+00  0.0000E+00  0.0000E+00  0.0000E+00  0.0000E+00  0.0000E+00
  1.6000E+01  5.0000E-01  0.0000E+00  8.1620E+00  0.0000E+00  1.7571E+01 -1.3988E+00 -7.5391E-01  8.1620E+00  3.2685E+01 -2.4523E+01 -8.3443E-01
  1.6000E+01  1.0000E+00  0.0000E+00  1.6289E+01  0.0000E+00  1.4110E+01 -4.2637E-01  2.1746E-01  1.6289E+01  2.9652E+01 -1.3363E+01 -2.8943E-01
  1.6000E+01  2.0000E+00  0.0000E+00  4.8860E+00  0.0000E+00  9.4668E+00 -1.3295E+00 -6.8125E-01  4.8860E+00  2.5334E+01 -2.0448E+01 -4.8024E-01
  1.6000E+01  4.0000E+00  0.0000E+00  8.0510E+00  0.0000E+00  5.0586E+00  1.4737E-01  8.3285E-01  8.0510E+00  2.0473E+01 -1.2422E+01 -9.4372E-02
  1.6000E+01  8.0000E+00  0.0000E+00  3.2130E+00  0.0000E+00  2.4304E+00 -3.0047E-01  4.5335E-01  3.2130E+00  1.5743E+01 -1.2530E+01 -1.9752E-01
  1.6000E+01  2.4000E+01  0.0000E+00  6.0000E-01  0.0000E+00  4.3690E-01 -1.3753E-01  5.2558E-01  6.0000E-01  6.7933E+00 -6.1933E+00 -3.9047E-01
  1.7000E+01  0.0000E+00  1.2500E+05  0.0000E+00  1.0000E+00  0.0000E+00  0.0000E+00  0.0000E+00  0.0000E+00  0.0000E+00  0.0000E+00  0.0000E+00
  1.7000E+01  0.0000E+00  0.0000E+00  0.0000E+00  0.0000E+00  0.0000E+00  0.0000E+00  0.0000E+00  0.0000E+00  0.0000E+00  0.0000E+00  0.0000E+00
  1.7000E+01  5.0000E-01  0.0000E+00  2.4603E+01  0.0000E+00  1.9135E+01 -1.3145E-01  4.0229E-01  2.4603E+01  3.2685E+01 -8.0823E+00 -1.5465E-01
  1.7000E+01  1.0000E+00  0.0000E+00  7.2080E+00  0.0000E+00  1.5637E+01 -1.2566E+00 -7.5893E-01  7.2080E+00  2.9652E+01 -2.2444E+01 -6.6356E-01
  1.7000E+01  2.0000E+00  0.0000E+00  5.4500E+00  0.0000E+00  1.0881E+01 -1.1200E+00 -7.0272E-01  5.4500E+00  2.5334E+01 -1.9884E+01 -4.4320E-01
  1.7000E+01  4.0000E+00  0.0000E+00  2.7120E+00  0.0000E+00  6.1916E+00 -1.1114E+00 -7.9122E-01  2.7120E+00  2.0473E+01 -1.7761E+01 -3.1212E-01
  1.7000E+01  8.0000E+00  0.0000E+00  5.6920E+00  0.0000E+00  3.0855E+00  6.8959E-01  1.1893E+00  5.6920E+00  1.5743E+01 -1.0051E+01 -4.7836E-02
  1.7000E+01  2.4000E+01  0.0000E+00  6.0000E-01  0.0000E+00  4.7898E-01 -8.2429E-01  3.5571E-01  6.0000E-01  6.7933E+00 -6.1933E+00 -4.3107E-01
  1.8000E+01  0.0000E+00  1.2500E+05  0.0000E+00  1.0000E+00  0.0000E+00  0.0000E+00  0.0000E+00  0.0000E+00  0.0000E+00  0.0000E+00  0.0000E+00
  1.8000E+01  0.0000E+00  0.0000E+00  0.0000E+00  0.0000E+00  0.0000E+00  0.0000E+00  0.0000E+00  0.0000E+00  0.0000E+00  0.0000E+00  0.0000E+00
  1.8000E+01  5.0000E-01  0.0000E+00  1.0414E+01  0.0000E+00  1.8185E+01 -1.0871E+00 -6.0163E-01  1.0414E+01  3.2685E+01 -2.2271E+01 -7.1940E-01
  1.8000E+01  1.0000E+00  0.0000E+00  3.2390E+00  0.0000E+00  1.4687E+01 -1.5471E+00 -1.0974E+00  3.2390E+00  2.9652E+01 -2.6413E+01 -8.0021E-01
  1.8000E+01  2.0000E+00  0.0000E+00  7.2080E+00  0.0000E+00  9.9777E+00 -7.6385E-01 -3.9081E-01  7.2080E+00  2.5334E+01 -1.8126E+01 -3.2843E-01
  1.8000E+01  4.0000E+00  0.0000E+00  2.6850E+00  0.0000E+00  5.4567E+00 -9.7637E-01 -7.1513E-01  2.6850E+00  2.0473E+01 -1.7788E+01 -2.6390E-01
  1.8000E+01  8.0000E+00  0.0000E+00  4.9860E+00  0.0000E+00  2.6699E+00  9.1805E-01  1.2213E+00  4.9860E+00  1.5743E+01 -1.0757E+01 -3.0951E-02
  1.8000E+01  2.4000E+01  0.0000E+00  6.0000E-01  0.0000E+00  4.6463E-01 -3.9281E-01  4.1017E-01  6.0000E-01  6.7933E+00 -6.1933E+00 -3.9364E-01
  1.9000E+01  0.0000E+00  2.5000E+05  0.0000E+00  1.0000E+00  0.0000E+00  0.0000E+00  0.0000E+00  0.0000E+00  0.0000E+00  0.0000E+00  0.0000E+00
  1.9000E+01  0.0000E+00  0.0000E+00  0.0000E+00  0.0000E+00  0.0000E+00  0.0000E+00  0.0000E+00  0.0000E+00  0.0000E+00  0.0000E+00  0.0000E+00
  1.9000E+01  5.0000E-01  0.0000E+00  2.8991E+01  0.0000E+00  2.0348E+01 -7.3770E-02  5.9801E-01  2.8991E+01  3.7096E+01 -8.1052E+00 -1.2250E-01
  1.9000E+01  1.0000E+00  0.0000E+00  7.3880E+00  0.0000E+00  1.6476E+01 -1.4401E+00 -7.7657E-01  7.3880E+00  3.3654E+01 -2.6266E+01 -7.0525E-01
  1.9000E+01  2.0000E+00  0.0000E+00  5.6630E+00  0.0000E+00  1.1241E+01 -1.3466E+00 -6.9861E-01  5.6630E+00  2.8753E+01 -2.3090E+01 -4.8075E-01
  1.9000E+01  4.0000E+00  0.0000E+00  9.2860E+00  0.0000E+00  6.1620E+00  5.5164E-02  7.1376E-01  9.2860E+00  2.3236E+01 -1.3950E+01 -9.4735E-02
  1.9000E+01  8.0000E+00  0.0000E+00  4.0470E+00  0.0000E+00  2.9525E+00 -2.7573E-01  5.2193E-01  4.0470E+00  1.7867E+01 -1.3820E+01 -1.8824E-01
  1.9000E+01  2.4000E+01  0.0000E+00  6.0000E-01  0.0000E+00  4.4895E-01 -4.1680E-01  4.7367E-01  6.0000E-01  7.7101E+00 -7.1101E+00 -4.2696E-01
  2.0000E+01  0.0000E+00  2.5000E+05  0.0000E+00  1.0000E+00  0.0000E+00  0.0000E+00  0.0000E+00  0.0000E+00  0.0000E+00  0.0000E+00  0.0000E+00
  2.0000E+01  0.0000E+00  0.0000E+00  0.0000E+00  0.0000E+00  0.0000E+00  0.0000E+00  0.0000E+00  0.0000E+00  0.0000E+00  0.0000E+00  0.0000E+00
  2.0000E+01  5.0000E-01  0.0000E+00  2.0607E+01  0.0000E+00  1.8393E+01 -6.8520E-01  1.6945E-01  2.0607E+01  3.7096E+01 -1.6489E+01 -4.2961E-01
  2.0000E+01  1.0000E+00  0.0000E+00  1.2830E+01  0.0000E+00  1.4579E+01 -1.0313E+00 -1.6893E-01  1.2830E+01  3.3654E+01 -2.0824E+01 -5.1003E-01
  2.0000E+01  2.0000E+00  0.0000E+00  1.2017E+01  0.0000E+00  9.5055E+00 -5.1669E-01  3.7198E-01  1.2017E+01  2.8753E+01 -1.6736E+01 -2.5697E-01
  2.0000E+01  4.0000E+00  0.0000E+00  6.5880E+00  0.0000E+00  4.8005E+00 -4.4876E-01  5.2424E-01  6.5880E+00  2.3236E+01 -1.6648E+01 -2.1053E-01
  2.0000E+01  8.0000E+00  0.0000E+00  2.8710E+00  0.0000E+00  2.2039E+00 -6.5496E-01  4.2612E-01  2.8710E+00  1.7867E+01 -1.4996E+01 -2.5603E-01
  2.0000E+01  2.4000E+01  0.0000E+00  6.0000E-01  0.0000E+00  4.3975E-01 -2.9193E-01  5.1306E-01  6.0000E-01  7.7101E+00 -7.1101E+00 -4.0793E-01
  2.1000E+01  0.0000E+00  2.5000E+05  0.0000E+00  1.0000E+00  0.0000E+00  0.0000E+00  0.0000E+00  0.0000E+00  0.0000E+00  0.0000E+00  0.0000E+00
  2.1000E+01  0.0000E+00  0.0000E+00  0.0000E+00  0.0000E+00  0.0000E+00  0.0000E+00  0.0000E+00  0.0000E+00  0.0000E+00  0.0000E+00  0.0000E+00
  2.1000E+01  5.0000E-01  0.0000E+00  2.0194E+01  0.0000E+00  2.1736E+01 -6.0822E-01 -9.9864E-02  2.0194E+01  3.7096E+01 -1.6902E+01 -4.3310E-01
  2.1000E+01  1.0000E+00  0.0000E+00  1.3124E+01  0.0000E+00  1.7847E+01 -8.3535E-01 -3.7256E-01  1.3124E+01  3.3654E+01 -2.0530E+01 -4.7788E-01
  2.1000E+01  2.0000E+00  0.0000E+00  6.5080E+00  0.0000E+00  1.2524E+01 -1.0413E+00 -6.7627E-01  6.5080E+00  2.8753E+01 -2.2245E+01 -4.2844E-01
  2.1000E+01  4.0000E+00  0.0000E+00  1.8150E+00  0.0000E+00  7.1894E+00 -1.3030E+00 -1.0525E+00  1.8150E+00  2.3236E+01 -2.1421E+01 -3.5717E-01
  2.1000E+01  8.0000E+00  0.0000E+00  6.6610E+00  0.0000E+00  3.5288E+00  7.8420E-01  1.2497E+00  6.6610E+00  1.7867E+01 -1.1206E+01 -3.2286E-02
  2.1000E+01  2.4000E+01  0.0000E+00  6.0000E-01  0.0000E+00  4.7932E-01 -9.0966E-01  3.5445E-01  6.0000E-01  7.7101E+00 -7.1101E+00 -4.2672E-01
  2.2000E+01  0.0000E+00  5.0000E+05  0.0000E+00  1.0000E+00  0.0000E+00  0.0000E+00  0.0000E+00  0.0000E+00  0.0000E+00  0.0000E+00  0.0000E+00
  2.2000E+01  0.0000E+00  0.0000E+00  0.0000E+00  0.0000E+00  0.0000E+00  0.0000E+00  0.0000E+00  0.0000E+00  0.0000E+00  0.0000E+00  0.0000E+00
  2.2000E+01  5.0000E-01  0.0000E+00  2.0892E+01  0.0000E+00  3.1257E+01 -7.7355E-01 -4.6688E-01  2.0892E+01  4.3477E+01 -2.2585E+01 -5.6150E-01
  2.2000E+01  1.0000E+00  0.0000E+00  2.0896E+01  0.0000E+00  2.6834E+01 -5.7004E-01 -3.1156E-01  2.0896E+01  3.9442E+01 -1.8546E+01 -3.7347E-01
  2.2000E+01  2.0000E+00  0.0000E+00  1.6873E+01  0.0000E+00  2.0497E+01 -4.3546E-01 -2.4891E-01  1.6873E+01  3.3699E+01 -1.6826E+01 -2.3674E-01
  2.2000E+01  4.0000E+00  0.0000E+00  5.7380E+00  0.0000E+00  1.3400E+01 -9.9384E-01 -8.0501E-01  5.7380E+00  2.7233E+01 -2.1495E+01 -3.5641E-01
  2.2000E+01  8.0000E+00  0.0000E+00  1.4398E+01  0.0000E+00  7.2377E+00  8.2362E-01  1.3928E+00  1.4398E+01  2.0941E+01 -6.5429E+00  1.2148E-01
  2.2000E+01  2.4000E+01  0.0000E+00  1.1130E+00  0.0000E+00  9.3778E-01 -1.0561E+00  2.6306E-01  1.1130E+00  9.0364E+00 -7.9234E+00 -4.1878E-01
  2.3000E+01  0.0000E+00  5.0000E+05  0.0000E+00  1.0000E+00  0.0000E+00  0.0000E+00  0.0000E+00  0.0000E+00  0.0000E+00  0.0000E+00  0.0000E+00
  2.3000E+01  0.0000E+00  0.0000E+00  0.0000E+00  0.0000E+00  0.0000E+00  0.0000E+00  0.0000E+00  0.0000E+00  0.0000E+00  0.0000E+00  0.0000E+00
  2.3000E+01  5.0000E-01  0.0000E+00  6.3520E+01  0.0000E+00  3.1106E+01  1.0559E+00  1.4671E+00  6.3520E+01  4.3477E+01  2.0043E+01  7.2830E-01
  2.3000E+01  1.0000E+00  0.0000E+00  2.7973E+01  0.0000E+00  2.7210E+01 -3.2397E-01  3.9480E-02  2.7973E+01  3.9442E+01 -1.1469E+01 -1.9686E-01
  2.3000E+01  2.0000E+00  0.0000E+00  1.2101E+01  0.0000E+00  2.1295E+01 -9.2791E-01 -6.0787E-01  1.2101E+01  3.3699E+01 -2.1598E+01 -4.5134E-01
  2.3000E+01  4.0000E+00  0.0000E+00  7.7790E+00  0.0000E+00  1.3935E+01 -1.0581E+00 -6.2197E-01  7.7790E+00  2.7233E+01 -1.9454E+01 -3.6651E-01
  2.3000E+01  8.0000E+00  0.0000E+00  1.1122E+01  0.0000E+00  6.7841E+00 -1.7604E-01  9.0024E-01  1.1122E+01  2.0941E+01 -9.8189E+00 -1.0466E-01
  2.3000E+01  2.4000E+01  0.0000E+00  6.0000E-01  0.0000E+00  4.8472E-01 -1.1946E+00  3.3485E-01  6.0000E-01  9.0364E+00 -8.4364E+00 -5.1204E-01
  2.4000E+01  0.0000E+00  5.0000E+05  0.0000E+00  1.0000E+00  0.0000E+00  0.0000E+00  0.0000E+00  0.0000E+00  0.0000E+00  0.0000E+00  0.0000E+00
  2.4000E+01  0.0000E+00  0.0000E+00  0.0000E+00  0.0000E+00  0.0000E+00  0.0000E+00  0.0000E+00  0.0000E+00  0.0000E+00  0.0000E+00  0.0000E+00
  2.4000E+01  5.0000E-01  0.0000E+00  6.2078E+01  0.0000E+00  5.9939E+01  6.5275E-01  5.0247E-02  6.2078E+01  4.3477E+01  1.8601E+01  5.2981E-01
  2.4000E+01  1.0000E+00  0.0000E+00  1.7933E+01  0.0000E+00  6.7137E+01 -1.5624E-01 -1.0318E+00  1.7933E+01  3.9442E+01 -2.1509E+01 -7.5741E-01
  2.4000E+01  2.0000E+00  0.0000E+00  2.0081E+01  0.0000E+00  7.0963E+01 -2.8942E-02 -1.0095E+00  2.0081E+01  3.3699E+01 -1.3618E+01 -5.3771E-01
  2.4000E+01  4.0000E+00  0.0000E+00  1.3612E+01  0.0000E+00  6.0066E+01 -4.6998E-01 -1.0888E+00  1.3612E+01  2.7233E+01 -1.3621E+01 -5.7889E-01
  2.4000E+01  8.0000E+00  0.0000E+00  7.3308E+01  0.0000E+00  3.1152E+01  1.1714E+00  1.9052E+00  7.3308E+01  2.0941E+01  5.2367E+01  2.0816E+00
  2.4000E+01  2.4000E+01  0.0000E+00  1.2590E+00  0.0000E+00  1.4054E+00 -2.2048E+00 -1.4662E-01  1.2590E+00  9.0364E+00 -7.7774E+00 -6.7315E-01
  2.5000E+01  0.0000E+00  1.2500E+05  0.0000E+00  1.0000E+00  0.0000E+00  0.0000E+00  0.0000E+00  0.0000E+00  0.0000E+00  0.0000E+00  0.0000E+00
  2.5000E+01  6.4850E+02  0.0000E+00  7.4066E+01  0.0000E+00  5.0796E+01  7.4288E-01  6.4495E-01  7.4066E+01  4.1964E+01  3.2102E+01  7.6366E-01
  2.5000E+01  6.4900E+02  0.0000E+00  3.0944E+01  0.0000E+00  5.4302E+01 -2.7111E-01 -6.0560E-01  3.0944E+01  3.8692E+01 -7.7483E+00 -4.3860E-01
  2.5000E+01  6.5000E+02  0.0000E+00  6.1250E+00  0.0000E+00  5.6688E+01 -7.1137E-01 -1.2558E+00  6.1250E+00  3.3916E+01 -2.7791E+01 -1.1416E+00
  2.5000E+01  6.5200E+02  0.0000E+00  3.0089E+01  0.0000E+00  5.2503E+01 -4.7220E-02 -6.0105E-01  3.0089E+01  2.8207E+01  1.8823E+00 -1.8832E-01
  2.5000E+01  6.5600E+02  0.0000E+00  8.4092E+01  0.0000E+00  3.7227E+01  1.9184E+00  1.7724E+00  8.4092E+01  2.2022E+01  6.2070E+01  2.3499E+00
  2.5000E+01  6.7200E+02  0.0000E+00  8.0090E+00  0.0000E+00  7.4888E+00 -1.0601E+00  9.7800E-02  8.0090E+00  9.5235E+00 -1.5145E+00 -4.3238E-01
  2.6000E+01  0.0000E+00  1.2500E+05  0.0000E+00  1.0000E+00  0.0000E+00  0.0000E+00  0.0000E+00  0.0000E+00  0.0000E+00  0.0000E+00  0.0000E+00
  2.6000E+01  6.4850E+02  0.0000E+00  5.0296E+01  0.0000E+00  5.0487E+01  2.4588E-01 -5.3126E-03  5.0296E+01  4.1964E+01  8.3320E+00  8.1558E-02
  2.6000E+01  6.4900E+02  0.0000E+00  1.4633E+02  0.0000E+00  5.7923E+01  2.5525E+00  2.1489E+00  1.4633E+02  3.8692E+01  1.0764E+02  3.1547E+00
  2.6000E+01  6.5000E+02  0.0000E+00  8.6660E+00  0.0000E+00  6.2935E+01 -7.1038E-01 -1.2140E+00  8.6660E+00  3.3916E+01 -2.5250E+01 -1.0558E+00
  2.6000E+01  6.5200E+02  0.0000E+00  3.1890E+01  0.0000E+00  5.5103E+01 -1.7445E-01 -5.9310E-01  3.1890E+01  2.8207E+01  3.6833E+00 -1.2208E-01
  2.6000E+01  6.5600E+02  0.0000E+00  2.1724E+01  0.0000E+00  3.0209E+01 -2.6842E-01 -3.9544E-01  2.1724E+01  2.2022E+01 -2.9839E-01 -3.0126E-01
  2.6000E+01  6.7200E+02  0.0000E+00  2.5220E+00  0.0000E+00  1.7117E+00  1.8472E-01  6.6644E-01  2.5220E+00  9.5235E+00 -7.0015E+00 -6.7557E-01
  2.7000E+01  0.0000E+00  1.2500E+05  0.0000E+00  1.0000E+00  0.0000E+00  0.0000E+00  0.0000E+00  0.0000E+00  0.0000E+00  0.0000E+00  0.0000E+00
  2.7000E+01  6.4850E+02  0.0000E+00  2.1252E+02  0.0000E+00  7.8062E+01  2.9644E+00  2.4250E+00  2.1252E+02  4.1964E+01  1.7055E+02  4.4618E+00
  2.7000E+01  6.4900E+02  0.0000E+00  3.0835E+01  0.0000E+00  1.0174E+02 -2.1646E-01 -9.8121E-01  3.0835E+01  3.8692E+01 -7.8573E+00 -8.5320E-01
  2.7000E+01  6.5000E+02  0.0000E+00  1.4641E+02  0.0000E+00  1.2282E+02  1.2036E+00  2.7037E-01  1.4641E+02  3.3916E+01  1.1249E+02  3.0258E+00
  2.7000E+01  6.5200E+02  0.0000E+00  9.8230E+00  0.0000E+00  1.1547E+02 -3.8132E-01 -1.2881E+00  9.8230E+00  2.8207E+01 -1.8384E+01 -1.4556E+00
  2.7000E+01  6.5600E+02  0.0000E+00  3.2820E+01  0.0000E+00  6.6244E+01 -3.8223E-02 -7.1036E-01  3.2820E+01  2.2022E+01  1.0798E+01 -4.6921E-01
  2.7000E+01  6.7200E+02  0.0000E+00  6.0010E+00  0.0000E+00  4.1009E+00  5.1008E-01  6.5231E-01  6.0010E+00  9.5235E+00 -3.5225E+00 -1.1441E+00
  2.8000E+01  0.0000E+00  2.5000E+05  0.0000E+00  1.0000E+00  0.0000E+00  0.0000E+00  0.0000E+00  0.0000E+00  0.0000E+00  0.0000E+00  0.0000E+00
  2.8000E+01  6.4850E+02  0.0000E+00  6.4244E+01  0.0000E+00  6.3499E+01  5.8131E-01  1.6508E-02  6.4244E+01  4.7627E+01  1.6617E+01  3.1117E-01
  2.8000E+01  6.4900E+02  0.0000E+00  3.7738E+01  0.0000E+00  7.5334E+01  2.2208E-01 -7.0262E-01  3.7738E+01  4.3914E+01 -6.1759E+00 -3.1153E-01
  2.8000E+01  6.5000E+02  0.0000E+00  9.7220E+00  0.0000E+00  8.4409E+01 -1.5434E-01 -1.2457E+00  9.7220E+00  3.8493E+01 -2.8771E+01 -1.0118E+00
  2.8000E+01  6.5200E+02  0.0000E+00  2.0965E+01  0.0000E+00  7.5690E+01 -2.2985E-01 -1.0179E+00  2.0965E+01  3.2013E+01 -1.1048E+01 -5.5625E-01
  2.8000E+01  6.5600E+02  0.0000E+00  1.0345E+02  0.0000E+00  4.2335E+01  1.5768E+00  2.0325E+00  1.0345E+02  2.4994E+01  7.8456E+01  2.7327E+00
  2.8000E+01  6.7200E+02  0.0000E+00  2.1540E+00  0.0000E+00  2.5342E+00 -2.1441E+00 -2.1122E-01  2.1540E+00  1.0809E+01 -8.6547E+00 -6.5176E-01
  2.9000E+01  0.0000E+00  2.5000E+05  0.0000E+00  1.0000E+00  0.0000E+00  0.0000E+00  0.0000E+00  0.0000E+00  0.0000E+00  0.0000E+00  0.0000E+00
  2.9000E+01  6.4850E+02  0.0000E+00  1.4612E+02  0.0000E+00  5.9801E+01  2.0150E+00  2.0321E+00  1.4612E+02  4.7627E+01  9.8490E+01  2.2245E+00
  2.9000E+01  6.4900E+02  0.0000E+00  2.4291E+01  0.0000E+00  5.9089E+01 -7.8453E-01 -8.2911E-01  2.4291E+01  4.3914E+01 -1.9623E+01 -8.9361E-01
  2.9000E+01  6.5000E+02  0.0000E+00  2.4490E+01  0.0000E+00  5.7061E+01 -6.9106E-01 -8.0363E-01  2.4490E+01  3.8493E+01 -1.4003E+01 -8.0801E-01
  2.9000E+01  6.5200E+02  0.0000E+00  8.2620E+01  0.0000E+00  5.1972E+01  9.6290E-01  8.3025E-01  8.2620E+01  3.2013E+01  5.0607E+01  1.1511E+00
  2.9000E+01  6.5600E+02  0.0000E+00  5.3802E+01  0.0000E+00  4.1812E+01  4.3229E-01  4.0371E-01  5.3802E+01  2.4994E+01  2.8808E+01  5.3642E-01
  2.9000E+01  6.7200E+02  0.0000E+00  1.7604E+01  0.0000E+00  1.6908E+01 -3.8582E-01  5.7942E-02  1.7604E+01  1.0809E+01  6.7953E+00 -2.2810E-01
  3.0000E+01  0.0000E+00  2.5000E+05  0.0000E+00  1.0000E+00  0.0000E+00  0.0000E+00  0.0000E+00  0.0000E+00  0.0000E+00  0.0000E+00  0.0000E+00
  3.0000E+01  6.4850E+02  0.0000E+00  2.4478E+01  0.0000E+00  4.3603E+01 -6.0119E-01 -6.1752E-01  2.4478E+01  4.7627E+01 -2.3149E+01 -5.5194E-01
  3.0000E+01  6.4900E+02  0.0000E+00  4.3707E+01  0.0000E+00  4.5169E+01  7.6102E-02 -4.5565E-02  4.3707E+01  4.3914E+01 -2.0688E-01  4.0603E-03
  3.0000E+01  6.5000E+02  0.0000E+00  2.1750E+01  0.0000E+00  4.4310E+01 -5.5206E-01 -7.1681E-01  2.1750E+01  3.8493E+01 -1.6743E+01 -5.2644E-01
  3.0000E+01  6.5200E+02  0.0000E+00  7.7547E+01  0.0000E+00  3.6004E+01  1.6050E+00  1.6245E+00  7.7547E+01  3.2013E+01  4.5534E+01  1.3843E+00
  3.0000E+01  6.5600E+02  0.0000E+00  1.7104E+01  0.0000E+00  1.9105E+01 -6.9904E-01 -1.4748E-01  1.7104E+01  2.4994E+01 -7.8903E+00 -3.0392E-01
  3.0000E+01  6.7200E+02  0.0000E+00  1.4920E+00  0.0000E+00  1.0926E+00 -3.7354E-01  5.1462E-01  1.4920E+00  1.0809E+01 -9.3167E+00 -2.5115E-01
  3.1000E+01  0.0000E+00  5.0000E+05  0.0000E+00  1.0000E+00  0.0000E+00  0.0000E+00  0.0000E+00  0.0000E+00  0.0000E+00  0.0000E+00  0.0000E+00
  3.1000E+01  6.4850E+02  0.0000E+00  1.4763E+02  0.0000E+00  9.9938E+01  1.3689E+00  6.7183E-01  1.4763E+02  5.5820E+01  9.1807E+01  1.5105E+00
  3.1000E+01  6.4900E+02  0.0000E+00  6.0196E+01  0.0000E+00  1.2920E+02  3.0813E-01 -7.5193E-01  6.0196E+01  5.1468E+01  8.7282E+00 -4.0270E-01
  3.1000E+01  6.5000E+02  0.0000E+00  4.5454E+01  0.0000E+00  1.5484E+02  2.1688E-01 -9.9458E-01  4.5454E+01  4.5114E+01  3.3967E-01 -7.1551E-01
  3.1000E+01  6.5200E+02  0.0000E+00  3.7415E+01  0.0000E+00  1.4446E+02 -1.3008E-01 -1.0433E+00  3.7415E+01  3.7520E+01 -1.0498E-01 -8.4765E-01
  3.1000E+01  6.5600E+02  0.0000E+00  2.0174E+02  0.0000E+00  8.1860E+01  1.8081E+00  2.0617E+00  2.0174E+02  2.9294E+01  1.7244E+02  4.5953E+00
  3.1000E+01  6.7200E+02  0.0000E+00  4.0700E+00  0.0000E+00  4.8143E+00 -1.9006E+00 -2.1765E-01  4.0700E+00  1.2668E+01 -8.5979E+00 -1.2240E+00
  3.2000E+01  0.0000E+00  5.0000E+05  0.0000E+00  1.0000E+00  0.0000E+00  0.0000E+00  0.0000E+00  0.0000E+00  0.0000E+00  0.0000E+00  0.0000E+00
  3.2000E+01  6.4850E+02  0.0000E+00  2.4420E+01  0.0000E+00  7.2126E+01 -8.8507E-01 -9.3121E-01  2.4420E+01  5.5820E+01 -3.1400E+01 -9.9636E-01
  3.2000E+01  6.4900E+02  0.0000E+00  4.5068E+01  0.0000E+00  7.2918E+01 -4.7136E-01 -5.3773E-01  4.5068E+01  5.1468E+01 -6.3998E+00 -5.4896E-01
  3.2000E+01  6.5000E+02  0.0000E+00  1.5002E+02  0.0000E+00  7.2334E+01  1.5996E+00  1.5121E+00  1.5002E+02  4.5114E+01  1.0491E+02  2.0852E+00
  3.2000E+01  6.5200E+02  0.0000E+00  8.7104E+01  0.0000E+00  6.6971E+01  5.1046E-01  4.2324E-01  8.7104E+01  3.7520E+01  4.9584E+01  7.2077E-01
  3.2000E+01  6.5600E+02  0.0000E+00  6.0706E+01  0.0000E+00  5.3196E+01  2.3727E-01  1.9875E-01  6.0706E+01  2.9294E+01  3.1412E+01  3.5736E-01
  3.2000E+01  6.7200E+02  0.0000E+00  2.8840E+01  0.0000E+00  1.9407E+01  5.0567E-01  6.8429E-01  2.8840E+01  1.2668E+01  1.6172E+01  3.9367E-01
  3.3000E+01  0.0000E+00  5.0000E+05  0.0000E+00  1.0000E+00  0.0000E+00  0.0000E+00  0.0000E+00  0.0000E+00  0.0000E+00  0.0000E+00  0.0000E+00
  3.3000E+01  6.4850E+02  0.0000E+00  9.8501E+01  0.0000E+00  7.1609E+01  5.2360E-01  5.2870E-01  9.8501E+01  5.5820E+01  4.2681E+01  6.0335E-01
  3.3000E+01  6.4900E+02  0.0000E+00  5.3954E+01  0.0000E+00  7.1259E+01 -3.1322E-01 -3.4190E-01  5.3954E+01  5.1468E+01  2.4862E+00 -3.5007E-01
  3.3000E+01  6.5000E+02  0.0000E+00  6.4530E+01  0.0000E+00  6.9431E+01 -3.5756E-02 -9.9372E-02  6.4530E+01  4.5114E+01  1.9416E+01 -1.4394E-02
  3.3000E+01  6.5200E+02  0.0000E+00  1.3317E+02  0.0000E+00  6.3693E+01  1.6014E+00  1.5358E+00  1.3317E+02  3.7520E+01  9.5652E+01  2.0118E+00
  3.3000E+01  6.5600E+02  0.0000E+00  3.9382E+01  0.0000E+00  5.1295E+01 -3.4012E-01 -3.2697E-01  3.9382E+01  2.9294E+01  1.0088E+01 -3.2536E-01
  3.3000E+01  6.7200E+02  0.0000E+00  3.0098E+01  0.0000E+00  2.0517E+01  2.6231E-01  6.5743E-01  3.0098E+01  1.2668E+01  1.7430E+01  2.8984E-01
  3.4000E+01  0.0000E+00  1.2500E+05  0.0000E+00  1.0000E+00  0.0000E+00  0.0000E+00  0.0000E+00  0.0000E+00  0.0000E+00  0.0000E+00  0.0000E+00
  3.4000E+01  6.4850E+02  0.0000E+00  3.5010E+01  0.0000E+00  1.8735E+01  4.5729E-01  1.2230E+00  3.5010E+01  4.1964E+01 -6.9540E+00  4.8638E-02
  3.4000E+01  6.4900E+02  0.0000E+00  5.0250E+00  0.0000E+00  1.5269E+01 -1.7295E+00 -9.4454E-01  5.0250E+00  3.8692E+01 -3.3667E+01 -7.5063E-01
  3.4000E+01  6.5000E+02  0.0000E+00  0.0000E+00  1.0000E+00  1.0563E+01  0.0000E+00 -1.4079E+00  0.0000E+00  3.3916E+01  0.0000E+00  0.0000E+00
  3.4000E+01  6.5200E+02  0.0000E+00  6.2690E+00  0.0000E+00  5.9451E+00 -7.9997E-01  7.6709E-02  6.2690E+00  2.8207E+01 -2.1938E+01 -3.8605E-01
  3.4000E+01  6.5600E+02  0.0000E+00  3.5510E+00  0.0000E+00  2.9284E+00 -6.5155E-01  2.9934E-01  3.5510E+00  2.2022E+01 -1.8471E+01 -3.2366E-01
  3.4000E+01  6.7200E+02  0.0000E+00  6.0000E-01  0.0000E+00  4.5085E-01 -3.5352E-01  4.6577E-01  6.0000E-01  9.5235E+00 -8.9235E+00 -1.1986E-01
  3.5000E+01  0.0000E+00  1.2500E+05  0.0000E+00  1.0000E+00  0.0000E+00  0.0000E+00  0.0000E+00  0.0000E+00  0.0000E+00  0.0000E+00  0.0000E+00
  3.5000E+01  6.4850E+02  0.0000E+00  2.1542E+01  0.0000E+00  1.9365E+01 -3.8537E-01  1.5824E-01  2.1542E+01  4.1964E+01 -2.0422E+01 -2.9612E-01
  3.5000E+01  6.4900E+02  0.0000E+00  8.6120E+00  0.0000E+00  1.5881E+01 -1.1673E+00 -6.4441E-01  8.6120E+00  3.8692E+01 -3.0080E+01 -5.7844E-01
  3.5000E+01  6.5000E+02  0.0000E+00  6.8900E+00  0.0000E+00  1.1126E+01 -1.0106E+00 -5.3600E-01  6.8900E+00  3.3916E+01 -2.7026E+01 -4.7098E-01
  3.5000E+01  6.5200E+02  0.0000E+00  2.5340E+00  0.0000E+00  6.3935E+00 -1.2625E+00 -8.4988E-01  2.5340E+00  2.8207E+01 -2.5673E+01 -4.3521E-01
  3.5000E+01  6.5600E+02  0.0000E+00  5.9780E+00  0.0000E+00  3.1878E+00  7.0579E-01  1.2323E+00  5.9780E+00  2.2022E+01 -1.6044E+01 -1.2703E-01
  3.5000E+01  6.7200E+02  0.0000E+00  6.0000E-01  0.0000E+00  4.7149E-01 -6.2730E-01  3.8372E-01  6.0000E-01  9.5235E+00 -8.9235E+00 -5.3428E-02
  3.6000E+01  0.0000E+00  1.2500E+05  0.0000E+00  1.0000E+00  0.0000E+00  0.0000E+00  0.0000E+00  0.0000E+00  0.0000E+00  0.0000E+00  0.0000E+00
  3.6000E+01  6.4850E+02  0.0000E+00  3.4776E+01  0.0000E+00  1.9456E+01  4.5028E-01  1.1086E+00  3.4776E+01  4.1964E+01 -7.1880E+00  5.6828E-02
  3.6000E+01  6.4900E+02  0.0000E+00  1.3631E+01  0.0000E+00  1.5973E+01 -8.5786E-01 -2.0642E-01  1.3631E+01  3.8692E+01 -2.5061E+01 -4.5844E-01
  3.6000E+01  6.5000E+02  0.0000E+00  4.0710E+00  0.0000E+00  1.1214E+01 -1.5279E+00 -8.9680E-01  4.0710E+00  3.3916E+01 -2.9845E+01 -6.0054E-01
  3.6000E+01  6.5200E+02  0.0000E+00  4.7670E+00  0.0000E+00  6.4654E+00 -9.9355E-01 -3.6983E-01  4.7670E+00  2.8207E+01 -2.3440E+01 -3.9460E-01
  3.6000E+01  6.5600E+02  0.0000E+00  5.2920E+00  0.0000E+00  3.2266E+00  1.0210E-01  9.0120E-01  5.2920E+00  2.2022E+01 -1.6730E+01 -2.0918E-01
  3.6000E+01  6.7200E+02  0.0000E+00  6.0000E-01  0.0000E+00  4.7174E-01 -7.2821E-01  3.8277E-01  6.0000E-01  9.5235E+00 -8.9235E+00 -1.2761E-01
  3.7000E+01  0.0000E+00  2.5000E+05  0.0000E+00  1.0000E+00  0.0000E+00  0.0000E+00  0.0000E+00  0.0000E+00  0.0000E+00  0.0000E+00  0.0000E+00
  3.7000E+01  6.4850E+02  0.0000E+00  2.8486E+01  0.0000E+00  2.2330E+01 -2.7471E-01  3.8812E-01  2.8486E+01  4.7627E+01 -1.9141E+01 -2.2501E-01
  3.7000E+01  6.4900E+02  0.0000E+00  1.1131E+01  0.0000E+00  1.8189E+01 -1.2425E+00 -5.4630E-01  1.1131E+01  4.3914E+01 -3.2783E+01 -5.8499E-01
  3.7000E+01  6.5000E+02  0.0000E+00  1.5256E+01  0.0000E+00  1.2597E+01 -4.6872E-01  2.9724E-01  1.5256E+01  3.8493E+01 -2.3237E+01 -3.1142E-01
  3.7000E+01  6.5200E+02  0.0000E+00  1.0727E+01  0.0000E+00  7.1803E+00 -1.9304E-01  6.9543E-01  1.0727E+01  3.2013E+01 -2.1286E+01 -2.5367E-01
  3.7000E+01  6.5600E+02  0.0000E+00  4.5780E+00  0.0000E+00  3.7287E+00 -6.3482E-01  3.2066E-01  4.5780E+00  2.4994E+01 -2.0416E+01 -2.8089E-01
  3.7000E+01  6.7200E+02  0.0000E+00  1.0060E+00  0.0000E+00  7.2554E-01 -1.0307E-01  5.4423E-01  1.0060E+00  1.0809E+01 -9.8027E+00 -7.0252E-02
  3.8000E+01  0.0000E+00  2.5000E+05  0.0000E+00  1.0000E+00  0.0000E+00  0.0000E+00  0.0000E+00  0.0000E+00  0.0000E+00  0.0000E+00  0.0000E+00
  3.8000E+01  6.4850E+02  0.0000E+00  3.0100E+01  0.0000E+00  2.8568E+01 -3.3509E-01  7.5490E-02  3.0100E+01  4.7627E+01 -1.7527E+01 -2.3952E-01
  3.8000E+01  6.4900E+02  0.0000E+00  2.6832E+01  0.0000E+00  2.4254E+01 -2.8975E-01  1.4962E-01  2.6832E+01  4.3914E+01 -1.7082E+01 -2.1993E-01
  3.8000E+01  6.5000E+02  0.0000E+00  1.0962E+01  0.0000E+00  1.8272E+01 -1.0572E+00 -5.6325E-01  1.0962E+01  3.8493E+01 -2.7531E+01 -5.1167E-01
  3.8000E+01  6.5200E+02  0.0000E+00  1.5374E+01  0.0000E+00  1.2034E+01 -2.0267E-01  3.9073E-01  1.5374E+01  3.2013E+01 -1.6639E+01 -1.9286E-01
  3.8000E+01  6.5600E+02  0.0000E+00  1.1924E+01  0.0000E+00  7.1652E+00  1.9975E-01  9.3504E-01  1.1924E+01  2.4994E+01 -1.3070E+01 -1.0469E-01
  3.8000E+01  6.7200E+02  0.0000E+00  2.0360E+00  0.0000E+00  1.5481E+00 -4.0223E-01  4.4367E-01  2.0360E+00  1.0809E+01 -8.7727E+00 -1.1139E-01
  3.9000E+01  0.0000E+00  2.5000E+05  0.0000E+00  1.0000E+00  0.0000E+00  0.0000E+00  0.0000E+00  0.0000E+00  0.0000E+00  0.0000E+00  0.0000E+00
  3.9000E+01  6.4850E+02  0.0000E+00  4.0823E+01  0.0000E+00  2.5686E+01  2.9483E-01  8.2971E-01  4.0823E+01  4.7627E+01 -6.8041E+00  5.5105E-02
  3.9000E+01  6.4900E+02  0.0000E+00  1.4413E+01  0.0000E+00  2.1233E+01 -1.0285E+00 -4.5221E-01  1.4413E+01  4.3914E+01 -2.9501E+01 -5.3627E-01
  3.9000E+01  6.5000E+02  0.0000E+00  1.2523E+01  0.0000E+00  1.5197E+01 -9.0344E-01 -2.4776E-01  1.2523E+01  3.8493E+01 -2.5970E+01 -4.3484E-01
  3.9000E+01  6.5200E+02  0.0000E+00  1.5130E+01  0.0000E+00  9.2776E+00  1.0758E-01  8.8811E-01  1.5130E+01  3.2013E+01 -1.6883E+01 -1.6285E-01
  3.9000E+01  6.5600E+02  0.0000E+00  5.8410E+00  0.0000E+00  5.3124E+00 -7.2075E-01  1.4009E-01  5.8410E+00  2.4994E+01 -1.9153E+01 -2.9530E-01
  3.9000E+01  6.7200E+02  0.0000E+00  1.7660E+00  0.0000E+00  1.2766E+00 -1.5599E-01  5.3968E-01  1.7660E+00  1.0809E+01 -9.0427E+00 -1.0700E-01
  4.0000E+01  0.0000E+00  5.0000E+05  0.0000E+00  1.0000E+00  0.0000E+00  0.0000E+00  0.0000E+00  0.0000E+00  0.0000E+00  0.0000E+00  0.0000E+00
  4.0000E+01  6.4850E+02  0.0000E+00  4.5391E+01  0.0000E+00  4.9667E+01  7.4247E-02 -1.2121E-01  4.5391E+01  5.5820E+01 -1.0429E+01 -1.0983E-01
  4.0000E+01  6.4900E+02  0.0000E+00  3.4480E+01  0.0000E+00  5.1120E+01 -2.1176E-02 -4.5829E-01  3.4480E+01  5.1468E+01 -1.6988E+01 -2.6259E-01
  4.0000E+01  6.5000E+02  0.0000E+00  1.3880E+01  0.0000E+00  4.9620E+01 -4.3995E-01 -1.0141E+00  1.3880E+01  4.5114E+01 -3.1234E+01 -6.2522E-01
  4.0000E+01  6.5200E+02  0.0000E+00  2.0645E+01  0.0000E+00  3.9574E+01 -3.8450E-01 -6.7342E-01  2.0645E+01  3.7520E+01 -1.6875E+01 -2.8543E-01
  4.0000E+01  6.5600E+02  0.0000E+00  4.6133E+01  0.0000E+00  2.0227E+01  8.4267E-01  1.8032E+00  4.6133E+01  2.9294E+01  1.6839E+01  7.4973E-01
  4.0000E+01  6.7200E+02  0.0000E+00  9.7100E-01  0.0000E+00  9.8511E-01 -2.0439E+00 -2.0162E-02  9.7100E-01  1.2668E+01 -1.1697E+01 -3.1528E-01
  4.1000E+01  0.0000E+00  5.0000E+05  0.0000E+00  1.0000E+00  0.0000E+00  0.0000E+00  0.0000E+00  0.0000E+00  0.0000E+00  0.0000E+00  0.0000E+00
  4.1000E+01  6.4850E+02  0.0000E+00  6.4231E+01  0.0000E+00  4.2629E+01  6.9116E-01  7.1341E-01  6.4231E+01  5.5820E+01  8.4112E+00  3.2175E-01
  4.1000E+01  6.4900E+02  0.0000E+00  2.8485E+01  0.0000E+00  4.1708E+01 -3.1640E-01 -4.4635E-01  2.8485E+01  5.1468E+01 -2.2983E+01 -3.8029E-01
  4.1000E+01  6.5000E+02  0.0000E+00  9.4640E+00  0.0000E+00  3.7956E+01 -8.5589E-01 -1.0568E+00  9.4640E+00  4.5114E+01 -3.5650E+01 -7.0458E-01
  4.1000E+01  6.5200E+02  0.0000E+00  3.0919E+01  0.0000E+00  2.8238E+01  3.5554E-02  1.3367E-01  3.0919E+01  3.7520E+01 -6.6010E+00  3.0235E-02
  4.1000E+01  6.5600E+02  0.0000E+00  2.5956E+01  0.0000E+00  1.3375E+01  7.5421E-02  1.3243E+00  2.5956E+01  2.9294E+01 -3.3378E+00  1.3820E-01
  4.1000E+01  6.7200E+02  0.0000E+00  6.0000E-01  0.0000E+00  5.1745E-01 -1.6154E+00  2.2459E-01  6.0000E-01  1.2668E+01 -1.2068E+01 -3.1274E-01
  4.2000E+01  0.0000E+00  5.0000E+05  0.0000E+00  1.0000E+00  0.0000E+00  0.0000E+00  0.0000E+00  0.0000E+00  0.0000E+00  0.0000E+00  0.0000E+00
  4.2000E+01  6.4850E+02  0.0000E+00  4.0872E+01  0.0000E+00  3.6467E+01 -4.1599E-02  1.7005E-01  4.0872E+01  5.5820E+01 -1.4948E+01 -1.1963E-01
  4.2000E+01  6.4900E+02  0.0000E+00  1.4567E+01  0.0000E+00  3.3555E+01 -9.0873E-01 -7.9669E-01  1.4567E+01  5.1468E+01 -3.6901E+01 -6.2263E-01
  4.2000E+01  6.5000E+02  0.0000E+00  3.1051E+01  0.0000E+00  2.8286E+01  1.0107E-01  1.3765E-01  3.1051E+01  4.5114E+01 -1.4063E+01 -7.4408E-02
  4.2000E+01  6.5200E+02  0.0000E+00  1.0596E+01  0.0000E+00  1.9881E+01 -8.5978E-01 -6.5752E-01  1.0596E+01  3.7520E+01 -2.6924E+01 -4.1350E-01
  4.2000E+01  6.5600E+02  0.0000E+00  1.9287E+01  0.0000E+00  9.6446E+00  3.6713E-01  1.4076E+00  1.9287E+01  2.9294E+01 -1.0007E+01  5.0968E-02
  4.2000E+01  6.7200E+02  0.0000E+00  6.0000E-01  0.0000E+00  5.1738E-01 -1.4082E+00  2.2483E-01  6.0000E-01  1.2668E+01 -1.2068E+01 -1.8182E-01
  4.3000E+01  0.0000E+00  3.0000E+05  0.0000E+00  1.0000E+00  0.0000E+00  0.0000E+00  0.0000E+00  0.0000E+00  0.0000E+00  0.0000E+00  0.0000E+00
  4.3000E+01  0.0000E+00  0.0000E+00  0.0000E+00  0.0000E+00  0.0000E+00  0.0000E+00  0.0000E+00  0.0000E+00  0.0000E+00  0.0000E+00  0.0000E+00
  4.3000E+01  5.0000E-01  0.0000E+00  1.3907E+02  0.0000E+00  5.4992E+01  2.4284E+00  2.1525E+00  1.3907E+02  3.8488E+01  1.0058E+02  3.3335E+00
  4.3000E+01  1.0000E+00  0.0000E+00  5.9990E+01  0.0000E+00  6.2587E+01  3.4178E-01 -5.8421E-02  5.9990E+01  3.4916E+01  2.5074E+01  6.1323E-01
  4.3000E+01  2.0000E+00  0.0000E+00  3.9920E+01  0.0000E+00  6.5749E+01 -1.4485E-01 -5.5308E-01  3.9920E+01  2.9832E+01  1.0088E+01 -2.6029E-02
  4.3000E+01  4.0000E+00  0.0000E+00  2.2690E+01  0.0000E+00  5.2372E+01 -6.7843E-01 -7.9793E-01  2.2690E+01  2.4108E+01 -1.4182E+00 -5.1287E-01
  4.3000E+01  8.0000E+00  0.0000E+00  3.2950E+01  0.0000E+00  2.2652E+01  1.0074E-01  6.4005E-01  3.2950E+01  1.8538E+01  1.4412E+01  1.5791E-01
  4.4000E+01  0.0000E+00  3.0000E+05  0.0000E+00  1.0000E+00  0.0000E+00  0.0000E+00  0.0000E+00  0.0000E+00  0.0000E+00  0.0000E+00  0.0000E+00
  4.4000E+01  0.0000E+00  0.0000E+00  0.0000E+00  0.0000E+00  0.0000E+00  0.0000E+00  0.0000E+00  0.0000E+00  0.0000E+00  0.0000E+00  0.0000E+00
  4.4000E+01  5.0000E-01  0.0000E+00  7.3190E+01  0.0000E+00  3.8097E+01  1.2640E+00  1.2969E+00  7.3190E+01  3.8488E+01  3.4702E+01  1.1825E+00
  4.4000E+01  1.0000E+00  0.0000E+00  3.4490E+01  0.0000E+00  3.3163E+01 -3.5972E-02  5.6346E-02  3.4490E+01  3.4916E+01 -4.2619E-01 -5.5224E-02
  4.4000E+01  2.0000E+00  0.0000E+00  3.0340E+01  0.0000E+00  2.6556E+01  5.3187E-03  2.0060E-01  3.0340E+01  2.9832E+01  5.0817E-01 -3.0898E-02
  4.4000E+01  4.0000E+00  0.0000E+00  1.1700E+01  0.0000E+00  2.0264E+01 -9.0988E-01 -5.9500E-01  1.1700E+01  2.4108E+01 -1.2408E+01 -5.2020E-01
  4.4000E+01  8.0000E+00  0.0000E+00  2.7960E+01  0.0000E+00  1.6215E+01  6.8876E-01  1.0198E+00  2.7960E+01  1.8538E+01  9.4222E+00  3.6589E-01
  4.5000E+01  0.0000E+00  3.0000E+05  0.0000E+00  1.0000E+00  0.0000E+00  0.0000E+00  0.0000E+00  0.0000E+00  0.0000E+00  0.0000E+00  0.0000E+00
  4.5000E+01  0.0000E+00  0.0000E+00  0.0000E+00  0.0000E+00  0.0000E+00  0.0000E+00  0.0000E+00  0.0000E+00  0.0000E+00  0.0000E+00  0.0000E+00
  4.5000E+01  5.0000E-01  0.0000E+00  4.8070E+01  0.0000E+00  3.4706E+01  4.2938E-01  5.4212E-01  4.8070E+01  3.8488E+01  9.5820E+00  3.4895E-01
  4.5000E+01  1.0000E+00  0.0000E+00  4.1740E+01  0.0000E+00  2.8775E+01  4.3523E-01  6.3432E-01  4.1740E+01  3.4916E+01  6.8238E+00  2.6815E-01
  4.5000E+01  2.0000E+00  0.0000E+00  2.8020E+01  0.0000E+00  2.0948E+01  1.0604E-01  4.7530E-01  2.8020E+01  2.9832E+01 -1.8118E+00 -2.8612E-02
  4.5000E+01  4.0000E+00  0.0000E+00  1.6530E+01  0.0000E+00  1.3840E+01 -3.5430E-01  2.7359E-01  1.6530E+01  2.4108E+01 -7.5782E+00 -2.3869E-01
  4.5000E+01  8.0000E+00  0.0000E+00  1.3990E+01  0.0000E+00  1.0088E+01 -2.1915E-01  5.4452E-01  1.3990E+01  1.8538E+01 -4.5478E+00 -1.7553E-01
  4.6000E+01  0.0000E+00  8.0000E+05  0.0000E+00  1.0000E+00  0.0000E+00  0.0000E+00  0.0000E+00  0.0000E+00  0.0000E+00  0.0000E+00  0.0000E+00
  4.6000E+01  0.0000E+00  0.0000E+00  0.0000E+00  0.0000E+00  0.0000E+00  0.0000E+00  0.0000E+00  0.0000E+00  0.0000E+00  0.0000E+00  0.0000E+00
  4.6000E+01  5.0000E-01  0.0000E+00  7.8270E+01  0.0000E+00  5.8621E+01  4.6450E-01  4.7189E-01  7.8270E+01  5.0398E+01  2.7872E+01  5.3685E-01
  4.6000E+01  1.0000E+00  0.0000E+00  7.9700E+01  0.0000E+00  5.7424E+01  5.0051E-01  5.4616E-01  7.9700E+01  4.5721E+01  3.3979E+01  6.0271E-01
  4.6000E+01  2.0000E+00  0.0000E+00  4.3450E+01  0.0000E+00  5.5082E+01 -3.8753E-01 -2.9731E-01  4.3450E+01  3.9063E+01  4.3871E+00 -3.2780E-01
  4.6000E+01  4.0000E+00  0.0000E+00  4.6070E+01  0.0000E+00  5.0642E+01 -2.3295E-01 -1.2711E-01  4.6070E+01  3.1568E+01  1.4502E+01 -1.2409E-01
  4.6000E+01  8.0000E+00  0.0000E+00  8.2900E+01  0.0000E+00  4.2764E+01  1.2893E+00  1.3213E+00  8.2900E+01  2.4274E+01  5.8626E+01  1.5399E+00
  4.7000E+01  0.0000E+00  8.0000E+05  0.0000E+00  1.0000E+00  0.0000E+00  0.0000E+00  0.0000E+00  0.0000E+00  0.0000E+00  0.0000E+00  0.0000E+00
  4.7000E+01  0.0000E+00  0.0000E+00  0.0000E+00  0.0000E+00  0.0000E+00  0.0000E+00  0.0000E+00  0.0000E+00  0.0000E+00  0.0000E+00  0.0000E+00
  4.7000E+01  5.0000E-01  0.0000E+00  5.4280E+01  0.0000E+00  5.1655E+01  4.9573E-03  7.1552E-02  5.4280E+01  5.0398E+01  3.8824E+00  3.1923E-02
  4.7000E+01  1.0000E+00  0.0000E+00  1.3120E+01  0.0000E+00  4.8847E+01 -1.1137E+00 -1.0297E+00  1.3120E+01  4.5721E+01 -3.2601E+01 -1.0121E+00
  4.7000E+01  2.0000E+00  0.0000E+00  6.8020E+01  0.0000E+00  4.4062E+01  6.4276E-01  7.6552E-01  6.8020E+01  3.9063E+01  2.8957E+01  6.0868E-01
  4.7000E+01  4.0000E+00  0.0000E+00  5.8220E+01  0.0000E+00  3.6602E+01  6.3283E-01  8.3151E-01  5.8220E+01  3.1568E+01  2.6652E+01  5.4533E-01
  4.7000E+01  8.0000E+00  0.0000E+00  3.2920E+01  0.0000E+00  2.6035E+01  5.6329E-02  3.7233E-01  3.2920E+01  2.4274E+01  8.6459E+00  1.0016E-01
  4.8000E+01  0.0000E+00  8.0000E+05  0.0000E+00  1.0000E+00  0.0000E+00  0.0000E+00  0.0000E+00  0.0000E+00  0.0000E+00  0.0000E+00  0.0000E+00
  4.8000E+01  0.0000E+00  0.0000E+00  0.0000E+00  0.0000E+00  0.0000E+00  0.0000E+00  0.0000E+00  0.0000E+00  0.0000E+00  0.0000E+00  0.0000E+00
  4.8000E+01  5.0000E-01  0.0000E+00  3.6880E+01  0.0000E+00  4.7584E+01 -5.2059E-01 -3.1671E-01  3.6880E+01  5.0398E+01 -1.3518E+01 -4.0869E-01
  4.8000E+01  1.0000E+00  0.0000E+00  7.5550E+01  0.0000E+00  4.6052E+01  6.9187E-01  9.0180E-01  7.5550E+01  4.5721E+01  2.9829E+01  7.2818E-01
  4.8000E+01  2.0000E+00  0.0000E+00  4.8520E+01  0.0000E+00  4.1418E+01 -4.3804E-02  2.4140E-01  4.8520E+01  3.9063E+01  9.4571E+00  1.3113E-01
  4.8000E+01  4.0000E+00  0.0000E+00  4.8470E+01  0.0000E+00  3.0664E+01  2.8174E-01  8.1750E-01  4.8470E+01  3.1568E+01  1.6902E+01  3.3080E-01
  4.8000E+01  8.0000E+00  0.0000E+00  1.6480E+01  0.0000E+00  1.4742E+01 -7.8266E-01  1.6595E-01  1.6480E+01  2.4274E+01 -7.7941E+00 -4.2989E-01
  4.9000E+01  0.0000E+00  1.5000E+06  0.0000E+00  1.0000E+00  0.0000E+00  0.0000E+00  0.0000E+00  0.0000E+00  0.0000E+00  0.0000E+00  0.0000E+00
  4.9000E+01  0.0000E+00  0.0000E+00  0.0000E+00  0.0000E+00  0.0000E+00  0.0000E+00  0.0000E+00  0.0000E+00  0.0000E+00  0.0000E+00  0.0000E+00
  4.9000E+01  5.0000E-01  0.0000E+00  8.4140E+01  0.0000E+00  5.8428E+01  4.8860E-01  6.1954E-01  8.4140E+01  6.5998E+01  1.8142E+01  4.0099E-01
  4.9000E+01  1.0000E+00  0.0000E+00  5.6530E+01  0.0000E+00  4.8487E+01  2.3670E-02  2.3355E-01  5.6530E+01  5.9874E+01 -3.3436E+00 -1.6408E-02
  4.9000E+01  2.0000E+00  0.0000E+00  3.9120E+01  0.0000E+00  3.5337E+01 -2.1396E-01  1.5074E-01  3.9120E+01  5.1155E+01 -1.2035E+01 -1.7241E-01
  4.9000E+01  4.0000E+00  0.0000E+00  3.1620E+01  0.0000E+00  2.3310E+01 -9.9090E-02  5.0194E-01  3.1620E+01  4.1340E+01 -9.7203E+00 -1.1908E-01
  4.9000E+01  8.0000E+00  0.0000E+00  2.3630E+01  0.0000E+00  1.6762E+01 -1.5455E-01  5.7684E-01  2.3630E+01  3.1788E+01 -8.1583E+00 -1.3470E-01
  5.0000E+01  0.0000E+00  1.5000E+06  0.0000E+00  1.0000E+00  0.0000E+00  0.0000E+00  0.0000E+00  0.0000E+00  0.0000E+00  0.0000E+00  0.0000E+00
  5.0000E+01  0.0000E+00  0.0000E+00  0.0000E+00  0.0000E+00  0.0000E+00  0.0000E+00  0.0000E+00  0.0000E+00  0.0000E+00  0.0000E+00  0.0000E+00
  5.0000E+01  5.0000E-01  0.0000E+00  1.3535E+02  0.0000E+00  8.4944E+01  8.7349E-01  8.3545E-01  1.3535E+02  6.5998E+01  6.9352E+01  1.1130E+00
  5.0000E+01  1.0000E+00  0.0000E+00  1.8297E+02  0.0000E+00  9.0162E+01  1.5133E+00  1.4492E+00  1.8297E+02  5.9874E+01  1.2310E+02  2.0881E+00
  5.0000E+01  2.0000E+00  0.0000E+00  5.5430E+01  0.0000E+00  9.4078E+01 -4.8051E-01 -5.7837E-01  5.5430E+01  5.1155E+01  4.2750E+00 -5.7060E-01
  5.0000E+01  4.0000E+00  0.0000E+00  7.1500E+01  0.0000E+00  8.8997E+01 -1.6574E-01 -2.7680E-01  7.1500E+01  4.1340E+01  3.0160E+01 -1.3542E-01
  5.0000E+01  8.0000E+00  0.0000E+00  1.0810E+02  0.0000E+00  6.7599E+01  9.2234E-01  8.4352E-01  1.0810E+02  3.1788E+01  7.6312E+01  1.2517E+00
  5.1000E+01  0.0000E+00  1.5000E+06  0.0000E+00  1.0000E+00  0.0000E+00  0.0000E+00  0.0000E+00  0.0000E+00  0.0000E+00  0.0000E+00  0.0000E+00
  5.1000E+01  0.0000E+00  0.0000E+00  0.0000E+00  0.0000E+00  0.0000E+00  0.0000E+00  0.0000E+00  0.0000E+00  0.0000E+00  0.0000E+00  0.0000E+00
  5.1000E+01  5.0000E-01  0.0000E+00  6.1340E+01  0.0000E+00  7.1035E+01 -2.1429E-01 -1.9216E-01  6.1340E+01  6.5998E+01 -4.6584E+00 -2.0234E-01
  5.1000E+01  2.0000E+00  0.0000E+00  6.0580E+01  0.0000E+00  5.9650E+01 -1.2219E-01  2.1949E-02  6.0580E+01  5.1155E+01  9.4250E+00 -4.2153E-02
  5.1000E+01  4.0000E+00  0.0000E+00  5.8890E+01  0.0000E+00  5.1373E+01 -3.1344E-04  2.0600E-01  5.8890E+01  4.1340E+01  1.7550E+01  9.5699E-02
  5.1000E+01  8.0000E+00  0.0000E+00  7.5560E+01  0.0000E+00  4.1961E+01  9.5260E-01  1.1273E+00  7.5560E+01  3.1788E+01  4.3772E+01  9.0669E-01
  5.2000E+01  0.0000E+00  3.0000E+05  0.0000E+00  1.0000E+00  0.0000E+00  0.0000E+00  0.0000E+00  0.0000E+00  0.0000E+00  0.0000E+00  0.0000E+00
  5.2000E+01  0.0000E+00  0.0000E+00  0.0000E+00  0.0000E+00  0.0000E+00  0.0000E+00  0.0000E+00  0.0000E+00  0.0000E+00  0.0000E+00  0.0000E+00
  5.2000E+01  5.0000E-01  0.0000E+00  4.9570E+01  0.0000E+00  1.3128E+02  5.0974E-01 -8.7629E-01  4.9570E+01  3.8488E+01  1.1082E+01 -1.0060E-01
  5.2000E+01  1.0000E+00  0.0000E+00  1.3940E+01  0.0000E+00  1.5904E+02 -2.3631E-01 -1.2845E+00  1.3940E+01  3.4916E+01 -2.0976E+01 -1.6094E+00
  5.2000E+01  2.0000E+00  0.0000E+00  3.3956E+02  0.0000E+00  1.3586E+02  2.1568E+00  2.1110E+00  3.3956E+02  2.9832E+01  3.0973E+02  9.7472E+00
  5.2000E+01  4.0000E+00  0.0000E+00  1.5160E+01  0.0000E+00  5.6489E+01 -2.0521E+00 -1.0301E+00  1.5160E+01  2.4108E+01 -8.9482E+00 -1.8117E+00
  5.2000E+01  8.0000E+00  0.0000E+00  2.4800E+00  0.0000E+00  6.1168E+00 -1.2897E+00 -8.3707E-01  2.4800E+00  1.8538E+01 -1.6058E+01 -2.2453E+00
  5.3000E+01  0.0000E+00  3.0000E+05  0.0000E+00  1.0000E+00  0.0000E+00  0.0000E+00  0.0000E+00  0.0000E+00  0.0000E+00  0.0000E+00  0.0000E+00
  5.3000E+01  0.0000E+00  0.0000E+00  0.0000E+00  0.0000E+00  0.0000E+00  0.0000E+00  0.0000E+00  0.0000E+00  0.0000E+00  0.0000E+00  0.0000E+00
  5.3000E+01  5.0000E-01  0.0000E+00  2.7510E+01  0.0000E+00  3.2119E+01 -3.6778E-01 -2.0202E-01  2.7510E+01  3.8488E+01 -1.0978E+01 -3.0520E-01
  5.3000E+01  1.0000E+00  0.0000E+00  2.4070E+01  0.0000E+00  2.6342E+01 -3.4475E-01 -1.2143E-01  2.4070E+01  3.4916E+01 -1.0846E+01 -2.5920E-01
  5.3000E+01  2.0000E+00  0.0000E+00  3.0780E+01  0.0000E+00  1.8706E+01  5.7768E-01  9.0876E-01  3.0780E+01  2.9832E+01  9.4817E-01  2.1375E-01
  5.3000E+01  4.0000E+00  0.0000E+00  6.7200E+00  0.0000E+00  1.1737E+01 -1.0918E+00 -6.0183E-01  6.7200E+00  2.4108E+01 -1.7388E+01 -4.3038E-01
  5.3000E+01  8.0000E+00  0.0000E+00  1.2390E+01  0.0000E+00  7.9939E+00  1.8785E-01  7.7423E-01  1.2390E+01  1.8538E+01 -6.1478E+00 -6.2045E-02
  5.4000E+01  0.0000E+00  3.0000E+05  0.0000E+00  1.0000E+00  0.0000E+00  0.0000E+00  0.0000E+00  0.0000E+00  0.0000E+00  0.0000E+00  0.0000E+00
  5.4000E+01  0.0000E+00  0.0000E+00  0.0000E+00  0.0000E+00  0.0000E+00  0.0000E+00  0.0000E+00  0.0000E+00  0.0000E+00  0.0000E+00  0.0000E+00
  5.4000E+01  5.0000E-01  0.0000E+00  1.0359E+02  0.0000E+00  3.6207E+01  2.5948E+00  2.6202E+00  1.0359E+02  3.8488E+01  6.5102E+01  2.2869E+00
  5.4000E+01  1.0000E+00  0.0000E+00  3.2890E+01  0.0000E+00  2.8887E+01  8.1795E-02  1.9512E-01  3.2890E+01  3.4916E+01 -2.0262E+00 -4.4426E-02
  5.4000E+01  2.0000E+00  0.0000E+00  1.9000E+01  0.0000E+00  1.9336E+01 -3.2580E-01 -2.4466E-02  1.9000E+01  2.9832E+01 -1.0832E+01 -3.3696E-01
  5.4000E+01  4.0000E+00  0.0000E+00  1.3240E+01  0.0000E+00  1.1004E+01 -3.5886E-01  2.8612E-01  1.3240E+01  2.4108E+01 -1.0868E+01 -3.4776E-01
  5.4000E+01  8.0000E+00  0.0000E+00  9.3200E+00  0.0000E+00  7.4455E+00 -5.5305E-01  3.5446E-01  9.3200E+00  1.8538E+01 -9.2178E+00 -4.0455E-01
  5.5000E+01  0.0000E+00  8.0000E+05  0.0000E+00  1.0000E+00  0.0000E+00  0.0000E+00  0.0000E+00  0.0000E+00  0.0000E+00  0.0000E+00  0.0000E+00
  5.5000E+01  0.0000E+00  0.0000E+00  0.0000E+00  0.0000E+00  0.0000E+00  0.0000E+00  0.0000E+00  0.0000E+00  0.0000E+00  0.0000E+00  0.0000E+00
  5.5000E+01  5.0000E-01  0.0000E+00  3.1770E+01  0.0000E+00  4.6439E+01 -5.6147E-01 -4.4471E-01  3.1770E+01  5.0398E+01 -1.8628E+01 -5.1221E-01
  5.5000E+01  1.0000E+00  0.0000E+00  8.0990E+01  0.0000E+00  4.0012E+01  1.2504E+00  1.4419E+00  8.0990E+01  4.5721E+01  3.5269E+01  9.3126E-01
  5.5000E+01  2.0000E+00  0.0000E+00  5.5610E+01  0.0000E+00  3.1331E+01  7.6678E-01  1.0910E+00  5.5610E+01  3.9063E+01  1.6547E+01  4.0090E-01
  5.5000E+01  4.0000E+00  0.0000E+00  2.5940E+01  0.0000E+00  2.2851E+01 -2.9738E-01  1.9033E-01  2.5940E+01  3.1568E+01 -5.6282E+00 -2.1516E-01
  5.5000E+01  8.0000E+00  0.0000E+00  1.3110E+01  0.0000E+00  1.6987E+01 -8.5244E-01 -3.2130E-01  1.3110E+01  2.4274E+01 -1.1164E+01 -4.5485E-01
  5.6000E+01  0.0000E+00  8.0000E+05  0.0000E+00  1.0000E+00  0.0000E+00  0.0000E+00  0.0000E+00  0.0000E+00  0.0000E+00  0.0000E+00  0.0000E+00
  5.6000E+01  0.0000E+00  0.0000E+00  0.0000E+00  0.0000E+00  0.0000E+00  0.0000E+00  0.0000E+00  0.0000E+00  0.0000E+00  0.0000E+00  0.0000E+00
  5.6000E+01  5.0000E-01  0.0000E+00  4.6710E+01  0.0000E+00  4.4579E+01  1.7961E-02  6.7302E-02  4.6710E+01  5.0398E+01 -3.6876E+00 -3.4236E-02
  5.6000E+01  1.0000E+00  0.0000E+00  4.6190E+01  0.0000E+00  3.4644E+01  3.4285E-01  4.6920E-01  4.6190E+01  4.5721E+01  4.6942E-01  1.1288E-01
  5.6000E+01  2.0000E+00  0.0000E+00  5.1680E+01  0.0000E+00  2.1697E+01  1.6494E+00  1.9456E+00  5.1680E+01  3.9063E+01  1.2617E+01  4.7998E-01
  5.6000E+01  4.0000E+00  0.0000E+00  1.1530E+01  0.0000E+00  1.0446E+01 -4.6109E-01  1.4608E-01  1.1530E+01  3.1568E+01 -2.0038E+01 -4.0245E-01
  5.6000E+01  8.0000E+00  0.0000E+00  1.9600E+00  0.0000E+00  5.7661E+00 -1.7659E+00 -9.2932E-01  1.9600E+00  2.4274E+01 -2.2314E+01 -6.2870E-01
  5.7000E+01  0.0000E+00  8.0000E+05  0.0000E+00  1.0000E+00  0.0000E+00  0.0000E+00  0.0000E+00  0.0000E+00  0.0000E+00  0.0000E+00  0.0000E+00
  5.7000E+01  0.0000E+00  0.0000E+00  0.0000E+00  0.0000E+00  0.0000E+00  0.0000E+00  0.0000E+00  0.0000E+00  0.0000E+00  0.0000E+00  0.0000E+00
  5.7000E+01  5.0000E-01  0.0000E+00  4.0780E+01  0.0000E+00  4.0887E+01 -1.6206E-01 -3.6829E-03  4.0780E+01  5.0398E+01 -9.6176E+00 -1.5912E-01
  5.7000E+01  2.0000E+00  0.0000E+00  3.0770E+01  0.0000E+00  1.9834E+01  3.8745E-01  7.7631E-01  3.0770E+01  3.9063E+01 -8.2929E+00 -5.8346E-03
  5.7000E+01  4.0000E+00  0.0000E+00  1.5530E+01  0.0000E+00  9.4504E+00  2.0089E-01  9.0572E-01  1.5530E+01  3.1568E+01 -1.6038E+01 -1.9264E-01
  5.7000E+01  8.0000E+00  0.0000E+00  2.6800E+00  0.0000E+00  5.0547E+00 -1.6450E+00 -6.6142E-01  2.6800E+00  2.4274E+01 -2.1594E+01 -5.0145E-01
  5.8000E+01  0.0000E+00  1.5000E+06  0.0000E+00  1.0000E+00  0.0000E+00  0.0000E+00  0.0000E+00  0.0000E+00  0.0000E+00  0.0000E+00  0.0000E+00
  5.8000E+01  0.0000E+00  0.0000E+00  0.0000E+00  0.0000E+00  0.0000E+00  0.0000E+00  0.0000E+00  0.0000E+00  0.0000E+00  0.0000E+00  0.0000E+00
  5.8000E+01  5.0000E-01  0.0000E+00  3.6030E+01  0.0000E+00  6.2513E+01 -6.9113E-01 -5.9643E-01  3.6030E+01  6.5998E+01 -2.9968E+01 -6.3082E-01
  5.8000E+01  1.0000E+00  0.0000E+00  8.2800E+01  0.0000E+00  5.4843E+01  5.5790E-01  7.1768E-01  8.2800E+01  5.9874E+01  2.2926E+01  4.4200E-01
  5.8000E+01  2.0000E+00  0.0000E+00  7.7570E+01  0.0000E+00  4.4338E+01  7.8129E-01  1.0552E+00  7.7570E+01  5.1155E+01  2.6415E+01  4.9443E-01
  5.8000E+01  4.0000E+00  0.0000E+00  2.7970E+01  0.0000E+00  3.3650E+01 -6.5010E-01 -2.3765E-01  2.7970E+01  4.1340E+01 -1.3370E+01 -3.5129E-01
  5.8000E+01  8.0000E+00  0.0000E+00  3.5900E+01  0.0000E+00  2.5349E+01  1.3238E-01  5.8603E-01  3.5900E+01  3.1788E+01  4.1117E+00  5.5345E-02
  5.9000E+01  0.0000E+00  1.5000E+06  0.0000E+00  1.0000E+00  0.0000E+00  0.0000E+00  0.0000E+00  0.0000E+00  0.0000E+00  0.0000E+00  0.0000E+00
  5.9000E+01  0.0000E+00  0.0000E+00  0.0000E+00  0.0000E+00  0.0000E+00  0.0000E+00  0.0000E+00  0.0000E+00  0.0000E+00  0.0000E+00  0.0000E+00
  5.9000E+01  5.0000E-01  0.0000E+00  4.2590E+01  0.0000E+00  1.7462E+02  1.2237E-01 -1.0645E+00  4.2590E+01  6.5998E+01 -2.3408E+01 -7.7148E-01
  5.9000E+01  1.0000E+00  0.0000E+00  4.7080E+01  0.0000E+00  2.0568E+02 -2.0962E-01 -1.0856E+00  4.7080E+01  5.9874E+01 -1.2794E+01 -7.9431E-01
  5.9000E+01  2.0000E+00  0.0000E+00  4.2174E+02  0.0000E+00  1.7354E+02  1.9375E+00  2.0135E+00  4.2174E+02  5.1155E+01  3.7058E+02  6.9003E+00
  5.9000E+01  4.0000E+00  0.0000E+00  1.5740E+01  0.0000E+00  7.2110E+01 -2.1565E+00 -1.1006E+00  1.5740E+01  4.1340E+01 -2.5600E+01 -1.4676E+00
  5.9000E+01  8.0000E+00  0.0000E+00  1.7100E+00  0.0000E+00  7.8419E+00 -1.4210E+00 -1.1009E+00  1.7100E+00  3.1788E+01 -3.0078E+01 -1.7345E+00
  6.0000E+01  0.0000E+00  1.5000E+06  0.0000E+00  1.0000E+00  0.0000E+00  0.0000E+00  0.0000E+00  0.0000E+00  0.0000E+00  0.0000E+00  0.0000E+00
  6.0000E+01  0.0000E+00  0.0000E+00  0.0000E+00  0.0000E+00  0.0000E+00  0.0000E+00  0.0000E+00  0.0000E+00  0.0000E+00  0.0000E+00  0.0000E+00
  6.0000E+01  5.0000E-01  0.0000E+00  8.6410E+01  0.0000E+00  6.9482E+01  3.0915E-01  3.4302E-01  8.6410E+01  6.5998E+01  2.0412E+01  4.0301E-01
  6.0000E+01  1.0000E+00  0.0000E+00  4.2610E+01  0.0000E+00  7.2155E+01 -6.2185E-01 -5.7648E-01  4.2610E+01  5.9874E+01 -1.7264E+01 -3.8967E-01
  6.0000E+01  2.0000E+00  0.0000E+00  1.2697E+02  0.0000E+00  6.3851E+01  1.0841E+00  1.3918E+00  1.2697E+02  5.1155E+01  7.5815E+01  1.5225E+00
  6.0000E+01  4.0000E+00  0.0000E+00  1.7930E+01  0.0000E+00  3.5888E+01 -1.5768E+00 -7.0450E-01  1.7930E+01  4.1340E+01 -2.3410E+01 -5.6139E-01
  6.0000E+01  8.0000E+00  0.0000E+00  9.4500E+00  0.0000E+00  7.1723E+00 -5.7829E-01  4.4710E-01  9.4500E+00  3.1788E+01 -2.2338E+01 -6.6753E-01
  6.1000E+01  0.0000E+00  3.0000E+05  0.0000E+00  1.0000E+00  0.0000E+00  0.0000E+00  0.0000E+00  0.0000E+00  0.0000E+00  0.0000E+00  0.0000E+00
  6.1000E+01  6.4850E+02  0.0000E+00  1.4589E+02  0.0000E+00  6.2328E+01  1.8742E+00  1.8875E+00  1.4589E+02  4.9414E+01  9.6476E+01  2.0855E+00
  6.1000E+01  6.4900E+02  0.0000E+00  7.6000E+01  0.0000E+00  5.5541E+01  4.5913E-01  5.1861E-01  7.6000E+01  4.5562E+01  3.0438E+01  4.9869E-01
  6.1000E+01  6.5000E+02  0.0000E+00  4.3800E+01  0.0000E+00  4.6529E+01 -2.1631E-01 -8.2586E-02  4.3800E+01  3.9937E+01  3.8628E+00 -1.7447E-01
  6.1000E+01  6.5200E+02  0.0000E+00  2.3990E+01  0.0000E+00  3.8168E+01 -7.3362E-01 -5.2299E-01  2.3990E+01  3.3214E+01 -9.2243E+00 -5.8360E-01
  6.1000E+01  6.5600E+02  0.0000E+00  3.9490E+01  0.0000E+00  3.3260E+01  4.5612E-02  2.6373E-01  3.9490E+01  2.5932E+01  1.3558E+01  4.7667E-02
  6.2000E+01  0.0000E+00  3.0000E+05  0.0000E+00  1.0000E+00  0.0000E+00  0.0000E+00  0.0000E+00  0.0000E+00  0.0000E+00  0.0000E+00  0.0000E+00
  6.2000E+01  6.4850E+02  0.0000E+00  5.1150E+01  0.0000E+00  3.5329E+01  3.1989E-01  6.3049E-01  5.1150E+01  4.9414E+01  1.7359E+00  1.6080E-01
  6.2000E+01  6.4900E+02  0.0000E+00  3.5010E+01  0.0000E+00  2.9805E+01 -1.2218E-01  2.4587E-01  3.5010E+01  4.5562E+01 -1.0552E+01 -1.2733E-01
  6.2000E+01  6.5000E+02  0.0000E+00  1.9830E+01  0.0000E+00  2.2391E+01 -6.3198E-01 -1.6105E-01  1.9830E+01  3.9937E+01 -2.0107E+01 -3.7077E-01
  6.2000E+01  6.5200E+02  0.0000E+00  1.3470E+01  0.0000E+00  1.5294E+01 -7.7754E-01 -1.6792E-01  1.3470E+01  3.3214E+01 -1.9744E+01 -3.7458E-01
  6.2000E+01  6.5600E+02  0.0000E+00  1.7880E+01  0.0000E+00  1.0728E+01  2.5132E-01  9.3865E-01  1.7880E+01  2.5932E+01 -8.0521E+00 -4.8317E-02
  6.3000E+01  0.0000E+00  3.0000E+05  0.0000E+00  1.0000E+00  0.0000E+00  0.0000E+00  0.0000E+00  0.0000E+00  0.0000E+00  0.0000E+00  0.0000E+00
  6.3000E+01  6.4850E+02  0.0000E+00  1.4626E+02  0.0000E+00  7.6104E+01  1.4865E+00  1.2979E+00  1.4626E+02  4.9414E+01  9.6846E+01  2.0161E+00
  6.3000E+01  6.4900E+02  0.0000E+00  1.2381E+02  0.0000E+00  6.9752E+01  1.2627E+00  1.0911E+00  1.2381E+02  4.5562E+01  7.8248E+01  1.6654E+00
  6.3000E+01  6.5000E+02  0.0000E+00  9.0630E+01  0.0000E+00  6.1243E+01  8.2479E-01  6.7556E-01  9.0630E+01  3.9937E+01  5.0693E+01  1.0261E+00
  6.3000E+01  6.5200E+02  0.0000E+00  1.6710E+01  0.0000E+00  5.3110E+01 -8.2853E-01 -9.6492E-01  1.6710E+01  3.3214E+01 -1.6504E+01 -9.3868E-01
  6.3000E+01  6.5600E+02  0.0000E+00  7.8900E+00  0.0000E+00  4.7728E+01 -1.0173E+00 -1.1751E+00  7.8900E+00  2.5932E+01 -1.8042E+01 -1.2467E+00
  6.4000E+01  0.0000E+00  8.0000E+05  0.0000E+00  1.0000E+00  0.0000E+00  0.0000E+00  0.0000E+00  0.0000E+00  0.0000E+00  0.0000E+00  0.0000E+00
  6.4000E+01  6.4850E+02  0.0000E+00  1.2051E+02  0.0000E+00  1.0910E+02  2.7668E-01  1.4724E-01  1.2051E+02  6.4705E+01  5.5805E+01  4.4877E-01
  6.4000E+01  6.4900E+02  0.0000E+00  1.8588E+02  0.0000E+00  1.0443E+02  1.2240E+00  1.0981E+00  1.8588E+02  5.9660E+01  1.2622E+02  1.8590E+00
  6.4000E+01  6.5000E+02  0.0000E+00  3.2050E+01  0.0000E+00  9.7592E+01 -8.2574E-01 -9.4552E-01  3.2050E+01  5.2295E+01 -2.0245E+01 -1.2045E+00
  6.4000E+01  6.5200E+02  0.0000E+00  1.0842E+02  0.0000E+00  8.9287E+01  4.1195E-01  3.0170E-01  1.0842E+02  4.3492E+01  6.4928E+01  6.3668E-01
  6.4000E+01  6.5600E+02  0.0000E+00  1.3920E+02  0.0000E+00  7.9618E+01  1.1480E+00  1.0536E+00  1.3920E+02  3.3956E+01  1.0524E+02  1.8575E+00
  6.5000E+01  0.0000E+00  8.0000E+05  0.0000E+00  1.0000E+00  0.0000E+00  0.0000E+00  0.0000E+00  0.0000E+00  0.0000E+00  0.0000E+00  0.0000E+00
  6.5000E+01  6.4850E+02  0.0000E+00  7.7650E+01  0.0000E+00  7.1345E+01  7.1005E-02  1.2443E-01  7.7650E+01  6.4705E+01  1.2945E+01  9.8856E-02
  6.5000E+01  6.4900E+02  0.0000E+00  4.5050E+01  0.0000E+00  6.7841E+01 -5.2439E-01 -4.7298E-01  4.5050E+01  5.9660E+01 -1.4610E+01 -4.7225E-01
  6.5000E+01  6.5000E+02  0.0000E+00  4.5490E+01  0.0000E+00  6.2210E+01 -4.3400E-01 -3.7840E-01  4.5490E+01  5.2295E+01 -6.8052E+00 -3.6258E-01
  6.5000E+01  6.5200E+02  0.0000E+00  8.0010E+01  0.0000E+00  5.4087E+01  5.9413E-01  6.7479E-01  8.0010E+01  4.3492E+01  3.6518E+01  5.9968E-01
  6.5000E+01  6.5600E+02  0.0000E+00  7.9040E+01  0.0000E+00  4.2857E+01  1.0392E+00  1.1886E+00  7.9040E+01  3.3956E+01  4.5084E+01  9.6588E-01
  6.6000E+01  0.0000E+00  8.0000E+05  0.0000E+00  1.0000E+00  0.0000E+00  0.0000E+00  0.0000E+00  0.0000E+00  0.0000E+00  0.0000E+00  0.0000E+00
  6.6000E+01  6.4850E+02  0.0000E+00  1.1616E+02  0.0000E+00  6.8228E+01  8.7368E-01  9.8909E-01  1.1616E+02  6.4705E+01  5.1455E+01  7.8343E-01
  6.6000E+01  6.4900E+02  0.0000E+00  8.3740E+01  0.0000E+00  6.5297E+01  2.8068E-01  3.9765E-01  8.3740E+01  5.9660E+01  2.4080E+01  2.5776E-01
  6.6000E+01  6.5000E+02  0.0000E+00  8.9320E+01  0.0000E+00  6.0257E+01  5.5039E-01  6.7905E-01  8.9320E+01  5.2295E+01  3.7025E+01  5.2688E-01
  6.6000E+01  6.5200E+02  0.0000E+00  8.4270E+01  0.0000E+00  5.2214E+01  6.9770E-01  8.6434E-01  8.4270E+01  4.3492E+01  4.0778E+01  6.4548E-01
  6.6000E+01  6.5600E+02  0.0000E+00  1.4300E+01  0.0000E+00  4.0174E+01 -1.1535E+00 -9.0674E-01  1.4300E+01  3.3956E+01 -1.9656E+01 -9.0063E-01
  6.7000E+01  0.0000E+00  1.5000E+06  0.0000E+00  1.0000E+00  0.0000E+00  0.0000E+00  0.0000E+00  0.0000E+00  0.0000E+00  0.0000E+00  0.0000E+00
  6.7000E+01  6.4850E+02  0.0000E+00  5.2270E+01  0.0000E+00  9.4479E+01 -4.6336E-01 -6.2898E-01  5.2270E+01  8.4734E+01 -3.2464E+01 -4.4471E-01
  6.7000E+01  6.4900E+02  0.0000E+00  5.2440E+01  0.0000E+00  8.8186E+01 -3.7865E-01 -5.7068E-01  5.2440E+01  7.8128E+01 -2.5688E+01 -3.5517E-01
  6.7000E+01  6.5000E+02  0.0000E+00  3.1880E+01  0.0000E+00  7.8925E+01 -6.0551E-01 -8.3920E-01  3.1880E+01  6.8483E+01 -3.6603E+01 -5.4271E-01
  6.7000E+01  6.5200E+02  0.0000E+00  1.6970E+01  0.0000E+00  6.7627E+01 -7.7347E-01 -1.0546E+00  1.6970E+01  5.6955E+01 -3.9985E+01 -6.4658E-01
  6.7000E+01  6.5600E+02  0.0000E+00  1.1908E+02  0.0000E+00  5.4829E+01  1.9585E+00  1.6498E+00  1.1908E+02  4.4468E+01  7.4612E+01  1.6448E+00
  6.8000E+01  0.0000E+00  1.5000E+06  0.0000E+00  1.0000E+00  0.0000E+00  0.0000E+00  0.0000E+00  0.0000E+00  0.0000E+00  0.0000E+00  0.0000E+00
  6.8000E+01  6.4850E+02  0.0000E+00  1.9869E+02  0.0000E+00  9.3625E+01  1.5153E+00  1.5799E+00  1.9869E+02  8.4734E+01  1.1396E+02  1.4825E+00
  6.8000E+01  6.4900E+02  0.0000E+00  9.8040E+01  0.0000E+00  8.3274E+01  1.3799E-01  2.4964E-01  9.8040E+01  7.8128E+01  1.9912E+01  1.3860E-01
  6.8000E+01  6.5000E+02  0.0000E+00  4.2910E+01  0.0000E+00  6.9365E+01 -7.2433E-01 -5.3695E-01  4.2910E+01  6.8483E+01 -2.5573E+01 -5.7756E-01
  6.8000E+01  6.5200E+02  0.0000E+00  9.0750E+01  0.0000E+00  5.5960E+01  6.0776E-01  8.7527E-01  9.0750E+01  5.6955E+01  3.3795E+01  4.3345E-01
  6.8000E+01  6.5600E+02  0.0000E+00  3.6010E+01  0.0000E+00  4.6917E+01 -6.0849E-01 -3.2729E-01  3.6010E+01  4.4468E+01 -8.4579E+00 -4.2557E-01
  6.9000E+01  0.0000E+00  1.5000E+06  0.0000E+00  1.0000E+00  0.0000E+00  0.0000E+00  0.0000E+00  0.0000E+00  0.0000E+00  0.0000E+00  0.0000E+00
  6.9000E+01  6.4850E+02  0.0000E+00  9.0160E+01  0.0000E+00  1.1491E+02 -1.5846E-01 -3.0323E-01  9.0160E+01  8.4734E+01  5.4258E+00 -1.7771E-01
  6.9000E+01  6.4900E+02  0.0000E+00  6.9290E+01  0.0000E+00  1.1128E+02 -3.6038E-01 -5.3122E-01  6.9290E+01  7.8128E+01 -8.8380E+00 -4.2826E-01
  6.9000E+01  6.5000E+02  0.0000E+00  1.0651E+02  0.0000E+00  1.0511E+02  2.2270E-01  1.8764E-02  1.0651E+02  6.8483E+01  3.8027E+01  2.8550E-01
  6.9000E+01  6.5200E+02  0.0000E+00  4.1830E+01  0.0000E+00  9.5328E+01 -5.6375E-01 -7.9010E-01  4.1830E+01  5.6955E+01 -1.5125E+01 -6.5996E-01
  6.9000E+01  6.5600E+02  0.0000E+00  1.7757E+02  0.0000E+00  8.0153E+01  1.9215E+00  1.7111E+00  1.7757E+02  4.4468E+01  1.3310E+02  2.3601E+00
  7.0000E+01  0.0000E+00  3.0000E+05  0.0000E+00  1.0000E+00  0.0000E+00  0.0000E+00  0.0000E+00  0.0000E+00  0.0000E+00  0.0000E+00  0.0000E+00
  7.0000E+01  6.4850E+02  0.0000E+00  4.8230E+01  0.0000E+00  2.8937E+01  3.8913E-01  9.3864E-01  4.8230E+01  4.9414E+01 -1.1841E+00  1.2844E-01
  7.0000E+01  6.4900E+02  0.0000E+00  4.4410E+01  0.0000E+00  2.3564E+01  6.3574E-01  1.2455E+00  4.4410E+01  4.5562E+01 -1.1515E+00  1.6840E-01
  7.0000E+01  6.5000E+02  0.0000E+00  1.5100E+01  0.0000E+00  1.6438E+01 -8.3979E-01 -1.1463E-01  1.5100E+01  3.9937E+01 -2.4837E+01 -4.4640E-01
  7.0000E+01  6.5200E+02  0.0000E+00  1.2460E+01  0.0000E+00  9.8743E+00 -5.2543E-01  3.6868E-01  1.2460E+01  3.3214E+01 -2.0754E+01 -3.3862E-01
  7.0000E+01  6.5600E+02  0.0000E+00  3.7700E+00  0.0000E+00  6.2306E+00 -1.5130E+00 -5.5600E-01  3.7700E+00  2.5932E+01 -2.2162E+01 -4.8467E-01
  7.1000E+01  0.0000E+00  3.0000E+05  0.0000E+00  1.0000E+00  0.0000E+00  0.0000E+00  0.0000E+00  0.0000E+00  0.0000E+00  0.0000E+00  0.0000E+00
  7.1000E+01  6.4850E+02  0.0000E+00  4.7400E+00  0.0000E+00  5.1136E+01 -1.0372E+00 -1.2774E+00  4.7400E+00  4.9414E+01 -4.4674E+01 -1.0214E+00
  7.1000E+01  6.4900E+02  0.0000E+00  2.5070E+01  0.0000E+00  5.5619E+01 -3.5419E-01 -7.7329E-01  2.5070E+01  4.5562E+01 -2.0492E+01 -4.9906E-01
  7.1000E+01  6.5000E+02  0.0000E+00  2.1560E+01  0.0000E+00  5.7349E+01 -3.5473E-01 -8.7860E-01  2.1560E+01  3.9937E+01 -1.8377E+01 -5.4112E-01
  7.1000E+01  6.5200E+02  0.0000E+00  1.0875E+02  0.0000E+00  4.8193E+01  2.1479E+00  1.7691E+00  1.0875E+02  3.3214E+01  7.5536E+01  2.2582E+00
  7.1000E+01  6.5600E+02  0.0000E+00  7.8300E+00  0.0000E+00  2.5645E+01 -1.0898E+00 -9.7803E-01  7.8300E+00  2.5932E+01 -1.8102E+01 -6.2517E-01
  7.2000E+01  0.0000E+00  3.0000E+05  0.0000E+00  1.0000E+00  0.0000E+00  0.0000E+00  0.0000E+00  0.0000E+00  0.0000E+00  0.0000E+00  0.0000E+00
  7.2000E+01  6.4850E+02  0.0000E+00  4.0010E+01  0.0000E+00  3.6101E+01 -1.5925E-01  1.5246E-01  4.0010E+01  4.9414E+01 -9.4041E+00 -1.3500E-01
  7.2000E+01  6.4900E+02  0.0000E+00  3.8130E+01  0.0000E+00  3.1895E+01 -6.6623E-02  2.7522E-01  3.8130E+01  4.5562E+01 -7.4315E+00 -8.0469E-02
  7.2000E+01  6.5000E+02  0.0000E+00  1.8120E+01  0.0000E+00  2.5872E+01 -8.2268E-01 -4.2184E-01  1.8120E+01  3.9937E+01 -2.1817E+01 -4.7656E-01
  7.2000E+01  6.5200E+02  0.0000E+00  3.1290E+01  0.0000E+00  1.9053E+01  3.9314E-01  9.0428E-01  3.1290E+01  3.3214E+01 -1.9243E+00  9.8712E-02
  7.2000E+01  6.5600E+02  0.0000E+00  0.0000E+00  1.0000E+00  1.2641E+01  0.0000E+00 -1.4079E+00  0.0000E+00  2.5932E+01  0.0000E+00  0.0000E+00
  7.3000E+01  0.0000E+00  8.0000E+05  0.0000E+00  1.0000E+00  0.0000E+00  0.0000E+00  0.0000E+00  0.0000E+00  0.0000E+00  0.0000E+00  0.0000E+00
  7.3000E+01  6.4850E+02  0.0000E+00  3.0150E+01  0.0000E+00  1.2950E+02 -4.2430E-01 -1.0801E+00  3.0150E+01  6.4705E+01 -3.4555E+01 -1.0261E+00
  7.3000E+01  6.4900E+02  0.0000E+00  2.0340E+01  0.0000E+00  1.3195E+02 -4.7705E-01 -1.1909E+00  2.0340E+01  5.9660E+01 -3.9320E+01 -1.2140E+00
  7.3000E+01  6.5000E+02  0.0000E+00  2.7190E+01  0.0000E+00  1.3342E+02 -3.3312E-01 -1.1210E+00  2.7190E+01  5.2295E+01 -2.5105E+01 -1.0273E+00
  7.3000E+01  6.5200E+02  0.0000E+00  2.9340E+01  0.0000E+00  1.2932E+02 -2.3392E-01 -1.0885E+00  2.9340E+01  4.3492E+01 -1.4152E+01 -8.9959E-01
  7.3000E+01  6.5600E+02  0.0000E+00  2.7043E+02  0.0000E+00  1.1394E+02  2.8282E+00  1.9336E+00  2.7043E+02  3.3956E+01  2.3647E+02  5.8909E+00
  7.4000E+01  0.0000E+00  8.0000E+05  0.0000E+00  1.0000E+00  0.0000E+00  0.0000E+00  0.0000E+00  0.0000E+00  0.0000E+00  0.0000E+00  0.0000E+00
  7.4000E+01  6.4850E+02  0.0000E+00  4.4480E+01  0.0000E+00  5.2585E+01 -3.2729E-01 -2.1701E-01  4.4480E+01  6.4705E+01 -2.0225E+01 -2.9978E-01
  7.4000E+01  6.4900E+02  0.0000E+00  3.2670E+01  0.0000E+00  5.1611E+01 -5.5489E-01 -5.1669E-01  3.2670E+01  5.9660E+01 -2.6990E+01 -4.6878E-01
  7.4000E+01  6.5000E+02  0.0000E+00  3.5680E+01  0.0000E+00  4.7752E+01 -3.6581E-01 -3.5591E-01  3.5680E+01  5.2295E+01 -1.6615E+01 -2.9538E-01
  7.4000E+01  6.5200E+02  0.0000E+00  7.8190E+01  0.0000E+00  3.7512E+01  1.3574E+00  1.5267E+00  7.8190E+01  4.3492E+01  3.4698E+01  8.7247E-01
  7.4000E+01  6.5600E+02  0.0000E+00  1.9850E+01  0.0000E+00  2.0503E+01 -7.1342E-01 -4.4867E-02  1.9850E+01  3.3956E+01 -1.4106E+01 -2.8581E-01
  7.5000E+01  0.0000E+00  8.0000E+05  0.0000E+00  1.0000E+00  0.0000E+00  0.0000E+00  0.0000E+00  0.0000E+00  0.0000E+00  0.0000E+00  0.0000E+00
  7.5000E+01  6.4850E+02  0.0000E+00  3.7640E+01  0.0000E+00  4.6305E+01 -4.9991E-01 -2.6346E-01  3.7640E+01  6.4705E+01 -2.7065E+01 -3.3895E-01
  7.5000E+01  6.4900E+02  0.0000E+00  2.4660E+01  0.0000E+00  3.9744E+01 -8.1777E-01 -5.3434E-01  2.4660E+01  5.9660E+01 -3.5000E+01 -5.0586E-01
  7.5000E+01  6.5000E+02  0.0000E+00  3.5940E+01  0.0000E+00  3.0768E+01 -1.2985E-01  2.3666E-01  3.5940E+01  5.2295E+01 -1.6355E+01 -1.2275E-01
  7.5000E+01  6.5200E+02  0.0000E+00  2.2230E+01  0.0000E+00  2.1691E+01 -4.3857E-01  3.4971E-02  2.2230E+01  4.3492E+01 -2.1262E+01 -2.3570E-01
  7.5000E+01  6.5600E+02  0.0000E+00  2.6360E+01  0.0000E+00  1.4884E+01  5.6665E-01  1.0856E+00  2.6360E+01  3.3956E+01 -7.5965E+00  9.9034E-02
  7.6000E+01  0.0000E+00  1.5000E+06  0.0000E+00  1.0000E+00  0.0000E+00  0.0000E+00  0.0000E+00  0.0000E+00  0.0000E+00  0.0000E+00  0.0000E+00
  7.6000E+01  6.4850E+02  0.0000E+00  9.5200E+01  0.0000E+00  4.8109E+01  8.4390E-01  1.3781E+00  9.5200E+01  8.4734E+01  1.0466E+01  3.3637E-01
  7.6000E+01  6.4900E+02  0.0000E+00  3.6960E+01  0.0000E+00  3.9315E+01 -6.6953E-01 -8.4346E-02  3.6960E+01  7.8128E+01 -4.1168E+01 -4.0647E-01
  7.6000E+01  6.5000E+02  0.0000E+00  3.4510E+01  0.0000E+00  2.7595E+01 -3.2691E-01  3.5283E-01  3.4510E+01  6.8483E+01 -3.3973E+01 -2.7540E-01
  7.6000E+01  6.5200E+02  0.0000E+00  2.3330E+01  0.0000E+00  1.6627E+01 -2.3979E-01  5.6762E-01  2.3330E+01  5.6955E+01 -3.3625E+01 -2.6995E-01
  7.6000E+01  6.5600E+02  0.0000E+00  2.9500E+00  0.0000E+00  1.0196E+01 -1.8195E+00 -1.0006E+00  2.9500E+00  4.4468E+01 -4.1518E+01 -5.1652E-01
  7.7000E+01  0.0000E+00  1.5000E+06  0.0000E+00  1.0000E+00  0.0000E+00  0.0000E+00  0.0000E+00  0.0000E+00  0.0000E+00  0.0000E+00  0.0000E+00
  7.7000E+01  6.4850E+02  0.0000E+00  5.6520E+01  0.0000E+00  8.2945E+01 -2.0995E-01 -4.4853E-01  5.6520E+01  8.4734E+01 -2.8214E+01 -3.6796E-01
  7.7000E+01  6.4900E+02  0.0000E+00  2.6100E+01  0.0000E+00  9.0415E+01 -6.5063E-01 -1.0015E+00  2.6100E+01  7.8128E+01 -5.2028E+01 -7.7567E-01
  7.7000E+01  6.5000E+02  0.0000E+00  1.9064E+02  0.0000E+00  8.9508E+01  1.8979E+00  1.5907E+00  1.9064E+02  6.8483E+01  1.2216E+02  2.0015E+00
  7.7000E+01  6.5200E+02  0.0000E+00  1.5290E+01  0.0000E+00  6.4856E+01 -1.1581E+00 -1.0760E+00  1.5290E+01  5.6955E+01 -4.1665E+01 -7.5162E-01
  7.7000E+01  6.5600E+02  0.0000E+00  3.0470E+01  0.0000E+00  2.3214E+01 -3.6810E-01  4.4003E-01  3.0470E+01  4.4468E+01 -1.3998E+01 -2.6826E-01
  7.8000E+01  0.0000E+00  1.5000E+06  0.0000E+00  1.0000E+00  0.0000E+00  0.0000E+00  0.0000E+00  0.0000E+00  0.0000E+00  0.0000E+00  0.0000E+00
  7.8000E+01  6.4850E+02  0.0000E+00  3.3560E+01  0.0000E+00  6.2777E+01 -7.7702E-01 -6.5525E-01  3.3560E+01  8.4734E+01 -5.1174E+01 -6.0212E-01
  7.8000E+01  6.4900E+02  0.0000E+00  4.7270E+01  0.0000E+00  6.2627E+01 -4.2493E-01 -3.4524E-01  4.7270E+01  7.8128E+01 -3.0858E+01 -3.3813E-01
  7.8000E+01  6.5000E+02  0.0000E+00  7.8640E+01  0.0000E+00  5.6174E+01  3.6325E-01  5.6306E-01  7.8640E+01  6.8483E+01  1.0157E+01  2.9517E-01
  7.8000E+01  6.5200E+02  0.0000E+00  6.9680E+01  0.0000E+00  3.6903E+01  5.5963E-01  1.2505E+00  6.9680E+01  5.6955E+01  1.2725E+01  3.6568E-01
  7.8000E+01  6.5600E+02  0.0000E+00  1.0970E+01  0.0000E+00  1.1836E+01 -1.4092E+00 -1.0301E-01  1.0970E+01  4.4468E+01 -3.3498E+01 -5.0833E-01
