TABLE NO.  1
 ID          TIME        AMT         DV          MDV         IPRED       CWRES       IWRES       DV          PRED        RES         WRES
  1.0000E+00  0.0000E+00  1.0000E+04  0.0000E+00  1.0000E+00  5.5177E+03  0.0000E+00 -8.6151E-01  0.0000E+00  5.5177E+03  0.0000E+00  0.0000E+00
  1.0000E+00  0.0000E+00  0.0000E+00  0.0000E+00  0.0000E+00  5.5177E+03 -8.6151E-01 -8.6151E-01  0.0000E+00  5.5177E+03 -5.5177E+03 -8.6151E-01
  1.0000E+00  3.3000E-02  0.0000E+00  7.3336E+03  0.0000E+00  3.3280E+03  1.0369E+00  1.0369E+00  7.3336E+03  3.3280E+03  4.0056E+03  1.0369E+00
  1.0000E+00  8.3000E-02  0.0000E+00  1.1915E+03  0.0000E+00  1.6139E+03 -2.2550E-01 -2.2550E-01  1.1915E+03  1.6139E+03 -4.2245E+02 -2.2550E-01
  1.0000E+00  2.5000E-01  0.0000E+00  8.7932E+02  0.0000E+00  3.2115E+02  1.4973E+00  1.4973E+00  8.7932E+02  3.2115E+02  5.5817E+02  1.4973E+00
  1.0000E+00  5.0000E-01  0.0000E+00  1.2562E+03  0.0000E+00  1.8908E+02  4.8624E+00  4.8624E+00  1.2562E+03  1.8908E+02  1.0671E+03  4.8624E+00
  1.0000E+00  7.0000E-01  0.0000E+00  2.3189E+02  0.0000E+00  1.5733E+02  4.0829E-01  4.0829E-01  2.3189E+02  1.5733E+02  7.4560E+01  4.0829E-01
  1.0000E+00  1.0000E+00  0.0000E+00  3.0794E+02  0.0000E+00  1.2070E+02  1.3364E+00  1.3364E+00  3.0794E+02  1.2070E+02  1.8724E+02  1.3364E+00
  1.0000E+00  2.0000E+00  0.0000E+00  8.9700E-01  0.0000E+00  4.9954E+01 -8.4604E-01 -8.4604E-01  8.9700E-01  4.9954E+01 -4.9057E+01 -8.4604E-01
  1.0000E+00  4.0000E+00  0.0000E+00  1.0160E+00  0.0000E+00  8.5564E+00 -7.5922E-01 -7.5922E-01  1.0160E+00  8.5564E+00 -7.5404E+00 -7.5922E-01
  1.0000E+00  6.0000E+00  0.0000E+00  0.0000E+00  1.0000E+00  1.4656E+00  0.0000E+00 -8.6151E-01  0.0000E+00  1.4656E+00  0.0000E+00  0.0000E+00
  1.0000E+00  8.0000E+00  0.0000E+00  6.0900E-01  0.0000E+00  2.5103E-01  1.2285E+00  1.2285E+00  6.0900E-01  2.5103E-01  3.5797E-01  1.2285E+00
  2.0000E+00  0.0000E+00  1.0000E+04  0.0000E+00  1.0000E+00  5.5177E+03  0.0000E+00 -8.6151E-01  0.0000E+00  5.5177E+03  0.0000E+00  0.0000E+00
  2.0000E+00  0.0000E+00  0.0000E+00  0.0000E+00  0.0000E+00  5.5177E+03 -8.6151E-01 -8.6151E-01  0.0000E+00  5.5177E+03 -5.5177E+03 -8.6151E-01
  2.0000E+00  3.3000E-02  0.0000E+00  4.6639E+03  0.0000E+00  3.3280E+03  3.4583E-01  3.4583E-01  4.6639E+03  3.3280E+03  1.3359E+03  3.4583E-01
  2.0000E+00  8.3000E-02  0.0000E+00  1.1788E+03  0.0000E+00  1.6139E+03 -2.3227E-01 -2.3227E-01  1.1788E+03  1.6139E+03 -4.3513E+02 -2.3227E-01
  2.0000E+00  2.5000E-01  0.0000E+00  5.2594E+02  0.0000E+00  3.2115E+02  5.4938E-01  5.4938E-01  5.2594E+02  3.2115E+02  2.0479E+02  5.4938E-01
  2.0000E+00  5.0000E-01  0.0000E+00  3.5647E+02  0.0000E+00  1.8908E+02  7.6273E-01  7.6273E-01  3.5647E+02  1.8908E+02  1.6740E+02  7.6273E-01
  2.0000E+00  7.5000E-01  0.0000E+00  2.1360E+01  0.0000E+00  1.5051E+02 -7.3925E-01 -7.3925E-01  2.1360E+01  1.5051E+02 -1.2915E+02 -7.3925E-01
  2.0000E+00  1.0000E+00  0.0000E+00  5.5186E+02  0.0000E+00  1.2070E+02  3.0774E+00  3.0774E+00  5.5186E+02  1.2070E+02  4.3116E+02  3.0774E+00
  2.0000E+00  2.0000E+00  0.0000E+00  4.7980E+00  0.0000E+00  4.9954E+01 -7.7877E-01 -7.7877E-01  4.7980E+00  4.9954E+01 -4.5156E+01 -7.7877E-01
  2.0000E+00  4.0000E+00  0.0000E+00  3.3000E-02  0.0000E+00  8.5564E+00 -8.5819E-01 -8.5819E-01  3.3000E-02  8.5564E+00 -8.5234E+00 -8.5819E-01
  2.0000E+00  6.0000E+00  0.0000E+00  5.9700E-01  0.0000E+00  1.4656E+00 -5.1058E-01 -5.1058E-01  5.9700E-01  1.4656E+00 -8.6858E-01 -5.1058E-01
  2.0000E+00  8.0000E+00  0.0000E+00  8.4600E-01  0.0000E+00  2.5103E-01  2.0419E+00  2.0419E+00  8.4600E-01  2.5103E-01  5.9497E-01  2.0419E+00
  3.0000E+00  0.0000E+00  1.0000E+04  0.0000E+00  1.0000E+00  5.5177E+03  0.0000E+00 -8.6151E-01  0.0000E+00  5.5177E+03  0.0000E+00  0.0000E+00
  3.0000E+00  0.0000E+00  0.0000E+00  0.0000E+00  0.0000E+00  5.5177E+03 -8.6151E-01 -8.6151E-01  0.0000E+00  5.5177E+03 -5.5177E+03 -8.6151E-01
  3.0000E+00  3.3000E-02  0.0000E+00  3.7945E+03  0.0000E+00  3.3280E+03  1.2077E-01  1.2077E-01  3.7945E+03  3.3280E+03  4.6651E+02  1.2077E-01
  3.0000E+00  8.3000E-02  0.0000E+00  1.2588E+03  0.0000E+00  1.6139E+03 -1.8958E-01 -1.8958E-01  1.2588E+03  1.6139E+03 -3.5516E+02 -1.8958E-01
  3.0000E+00  2.5000E-01  0.0000E+00  5.4645E+02  0.0000E+00  3.2115E+02  6.0438E-01  6.0438E-01  5.4645E+02  3.2115E+02  2.2530E+02  6.0438E-01
  3.0000E+00  5.0000E-01  0.0000E+00  4.9878E+01  0.0000E+00  1.8908E+02 -6.3425E-01 -6.3425E-01  4.9878E+01  1.8908E+02 -1.3920E+02 -6.3425E-01
  3.0000E+00  7.5000E-01  0.0000E+00  1.6505E+01  0.0000E+00  1.5051E+02 -7.6704E-01 -7.6704E-01  1.6505E+01  1.5051E+02 -1.3401E+02 -7.6704E-01
  3.0000E+00  1.0000E+00  0.0000E+00  6.6930E+00  0.0000E+00  1.2070E+02 -8.1374E-01 -8.1374E-01  6.6930E+00  1.2070E+02 -1.1401E+02 -8.1374E-01
  3.0000E+00  2.0000E+00  0.0000E+00  3.6010E+00  0.0000E+00  4.9954E+01 -7.9941E-01 -7.9941E-01  3.6010E+00  4.9954E+01 -4.6353E+01 -7.9941E-01
  3.0000E+00  4.0000E+00  0.0000E+00  1.1970E+00  0.0000E+00  8.5564E+00 -7.4099E-01 -7.4099E-01  1.1970E+00  8.5564E+00 -7.3594E+00 -7.4099E-01
  3.0000E+00  6.0000E+00  0.0000E+00  3.0470E+00  0.0000E+00  1.4656E+00  9.2961E-01  9.2961E-01  3.0470E+00  1.4656E+00  1.5814E+00  9.2961E-01
  3.0000E+00  8.0000E+00  0.0000E+00  3.8000E-01  0.0000E+00  2.5103E-01  4.4261E-01  4.4261E-01  3.8000E-01  2.5103E-01  1.2897E-01  4.4261E-01
  4.0000E+00  0.0000E+00  1.0000E+04  0.0000E+00  1.0000E+00  0.0000E+00  0.0000E+00  0.0000E+00  0.0000E+00  0.0000E+00  0.0000E+00  0.0000E+00
  4.0000E+00  0.0000E+00  0.0000E+00  0.0000E+00  0.0000E+00  0.0000E+00  0.0000E+00  0.0000E+00  0.0000E+00  0.0000E+00  0.0000E+00  0.0000E+00
  4.0000E+00  3.3000E-02  0.0000E+00  2.1445E+01  0.0000E+00  6.3063E+00  2.0681E+00  2.0681E+00  2.1445E+01  6.3063E+00  1.5139E+01  2.0681E+00
  4.0000E+00  8.3000E-02  0.0000E+00  2.5683E+01  0.0000E+00  1.1511E+01  1.0606E+00  1.0606E+00  2.5683E+01  1.1511E+01  1.4172E+01  1.0606E+00
  4.0000E+00  2.5000E-01  0.0000E+00  4.4576E+01  0.0000E+00  1.6760E+01  1.4298E+00  1.4298E+00  4.4576E+01  1.6760E+01  2.7816E+01  1.4298E+00
  4.0000E+00  5.0000E-01  0.0000E+00  2.1491E+01  0.0000E+00  1.9310E+01  9.7289E-02  9.7289E-02  2.1491E+01  1.9310E+01  2.1807E+00  9.7289E-02
  4.0000E+00  7.5000E-01  0.0000E+00  7.6971E+01  0.0000E+00  2.1174E+01  2.2702E+00  2.2702E+00  7.6971E+01  2.1174E+01  5.5797E+01  2.2702E+00
  4.0000E+00  1.0000E+00  0.0000E+00  7.4570E+00  0.0000E+00  2.2666E+01 -5.7808E-01 -5.7808E-01  7.4570E+00  2.2666E+01 -1.5209E+01 -5.7808E-01
  4.0000E+00  2.0000E+00  0.0000E+00  3.1960E+00  0.0000E+00  2.6209E+01 -7.5646E-01 -7.5646E-01  3.1960E+00  2.6209E+01 -2.3013E+01 -7.5646E-01
  4.0000E+00  3.0000E+00  0.0000E+00  1.6550E+01  0.0000E+00  2.7676E+01 -3.4633E-01 -3.4633E-01  1.6550E+01  2.7676E+01 -1.1126E+01 -3.4633E-01
  4.0000E+00  4.0000E+00  0.0000E+00  3.8490E+00  0.0000E+00  2.8282E+01 -7.4427E-01 -7.4427E-01  3.8490E+00  2.8282E+01 -2.4433E+01 -7.4427E-01
  4.0000E+00  6.0000E+00  0.0000E+00  0.0000E+00  1.0000E+00  2.8638E+01  0.0000E+00 -8.6151E-01  0.0000E+00  2.8638E+01  0.0000E+00  0.0000E+00
  4.0000E+00  8.0000E+00  0.0000E+00  0.0000E+00  1.0000E+00  2.8698E+01  0.0000E+00 -8.6151E-01  0.0000E+00  2.8698E+01  0.0000E+00  0.0000E+00
  5.0000E+00  0.0000E+00  1.0000E+04  0.0000E+00  1.0000E+00  0.0000E+00  0.0000E+00  0.0000E+00  0.0000E+00  0.0000E+00  0.0000E+00  0.0000E+00
  5.0000E+00  0.0000E+00  0.0000E+00  0.0000E+00  0.0000E+00  0.0000E+00  0.0000E+00  0.0000E+00  0.0000E+00  0.0000E+00  0.0000E+00  0.0000E+00
  5.0000E+00  3.3000E-02  0.0000E+00  1.6601E+01  0.0000E+00  6.3063E+00  1.4064E+00  1.4064E+00  1.6601E+01  6.3063E+00  1.0295E+01  1.4064E+00
  5.0000E+00  8.3000E-02  0.0000E+00  9.5230E+00  0.0000E+00  1.1511E+01 -1.4882E-01 -1.4882E-01  9.5230E+00  1.1511E+01 -1.9885E+00 -1.4882E-01
  5.0000E+00  2.5000E-01  0.0000E+00  3.0571E+01  0.0000E+00  1.6760E+01  7.0992E-01  7.0992E-01  3.0571E+01  1.6760E+01  1.3811E+01  7.0992E-01
  5.0000E+00  5.0000E-01  0.0000E+00  4.7158E+01  0.0000E+00  1.9310E+01  1.2424E+00  1.2424E+00  4.7158E+01  1.9310E+01  2.7848E+01  1.2424E+00
  5.0000E+00  7.5000E-01  0.0000E+00  1.9559E+01  0.0000E+00  2.1174E+01 -6.5711E-02 -6.5711E-02  1.9559E+01  2.1174E+01 -1.6150E+00 -6.5711E-02
  5.0000E+00  1.0000E+00  0.0000E+00  5.9384E+01  0.0000E+00  2.2666E+01  1.3956E+00  1.3956E+00  5.9384E+01  2.2666E+01  3.6718E+01  1.3956E+00
  5.0000E+00  2.0000E+00  0.0000E+00  1.1460E+00  0.0000E+00  2.6209E+01 -8.2384E-01 -8.2384E-01  1.1460E+00  2.6209E+01 -2.5063E+01 -8.2384E-01
  5.0000E+00  3.0000E+00  0.0000E+00  2.5590E+00  0.0000E+00  2.7676E+01 -7.8185E-01 -7.8185E-01  2.5590E+00  2.7676E+01 -2.5117E+01 -7.8185E-01
  5.0000E+00  4.0000E+00  0.0000E+00  7.7780E+00  0.0000E+00  2.8282E+01 -6.2459E-01 -6.2459E-01  7.7780E+00  2.8282E+01 -2.0504E+01 -6.2459E-01
  5.0000E+00  6.0000E+00  0.0000E+00  1.6200E-01  0.0000E+00  2.8638E+01 -8.5664E-01 -8.5664E-01  1.6200E-01  2.8638E+01 -2.8476E+01 -8.5664E-01
  5.0000E+00  8.0000E+00  0.0000E+00  5.5100E-01  0.0000E+00  2.8698E+01 -8.4497E-01 -8.4497E-01  5.5100E-01  2.8698E+01 -2.8147E+01 -8.4497E-01
  6.0000E+00  0.0000E+00  1.0000E+04  0.0000E+00  1.0000E+00  0.0000E+00  0.0000E+00  0.0000E+00  0.0000E+00  0.0000E+00  0.0000E+00  0.0000E+00
  6.0000E+00  0.0000E+00  0.0000E+00  0.0000E+00  0.0000E+00  0.0000E+00  0.0000E+00  0.0000E+00  0.0000E+00  0.0000E+00  0.0000E+00  0.0000E+00
  6.0000E+00  3.3000E-02  0.0000E+00  2.2373E+01  0.0000E+00  6.3063E+00  2.1949E+00  2.1949E+00  2.2373E+01  6.3063E+00  1.6067E+01  2.1949E+00
  6.0000E+00  8.3000E-02  0.0000E+00  4.6713E+01  0.0000E+00  1.1511E+01  2.6345E+00  2.6345E+00  4.6713E+01  1.1511E+01  3.5202E+01  2.6345E+00
  6.0000E+00  2.5000E-01  0.0000E+00  5.0110E+00  0.0000E+00  1.6760E+01 -6.0393E-01 -6.0393E-01  5.0110E+00  1.6760E+01 -1.1749E+01 -6.0393E-01
  6.0000E+00  5.0000E-01  0.0000E+00  4.6163E+01  0.0000E+00  1.9310E+01  1.1980E+00  1.1980E+00  4.6163E+01  1.9310E+01  2.6853E+01  1.1980E+00
  6.0000E+00  7.5000E-01  0.0000E+00  1.5363E+01  0.0000E+00  2.1174E+01 -2.3644E-01 -2.3644E-01  1.5363E+01  2.1174E+01 -5.8110E+00 -2.3644E-01
  6.0000E+00  1.0000E+00  0.0000E+00  2.2338E+01  0.0000E+00  2.2666E+01 -1.2461E-02 -1.2461E-02  2.2338E+01  2.2666E+01 -3.2783E-01 -1.2461E-02
  6.0000E+00  2.0000E+00  0.0000E+00  2.4323E+01  0.0000E+00  2.6209E+01 -6.1997E-02 -6.1997E-02  2.4323E+01  2.6209E+01 -1.8861E+00 -6.1997E-02
  6.0000E+00  3.0000E+00  0.0000E+00  1.8400E+00  0.0000E+00  2.7676E+01 -8.0424E-01 -8.0424E-01  1.8400E+00  2.7676E+01 -2.5836E+01 -8.0424E-01
  6.0000E+00  4.0000E+00  0.0000E+00  2.7960E+00  0.0000E+00  2.8282E+01 -7.7634E-01 -7.7634E-01  2.7960E+00  2.8282E+01 -2.5486E+01 -7.7634E-01
  6.0000E+00  6.0000E+00  0.0000E+00  2.7000E+00  0.0000E+00  2.8638E+01 -7.8029E-01 -7.8029E-01  2.7000E+00  2.8638E+01 -2.5938E+01 -7.8029E-01
  6.0000E+00  8.0000E+00  0.0000E+00  2.4450E+00  0.0000E+00  2.8698E+01 -7.8812E-01 -7.8812E-01  2.4450E+00  2.8698E+01 -2.6253E+01 -7.8812E-01
  7.0000E+00  0.0000E+00  1.2500E+05  0.0000E+00  1.0000E+00  0.0000E+00  0.0000E+00  0.0000E+00  0.0000E+00  0.0000E+00  0.0000E+00  0.0000E+00
  7.0000E+00  0.0000E+00  0.0000E+00  0.0000E+00  0.0000E+00  0.0000E+00  0.0000E+00  0.0000E+00  0.0000E+00  0.0000E+00  0.0000E+00  0.0000E+00
  7.0000E+00  5.0000E-01  0.0000E+00  5.3520E+00  0.0000E+00  2.6454E+01 -6.8722E-01 -6.8722E-01  5.3520E+00  2.6454E+01 -2.1102E+01 -6.8722E-01
  7.0000E+00  1.0000E+00  0.0000E+00  1.6180E+01  0.0000E+00  3.1051E+01 -4.1260E-01 -4.1260E-01  1.6180E+01  3.1051E+01 -1.4871E+01 -4.1260E-01
  7.0000E+00  2.0000E+00  0.0000E+00  4.4430E+00  0.0000E+00  3.5905E+01 -7.5491E-01 -7.5491E-01  4.4430E+00  3.5905E+01 -3.1462E+01 -7.5491E-01
  7.0000E+00  4.0000E+00  0.0000E+00  1.9128E+01  0.0000E+00  3.8746E+01 -4.3620E-01 -4.3620E-01  1.9128E+01  3.8746E+01 -1.9618E+01 -4.3620E-01
  7.0000E+00  8.0000E+00  0.0000E+00  5.6870E+00  0.0000E+00  3.9316E+01 -7.3690E-01 -7.3690E-01  5.6870E+00  3.9316E+01 -3.3629E+01 -7.3690E-01
  7.0000E+00  2.4000E+01  0.0000E+00  6.0000E-01  0.0000E+00  5.9881E+00 -7.7519E-01 -7.7519E-01  6.0000E-01  5.9881E+00 -5.3881E+00 -7.7519E-01
  8.0000E+00  0.0000E+00  1.2500E+05  0.0000E+00  1.0000E+00  0.0000E+00  0.0000E+00  0.0000E+00  0.0000E+00  0.0000E+00  0.0000E+00  0.0000E+00
  8.0000E+00  0.0000E+00  0.0000E+00  0.0000E+00  0.0000E+00  0.0000E+00  0.0000E+00  0.0000E+00  0.0000E+00  0.0000E+00  0.0000E+00  0.0000E+00
  8.0000E+00  5.0000E-01  0.0000E+00  3.1708E+01  0.0000E+00  2.6454E+01  1.7109E-01  1.7109E-01  3.1708E+01  2.6454E+01  5.2537E+00  1.7109E-01
  8.0000E+00  1.0000E+00  0.0000E+00  2.9239E+01  0.0000E+00  3.1051E+01 -5.0281E-02 -5.0281E-02  2.9239E+01  3.1051E+01 -1.8122E+00 -5.0281E-02
  8.0000E+00  2.0000E+00  0.0000E+00  9.1450E+00  0.0000E+00  3.5905E+01 -6.4209E-01 -6.4209E-01  9.1450E+00  3.5905E+01 -2.6760E+01 -6.4209E-01
  8.0000E+00  4.0000E+00  0.0000E+00  7.1960E+00  0.0000E+00  3.8746E+01 -7.0151E-01 -7.0151E-01  7.1960E+00  3.8746E+01 -3.1550E+01 -7.0151E-01
  8.0000E+00  8.0000E+00  0.0000E+00  3.9410E+00  0.0000E+00  3.9316E+01 -7.7516E-01 -7.7516E-01  3.9410E+00  3.9316E+01 -3.5375E+01 -7.7516E-01
  8.0000E+00  2.4000E+01  0.0000E+00  6.0000E-01  0.0000E+00  5.9881E+00 -7.7519E-01 -7.7519E-01  6.0000E-01  5.9881E+00 -5.3881E+00 -7.7519E-01
  9.0000E+00  0.0000E+00  1.2500E+05  0.0000E+00  1.0000E+00  0.0000E+00  0.0000E+00  0.0000E+00  0.0000E+00  0.0000E+00  0.0000E+00  0.0000E+00
  9.0000E+00  0.0000E+00  0.0000E+00  0.0000E+00  0.0000E+00  0.0000E+00  0.0000E+00  0.0000E+00  0.0000E+00  0.0000E+00  0.0000E+00  0.0000E+00
  9.0000E+00  5.0000E-01  0.0000E+00  2.5875E+01  0.0000E+00  2.6454E+01 -1.8867E-02 -1.8867E-02  2.5875E+01  2.6454E+01 -5.7933E-01 -1.8867E-02
  9.0000E+00  1.0000E+00  0.0000E+00  1.2360E+01  0.0000E+00  3.1051E+01 -5.1859E-01 -5.1859E-01  1.2360E+01  3.1051E+01 -1.8691E+01 -5.1859E-01
  9.0000E+00  2.0000E+00  0.0000E+00  2.5667E+01  0.0000E+00  3.5905E+01 -2.4566E-01 -2.4566E-01  2.5667E+01  3.5905E+01 -1.0238E+01 -2.4566E-01
  9.0000E+00  4.0000E+00  0.0000E+00  1.4443E+01  0.0000E+00  3.8746E+01 -5.4037E-01 -5.4037E-01  1.4443E+01  3.8746E+01 -2.4303E+01 -5.4037E-01
  9.0000E+00  8.0000E+00  0.0000E+00  6.7260E+00  0.0000E+00  3.9316E+01 -7.1413E-01 -7.1413E-01  6.7260E+00  3.9316E+01 -3.2590E+01 -7.1413E-01
  9.0000E+00  2.4000E+01  0.0000E+00  1.4570E+00  0.0000E+00  5.9881E+00 -6.5189E-01 -6.5189E-01  1.4570E+00  5.9881E+00 -4.5311E+00 -6.5189E-01
  1.0000E+01  0.0000E+00  2.5000E+05  0.0000E+00  1.0000E+00  0.0000E+00  0.0000E+00  0.0000E+00  0.0000E+00  0.0000E+00  0.0000E+00  0.0000E+00
  1.0000E+01  0.0000E+00  0.0000E+00  0.0000E+00  0.0000E+00  0.0000E+00  0.0000E+00  0.0000E+00  0.0000E+00  0.0000E+00  0.0000E+00  0.0000E+00
  1.0000E+01  5.0000E-01  0.0000E+00  3.2559E+01  0.0000E+00  2.8317E+01  1.2907E-01  1.2907E-01  3.2559E+01  2.8317E+01  4.2424E+00  1.2907E-01
  1.0000E+01  1.0000E+00  0.0000E+00  2.7382E+01  0.0000E+00  3.3237E+01 -1.5177E-01 -1.5177E-01  2.7382E+01  3.3237E+01 -5.8551E+00 -1.5177E-01
  1.0000E+01  2.0000E+00  0.0000E+00  2.0366E+01  0.0000E+00  3.8433E+01 -4.0499E-01 -4.0499E-01  2.0366E+01  3.8433E+01 -1.8067E+01 -4.0499E-01
  1.0000E+01  4.0000E+00  0.0000E+00  3.1808E+01  0.0000E+00  4.1473E+01 -2.0077E-01 -2.0077E-01  3.1808E+01  4.1473E+01 -9.6652E+00 -2.0077E-01
  1.0000E+01  8.0000E+00  0.0000E+00  6.3644E+01  0.0000E+00  4.2083E+01  4.4139E-01  4.4139E-01  6.3644E+01  4.2083E+01  2.1561E+01  4.4139E-01
  1.0000E+01  2.4000E+01  0.0000E+00  2.5160E+00  0.0000E+00  6.4096E+00 -5.2334E-01 -5.2334E-01  2.5160E+00  6.4096E+00 -3.8936E+00 -5.2334E-01
  1.1000E+01  0.0000E+00  2.5000E+05  0.0000E+00  1.0000E+00  0.0000E+00  0.0000E+00  0.0000E+00  0.0000E+00  0.0000E+00  0.0000E+00  0.0000E+00
  1.1000E+01  0.0000E+00  0.0000E+00  0.0000E+00  0.0000E+00  0.0000E+00  0.0000E+00  0.0000E+00  0.0000E+00  0.0000E+00  0.0000E+00  0.0000E+00
  1.1000E+01  5.0000E-01  0.0000E+00  2.2787E+01  0.0000E+00  2.8317E+01 -1.6823E-01 -1.6823E-01  2.2787E+01  2.8317E+01 -5.5296E+00 -1.6823E-01
  1.1000E+01  1.0000E+00  0.0000E+00  4.7157E+01  0.0000E+00  3.3237E+01  3.6081E-01  3.6081E-01  4.7157E+01  3.3237E+01  1.3920E+01  3.6081E-01
  1.1000E+01  2.0000E+00  0.0000E+00  4.3560E+00  0.0000E+00  3.8433E+01 -7.6387E-01 -7.6387E-01  4.3560E+00  3.8433E+01 -3.4077E+01 -7.6387E-01
  1.1000E+01  4.0000E+00  0.0000E+00  1.1033E+01  0.0000E+00  4.1473E+01 -6.3233E-01 -6.3233E-01  1.1033E+01  4.1473E+01 -3.0440E+01 -6.3233E-01
  1.1000E+01  8.0000E+00  0.0000E+00  9.2000E+00  0.0000E+00  4.2083E+01 -6.7317E-01 -6.7317E-01  9.2000E+00  4.2083E+01 -3.2883E+01 -6.7317E-01
  1.1000E+01  2.4000E+01  0.0000E+00  6.0000E-01  0.0000E+00  6.4096E+00 -7.8087E-01 -7.8087E-01  6.0000E-01  6.4096E+00 -5.8096E+00 -7.8087E-01
  1.2000E+01  0.0000E+00  2.5000E+05  0.0000E+00  1.0000E+00  0.0000E+00  0.0000E+00  0.0000E+00  0.0000E+00  0.0000E+00  0.0000E+00  0.0000E+00
  1.2000E+01  0.0000E+00  0.0000E+00  0.0000E+00  0.0000E+00  0.0000E+00  0.0000E+00  0.0000E+00  0.0000E+00  0.0000E+00  0.0000E+00  0.0000E+00
  1.2000E+01  5.0000E-01  0.0000E+00  2.9301E+01  0.0000E+00  2.8317E+01  2.9951E-02  2.9951E-02  2.9301E+01  2.8317E+01  9.8443E-01  2.9951E-02
  1.2000E+01  1.0000E+00  0.0000E+00  1.4208E+01  0.0000E+00  3.3237E+01 -4.9324E-01 -4.9324E-01  1.4208E+01  3.3237E+01 -1.9029E+01 -4.9324E-01
  1.2000E+01  2.0000E+00  0.0000E+00  1.1723E+01  0.0000E+00  3.8433E+01 -5.9873E-01 -5.9873E-01  1.1723E+01  3.8433E+01 -2.6710E+01 -5.9873E-01
  1.2000E+01  4.0000E+00  0.0000E+00  8.5160E+00  0.0000E+00  4.1473E+01 -6.8461E-01 -6.8461E-01  8.5160E+00  4.1473E+01 -3.2957E+01 -6.8461E-01
  1.2000E+01  8.0000E+00  0.0000E+00  8.2990E+00  0.0000E+00  4.2083E+01 -6.9162E-01 -6.9162E-01  8.2990E+00  4.2083E+01 -3.3784E+01 -6.9162E-01
  1.2000E+01  2.4000E+01  0.0000E+00  1.2620E+00  0.0000E+00  6.4096E+00 -6.9189E-01 -6.9189E-01  1.2620E+00  6.4096E+00 -5.1476E+00 -6.9189E-01
  1.3000E+01  0.0000E+00  5.0000E+05  0.0000E+00  1.0000E+00  0.0000E+00  0.0000E+00  0.0000E+00  0.0000E+00  0.0000E+00  0.0000E+00  0.0000E+00
  1.3000E+01  0.0000E+00  0.0000E+00  0.0000E+00  0.0000E+00  0.0000E+00  0.0000E+00  0.0000E+00  0.0000E+00  0.0000E+00  0.0000E+00  0.0000E+00
  1.3000E+01  5.0000E-01  0.0000E+00  5.5055E+01  0.0000E+00  3.1552E+01  6.4172E-01  6.4172E-01  5.5055E+01  3.1552E+01  2.3503E+01  6.4172E-01
  1.3000E+01  1.0000E+00  0.0000E+00  1.9613E+01  0.0000E+00  3.7035E+01 -4.0528E-01 -4.0528E-01  1.9613E+01  3.7035E+01 -1.7422E+01 -4.0528E-01
  1.3000E+01  2.0000E+00  0.0000E+00  2.3639E+01  0.0000E+00  4.2825E+01 -3.8596E-01 -3.8596E-01  2.3639E+01  4.2825E+01 -1.9186E+01 -3.8596E-01
  1.3000E+01  4.0000E+00  0.0000E+00  1.3103E+01  0.0000E+00  4.6212E+01 -6.1724E-01 -6.1724E-01  1.3103E+01  4.6212E+01 -3.3109E+01 -6.1724E-01
  1.3000E+01  8.0000E+00  0.0000E+00  1.3568E+01  0.0000E+00  4.6892E+01 -6.1224E-01 -6.1224E-01  1.3568E+01  4.6892E+01 -3.3324E+01 -6.1224E-01
  1.3000E+01  2.4000E+01  0.0000E+00  1.7556E+01  0.0000E+00  7.1420E+00  1.2562E+00  1.2562E+00  1.7556E+01  7.1420E+00  1.0414E+01  1.2562E+00
  1.4000E+01  0.0000E+00  5.0000E+05  0.0000E+00  1.0000E+00  0.0000E+00  0.0000E+00  0.0000E+00  0.0000E+00  0.0000E+00  0.0000E+00  0.0000E+00
  1.4000E+01  0.0000E+00  0.0000E+00  0.0000E+00  0.0000E+00  0.0000E+00  0.0000E+00  0.0000E+00  0.0000E+00  0.0000E+00  0.0000E+00  0.0000E+00
  1.4000E+01  5.0000E-01  0.0000E+00  4.9290E+01  0.0000E+00  3.1552E+01  4.8431E-01  4.8431E-01  4.9290E+01  3.1552E+01  1.7738E+01  4.8431E-01
  1.4000E+01  1.0000E+00  0.0000E+00  3.0508E+01  0.0000E+00  3.7035E+01 -1.5184E-01 -1.5184E-01  3.0508E+01  3.7035E+01 -6.5272E+00 -1.5184E-01
  1.4000E+01  2.0000E+00  0.0000E+00  2.6968E+01  0.0000E+00  4.2825E+01 -3.1899E-01 -3.1899E-01  2.6968E+01  4.2825E+01 -1.5857E+01 -3.1899E-01
  1.4000E+01  4.0000E+00  0.0000E+00  2.2871E+01  0.0000E+00  4.6212E+01 -4.3514E-01 -4.3514E-01  2.2871E+01  4.6212E+01 -2.3341E+01 -4.3514E-01
  1.4000E+01  8.0000E+00  0.0000E+00  2.1883E+01  0.0000E+00  4.6892E+01 -4.5947E-01 -4.5947E-01  2.1883E+01  4.6892E+01 -2.5009E+01 -4.5947E-01
  1.4000E+01  2.4000E+01  0.0000E+00  6.0000E-01  0.0000E+00  7.1420E+00 -7.8914E-01 -7.8914E-01  6.0000E-01  7.1420E+00 -6.5420E+00 -7.8914E-01
  1.5000E+01  0.0000E+00  5.0000E+05  0.0000E+00  1.0000E+00  0.0000E+00  0.0000E+00  0.0000E+00  0.0000E+00  0.0000E+00  0.0000E+00  0.0000E+00
  1.5000E+01  0.0000E+00  0.0000E+00  0.0000E+00  0.0000E+00  0.0000E+00  0.0000E+00  0.0000E+00  0.0000E+00  0.0000E+00  0.0000E+00  0.0000E+00
  1.5000E+01  5.0000E-01  0.0000E+00  6.3812E+01  0.0000E+00  3.1552E+01  8.8082E-01  8.8082E-01  6.3812E+01  3.1552E+01  3.2260E+01  8.8082E-01
  1.5000E+01  1.0000E+00  0.0000E+00  7.1770E+00  0.0000E+00  3.7035E+01 -6.9456E-01 -6.9456E-01  7.1770E+00  3.7035E+01 -2.9858E+01 -6.9456E-01
  1.5000E+01  2.0000E+00  0.0000E+00  3.4378E+01  0.0000E+00  4.2825E+01 -1.6992E-01 -1.6992E-01  3.4378E+01  4.2825E+01 -8.4467E+00 -1.6992E-01
  1.5000E+01  4.0000E+00  0.0000E+00  1.8738E+01  0.0000E+00  4.6212E+01 -5.1219E-01 -5.1219E-01  1.8738E+01  4.6212E+01 -2.7474E+01 -5.1219E-01
  1.5000E+01  8.0000E+00  0.0000E+00  3.5351E+01  0.0000E+00  4.6892E+01 -2.1204E-01 -2.1204E-01  3.5351E+01  4.6892E+01 -1.1541E+01 -2.1204E-01
  1.5000E+01  2.4000E+01  0.0000E+00  2.0765E+01  0.0000E+00  7.1420E+00  1.6433E+00  1.6433E+00  2.0765E+01  7.1420E+00  1.3623E+01  1.6433E+00
  1.6000E+01  0.0000E+00  1.2500E+05  0.0000E+00  1.0000E+00  0.0000E+00  0.0000E+00  0.0000E+00  0.0000E+00  0.0000E+00  0.0000E+00  0.0000E+00
  1.6000E+01  0.0000E+00  0.0000E+00  0.0000E+00  0.0000E+00  0.0000E+00  0.0000E+00  0.0000E+00  0.0000E+00  0.0000E+00  0.0000E+00  0.0000E+00
  1.6000E+01  5.0000E-01  0.0000E+00  8.1620E+00  0.0000E+00  2.6454E+01 -5.9571E-01 -5.9571E-01  8.1620E+00  2.6454E+01 -1.8292E+01 -5.9571E-01
  1.6000E+01  1.0000E+00  0.0000E+00  1.6289E+01  0.0000E+00  3.1051E+01 -4.0958E-01 -4.0958E-01  1.6289E+01  3.1051E+01 -1.4762E+01 -4.0958E-01
  1.6000E+01  2.0000E+00  0.0000E+00  4.8860E+00  0.0000E+00  3.5905E+01 -7.4428E-01 -7.4428E-01  4.8860E+00  3.5905E+01 -3.1019E+01 -7.4428E-01
  1.6000E+01  4.0000E+00  0.0000E+00  8.0510E+00  0.0000E+00  3.8746E+01 -6.8250E-01 -6.8250E-01  8.0510E+00  3.8746E+01 -3.0695E+01 -6.8250E-01
  1.6000E+01  8.0000E+00  0.0000E+00  3.2130E+00  0.0000E+00  3.9316E+01 -7.9111E-01 -7.9111E-01  3.2130E+00  3.9316E+01 -3.6103E+01 -7.9111E-01
  1.6000E+01  2.4000E+01  0.0000E+00  6.0000E-01  0.0000E+00  5.9881E+00 -7.7519E-01 -7.7519E-01  6.0000E-01  5.9881E+00 -5.3881E+00 -7.7519E-01
  1.7000E+01  0.0000E+00  1.2500E+05  0.0000E+00  1.0000E+00  0.0000E+00  0.0000E+00  0.0000E+00  0.0000E+00  0.0000E+00  0.0000E+00  0.0000E+00
  1.7000E+01  0.0000E+00  0.0000E+00  0.0000E+00  0.0000E+00  0.0000E+00  0.0000E+00  0.0000E+00  0.0000E+00  0.0000E+00  0.0000E+00  0.0000E+00
  1.7000E+01  5.0000E-01  0.0000E+00  2.4603E+01  0.0000E+00  2.6454E+01 -6.0291E-02 -6.0291E-02  2.4603E+01  2.6454E+01 -1.8513E+00 -6.0291E-02
  1.7000E+01  1.0000E+00  0.0000E+00  7.2080E+00  0.0000E+00  3.1051E+01 -6.6153E-01 -6.6153E-01  7.2080E+00  3.1051E+01 -2.3843E+01 -6.6153E-01
  1.7000E+01  2.0000E+00  0.0000E+00  5.4500E+00  0.0000E+00  3.5905E+01 -7.3075E-01 -7.3075E-01  5.4500E+00  3.5905E+01 -3.0455E+01 -7.3075E-01
  1.7000E+01  4.0000E+00  0.0000E+00  2.7120E+00  0.0000E+00  3.8746E+01 -8.0121E-01 -8.0121E-01  2.7120E+00  3.8746E+01 -3.6034E+01 -8.0121E-01
  1.7000E+01  8.0000E+00  0.0000E+00  5.6920E+00  0.0000E+00  3.9316E+01 -7.3679E-01 -7.3679E-01  5.6920E+00  3.9316E+01 -3.3624E+01 -7.3679E-01
  1.7000E+01  2.4000E+01  0.0000E+00  6.0000E-01  0.0000E+00  5.9881E+00 -7.7519E-01 -7.7519E-01  6.0000E-01  5.9881E+00 -5.3881E+00 -7.7519E-01
  1.8000E+01  0.0000E+00  1.2500E+05  0.0000E+00  1.0000E+00  0.0000E+00  0.0000E+00  0.0000E+00  0.0000E+00  0.0000E+00  0.0000E+00  0.0000E+00
  1.8000E+01  0.0000E+00  0.0000E+00  0.0000E+00  0.0000E+00  0.0000E+00  0.0000E+00  0.0000E+00  0.0000E+00  0.0000E+00  0.0000E+00  0.0000E+00
  1.8000E+01  5.0000E-01  0.0000E+00  1.0414E+01  0.0000E+00  2.6454E+01 -5.2237E-01 -5.2237E-01  1.0414E+01  2.6454E+01 -1.6040E+01 -5.2237E-01
  1.8000E+01  1.0000E+00  0.0000E+00  3.2390E+00  0.0000E+00  3.1051E+01 -7.7165E-01 -7.7165E-01  3.2390E+00  3.1051E+01 -2.7812E+01 -7.7165E-01
  1.8000E+01  2.0000E+00  0.0000E+00  7.2080E+00  0.0000E+00  3.5905E+01 -6.8857E-01 -6.8857E-01  7.2080E+00  3.5905E+01 -2.8697E+01 -6.8857E-01
  1.8000E+01  4.0000E+00  0.0000E+00  2.6850E+00  0.0000E+00  3.8746E+01 -8.0181E-01 -8.0181E-01  2.6850E+00  3.8746E+01 -3.6061E+01 -8.0181E-01
  1.8000E+01  8.0000E+00  0.0000E+00  4.9860E+00  0.0000E+00  3.9316E+01 -7.5226E-01 -7.5226E-01  4.9860E+00  3.9316E+01 -3.4330E+01 -7.5226E-01
  1.8000E+01  2.4000E+01  0.0000E+00  6.0000E-01  0.0000E+00  5.9881E+00 -7.7519E-01 -7.7519E-01  6.0000E-01  5.9881E+00 -5.3881E+00 -7.7519E-01
  1.9000E+01  0.0000E+00  2.5000E+05  0.0000E+00  1.0000E+00  0.0000E+00  0.0000E+00  0.0000E+00  0.0000E+00  0.0000E+00  0.0000E+00  0.0000E+00
  1.9000E+01  0.0000E+00  0.0000E+00  0.0000E+00  0.0000E+00  0.0000E+00  0.0000E+00  0.0000E+00  0.0000E+00  0.0000E+00  0.0000E+00  0.0000E+00
  1.9000E+01  5.0000E-01  0.0000E+00  2.8991E+01  0.0000E+00  2.8317E+01  2.0519E-02  2.0519E-02  2.8991E+01  2.8317E+01  6.7443E-01  2.0519E-02
  1.9000E+01  1.0000E+00  0.0000E+00  7.3880E+00  0.0000E+00  3.3237E+01 -6.7002E-01 -6.7002E-01  7.3880E+00  3.3237E+01 -2.5849E+01 -6.7002E-01
  1.9000E+01  2.0000E+00  0.0000E+00  5.6630E+00  0.0000E+00  3.8433E+01 -7.3457E-01 -7.3457E-01  5.6630E+00  3.8433E+01 -3.2770E+01 -7.3457E-01
  1.9000E+01  4.0000E+00  0.0000E+00  9.2860E+00  0.0000E+00  4.1473E+01 -6.6862E-01 -6.6862E-01  9.2860E+00  4.1473E+01 -3.2187E+01 -6.6862E-01
  1.9000E+01  8.0000E+00  0.0000E+00  4.0470E+00  0.0000E+00  4.2083E+01 -7.7867E-01 -7.7867E-01  4.0470E+00  4.2083E+01 -3.8036E+01 -7.7867E-01
  1.9000E+01  2.4000E+01  0.0000E+00  6.0000E-01  0.0000E+00  6.4096E+00 -7.8087E-01 -7.8087E-01  6.0000E-01  6.4096E+00 -5.8096E+00 -7.8087E-01
  2.0000E+01  0.0000E+00  2.5000E+05  0.0000E+00  1.0000E+00  0.0000E+00  0.0000E+00  0.0000E+00  0.0000E+00  0.0000E+00  0.0000E+00  0.0000E+00
  2.0000E+01  0.0000E+00  0.0000E+00  0.0000E+00  0.0000E+00  0.0000E+00  0.0000E+00  0.0000E+00  0.0000E+00  0.0000E+00  0.0000E+00  0.0000E+00
  2.0000E+01  5.0000E-01  0.0000E+00  2.0607E+01  0.0000E+00  2.8317E+01 -2.3456E-01 -2.3456E-01  2.0607E+01  2.8317E+01 -7.7096E+00 -2.3456E-01
  2.0000E+01  1.0000E+00  0.0000E+00  1.2830E+01  0.0000E+00  3.3237E+01 -5.2896E-01 -5.2896E-01  1.2830E+01  3.3237E+01 -2.0407E+01 -5.2896E-01
  2.0000E+01  2.0000E+00  0.0000E+00  1.2017E+01  0.0000E+00  3.8433E+01 -5.9214E-01 -5.9214E-01  1.2017E+01  3.8433E+01 -2.6416E+01 -5.9214E-01
  2.0000E+01  4.0000E+00  0.0000E+00  6.5880E+00  0.0000E+00  4.1473E+01 -7.2466E-01 -7.2466E-01  6.5880E+00  4.1473E+01 -3.4885E+01 -7.2466E-01
  2.0000E+01  8.0000E+00  0.0000E+00  2.8710E+00  0.0000E+00  4.2083E+01 -8.0274E-01 -8.0274E-01  2.8710E+00  4.2083E+01 -3.9212E+01 -8.0274E-01
  2.0000E+01  2.4000E+01  0.0000E+00  6.0000E-01  0.0000E+00  6.4096E+00 -7.8087E-01 -7.8087E-01  6.0000E-01  6.4096E+00 -5.8096E+00 -7.8087E-01
  2.1000E+01  0.0000E+00  2.5000E+05  0.0000E+00  1.0000E+00  0.0000E+00  0.0000E+00  0.0000E+00  0.0000E+00  0.0000E+00  0.0000E+00  0.0000E+00
  2.1000E+01  0.0000E+00  0.0000E+00  0.0000E+00  0.0000E+00  0.0000E+00  0.0000E+00  0.0000E+00  0.0000E+00  0.0000E+00  0.0000E+00  0.0000E+00
  2.1000E+01  5.0000E-01  0.0000E+00  2.0194E+01  0.0000E+00  2.8317E+01 -2.4712E-01 -2.4712E-01  2.0194E+01  2.8317E+01 -8.1226E+00 -2.4712E-01
  2.1000E+01  1.0000E+00  0.0000E+00  1.3124E+01  0.0000E+00  3.3237E+01 -5.2134E-01 -5.2134E-01  1.3124E+01  3.3237E+01 -2.0113E+01 -5.2134E-01
  2.1000E+01  2.0000E+00  0.0000E+00  6.5080E+00  0.0000E+00  3.8433E+01 -7.1563E-01 -7.1563E-01  6.5080E+00  3.8433E+01 -3.1925E+01 -7.1563E-01
  2.1000E+01  4.0000E+00  0.0000E+00  1.8150E+00  0.0000E+00  4.1473E+01 -8.2381E-01 -8.2381E-01  1.8150E+00  4.1473E+01 -3.9658E+01 -8.2381E-01
  2.1000E+01  8.0000E+00  0.0000E+00  6.6610E+00  0.0000E+00  4.2083E+01 -7.2515E-01 -7.2515E-01  6.6610E+00  4.2083E+01 -3.5422E+01 -7.2515E-01
  2.1000E+01  2.4000E+01  0.0000E+00  6.0000E-01  0.0000E+00  6.4096E+00 -7.8087E-01 -7.8087E-01  6.0000E-01  6.4096E+00 -5.8096E+00 -7.8087E-01
  2.2000E+01  0.0000E+00  5.0000E+05  0.0000E+00  1.0000E+00  0.0000E+00  0.0000E+00  0.0000E+00  0.0000E+00  0.0000E+00  0.0000E+00  0.0000E+00
  2.2000E+01  0.0000E+00  0.0000E+00  0.0000E+00  0.0000E+00  0.0000E+00  0.0000E+00  0.0000E+00  0.0000E+00  0.0000E+00  0.0000E+00  0.0000E+00
  2.2000E+01  5.0000E-01  0.0000E+00  2.0892E+01  0.0000E+00  3.1552E+01 -2.9107E-01 -2.9107E-01  2.0892E+01  3.1552E+01 -1.0660E+01 -2.9107E-01
  2.2000E+01  1.0000E+00  0.0000E+00  2.0896E+01  0.0000E+00  3.7035E+01 -3.7543E-01 -3.7543E-01  2.0896E+01  3.7035E+01 -1.6139E+01 -3.7543E-01
  2.2000E+01  2.0000E+00  0.0000E+00  1.6873E+01  0.0000E+00  4.2825E+01 -5.2208E-01 -5.2208E-01  1.6873E+01  4.2825E+01 -2.5952E+01 -5.2208E-01
  2.2000E+01  4.0000E+00  0.0000E+00  5.7380E+00  0.0000E+00  4.6212E+01 -7.5454E-01 -7.5454E-01  5.7380E+00  4.6212E+01 -4.0474E+01 -7.5454E-01
  2.2000E+01  8.0000E+00  0.0000E+00  1.4398E+01  0.0000E+00  4.6892E+01 -5.9699E-01 -5.9699E-01  1.4398E+01  4.6892E+01 -3.2494E+01 -5.9699E-01
  2.2000E+01  2.4000E+01  0.0000E+00  1.1130E+00  0.0000E+00  7.1420E+00 -7.2726E-01 -7.2726E-01  1.1130E+00  7.1420E+00 -6.0290E+00 -7.2726E-01
  2.3000E+01  0.0000E+00  5.0000E+05  0.0000E+00  1.0000E+00  0.0000E+00  0.0000E+00  0.0000E+00  0.0000E+00  0.0000E+00  0.0000E+00  0.0000E+00
  2.3000E+01  0.0000E+00  0.0000E+00  0.0000E+00  0.0000E+00  0.0000E+00  0.0000E+00  0.0000E+00  0.0000E+00  0.0000E+00  0.0000E+00  0.0000E+00
  2.3000E+01  5.0000E-01  0.0000E+00  6.3520E+01  0.0000E+00  3.1552E+01  8.7285E-01  8.7285E-01  6.3520E+01  3.1552E+01  3.1968E+01  8.7285E-01
  2.3000E+01  1.0000E+00  0.0000E+00  2.7973E+01  0.0000E+00  3.7035E+01 -2.1080E-01 -2.1080E-01  2.7973E+01  3.7035E+01 -9.0622E+00 -2.1080E-01
  2.3000E+01  2.0000E+00  0.0000E+00  1.2101E+01  0.0000E+00  4.2825E+01 -6.1808E-01 -6.1808E-01  1.2101E+01  4.2825E+01 -3.0724E+01 -6.1808E-01
  2.3000E+01  4.0000E+00  0.0000E+00  7.7790E+00  0.0000E+00  4.6212E+01 -7.1649E-01 -7.1649E-01  7.7790E+00  4.6212E+01 -3.8433E+01 -7.1649E-01
  2.3000E+01  8.0000E+00  0.0000E+00  1.1122E+01  0.0000E+00  4.6892E+01 -6.5718E-01 -6.5718E-01  1.1122E+01  4.6892E+01 -3.5770E+01 -6.5718E-01
  2.3000E+01  2.4000E+01  0.0000E+00  6.0000E-01  0.0000E+00  7.1420E+00 -7.8914E-01 -7.8914E-01  6.0000E-01  7.1420E+00 -6.5420E+00 -7.8914E-01
  2.4000E+01  0.0000E+00  5.0000E+05  0.0000E+00  1.0000E+00  0.0000E+00  0.0000E+00  0.0000E+00  0.0000E+00  0.0000E+00  0.0000E+00  0.0000E+00
  2.4000E+01  0.0000E+00  0.0000E+00  0.0000E+00  0.0000E+00  0.0000E+00  0.0000E+00  0.0000E+00  0.0000E+00  0.0000E+00  0.0000E+00  0.0000E+00
  2.4000E+01  5.0000E-01  0.0000E+00  6.2078E+01  0.0000E+00  3.1552E+01  8.3348E-01  8.3348E-01  6.2078E+01  3.1552E+01  3.0526E+01  8.3348E-01
  2.4000E+01  1.0000E+00  0.0000E+00  1.7933E+01  0.0000E+00  3.7035E+01 -4.4436E-01 -4.4436E-01  1.7933E+01  3.7035E+01 -1.9102E+01 -4.4436E-01
  2.4000E+01  2.0000E+00  0.0000E+00  2.0081E+01  0.0000E+00  4.2825E+01 -4.5754E-01 -4.5754E-01  2.0081E+01  4.2825E+01 -2.2744E+01 -4.5754E-01
  2.4000E+01  4.0000E+00  0.0000E+00  1.3612E+01  0.0000E+00  4.6212E+01 -6.0775E-01 -6.0775E-01  1.3612E+01  4.6212E+01 -3.2600E+01 -6.0775E-01
  2.4000E+01  8.0000E+00  0.0000E+00  7.3308E+01  0.0000E+00  4.6892E+01  4.8532E-01  4.8532E-01  7.3308E+01  4.6892E+01  2.6416E+01  4.8532E-01
  2.4000E+01  2.4000E+01  0.0000E+00  1.2590E+00  0.0000E+00  7.1420E+00 -7.0965E-01 -7.0965E-01  1.2590E+00  7.1420E+00 -5.8830E+00 -7.0965E-01
  2.5000E+01  0.0000E+00  1.2500E+05  0.0000E+00  1.0000E+00  0.0000E+00  0.0000E+00  0.0000E+00  0.0000E+00  0.0000E+00  0.0000E+00  0.0000E+00
  2.5000E+01  6.4850E+02  0.0000E+00  7.4066E+01  0.0000E+00  3.0307E+01  1.2439E+00  1.2439E+00  7.4066E+01  3.0307E+01  4.3759E+01  1.2439E+00
  2.5000E+01  6.4900E+02  0.0000E+00  3.0944E+01  0.0000E+00  3.3529E+01 -6.6432E-02 -6.6432E-02  3.0944E+01  3.3529E+01 -2.5855E+00 -6.6432E-02
  2.5000E+01  6.5000E+02  0.0000E+00  6.1250E+00  0.0000E+00  3.6931E+01 -7.1863E-01 -7.1863E-01  6.1250E+00  3.6931E+01 -3.0806E+01 -7.1863E-01
  2.5000E+01  6.5200E+02  0.0000E+00  3.0089E+01  0.0000E+00  3.8921E+01 -1.9550E-01 -1.9550E-01  3.0089E+01  3.8921E+01 -8.8324E+00 -1.9550E-01
  2.5000E+01  6.5600E+02  0.0000E+00  8.4092E+01  0.0000E+00  3.9321E+01  9.8093E-01  9.8093E-01  8.4092E+01  3.9321E+01  4.4771E+01  9.8093E-01
  2.5000E+01  6.7200E+02  0.0000E+00  8.0090E+00  0.0000E+00  5.9881E+00  2.9076E-01  2.9076E-01  8.0090E+00  5.9881E+00  2.0209E+00  2.9076E-01
  2.6000E+01  0.0000E+00  1.2500E+05  0.0000E+00  1.0000E+00  0.0000E+00  0.0000E+00  0.0000E+00  0.0000E+00  0.0000E+00  0.0000E+00  0.0000E+00
  2.6000E+01  6.4850E+02  0.0000E+00  5.0296E+01  0.0000E+00  3.0307E+01  5.6823E-01  5.6823E-01  5.0296E+01  3.0307E+01  1.9989E+01  5.6823E-01
  2.6000E+01  6.4900E+02  0.0000E+00  1.4633E+02  0.0000E+00  3.3529E+01  2.8984E+00  2.8984E+00  1.4633E+02  3.3529E+01  1.1280E+02  2.8984E+00
  2.6000E+01  6.5000E+02  0.0000E+00  8.6660E+00  0.0000E+00  3.6931E+01 -6.5936E-01 -6.5936E-01  8.6660E+00  3.6931E+01 -2.8265E+01 -6.5936E-01
  2.6000E+01  6.5200E+02  0.0000E+00  3.1890E+01  0.0000E+00  3.8921E+01 -1.5564E-01 -1.5564E-01  3.1890E+01  3.8921E+01 -7.0314E+00 -1.5564E-01
  2.6000E+01  6.5600E+02  0.0000E+00  2.1724E+01  0.0000E+00  3.9321E+01 -3.8554E-01 -3.8554E-01  2.1724E+01  3.9321E+01 -1.7597E+01 -3.8554E-01
  2.6000E+01  6.7200E+02  0.0000E+00  2.5220E+00  0.0000E+00  5.9881E+00 -4.9867E-01 -4.9867E-01  2.5220E+00  5.9881E+00 -3.4661E+00 -4.9867E-01
  2.7000E+01  0.0000E+00  1.2500E+05  0.0000E+00  1.0000E+00  0.0000E+00  0.0000E+00  0.0000E+00  0.0000E+00  0.0000E+00  0.0000E+00  0.0000E+00
  2.7000E+01  6.4850E+02  0.0000E+00  2.1252E+02  0.0000E+00  3.0307E+01  5.1796E+00  5.1796E+00  2.1252E+02  3.0307E+01  1.8221E+02  5.1796E+00
  2.7000E+01  6.4900E+02  0.0000E+00  3.0835E+01  0.0000E+00  3.3529E+01 -6.9233E-02 -6.9233E-02  3.0835E+01  3.3529E+01 -2.6945E+00 -6.9233E-02
  2.7000E+01  6.5000E+02  0.0000E+00  1.4641E+02  0.0000E+00  3.6931E+01  2.5538E+00  2.5538E+00  1.4641E+02  3.6931E+01  1.0948E+02  2.5538E+00
  2.7000E+01  6.5200E+02  0.0000E+00  9.8230E+00  0.0000E+00  3.8921E+01 -6.4408E-01 -6.4408E-01  9.8230E+00  3.8921E+01 -2.9098E+01 -6.4408E-01
  2.7000E+01  6.5600E+02  0.0000E+00  3.2820E+01  0.0000E+00  3.9321E+01 -1.4243E-01 -1.4243E-01  3.2820E+01  3.9321E+01 -6.5008E+00 -1.4243E-01
  2.7000E+01  6.7200E+02  0.0000E+00  6.0010E+00  0.0000E+00  5.9881E+00  1.8623E-03  1.8623E-03  6.0010E+00  5.9881E+00  1.2944E-02  1.8623E-03
  2.8000E+01  0.0000E+00  2.5000E+05  0.0000E+00  1.0000E+00  0.0000E+00  0.0000E+00  0.0000E+00  0.0000E+00  0.0000E+00  0.0000E+00  0.0000E+00
  2.8000E+01  6.4850E+02  0.0000E+00  6.4244E+01  0.0000E+00  3.2440E+01  8.4462E-01  8.4462E-01  6.4244E+01  3.2440E+01  3.1804E+01  8.4462E-01
  2.8000E+01  6.4900E+02  0.0000E+00  3.7738E+01  0.0000E+00  3.5890E+01  4.4365E-02  4.4365E-02  3.7738E+01  3.5890E+01  1.8482E+00  4.4365E-02
  2.8000E+01  6.5000E+02  0.0000E+00  9.7220E+00  0.0000E+00  3.9531E+01 -6.4964E-01 -6.4964E-01  9.7220E+00  3.9531E+01 -2.9809E+01 -6.4964E-01
  2.8000E+01  6.5200E+02  0.0000E+00  2.0965E+01  0.0000E+00  4.1661E+01 -4.2798E-01 -4.2798E-01  2.0965E+01  4.1661E+01 -2.0696E+01 -4.2798E-01
  2.8000E+01  6.5600E+02  0.0000E+00  1.0345E+02  0.0000E+00  4.2089E+01  1.2560E+00  1.2560E+00  1.0345E+02  4.2089E+01  6.1361E+01  1.2560E+00
  2.8000E+01  6.7200E+02  0.0000E+00  2.1540E+00  0.0000E+00  6.4096E+00 -5.7199E-01 -5.7199E-01  2.1540E+00  6.4096E+00 -4.2556E+00 -5.7199E-01
  2.9000E+01  0.0000E+00  2.5000E+05  0.0000E+00  1.0000E+00  0.0000E+00  0.0000E+00  0.0000E+00  0.0000E+00  0.0000E+00  0.0000E+00  0.0000E+00
  2.9000E+01  6.4850E+02  0.0000E+00  1.4612E+02  0.0000E+00  3.2440E+01  3.0189E+00  3.0189E+00  1.4612E+02  3.2440E+01  1.1368E+02  3.0189E+00
  2.9000E+01  6.4900E+02  0.0000E+00  2.4291E+01  0.0000E+00  3.5890E+01 -2.7842E-01 -2.7842E-01  2.4291E+01  3.5890E+01 -1.1599E+01 -2.7842E-01
  2.9000E+01  6.5000E+02  0.0000E+00  2.4490E+01  0.0000E+00  3.9531E+01 -3.2779E-01 -3.2779E-01  2.4490E+01  3.9531E+01 -1.5041E+01 -3.2779E-01
  2.9000E+01  6.5200E+02  0.0000E+00  8.2620E+01  0.0000E+00  4.1661E+01  8.4699E-01  8.4699E-01  8.2620E+01  4.1661E+01  4.0959E+01  8.4699E-01
  2.9000E+01  6.5600E+02  0.0000E+00  5.3802E+01  0.0000E+00  4.2089E+01  2.3976E-01  2.3976E-01  5.3802E+01  4.2089E+01  1.1713E+01  2.3976E-01
  2.9000E+01  6.7200E+02  0.0000E+00  1.7604E+01  0.0000E+00  6.4096E+00  1.5046E+00  1.5046E+00  1.7604E+01  6.4096E+00  1.1194E+01  1.5046E+00
  3.0000E+01  0.0000E+00  2.5000E+05  0.0000E+00  1.0000E+00  0.0000E+00  0.0000E+00  0.0000E+00  0.0000E+00  0.0000E+00  0.0000E+00  0.0000E+00
  3.0000E+01  6.4850E+02  0.0000E+00  2.4478E+01  0.0000E+00  3.2440E+01 -2.1145E-01 -2.1145E-01  2.4478E+01  3.2440E+01 -7.9620E+00 -2.1145E-01
  3.0000E+01  6.4900E+02  0.0000E+00  4.3707E+01  0.0000E+00  3.5890E+01  1.8765E-01  1.8765E-01  4.3707E+01  3.5890E+01  7.8172E+00  1.8765E-01
  3.0000E+01  6.5000E+02  0.0000E+00  2.1750E+01  0.0000E+00  3.9531E+01 -3.8751E-01 -3.8751E-01  2.1750E+01  3.9531E+01 -1.7781E+01 -3.8751E-01
  3.0000E+01  6.5200E+02  0.0000E+00  7.7547E+01  0.0000E+00  4.1661E+01  7.4208E-01  7.4208E-01  7.7547E+01  4.1661E+01  3.5886E+01  7.4208E-01
  3.0000E+01  6.5600E+02  0.0000E+00  1.7104E+01  0.0000E+00  4.2089E+01 -5.1141E-01 -5.1141E-01  1.7104E+01  4.2089E+01 -2.4985E+01 -5.1141E-01
  3.0000E+01  6.7200E+02  0.0000E+00  1.4920E+00  0.0000E+00  6.4096E+00 -6.6097E-01 -6.6097E-01  1.4920E+00  6.4096E+00 -4.9176E+00 -6.6097E-01
  3.1000E+01  0.0000E+00  5.0000E+05  0.0000E+00  1.0000E+00  0.0000E+00  0.0000E+00  0.0000E+00  0.0000E+00  0.0000E+00  0.0000E+00  0.0000E+00
  3.1000E+01  6.4850E+02  0.0000E+00  1.4763E+02  0.0000E+00  3.6147E+01  2.6570E+00  2.6570E+00  1.4763E+02  3.6147E+01  1.1148E+02  2.6570E+00
  3.1000E+01  6.4900E+02  0.0000E+00  6.0196E+01  0.0000E+00  3.9991E+01  4.3527E-01  4.3527E-01  6.0196E+01  3.9991E+01  2.0205E+01  4.3527E-01
  3.1000E+01  6.5000E+02  0.0000E+00  4.5454E+01  0.0000E+00  4.4048E+01  2.7499E-02  2.7499E-02  4.5454E+01  4.4048E+01  1.4060E+00  2.7499E-02
  3.1000E+01  6.5200E+02  0.0000E+00  3.7415E+01  0.0000E+00  4.6422E+01 -1.6716E-01 -1.6716E-01  3.7415E+01  4.6422E+01 -9.0070E+00 -1.6716E-01
  3.1000E+01  6.5600E+02  0.0000E+00  2.0174E+02  0.0000E+00  4.6898E+01  2.8443E+00  2.8443E+00  2.0174E+02  4.6898E+01  1.5484E+02  2.8443E+00
  3.1000E+01  6.7200E+02  0.0000E+00  4.0700E+00  0.0000E+00  7.1420E+00 -3.7057E-01 -3.7057E-01  4.0700E+00  7.1420E+00 -3.0720E+00 -3.7057E-01
  3.2000E+01  0.0000E+00  5.0000E+05  0.0000E+00  1.0000E+00  0.0000E+00  0.0000E+00  0.0000E+00  0.0000E+00  0.0000E+00  0.0000E+00  0.0000E+00
  3.2000E+01  6.4850E+02  0.0000E+00  2.4420E+01  0.0000E+00  3.6147E+01 -2.7950E-01 -2.7950E-01  2.4420E+01  3.6147E+01 -1.1727E+01 -2.7950E-01
  3.2000E+01  6.4900E+02  0.0000E+00  4.5068E+01  0.0000E+00  3.9991E+01  1.0937E-01  1.0937E-01  4.5068E+01  3.9991E+01  5.0770E+00  1.0937E-01
  3.2000E+01  6.5000E+02  0.0000E+00  1.5002E+02  0.0000E+00  4.4048E+01  2.0727E+00  2.0727E+00  1.5002E+02  4.4048E+01  1.0598E+02  2.0727E+00
  3.2000E+01  6.5200E+02  0.0000E+00  8.7104E+01  0.0000E+00  4.6422E+01  7.5499E-01  7.5499E-01  8.7104E+01  4.6422E+01  4.0682E+01  7.5499E-01
  3.2000E+01  6.5600E+02  0.0000E+00  6.0706E+01  0.0000E+00  4.6898E+01  2.5365E-01  2.5365E-01  6.0706E+01  4.6898E+01  1.3808E+01  2.5365E-01
  3.2000E+01  6.7200E+02  0.0000E+00  2.8840E+01  0.0000E+00  7.1420E+00  2.6173E+00  2.6173E+00  2.8840E+01  7.1420E+00  2.1698E+01  2.6173E+00
  3.3000E+01  0.0000E+00  5.0000E+05  0.0000E+00  1.0000E+00  0.0000E+00  0.0000E+00  0.0000E+00  0.0000E+00  0.0000E+00  0.0000E+00  0.0000E+00
  3.3000E+01  6.4850E+02  0.0000E+00  9.8501E+01  0.0000E+00  3.6147E+01  1.4861E+00  1.4861E+00  9.8501E+01  3.6147E+01  6.2354E+01  1.4861E+00
  3.3000E+01  6.4900E+02  0.0000E+00  5.3954E+01  0.0000E+00  3.9991E+01  3.0080E-01  3.0080E-01  5.3954E+01  3.9991E+01  1.3963E+01  3.0080E-01
  3.3000E+01  6.5000E+02  0.0000E+00  6.4530E+01  0.0000E+00  4.4048E+01  4.0060E-01  4.0060E-01  6.4530E+01  4.4048E+01  2.0482E+01  4.0060E-01
  3.3000E+01  6.5200E+02  0.0000E+00  1.3317E+02  0.0000E+00  4.6422E+01  1.6099E+00  1.6099E+00  1.3317E+02  4.6422E+01  8.6750E+01  1.6099E+00
  3.3000E+01  6.5600E+02  0.0000E+00  3.9382E+01  0.0000E+00  4.6898E+01 -1.3807E-01 -1.3807E-01  3.9382E+01  4.6898E+01 -7.5163E+00 -1.3807E-01
  3.3000E+01  6.7200E+02  0.0000E+00  3.0098E+01  0.0000E+00  7.1420E+00  2.7691E+00  2.7691E+00  3.0098E+01  7.1420E+00  2.2956E+01  2.7691E+00
  3.4000E+01  0.0000E+00  1.2500E+05  0.0000E+00  1.0000E+00  0.0000E+00  0.0000E+00  0.0000E+00  0.0000E+00  0.0000E+00  0.0000E+00  0.0000E+00
  3.4000E+01  6.4850E+02  0.0000E+00  3.5010E+01  0.0000E+00  3.0307E+01  1.3370E-01  1.3370E-01  3.5010E+01  3.0307E+01  4.7034E+00  1.3370E-01
  3.4000E+01  6.4900E+02  0.0000E+00  5.0250E+00  0.0000E+00  3.3529E+01 -7.3240E-01 -7.3240E-01  5.0250E+00  3.3529E+01 -2.8504E+01 -7.3240E-01
  3.4000E+01  6.5000E+02  0.0000E+00  0.0000E+00  1.0000E+00  3.6931E+01  0.0000E+00 -8.6151E-01  0.0000E+00  3.6931E+01  0.0000E+00  0.0000E+00
  3.4000E+01  6.5200E+02  0.0000E+00  6.2690E+00  0.0000E+00  3.8921E+01 -7.2275E-01 -7.2275E-01  6.2690E+00  3.8921E+01 -3.2652E+01 -7.2275E-01
  3.4000E+01  6.5600E+02  0.0000E+00  3.5510E+00  0.0000E+00  3.9321E+01 -7.8371E-01 -7.8371E-01  3.5510E+00  3.9321E+01 -3.5770E+01 -7.8371E-01
  3.4000E+01  6.7200E+02  0.0000E+00  6.0000E-01  0.0000E+00  5.9881E+00 -7.7519E-01 -7.7519E-01  6.0000E-01  5.9881E+00 -5.3881E+00 -7.7519E-01
  3.5000E+01  0.0000E+00  1.2500E+05  0.0000E+00  1.0000E+00  0.0000E+00  0.0000E+00  0.0000E+00  0.0000E+00  0.0000E+00  0.0000E+00  0.0000E+00
  3.5000E+01  6.4850E+02  0.0000E+00  2.1542E+01  0.0000E+00  3.0307E+01 -2.4915E-01 -2.4915E-01  2.1542E+01  3.0307E+01 -8.7646E+00 -2.4915E-01
  3.5000E+01  6.4900E+02  0.0000E+00  8.6120E+00  0.0000E+00  3.3529E+01 -6.4024E-01 -6.4024E-01  8.6120E+00  3.3529E+01 -2.4917E+01 -6.4024E-01
  3.5000E+01  6.5000E+02  0.0000E+00  6.8900E+00  0.0000E+00  3.6931E+01 -7.0079E-01 -7.0079E-01  6.8900E+00  3.6931E+01 -3.0041E+01 -7.0079E-01
  3.5000E+01  6.5200E+02  0.0000E+00  2.5340E+00  0.0000E+00  3.8921E+01 -8.0542E-01 -8.0542E-01  2.5340E+00  3.8921E+01 -3.6387E+01 -8.0542E-01
  3.5000E+01  6.5600E+02  0.0000E+00  5.9780E+00  0.0000E+00  3.9321E+01 -7.3054E-01 -7.3054E-01  5.9780E+00  3.9321E+01 -3.3343E+01 -7.3054E-01
  3.5000E+01  6.7200E+02  0.0000E+00  6.0000E-01  0.0000E+00  5.9881E+00 -7.7519E-01 -7.7519E-01  6.0000E-01  5.9881E+00 -5.3881E+00 -7.7519E-01
  3.6000E+01  0.0000E+00  1.2500E+05  0.0000E+00  1.0000E+00  0.0000E+00  0.0000E+00  0.0000E+00  0.0000E+00  0.0000E+00  0.0000E+00  0.0000E+00
  3.6000E+01  6.4850E+02  0.0000E+00  3.4776E+01  0.0000E+00  3.0307E+01  1.2705E-01  1.2705E-01  3.4776E+01  3.0307E+01  4.4694E+00  1.2705E-01
  3.6000E+01  6.4900E+02  0.0000E+00  1.3631E+01  0.0000E+00  3.3529E+01 -5.1128E-01 -5.1128E-01  1.3631E+01  3.3529E+01 -1.9898E+01 -5.1128E-01
  3.6000E+01  6.5000E+02  0.0000E+00  4.0710E+00  0.0000E+00  3.6931E+01 -7.6655E-01 -7.6655E-01  4.0710E+00  3.6931E+01 -3.2860E+01 -7.6655E-01
  3.6000E+01  6.5200E+02  0.0000E+00  4.7670E+00  0.0000E+00  3.8921E+01 -7.5600E-01 -7.5600E-01  4.7670E+00  3.8921E+01 -3.4154E+01 -7.5600E-01
  3.6000E+01  6.5600E+02  0.0000E+00  5.2920E+00  0.0000E+00  3.9321E+01 -7.4557E-01 -7.4557E-01  5.2920E+00  3.9321E+01 -3.4029E+01 -7.4557E-01
  3.6000E+01  6.7200E+02  0.0000E+00  6.0000E-01  0.0000E+00  5.9881E+00 -7.7519E-01 -7.7519E-01  6.0000E-01  5.9881E+00 -5.3881E+00 -7.7519E-01
  3.7000E+01  0.0000E+00  2.5000E+05  0.0000E+00  1.0000E+00  0.0000E+00  0.0000E+00  0.0000E+00  0.0000E+00  0.0000E+00  0.0000E+00  0.0000E+00
  3.7000E+01  6.4850E+02  0.0000E+00  2.8486E+01  0.0000E+00  3.2440E+01 -1.0501E-01 -1.0501E-01  2.8486E+01  3.2440E+01 -3.9540E+00 -1.0501E-01
  3.7000E+01  6.4900E+02  0.0000E+00  1.1131E+01  0.0000E+00  3.5890E+01 -5.9432E-01 -5.9432E-01  1.1131E+01  3.5890E+01 -2.4759E+01 -5.9432E-01
  3.7000E+01  6.5000E+02  0.0000E+00  1.5256E+01  0.0000E+00  3.9531E+01 -5.2903E-01 -5.2903E-01  1.5256E+01  3.9531E+01 -2.4275E+01 -5.2903E-01
  3.7000E+01  6.5200E+02  0.0000E+00  1.0727E+01  0.0000E+00  4.1661E+01 -6.3969E-01 -6.3969E-01  1.0727E+01  4.1661E+01 -3.0934E+01 -6.3969E-01
  3.7000E+01  6.5600E+02  0.0000E+00  4.5780E+00  0.0000E+00  4.2089E+01 -7.6781E-01 -7.6781E-01  4.5780E+00  4.2089E+01 -3.7511E+01 -7.6781E-01
  3.7000E+01  6.7200E+02  0.0000E+00  1.0060E+00  0.0000E+00  6.4096E+00 -7.2630E-01 -7.2630E-01  1.0060E+00  6.4096E+00 -5.4036E+00 -7.2630E-01
  3.8000E+01  0.0000E+00  2.5000E+05  0.0000E+00  1.0000E+00  0.0000E+00  0.0000E+00  0.0000E+00  0.0000E+00  0.0000E+00  0.0000E+00  0.0000E+00
  3.8000E+01  6.4850E+02  0.0000E+00  3.0100E+01  0.0000E+00  3.2440E+01 -6.2144E-02 -6.2144E-02  3.0100E+01  3.2440E+01 -2.3400E+00 -6.2144E-02
  3.8000E+01  6.4900E+02  0.0000E+00  2.6832E+01  0.0000E+00  3.5890E+01 -2.1743E-01 -2.1743E-01  2.6832E+01  3.5890E+01 -9.0578E+00 -2.1743E-01
  3.8000E+01  6.5000E+02  0.0000E+00  1.0962E+01  0.0000E+00  3.9531E+01 -6.2261E-01 -6.2261E-01  1.0962E+01  3.9531E+01 -2.8569E+01 -6.2261E-01
  3.8000E+01  6.5200E+02  0.0000E+00  1.5374E+01  0.0000E+00  4.1661E+01 -5.4359E-01 -5.4359E-01  1.5374E+01  4.1661E+01 -2.6287E+01 -5.4359E-01
  3.8000E+01  6.5600E+02  0.0000E+00  1.1924E+01  0.0000E+00  4.2089E+01 -6.1744E-01 -6.1744E-01  1.1924E+01  4.2089E+01 -3.0165E+01 -6.1744E-01
  3.8000E+01  6.7200E+02  0.0000E+00  2.0360E+00  0.0000E+00  6.4096E+00 -5.8785E-01 -5.8785E-01  2.0360E+00  6.4096E+00 -4.3736E+00 -5.8785E-01
  3.9000E+01  0.0000E+00  2.5000E+05  0.0000E+00  1.0000E+00  0.0000E+00  0.0000E+00  0.0000E+00  0.0000E+00  0.0000E+00  0.0000E+00  0.0000E+00
  3.9000E+01  6.4850E+02  0.0000E+00  4.0823E+01  0.0000E+00  3.2440E+01  2.2263E-01  2.2263E-01  4.0823E+01  3.2440E+01  8.3830E+00  2.2263E-01
  3.9000E+01  6.4900E+02  0.0000E+00  1.4413E+01  0.0000E+00  3.5890E+01 -5.1554E-01 -5.1554E-01  1.4413E+01  3.5890E+01 -2.1477E+01 -5.1554E-01
  3.9000E+01  6.5000E+02  0.0000E+00  1.2523E+01  0.0000E+00  3.9531E+01 -5.8859E-01 -5.8859E-01  1.2523E+01  3.9531E+01 -2.7008E+01 -5.8859E-01
  3.9000E+01  6.5200E+02  0.0000E+00  1.5130E+01  0.0000E+00  4.1661E+01 -5.4864E-01 -5.4864E-01  1.5130E+01  4.1661E+01 -2.6531E+01 -5.4864E-01
  3.9000E+01  6.5600E+02  0.0000E+00  5.8410E+00  0.0000E+00  4.2089E+01 -7.4195E-01 -7.4195E-01  5.8410E+00  4.2089E+01 -3.6248E+01 -7.4195E-01
  3.9000E+01  6.7200E+02  0.0000E+00  1.7660E+00  0.0000E+00  6.4096E+00 -6.2415E-01 -6.2415E-01  1.7660E+00  6.4096E+00 -4.6436E+00 -6.2415E-01
  4.0000E+01  0.0000E+00  5.0000E+05  0.0000E+00  1.0000E+00  0.0000E+00  0.0000E+00  0.0000E+00  0.0000E+00  0.0000E+00  0.0000E+00  0.0000E+00
  4.0000E+01  6.4850E+02  0.0000E+00  4.5391E+01  0.0000E+00  3.6147E+01  2.2032E-01  2.2032E-01  4.5391E+01  3.6147E+01  9.2440E+00  2.2032E-01
  4.0000E+01  6.4900E+02  0.0000E+00  3.4480E+01  0.0000E+00  3.9991E+01 -1.1872E-01 -1.1872E-01  3.4480E+01  3.9991E+01 -5.5110E+00 -1.1872E-01
  4.0000E+01  6.5000E+02  0.0000E+00  1.3880E+01  0.0000E+00  4.4048E+01 -5.9004E-01 -5.9004E-01  1.3880E+01  4.4048E+01 -3.0168E+01 -5.9004E-01
  4.0000E+01  6.5200E+02  0.0000E+00  2.0645E+01  0.0000E+00  4.6422E+01 -4.7838E-01 -4.7838E-01  2.0645E+01  4.6422E+01 -2.5777E+01 -4.7838E-01
  4.0000E+01  6.5600E+02  0.0000E+00  4.6133E+01  0.0000E+00  4.6898E+01 -1.4058E-02 -1.4058E-02  4.6133E+01  4.6898E+01 -7.6530E-01 -1.4058E-02
  4.0000E+01  6.7200E+02  0.0000E+00  9.7100E-01  0.0000E+00  7.1420E+00 -7.4439E-01 -7.4439E-01  9.7100E-01  7.1420E+00 -6.1710E+00 -7.4439E-01
  4.1000E+01  0.0000E+00  5.0000E+05  0.0000E+00  1.0000E+00  0.0000E+00  0.0000E+00  0.0000E+00  0.0000E+00  0.0000E+00  0.0000E+00  0.0000E+00
  4.1000E+01  6.4850E+02  0.0000E+00  6.4231E+01  0.0000E+00  3.6147E+01  6.6934E-01  6.6934E-01  6.4231E+01  3.6147E+01  2.8084E+01  6.6934E-01
  4.1000E+01  6.4900E+02  0.0000E+00  2.8485E+01  0.0000E+00  3.9991E+01 -2.4787E-01 -2.4787E-01  2.8485E+01  3.9991E+01 -1.1506E+01 -2.4787E-01
  4.1000E+01  6.5000E+02  0.0000E+00  9.4640E+00  0.0000E+00  4.4048E+01 -6.7641E-01 -6.7641E-01  9.4640E+00  4.4048E+01 -3.4584E+01 -6.7641E-01
  4.1000E+01  6.5200E+02  0.0000E+00  3.0919E+01  0.0000E+00  4.6422E+01 -2.8771E-01 -2.8771E-01  3.0919E+01  4.6422E+01 -1.5503E+01 -2.8771E-01
  4.1000E+01  6.5600E+02  0.0000E+00  2.5956E+01  0.0000E+00  4.6898E+01 -3.8471E-01 -3.8471E-01  2.5956E+01  4.6898E+01 -2.0942E+01 -3.8471E-01
  4.1000E+01  6.7200E+02  0.0000E+00  6.0000E-01  0.0000E+00  7.1420E+00 -7.8914E-01 -7.8914E-01  6.0000E-01  7.1420E+00 -6.5420E+00 -7.8914E-01
  4.2000E+01  0.0000E+00  5.0000E+05  0.0000E+00  1.0000E+00  0.0000E+00  0.0000E+00  0.0000E+00  0.0000E+00  0.0000E+00  0.0000E+00  0.0000E+00
  4.2000E+01  6.4850E+02  0.0000E+00  4.0872E+01  0.0000E+00  3.6147E+01  1.1261E-01  1.1261E-01  4.0872E+01  3.6147E+01  4.7250E+00  1.1261E-01
  4.2000E+01  6.4900E+02  0.0000E+00  1.4567E+01  0.0000E+00  3.9991E+01 -5.4770E-01 -5.4770E-01  1.4567E+01  3.9991E+01 -2.5424E+01 -5.4770E-01
  4.2000E+01  6.5000E+02  0.0000E+00  3.1051E+01  0.0000E+00  4.4048E+01 -2.5420E-01 -2.5420E-01  3.1051E+01  4.4048E+01 -1.2997E+01 -2.5420E-01
  4.2000E+01  6.5200E+02  0.0000E+00  1.0596E+01  0.0000E+00  4.6422E+01 -6.6487E-01 -6.6487E-01  1.0596E+01  4.6422E+01 -3.5826E+01 -6.6487E-01
  4.2000E+01  6.5600E+02  0.0000E+00  1.9287E+01  0.0000E+00  4.6898E+01 -5.0721E-01 -5.0721E-01  1.9287E+01  4.6898E+01 -2.7611E+01 -5.0721E-01
  4.2000E+01  6.7200E+02  0.0000E+00  6.0000E-01  0.0000E+00  7.1420E+00 -7.8914E-01 -7.8914E-01  6.0000E-01  7.1420E+00 -6.5420E+00 -7.8914E-01
  4.3000E+01  0.0000E+00  3.0000E+05  0.0000E+00  1.0000E+00  0.0000E+00  0.0000E+00  0.0000E+00  0.0000E+00  0.0000E+00  0.0000E+00  0.0000E+00
  4.3000E+01  0.0000E+00  0.0000E+00  0.0000E+00  0.0000E+00  0.0000E+00  0.0000E+00  0.0000E+00  0.0000E+00  0.0000E+00  0.0000E+00  0.0000E+00
  4.3000E+01  5.0000E-01  0.0000E+00  1.3907E+02  0.0000E+00  2.8986E+01  3.2719E+00  3.2719E+00  1.3907E+02  2.8986E+01  1.1008E+02  3.2719E+00
  4.3000E+01  1.0000E+00  0.0000E+00  5.9990E+01  0.0000E+00  3.4023E+01  6.5754E-01  6.5754E-01  5.9990E+01  3.4023E+01  2.5967E+01  6.5754E-01
  4.3000E+01  2.0000E+00  0.0000E+00  3.9920E+01  0.0000E+00  3.9341E+01  1.2675E-02  1.2675E-02  3.9920E+01  3.9341E+01  5.7880E-01  1.2675E-02
  4.3000E+01  4.0000E+00  0.0000E+00  2.2690E+01  0.0000E+00  4.2453E+01 -4.0106E-01 -4.0106E-01  2.2690E+01  4.2453E+01 -1.9763E+01 -4.0106E-01
  4.3000E+01  8.0000E+00  0.0000E+00  3.2950E+01  0.0000E+00  4.3078E+01 -2.0255E-01 -2.0255E-01  3.2950E+01  4.3078E+01 -1.0128E+01 -2.0255E-01
  4.4000E+01  0.0000E+00  3.0000E+05  0.0000E+00  1.0000E+00  0.0000E+00  0.0000E+00  0.0000E+00  0.0000E+00  0.0000E+00  0.0000E+00  0.0000E+00
  4.4000E+01  0.0000E+00  0.0000E+00  0.0000E+00  0.0000E+00  0.0000E+00  0.0000E+00  0.0000E+00  0.0000E+00  0.0000E+00  0.0000E+00  0.0000E+00
  4.4000E+01  5.0000E-01  0.0000E+00  7.3190E+01  0.0000E+00  2.8986E+01  1.3138E+00  1.3138E+00  7.3190E+01  2.8986E+01  4.4204E+01  1.3138E+00
  4.4000E+01  1.0000E+00  0.0000E+00  3.4490E+01  0.0000E+00  3.4023E+01  1.1836E-02  1.1836E-02  3.4490E+01  3.4023E+01  4.6742E-01  1.1836E-02
  4.4000E+01  2.0000E+00  0.0000E+00  3.0340E+01  0.0000E+00  3.9341E+01 -1.9711E-01 -1.9711E-01  3.0340E+01  3.9341E+01 -9.0012E+00 -1.9711E-01
  4.4000E+01  4.0000E+00  0.0000E+00  1.1700E+01  0.0000E+00  4.2453E+01 -6.2408E-01 -6.2408E-01  1.1700E+01  4.2453E+01 -3.0753E+01 -6.2408E-01
  4.4000E+01  8.0000E+00  0.0000E+00  2.7960E+01  0.0000E+00  4.3078E+01 -3.0234E-01 -3.0234E-01  2.7960E+01  4.3078E+01 -1.5118E+01 -3.0234E-01
  4.5000E+01  0.0000E+00  3.0000E+05  0.0000E+00  1.0000E+00  0.0000E+00  0.0000E+00  0.0000E+00  0.0000E+00  0.0000E+00  0.0000E+00  0.0000E+00
  4.5000E+01  0.0000E+00  0.0000E+00  0.0000E+00  0.0000E+00  0.0000E+00  0.0000E+00  0.0000E+00  0.0000E+00  0.0000E+00  0.0000E+00  0.0000E+00
  4.5000E+01  5.0000E-01  0.0000E+00  4.8070E+01  0.0000E+00  2.8986E+01  5.6722E-01  5.6722E-01  4.8070E+01  2.8986E+01  1.9084E+01  5.6722E-01
  4.5000E+01  1.0000E+00  0.0000E+00  4.1740E+01  0.0000E+00  3.4023E+01  1.9542E-01  1.9542E-01  4.1740E+01  3.4023E+01  7.7174E+00  1.9542E-01
  4.5000E+01  2.0000E+00  0.0000E+00  2.8020E+01  0.0000E+00  3.9341E+01 -2.4792E-01 -2.4792E-01  2.8020E+01  3.9341E+01 -1.1321E+01 -2.4792E-01
  4.5000E+01  4.0000E+00  0.0000E+00  1.6530E+01  0.0000E+00  4.2453E+01 -5.2607E-01 -5.2607E-01  1.6530E+01  4.2453E+01 -2.5923E+01 -5.2607E-01
  4.5000E+01  8.0000E+00  0.0000E+00  1.3990E+01  0.0000E+00  4.3078E+01 -5.8173E-01 -5.8173E-01  1.3990E+01  4.3078E+01 -2.9088E+01 -5.8173E-01
  4.6000E+01  0.0000E+00  8.0000E+05  0.0000E+00  1.0000E+00  0.0000E+00  0.0000E+00  0.0000E+00  0.0000E+00  0.0000E+00  0.0000E+00  0.0000E+00
  4.6000E+01  0.0000E+00  0.0000E+00  0.0000E+00  0.0000E+00  0.0000E+00  0.0000E+00  0.0000E+00  0.0000E+00  0.0000E+00  0.0000E+00  0.0000E+00
  4.6000E+01  5.0000E-01  0.0000E+00  7.8270E+01  0.0000E+00  3.5298E+01  1.0488E+00  1.0488E+00  7.8270E+01  3.5298E+01  4.2972E+01  1.0488E+00
  4.6000E+01  1.0000E+00  0.0000E+00  7.9700E+01  0.0000E+00  4.1432E+01  7.9574E-01  7.9574E-01  7.9700E+01  4.1432E+01  3.8268E+01  7.9574E-01
  4.6000E+01  2.0000E+00  0.0000E+00  4.3450E+01  0.0000E+00  4.7908E+01 -8.0173E-02 -8.0173E-02  4.3450E+01  4.7908E+01 -4.4584E+00 -8.0173E-02
  4.6000E+01  4.0000E+00  0.0000E+00  4.6070E+01  0.0000E+00  5.1698E+01 -9.3792E-02 -9.3792E-02  4.6070E+01  5.1698E+01 -5.6283E+00 -9.3792E-02
  4.6000E+01  8.0000E+00  0.0000E+00  8.2900E+01  0.0000E+00  5.2459E+01  4.9993E-01  4.9993E-01  8.2900E+01  5.2459E+01  3.0441E+01  4.9993E-01
  4.7000E+01  0.0000E+00  8.0000E+05  0.0000E+00  1.0000E+00  0.0000E+00  0.0000E+00  0.0000E+00  0.0000E+00  0.0000E+00  0.0000E+00  0.0000E+00
  4.7000E+01  0.0000E+00  0.0000E+00  0.0000E+00  0.0000E+00  0.0000E+00  0.0000E+00  0.0000E+00  0.0000E+00  0.0000E+00  0.0000E+00  0.0000E+00
  4.7000E+01  5.0000E-01  0.0000E+00  5.4280E+01  0.0000E+00  3.5298E+01  4.6329E-01  4.6329E-01  5.4280E+01  3.5298E+01  1.8982E+01  4.6329E-01
  4.7000E+01  1.0000E+00  0.0000E+00  1.3120E+01  0.0000E+00  4.1432E+01 -5.8870E-01 -5.8870E-01  1.3120E+01  4.1432E+01 -2.8312E+01 -5.8870E-01
  4.7000E+01  2.0000E+00  0.0000E+00  6.8020E+01  0.0000E+00  4.7908E+01  3.6166E-01  3.6166E-01  6.8020E+01  4.7908E+01  2.0112E+01  3.6166E-01
  4.7000E+01  4.0000E+00  0.0000E+00  5.8220E+01  0.0000E+00  5.1698E+01  1.0868E-01  1.0868E-01  5.8220E+01  5.1698E+01  6.5217E+00  1.0868E-01
  4.7000E+01  8.0000E+00  0.0000E+00  3.2920E+01  0.0000E+00  5.2459E+01 -3.2088E-01 -3.2088E-01  3.2920E+01  5.2459E+01 -1.9539E+01 -3.2088E-01
  4.8000E+01  0.0000E+00  8.0000E+05  0.0000E+00  1.0000E+00  0.0000E+00  0.0000E+00  0.0000E+00  0.0000E+00  0.0000E+00  0.0000E+00  0.0000E+00
  4.8000E+01  0.0000E+00  0.0000E+00  0.0000E+00  0.0000E+00  0.0000E+00  0.0000E+00  0.0000E+00  0.0000E+00  0.0000E+00  0.0000E+00  0.0000E+00
  4.8000E+01  5.0000E-01  0.0000E+00  3.6880E+01  0.0000E+00  3.5298E+01  3.8613E-02  3.8613E-02  3.6880E+01  3.5298E+01  1.5821E+00  3.8613E-02
  4.8000E+01  1.0000E+00  0.0000E+00  7.5550E+01  0.0000E+00  4.1432E+01  7.0945E-01  7.0945E-01  7.5550E+01  4.1432E+01  3.4118E+01  7.0945E-01
  4.8000E+01  2.0000E+00  0.0000E+00  4.8520E+01  0.0000E+00  4.7908E+01  1.0998E-02  1.0998E-02  4.8520E+01  4.7908E+01  6.1159E-01  1.0998E-02
  4.8000E+01  4.0000E+00  0.0000E+00  4.8470E+01  0.0000E+00  5.1698E+01 -5.3798E-02 -5.3798E-02  4.8470E+01  5.1698E+01 -3.2283E+00 -5.3798E-02
  4.8000E+01  8.0000E+00  0.0000E+00  1.6480E+01  0.0000E+00  5.2459E+01 -5.9087E-01 -5.9087E-01  1.6480E+01  5.2459E+01 -3.5979E+01 -5.9087E-01
  4.9000E+01  0.0000E+00  1.5000E+06  0.0000E+00  1.0000E+00  0.0000E+00  0.0000E+00  0.0000E+00  0.0000E+00  0.0000E+00  0.0000E+00  0.0000E+00
  4.9000E+01  0.0000E+00  0.0000E+00  0.0000E+00  0.0000E+00  0.0000E+00  0.0000E+00  0.0000E+00  0.0000E+00  0.0000E+00  0.0000E+00  0.0000E+00
  4.9000E+01  5.0000E-01  0.0000E+00  8.4140E+01  0.0000E+00  4.3939E+01  7.8821E-01  7.8821E-01  8.4140E+01  4.3939E+01  4.0201E+01  7.8821E-01
  4.9000E+01  1.0000E+00  0.0000E+00  5.6530E+01  0.0000E+00  5.1575E+01  8.2776E-02  8.2776E-02  5.6530E+01  5.1575E+01  4.9554E+00  8.2776E-02
  4.9000E+01  2.0000E+00  0.0000E+00  3.9120E+01  0.0000E+00  5.9637E+01 -2.9639E-01 -2.9639E-01  3.9120E+01  5.9637E+01 -2.0517E+01 -2.9639E-01
  4.9000E+01  4.0000E+00  0.0000E+00  3.1620E+01  0.0000E+00  6.4355E+01 -4.3822E-01 -4.3822E-01  3.1620E+01  6.4355E+01 -3.2735E+01 -4.3822E-01
  4.9000E+01  8.0000E+00  0.0000E+00  2.3630E+01  0.0000E+00  6.5301E+01 -5.4977E-01 -5.4977E-01  2.3630E+01  6.5301E+01 -4.1671E+01 -5.4977E-01
  5.0000E+01  0.0000E+00  1.5000E+06  0.0000E+00  1.0000E+00  0.0000E+00  0.0000E+00  0.0000E+00  0.0000E+00  0.0000E+00  0.0000E+00  0.0000E+00
  5.0000E+01  0.0000E+00  0.0000E+00  0.0000E+00  0.0000E+00  0.0000E+00  0.0000E+00  0.0000E+00  0.0000E+00  0.0000E+00  0.0000E+00  0.0000E+00
  5.0000E+01  5.0000E-01  0.0000E+00  1.3535E+02  0.0000E+00  4.3939E+01  1.7923E+00  1.7923E+00  1.3535E+02  4.3939E+01  9.1411E+01  1.7923E+00
  5.0000E+01  1.0000E+00  0.0000E+00  1.8297E+02  0.0000E+00  5.1575E+01  2.1949E+00  2.1949E+00  1.8297E+02  5.1575E+01  1.3140E+02  2.1949E+00
  5.0000E+01  2.0000E+00  0.0000E+00  5.5430E+01  0.0000E+00  5.9637E+01 -6.0775E-02 -6.0775E-02  5.5430E+01  5.9637E+01 -4.2070E+00 -6.0775E-02
  5.0000E+01  4.0000E+00  0.0000E+00  7.1500E+01  0.0000E+00  6.4355E+01  9.5653E-02  9.5653E-02  7.1500E+01  6.4355E+01  7.1452E+00  9.5653E-02
  5.0000E+01  8.0000E+00  0.0000E+00  1.0810E+02  0.0000E+00  6.5301E+01  5.6464E-01  5.6464E-01  1.0810E+02  6.5301E+01  4.2799E+01  5.6464E-01
  5.1000E+01  0.0000E+00  1.5000E+06  0.0000E+00  1.0000E+00  0.0000E+00  0.0000E+00  0.0000E+00  0.0000E+00  0.0000E+00  0.0000E+00  0.0000E+00
  5.1000E+01  0.0000E+00  0.0000E+00  0.0000E+00  0.0000E+00  0.0000E+00  0.0000E+00  0.0000E+00  0.0000E+00  0.0000E+00  0.0000E+00  0.0000E+00
  5.1000E+01  5.0000E-01  0.0000E+00  6.1340E+01  0.0000E+00  4.3939E+01  3.4117E-01  3.4117E-01  6.1340E+01  4.3939E+01  1.7401E+01  3.4117E-01
  5.1000E+01  2.0000E+00  0.0000E+00  6.0580E+01  0.0000E+00  5.9637E+01  1.3622E-02  1.3622E-02  6.0580E+01  5.9637E+01  9.4296E-01  1.3622E-02
  5.1000E+01  4.0000E+00  0.0000E+00  5.8890E+01  0.0000E+00  6.4355E+01 -7.3157E-02 -7.3157E-02  5.8890E+01  6.4355E+01 -5.4648E+00 -7.3157E-02
  5.1000E+01  8.0000E+00  0.0000E+00  7.5560E+01  0.0000E+00  6.5301E+01  1.3534E-01  1.3534E-01  7.5560E+01  6.5301E+01  1.0259E+01  1.3534E-01
  5.2000E+01  0.0000E+00  3.0000E+05  0.0000E+00  1.0000E+00  0.0000E+00  0.0000E+00  0.0000E+00  0.0000E+00  0.0000E+00  0.0000E+00  0.0000E+00
  5.2000E+01  0.0000E+00  0.0000E+00  0.0000E+00  0.0000E+00  0.0000E+00  0.0000E+00  0.0000E+00  0.0000E+00  0.0000E+00  0.0000E+00  0.0000E+00
  5.2000E+01  5.0000E-01  0.0000E+00  4.9570E+01  0.0000E+00  2.8986E+01  6.1180E-01  6.1180E-01  4.9570E+01  2.8986E+01  2.0584E+01  6.1180E-01
  5.2000E+01  1.0000E+00  0.0000E+00  1.3940E+01  0.0000E+00  3.4023E+01 -5.0853E-01 -5.0853E-01  1.3940E+01  3.4023E+01 -2.0083E+01 -5.0853E-01
  5.2000E+01  2.0000E+00  0.0000E+00  3.3956E+02  0.0000E+00  3.9341E+01  6.5743E+00  6.5743E+00  3.3956E+02  3.9341E+01  3.0022E+02  6.5743E+00
  5.2000E+01  4.0000E+00  0.0000E+00  1.5160E+01  0.0000E+00  4.2453E+01 -5.5387E-01 -5.5387E-01  1.5160E+01  4.2453E+01 -2.7293E+01 -5.5387E-01
  5.2000E+01  8.0000E+00  0.0000E+00  2.4800E+00  0.0000E+00  4.3078E+01 -8.1192E-01 -8.1192E-01  2.4800E+00  4.3078E+01 -4.0598E+01 -8.1192E-01
  5.3000E+01  0.0000E+00  3.0000E+05  0.0000E+00  1.0000E+00  0.0000E+00  0.0000E+00  0.0000E+00  0.0000E+00  0.0000E+00  0.0000E+00  0.0000E+00
  5.3000E+01  0.0000E+00  0.0000E+00  0.0000E+00  0.0000E+00  0.0000E+00  0.0000E+00  0.0000E+00  0.0000E+00  0.0000E+00  0.0000E+00  0.0000E+00
  5.3000E+01  5.0000E-01  0.0000E+00  2.7510E+01  0.0000E+00  2.8986E+01 -4.3863E-02 -4.3863E-02  2.7510E+01  2.8986E+01 -1.4758E+00 -4.3863E-02
  5.3000E+01  1.0000E+00  0.0000E+00  2.4070E+01  0.0000E+00  3.4023E+01 -2.5202E-01 -2.5202E-01  2.4070E+01  3.4023E+01 -9.9526E+00 -2.5202E-01
  5.3000E+01  2.0000E+00  0.0000E+00  3.0780E+01  0.0000E+00  3.9341E+01 -1.8748E-01 -1.8748E-01  3.0780E+01  3.9341E+01 -8.5612E+00 -1.8748E-01
  5.3000E+01  4.0000E+00  0.0000E+00  6.7200E+00  0.0000E+00  4.2453E+01 -7.2514E-01 -7.2514E-01  6.7200E+00  4.2453E+01 -3.5733E+01 -7.2514E-01
  5.3000E+01  8.0000E+00  0.0000E+00  1.2390E+01  0.0000E+00  4.3078E+01 -6.1373E-01 -6.1373E-01  1.2390E+01  4.3078E+01 -3.0688E+01 -6.1373E-01
  5.4000E+01  0.0000E+00  3.0000E+05  0.0000E+00  1.0000E+00  0.0000E+00  0.0000E+00  0.0000E+00  0.0000E+00  0.0000E+00  0.0000E+00  0.0000E+00
  5.4000E+01  0.0000E+00  0.0000E+00  0.0000E+00  0.0000E+00  0.0000E+00  0.0000E+00  0.0000E+00  0.0000E+00  0.0000E+00  0.0000E+00  0.0000E+00
  5.4000E+01  5.0000E-01  0.0000E+00  1.0359E+02  0.0000E+00  2.8986E+01  2.2174E+00  2.2174E+00  1.0359E+02  2.8986E+01  7.4604E+01  2.2174E+00
  5.4000E+01  1.0000E+00  0.0000E+00  3.2890E+01  0.0000E+00  3.4023E+01 -2.8679E-02 -2.8679E-02  3.2890E+01  3.4023E+01 -1.1326E+00 -2.8679E-02
  5.4000E+01  2.0000E+00  0.0000E+00  1.9000E+01  0.0000E+00  3.9341E+01 -4.4544E-01 -4.4544E-01  1.9000E+01  3.9341E+01 -2.0341E+01 -4.4544E-01
  5.4000E+01  4.0000E+00  0.0000E+00  1.3240E+01  0.0000E+00  4.2453E+01 -5.9283E-01 -5.9283E-01  1.3240E+01  4.2453E+01 -2.9213E+01 -5.9283E-01
  5.4000E+01  8.0000E+00  0.0000E+00  9.3200E+00  0.0000E+00  4.3078E+01 -6.7512E-01 -6.7512E-01  9.3200E+00  4.3078E+01 -3.3758E+01 -6.7512E-01
  5.5000E+01  0.0000E+00  8.0000E+05  0.0000E+00  1.0000E+00  0.0000E+00  0.0000E+00  0.0000E+00  0.0000E+00  0.0000E+00  0.0000E+00  0.0000E+00
  5.5000E+01  0.0000E+00  0.0000E+00  0.0000E+00  0.0000E+00  0.0000E+00  0.0000E+00  0.0000E+00  0.0000E+00  0.0000E+00  0.0000E+00  0.0000E+00
  5.5000E+01  5.0000E-01  0.0000E+00  3.1770E+01  0.0000E+00  3.5298E+01 -8.6106E-02 -8.6106E-02  3.1770E+01  3.5298E+01 -3.5279E+00 -8.6106E-02
  5.5000E+01  1.0000E+00  0.0000E+00  8.0990E+01  0.0000E+00  4.1432E+01  8.2256E-01  8.2256E-01  8.0990E+01  4.1432E+01  3.9558E+01  8.2256E-01
  5.5000E+01  2.0000E+00  0.0000E+00  5.5610E+01  0.0000E+00  4.7908E+01  1.3849E-01  1.3849E-01  5.5610E+01  4.7908E+01  7.7016E+00  1.3849E-01
  5.5000E+01  4.0000E+00  0.0000E+00  2.5940E+01  0.0000E+00  5.1698E+01 -4.2924E-01 -4.2924E-01  2.5940E+01  5.1698E+01 -2.5758E+01 -4.2924E-01
  5.5000E+01  8.0000E+00  0.0000E+00  1.3110E+01  0.0000E+00  5.2459E+01 -6.4621E-01 -6.4621E-01  1.3110E+01  5.2459E+01 -3.9349E+01 -6.4621E-01
  5.6000E+01  0.0000E+00  8.0000E+05  0.0000E+00  1.0000E+00  0.0000E+00  0.0000E+00  0.0000E+00  0.0000E+00  0.0000E+00  0.0000E+00  0.0000E+00
  5.6000E+01  0.0000E+00  0.0000E+00  0.0000E+00  0.0000E+00  0.0000E+00  0.0000E+00  0.0000E+00  0.0000E+00  0.0000E+00  0.0000E+00  0.0000E+00
  5.6000E+01  5.0000E-01  0.0000E+00  4.6710E+01  0.0000E+00  3.5298E+01  2.7853E-01  2.7853E-01  4.6710E+01  3.5298E+01  1.1412E+01  2.7853E-01
  5.6000E+01  1.0000E+00  0.0000E+00  4.6190E+01  0.0000E+00  4.1432E+01  9.8945E-02  9.8945E-02  4.6190E+01  4.1432E+01  4.7584E+00  9.8945E-02
  5.6000E+01  2.0000E+00  0.0000E+00  5.1680E+01  0.0000E+00  4.7908E+01  6.7823E-02  6.7823E-02  5.1680E+01  4.7908E+01  3.7716E+00  6.7823E-02
  5.6000E+01  4.0000E+00  0.0000E+00  1.1530E+01  0.0000E+00  5.1698E+01 -6.6938E-01 -6.6938E-01  1.1530E+01  5.1698E+01 -4.0168E+01 -6.6938E-01
  5.6000E+01  8.0000E+00  0.0000E+00  1.9600E+00  0.0000E+00  5.2459E+01 -8.2933E-01 -8.2933E-01  1.9600E+00  5.2459E+01 -5.0499E+01 -8.2933E-01
  5.7000E+01  0.0000E+00  8.0000E+05  0.0000E+00  1.0000E+00  0.0000E+00  0.0000E+00  0.0000E+00  0.0000E+00  0.0000E+00  0.0000E+00  0.0000E+00
  5.7000E+01  0.0000E+00  0.0000E+00  0.0000E+00  0.0000E+00  0.0000E+00  0.0000E+00  0.0000E+00  0.0000E+00  0.0000E+00  0.0000E+00  0.0000E+00
  5.7000E+01  5.0000E-01  0.0000E+00  4.0780E+01  0.0000E+00  3.5298E+01  1.3380E-01  1.3380E-01  4.0780E+01  3.5298E+01  5.4821E+00  1.3380E-01
  5.7000E+01  2.0000E+00  0.0000E+00  3.0770E+01  0.0000E+00  4.7908E+01 -3.0819E-01 -3.0819E-01  3.0770E+01  4.7908E+01 -1.7138E+01 -3.0819E-01
  5.7000E+01  4.0000E+00  0.0000E+00  1.5530E+01  0.0000E+00  5.1698E+01 -6.0272E-01 -6.0272E-01  1.5530E+01  5.1698E+01 -3.6168E+01 -6.0272E-01
  5.7000E+01  8.0000E+00  0.0000E+00  2.6800E+00  0.0000E+00  5.2459E+01 -8.1750E-01 -8.1750E-01  2.6800E+00  5.2459E+01 -4.9779E+01 -8.1750E-01
  5.8000E+01  0.0000E+00  1.5000E+06  0.0000E+00  1.0000E+00  0.0000E+00  0.0000E+00  0.0000E+00  0.0000E+00  0.0000E+00  0.0000E+00  0.0000E+00
  5.8000E+01  0.0000E+00  0.0000E+00  0.0000E+00  0.0000E+00  0.0000E+00  0.0000E+00  0.0000E+00  0.0000E+00  0.0000E+00  0.0000E+00  0.0000E+00
  5.8000E+01  5.0000E-01  0.0000E+00  3.6030E+01  0.0000E+00  4.3939E+01 -1.5508E-01 -1.5508E-01  3.6030E+01  4.3939E+01 -7.9094E+00 -1.5508E-01
  5.8000E+01  1.0000E+00  0.0000E+00  8.2800E+01  0.0000E+00  5.1575E+01  5.2160E-01  5.2160E-01  8.2800E+01  5.1575E+01  3.1225E+01  5.2160E-01
  5.8000E+01  2.0000E+00  0.0000E+00  7.7570E+01  0.0000E+00  5.9637E+01  2.5906E-01  2.5906E-01  7.7570E+01  5.9637E+01  1.7933E+01  2.5906E-01
  5.8000E+01  4.0000E+00  0.0000E+00  2.7970E+01  0.0000E+00  6.4355E+01 -4.8708E-01 -4.8708E-01  2.7970E+01  6.4355E+01 -3.6385E+01 -4.8708E-01
  5.8000E+01  8.0000E+00  0.0000E+00  3.5900E+01  0.0000E+00  6.5301E+01 -3.8789E-01 -3.8789E-01  3.5900E+01  6.5301E+01 -2.9401E+01 -3.8789E-01
  5.9000E+01  0.0000E+00  1.5000E+06  0.0000E+00  1.0000E+00  0.0000E+00  0.0000E+00  0.0000E+00  0.0000E+00  0.0000E+00  0.0000E+00  0.0000E+00
  5.9000E+01  0.0000E+00  0.0000E+00  0.0000E+00  0.0000E+00  0.0000E+00  0.0000E+00  0.0000E+00  0.0000E+00  0.0000E+00  0.0000E+00  0.0000E+00
  5.9000E+01  5.0000E-01  0.0000E+00  4.2590E+01  0.0000E+00  4.3939E+01 -2.6457E-02 -2.6457E-02  4.2590E+01  4.3939E+01 -1.3494E+00 -2.6457E-02
  5.9000E+01  1.0000E+00  0.0000E+00  4.7080E+01  0.0000E+00  5.1575E+01 -7.5079E-02 -7.5079E-02  4.7080E+01  5.1575E+01 -4.4946E+00 -7.5079E-02
  5.9000E+01  2.0000E+00  0.0000E+00  4.2174E+02  0.0000E+00  5.9637E+01  5.2309E+00  5.2309E+00  4.2174E+02  5.9637E+01  3.6210E+02  5.2309E+00
  5.9000E+01  4.0000E+00  0.0000E+00  1.5740E+01  0.0000E+00  6.4355E+01 -6.5080E-01 -6.5080E-01  1.5740E+01  6.4355E+01 -4.8615E+01 -6.5080E-01
  5.9000E+01  8.0000E+00  0.0000E+00  1.7100E+00  0.0000E+00  6.5301E+01 -8.3895E-01 -8.3895E-01  1.7100E+00  6.5301E+01 -6.3591E+01 -8.3895E-01
  6.0000E+01  0.0000E+00  1.5000E+06  0.0000E+00  1.0000E+00  0.0000E+00  0.0000E+00  0.0000E+00  0.0000E+00  0.0000E+00  0.0000E+00  0.0000E+00
  6.0000E+01  0.0000E+00  0.0000E+00  0.0000E+00  0.0000E+00  0.0000E+00  0.0000E+00  0.0000E+00  0.0000E+00  0.0000E+00  0.0000E+00  0.0000E+00
  6.0000E+01  5.0000E-01  0.0000E+00  8.6410E+01  0.0000E+00  4.3939E+01  8.3272E-01  8.3272E-01  8.6410E+01  4.3939E+01  4.2471E+01  8.3272E-01
  6.0000E+01  1.0000E+00  0.0000E+00  4.2610E+01  0.0000E+00  5.1575E+01 -1.4975E-01 -1.4975E-01  4.2610E+01  5.1575E+01 -8.9646E+00 -1.4975E-01
  6.0000E+01  2.0000E+00  0.0000E+00  1.2697E+02  0.0000E+00  5.9637E+01  9.7269E-01  9.7269E-01  1.2697E+02  5.9637E+01  6.7333E+01  9.7269E-01
  6.0000E+01  4.0000E+00  0.0000E+00  1.7930E+01  0.0000E+00  6.4355E+01 -6.2149E-01 -6.2149E-01  1.7930E+01  6.4355E+01 -4.6425E+01 -6.2149E-01
  6.0000E+01  8.0000E+00  0.0000E+00  9.4500E+00  0.0000E+00  6.5301E+01 -7.3684E-01 -7.3684E-01  9.4500E+00  6.5301E+01 -5.5851E+01 -7.3684E-01
  6.1000E+01  0.0000E+00  3.0000E+05  0.0000E+00  1.0000E+00  0.0000E+00  0.0000E+00  0.0000E+00  0.0000E+00  0.0000E+00  0.0000E+00  0.0000E+00
  6.1000E+01  6.4850E+02  0.0000E+00  1.4589E+02  0.0000E+00  3.3207E+01  2.9235E+00  2.9235E+00  1.4589E+02  3.3207E+01  1.1268E+02  2.9235E+00
  6.1000E+01  6.4900E+02  0.0000E+00  7.6000E+01  0.0000E+00  3.6738E+01  9.2070E-01  9.2070E-01  7.6000E+01  3.6738E+01  3.9262E+01  9.2070E-01
  6.1000E+01  6.5000E+02  0.0000E+00  4.3800E+01  0.0000E+00  4.0465E+01  7.1003E-02  7.1003E-02  4.3800E+01  4.0465E+01  3.3350E+00  7.1003E-02
  6.1000E+01  6.5200E+02  0.0000E+00  2.3990E+01  0.0000E+00  4.2646E+01 -3.7688E-01 -3.7688E-01  2.3990E+01  4.2646E+01 -1.8656E+01 -3.7688E-01
  6.1000E+01  6.5600E+02  0.0000E+00  3.9490E+01  0.0000E+00  4.3083E+01 -7.1855E-02 -7.1855E-02  3.9490E+01  4.3083E+01 -3.5934E+00 -7.1855E-02
  6.2000E+01  0.0000E+00  3.0000E+05  0.0000E+00  1.0000E+00  0.0000E+00  0.0000E+00  0.0000E+00  0.0000E+00  0.0000E+00  0.0000E+00  0.0000E+00
  6.2000E+01  6.4850E+02  0.0000E+00  5.1150E+01  0.0000E+00  3.3207E+01  4.6552E-01  4.6552E-01  5.1150E+01  3.3207E+01  1.7943E+01  4.6552E-01
  6.2000E+01  6.4900E+02  0.0000E+00  3.5010E+01  0.0000E+00  3.6738E+01 -4.0522E-02 -4.0522E-02  3.5010E+01  3.6738E+01 -1.7280E+00 -4.0522E-02
  6.2000E+01  6.5000E+02  0.0000E+00  1.9830E+01  0.0000E+00  4.0465E+01 -4.3933E-01 -4.3933E-01  1.9830E+01  4.0465E+01 -2.0635E+01 -4.3933E-01
  6.2000E+01  6.5200E+02  0.0000E+00  1.3470E+01  0.0000E+00  4.2646E+01 -5.8940E-01 -5.8940E-01  1.3470E+01  4.2646E+01 -2.9176E+01 -5.8940E-01
  6.2000E+01  6.5600E+02  0.0000E+00  1.7880E+01  0.0000E+00  4.3083E+01 -5.0398E-01 -5.0398E-01  1.7880E+01  4.3083E+01 -2.5203E+01 -5.0398E-01
  6.3000E+01  0.0000E+00  3.0000E+05  0.0000E+00  1.0000E+00  0.0000E+00  0.0000E+00  0.0000E+00  0.0000E+00  0.0000E+00  0.0000E+00  0.0000E+00
  6.3000E+01  6.4850E+02  0.0000E+00  1.4626E+02  0.0000E+00  3.3207E+01  2.9331E+00  2.9331E+00  1.4626E+02  3.3207E+01  1.1305E+02  2.9331E+00
  6.3000E+01  6.4900E+02  0.0000E+00  1.2381E+02  0.0000E+00  3.6738E+01  2.0419E+00  2.0419E+00  1.2381E+02  3.6738E+01  8.7072E+01  2.0419E+00
  6.3000E+01  6.5000E+02  0.0000E+00  9.0630E+01  0.0000E+00  4.0465E+01  1.0680E+00  1.0680E+00  9.0630E+01  4.0465E+01  5.0165E+01  1.0680E+00
  6.3000E+01  6.5200E+02  0.0000E+00  1.6710E+01  0.0000E+00  4.2646E+01 -5.2395E-01 -5.2395E-01  1.6710E+01  4.2646E+01 -2.5936E+01 -5.2395E-01
  6.3000E+01  6.5600E+02  0.0000E+00  7.8900E+00  0.0000E+00  4.3083E+01 -7.0374E-01 -7.0374E-01  7.8900E+00  4.3083E+01 -3.5193E+01 -7.0374E-01
  6.4000E+01  0.0000E+00  8.0000E+05  0.0000E+00  1.0000E+00  0.0000E+00  0.0000E+00  0.0000E+00  0.0000E+00  0.0000E+00  0.0000E+00  0.0000E+00
  6.4000E+01  6.4850E+02  0.0000E+00  1.2051E+02  0.0000E+00  4.0438E+01  1.7059E+00  1.7059E+00  1.2051E+02  4.0438E+01  8.0072E+01  1.7059E+00
  6.4000E+01  6.4900E+02  0.0000E+00  1.8588E+02  0.0000E+00  4.4738E+01  2.7179E+00  2.7179E+00  1.8588E+02  4.4738E+01  1.4114E+02  2.7179E+00
  6.4000E+01  6.5000E+02  0.0000E+00  3.2050E+01  0.0000E+00  4.9277E+01 -3.0118E-01 -3.0118E-01  3.2050E+01  4.9277E+01 -1.7227E+01 -3.0118E-01
  6.4000E+01  6.5200E+02  0.0000E+00  1.0842E+02  0.0000E+00  5.1933E+01  9.3707E-01  9.3707E-01  1.0842E+02  5.1933E+01  5.6487E+01  9.3707E-01
  6.4000E+01  6.5600E+02  0.0000E+00  1.3920E+02  0.0000E+00  5.2466E+01  1.4242E+00  1.4242E+00  1.3920E+02  5.2466E+01  8.6734E+01  1.4242E+00
  6.5000E+01  0.0000E+00  8.0000E+05  0.0000E+00  1.0000E+00  0.0000E+00  0.0000E+00  0.0000E+00  0.0000E+00  0.0000E+00  0.0000E+00  0.0000E+00
  6.5000E+01  6.4850E+02  0.0000E+00  7.7650E+01  0.0000E+00  4.0438E+01  7.9279E-01  7.9279E-01  7.7650E+01  4.0438E+01  3.7212E+01  7.9279E-01
  6.5000E+01  6.4900E+02  0.0000E+00  4.5050E+01  0.0000E+00  4.4738E+01  6.0023E-03  6.0023E-03  4.5050E+01  4.4738E+01  3.1170E-01  6.0023E-03
  6.5000E+01  6.5000E+02  0.0000E+00  4.5490E+01  0.0000E+00  4.9277E+01 -6.6208E-02 -6.6208E-02  4.5490E+01  4.9277E+01 -3.7870E+00 -6.6208E-02
  6.5000E+01  6.5200E+02  0.0000E+00  8.0010E+01  0.0000E+00  5.1933E+01  4.6577E-01  4.6577E-01  8.0010E+01  5.1933E+01  2.8077E+01  4.6577E-01
  6.5000E+01  6.5600E+02  0.0000E+00  7.9040E+01  0.0000E+00  5.2466E+01  4.3637E-01  4.3637E-01  7.9040E+01  5.2466E+01  2.6574E+01  4.3637E-01
  6.6000E+01  0.0000E+00  8.0000E+05  0.0000E+00  1.0000E+00  0.0000E+00  0.0000E+00  0.0000E+00  0.0000E+00  0.0000E+00  0.0000E+00  0.0000E+00
  6.6000E+01  6.4850E+02  0.0000E+00  1.1616E+02  0.0000E+00  4.0438E+01  1.6132E+00  1.6132E+00  1.1616E+02  4.0438E+01  7.5722E+01  1.6132E+00
  6.6000E+01  6.4900E+02  0.0000E+00  8.3740E+01  0.0000E+00  4.4738E+01  7.5105E-01  7.5105E-01  8.3740E+01  4.4738E+01  3.9002E+01  7.5105E-01
  6.6000E+01  6.5000E+02  0.0000E+00  8.9320E+01  0.0000E+00  4.9277E+01  7.0008E-01  7.0008E-01  8.9320E+01  4.9277E+01  4.0043E+01  7.0008E-01
  6.6000E+01  6.5200E+02  0.0000E+00  8.4270E+01  0.0000E+00  5.1933E+01  5.3644E-01  5.3644E-01  8.4270E+01  5.1933E+01  3.2337E+01  5.3644E-01
  6.6000E+01  6.5600E+02  0.0000E+00  1.4300E+01  0.0000E+00  5.2466E+01 -6.2670E-01 -6.2670E-01  1.4300E+01  5.2466E+01 -3.8166E+01 -6.2670E-01
  6.7000E+01  0.0000E+00  1.5000E+06  0.0000E+00  1.0000E+00  0.0000E+00  0.0000E+00  0.0000E+00  0.0000E+00  0.0000E+00  0.0000E+00  0.0000E+00
  6.7000E+01  6.4850E+02  0.0000E+00  5.2270E+01  0.0000E+00  5.0338E+01  3.3070E-02  3.3070E-02  5.2270E+01  5.0338E+01  1.9322E+00  3.3070E-02
  6.7000E+01  6.4900E+02  0.0000E+00  5.2440E+01  0.0000E+00  5.5691E+01 -5.0289E-02 -5.0289E-02  5.2440E+01  5.5691E+01 -3.2508E+00 -5.0289E-02
  6.7000E+01  6.5000E+02  0.0000E+00  3.1880E+01  0.0000E+00  6.1341E+01 -4.1377E-01 -4.1377E-01  3.1880E+01  6.1341E+01 -2.9461E+01 -4.1377E-01
  6.7000E+01  6.5200E+02  0.0000E+00  1.6970E+01  0.0000E+00  6.4647E+01 -6.3536E-01 -6.3536E-01  1.6970E+01  6.4647E+01 -4.7677E+01 -6.3536E-01
  6.7000E+01  6.5600E+02  0.0000E+00  1.1908E+02  0.0000E+00  6.5310E+01  7.0929E-01  7.0929E-01  1.1908E+02  6.5310E+01  5.3770E+01  7.0929E-01
  6.8000E+01  0.0000E+00  1.5000E+06  0.0000E+00  1.0000E+00  0.0000E+00  0.0000E+00  0.0000E+00  0.0000E+00  0.0000E+00  0.0000E+00  0.0000E+00
  6.8000E+01  6.4850E+02  0.0000E+00  1.9869E+02  0.0000E+00  5.0338E+01  2.5390E+00  2.5390E+00  1.9869E+02  5.0338E+01  1.4835E+02  2.5390E+00
  6.8000E+01  6.4900E+02  0.0000E+00  9.8040E+01  0.0000E+00  5.5691E+01  6.5512E-01  6.5512E-01  9.8040E+01  5.5691E+01  4.2349E+01  6.5512E-01
  6.8000E+01  6.5000E+02  0.0000E+00  4.2910E+01  0.0000E+00  6.1341E+01 -2.5885E-01 -2.5885E-01  4.2910E+01  6.1341E+01 -1.8431E+01 -2.5885E-01
  6.8000E+01  6.5200E+02  0.0000E+00  9.0750E+01  0.0000E+00  6.4647E+01  3.4787E-01  3.4787E-01  9.0750E+01  6.4647E+01  2.6103E+01  3.4787E-01
  6.8000E+01  6.5600E+02  0.0000E+00  3.6010E+01  0.0000E+00  6.5310E+01 -3.8650E-01 -3.8650E-01  3.6010E+01  6.5310E+01 -2.9300E+01 -3.8650E-01
  6.9000E+01  0.0000E+00  1.5000E+06  0.0000E+00  1.0000E+00  0.0000E+00  0.0000E+00  0.0000E+00  0.0000E+00  0.0000E+00  0.0000E+00  0.0000E+00
  6.9000E+01  6.4850E+02  0.0000E+00  9.0160E+01  0.0000E+00  5.0338E+01  6.8154E-01  6.8154E-01  9.0160E+01  5.0338E+01  3.9822E+01  6.8154E-01
  6.9000E+01  6.4900E+02  0.0000E+00  6.9290E+01  0.0000E+00  5.5691E+01  2.1037E-01  2.1037E-01  6.9290E+01  5.5691E+01  1.3599E+01  2.1037E-01
  6.9000E+01  6.5000E+02  0.0000E+00  1.0651E+02  0.0000E+00  6.1341E+01  6.3439E-01  6.3439E-01  1.0651E+02  6.1341E+01  4.5169E+01  6.3439E-01
  6.9000E+01  6.5200E+02  0.0000E+00  4.1830E+01  0.0000E+00  6.4647E+01 -3.0407E-01 -3.0407E-01  4.1830E+01  6.4647E+01 -2.2817E+01 -3.0407E-01
  6.9000E+01  6.5600E+02  0.0000E+00  1.7757E+02  0.0000E+00  6.5310E+01  1.4808E+00  1.4808E+00  1.7757E+02  6.5310E+01  1.1226E+02  1.4808E+00
  7.0000E+01  0.0000E+00  3.0000E+05  0.0000E+00  1.0000E+00  0.0000E+00  0.0000E+00  0.0000E+00  0.0000E+00  0.0000E+00  0.0000E+00  0.0000E+00
  7.0000E+01  6.4850E+02  0.0000E+00  4.8230E+01  0.0000E+00  3.3207E+01  3.8977E-01  3.8977E-01  4.8230E+01  3.3207E+01  1.5023E+01  3.8977E-01
  7.0000E+01  6.4900E+02  0.0000E+00  4.4410E+01  0.0000E+00  3.6738E+01  1.7991E-01  1.7991E-01  4.4410E+01  3.6738E+01  7.6720E+00  1.7991E-01
  7.0000E+01  6.5000E+02  0.0000E+00  1.5100E+01  0.0000E+00  4.0465E+01 -5.4003E-01 -5.4003E-01  1.5100E+01  4.0465E+01 -2.5365E+01 -5.4003E-01
  7.0000E+01  6.5200E+02  0.0000E+00  1.2460E+01  0.0000E+00  4.2646E+01 -6.0980E-01 -6.0980E-01  1.2460E+01  4.2646E+01 -3.0186E+01 -6.0980E-01
  7.0000E+01  6.5600E+02  0.0000E+00  3.7700E+00  0.0000E+00  4.3083E+01 -7.8613E-01 -7.8613E-01  3.7700E+00  4.3083E+01 -3.9313E+01 -7.8613E-01
  7.1000E+01  0.0000E+00  3.0000E+05  0.0000E+00  1.0000E+00  0.0000E+00  0.0000E+00  0.0000E+00  0.0000E+00  0.0000E+00  0.0000E+00  0.0000E+00
  7.1000E+01  6.4850E+02  0.0000E+00  4.7400E+00  0.0000E+00  3.3207E+01 -7.3854E-01 -7.3854E-01  4.7400E+00  3.3207E+01 -2.8467E+01 -7.3854E-01
  7.1000E+01  6.4900E+02  0.0000E+00  2.5070E+01  0.0000E+00  3.6738E+01 -2.7362E-01 -2.7362E-01  2.5070E+01  3.6738E+01 -1.1668E+01 -2.7362E-01
  7.1000E+01  6.5000E+02  0.0000E+00  2.1560E+01  0.0000E+00  4.0465E+01 -4.0249E-01 -4.0249E-01  2.1560E+01  4.0465E+01 -1.8905E+01 -4.0249E-01
  7.1000E+01  6.5200E+02  0.0000E+00  1.0875E+02  0.0000E+00  4.2646E+01  1.3354E+00  1.3354E+00  1.0875E+02  4.2646E+01  6.6104E+01  1.3354E+00
  7.1000E+01  6.5600E+02  0.0000E+00  7.8300E+00  0.0000E+00  4.3083E+01 -7.0494E-01 -7.0494E-01  7.8300E+00  4.3083E+01 -3.5253E+01 -7.0494E-01
  7.2000E+01  0.0000E+00  3.0000E+05  0.0000E+00  1.0000E+00  0.0000E+00  0.0000E+00  0.0000E+00  0.0000E+00  0.0000E+00  0.0000E+00  0.0000E+00
  7.2000E+01  6.4850E+02  0.0000E+00  4.0010E+01  0.0000E+00  3.3207E+01  1.7651E-01  1.7651E-01  4.0010E+01  3.3207E+01  6.8033E+00  1.7651E-01
  7.2000E+01  6.4900E+02  0.0000E+00  3.8130E+01  0.0000E+00  3.6738E+01  3.2643E-02  3.2643E-02  3.8130E+01  3.6738E+01  1.3920E+00  3.2643E-02
  7.2000E+01  6.5000E+02  0.0000E+00  1.8120E+01  0.0000E+00  4.0465E+01 -4.7573E-01 -4.7573E-01  1.8120E+01  4.0465E+01 -2.2345E+01 -4.7573E-01
  7.2000E+01  6.5200E+02  0.0000E+00  3.1290E+01  0.0000E+00  4.2646E+01 -2.2941E-01 -2.2941E-01  3.1290E+01  4.2646E+01 -1.1356E+01 -2.2941E-01
  7.2000E+01  6.5600E+02  0.0000E+00  0.0000E+00  1.0000E+00  4.3083E+01  0.0000E+00 -8.6151E-01  0.0000E+00  4.3083E+01  0.0000E+00  0.0000E+00
  7.3000E+01  0.0000E+00  8.0000E+05  0.0000E+00  1.0000E+00  0.0000E+00  0.0000E+00  0.0000E+00  0.0000E+00  0.0000E+00  0.0000E+00  0.0000E+00
  7.3000E+01  6.4850E+02  0.0000E+00  3.0150E+01  0.0000E+00  4.0438E+01 -2.1918E-01 -2.1918E-01  3.0150E+01  4.0438E+01 -1.0288E+01 -2.1918E-01
  7.3000E+01  6.4900E+02  0.0000E+00  2.0340E+01  0.0000E+00  4.4738E+01 -4.6983E-01 -4.6983E-01  2.0340E+01  4.4738E+01 -2.4398E+01 -4.6983E-01
  7.3000E+01  6.5000E+02  0.0000E+00  2.7190E+01  0.0000E+00  4.9277E+01 -3.8615E-01 -3.8615E-01  2.7190E+01  4.9277E+01 -2.2087E+01 -3.8615E-01
  7.3000E+01  6.5200E+02  0.0000E+00  2.9340E+01  0.0000E+00  5.1933E+01 -3.7479E-01 -3.7479E-01  2.9340E+01  5.1933E+01 -2.2593E+01 -3.7479E-01
  7.3000E+01  6.5600E+02  0.0000E+00  2.7043E+02  0.0000E+00  5.2466E+01  3.5791E+00  3.5791E+00  2.7043E+02  5.2466E+01  2.1796E+02  3.5791E+00
  7.4000E+01  0.0000E+00  8.0000E+05  0.0000E+00  1.0000E+00  0.0000E+00  0.0000E+00  0.0000E+00  0.0000E+00  0.0000E+00  0.0000E+00  0.0000E+00
  7.4000E+01  6.4850E+02  0.0000E+00  4.4480E+01  0.0000E+00  4.0438E+01  8.6113E-02  8.6113E-02  4.4480E+01  4.0438E+01  4.0420E+00  8.6113E-02
  7.4000E+01  6.4900E+02  0.0000E+00  3.2670E+01  0.0000E+00  4.4738E+01 -2.3240E-01 -2.3240E-01  3.2670E+01  4.4738E+01 -1.2068E+01 -2.3240E-01
  7.4000E+01  6.5000E+02  0.0000E+00  3.5680E+01  0.0000E+00  4.9277E+01 -2.3772E-01 -2.3772E-01  3.5680E+01  4.9277E+01 -1.3597E+01 -2.3772E-01
  7.4000E+01  6.5200E+02  0.0000E+00  7.8190E+01  0.0000E+00  5.1933E+01  4.3558E-01  4.3558E-01  7.8190E+01  5.1933E+01  2.6257E+01  4.3558E-01
  7.4000E+01  6.5600E+02  0.0000E+00  1.9850E+01  0.0000E+00  5.2466E+01 -5.3557E-01 -5.3557E-01  1.9850E+01  5.2466E+01 -3.2616E+01 -5.3557E-01
  7.5000E+01  0.0000E+00  8.0000E+05  0.0000E+00  1.0000E+00  0.0000E+00  0.0000E+00  0.0000E+00  0.0000E+00  0.0000E+00  0.0000E+00  0.0000E+00
  7.5000E+01  6.4850E+02  0.0000E+00  3.7640E+01  0.0000E+00  4.0438E+01 -5.9610E-02 -5.9610E-02  3.7640E+01  4.0438E+01 -2.7980E+00 -5.9610E-02
  7.5000E+01  6.4900E+02  0.0000E+00  2.4660E+01  0.0000E+00  4.4738E+01 -3.8664E-01 -3.8664E-01  2.4660E+01  4.4738E+01 -2.0078E+01 -3.8664E-01
  7.5000E+01  6.5000E+02  0.0000E+00  3.5940E+01  0.0000E+00  4.9277E+01 -2.3317E-01 -2.3317E-01  3.5940E+01  4.9277E+01 -1.3337E+01 -2.3317E-01
  7.5000E+01  6.5200E+02  0.0000E+00  2.2230E+01  0.0000E+00  5.1933E+01 -4.9274E-01 -4.9274E-01  2.2230E+01  5.1933E+01 -2.9703E+01 -4.9274E-01
  7.5000E+01  6.5600E+02  0.0000E+00  2.6360E+01  0.0000E+00  5.2466E+01 -4.2867E-01 -4.2867E-01  2.6360E+01  5.2466E+01 -2.6106E+01 -4.2867E-01
  7.6000E+01  0.0000E+00  1.5000E+06  0.0000E+00  1.0000E+00  0.0000E+00  0.0000E+00  0.0000E+00  0.0000E+00  0.0000E+00  0.0000E+00  0.0000E+00
  7.6000E+01  6.4850E+02  0.0000E+00  9.5200E+01  0.0000E+00  5.0338E+01  7.6780E-01  7.6780E-01  9.5200E+01  5.0338E+01  4.4862E+01  7.6780E-01
  7.6000E+01  6.4900E+02  0.0000E+00  3.6960E+01  0.0000E+00  5.5691E+01 -2.8976E-01 -2.8976E-01  3.6960E+01  5.5691E+01 -1.8731E+01 -2.8976E-01
  7.6000E+01  6.5000E+02  0.0000E+00  3.4510E+01  0.0000E+00  6.1341E+01 -3.7683E-01 -3.7683E-01  3.4510E+01  6.1341E+01 -2.6831E+01 -3.7683E-01
  7.6000E+01  6.5200E+02  0.0000E+00  2.3330E+01  0.0000E+00  6.4647E+01 -5.5061E-01 -5.5061E-01  2.3330E+01  6.4647E+01 -4.1317E+01 -5.5061E-01
  7.6000E+01  6.5600E+02  0.0000E+00  2.9500E+00  0.0000E+00  6.5310E+01 -8.2260E-01 -8.2260E-01  2.9500E+00  6.5310E+01 -6.2360E+01 -8.2260E-01
  7.7000E+01  0.0000E+00  1.5000E+06  0.0000E+00  1.0000E+00  0.0000E+00  0.0000E+00  0.0000E+00  0.0000E+00  0.0000E+00  0.0000E+00  0.0000E+00
  7.7000E+01  6.4850E+02  0.0000E+00  5.6520E+01  0.0000E+00  5.0338E+01  1.0581E-01  1.0581E-01  5.6520E+01  5.0338E+01  6.1822E+00  1.0581E-01
  7.7000E+01  6.4900E+02  0.0000E+00  2.6100E+01  0.0000E+00  5.5691E+01 -4.5776E-01 -4.5776E-01  2.6100E+01  5.5691E+01 -2.9591E+01 -4.5776E-01
  7.7000E+01  6.5000E+02  0.0000E+00  1.9064E+02  0.0000E+00  6.1341E+01  1.8160E+00  1.8160E+00  1.9064E+02  6.1341E+01  1.2930E+02  1.8160E+00
  7.7000E+01  6.5200E+02  0.0000E+00  1.5290E+01  0.0000E+00  6.4647E+01 -6.5775E-01 -6.5775E-01  1.5290E+01  6.4647E+01 -4.9357E+01 -6.5775E-01
  7.7000E+01  6.5600E+02  0.0000E+00  3.0470E+01  0.0000E+00  6.5310E+01 -4.5958E-01 -4.5958E-01  3.0470E+01  6.5310E+01 -3.4840E+01 -4.5958E-01
  7.8000E+01  0.0000E+00  1.5000E+06  0.0000E+00  1.0000E+00  0.0000E+00  0.0000E+00  0.0000E+00  0.0000E+00  0.0000E+00  0.0000E+00  0.0000E+00
  7.8000E+01  6.4850E+02  0.0000E+00  3.3560E+01  0.0000E+00  5.0338E+01 -2.8715E-01 -2.8715E-01  3.3560E+01  5.0338E+01 -1.6778E+01 -2.8715E-01
  7.8000E+01  6.4900E+02  0.0000E+00  4.7270E+01  0.0000E+00  5.5691E+01 -1.3027E-01 -1.3027E-01  4.7270E+01  5.5691E+01 -8.4208E+00 -1.3027E-01
  7.8000E+01  6.5000E+02  0.0000E+00  7.8640E+01  0.0000E+00  6.1341E+01  2.4297E-01  2.4297E-01  7.8640E+01  6.1341E+01  1.7299E+01  2.4297E-01
  7.8000E+01  6.5200E+02  0.0000E+00  6.9680E+01  0.0000E+00  6.4647E+01  6.7078E-02  6.7078E-02  6.9680E+01  6.4647E+01  5.0334E+00  6.7078E-02
  7.8000E+01  6.5600E+02  0.0000E+00  1.0970E+01  0.0000E+00  6.5310E+01 -7.1681E-01 -7.1681E-01  1.0970E+01  6.5310E+01 -5.4340E+01 -7.1681E-01
