TABLE NO.  1
 ID          TIME        AMT         DV          MDV         IPRED       CWRES       IWRES       DV          PRED        RES         WRES
  1.0000E+00  0.0000E+00  1.0000E+04  0.0000E+00  1.0000E+00  3.3669E+03  0.0000E+00 -1.3848E+00  0.0000E+00  3.3669E+03  0.0000E+00  0.0000E+00
  1.0000E+00  0.0000E+00  0.0000E+00  0.0000E+00  0.0000E+00  3.3669E+03 -1.3848E+00 -1.3848E+00  0.0000E+00  3.3669E+03 -3.3669E+03 -1.3848E+00
  1.0000E+00  3.3000E-02  0.0000E+00  7.3336E+03  0.0000E+00  3.0242E+03  2.0748E+00  1.9734E+00  7.3336E+03  2.3012E+03  5.0324E+03  2.6124E+00
  1.0000E+00  8.3000E-02  0.0000E+00  1.1915E+03  0.0000E+00  2.5704E+03 -4.9906E-01 -7.4290E-01  1.1915E+03  1.2929E+03 -1.0144E+02 -8.8191E-01
  1.0000E+00  2.5000E-01  0.0000E+00  8.7932E+02  0.0000E+00  1.4947E+03  3.8158E-02 -5.7016E-01  8.7932E+02  1.8900E+02  6.9031E+02 -5.5376E-01
  1.0000E+00  5.0000E-01  0.0000E+00  1.2562E+03  0.0000E+00  6.6659E+02  2.0360E+00  1.2249E+00  1.2562E+03  1.1299E+01  1.2449E+03  2.4571E+01
  1.0000E+00  7.0000E-01  0.0000E+00  2.3189E+02  0.0000E+00  3.5176E+02  2.5767E-01 -4.7191E-01  2.3189E+02  1.8182E+00  2.3007E+02  1.8545E+01
  1.0000E+00  1.0000E+00  0.0000E+00  3.0794E+02  0.0000E+00  1.3822E+02  2.1306E+00  1.7004E+00  3.0794E+02  7.9918E-01  3.0714E+02  2.2184E+02
  1.0000E+00  2.0000E+00  0.0000E+00  8.9700E-01  0.0000E+00  1.4518E+01 -1.0985E+00 -1.2993E+00  8.9700E-01  7.5273E-01  1.4427E-01 -2.9846E+01
  1.0000E+00  4.0000E+00  0.0000E+00  1.0160E+00  0.0000E+00  9.3966E+00 -1.0788E+00 -1.2351E+00  1.0160E+00  7.2637E-01  2.8963E-01 -2.9906E+01
  1.0000E+00  6.0000E+00  0.0000E+00  0.0000E+00  1.0000E+00  9.1848E+00  0.0000E+00 -1.3848E+00  0.0000E+00  7.0093E-01  0.0000E+00  0.0000E+00
  1.0000E+00  8.0000E+00  0.0000E+00  6.0900E-01  0.0000E+00  8.9846E+00 -1.1280E+00 -1.2910E+00  6.0900E-01  6.7639E-01 -6.7388E-02 -3.0700E+01
  2.0000E+00  0.0000E+00  1.0000E+04  0.0000E+00  1.0000E+00  3.3669E+03  0.0000E+00 -1.3848E+00  0.0000E+00  3.3669E+03  0.0000E+00  0.0000E+00
  2.0000E+00  0.0000E+00  0.0000E+00  0.0000E+00  0.0000E+00  3.3669E+03 -1.3848E+00 -1.3848E+00  0.0000E+00  3.3669E+03 -3.3669E+03 -1.3848E+00
  2.0000E+00  3.3000E-02  0.0000E+00  4.6639E+03  0.0000E+00  3.0634E+03  8.2928E-01  7.2355E-01  4.6639E+03  2.3012E+03  2.3627E+03  1.2375E+00
  2.0000E+00  8.3000E-02  0.0000E+00  1.1788E+03  0.0000E+00  2.6550E+03 -5.0953E-01 -7.6996E-01  1.1788E+03  1.2929E+03 -1.1412E+02 -4.4010E-01
  2.0000E+00  2.5000E-01  0.0000E+00  5.2594E+02  0.0000E+00  1.6477E+03 -2.2336E-01 -9.4279E-01  5.2594E+02  1.8900E+02  3.3694E+02 -1.1230E-01
  2.0000E+00  5.0000E-01  0.0000E+00  3.5647E+02  0.0000E+00  8.0965E+02  4.2097E-01 -7.7511E-01  3.5647E+02  1.1299E+01  3.4517E+02  4.5456E+00
  2.0000E+00  7.5000E-01  0.0000E+00  2.1360E+01  0.0000E+00  4.0110E+02  7.9746E-02 -1.3111E+00  2.1360E+01  1.3583E+00  2.0002E+01 -1.5662E+01
  2.0000E+00  1.0000E+00  0.0000E+00  5.5186E+02  0.0000E+00  2.0194E+02  3.7626E+00  2.3997E+00  5.5186E+02  7.9918E-01  5.5106E+02  4.1980E+02
  2.0000E+00  2.0000E+00  0.0000E+00  4.7980E+00  0.0000E+00  2.3108E+01 -1.0535E-01 -1.0973E+00  4.7980E+00  7.5273E-01  4.0453E+00 -2.8980E+01
  2.0000E+00  4.0000E+00  0.0000E+00  3.3000E-02  0.0000E+00  1.2208E+01 -8.2256E-01 -1.3811E+00  3.3000E-02  7.2637E-01 -6.9337E-01 -3.4085E+01
  2.0000E+00  6.0000E+00  0.0000E+00  5.9700E-01  0.0000E+00  1.1939E+01 -7.5754E-01 -1.3156E+00  5.9700E-01  7.0093E-01 -1.0393E-01 -3.3851E+01
  2.0000E+00  8.0000E+00  0.0000E+00  8.4600E-01  0.0000E+00  1.1709E+01 -7.2027E-01 -1.2848E+00  8.4600E-01  6.7639E-01  1.6961E-01 -3.3918E+01
  3.0000E+00  0.0000E+00  1.0000E+04  0.0000E+00  1.0000E+00  3.3669E+03  0.0000E+00 -1.3848E+00  0.0000E+00  3.3669E+03  0.0000E+00  0.0000E+00
  3.0000E+00  0.0000E+00  0.0000E+00  0.0000E+00  0.0000E+00  3.3669E+03 -1.3848E+00 -1.3848E+00  0.0000E+00  3.3669E+03 -3.3669E+03 -1.3848E+00
  3.0000E+00  3.3000E-02  0.0000E+00  3.7945E+03  0.0000E+00  2.6312E+03  7.1323E-01  6.1222E-01  3.7945E+03  2.3012E+03  1.4933E+03  7.9026E-01
  3.0000E+00  8.3000E-02  0.0000E+00  1.2588E+03  0.0000E+00  1.8112E+03 -1.9196E-01 -4.2239E-01  1.2588E+03  1.2929E+03 -3.4143E+01 -2.1472E-01
  3.0000E+00  2.5000E-01  0.0000E+00  5.4645E+02  0.0000E+00  5.2110E+02  5.2140E-01  6.7350E-02  5.4645E+02  1.8900E+02  3.5744E+02  6.0899E-01
  3.0000E+00  5.0000E-01  0.0000E+00  4.9878E+01  0.0000E+00  8.1970E+01 -7.6683E-02 -5.4218E-01  4.9878E+01  1.1299E+01  3.8579E+01  2.5696E-01
  3.0000E+00  7.5000E-01  0.0000E+00  1.6505E+01  0.0000E+00  1.4202E+01  4.7072E-01  2.2458E-01  1.6505E+01  1.3583E+00  1.5147E+01  2.5832E+00
  3.0000E+00  1.0000E+00  0.0000E+00  6.6930E+00  0.0000E+00  3.7382E+00  1.0485E+00  1.0946E+00  6.6930E+00  7.9918E-01  5.8938E+00  3.3106E+00
  3.0000E+00  2.0000E+00  0.0000E+00  3.6010E+00  0.0000E+00  1.8017E+00  1.3157E+00  1.3830E+00  3.6010E+00  7.5273E-01  2.8483E+00  1.3367E+00
  3.0000E+00  4.0000E+00  0.0000E+00  1.1970E+00  0.0000E+00  1.7426E+00 -5.0267E-01 -4.3360E-01  1.1970E+00  7.2637E-01  4.7063E-01 -1.0177E+00
  3.0000E+00  6.0000E+00  0.0000E+00  3.0470E+00  0.0000E+00  1.6865E+00  1.0460E+00  1.1171E+00  3.0470E+00  7.0093E-01  2.3461E+00  9.8620E-01
  3.0000E+00  8.0000E+00  0.0000E+00  3.8000E-01  0.0000E+00  1.6322E+00 -1.1356E+00 -1.0624E+00  3.8000E-01  6.7639E-01 -2.9639E-01 -1.8416E+00
  4.0000E+00  0.0000E+00  1.0000E+04  0.0000E+00  1.0000E+00  0.0000E+00  0.0000E+00  0.0000E+00  0.0000E+00  0.0000E+00  0.0000E+00  0.0000E+00
  4.0000E+00  0.0000E+00  0.0000E+00  0.0000E+00  0.0000E+00  0.0000E+00  0.0000E+00  0.0000E+00  0.0000E+00  0.0000E+00  0.0000E+00  0.0000E+00
  4.0000E+00  3.3000E-02  0.0000E+00  2.1445E+01  0.0000E+00  8.7862E+00  2.0248E+00  1.9952E+00  2.1445E+01  8.4540E+00  1.2991E+01  2.0797E+00
  4.0000E+00  8.3000E-02  0.0000E+00  2.5683E+01  0.0000E+00  1.7899E+01  6.7230E-01  6.0226E-01  2.5683E+01  1.6384E+01  9.2986E+00  6.9324E-01
  4.0000E+00  2.5000E-01  0.0000E+00  4.4576E+01  0.0000E+00  2.9849E+01  8.4580E-01  6.8324E-01  4.4576E+01  2.4667E+01  1.9909E+01  8.4516E-01
  4.0000E+00  5.0000E-01  0.0000E+00  2.1491E+01  0.0000E+00  3.1957E+01 -2.4158E-01 -4.5352E-01  2.1491E+01  2.5224E+01 -3.7329E+00 -2.6465E-01
  4.0000E+00  7.5000E-01  0.0000E+00  7.6971E+01  0.0000E+00  3.1219E+01  2.2509E+00  2.0295E+00  7.6971E+01  2.4460E+01  5.2511E+01  2.2345E+00
  4.0000E+00  1.0000E+00  0.0000E+00  7.4570E+00  0.0000E+00  3.0219E+01 -8.2044E-01 -1.0431E+00  7.4570E+00  2.3650E+01 -1.6193E+01 -8.5034E-01
  4.0000E+00  2.0000E+00  0.0000E+00  3.1960E+00  0.0000E+00  2.6422E+01 -9.9576E-01 -1.2173E+00  3.1960E+00  2.0658E+01 -1.7462E+01 -1.0275E+00
  4.0000E+00  3.0000E+00  0.0000E+00  1.6550E+01  0.0000E+00  2.3110E+01 -1.7249E-01 -3.9310E-01  1.6550E+01  1.8052E+01 -1.5018E+00 -2.0209E-01
  4.0000E+00  4.0000E+00  0.0000E+00  3.8490E+00  0.0000E+00  2.0225E+01 -9.0121E-01 -1.1213E+00  3.8490E+00  1.5781E+01 -1.1932E+01 -9.3444E-01
  4.0000E+00  6.0000E+00  0.0000E+00  0.0000E+00  1.0000E+00  1.5520E+01  0.0000E+00 -1.3848E+00  0.0000E+00  1.2079E+01  0.0000E+00  0.0000E+00
  4.0000E+00  8.0000E+00  0.0000E+00  0.0000E+00  1.0000E+00  1.1947E+01  0.0000E+00 -1.3848E+00  0.0000E+00  9.2685E+00  0.0000E+00  0.0000E+00
  5.0000E+00  0.0000E+00  1.0000E+04  0.0000E+00  1.0000E+00  0.0000E+00  0.0000E+00  0.0000E+00  0.0000E+00  0.0000E+00  0.0000E+00  0.0000E+00
  5.0000E+00  0.0000E+00  0.0000E+00  0.0000E+00  0.0000E+00  0.0000E+00  0.0000E+00  0.0000E+00  0.0000E+00  0.0000E+00  0.0000E+00  0.0000E+00
  5.0000E+00  3.3000E-02  0.0000E+00  1.6601E+01  0.0000E+00  8.4782E+00  1.3563E+00  1.3268E+00  1.6601E+01  8.4540E+00  8.1470E+00  1.3478E+00
  5.0000E+00  8.3000E-02  0.0000E+00  9.5230E+00  0.0000E+00  1.6491E+01 -5.3884E-01 -5.8513E-01  9.5230E+00  1.6384E+01 -6.8614E+00 -5.1543E-01
  5.0000E+00  2.5000E-01  0.0000E+00  3.0571E+01  0.0000E+00  2.5000E+01  3.7941E-01  3.0857E-01  3.0571E+01  2.4667E+01  5.9040E+00  3.2157E-01
  5.0000E+00  5.0000E-01  0.0000E+00  4.7158E+01  0.0000E+00  2.5631E+01  1.2461E+00  1.1631E+00  4.7158E+01  2.5224E+01  2.1934E+01  9.9869E-01
  5.0000E+00  7.5000E-01  0.0000E+00  1.9559E+01  0.0000E+00  2.4863E+01 -2.0861E-01 -2.9541E-01  1.9559E+01  2.4460E+01 -4.9014E+00 -1.7180E-01
  5.0000E+00  1.0000E+00  0.0000E+00  5.9384E+01  0.0000E+00  2.4040E+01  2.1254E+00  2.0360E+00  5.9384E+01  2.3650E+01  3.5734E+01  1.6927E+00
  5.0000E+00  2.0000E+00  0.0000E+00  1.1460E+00  0.0000E+00  2.1000E+01 -1.2098E+00 -1.3093E+00  1.1460E+00  2.0658E+01 -1.9512E+01 -9.7172E-01
  5.0000E+00  3.0000E+00  0.0000E+00  2.5590E+00  0.0000E+00  1.8351E+01 -1.0816E+00 -1.1917E+00  2.5590E+00  1.8052E+01 -1.5493E+01 -8.6945E-01
  5.0000E+00  4.0000E+00  0.0000E+00  7.7780E+00  0.0000E+00  1.6044E+01 -5.9237E-01 -7.1348E-01  7.7780E+00  1.5781E+01 -8.0031E+00 -4.7995E-01
  5.0000E+00  6.0000E+00  0.0000E+00  1.6200E-01  0.0000E+00  1.2282E+01 -1.2226E+00 -1.3666E+00  1.6200E-01  1.2079E+01 -1.1917E+01 -9.8054E-01
  5.0000E+00  8.0000E+00  0.0000E+00  5.5100E-01  0.0000E+00  9.4262E+00 -1.1367E+00 -1.3039E+00  5.5100E-01  9.2685E+00 -8.7175E+00 -9.1088E-01
  6.0000E+00  0.0000E+00  1.0000E+04  0.0000E+00  1.0000E+00  0.0000E+00  0.0000E+00  0.0000E+00  0.0000E+00  0.0000E+00  0.0000E+00  0.0000E+00
  6.0000E+00  0.0000E+00  0.0000E+00  0.0000E+00  0.0000E+00  0.0000E+00  0.0000E+00  0.0000E+00  0.0000E+00  0.0000E+00  0.0000E+00  0.0000E+00
  6.0000E+00  3.3000E-02  0.0000E+00  2.2373E+01  0.0000E+00  8.2972E+00  2.3739E+00  2.3493E+00  2.2373E+01  8.4540E+00  1.3919E+01  2.2958E+00
  6.0000E+00  8.3000E-02  0.0000E+00  4.6713E+01  0.0000E+00  1.5708E+01  2.7702E+00  2.7334E+00  4.6713E+01  1.6384E+01  3.0329E+01  2.5170E+00
  6.0000E+00  2.5000E-01  0.0000E+00  5.0110E+00  0.0000E+00  2.2650E+01 -1.0290E+00 -1.0785E+00  5.0110E+00  2.4667E+01 -1.9656E+01 -8.1639E-01
  6.0000E+00  5.0000E-01  0.0000E+00  4.6163E+01  0.0000E+00  2.2828E+01  1.4719E+00  1.4155E+00  4.6163E+01  2.5224E+01  2.0939E+01  1.0303E+00
  6.0000E+00  7.5000E-01  0.0000E+00  1.5363E+01  0.0000E+00  2.2105E+01 -3.6290E-01 -4.2236E-01  1.5363E+01  2.4460E+01 -9.0974E+00 -2.8303E-01
  6.0000E+00  1.0000E+00  0.0000E+00  2.2338E+01  0.0000E+00  2.1369E+01  1.2493E-01  6.2816E-02  2.2338E+01  2.3650E+01 -1.3121E+00  6.3396E-02
  6.0000E+00  2.0000E+00  0.0000E+00  2.4323E+01  0.0000E+00  1.8660E+01  4.9278E-01  4.2029E-01  2.4323E+01  2.0658E+01  3.6647E+00  3.2280E-01
  6.0000E+00  3.0000E+00  0.0000E+00  1.8400E+00  0.0000E+00  1.6300E+01 -1.1458E+00 -1.2285E+00  1.8400E+00  1.8052E+01 -1.6212E+01 -8.3909E-01
  6.0000E+00  4.0000E+00  0.0000E+00  2.7960E+00  0.0000E+00  1.4244E+01 -1.0202E+00 -1.1130E+00  2.7960E+00  1.5781E+01 -1.2985E+01 -7.5032E-01
  6.0000E+00  6.0000E+00  0.0000E+00  2.7000E+00  0.0000E+00  1.0893E+01 -9.2932E-01 -1.0416E+00  2.7000E+00  1.2079E+01 -9.3792E+00 -6.8634E-01
  6.0000E+00  8.0000E+00  0.0000E+00  2.4450E+00  0.0000E+00  8.3491E+00 -8.4861E-01 -9.7928E-01  2.4450E+00  9.2685E+00 -6.8235E+00 -6.2960E-01
  7.0000E+00  0.0000E+00  1.2500E+05  0.0000E+00  1.0000E+00  0.0000E+00  0.0000E+00  0.0000E+00  0.0000E+00  0.0000E+00  0.0000E+00  0.0000E+00
  7.0000E+00  0.0000E+00  0.0000E+00  0.0000E+00  0.0000E+00  0.0000E+00  0.0000E+00  0.0000E+00  0.0000E+00  0.0000E+00  0.0000E+00  0.0000E+00
  7.0000E+00  5.0000E-01  0.0000E+00  5.3520E+00  0.0000E+00  1.4171E+01 -1.4057E+00 -8.6180E-01  5.3520E+00  3.7300E+01 -3.1948E+01 -6.1065E-01
  7.0000E+00  1.0000E+00  0.0000E+00  1.6180E+01  0.0000E+00  1.3230E+01 -2.1912E-01  3.0875E-01  1.6180E+01  3.4973E+01 -1.8793E+01 -2.4508E-01
  7.0000E+00  2.0000E+00  0.0000E+00  4.4430E+00  0.0000E+00  1.1534E+01 -1.3490E+00 -8.5138E-01  4.4430E+00  3.0548E+01 -2.6105E+01 -5.7321E-01
  7.0000E+00  4.0000E+00  0.0000E+00  1.9128E+01  0.0000E+00  8.7703E+00  1.1915E+00  1.6355E+00  1.9128E+01  2.3336E+01 -4.2083E+00  1.9021E-01
  7.0000E+00  8.0000E+00  0.0000E+00  5.6870E+00  0.0000E+00  5.0834E+00 -1.9954E-01  1.6443E-01  5.6870E+00  1.3706E+01 -8.0188E+00 -1.9239E-01
  7.0000E+00  2.4000E+01  0.0000E+00  6.0000E-01  0.0000E+00  6.2403E-01 -3.1306E-01 -5.3332E-02  6.0000E-01  1.9854E+00 -1.3854E+00 -1.0422E-01
  8.0000E+00  0.0000E+00  1.2500E+05  0.0000E+00  1.0000E+00  0.0000E+00  0.0000E+00  0.0000E+00  0.0000E+00  0.0000E+00  0.0000E+00  0.0000E+00
  8.0000E+00  0.0000E+00  0.0000E+00  0.0000E+00  0.0000E+00  0.0000E+00  0.0000E+00  0.0000E+00  0.0000E+00  0.0000E+00  0.0000E+00  0.0000E+00
  8.0000E+00  5.0000E-01  0.0000E+00  3.1708E+01  0.0000E+00  1.6563E+01  5.5668E-01  1.2662E+00  3.1708E+01  3.7300E+01 -5.5918E+00  6.4055E-02
  8.0000E+00  1.0000E+00  0.0000E+00  2.9239E+01  0.0000E+00  1.5466E+01  5.3596E-01  1.2333E+00  2.9239E+01  3.4973E+01 -5.7336E+00  5.8503E-02
  8.0000E+00  2.0000E+00  0.0000E+00  9.1450E+00  0.0000E+00  1.3486E+01 -1.1188E+00 -4.4574E-01  9.1450E+00  3.0548E+01 -2.1403E+01 -5.1138E-01
  8.0000E+00  4.0000E+00  0.0000E+00  7.1960E+00  0.0000E+00  1.0259E+01 -1.0399E+00 -4.1348E-01  7.1960E+00  2.3336E+01 -1.6140E+01 -4.7356E-01
  8.0000E+00  8.0000E+00  0.0000E+00  3.9410E+00  0.0000E+00  5.9546E+00 -1.0112E+00 -4.6830E-01  3.9410E+00  1.3706E+01 -9.7648E+00 -4.4233E-01
  8.0000E+00  2.4000E+01  0.0000E+00  6.0000E-01  0.0000E+00  7.4458E-01 -6.4196E-01 -2.6890E-01  6.0000E-01  1.9854E+00 -1.3854E+00 -2.1485E-01
  9.0000E+00  0.0000E+00  1.2500E+05  0.0000E+00  1.0000E+00  0.0000E+00  0.0000E+00  0.0000E+00  0.0000E+00  0.0000E+00  0.0000E+00  0.0000E+00
  9.0000E+00  0.0000E+00  0.0000E+00  0.0000E+00  0.0000E+00  0.0000E+00  0.0000E+00  0.0000E+00  0.0000E+00  0.0000E+00  0.0000E+00  0.0000E+00
  9.0000E+00  5.0000E-01  0.0000E+00  2.5875E+01  0.0000E+00  1.9297E+01 -6.7652E-02  4.7210E-01  2.5875E+01  3.7300E+01 -1.1425E+01 -1.3225E-01
  9.0000E+00  1.0000E+00  0.0000E+00  1.2360E+01  0.0000E+00  1.8020E+01 -9.6656E-01 -4.3497E-01  1.2360E+01  3.4973E+01 -2.2613E+01 -4.9307E-01
  9.0000E+00  2.0000E+00  0.0000E+00  2.5667E+01  0.0000E+00  1.5717E+01  3.6097E-01  8.7676E-01  2.5667E+01  3.0548E+01 -4.8814E+00  4.7412E-02
  9.0000E+00  4.0000E+00  0.0000E+00  1.4443E+01  0.0000E+00  1.1963E+01 -2.0027E-01  2.8710E-01  1.4443E+01  2.3336E+01 -8.8933E+00 -1.7233E-01
  9.0000E+00  8.0000E+00  0.0000E+00  6.7260E+00  0.0000E+00  6.9544E+00 -4.8981E-01 -4.5482E-02  6.7260E+00  1.3706E+01 -6.9798E+00 -2.7280E-01
  9.0000E+00  2.4000E+01  0.0000E+00  1.4570E+00  0.0000E+00  8.8771E-01  4.4399E-01  8.8810E-01  1.4570E+00  1.9854E+00 -5.2842E-01  1.0333E-01
  1.0000E+01  0.0000E+00  2.5000E+05  0.0000E+00  1.0000E+00  0.0000E+00  0.0000E+00  0.0000E+00  0.0000E+00  0.0000E+00  0.0000E+00  0.0000E+00
  1.0000E+01  0.0000E+00  0.0000E+00  0.0000E+00  0.0000E+00  0.0000E+00  0.0000E+00  0.0000E+00  0.0000E+00  0.0000E+00  0.0000E+00  0.0000E+00
  1.0000E+01  5.0000E-01  0.0000E+00  3.2559E+01  0.0000E+00  6.1018E+01 -2.5760E-01 -6.4588E-01  3.2559E+01  3.9874E+01 -7.3148E+00 -3.2193E-01
  1.0000E+01  1.0000E+00  0.0000E+00  2.7382E+01  0.0000E+00  5.8560E+01 -3.1248E-01 -7.3729E-01  2.7382E+01  3.7386E+01 -1.0004E+01 -4.1904E-01
  1.0000E+01  2.0000E+00  0.0000E+00  2.0366E+01  0.0000E+00  5.1275E+01 -4.2029E-01 -8.3478E-01  2.0366E+01  3.2656E+01 -1.2290E+01 -5.5082E-01
  1.0000E+01  4.0000E+00  0.0000E+00  3.1808E+01  0.0000E+00  3.9331E+01  1.2376E-01 -2.6488E-01  3.1808E+01  2.4947E+01  6.8613E+00  1.2661E-01
  1.0000E+01  8.0000E+00  0.0000E+00  6.3644E+01  0.0000E+00  2.3370E+01  2.7239E+00  2.3866E+00  6.3644E+01  1.4652E+01  4.8992E+01  3.3599E+00
  1.0000E+01  2.4000E+01  0.0000E+00  2.5160E+00  0.0000E+00  3.8526E+00 -2.3128E-01 -4.8044E-01  2.5160E+00  2.1224E+00  3.9357E-01 -2.6232E-01
  1.1000E+01  0.0000E+00  2.5000E+05  0.0000E+00  1.0000E+00  0.0000E+00  0.0000E+00  0.0000E+00  0.0000E+00  0.0000E+00  0.0000E+00  0.0000E+00
  1.1000E+01  0.0000E+00  0.0000E+00  0.0000E+00  0.0000E+00  0.0000E+00  0.0000E+00  0.0000E+00  0.0000E+00  0.0000E+00  0.0000E+00  0.0000E+00
  1.1000E+01  5.0000E-01  0.0000E+00  2.2787E+01  0.0000E+00  2.1659E+01 -4.1042E-01  7.2104E-02  2.2787E+01  3.9874E+01 -1.7087E+01 -2.7146E-01
  1.1000E+01  1.0000E+00  0.0000E+00  4.7157E+01  0.0000E+00  2.0227E+01  1.3703E+00  1.8437E+00  4.7157E+01  3.7386E+01  9.7711E+00  4.9021E-01
  1.1000E+01  2.0000E+00  0.0000E+00  4.3560E+00  0.0000E+00  1.7643E+01 -1.4981E+00 -1.0429E+00  4.3560E+00  3.2656E+01 -2.8300E+01 -7.2529E-01
  1.1000E+01  4.0000E+00  0.0000E+00  1.1033E+01  0.0000E+00  1.3432E+01 -6.6837E-01 -2.4733E-01  1.1033E+01  2.4947E+01 -1.3914E+01 -3.6649E-01
  1.1000E+01  8.0000E+00  0.0000E+00  9.2000E+00  0.0000E+00  7.8128E+00 -1.1676E-01  2.4589E-01  9.2000E+00  1.4652E+01 -5.4516E+00 -1.2339E-01
  1.1000E+01  2.4000E+01  0.0000E+00  6.0000E-01  0.0000E+00  1.0045E+00 -7.9838E-01 -5.5761E-01  6.0000E-01  2.1224E+00 -1.5224E+00 -3.0532E-01
  1.2000E+01  0.0000E+00  2.5000E+05  0.0000E+00  1.0000E+00  0.0000E+00  0.0000E+00  0.0000E+00  0.0000E+00  0.0000E+00  0.0000E+00  0.0000E+00
  1.2000E+01  0.0000E+00  0.0000E+00  0.0000E+00  0.0000E+00  0.0000E+00  0.0000E+00  0.0000E+00  0.0000E+00  0.0000E+00  0.0000E+00  0.0000E+00
  1.2000E+01  5.0000E-01  0.0000E+00  2.9301E+01  0.0000E+00  1.7049E+01  3.8825E-01  9.9514E-01  2.9301E+01  3.9874E+01 -1.0573E+01 -1.9614E-02
  1.2000E+01  1.0000E+00  0.0000E+00  1.4208E+01  0.0000E+00  1.5919E+01 -7.4281E-01 -1.4886E-01  1.4208E+01  3.7386E+01 -2.3178E+01 -3.9426E-01
  1.2000E+01  2.0000E+00  0.0000E+00  1.1723E+01  0.0000E+00  1.3880E+01 -7.8442E-01 -2.1523E-01  1.1723E+01  3.2656E+01 -2.0933E+01 -4.0239E-01
  1.2000E+01  4.0000E+00  0.0000E+00  8.5160E+00  0.0000E+00  1.0558E+01 -7.9239E-01 -2.6785E-01  8.5160E+00  2.4947E+01 -1.6431E+01 -3.9330E-01
  1.2000E+01  8.0000E+00  0.0000E+00  8.2990E+00  0.0000E+00  6.1260E+00  3.4698E-02  4.9123E-01  8.2990E+00  1.4652E+01 -6.3526E+00 -1.0044E-01
  1.2000E+01  2.4000E+01  0.0000E+00  1.2620E+00  0.0000E+00  7.6241E-01  4.8743E-01  9.0745E-01  1.2620E+00  2.1224E+00 -8.6043E-01  8.6184E-02
  1.3000E+01  0.0000E+00  5.0000E+05  0.0000E+00  1.0000E+00  0.0000E+00  0.0000E+00  0.0000E+00  0.0000E+00  0.0000E+00  0.0000E+00  0.0000E+00
  1.3000E+01  0.0000E+00  0.0000E+00  0.0000E+00  0.0000E+00  0.0000E+00  0.0000E+00  0.0000E+00  0.0000E+00  0.0000E+00  0.0000E+00  0.0000E+00
  1.3000E+01  5.0000E-01  0.0000E+00  5.5055E+01  0.0000E+00  9.2020E+01  1.7398E-01 -5.5630E-01  5.5055E+01  4.4066E+01  1.0989E+01  3.4142E-01
  1.3000E+01  1.0000E+00  0.0000E+00  1.9613E+01  0.0000E+00  9.3050E+01 -1.8443E-01 -1.0929E+00  1.9613E+01  4.1316E+01 -2.1703E+01 -5.0341E-01
  1.3000E+01  2.0000E+00  0.0000E+00  2.3639E+01  0.0000E+00  8.2111E+01 -4.9010E-02 -9.8615E-01  2.3639E+01  3.6090E+01 -1.2451E+01 -3.0829E-01
  1.3000E+01  4.0000E+00  0.0000E+00  1.3103E+01  0.0000E+00  6.3298E+01 -1.6438E-01 -1.0982E+00  1.3103E+01  2.7569E+01 -1.4466E+01 -5.0910E-01
  1.3000E+01  8.0000E+00  0.0000E+00  1.3568E+01  0.0000E+00  3.8133E+01  3.4410E-02 -8.9210E-01  1.3568E+01  1.6192E+01 -2.6239E+00 -1.4706E-01
  1.3000E+01  2.4000E+01  0.0000E+00  1.7556E+01  0.0000E+00  7.2190E+00  2.9293E+00  1.9829E+00  1.7556E+01  2.3456E+00  1.5210E+01  5.9932E+00
  1.4000E+01  0.0000E+00  5.0000E+05  0.0000E+00  1.0000E+00  0.0000E+00  0.0000E+00  0.0000E+00  0.0000E+00  0.0000E+00  0.0000E+00  0.0000E+00
  1.4000E+01  0.0000E+00  0.0000E+00  0.0000E+00  0.0000E+00  0.0000E+00  0.0000E+00  0.0000E+00  0.0000E+00  0.0000E+00  0.0000E+00  0.0000E+00
  1.4000E+01  5.0000E-01  0.0000E+00  4.9290E+01  0.0000E+00  3.0802E+01  3.7371E-01  8.3117E-01  4.9290E+01  4.4066E+01  5.2244E+00  1.7774E-01
  1.4000E+01  1.0000E+00  0.0000E+00  3.0508E+01  0.0000E+00  2.8780E+01 -3.7496E-01  8.3148E-02  3.0508E+01  4.1316E+01 -1.0808E+01 -2.3551E-01
  1.4000E+01  2.0000E+00  0.0000E+00  2.6968E+01  0.0000E+00  2.5115E+01 -3.5532E-01  1.0216E-01  2.6968E+01  3.6090E+01 -9.1216E+00 -2.2331E-01
  1.4000E+01  4.0000E+00  0.0000E+00  2.2871E+01  0.0000E+00  1.9143E+01 -1.8718E-01  2.6970E-01  2.2871E+01  2.7569E+01 -4.6983E+00 -1.2907E-01
  1.4000E+01  8.0000E+00  0.0000E+00  2.1883E+01  0.0000E+00  1.1171E+01  8.7018E-01  1.3278E+00  2.1883E+01  1.6192E+01  5.6911E+00  4.4151E-01
  1.4000E+01  2.4000E+01  0.0000E+00  6.0000E-01  0.0000E+00  1.4981E+00 -1.2913E+00 -8.3019E-01  6.0000E-01  2.3456E+00 -1.7456E+00 -6.1953E-01
  1.5000E+01  0.0000E+00  5.0000E+05  0.0000E+00  1.0000E+00  0.0000E+00  0.0000E+00  0.0000E+00  0.0000E+00  0.0000E+00  0.0000E+00  0.0000E+00
  1.5000E+01  0.0000E+00  0.0000E+00  0.0000E+00  0.0000E+00  0.0000E+00  0.0000E+00  0.0000E+00  0.0000E+00  0.0000E+00  0.0000E+00  0.0000E+00
  1.5000E+01  5.0000E-01  0.0000E+00  6.3812E+01  0.0000E+00  1.0041E+02  1.9298E-01 -5.0479E-01  6.3812E+01  4.4066E+01  1.9746E+01  4.2884E-01
  1.5000E+01  1.0000E+00  0.0000E+00  7.1770E+00  0.0000E+00  1.0395E+02 -3.8190E-01 -1.2892E+00  7.1770E+00  4.1316E+01 -3.4139E+01 -9.6750E-01
  1.5000E+01  2.0000E+00  0.0000E+00  3.4378E+01  0.0000E+00  9.2230E+01  7.9608E-02 -8.6864E-01  3.4378E+01  3.6090E+01 -1.7116E+00 -1.3175E-01
  1.5000E+01  4.0000E+00  0.0000E+00  1.8738E+01  0.0000E+00  7.1240E+01 -8.5606E-02 -1.0206E+00  1.8738E+01  2.7569E+01 -8.8313E+00 -4.5629E-01
  1.5000E+01  8.0000E+00  0.0000E+00  3.5351E+01  0.0000E+00  4.3148E+01  6.5760E-01 -2.5023E-01  3.5351E+01  1.6192E+01  1.9159E+01  1.0849E+00
  1.5000E+01  2.4000E+01  0.0000E+00  2.0765E+01  0.0000E+00  8.5850E+00  2.8407E+00  1.9647E+00  2.0765E+01  2.3456E+00  1.8419E+01  6.9308E+00
  1.6000E+01  0.0000E+00  1.2500E+05  0.0000E+00  1.0000E+00  0.0000E+00  0.0000E+00  0.0000E+00  0.0000E+00  0.0000E+00  0.0000E+00  0.0000E+00
  1.6000E+01  0.0000E+00  0.0000E+00  0.0000E+00  0.0000E+00  0.0000E+00  0.0000E+00  0.0000E+00  0.0000E+00  0.0000E+00  0.0000E+00  0.0000E+00
  1.6000E+01  5.0000E-01  0.0000E+00  8.1620E+00  0.0000E+00  9.6932E+00 -1.1022E+00 -2.1876E-01  8.1620E+00  3.7300E+01 -2.9138E+01 -4.8618E-01
  1.6000E+01  1.0000E+00  0.0000E+00  1.6289E+01  0.0000E+00  9.0485E+00  2.4702E-01  1.1081E+00  1.6289E+01  3.4973E+01 -1.8684E+01 -1.9808E-01
  1.6000E+01  2.0000E+00  0.0000E+00  4.8860E+00  0.0000E+00  7.8854E+00 -1.3450E+00 -5.2675E-01  4.8860E+00  3.0548E+01 -2.5662E+01 -5.1083E-01
  1.6000E+01  4.0000E+00  0.0000E+00  8.0510E+00  0.0000E+00  5.9905E+00 -2.6409E-01  4.7634E-01  8.0510E+00  2.3336E+01 -1.5285E+01 -2.7176E-01
  1.6000E+01  8.0000E+00  0.0000E+00  3.2130E+00  0.0000E+00  3.4632E+00 -7.1733E-01 -1.0004E-01  3.2130E+00  1.3706E+01 -1.0493E+01 -3.2264E-01
  1.6000E+01  2.4000E+01  0.0000E+00  6.0000E-01  0.0000E+00  4.1032E-01  1.8275E-01  6.4016E-01  6.0000E-01  1.9854E+00 -1.3854E+00 -1.1964E-02
  1.7000E+01  0.0000E+00  1.2500E+05  0.0000E+00  1.0000E+00  0.0000E+00  0.0000E+00  0.0000E+00  0.0000E+00  0.0000E+00  0.0000E+00  0.0000E+00
  1.7000E+01  0.0000E+00  0.0000E+00  0.0000E+00  0.0000E+00  0.0000E+00  0.0000E+00  0.0000E+00  0.0000E+00  0.0000E+00  0.0000E+00  0.0000E+00
  1.7000E+01  5.0000E-01  0.0000E+00  2.4603E+01  0.0000E+00  1.1717E+01  8.2118E-01  1.5229E+00  2.4603E+01  3.7300E+01 -1.2697E+01 -1.8818E-02
  1.7000E+01  1.0000E+00  0.0000E+00  7.2080E+00  0.0000E+00  1.0939E+01 -1.1528E+00 -4.7233E-01  7.2080E+00  3.4973E+01 -2.7765E+01 -4.9730E-01
  1.7000E+01  2.0000E+00  0.0000E+00  5.4500E+00  0.0000E+00  9.5345E+00 -1.2329E+00 -5.9325E-01  5.4500E+00  3.0548E+01 -2.5098E+01 -5.0791E-01
  1.7000E+01  4.0000E+00  0.0000E+00  2.7120E+00  0.0000E+00  7.2463E+00 -1.4315E+00 -8.6654E-01  2.7120E+00  2.3336E+01 -2.0624E+01 -5.3795E-01
  1.7000E+01  8.0000E+00  0.0000E+00  5.6920E+00  0.0000E+00  4.1941E+00  4.8673E-02  4.9458E-01  5.6920E+00  1.3706E+01 -8.0138E+00 -1.4800E-01
  1.7000E+01  2.4000E+01  0.0000E+00  6.0000E-01  0.0000E+00  5.0504E-01 -1.7873E-02  2.6039E-01  6.0000E-01  1.9854E+00 -1.3854E+00 -3.6883E-02
  1.8000E+01  0.0000E+00  1.2500E+05  0.0000E+00  1.0000E+00  0.0000E+00  0.0000E+00  0.0000E+00  0.0000E+00  0.0000E+00  0.0000E+00  0.0000E+00
  1.8000E+01  0.0000E+00  0.0000E+00  0.0000E+00  0.0000E+00  0.0000E+00  0.0000E+00  0.0000E+00  0.0000E+00  0.0000E+00  0.0000E+00  0.0000E+00
  1.8000E+01  5.0000E-01  0.0000E+00  1.0414E+01  0.0000E+00  8.5209E+00 -4.6949E-01  3.0767E-01  1.0414E+01  3.7300E+01 -2.6886E+01 -3.7660E-01
  1.8000E+01  1.0000E+00  0.0000E+00  3.2390E+00  0.0000E+00  7.9538E+00 -1.5708E+00 -8.2089E-01  3.2390E+00  3.4973E+01 -3.1734E+01 -5.5957E-01
  1.8000E+01  2.0000E+00  0.0000E+00  7.2080E+00  0.0000E+00  6.9307E+00 -6.4267E-01  5.5403E-02  7.2080E+00  3.0548E+01 -2.3340E+01 -3.8174E-01
  1.8000E+01  4.0000E+00  0.0000E+00  2.6850E+00  0.0000E+00  5.2639E+00 -1.2839E+00 -6.7846E-01  2.6850E+00  2.3336E+01 -2.0651E+01 -4.7145E-01
  1.8000E+01  8.0000E+00  0.0000E+00  4.9860E+00  0.0000E+00  3.0411E+00  4.1998E-01  8.8565E-01  4.9860E+00  1.3706E+01 -8.7198E+00 -1.2948E-01
  1.8000E+01  2.4000E+01  0.0000E+00  6.0000E-01  0.0000E+00  3.5690E-01  6.1864E-01  9.4325E-01  6.0000E-01  1.9854E+00 -1.3854E+00  4.8434E-02
  1.9000E+01  0.0000E+00  2.5000E+05  0.0000E+00  1.0000E+00  0.0000E+00  0.0000E+00  0.0000E+00  0.0000E+00  0.0000E+00  0.0000E+00  0.0000E+00
  1.9000E+01  0.0000E+00  0.0000E+00  0.0000E+00  0.0000E+00  0.0000E+00  0.0000E+00  0.0000E+00  0.0000E+00  0.0000E+00  0.0000E+00  0.0000E+00
  1.9000E+01  5.0000E-01  0.0000E+00  2.8991E+01  0.0000E+00  1.3034E+01  9.4062E-01  1.6954E+00  2.8991E+01  3.9874E+01 -1.0883E+01  3.3096E-02
  1.9000E+01  1.0000E+00  0.0000E+00  7.3880E+00  0.0000E+00  1.2168E+01 -1.2796E+00 -5.4401E-01  7.3880E+00  3.7386E+01 -2.9998E+01 -5.2932E-01
  1.9000E+01  2.0000E+00  0.0000E+00  5.6630E+00  0.0000E+00  1.0606E+01 -1.3440E+00 -6.4543E-01  5.6630E+00  3.2656E+01 -2.6993E+01 -5.3706E-01
  1.9000E+01  4.0000E+00  0.0000E+00  9.2860E+00  0.0000E+00  8.0615E+00 -4.1979E-01  2.1034E-01  9.2860E+00  2.4947E+01 -1.5661E+01 -2.8577E-01
  1.9000E+01  8.0000E+00  0.0000E+00  4.0470E+00  0.0000E+00  4.6673E+00 -7.0207E-01 -1.8404E-01  4.0470E+00  1.4652E+01 -1.0605E+01 -3.2518E-01
  1.9000E+01  2.4000E+01  0.0000E+00  6.0000E-01  0.0000E+00  5.6413E-01 -2.5050E-01  8.8045E-02  6.0000E-01  2.1224E+00 -1.5224E+00 -8.5170E-02
  2.0000E+01  0.0000E+00  2.5000E+05  0.0000E+00  1.0000E+00  0.0000E+00  0.0000E+00  0.0000E+00  0.0000E+00  0.0000E+00  0.0000E+00  0.0000E+00
  2.0000E+01  0.0000E+00  0.0000E+00  0.0000E+00  0.0000E+00  0.0000E+00  0.0000E+00  0.0000E+00  0.0000E+00  0.0000E+00  0.0000E+00  0.0000E+00
  2.0000E+01  5.0000E-01  0.0000E+00  2.0607E+01  0.0000E+00  1.1276E+01  1.7232E-01  1.1459E+00  2.0607E+01  3.9874E+01 -1.9267E+01 -1.9594E-01
  2.0000E+01  1.0000E+00  0.0000E+00  1.2830E+01  0.0000E+00  1.0527E+01 -6.5105E-01  3.0299E-01  1.2830E+01  3.7386E+01 -2.4556E+01 -3.6916E-01
  2.0000E+01  2.0000E+00  0.0000E+00  1.2017E+01  0.0000E+00  9.1743E+00 -4.8712E-01  4.2909E-01  1.2017E+01  3.2656E+01 -2.0639E+01 -3.2357E-01
  2.0000E+01  4.0000E+00  0.0000E+00  6.5880E+00  0.0000E+00  6.9709E+00 -9.2174E-01 -7.6057E-02  6.5880E+00  2.4947E+01 -1.8359E+01 -4.0047E-01
  2.0000E+01  8.0000E+00  0.0000E+00  2.8710E+00  0.0000E+00  4.0320E+00 -1.1267E+00 -3.9875E-01  2.8710E+00  1.4652E+01 -1.1781E+01 -4.0763E-01
  2.0000E+01  2.4000E+01  0.0000E+00  6.0000E-01  0.0000E+00  4.8101E-01 -1.9763E-01  3.4257E-01  6.0000E-01  2.1224E+00 -1.5224E+00 -7.6700E-02
  2.1000E+01  0.0000E+00  2.5000E+05  0.0000E+00  1.0000E+00  0.0000E+00  0.0000E+00  0.0000E+00  0.0000E+00  0.0000E+00  0.0000E+00  0.0000E+00
  2.1000E+01  0.0000E+00  0.0000E+00  0.0000E+00  0.0000E+00  0.0000E+00  0.0000E+00  0.0000E+00  0.0000E+00  0.0000E+00  0.0000E+00  0.0000E+00
  2.1000E+01  5.0000E-01  0.0000E+00  2.0194E+01  0.0000E+00  1.1711E+01  2.1199E-01  1.0032E+00  2.0194E+01  3.9874E+01 -1.9680E+01 -1.8558E-01
  2.1000E+01  1.0000E+00  0.0000E+00  1.3124E+01  0.0000E+00  1.0932E+01 -4.9246E-01  2.7765E-01  1.3124E+01  3.7386E+01 -2.4262E+01 -3.3830E-01
  2.1000E+01  2.0000E+00  0.0000E+00  6.5080E+00  0.0000E+00  9.5280E+00 -1.1684E+00 -4.3893E-01  6.5080E+00  3.2656E+01 -2.6148E+01 -4.8400E-01
  2.1000E+01  4.0000E+00  0.0000E+00  1.8150E+00  0.0000E+00  7.2401E+00 -1.6932E+00 -1.0377E+00  1.8150E+00  2.4947E+01 -2.3132E+01 -5.8392E-01
  2.1000E+01  8.0000E+00  0.0000E+00  6.6610E+00  0.0000E+00  4.1887E+00  2.7893E-01  8.1736E-01  6.6610E+00  1.4652E+01 -7.9906E+00 -1.0479E-01
  2.1000E+01  2.4000E+01  0.0000E+00  6.0000E-01  0.0000E+00  5.0133E-01 -1.0731E-01  2.7254E-01  6.0000E-01  2.1224E+00 -1.5224E+00 -5.5256E-02
  2.2000E+01  0.0000E+00  5.0000E+05  0.0000E+00  1.0000E+00  0.0000E+00  0.0000E+00  0.0000E+00  0.0000E+00  0.0000E+00  0.0000E+00  0.0000E+00
  2.2000E+01  0.0000E+00  0.0000E+00  0.0000E+00  0.0000E+00  0.0000E+00  0.0000E+00  0.0000E+00  0.0000E+00  0.0000E+00  0.0000E+00  0.0000E+00
  2.2000E+01  5.0000E-01  0.0000E+00  2.0892E+01  0.0000E+00  1.9576E+01 -4.5162E-01  9.3070E-02  2.0892E+01  4.4066E+01 -2.3174E+01 -3.0528E-01
  2.2000E+01  1.0000E+00  0.0000E+00  2.0896E+01  0.0000E+00  1.8279E+01 -3.3455E-01  1.9825E-01  2.0896E+01  4.1316E+01 -2.0420E+01 -2.5732E-01
  2.2000E+01  2.0000E+00  0.0000E+00  1.6873E+01  0.0000E+00  1.5939E+01 -4.2915E-01  8.1160E-02  1.6873E+01  3.6090E+01 -1.9217E+01 -2.8492E-01
  2.2000E+01  4.0000E+00  0.0000E+00  5.7380E+00  0.0000E+00  1.2125E+01 -1.2004E+00 -7.2950E-01  5.7380E+00  2.7569E+01 -2.1831E+01 -5.3975E-01
  2.2000E+01  8.0000E+00  0.0000E+00  1.4398E+01  0.0000E+00  7.0379E+00  1.0334E+00  1.4482E+00  1.4398E+01  1.6192E+01 -1.7939E+00  2.4127E-01
  2.2000E+01  2.4000E+01  0.0000E+00  1.1130E+00  0.0000E+00  8.8008E-01 -2.3822E-02  3.6651E-01  1.1130E+00  2.3456E+00 -1.2326E+00 -4.3989E-02
  2.3000E+01  0.0000E+00  5.0000E+05  0.0000E+00  1.0000E+00  0.0000E+00  0.0000E+00  0.0000E+00  0.0000E+00  0.0000E+00  0.0000E+00  0.0000E+00
  2.3000E+01  0.0000E+00  0.0000E+00  0.0000E+00  0.0000E+00  0.0000E+00  0.0000E+00  0.0000E+00  0.0000E+00  0.0000E+00  0.0000E+00  0.0000E+00
  2.3000E+01  5.0000E-01  0.0000E+00  6.3520E+01  0.0000E+00  2.6601E+01  1.4599E+00  1.9220E+00  6.3520E+01  4.4066E+01  1.9454E+01  6.3232E-01
  2.3000E+01  1.0000E+00  0.0000E+00  2.7973E+01  0.0000E+00  2.4846E+01 -2.8055E-01  1.7429E-01  2.7973E+01  4.1316E+01 -1.3343E+01 -1.9772E-01
  2.3000E+01  2.0000E+00  0.0000E+00  1.2101E+01  0.0000E+00  2.1676E+01 -1.0516E+00 -6.1171E-01  1.2101E+01  3.6090E+01 -2.3989E+01 -5.5944E-01
  2.3000E+01  4.0000E+00  0.0000E+00  7.7790E+00  0.0000E+00  1.6510E+01 -1.1429E+00 -7.3232E-01  7.7790E+00  2.7569E+01 -1.9790E+01 -5.9660E-01
  2.3000E+01  8.0000E+00  0.0000E+00  1.1122E+01  0.0000E+00  9.6152E+00 -1.3994E-01  2.1702E-01  1.1122E+01  1.6192E+01 -5.0699E+00 -1.2037E-01
  2.3000E+01  2.4000E+01  0.0000E+00  6.0000E-01  0.0000E+00  1.2568E+00 -9.4825E-01 -7.2373E-01  6.0000E-01  2.3456E+00 -1.7456E+00 -3.9697E-01
  2.4000E+01  0.0000E+00  5.0000E+05  0.0000E+00  1.0000E+00  0.0000E+00  0.0000E+00  0.0000E+00  0.0000E+00  0.0000E+00  0.0000E+00  0.0000E+00
  2.4000E+01  0.0000E+00  0.0000E+00  0.0000E+00  0.0000E+00  0.0000E+00  0.0000E+00  0.0000E+00  0.0000E+00  0.0000E+00  0.0000E+00  0.0000E+00
  2.4000E+01  5.0000E-01  0.0000E+00  6.2078E+01  0.0000E+00  7.0499E+01  3.0135E-01 -1.6541E-01  6.2078E+01  4.4066E+01  1.8012E+01  3.6260E-01
  2.4000E+01  1.0000E+00  0.0000E+00  1.7933E+01  0.0000E+00  6.7999E+01 -4.9964E-01 -1.0196E+00  1.7933E+01  4.1316E+01 -2.3383E+01 -7.0715E-01
  2.4000E+01  2.0000E+00  0.0000E+00  2.0081E+01  0.0000E+00  5.9571E+01 -4.0345E-01 -9.1801E-01  2.0081E+01  3.6090E+01 -1.6009E+01 -5.8407E-01
  2.4000E+01  4.0000E+00  0.0000E+00  1.3612E+01  0.0000E+00  4.5721E+01 -4.7632E-01 -9.7254E-01  1.3612E+01  2.7569E+01 -1.3957E+01 -6.7392E-01
  2.4000E+01  8.0000E+00  0.0000E+00  7.3308E+01  0.0000E+00  2.7210E+01  2.8078E+00  2.3461E+00  7.3308E+01  1.6192E+01  5.7116E+01  3.6176E+00
  2.4000E+01  2.4000E+01  0.0000E+00  1.2590E+00  0.0000E+00  4.5621E+00 -5.3132E-01 -1.0027E+00  1.2590E+00  2.3456E+00 -1.0866E+00 -7.7647E-01
  2.5000E+01  0.0000E+00  1.2500E+05  0.0000E+00  1.0000E+00  0.0000E+00  0.0000E+00  0.0000E+00  0.0000E+00  0.0000E+00  0.0000E+00  0.0000E+00
  2.5000E+01  6.4850E+02  0.0000E+00  7.4066E+01  0.0000E+00  7.4219E+01  4.5162E-01 -2.8486E-03  7.4066E+01  4.0297E+01  3.3769E+01  6.1005E-01
  2.5000E+01  6.4900E+02  0.0000E+00  3.0944E+01  0.0000E+00  7.2511E+01 -2.8693E-01 -7.9385E-01  3.0944E+01  3.7864E+01 -6.9197E+00 -5.0095E-01
  2.5000E+01  6.5000E+02  0.0000E+00  6.1250E+00  0.0000E+00  6.4265E+01 -7.5298E-01 -1.2528E+00  6.1250E+00  3.3246E+01 -2.7121E+01 -1.1977E+00
  2.5000E+01  6.5200E+02  0.0000E+00  3.0089E+01  0.0000E+00  5.0583E+01 -8.4473E-02 -5.6106E-01  3.0089E+01  2.5709E+01  4.3795E+00 -1.9710E-01
  2.5000E+01  6.5600E+02  0.0000E+00  8.4092E+01  0.0000E+00  3.2187E+01  2.6702E+00  2.2332E+00  8.4092E+01  1.5615E+01  6.8477E+01  4.0573E+00
  2.5000E+01  6.7200E+02  0.0000E+00  8.0090E+00  0.0000E+00  8.8791E+00  2.4863E-01 -1.3571E-01  8.0090E+00  3.1097E+00  4.8993E+00  5.4003E-01
  2.6000E+01  0.0000E+00  1.2500E+05  0.0000E+00  1.0000E+00  0.0000E+00  0.0000E+00  0.0000E+00  0.0000E+00  0.0000E+00  0.0000E+00  0.0000E+00
  2.6000E+01  6.4850E+02  0.0000E+00  5.0296E+01  0.0000E+00  5.6697E+01 -7.4926E-02 -1.5635E-01  5.0296E+01  4.0297E+01  9.9992E+00 -7.1587E-02
  2.6000E+01  6.4900E+02  0.0000E+00  1.4633E+02  0.0000E+00  5.4013E+01  2.4490E+00  2.3669E+00  1.4633E+02  3.7864E+01  1.0847E+02  2.7129E+00
  2.6000E+01  6.5000E+02  0.0000E+00  8.6660E+00  0.0000E+00  4.7606E+01 -1.0611E+00 -1.1327E+00  8.6660E+00  3.3246E+01 -2.4580E+01 -1.1499E+00
  2.6000E+01  6.5200E+02  0.0000E+00  3.1890E+01  0.0000E+00  3.7120E+01 -1.4118E-01 -1.9512E-01  3.1890E+01  2.5709E+01  6.1805E+00 -1.3363E-01
  2.6000E+01  6.5600E+02  0.0000E+00  2.1724E+01  0.0000E+00  2.3050E+01 -4.7453E-02 -7.9666E-02  2.1724E+01  1.5615E+01  6.1088E+00 -2.3685E-02
  2.6000E+01  6.7200E+02  0.0000E+00  2.5220E+00  0.0000E+00  5.4289E+00 -6.8341E-01 -7.4150E-01  2.5220E+00  3.1097E+00 -5.8767E-01 -6.8157E-01
  2.7000E+01  0.0000E+00  1.2500E+05  0.0000E+00  1.0000E+00  0.0000E+00  0.0000E+00  0.0000E+00  0.0000E+00  0.0000E+00  0.0000E+00  0.0000E+00
  2.7000E+01  6.4850E+02  0.0000E+00  2.1252E+02  0.0000E+00  8.4268E+01  2.3808E+00  2.1076E+00  2.1252E+02  4.0297E+01  1.7222E+02  3.6937E+00
  2.7000E+01  6.4900E+02  0.0000E+00  3.0835E+01  0.0000E+00  8.3784E+01 -5.6164E-01 -8.7517E-01  3.0835E+01  3.7864E+01 -7.0287E+00 -1.1368E+00
  2.7000E+01  6.5000E+02  0.0000E+00  1.4641E+02  0.0000E+00  7.4585E+01  1.6348E+00  1.3335E+00  1.4641E+02  3.3246E+01  1.1316E+02  2.6473E+00
  2.7000E+01  6.5200E+02  0.0000E+00  9.8230E+00  0.0000E+00  5.9041E+01 -8.8476E-01 -1.1544E+00  9.8230E+00  2.5709E+01 -1.5886E+01 -1.7038E+00
  2.7000E+01  6.5600E+02  0.0000E+00  3.2820E+01  0.0000E+00  3.8118E+01  3.4641E-02 -1.9246E-01  3.2820E+01  1.5615E+01  1.7205E+01 -3.5038E-02
  2.7000E+01  6.7200E+02  0.0000E+00  6.0010E+00  0.0000E+00  1.1429E+01 -4.3259E-01 -6.5771E-01  6.0010E+00  3.1097E+00  2.8913E+00 -6.9263E-01
  2.8000E+01  0.0000E+00  2.5000E+05  0.0000E+00  1.0000E+00  0.0000E+00  0.0000E+00  0.0000E+00  0.0000E+00  0.0000E+00  0.0000E+00  0.0000E+00
  2.8000E+01  6.4850E+02  0.0000E+00  6.4244E+01  0.0000E+00  8.6499E+01  2.0593E-01 -3.5630E-01  6.4244E+01  4.3078E+01  2.1166E+01  2.7157E-01
  2.8000E+01  6.4900E+02  0.0000E+00  3.7738E+01  0.0000E+00  8.5489E+01 -1.3250E-01 -7.7351E-01  3.7738E+01  4.0477E+01 -2.7385E+00 -3.4160E-01
  2.8000E+01  6.5000E+02  0.0000E+00  9.7220E+00  0.0000E+00  7.5982E+01 -5.6410E-01 -1.2076E+00  9.7220E+00  3.5540E+01 -2.5818E+01 -1.0639E+00
  2.8000E+01  6.5200E+02  0.0000E+00  2.0965E+01  0.0000E+00  6.0031E+01 -2.6960E-01 -9.0119E-01  2.0965E+01  2.7484E+01 -6.5186E+00 -5.8408E-01
  2.8000E+01  6.5600E+02  0.0000E+00  1.0345E+02  0.0000E+00  3.8568E+01  2.9501E+00  2.3296E+00  1.0345E+02  1.6693E+01  8.6757E+01  4.9533E+00
  2.8000E+01  6.7200E+02  0.0000E+00  2.1540E+00  0.0000E+00  1.1253E+01 -3.9323E-01 -1.1198E+00  2.1540E+00  3.3243E+00 -1.1703E+00 -9.8828E-01
  2.9000E+01  0.0000E+00  2.5000E+05  0.0000E+00  1.0000E+00  0.0000E+00  0.0000E+00  0.0000E+00  0.0000E+00  0.0000E+00  0.0000E+00  0.0000E+00
  2.9000E+01  6.4850E+02  0.0000E+00  1.4612E+02  0.0000E+00  8.3358E+01  1.3699E+00  1.0426E+00  1.4612E+02  4.3078E+01  1.0304E+02  1.9854E+00
  2.9000E+01  6.4900E+02  0.0000E+00  2.4291E+01  0.0000E+00  8.1962E+01 -6.0653E-01 -9.7441E-01  2.4291E+01  4.0477E+01 -1.6186E+01 -1.0407E+00
  2.9000E+01  6.5000E+02  0.0000E+00  2.4490E+01  0.0000E+00  7.2753E+01 -5.6597E-01 -9.1867E-01  2.4490E+01  3.5540E+01 -1.1050E+01 -9.8050E-01
  2.9000E+01  6.5200E+02  0.0000E+00  8.2620E+01  0.0000E+00  5.7384E+01  9.2301E-01  6.0902E-01  8.2620E+01  2.7484E+01  5.5136E+01  1.3984E+00
  2.9000E+01  6.5600E+02  0.0000E+00  5.3802E+01  0.0000E+00  3.6712E+01  8.8867E-01  6.4467E-01  5.3802E+01  1.6693E+01  3.7109E+01  1.4343E+00
  2.9000E+01  6.7200E+02  0.0000E+00  1.7604E+01  0.0000E+00  1.0454E+01  9.9449E-01  9.4713E-01  1.7604E+01  3.3243E+00  1.4280E+01  2.3430E+00
  3.0000E+01  0.0000E+00  2.5000E+05  0.0000E+00  1.0000E+00  0.0000E+00  0.0000E+00  0.0000E+00  0.0000E+00  0.0000E+00  0.0000E+00  0.0000E+00
  3.0000E+01  6.4850E+02  0.0000E+00  2.4478E+01  0.0000E+00  4.6056E+01 -6.5589E-01 -6.4881E-01  2.4478E+01  4.3078E+01 -1.8600E+01 -5.3639E-01
  3.0000E+01  6.4900E+02  0.0000E+00  4.3707E+01  0.0000E+00  4.3344E+01  1.4998E-03  1.1606E-02  4.3707E+01  4.0477E+01  3.2305E+00  1.1293E-02
  3.0000E+01  6.5000E+02  0.0000E+00  2.1750E+01  0.0000E+00  3.8081E+01 -6.1003E-01 -5.9387E-01  2.1750E+01  3.5540E+01 -1.3790E+01 -4.9222E-01
  3.0000E+01  6.5200E+02  0.0000E+00  7.7547E+01  0.0000E+00  2.9489E+01  2.2292E+00  2.2569E+00  7.7547E+01  2.7484E+01  5.0063E+01  1.8362E+00
  3.0000E+01  6.5600E+02  0.0000E+00  1.7104E+01  0.0000E+00  1.7978E+01 -1.1365E-01 -6.7293E-02  1.7104E+01  1.6693E+01  4.1121E-01 -8.0050E-02
  3.0000E+01  6.7200E+02  0.0000E+00  1.4920E+00  0.0000E+00  3.6902E+00 -8.7357E-01 -8.2492E-01  1.4920E+00  3.3243E+00 -1.8323E+00 -6.1047E-01
  3.1000E+01  0.0000E+00  5.0000E+05  0.0000E+00  1.0000E+00  0.0000E+00  0.0000E+00  0.0000E+00  0.0000E+00  0.0000E+00  0.0000E+00  0.0000E+00
  3.1000E+01  6.4850E+02  0.0000E+00  1.4763E+02  0.0000E+00  1.4089E+02  7.0924E-01  6.6259E-02  1.4763E+02  4.7606E+01  1.0002E+02  1.3246E+00
  3.1000E+01  6.4900E+02  0.0000E+00  6.0196E+01  0.0000E+00  1.4890E+02 -4.9732E-02 -8.2499E-01  6.0196E+01  4.4732E+01  1.5464E+01 -6.0521E-01
  3.1000E+01  6.5000E+02  0.0000E+00  4.5454E+01  0.0000E+00  1.3567E+02 -1.0950E-01 -9.2088E-01  4.5454E+01  3.9276E+01  6.1776E+00 -8.6743E-01
  3.1000E+01  6.5200E+02  0.0000E+00  3.7415E+01  0.0000E+00  1.0974E+02 -1.1346E-01 -9.1267E-01  3.7415E+01  3.0373E+01  7.0421E+00 -9.1032E-01
  3.1000E+01  6.5600E+02  0.0000E+00  2.0174E+02  0.0000E+00  7.4628E+01  3.1491E+00  2.3587E+00  2.0174E+02  1.8448E+01  1.8329E+02  8.8864E+00
  3.1000E+01  6.7200E+02  0.0000E+00  4.0700E+00  0.0000E+00  2.8805E+01 -2.9824E-01 -1.1892E+00  4.0700E+00  3.6737E+00  3.9627E-01 -1.9722E+00
  3.2000E+01  0.0000E+00  5.0000E+05  0.0000E+00  1.0000E+00  0.0000E+00  0.0000E+00  0.0000E+00  0.0000E+00  0.0000E+00  0.0000E+00  0.0000E+00
  3.2000E+01  6.4850E+02  0.0000E+00  2.4420E+01  0.0000E+00  1.0471E+02 -6.4380E-01 -1.0619E+00  2.4420E+01  4.7606E+01 -2.3186E+01 -1.1771E+00
  3.2000E+01  6.4900E+02  0.0000E+00  4.5068E+01  0.0000E+00  1.0493E+02 -3.0379E-01 -7.9006E-01  4.5068E+01  4.4732E+01  3.3629E-01 -6.6960E-01
  3.2000E+01  6.5000E+02  0.0000E+00  1.5002E+02  0.0000E+00  9.3624E+01  1.3116E+00  8.3424E-01  1.5002E+02  3.9276E+01  1.1075E+02  2.2812E+00
  3.2000E+01  6.5200E+02  0.0000E+00  8.7104E+01  0.0000E+00  7.4301E+01  6.7683E-01  2.3863E-01  8.7104E+01  3.0373E+01  5.6731E+01  1.1615E+00
  3.2000E+01  6.5600E+02  0.0000E+00  6.0706E+01  0.0000E+00  4.8277E+01  7.2414E-01  3.5652E-01  6.0706E+01  1.8448E+01  4.2258E+01  1.3716E+00
  3.2000E+01  6.7200E+02  0.0000E+00  2.8840E+01  0.0000E+00  1.4986E+01  1.4542E+00  1.2802E+00  2.8840E+01  3.6737E+00  2.5166E+01  4.2347E+00
  3.3000E+01  0.0000E+00  5.0000E+05  0.0000E+00  1.0000E+00  0.0000E+00  0.0000E+00  0.0000E+00  0.0000E+00  0.0000E+00  0.0000E+00  0.0000E+00
  3.3000E+01  6.4850E+02  0.0000E+00  9.8501E+01  0.0000E+00  1.0494E+02  3.2346E-01 -8.4984E-02  9.8501E+01  4.7606E+01  5.0895E+01  4.4736E-01
  3.3000E+01  6.4900E+02  0.0000E+00  5.3954E+01  0.0000E+00  1.0521E+02 -1.9928E-01 -6.7464E-01  5.3954E+01  4.4732E+01  9.2223E+00 -5.1043E-01
  3.3000E+01  6.5000E+02  0.0000E+00  6.4530E+01  0.0000E+00  9.3877E+01  3.3562E-02 -4.3291E-01  6.4530E+01  3.9276E+01  2.5254E+01 -9.0497E-02
  3.3000E+01  6.5200E+02  0.0000E+00  1.3317E+02  0.0000E+00  7.4510E+01  1.5181E+00  1.0903E+00  1.3317E+02  3.0373E+01  1.0280E+02  2.7111E+00
  3.3000E+01  6.5600E+02  0.0000E+00  3.9382E+01  0.0000E+00  4.8428E+01  1.0035E-01 -2.5867E-01  3.9382E+01  1.8448E+01  2.0934E+01  1.2604E-01
  3.3000E+01  6.7200E+02  0.0000E+00  3.0098E+01  0.0000E+00  1.5056E+01  1.5553E+00  1.3835E+00  3.0098E+01  3.6737E+00  2.6424E+01  4.4893E+00
  3.4000E+01  0.0000E+00  1.2500E+05  0.0000E+00  1.0000E+00  0.0000E+00  0.0000E+00  0.0000E+00  0.0000E+00  0.0000E+00  0.0000E+00  0.0000E+00
  3.4000E+01  6.4850E+02  0.0000E+00  3.5010E+01  0.0000E+00  1.5194E+01  1.1296E+00  1.8061E+00  3.5010E+01  4.0297E+01 -5.2868E+00  1.4471E-01
  3.4000E+01  6.4900E+02  0.0000E+00  5.0250E+00  0.0000E+00  1.4198E+01 -1.5536E+00 -8.9471E-01  5.0250E+00  3.7864E+01 -3.2839E+01 -6.3077E-01
  3.4000E+01  6.5000E+02  0.0000E+00  0.0000E+00  1.0000E+00  1.2402E+01  0.0000E+00 -1.3848E+00  0.0000E+00  3.3246E+01  0.0000E+00  0.0000E+00
  3.4000E+01  6.5200E+02  0.0000E+00  6.2690E+00  0.0000E+00  9.4733E+00 -1.0274E+00 -4.6841E-01  6.2690E+00  2.5709E+01 -1.9440E+01 -4.5452E-01
  3.4000E+01  6.5600E+02  0.0000E+00  3.5510E+00  0.0000E+00  5.5622E+00 -9.4629E-01 -5.0072E-01  3.5510E+00  1.5615E+01 -1.2064E+01 -3.9473E-01
  3.4000E+01  6.7200E+02  0.0000E+00  6.0000E-01  0.0000E+00  7.9920E-01 -5.6522E-01 -3.4516E-01  6.0000E-01  3.1097E+00 -2.5097E+00 -1.1539E-01
  3.5000E+01  0.0000E+00  1.2500E+05  0.0000E+00  1.0000E+00  0.0000E+00  0.0000E+00  0.0000E+00  0.0000E+00  0.0000E+00  0.0000E+00  0.0000E+00
  3.5000E+01  6.4850E+02  0.0000E+00  2.1542E+01  0.0000E+00  1.0924E+01  5.2124E-01  1.3461E+00  2.1542E+01  4.0297E+01 -1.8755E+01 -1.3261E-01
  3.5000E+01  6.4900E+02  0.0000E+00  8.6120E+00  0.0000E+00  1.0204E+01 -1.0194E+00 -2.1603E-01  8.6120E+00  3.7864E+01 -2.9252E+01 -4.4477E-01
  3.5000E+01  6.5000E+02  0.0000E+00  6.8900E+00  0.0000E+00  8.9048E+00 -1.0753E+00 -3.1333E-01  6.8900E+00  3.3246E+01 -2.6356E+01 -4.4473E-01
  3.5000E+01  6.5200E+02  0.0000E+00  2.5340E+00  0.0000E+00  6.7878E+00 -1.5546E+00 -8.6785E-01  2.5340E+00  2.5709E+01 -2.3175E+01 -5.1705E-01
  3.5000E+01  6.5600E+02  0.0000E+00  5.9780E+00  0.0000E+00  3.9620E+00  1.3624E-01  7.0464E-01  5.9780E+00  1.5615E+01 -9.6372E+00 -1.3800E-01
  3.5000E+01  6.7200E+02  0.0000E+00  6.0000E-01  0.0000E+00  5.3120E-01 -2.4295E-01  1.7936E-01  6.0000E-01  3.1097E+00 -2.5097E+00 -1.1501E-02
  3.6000E+01  0.0000E+00  1.2500E+05  0.0000E+00  1.0000E+00  0.0000E+00  0.0000E+00  0.0000E+00  0.0000E+00  0.0000E+00  0.0000E+00  0.0000E+00
  3.6000E+01  6.4850E+02  0.0000E+00  3.4776E+01  0.0000E+00  1.4634E+01  1.2367E+00  1.9061E+00  3.4776E+01  4.0297E+01 -5.5208E+00  1.6814E-01
  3.6000E+01  6.4900E+02  0.0000E+00  1.3631E+01  0.0000E+00  1.3674E+01 -6.5631E-01 -4.3879E-03  1.3631E+01  3.7864E+01 -2.4233E+01 -3.5768E-01
  3.6000E+01  6.5000E+02  0.0000E+00  4.0710E+00  0.0000E+00  1.1943E+01 -1.5309E+00 -9.1277E-01  4.0710E+00  3.3246E+01 -2.9175E+01 -5.9158E-01
  3.6000E+01  6.5200E+02  0.0000E+00  4.7670E+00  0.0000E+00  9.1201E+00 -1.2160E+00 -6.6099E-01  4.7670E+00  2.5709E+01 -2.0942E+01 -4.8530E-01
  3.6000E+01  6.5600E+02  0.0000E+00  5.2920E+00  0.0000E+00  5.3507E+00 -4.6491E-01 -1.5191E-02  5.2920E+00  1.5615E+01 -1.0323E+01 -2.4880E-01
  3.6000E+01  6.7200E+02  0.0000E+00  6.0000E-01  0.0000E+00  7.6209E-01 -5.6249E-01 -2.9454E-01  6.0000E-01  3.1097E+00 -2.5097E+00 -8.8222E-02
  3.7000E+01  0.0000E+00  2.5000E+05  0.0000E+00  1.0000E+00  0.0000E+00  0.0000E+00  0.0000E+00  0.0000E+00  0.0000E+00  0.0000E+00  0.0000E+00
  3.7000E+01  6.4850E+02  0.0000E+00  2.8486E+01  0.0000E+00  1.4832E+01  4.6035E-01  1.2749E+00  2.8486E+01  4.3078E+01 -1.4592E+01 -6.3604E-02
  3.7000E+01  6.4900E+02  0.0000E+00  1.1131E+01  0.0000E+00  1.3858E+01 -1.0723E+00 -2.7252E-01  1.1131E+01  4.0477E+01 -2.9346E+01 -4.6352E-01
  3.7000E+01  6.5000E+02  0.0000E+00  1.5256E+01  0.0000E+00  1.2101E+01 -4.1028E-01  3.6100E-01  1.5256E+01  3.5540E+01 -2.0284E+01 -2.8095E-01
  3.7000E+01  6.5200E+02  0.0000E+00  1.0727E+01  0.0000E+00  9.2378E+00 -4.9581E-01  2.2324E-01  1.0727E+01  2.7484E+01 -1.6757E+01 -2.8722E-01
  3.7000E+01  6.5600E+02  0.0000E+00  4.5780E+00  0.0000E+00  5.4141E+00 -8.4935E-01 -2.1386E-01  4.5780E+00  1.6693E+01 -1.2115E+01 -3.3855E-01
  3.7000E+01  6.7200E+02  0.0000E+00  1.0060E+00  0.0000E+00  7.6188E-01 -1.1670E-01  4.4373E-01  1.0060E+00  3.3243E+00 -2.3183E+00 -3.0445E-02
  3.8000E+01  0.0000E+00  2.5000E+05  0.0000E+00  1.0000E+00  0.0000E+00  0.0000E+00  0.0000E+00  0.0000E+00  0.0000E+00  0.0000E+00  0.0000E+00
  3.8000E+01  6.4850E+02  0.0000E+00  3.0100E+01  0.0000E+00  2.1933E+01 -2.4686E-03  5.1568E-01  3.0100E+01  4.3078E+01 -1.2978E+01 -1.0753E-01
  3.8000E+01  6.4900E+02  0.0000E+00  2.6832E+01  0.0000E+00  2.0506E+01 -8.3307E-02  4.2720E-01  2.6832E+01  4.0477E+01 -1.3645E+01 -1.3624E-01
  3.8000E+01  6.5000E+02  0.0000E+00  1.0962E+01  0.0000E+00  1.7931E+01 -1.0342E+00 -5.3823E-01  1.0962E+01  3.5540E+01 -2.4578E+01 -5.0180E-01
  3.8000E+01  6.5200E+02  0.0000E+00  1.5374E+01  0.0000E+00  1.3733E+01 -3.0552E-01  1.6551E-01  1.5374E+01  2.7484E+01 -1.2110E+01 -2.1043E-01
  3.8000E+01  6.5600E+02  0.0000E+00  1.1924E+01  0.0000E+00  8.1220E+00  2.0972E-01  6.4825E-01  1.1924E+01  1.6693E+01 -4.7688E+00 -3.9851E-03
  3.8000E+01  6.7200E+02  0.0000E+00  2.0360E+00  0.0000E+00  1.2636E+00  3.3805E-01  8.4650E-01  2.0360E+00  3.3243E+00 -1.2883E+00  5.7486E-02
  3.9000E+01  0.0000E+00  2.5000E+05  0.0000E+00  1.0000E+00  0.0000E+00  0.0000E+00  0.0000E+00  0.0000E+00  0.0000E+00  0.0000E+00  0.0000E+00
  3.9000E+01  6.4850E+02  0.0000E+00  4.0823E+01  0.0000E+00  2.0376E+01  8.3577E-01  1.3897E+00  4.0823E+01  4.3078E+01 -2.2546E+00  1.8551E-01
  3.9000E+01  6.4900E+02  0.0000E+00  1.4413E+01  0.0000E+00  1.9048E+01 -8.8033E-01 -3.3696E-01  1.4413E+01  4.0477E+01 -2.6064E+01 -4.3824E-01
  3.9000E+01  6.5000E+02  0.0000E+00  1.2523E+01  0.0000E+00  1.6651E+01 -8.6630E-01 -3.4331E-01  1.2523E+01  3.5540E+01 -2.3017E+01 -4.2713E-01
  3.9000E+01  6.5200E+02  0.0000E+00  1.5130E+01  0.0000E+00  1.2743E+01 -2.2644E-01  2.5939E-01  1.5130E+01  2.7484E+01 -1.2354E+01 -1.8780E-01
  3.9000E+01  6.5600E+02  0.0000E+00  5.8410E+00  0.0000E+00  7.5217E+00 -7.3743E-01 -3.0944E-01  5.8410E+00  1.6693E+01 -1.0852E+01 -3.4038E-01
  3.9000E+01  6.7200E+02  0.0000E+00  1.7660E+00  0.0000E+00  1.1458E+00  3.3756E-01  7.4956E-01  1.7660E+00  3.3243E+00 -1.5583E+00  5.4982E-02
  4.0000E+01  0.0000E+00  5.0000E+05  0.0000E+00  1.0000E+00  0.0000E+00  0.0000E+00  0.0000E+00  0.0000E+00  0.0000E+00  0.0000E+00  0.0000E+00
  4.0000E+01  6.4850E+02  0.0000E+00  4.5391E+01  0.0000E+00  4.6411E+01  2.1063E-02 -3.0448E-02  4.5391E+01  4.7606E+01 -2.2152E+00  4.1627E-03
  4.0000E+01  6.4900E+02  0.0000E+00  3.4480E+01  0.0000E+00  4.3587E+01 -2.3687E-01 -2.8934E-01  3.4480E+01  4.4732E+01 -1.0252E+01 -1.8978E-01
  4.0000E+01  6.5000E+02  0.0000E+00  1.3880E+01  0.0000E+00  3.8263E+01 -8.3002E-01 -8.8248E-01  1.3880E+01  3.9276E+01 -2.5396E+01 -6.3312E-01
  4.0000E+01  6.5200E+02  0.0000E+00  2.0645E+01  0.0000E+00  2.9574E+01 -3.6713E-01 -4.1812E-01  2.0645E+01  3.0373E+01 -9.7279E+00 -2.8295E-01
  4.0000E+01  6.5600E+02  0.0000E+00  4.6133E+01  0.0000E+00  1.7938E+01  2.2212E+00  2.1766E+00  4.6133E+01  1.8448E+01  2.7685E+01  1.6049E+00
  4.0000E+01  6.7200E+02  0.0000E+00  9.7100E-01  0.0000E+00  3.5325E+00 -9.4743E-01 -1.0042E+00  9.7100E-01  3.6737E+00 -2.7027E+00 -5.8510E-01
  4.1000E+01  0.0000E+00  5.0000E+05  0.0000E+00  1.0000E+00  0.0000E+00  0.0000E+00  0.0000E+00  0.0000E+00  0.0000E+00  0.0000E+00  0.0000E+00
  4.1000E+01  6.4850E+02  0.0000E+00  6.4231E+01  0.0000E+00  3.5785E+01  8.0792E-01  1.1008E+00  6.4231E+01  4.7606E+01  1.6625E+01  4.4581E-01
  4.1000E+01  6.4900E+02  0.0000E+00  2.8485E+01  0.0000E+00  3.3505E+01 -5.0022E-01 -2.0748E-01  2.8485E+01  4.4732E+01 -1.6247E+01 -3.1646E-01
  4.1000E+01  6.5000E+02  0.0000E+00  9.4640E+00  0.0000E+00  2.9357E+01 -1.2288E+00 -9.3839E-01  9.4640E+00  3.9276E+01 -2.9812E+01 -7.3337E-01
  4.1000E+01  6.5200E+02  0.0000E+00  3.0919E+01  0.0000E+00  2.2591E+01  2.2360E-01  5.1052E-01  3.0919E+01  3.0373E+01  5.4610E-01  1.0053E-01
  4.1000E+01  6.5600E+02  0.0000E+00  2.5956E+01  0.0000E+00  1.3539E+01  9.8700E-01  1.2702E+00  2.5956E+01  1.8448E+01  7.5083E+00  5.1480E-01
  4.1000E+01  6.7200E+02  0.0000E+00  6.0000E-01  0.0000E+00  2.3988E+00 -1.3126E+00 -1.0384E+00  6.0000E-01  3.6737E+00 -3.0737E+00 -5.7923E-01
  4.2000E+01  0.0000E+00  5.0000E+05  0.0000E+00  1.0000E+00  0.0000E+00  0.0000E+00  0.0000E+00  0.0000E+00  0.0000E+00  0.0000E+00  0.0000E+00
  4.2000E+01  6.4850E+02  0.0000E+00  4.0872E+01  0.0000E+00  2.5920E+01  3.0359E-01  7.9886E-01  4.0872E+01  4.7606E+01 -6.7342E+00  3.7884E-02
  4.2000E+01  6.4900E+02  0.0000E+00  1.4567E+01  0.0000E+00  2.4238E+01 -1.0415E+00 -5.5253E-01  1.4567E+01  4.4732E+01 -3.0165E+01 -5.2426E-01
  4.2000E+01  6.5000E+02  0.0000E+00  3.1051E+01  0.0000E+00  2.1200E+01  1.6656E-01  6.4346E-01  3.1051E+01  3.9276E+01 -8.2254E+00 -1.7120E-02
  4.2000E+01  6.5200E+02  0.0000E+00  1.0596E+01  0.0000E+00  1.6248E+01 -9.3728E-01 -4.8171E-01  1.0596E+01  3.0373E+01 -1.9777E+01 -4.6386E-01
  4.2000E+01  6.5600E+02  0.0000E+00  1.9287E+01  0.0000E+00  9.6281E+00  9.6507E-01  1.3893E+00  1.9287E+01  1.8448E+01  8.3934E-01  3.0459E-01
  4.2000E+01  6.7200E+02  0.0000E+00  6.0000E-01  0.0000E+00  1.5284E+00 -1.2298E+00 -8.4117E-01  6.0000E-01  3.6737E+00 -3.0737E+00 -3.6081E-01
  4.3000E+01  0.0000E+00  3.0000E+05  0.0000E+00  1.0000E+00  0.0000E+00  0.0000E+00  0.0000E+00  0.0000E+00  0.0000E+00  0.0000E+00  0.0000E+00
  4.3000E+01  0.0000E+00  0.0000E+00  0.0000E+00  0.0000E+00  0.0000E+00  0.0000E+00  0.0000E+00  0.0000E+00  0.0000E+00  0.0000E+00  0.0000E+00
  4.3000E+01  5.0000E-01  0.0000E+00  1.3907E+02  0.0000E+00  6.0483E+01  1.8660E+00  1.7993E+00  1.3907E+02  4.0756E+01  9.8314E+01  2.1770E+00
  4.3000E+01  1.0000E+00  0.0000E+00  5.9990E+01  0.0000E+00  5.7869E+01  1.1721E-01  5.0761E-02  5.9990E+01  3.8213E+01  2.1777E+01  1.3602E-01
  4.3000E+01  2.0000E+00  0.0000E+00  3.9920E+01  0.0000E+00  5.0654E+01 -2.4578E-01 -2.9346E-01  3.9920E+01  3.3379E+01  6.5414E+00 -2.9304E-01
  4.3000E+01  4.0000E+00  0.0000E+00  2.2690E+01  0.0000E+00  3.8840E+01 -5.6313E-01 -5.7583E-01  2.2690E+01  2.5498E+01 -2.8084E+00 -6.6600E-01
  4.3000E+01  8.0000E+00  0.0000E+00  3.2950E+01  0.0000E+00  2.3054E+01  5.5009E-01  5.9446E-01  3.2950E+01  1.4976E+01  1.7974E+01  6.7548E-01
  4.4000E+01  0.0000E+00  3.0000E+05  0.0000E+00  1.0000E+00  0.0000E+00  0.0000E+00  0.0000E+00  0.0000E+00  0.0000E+00  0.0000E+00  0.0000E+00
  4.4000E+01  0.0000E+00  0.0000E+00  0.0000E+00  0.0000E+00  0.0000E+00  0.0000E+00  0.0000E+00  0.0000E+00  0.0000E+00  0.0000E+00  0.0000E+00
  4.4000E+01  5.0000E-01  0.0000E+00  7.3190E+01  0.0000E+00  4.0846E+01  9.7935E-01  1.0966E+00  7.3190E+01  4.0756E+01  3.2434E+01  7.9062E-01
  4.4000E+01  1.0000E+00  0.0000E+00  3.4490E+01  0.0000E+00  3.8299E+01 -2.6007E-01 -1.3774E-01  3.4490E+01  3.8213E+01 -3.7227E+00 -1.9126E-01
  4.4000E+01  2.0000E+00  0.0000E+00  3.0340E+01  0.0000E+00  3.3455E+01 -2.5711E-01 -1.2892E-01  3.0340E+01  3.3379E+01 -3.0386E+00 -1.8858E-01
  4.4000E+01  4.0000E+00  0.0000E+00  1.1700E+01  0.0000E+00  2.5557E+01 -8.9050E-01 -7.5085E-01  1.1700E+01  2.5498E+01 -1.3798E+01 -6.8484E-01
  4.4000E+01  8.0000E+00  0.0000E+00  2.7960E+01  0.0000E+00  1.5011E+01  1.0326E+00  1.1947E+00  2.7960E+01  1.4976E+01  1.2984E+01  8.1787E-01
  4.5000E+01  0.0000E+00  3.0000E+05  0.0000E+00  1.0000E+00  0.0000E+00  0.0000E+00  0.0000E+00  0.0000E+00  0.0000E+00  0.0000E+00  0.0000E+00
  4.5000E+01  0.0000E+00  0.0000E+00  0.0000E+00  0.0000E+00  0.0000E+00  0.0000E+00  0.0000E+00  0.0000E+00  0.0000E+00  0.0000E+00  0.0000E+00
  4.5000E+01  5.0000E-01  0.0000E+00  4.8070E+01  0.0000E+00  2.9379E+01  4.1252E-01  8.8106E-01  4.8070E+01  4.0756E+01  7.3145E+00  2.1667E-01
  4.5000E+01  1.0000E+00  0.0000E+00  4.1740E+01  0.0000E+00  2.7453E+01  2.5115E-01  7.2072E-01  4.1740E+01  3.8213E+01  3.5273E+00  1.2127E-01
  4.5000E+01  2.0000E+00  0.0000E+00  2.8020E+01  0.0000E+00  2.3959E+01 -2.3414E-01  2.3475E-01  2.8020E+01  3.3379E+01 -5.3586E+00 -1.5190E-01
  4.5000E+01  4.0000E+00  0.0000E+00  1.6530E+01  0.0000E+00  1.8264E+01 -5.9899E-01 -1.3149E-01  1.6530E+01  2.5498E+01 -8.9684E+00 -3.5491E-01
  4.5000E+01  8.0000E+00  0.0000E+00  1.3990E+01  0.0000E+00  1.0664E+01 -3.3929E-02  4.3198E-01  1.3990E+01  1.4976E+01 -9.8558E-01 -3.6986E-02
  4.6000E+01  0.0000E+00  8.0000E+05  0.0000E+00  1.0000E+00  0.0000E+00  0.0000E+00  0.0000E+00  0.0000E+00  0.0000E+00  0.0000E+00  0.0000E+00
  4.6000E+01  0.0000E+00  0.0000E+00  0.0000E+00  0.0000E+00  0.0000E+00  0.0000E+00  0.0000E+00  0.0000E+00  0.0000E+00  0.0000E+00  0.0000E+00
  4.6000E+01  5.0000E-01  0.0000E+00  7.8270E+01  0.0000E+00  8.6243E+01  1.8432E-01 -1.2803E-01  7.8270E+01  4.8825E+01  2.9445E+01  2.1805E-01
  4.6000E+01  1.0000E+00  0.0000E+00  7.9700E+01  0.0000E+00  8.4342E+01  2.8200E-01 -7.6223E-02  7.9700E+01  4.5778E+01  3.3922E+01  3.4553E-01
  4.6000E+01  2.0000E+00  0.0000E+00  4.3450E+01  0.0000E+00  7.4012E+01 -2.3092E-01 -5.7184E-01  4.3450E+01  3.9987E+01  3.4627E+00 -3.9576E-01
  4.6000E+01  4.0000E+00  0.0000E+00  4.6070E+01  0.0000E+00  5.6885E+01  3.4343E-02 -2.6328E-01  4.6070E+01  3.0547E+01  1.5523E+01  3.3662E-03
  4.6000E+01  8.0000E+00  0.0000E+00  8.2900E+01  0.0000E+00  3.3988E+01  2.2114E+00  1.9928E+00  8.2900E+01  1.7941E+01  6.4959E+01  3.2350E+00
  4.7000E+01  0.0000E+00  8.0000E+05  0.0000E+00  1.0000E+00  0.0000E+00  0.0000E+00  0.0000E+00  0.0000E+00  0.0000E+00  0.0000E+00  0.0000E+00
  4.7000E+01  0.0000E+00  0.0000E+00  0.0000E+00  0.0000E+00  0.0000E+00  0.0000E+00  0.0000E+00  0.0000E+00  0.0000E+00  0.0000E+00  0.0000E+00
  4.7000E+01  5.0000E-01  0.0000E+00  5.4280E+01  0.0000E+00  5.5157E+01 -3.4940E-02 -2.2014E-02  5.4280E+01  4.8825E+01  5.4553E+00 -1.5653E-02
  4.7000E+01  1.0000E+00  0.0000E+00  1.3120E+01  0.0000E+00  5.1890E+01 -1.0536E+00 -1.0347E+00  1.3120E+01  4.5778E+01 -3.2658E+01 -9.2063E-01
  4.7000E+01  2.0000E+00  0.0000E+00  6.8020E+01  0.0000E+00  4.5345E+01  6.6132E-01  6.9247E-01  6.8020E+01  3.9987E+01  2.8033E+01  6.0786E-01
  4.7000E+01  4.0000E+00  0.0000E+00  5.8220E+01  0.0000E+00  3.4674E+01  8.8466E-01  9.4040E-01  5.8220E+01  3.0547E+01  2.7673E+01  8.0745E-01
  4.7000E+01  8.0000E+00  0.0000E+00  3.2920E+01  0.0000E+00  2.0421E+01  7.4428E-01  8.4761E-01  3.2920E+01  1.7941E+01  1.4979E+01  6.8370E-01
  4.8000E+01  0.0000E+00  8.0000E+05  0.0000E+00  1.0000E+00  0.0000E+00  0.0000E+00  0.0000E+00  0.0000E+00  0.0000E+00  0.0000E+00  0.0000E+00
  4.8000E+01  0.0000E+00  0.0000E+00  0.0000E+00  0.0000E+00  0.0000E+00  0.0000E+00  0.0000E+00  0.0000E+00  0.0000E+00  0.0000E+00  0.0000E+00
  4.8000E+01  5.0000E-01  0.0000E+00  3.6880E+01  0.0000E+00  4.6421E+01 -5.4992E-01 -2.8462E-01  3.6880E+01  4.8825E+01 -1.1945E+01 -3.9206E-01
  4.8000E+01  1.0000E+00  0.0000E+00  7.5550E+01  0.0000E+00  4.3484E+01  7.4736E-01  1.0212E+00  7.5550E+01  4.5778E+01  2.9772E+01  5.7995E-01
  4.8000E+01  2.0000E+00  0.0000E+00  4.8520E+01  0.0000E+00  3.7977E+01  1.0142E-01  3.8445E-01  4.8520E+01  3.9987E+01  8.5327E+00  9.7805E-02
  4.8000E+01  4.0000E+00  0.0000E+00  4.8470E+01  0.0000E+00  2.9000E+01  6.2954E-01  9.2971E-01  4.8470E+01  3.0547E+01  1.7923E+01  4.9022E-01
  4.8000E+01  8.0000E+00  0.0000E+00  1.6480E+01  0.0000E+00  1.7015E+01 -3.7324E-01 -4.3512E-02  1.6480E+01  1.7941E+01 -1.4606E+00 -2.5302E-01
  4.9000E+01  0.0000E+00  1.5000E+06  0.0000E+00  1.0000E+00  0.0000E+00  0.0000E+00  0.0000E+00  0.0000E+00  0.0000E+00  0.0000E+00  0.0000E+00
  4.9000E+01  0.0000E+00  0.0000E+00  0.0000E+00  0.0000E+00  0.0000E+00  0.0000E+00  0.0000E+00  0.0000E+00  0.0000E+00  0.0000E+00  0.0000E+00
  4.9000E+01  5.0000E-01  0.0000E+00  8.4140E+01  0.0000E+00  4.6988E+01  6.8931E-01  1.0949E+00  8.4140E+01  5.9735E+01  2.4405E+01  4.2633E-01
  4.9000E+01  1.0000E+00  0.0000E+00  5.6530E+01  0.0000E+00  4.3927E+01 -1.1676E-02  3.9732E-01  5.6530E+01  5.6008E+01  5.2238E-01 -1.2200E-02
  4.9000E+01  2.0000E+00  0.0000E+00  3.9120E+01  0.0000E+00  3.8344E+01 -3.8352E-01  2.8028E-02  3.9120E+01  4.8922E+01 -9.8025E+00 -2.4071E-01
  4.9000E+01  4.0000E+00  0.0000E+00  3.1620E+01  0.0000E+00  2.9245E+01 -3.0388E-01  1.1247E-01  3.1620E+01  3.7373E+01 -5.7525E+00 -1.9057E-01
  4.9000E+01  8.0000E+00  0.0000E+00  2.3630E+01  0.0000E+00  1.7098E+01  1.0310E-01  5.2900E-01  2.3630E+01  2.1949E+01  1.6806E+00  5.7697E-02
  5.0000E+01  0.0000E+00  1.5000E+06  0.0000E+00  1.0000E+00  0.0000E+00  0.0000E+00  0.0000E+00  0.0000E+00  0.0000E+00  0.0000E+00  0.0000E+00
  5.0000E+01  0.0000E+00  0.0000E+00  0.0000E+00  0.0000E+00  0.0000E+00  0.0000E+00  0.0000E+00  0.0000E+00  0.0000E+00  0.0000E+00  0.0000E+00
  5.0000E+01  5.0000E-01  0.0000E+00  1.3535E+02  0.0000E+00  1.1990E+02  4.5688E-01  1.7848E-01  1.3535E+02  5.9735E+01  7.5615E+01  6.0612E-01
  5.0000E+01  1.0000E+00  0.0000E+00  1.8297E+02  0.0000E+00  1.2013E+02  1.0649E+00  7.2443E-01  1.8297E+02  5.6008E+01  1.2696E+02  1.6566E+00
  5.0000E+01  2.0000E+00  0.0000E+00  5.5430E+01  0.0000E+00  1.0582E+02 -3.3786E-01 -6.5942E-01  5.5430E+01  4.8922E+01  6.5075E+00 -7.1054E-01
  5.0000E+01  4.0000E+00  0.0000E+00  7.1500E+01  0.0000E+00  8.1509E+01  9.5761E-02 -1.7005E-01  7.1500E+01  3.7373E+01  3.4127E+01  4.8739E-02
  5.0000E+01  8.0000E+00  0.0000E+00  1.0810E+02  0.0000E+00  4.8998E+01  1.8379E+00  1.6704E+00  1.0810E+02  2.1949E+01  8.6151E+01  3.1216E+00
  5.1000E+01  0.0000E+00  1.5000E+06  0.0000E+00  1.0000E+00  0.0000E+00  0.0000E+00  0.0000E+00  0.0000E+00  0.0000E+00  0.0000E+00  0.0000E+00
  5.1000E+01  0.0000E+00  0.0000E+00  0.0000E+00  0.0000E+00  0.0000E+00  0.0000E+00  0.0000E+00  0.0000E+00  0.0000E+00  0.0000E+00  0.0000E+00
  5.1000E+01  5.0000E-01  0.0000E+00  6.1340E+01  0.0000E+00  8.9540E+01 -2.0018E-01 -4.3614E-01  6.1340E+01  5.9735E+01  1.6054E+00 -2.4096E-01
  5.1000E+01  2.0000E+00  0.0000E+00  6.0580E+01  0.0000E+00  7.5068E+01 -3.2916E-02 -2.6727E-01  6.0580E+01  4.8922E+01  1.1658E+01 -4.4124E-02
  5.1000E+01  4.0000E+00  0.0000E+00  5.8890E+01  0.0000E+00  5.7567E+01  2.2723E-01  3.1817E-02  5.8890E+01  3.7373E+01  2.1517E+01  2.7862E-01
  5.1000E+01  8.0000E+00  0.0000E+00  7.5560E+01  0.0000E+00  3.4181E+01  1.7972E+00  1.6765E+00  7.5560E+01  2.1949E+01  5.3611E+01  2.1967E+00
  5.2000E+01  0.0000E+00  3.0000E+05  0.0000E+00  1.0000E+00  0.0000E+00  0.0000E+00  0.0000E+00  0.0000E+00  0.0000E+00  0.0000E+00  0.0000E+00
  5.2000E+01  0.0000E+00  0.0000E+00  0.0000E+00  0.0000E+00  0.0000E+00  0.0000E+00  0.0000E+00  0.0000E+00  0.0000E+00  0.0000E+00  0.0000E+00
  5.2000E+01  5.0000E-01  0.0000E+00  4.9570E+01  0.0000E+00  1.1823E+02 -2.6398E-01 -8.0421E-01  4.9570E+01  4.0756E+01  8.8145E+00 -6.6911E-01
  5.2000E+01  1.0000E+00  0.0000E+00  1.3940E+01  0.0000E+00  1.3408E+02 -4.3200E-01 -1.2408E+00  1.3940E+01  3.8213E+01 -2.4273E+01 -1.6269E+00
  5.2000E+01  2.0000E+00  0.0000E+00  3.3956E+02  0.0000E+00  1.2319E+02  3.3599E+00  2.4322E+00  3.3956E+02  3.3379E+01  3.0618E+02  8.9950E+00
  5.2000E+01  4.0000E+00  0.0000E+00  1.5160E+01  0.0000E+00  9.6046E+01 -2.4316E-01 -1.1662E+00  1.5160E+01  2.5498E+01 -1.0338E+01 -1.4922E+00
  5.2000E+01  8.0000E+00  0.0000E+00  2.4800E+00  0.0000E+00  5.9397E+01 -4.0995E-01 -1.3270E+00  2.4800E+00  1.4976E+01 -1.2496E+01 -2.0701E+00
  5.3000E+01  0.0000E+00  3.0000E+05  0.0000E+00  1.0000E+00  0.0000E+00  0.0000E+00  0.0000E+00  0.0000E+00  0.0000E+00  0.0000E+00  0.0000E+00
  5.3000E+01  0.0000E+00  0.0000E+00  0.0000E+00  0.0000E+00  0.0000E+00  0.0000E+00  0.0000E+00  0.0000E+00  0.0000E+00  0.0000E+00  0.0000E+00
  5.3000E+01  5.0000E-01  0.0000E+00  2.7510E+01  0.0000E+00  2.2475E+01 -2.0963E-01  3.1023E-01  2.7510E+01  4.0756E+01 -1.3246E+01 -1.8033E-01
  5.3000E+01  1.0000E+00  0.0000E+00  2.4070E+01  0.0000E+00  2.0990E+01 -3.0995E-01  2.0323E-01  2.4070E+01  3.8213E+01 -1.4143E+01 -2.2062E-01
  5.3000E+01  2.0000E+00  0.0000E+00  3.0780E+01  0.0000E+00  1.8309E+01  4.4325E-01  9.4332E-01  3.0780E+01  3.3379E+01 -2.5986E+00  1.0667E-01
  5.3000E+01  4.0000E+00  0.0000E+00  6.7200E+00  0.0000E+00  1.3939E+01 -1.1938E+00 -7.1722E-01  6.7200E+00  2.5498E+01 -1.8778E+01 -5.8991E-01
  5.3000E+01  8.0000E+00  0.0000E+00  1.2390E+01  0.0000E+00  8.1093E+00  2.8975E-01  7.3102E-01  1.2390E+01  1.4976E+01 -2.5856E+00  5.2395E-02
  5.4000E+01  0.0000E+00  3.0000E+05  0.0000E+00  1.0000E+00  0.0000E+00  0.0000E+00  0.0000E+00  0.0000E+00  0.0000E+00  0.0000E+00  0.0000E+00
  5.4000E+01  0.0000E+00  0.0000E+00  0.0000E+00  0.0000E+00  0.0000E+00  0.0000E+00  0.0000E+00  0.0000E+00  0.0000E+00  0.0000E+00  0.0000E+00
  5.4000E+01  5.0000E-01  0.0000E+00  1.0359E+02  0.0000E+00  4.2004E+01  1.9758E+00  2.0304E+00  1.0359E+02  4.0756E+01  6.2834E+01  1.6239E+00
  5.4000E+01  1.0000E+00  0.0000E+00  3.2890E+01  0.0000E+00  3.9410E+01 -2.8478E-01 -2.2910E-01  3.2890E+01  3.8213E+01 -5.3227E+00 -2.1983E-01
  5.4000E+01  2.0000E+00  0.0000E+00  1.9000E+01  0.0000E+00  3.4428E+01 -6.7534E-01 -6.2057E-01  1.9000E+01  3.3379E+01 -1.4379E+01 -5.3655E-01
  5.4000E+01  4.0000E+00  0.0000E+00  1.3240E+01  0.0000E+00  2.6306E+01 -7.3886E-01 -6.8783E-01  1.3240E+01  2.5498E+01 -1.2258E+01 -5.8815E-01
  5.4000E+01  8.0000E+00  0.0000E+00  9.3200E+00  0.0000E+00  1.5460E+01 -5.8800E-01 -5.4999E-01  9.3200E+00  1.4976E+01 -5.6556E+00 -4.6664E-01
  5.5000E+01  0.0000E+00  8.0000E+05  0.0000E+00  1.0000E+00  0.0000E+00  0.0000E+00  0.0000E+00  0.0000E+00  0.0000E+00  0.0000E+00  0.0000E+00
  5.5000E+01  0.0000E+00  0.0000E+00  0.0000E+00  0.0000E+00  0.0000E+00  0.0000E+00  0.0000E+00  0.0000E+00  0.0000E+00  0.0000E+00  0.0000E+00
  5.5000E+01  5.0000E-01  0.0000E+00  3.1770E+01  0.0000E+00  4.3293E+01 -6.5550E-01 -3.6859E-01  3.1770E+01  4.8825E+01 -1.7055E+01 -4.4892E-01
  5.5000E+01  1.0000E+00  0.0000E+00  8.0990E+01  0.0000E+00  4.0515E+01  1.0916E+00  1.3835E+00  8.0990E+01  4.5778E+01  3.5212E+01  7.6967E-01
  5.5000E+01  2.0000E+00  0.0000E+00  5.5610E+01  0.0000E+00  3.5377E+01  4.9640E-01  7.9204E-01  5.5610E+01  3.9987E+01  1.5623E+01  3.5503E-01
  5.5000E+01  4.0000E+00  0.0000E+00  2.5940E+01  0.0000E+00  2.7002E+01 -3.5635E-01 -5.4455E-02  2.5940E+01  3.0547E+01 -4.6068E+00 -2.3668E-01
  5.5000E+01  8.0000E+00  0.0000E+00  1.3110E+01  0.0000E+00  1.5820E+01 -5.4770E-01 -2.3726E-01  1.3110E+01  1.7941E+01 -4.8306E+00 -3.6673E-01
  5.6000E+01  0.0000E+00  8.0000E+05  0.0000E+00  1.0000E+00  0.0000E+00  0.0000E+00  0.0000E+00  0.0000E+00  0.0000E+00  0.0000E+00  0.0000E+00
  5.6000E+01  0.0000E+00  0.0000E+00  0.0000E+00  0.0000E+00  0.0000E+00  0.0000E+00  0.0000E+00  0.0000E+00  0.0000E+00  0.0000E+00  0.0000E+00
  5.6000E+01  5.0000E-01  0.0000E+00  4.6710E+01  0.0000E+00  3.4211E+01  1.2185E-01  5.0593E-01  4.6710E+01  4.8825E+01 -2.1147E+00  3.4211E-02
  5.6000E+01  1.0000E+00  0.0000E+00  4.6190E+01  0.0000E+00  3.1965E+01  2.3620E-01  6.1626E-01  4.6190E+01  4.5778E+01  4.1162E-01  9.5262E-02
  5.6000E+01  2.0000E+00  0.0000E+00  5.1680E+01  0.0000E+00  2.7895E+01  8.1087E-01  1.1808E+00  5.1680E+01  3.9987E+01  1.1693E+01  4.1004E-01
  5.6000E+01  4.0000E+00  0.0000E+00  1.1530E+01  0.0000E+00  2.1262E+01 -9.8271E-01 -6.3386E-01  1.1530E+01  3.0547E+01 -1.9017E+01 -5.6896E-01
  5.6000E+01  8.0000E+00  0.0000E+00  1.9600E+00  0.0000E+00  1.2409E+01 -1.4726E+00 -1.1661E+00  1.9600E+00  1.7941E+01 -1.5981E+01 -8.2411E-01
  5.7000E+01  0.0000E+00  8.0000E+05  0.0000E+00  1.0000E+00  0.0000E+00  0.0000E+00  0.0000E+00  0.0000E+00  0.0000E+00  0.0000E+00  0.0000E+00
  5.7000E+01  0.0000E+00  0.0000E+00  0.0000E+00  0.0000E+00  0.0000E+00  0.0000E+00  0.0000E+00  0.0000E+00  0.0000E+00  0.0000E+00  0.0000E+00
  5.7000E+01  5.0000E-01  0.0000E+00  4.0780E+01  0.0000E+00  2.5025E+01  2.3835E-01  8.7184E-01  4.0780E+01  4.8825E+01 -8.0447E+00 -1.1373E-02
  5.7000E+01  2.0000E+00  0.0000E+00  3.0770E+01  0.0000E+00  2.0382E+01  1.0202E-01  7.0582E-01  3.0770E+01  3.9987E+01 -9.2173E+00 -6.3213E-02
  5.7000E+01  4.0000E+00  0.0000E+00  1.5530E+01  0.0000E+00  1.5513E+01 -5.6319E-01  1.4874E-03  1.5530E+01  3.0547E+01 -1.5017E+01 -3.2333E-01
  5.7000E+01  8.0000E+00  0.0000E+00  2.6800E+00  0.0000E+00  9.0175E+00 -1.4656E+00 -9.7325E-01  2.6800E+00  1.7941E+01 -1.5261E+01 -6.6313E-01
  5.8000E+01  0.0000E+00  1.5000E+06  0.0000E+00  1.0000E+00  0.0000E+00  0.0000E+00  0.0000E+00  0.0000E+00  0.0000E+00  0.0000E+00  0.0000E+00
  5.8000E+01  0.0000E+00  0.0000E+00  0.0000E+00  0.0000E+00  0.0000E+00  0.0000E+00  0.0000E+00  0.0000E+00  0.0000E+00  0.0000E+00  0.0000E+00
  5.8000E+01  5.0000E-01  0.0000E+00  3.6030E+01  0.0000E+00  5.8121E+01 -7.0099E-01 -5.2635E-01  3.6030E+01  5.9735E+01 -2.3705E+01 -5.2488E-01
  5.8000E+01  1.0000E+00  0.0000E+00  8.2800E+01  0.0000E+00  5.4465E+01  5.3895E-01  7.2043E-01  8.2800E+01  5.6008E+01  2.6792E+01  4.2767E-01
  5.8000E+01  2.0000E+00  0.0000E+00  7.7570E+01  0.0000E+00  4.7571E+01  6.8371E-01  8.7328E-01  7.7570E+01  4.8922E+01  2.8648E+01  5.3803E-01
  5.8000E+01  4.0000E+00  0.0000E+00  2.7970E+01  0.0000E+00  3.6333E+01 -5.2431E-01 -3.1875E-01  2.7970E+01  3.7373E+01 -9.4025E+00 -3.8220E-01
  5.8000E+01  8.0000E+00  0.0000E+00  3.5900E+01  0.0000E+00  2.1327E+01  7.0981E-01  9.4631E-01  3.5900E+01  2.1949E+01  1.3951E+01  5.5349E-01
  5.9000E+01  0.0000E+00  1.5000E+06  0.0000E+00  1.0000E+00  0.0000E+00  0.0000E+00  0.0000E+00  0.0000E+00  0.0000E+00  0.0000E+00  0.0000E+00
  5.9000E+01  0.0000E+00  0.0000E+00  0.0000E+00  0.0000E+00  0.0000E+00  0.0000E+00  0.0000E+00  0.0000E+00  0.0000E+00  0.0000E+00  0.0000E+00
  5.9000E+01  5.0000E-01  0.0000E+00  4.2590E+01  0.0000E+00  1.5958E+02 -4.6208E-01 -1.0152E+00  4.2590E+01  5.9735E+01 -1.7145E+01 -1.0173E+00
  5.9000E+01  1.0000E+00  0.0000E+00  4.7080E+01  0.0000E+00  1.7460E+02 -2.2279E-01 -1.0114E+00  4.7080E+01  5.6008E+01 -8.9276E+00 -8.9834E-01
  5.9000E+01  2.0000E+00  0.0000E+00  4.2174E+02  0.0000E+00  1.5780E+02  3.1826E+00  2.3163E+00  4.2174E+02  4.8922E+01  3.7282E+02  7.5281E+00
  5.9000E+01  4.0000E+00  0.0000E+00  1.5740E+01  0.0000E+00  1.2251E+02 -3.5335E-01 -1.2069E+00  1.5740E+01  3.7373E+01 -2.1633E+01 -1.4408E+00
  5.9000E+01  8.0000E+00  0.0000E+00  1.7100E+00  0.0000E+00  7.5131E+01 -5.1037E-01 -1.3533E+00  1.7100E+00  2.1949E+01 -2.0239E+01 -1.8938E+00
  6.0000E+01  0.0000E+00  1.5000E+06  0.0000E+00  1.0000E+00  0.0000E+00  0.0000E+00  0.0000E+00  0.0000E+00  0.0000E+00  0.0000E+00  0.0000E+00
  6.0000E+01  0.0000E+00  0.0000E+00  0.0000E+00  0.0000E+00  0.0000E+00  0.0000E+00  0.0000E+00  0.0000E+00  0.0000E+00  0.0000E+00  0.0000E+00
  6.0000E+01  5.0000E-01  0.0000E+00  8.6410E+01  0.0000E+00  6.6739E+01  3.8962E-01  4.0817E-01  8.6410E+01  5.9735E+01  2.6675E+01  3.6199E-01
  6.0000E+01  1.0000E+00  0.0000E+00  4.2610E+01  0.0000E+00  6.2762E+01 -4.6584E-01 -4.4464E-01  4.2610E+01  5.6008E+01 -1.3398E+01 -3.9159E-01
  6.0000E+01  2.0000E+00  0.0000E+00  1.2697E+02  0.0000E+00  5.4844E+01  1.7961E+00  1.8212E+00  1.2697E+02  4.8922E+01  7.8048E+01  1.5992E+00
  6.0000E+01  4.0000E+00  0.0000E+00  1.7930E+01  0.0000E+00  4.1933E+01 -8.2330E-01 -7.9269E-01  1.7930E+01  3.7373E+01 -1.9443E+01 -7.0515E-01
  6.0000E+01  8.0000E+00  0.0000E+00  9.4500E+00  0.0000E+00  2.4690E+01 -8.8799E-01 -8.5478E-01  9.4500E+00  2.1949E+01 -1.2499E+01 -7.5966E-01
  6.1000E+01  0.0000E+00  3.0000E+05  0.0000E+00  1.0000E+00  0.0000E+00  0.0000E+00  0.0000E+00  0.0000E+00  0.0000E+00  0.0000E+00  0.0000E+00
  6.1000E+01  6.4850E+02  0.0000E+00  1.4589E+02  0.0000E+00  6.6122E+01  1.7112E+00  1.6706E+00  1.4589E+02  4.4030E+01  1.0186E+02  1.9986E+00
  6.1000E+01  6.4900E+02  0.0000E+00  7.6000E+01  0.0000E+00  6.3287E+01  3.1505E-01  2.7817E-01  7.6000E+01  4.1372E+01  3.4628E+01  3.8517E-01
  6.1000E+01  6.5000E+02  0.0000E+00  4.3800E+01  0.0000E+00  5.5838E+01 -2.8020E-01 -2.9855E-01  4.3800E+01  3.6326E+01  7.4739E+00 -3.1323E-01
  6.1000E+01  6.5200E+02  0.0000E+00  2.3990E+01  0.0000E+00  4.3626E+01 -6.3968E-01 -6.2330E-01  2.3990E+01  2.8091E+01 -4.1014E+00 -7.3024E-01
  6.1000E+01  6.5600E+02  0.0000E+00  3.9490E+01  0.0000E+00  2.7232E+01  5.4740E-01  6.2337E-01  3.9490E+01  1.7062E+01  2.2428E+01  7.0557E-01
  6.2000E+01  0.0000E+00  3.0000E+05  0.0000E+00  1.0000E+00  0.0000E+00  0.0000E+00  0.0000E+00  0.0000E+00  0.0000E+00  0.0000E+00  0.0000E+00
  6.2000E+01  6.4850E+02  0.0000E+00  5.1150E+01  0.0000E+00  2.9386E+01  6.0209E-01  1.0257E+00  5.1150E+01  4.4030E+01  7.1198E+00  2.6972E-01
  6.2000E+01  6.4900E+02  0.0000E+00  3.5010E+01  0.0000E+00  2.7496E+01 -4.3529E-02  3.7843E-01  3.5010E+01  4.1372E+01 -6.3616E+00 -6.5665E-02
  6.2000E+01  6.5000E+02  0.0000E+00  1.9830E+01  0.0000E+00  2.4075E+01 -6.6187E-01 -2.4418E-01  1.9830E+01  3.6326E+01 -1.6496E+01 -3.7990E-01
  6.2000E+01  6.5200E+02  0.0000E+00  1.3470E+01  0.0000E+00  1.8496E+01 -7.8718E-01 -3.7628E-01  1.3470E+01  2.8091E+01 -1.4621E+01 -4.3649E-01
  6.2000E+01  6.5600E+02  0.0000E+00  1.7880E+01  0.0000E+00  1.1034E+01  4.5353E-01  8.5925E-01  1.7880E+01  1.7062E+01  8.1807E-01  1.8060E-01
  6.3000E+01  0.0000E+00  3.0000E+05  0.0000E+00  1.0000E+00  0.0000E+00  0.0000E+00  0.0000E+00  0.0000E+00  0.0000E+00  0.0000E+00  0.0000E+00
  6.3000E+01  6.4850E+02  0.0000E+00  1.4626E+02  0.0000E+00  7.4360E+01  1.4444E+00  1.3390E+00  1.4626E+02  4.4030E+01  1.0223E+02  1.8570E+00
  6.3000E+01  6.4900E+02  0.0000E+00  1.2381E+02  0.0000E+00  7.1936E+01  1.1099E+00  9.9863E-01  1.2381E+02  4.1372E+01  8.2438E+01  1.4667E+00
  6.3000E+01  6.5000E+02  0.0000E+00  9.0630E+01  0.0000E+00  6.3614E+01  6.8351E-01  5.8811E-01  9.0630E+01  3.6326E+01  5.4304E+01  9.0423E-01
  6.3000E+01  6.5200E+02  0.0000E+00  1.6710E+01  0.0000E+00  4.9901E+01 -8.5428E-01 -9.2110E-01  1.6710E+01  2.8091E+01 -1.1381E+01 -1.1614E+00
  6.3000E+01  6.5600E+02  0.0000E+00  7.8900E+00  0.0000E+00  3.1478E+01 -1.0104E+00 -1.0377E+00  7.8900E+00  1.7062E+01 -9.1719E+00 -1.3627E+00
  6.4000E+01  0.0000E+00  8.0000E+05  0.0000E+00  1.0000E+00  0.0000E+00  0.0000E+00  0.0000E+00  0.0000E+00  0.0000E+00  0.0000E+00  0.0000E+00
  6.4000E+01  6.4850E+02  0.0000E+00  1.2051E+02  0.0000E+00  1.3076E+02  2.8197E-01 -1.0851E-01  1.2051E+02  5.2748E+01  6.7762E+01  3.3457E-01
  6.4000E+01  6.4900E+02  0.0000E+00  1.8588E+02  0.0000E+00  1.3376E+02  1.0069E+00  5.3963E-01  1.8588E+02  4.9563E+01  1.3632E+02  1.8526E+00
  6.4000E+01  6.5000E+02  0.0000E+00  3.2050E+01  0.0000E+00  1.2015E+02 -5.5455E-01 -1.0154E+00  3.2050E+01  4.3518E+01 -1.1468E+01 -1.4287E+00
  6.4000E+01  6.5200E+02  0.0000E+00  1.0842E+02  0.0000E+00  9.6000E+01  5.9467E-01  1.7917E-01  1.0842E+02  3.3653E+01  7.4767E+01  1.0786E+00
  6.4000E+01  6.5600E+02  0.0000E+00  1.3920E+02  0.0000E+00  6.3426E+01  1.9917E+00  1.6544E+00  1.3920E+02  2.0440E+01  1.1876E+02  4.5085E+00
  6.5000E+01  0.0000E+00  8.0000E+05  0.0000E+00  1.0000E+00  0.0000E+00  0.0000E+00  0.0000E+00  0.0000E+00  0.0000E+00  0.0000E+00  0.0000E+00
  6.5000E+01  6.4850E+02  0.0000E+00  7.7650E+01  0.0000E+00  8.5280E+01  1.2071E-01 -1.2389E-01  7.7650E+01  5.2748E+01  2.4902E+01  1.4556E-01
  6.5000E+01  6.4900E+02  0.0000E+00  4.5050E+01  0.0000E+00  8.2145E+01 -3.6423E-01 -6.2535E-01  4.5050E+01  4.9563E+01 -4.5128E+00 -4.7454E-01
  6.5000E+01  6.5000E+02  0.0000E+00  4.5490E+01  0.0000E+00  7.2574E+01 -2.7261E-01 -5.1681E-01  4.5490E+01  4.3518E+01  1.9717E+00 -3.5341E-01
  6.5000E+01  6.5200E+02  0.0000E+00  8.0010E+01  0.0000E+00  5.6841E+01  7.7292E-01  5.6447E-01  8.0010E+01  3.3653E+01  4.6357E+01  1.0046E+00
  6.5000E+01  6.5600E+02  0.0000E+00  7.9040E+01  0.0000E+00  3.5710E+01  1.8223E+00  1.6803E+00  7.9040E+01  2.0440E+01  5.8600E+01  2.4167E+00
  6.6000E+01  0.0000E+00  8.0000E+05  0.0000E+00  1.0000E+00  0.0000E+00  0.0000E+00  0.0000E+00  0.0000E+00  0.0000E+00  0.0000E+00  0.0000E+00
  6.6000E+01  6.4850E+02  0.0000E+00  1.1616E+02  0.0000E+00  7.3042E+01  7.2992E-01  8.1749E-01  1.1616E+02  5.2748E+01  6.3412E+01  8.1357E-01
  6.6000E+01  6.4900E+02  0.0000E+00  8.3740E+01  0.0000E+00  6.9512E+01  1.8256E-01  2.8345E-01  8.3740E+01  4.9563E+01  3.4177E+01  2.4039E-01
  6.6000E+01  6.5000E+02  0.0000E+00  8.9320E+01  0.0000E+00  6.1253E+01  5.1306E-01  6.3456E-01  8.9320E+01  4.3518E+01  4.5802E+01  6.0221E-01
  6.6000E+01  6.5200E+02  0.0000E+00  8.4270E+01  0.0000E+00  4.7739E+01  9.0034E-01  1.0597E+00  8.4270E+01  3.3653E+01  5.0617E+01  1.0291E+00
  6.6000E+01  6.5600E+02  0.0000E+00  1.4300E+01  0.0000E+00  2.9607E+01 -9.3998E-01 -7.1597E-01  1.4300E+01  2.0440E+01 -6.1400E+00 -9.4249E-01
  6.7000E+01  0.0000E+00  1.5000E+06  0.0000E+00  1.0000E+00  0.0000E+00  0.0000E+00  0.0000E+00  0.0000E+00  0.0000E+00  0.0000E+00  0.0000E+00
  6.7000E+01  6.4850E+02  0.0000E+00  5.2270E+01  0.0000E+00  1.1371E+02 -2.0136E-01 -7.4827E-01  5.2270E+01  6.4534E+01 -1.2264E+01 -2.9876E-01
  6.7000E+01  6.4900E+02  0.0000E+00  5.2440E+01  0.0000E+00  1.1051E+02 -1.2182E-01 -7.2771E-01  5.2440E+01  6.0638E+01 -8.1976E+00 -2.4432E-01
  6.7000E+01  6.5000E+02  0.0000E+00  3.1880E+01  0.0000E+00  9.7830E+01 -3.2740E-01 -9.3355E-01  3.1880E+01  5.3242E+01 -2.1362E+01 -5.3926E-01
  6.7000E+01  6.5200E+02  0.0000E+00  1.6970E+01  0.0000E+00  7.6865E+01 -4.8083E-01 -1.0791E+00  1.6970E+01  4.1173E+01 -2.4203E+01 -7.5935E-01
  6.7000E+01  6.5600E+02  0.0000E+00  1.1908E+02  0.0000E+00  4.8688E+01  2.5918E+00  2.0021E+00  1.1908E+02  2.5007E+01  9.4073E+01  3.6936E+00
  6.8000E+01  0.0000E+00  1.5000E+06  0.0000E+00  1.0000E+00  0.0000E+00  0.0000E+00  0.0000E+00  0.0000E+00  0.0000E+00  0.0000E+00  0.0000E+00
  6.8000E+01  6.4850E+02  0.0000E+00  1.9869E+02  0.0000E+00  9.2078E+01  1.5897E+00  1.6034E+00  1.9869E+02  6.4534E+01  1.3416E+02  1.7773E+00
  6.8000E+01  6.4900E+02  0.0000E+00  9.8040E+01  0.0000E+00  8.7801E+01  1.3971E-01  1.6150E-01  9.8040E+01  6.0638E+01  3.7402E+01  1.8225E-01
  6.8000E+01  6.5000E+02  0.0000E+00  4.2910E+01  0.0000E+00  7.7402E+01 -6.5771E-01 -6.1711E-01  4.2910E+01  5.3242E+01 -1.0332E+01 -7.0521E-01
  6.8000E+01  6.5200E+02  0.0000E+00  9.0750E+01  0.0000E+00  6.0378E+01  6.2106E-01  6.9660E-01  9.0750E+01  4.1173E+01  4.9577E+01  7.3308E-01
  6.8000E+01  6.5600E+02  0.0000E+00  3.6010E+01  0.0000E+00  3.7533E+01 -1.9173E-01 -5.6198E-02  3.6010E+01  2.5007E+01  1.1003E+01 -1.5610E-01
  6.9000E+01  0.0000E+00  1.5000E+06  0.0000E+00  1.0000E+00  0.0000E+00  0.0000E+00  0.0000E+00  0.0000E+00  0.0000E+00  0.0000E+00  0.0000E+00
  6.9000E+01  6.4850E+02  0.0000E+00  9.0160E+01  0.0000E+00  1.5126E+02 -1.8675E-02 -5.5938E-01  9.0160E+01  6.4534E+01  2.5626E+01 -1.3831E-01
  6.9000E+01  6.4900E+02  0.0000E+00  6.9290E+01  0.0000E+00  1.5321E+02 -1.2163E-01 -7.5853E-01  6.9290E+01  6.0638E+01  8.6524E+00 -4.3612E-01
  6.9000E+01  6.5000E+02  0.0000E+00  1.0651E+02  0.0000E+00  1.3715E+02  3.3267E-01 -3.0938E-01  1.0651E+02  5.3242E+01  5.3268E+01  4.3760E-01
  6.9000E+01  6.5200E+02  0.0000E+00  4.1830E+01  0.0000E+00  1.0922E+02 -2.3677E-01 -8.5446E-01  4.1830E+01  4.1173E+01  6.5697E-01 -6.9094E-01
  6.9000E+01  6.5600E+02  0.0000E+00  1.7757E+02  0.0000E+00  7.1580E+01  2.6321E+00  2.0505E+00  1.7757E+02  2.5007E+01  1.5256E+02  5.4412E+00
  7.0000E+01  0.0000E+00  3.0000E+05  0.0000E+00  1.0000E+00  0.0000E+00  0.0000E+00  0.0000E+00  0.0000E+00  0.0000E+00  0.0000E+00  0.0000E+00
  7.0000E+01  6.4850E+02  0.0000E+00  4.8230E+01  0.0000E+00  2.6468E+01  6.6907E-01  1.1386E+00  4.8230E+01  4.4030E+01  4.1998E+00  2.4849E-01
  7.0000E+01  6.4900E+02  0.0000E+00  4.4410E+01  0.0000E+00  2.4757E+01  6.3640E-01  1.0993E+00  4.4410E+01  4.1372E+01  3.0384E+00  2.2968E-01
  7.0000E+01  6.5000E+02  0.0000E+00  1.5100E+01  0.0000E+00  2.1665E+01 -8.6868E-01 -4.1963E-01  1.5100E+01  3.6326E+01 -2.1226E+01 -4.6177E-01
  7.0000E+01  6.5200E+02  0.0000E+00  1.2460E+01  0.0000E+00  1.6622E+01 -7.6873E-01 -3.4677E-01  1.2460E+01  2.8091E+01 -1.5631E+01 -4.0877E-01
  7.0000E+01  6.5600E+02  0.0000E+00  3.7700E+00  0.0000E+00  9.8806E+00 -1.2297E+00 -8.5644E-01  3.7700E+00  1.7062E+01 -1.3292E+01 -5.9038E-01
  7.1000E+01  0.0000E+00  3.0000E+05  0.0000E+00  1.0000E+00  0.0000E+00  0.0000E+00  0.0000E+00  0.0000E+00  0.0000E+00  0.0000E+00  0.0000E+00
  7.1000E+01  6.4850E+02  0.0000E+00  4.7400E+00  0.0000E+00  6.6712E+01 -8.2574E-01 -1.2864E+00  4.7400E+00  4.4030E+01 -3.9290E+01 -9.8617E-01
  7.1000E+01  6.4900E+02  0.0000E+00  2.5070E+01  0.0000E+00  6.3897E+01 -3.4608E-01 -8.4149E-01  2.5070E+01  4.1372E+01 -1.6302E+01 -4.4780E-01
  7.1000E+01  6.5000E+02  0.0000E+00  2.1560E+01  0.0000E+00  5.6384E+01 -3.5864E-01 -8.5530E-01  2.1560E+01  3.6326E+01 -1.4766E+01 -4.6409E-01
  7.1000E+01  6.5200E+02  0.0000E+00  1.0875E+02  0.0000E+00  4.4065E+01  2.5305E+00  2.0328E+00  1.0875E+02  2.8091E+01  8.0659E+01  2.9934E+00
  7.1000E+01  6.5600E+02  0.0000E+00  7.8300E+00  0.0000E+00  2.7527E+01 -4.8196E-01 -9.9091E-01  7.8300E+00  1.7062E+01 -9.2319E+00 -6.1937E-01
  7.2000E+01  0.0000E+00  3.0000E+05  0.0000E+00  1.0000E+00  0.0000E+00  0.0000E+00  0.0000E+00  0.0000E+00  0.0000E+00  0.0000E+00  0.0000E+00
  7.2000E+01  6.4850E+02  0.0000E+00  4.0010E+01  0.0000E+00  3.0103E+01  2.7791E-02  4.5576E-01  4.0010E+01  4.4030E+01 -4.0202E+00 -2.4181E-02
  7.2000E+01  6.4900E+02  0.0000E+00  3.8130E+01  0.0000E+00  2.8170E+01  6.1675E-02  4.8962E-01  3.8130E+01  4.1372E+01 -3.2416E+00 -7.2147E-03
  7.2000E+01  6.5000E+02  0.0000E+00  1.8120E+01  0.0000E+00  2.4669E+01 -7.9420E-01 -3.6762E-01  1.8120E+01  3.6326E+01 -1.8206E+01 -4.5372E-01
  7.2000E+01  6.5200E+02  0.0000E+00  3.1290E+01  0.0000E+00  1.8958E+01  4.7530E-01  9.0085E-01  3.1290E+01  2.8091E+01  3.1986E+00  2.0707E-01
  7.2000E+01  6.5600E+02  0.0000E+00  0.0000E+00  1.0000E+00  1.1319E+01  0.0000E+00 -1.3848E+00  0.0000E+00  1.7062E+01  0.0000E+00  0.0000E+00
  7.3000E+01  0.0000E+00  8.0000E+05  0.0000E+00  1.0000E+00  0.0000E+00  0.0000E+00  0.0000E+00  0.0000E+00  0.0000E+00  0.0000E+00  0.0000E+00
  7.3000E+01  6.4850E+02  0.0000E+00  3.0150E+01  0.0000E+00  1.8683E+02 -2.5099E-01 -1.1613E+00  3.0150E+01  5.2748E+01 -2.2598E+01 -1.0451E+00
  7.3000E+01  6.4900E+02  0.0000E+00  2.0340E+01  0.0000E+00  2.0360E+02 -1.7577E-01 -1.2465E+00  2.0340E+01  4.9563E+01 -2.9223E+01 -1.2420E+00
  7.3000E+01  6.5000E+02  0.0000E+00  2.7190E+01  0.0000E+00  1.8912E+02 -2.7087E-02 -1.1857E+00  2.7190E+01  4.3518E+01 -1.6328E+01 -1.0659E+00
  7.3000E+01  6.5200E+02  0.0000E+00  2.9340E+01  0.0000E+00  1.5533E+02  6.2798E-02 -1.1232E+00  2.9340E+01  3.3653E+01 -4.3132E+00 -9.1631E-01
  7.3000E+01  6.5600E+02  0.0000E+00  2.7043E+02  0.0000E+00  1.0926E+02  3.2896E+00  2.0427E+00  2.7043E+02  2.0440E+01  2.4999E+02  1.1624E+01
  7.4000E+01  0.0000E+00  8.0000E+05  0.0000E+00  1.0000E+00  0.0000E+00  0.0000E+00  0.0000E+00  0.0000E+00  0.0000E+00  0.0000E+00  0.0000E+00
  7.4000E+01  6.4850E+02  0.0000E+00  4.4480E+01  0.0000E+00  5.2618E+01 -2.7574E-01 -2.1418E-01  4.4480E+01  5.2748E+01 -8.2677E+00 -2.0787E-01
  7.4000E+01  6.4900E+02  0.0000E+00  3.2670E+01  0.0000E+00  4.9438E+01 -5.3500E-01 -4.6970E-01  3.2670E+01  4.9563E+01 -1.6893E+01 -4.0516E-01
  7.4000E+01  6.5000E+02  0.0000E+00  3.5680E+01  0.0000E+00  4.3408E+01 -3.1768E-01 -2.4655E-01  3.5680E+01  4.3518E+01 -7.8383E+00 -2.3642E-01
  7.4000E+01  6.5200E+02  0.0000E+00  7.8190E+01  0.0000E+00  3.3566E+01  1.7577E+00  1.8410E+00  7.8190E+01  3.3653E+01  4.4537E+01  1.3462E+00
  7.4000E+01  6.5600E+02  0.0000E+00  1.9850E+01  0.0000E+00  2.0385E+01 -1.4515E-01 -3.6321E-02  1.9850E+01  2.0440E+01 -5.9002E-01 -9.7132E-02
  7.5000E+01  0.0000E+00  8.0000E+05  0.0000E+00  1.0000E+00  0.0000E+00  0.0000E+00  0.0000E+00  0.0000E+00  0.0000E+00  0.0000E+00  0.0000E+00
  7.5000E+01  6.4850E+02  0.0000E+00  3.7640E+01  0.0000E+00  3.5037E+01 -2.3612E-01  1.0287E-01  3.7640E+01  5.2748E+01 -1.5108E+01 -1.7588E-01
  7.5000E+01  6.4900E+02  0.0000E+00  2.4660E+01  0.0000E+00  3.2784E+01 -6.8026E-01 -3.4316E-01  2.4660E+01  4.9563E+01 -2.4903E+01 -4.0044E-01
  7.5000E+01  6.5000E+02  0.0000E+00  3.5940E+01  0.0000E+00  2.8704E+01  1.6054E-02  3.4909E-01  3.5940E+01  4.3518E+01 -7.5783E+00 -4.3541E-02
  7.5000E+01  6.5200E+02  0.0000E+00  2.2230E+01  0.0000E+00  2.2051E+01 -3.1691E-01  1.1269E-02  2.2230E+01  3.3653E+01 -1.1423E+01 -2.0693E-01
  7.5000E+01  6.5600E+02  0.0000E+00  2.6360E+01  0.0000E+00  1.3152E+01  1.0594E+00  1.3907E+00  2.6360E+01  2.0440E+01  5.9200E+00  4.6721E-01
  7.6000E+01  0.0000E+00  1.5000E+06  0.0000E+00  1.0000E+00  0.0000E+00  0.0000E+00  0.0000E+00  0.0000E+00  0.0000E+00  0.0000E+00  0.0000E+00
  7.6000E+01  6.4850E+02  0.0000E+00  9.5200E+01  0.0000E+00  4.2837E+01  1.3211E+00  1.6928E+00  9.5200E+01  6.4534E+01  3.0666E+01  6.3512E-01
  7.6000E+01  6.4900E+02  0.0000E+00  3.6960E+01  0.0000E+00  4.0082E+01 -4.7400E-01 -1.0785E-01  3.6960E+01  6.0638E+01 -2.3678E+01 -2.8938E-01
  7.6000E+01  6.5000E+02  0.0000E+00  3.4510E+01  0.0000E+00  3.5094E+01 -3.7675E-01 -2.3035E-02  3.4510E+01  5.3242E+01 -1.8732E+01 -2.3837E-01
  7.6000E+01  6.5200E+02  0.0000E+00  2.3330E+01  0.0000E+00  2.6959E+01 -5.1542E-01 -1.8640E-01  2.3330E+01  4.1173E+01 -1.7843E+01 -3.0460E-01
  7.6000E+01  6.5600E+02  0.0000E+00  2.9500E+00  0.0000E+00  1.6079E+01 -1.4138E+00 -1.1308E+00  2.9500E+00  2.5007E+01 -2.2057E+01 -7.2544E-01
  7.7000E+01  0.0000E+00  1.5000E+06  0.0000E+00  1.0000E+00  0.0000E+00  0.0000E+00  0.0000E+00  0.0000E+00  0.0000E+00  0.0000E+00  0.0000E+00
  7.7000E+01  6.4850E+02  0.0000E+00  5.6520E+01  0.0000E+00  9.1271E+01 -2.6760E-01 -5.2727E-01  5.6520E+01  6.4534E+01 -8.0143E+00 -2.9447E-01
  7.7000E+01  6.4900E+02  0.0000E+00  2.6100E+01  0.0000E+00  8.6980E+01 -6.9548E-01 -9.6928E-01  2.6100E+01  6.0638E+01 -3.4538E+01 -7.7449E-01
  7.7000E+01  6.5000E+02  0.0000E+00  1.9064E+02  0.0000E+00  7.6668E+01  2.3280E+00  2.0586E+00  1.9064E+02  5.3242E+01  1.3740E+02  2.5747E+00
  7.7000E+01  6.5200E+02  0.0000E+00  1.5290E+01  0.0000E+00  5.9790E+01 -7.6910E-01 -1.0307E+00  1.5290E+01  4.1173E+01 -2.5883E+01 -8.5315E-01
  7.7000E+01  6.5600E+02  0.0000E+00  3.0470E+01  0.0000E+00  3.7142E+01  6.3471E-03 -2.4877E-01  3.0470E+01  2.5007E+01  5.4626E+00  1.0244E-02
  7.8000E+01  0.0000E+00  1.5000E+06  0.0000E+00  1.0000E+00  0.0000E+00  0.0000E+00  0.0000E+00  0.0000E+00  0.0000E+00  0.0000E+00  0.0000E+00
  7.8000E+01  6.4850E+02  0.0000E+00  3.3560E+01  0.0000E+00  5.6053E+01 -7.5017E-01 -5.5570E-01  3.3560E+01  6.4534E+01 -3.0974E+01 -5.1162E-01
  7.8000E+01  6.4900E+02  0.0000E+00  4.7270E+01  0.0000E+00  5.2550E+01 -3.3618E-01 -1.3914E-01  4.7270E+01  6.0638E+01 -1.3368E+01 -2.2997E-01
  7.8000E+01  6.5000E+02  0.0000E+00  7.8640E+01  0.0000E+00  4.6089E+01  7.7905E-01  9.7803E-01  7.8640E+01  5.3242E+01  2.5398E+01  5.1368E-01
  7.8000E+01  6.5200E+02  0.0000E+00  6.9680E+01  0.0000E+00  3.5549E+01  1.1265E+00  1.3296E+00  6.9680E+01  4.1173E+01  2.8507E+01  7.3729E-01
  7.8000E+01  6.5600E+02  0.0000E+00  1.0970E+01  0.0000E+00  2.1439E+01 -8.8884E-01 -6.7623E-01  1.0970E+01  2.5007E+01 -1.4037E+01 -5.7416E-01
