TABLE NO.  1
 ID          TIME        AMT         DV          MDV         IPRED       CWRES       IWRES       DV          PRED        RES         WRES
  1.0000E+00  0.0000E+00  1.0000E+04  0.0000E+00  1.0000E+00  4.6502E+03  0.0000E+00 -8.8771E-01  0.0000E+00  4.6502E+03  0.0000E+00  0.0000E+00
  1.0000E+00  0.0000E+00  0.0000E+00  0.0000E+00  0.0000E+00  4.6502E+03 -8.8771E-01 -8.8771E-01  0.0000E+00  4.6502E+03 -4.6502E+03 -8.8771E-01
  1.0000E+00  3.3000E-02  0.0000E+00  7.3336E+03  0.0000E+00  2.4557E+03  1.7633E+00  1.7633E+00  7.3336E+03  2.4557E+03  4.8779E+03  1.7633E+00
  1.0000E+00  8.3000E-02  0.0000E+00  1.1915E+03  0.0000E+00  1.0262E+03  1.4303E-01  1.4303E-01  1.1915E+03  1.0262E+03  1.6533E+02  1.4303E-01
  1.0000E+00  2.5000E-01  0.0000E+00  8.7932E+02  0.0000E+00  2.7515E+02  1.9492E+00  1.9492E+00  8.7932E+02  2.7515E+02  6.0417E+02  1.9492E+00
  1.0000E+00  5.0000E-01  0.0000E+00  1.2562E+03  0.0000E+00  2.4737E+02  3.6204E+00  3.6204E+00  1.2562E+03  2.4737E+02  1.0089E+03  3.6204E+00
  1.0000E+00  7.0000E-01  0.0000E+00  2.3189E+02  0.0000E+00  2.4359E+02 -4.2659E-02 -4.2659E-02  2.3189E+02  2.4359E+02 -1.1706E+01 -4.2659E-02
  1.0000E+00  1.0000E+00  0.0000E+00  3.0794E+02  0.0000E+00  2.3821E+02  2.5983E-01  2.5983E-01  3.0794E+02  2.3821E+02  6.9726E+01  2.5983E-01
  1.0000E+00  2.0000E+00  0.0000E+00  8.9700E-01  0.0000E+00  2.2113E+02 -8.8411E-01 -8.8411E-01  8.9700E-01  2.2113E+02 -2.2023E+02 -8.8411E-01
  1.0000E+00  4.0000E+00  0.0000E+00  1.0160E+00  0.0000E+00  1.9054E+02 -8.8297E-01 -8.8297E-01  1.0160E+00  1.9054E+02 -1.8953E+02 -8.8297E-01
  1.0000E+00  6.0000E+00  0.0000E+00  0.0000E+00  1.0000E+00  1.6419E+02  0.0000E+00 -8.8771E-01  0.0000E+00  1.6419E+02  0.0000E+00  0.0000E+00
  1.0000E+00  8.0000E+00  0.0000E+00  6.0900E-01  0.0000E+00  1.4148E+02 -8.8389E-01 -8.8389E-01  6.0900E-01  1.4148E+02 -1.4087E+02 -8.8389E-01
  2.0000E+00  0.0000E+00  1.0000E+04  0.0000E+00  1.0000E+00  4.6502E+03  0.0000E+00 -8.8771E-01  0.0000E+00  4.6502E+03  0.0000E+00  0.0000E+00
  2.0000E+00  0.0000E+00  0.0000E+00  0.0000E+00  0.0000E+00  4.6502E+03 -8.8771E-01 -8.8771E-01  0.0000E+00  4.6502E+03 -4.6502E+03 -8.8771E-01
  2.0000E+00  3.3000E-02  0.0000E+00  4.6639E+03  0.0000E+00  2.4557E+03  7.9824E-01  7.9824E-01  4.6639E+03  2.4557E+03  2.2082E+03  7.9824E-01
  2.0000E+00  8.3000E-02  0.0000E+00  1.1788E+03  0.0000E+00  1.0262E+03  1.3205E-01  1.3205E-01  1.1788E+03  1.0262E+03  1.5265E+02  1.3205E-01
  2.0000E+00  2.5000E-01  0.0000E+00  5.2594E+02  0.0000E+00  2.7515E+02  8.0913E-01  8.0913E-01  5.2594E+02  2.7515E+02  2.5079E+02  8.0913E-01
  2.0000E+00  5.0000E-01  0.0000E+00  3.5647E+02  0.0000E+00  2.4737E+02  3.9153E-01  3.9153E-01  3.5647E+02  2.4737E+02  1.0910E+02  3.9153E-01
  2.0000E+00  7.5000E-01  0.0000E+00  2.1360E+01  0.0000E+00  2.4269E+02 -8.0958E-01 -8.0958E-01  2.1360E+01  2.4269E+02 -2.2133E+02 -8.0958E-01
  2.0000E+00  1.0000E+00  0.0000E+00  5.5186E+02  0.0000E+00  2.3821E+02  1.1688E+00  1.1688E+00  5.5186E+02  2.3821E+02  3.1365E+02  1.1688E+00
  2.0000E+00  2.0000E+00  0.0000E+00  4.7980E+00  0.0000E+00  2.2113E+02 -8.6844E-01 -8.6844E-01  4.7980E+00  2.2113E+02 -2.1633E+02 -8.6844E-01
  2.0000E+00  4.0000E+00  0.0000E+00  3.3000E-02  0.0000E+00  1.9054E+02 -8.8755E-01 -8.8755E-01  3.3000E-02  1.9054E+02 -1.9051E+02 -8.8755E-01
  2.0000E+00  6.0000E+00  0.0000E+00  5.9700E-01  0.0000E+00  1.6419E+02 -8.8448E-01 -8.8448E-01  5.9700E-01  1.6419E+02 -1.6359E+02 -8.8448E-01
  2.0000E+00  8.0000E+00  0.0000E+00  8.4600E-01  0.0000E+00  1.4148E+02 -8.8240E-01 -8.8240E-01  8.4600E-01  1.4148E+02 -1.4064E+02 -8.8240E-01
  3.0000E+00  0.0000E+00  1.0000E+04  0.0000E+00  1.0000E+00  4.6502E+03  0.0000E+00 -8.8771E-01  0.0000E+00  4.6502E+03  0.0000E+00  0.0000E+00
  3.0000E+00  0.0000E+00  0.0000E+00  0.0000E+00  0.0000E+00  4.6502E+03 -8.8771E-01 -8.8771E-01  0.0000E+00  4.6502E+03 -4.6502E+03 -8.8771E-01
  3.0000E+00  3.3000E-02  0.0000E+00  3.7945E+03  0.0000E+00  2.4557E+03  4.8396E-01  4.8396E-01  3.7945E+03  2.4557E+03  1.3388E+03  4.8396E-01
  3.0000E+00  8.3000E-02  0.0000E+00  1.2588E+03  0.0000E+00  1.0262E+03  2.0124E-01  2.0124E-01  1.2588E+03  1.0262E+03  2.3263E+02  2.0124E-01
  3.0000E+00  2.5000E-01  0.0000E+00  5.4645E+02  0.0000E+00  2.7515E+02  8.7528E-01  8.7528E-01  5.4645E+02  2.7515E+02  2.7130E+02  8.7528E-01
  3.0000E+00  5.0000E-01  0.0000E+00  4.9878E+01  0.0000E+00  2.4737E+02 -7.0871E-01 -7.0871E-01  4.9878E+01  2.4737E+02 -1.9749E+02 -7.0871E-01
  3.0000E+00  7.5000E-01  0.0000E+00  1.6505E+01  0.0000E+00  2.4269E+02 -8.2733E-01 -8.2733E-01  1.6505E+01  2.4269E+02 -2.2618E+02 -8.2733E-01
  3.0000E+00  1.0000E+00  0.0000E+00  6.6930E+00  0.0000E+00  2.3821E+02 -8.6276E-01 -8.6276E-01  6.6930E+00  2.3821E+02 -2.3152E+02 -8.6276E-01
  3.0000E+00  2.0000E+00  0.0000E+00  3.6010E+00  0.0000E+00  2.2113E+02 -8.7325E-01 -8.7325E-01  3.6010E+00  2.2113E+02 -2.1753E+02 -8.7325E-01
  3.0000E+00  4.0000E+00  0.0000E+00  1.1970E+00  0.0000E+00  1.9054E+02 -8.8213E-01 -8.8213E-01  1.1970E+00  1.9054E+02 -1.8935E+02 -8.8213E-01
  3.0000E+00  6.0000E+00  0.0000E+00  3.0470E+00  0.0000E+00  1.6419E+02 -8.7123E-01 -8.7123E-01  3.0470E+00  1.6419E+02 -1.6114E+02 -8.7123E-01
  3.0000E+00  8.0000E+00  0.0000E+00  3.8000E-01  0.0000E+00  1.4148E+02 -8.8532E-01 -8.8532E-01  3.8000E-01  1.4148E+02 -1.4110E+02 -8.8532E-01
  4.0000E+00  0.0000E+00  1.0000E+04  0.0000E+00  1.0000E+00  0.0000E+00  0.0000E+00  0.0000E+00  0.0000E+00  0.0000E+00  0.0000E+00  0.0000E+00
  4.0000E+00  0.0000E+00  0.0000E+00  0.0000E+00  0.0000E+00  0.0000E+00  0.0000E+00  0.0000E+00  0.0000E+00  0.0000E+00  0.0000E+00  0.0000E+00
  4.0000E+00  3.3000E-02  0.0000E+00  2.1445E+01  0.0000E+00  9.6414E+00  1.0868E+00  1.0868E+00  2.1445E+01  9.6414E+00  1.1804E+01  1.0868E+00
  4.0000E+00  8.3000E-02  0.0000E+00  2.5683E+01  0.0000E+00  1.5919E+01  5.4443E-01  5.4443E-01  2.5683E+01  1.5919E+01  9.7635E+00  5.4443E-01
  4.0000E+00  2.5000E-01  0.0000E+00  4.4576E+01  0.0000E+00  1.9185E+01  1.1749E+00  1.1749E+00  4.4576E+01  1.9185E+01  2.5391E+01  1.1749E+00
  4.0000E+00  5.0000E-01  0.0000E+00  2.1491E+01  0.0000E+00  1.9188E+01  1.0653E-01  1.0653E-01  2.1491E+01  1.9188E+01  2.3027E+00  1.0653E-01
  4.0000E+00  7.5000E-01  0.0000E+00  7.6971E+01  0.0000E+00  1.9028E+01  2.7032E+00  2.7032E+00  7.6971E+01  1.9028E+01  5.7943E+01  2.7032E+00
  4.0000E+00  1.0000E+00  0.0000E+00  7.4570E+00  0.0000E+00  1.8822E+01 -5.3601E-01 -5.3601E-01  7.4570E+00  1.8822E+01 -1.1365E+01 -5.3601E-01
  4.0000E+00  2.0000E+00  0.0000E+00  3.1960E+00  0.0000E+00  1.7760E+01 -7.2795E-01 -7.2795E-01  3.1960E+00  1.7760E+01 -1.4564E+01 -7.2795E-01
  4.0000E+00  3.0000E+00  0.0000E+00  1.6550E+01  0.0000E+00  1.6577E+01 -1.4343E-03 -1.4343E-03  1.6550E+01  1.6577E+01 -2.6784E-02 -1.4343E-03
  4.0000E+00  4.0000E+00  0.0000E+00  3.8490E+00  0.0000E+00  1.5417E+01 -6.6608E-01 -6.6608E-01  3.8490E+00  1.5417E+01 -1.1568E+01 -6.6608E-01
  4.0000E+00  6.0000E+00  0.0000E+00  0.0000E+00  1.0000E+00  1.3296E+01  0.0000E+00 -8.8771E-01  0.0000E+00  1.3296E+01  0.0000E+00  0.0000E+00
  4.0000E+00  8.0000E+00  0.0000E+00  0.0000E+00  1.0000E+00  1.1458E+01  0.0000E+00 -8.8771E-01  0.0000E+00  1.1458E+01  0.0000E+00  0.0000E+00
  5.0000E+00  0.0000E+00  1.0000E+04  0.0000E+00  1.0000E+00  0.0000E+00  0.0000E+00  0.0000E+00  0.0000E+00  0.0000E+00  0.0000E+00  0.0000E+00
  5.0000E+00  0.0000E+00  0.0000E+00  0.0000E+00  0.0000E+00  0.0000E+00  0.0000E+00  0.0000E+00  0.0000E+00  0.0000E+00  0.0000E+00  0.0000E+00
  5.0000E+00  3.3000E-02  0.0000E+00  1.6601E+01  0.0000E+00  9.6414E+00  6.4078E-01  6.4078E-01  1.6601E+01  9.6414E+00  6.9596E+00  6.4078E-01
  5.0000E+00  8.3000E-02  0.0000E+00  9.5230E+00  0.0000E+00  1.5919E+01 -3.5668E-01 -3.5668E-01  9.5230E+00  1.5919E+01 -6.3965E+00 -3.5668E-01
  5.0000E+00  2.5000E-01  0.0000E+00  3.0571E+01  0.0000E+00  1.9185E+01  5.2685E-01  5.2685E-01  3.0571E+01  1.9185E+01  1.1386E+01  5.2685E-01
  5.0000E+00  5.0000E-01  0.0000E+00  4.7158E+01  0.0000E+00  1.9188E+01  1.2940E+00  1.2940E+00  4.7158E+01  1.9188E+01  2.7970E+01  1.2940E+00
  5.0000E+00  7.5000E-01  0.0000E+00  1.9559E+01  0.0000E+00  1.9028E+01  2.4764E-02  2.4764E-02  1.9559E+01  1.9028E+01  5.3082E-01  2.4764E-02
  5.0000E+00  1.0000E+00  0.0000E+00  5.9384E+01  0.0000E+00  1.8822E+01  1.9130E+00  1.9130E+00  5.9384E+01  1.8822E+01  4.0562E+01  1.9130E+00
  5.0000E+00  2.0000E+00  0.0000E+00  1.1460E+00  0.0000E+00  1.7760E+01 -8.3042E-01 -8.3042E-01  1.1460E+00  1.7760E+01 -1.6614E+01 -8.3042E-01
  5.0000E+00  3.0000E+00  0.0000E+00  2.5590E+00  0.0000E+00  1.6577E+01 -7.5067E-01 -7.5067E-01  2.5590E+00  1.6577E+01 -1.4018E+01 -7.5067E-01
  5.0000E+00  4.0000E+00  0.0000E+00  7.7780E+00  0.0000E+00  1.5417E+01 -4.3984E-01 -4.3984E-01  7.7780E+00  1.5417E+01 -7.6387E+00 -4.3984E-01
  5.0000E+00  6.0000E+00  0.0000E+00  1.6200E-01  0.0000E+00  1.3296E+01 -8.7689E-01 -8.7689E-01  1.6200E-01  1.3296E+01 -1.3134E+01 -8.7689E-01
  5.0000E+00  8.0000E+00  0.0000E+00  5.5100E-01  0.0000E+00  1.1458E+01 -8.4502E-01 -8.4502E-01  5.5100E-01  1.1458E+01 -1.0907E+01 -8.4502E-01
  6.0000E+00  0.0000E+00  1.0000E+04  0.0000E+00  1.0000E+00  0.0000E+00  0.0000E+00  0.0000E+00  0.0000E+00  0.0000E+00  0.0000E+00  0.0000E+00
  6.0000E+00  0.0000E+00  0.0000E+00  0.0000E+00  0.0000E+00  0.0000E+00  0.0000E+00  0.0000E+00  0.0000E+00  0.0000E+00  0.0000E+00  0.0000E+00
  6.0000E+00  3.3000E-02  0.0000E+00  2.2373E+01  0.0000E+00  9.6414E+00  1.1722E+00  1.1722E+00  2.2373E+01  9.6414E+00  1.2732E+01  1.1722E+00
  6.0000E+00  8.3000E-02  0.0000E+00  4.6713E+01  0.0000E+00  1.5919E+01  1.7171E+00  1.7171E+00  4.6713E+01  1.5919E+01  3.0794E+01  1.7171E+00
  6.0000E+00  2.5000E-01  0.0000E+00  5.0110E+00  0.0000E+00  1.9185E+01 -6.5584E-01 -6.5584E-01  5.0110E+00  1.9185E+01 -1.4174E+01 -6.5584E-01
  6.0000E+00  5.0000E-01  0.0000E+00  4.6163E+01  0.0000E+00  1.9188E+01  1.2479E+00  1.2479E+00  4.6163E+01  1.9188E+01  2.6975E+01  1.2479E+00
  6.0000E+00  7.5000E-01  0.0000E+00  1.5363E+01  0.0000E+00  1.9028E+01 -1.7099E-01 -1.7099E-01  1.5363E+01  1.9028E+01 -3.6652E+00 -1.7099E-01
  6.0000E+00  1.0000E+00  0.0000E+00  2.2338E+01  0.0000E+00  1.8822E+01  1.6581E-01  1.6581E-01  2.2338E+01  1.8822E+01  3.5157E+00  1.6581E-01
  6.0000E+00  2.0000E+00  0.0000E+00  2.4323E+01  0.0000E+00  1.7760E+01  3.2807E-01  3.2807E-01  2.4323E+01  1.7760E+01  6.5635E+00  3.2807E-01
  6.0000E+00  3.0000E+00  0.0000E+00  1.8400E+00  0.0000E+00  1.6577E+01 -7.8917E-01 -7.8917E-01  1.8400E+00  1.6577E+01 -1.4737E+01 -7.8917E-01
  6.0000E+00  4.0000E+00  0.0000E+00  2.7960E+00  0.0000E+00  1.5417E+01 -7.2671E-01 -7.2671E-01  2.7960E+00  1.5417E+01 -1.2621E+01 -7.2671E-01
  6.0000E+00  6.0000E+00  0.0000E+00  2.7000E+00  0.0000E+00  1.3296E+01 -7.0744E-01 -7.0744E-01  2.7000E+00  1.3296E+01 -1.0596E+01 -7.0744E-01
  6.0000E+00  8.0000E+00  0.0000E+00  2.4450E+00  0.0000E+00  1.1458E+01 -6.9828E-01 -6.9828E-01  2.4450E+00  1.1458E+01 -9.0131E+00 -6.9828E-01
  7.0000E+00  0.0000E+00  1.2500E+05  0.0000E+00  1.0000E+00  0.0000E+00  0.0000E+00  0.0000E+00  0.0000E+00  0.0000E+00  0.0000E+00  0.0000E+00
  7.0000E+00  0.0000E+00  0.0000E+00  0.0000E+00  0.0000E+00  0.0000E+00  0.0000E+00  0.0000E+00  0.0000E+00  0.0000E+00  0.0000E+00  0.0000E+00
  7.0000E+00  5.0000E-01  0.0000E+00  5.3520E+00  0.0000E+00  2.8613E+01 -7.2166E-01 -7.2166E-01  5.3520E+00  2.8613E+01 -2.3261E+01 -7.2166E-01
  7.0000E+00  1.0000E+00  0.0000E+00  1.6180E+01  0.0000E+00  2.8067E+01 -3.7597E-01 -3.7597E-01  1.6180E+01  2.8067E+01 -1.1887E+01 -3.7597E-01
  7.0000E+00  2.0000E+00  0.0000E+00  4.4430E+00  0.0000E+00  2.6483E+01 -7.3878E-01 -7.3878E-01  4.4430E+00  2.6483E+01 -2.2040E+01 -7.3878E-01
  7.0000E+00  4.0000E+00  0.0000E+00  1.9128E+01  0.0000E+00  2.2989E+01 -1.4909E-01 -1.4909E-01  1.9128E+01  2.2989E+01 -3.8610E+00 -1.4909E-01
  7.0000E+00  8.0000E+00  0.0000E+00  5.6870E+00  0.0000E+00  1.7086E+01 -5.9224E-01 -5.9224E-01  5.6870E+00  1.7086E+01 -1.1399E+01 -5.9224E-01
  7.0000E+00  2.4000E+01  0.0000E+00  6.0000E-01  0.0000E+00  5.1938E+00 -7.8516E-01 -7.8516E-01  6.0000E-01  5.1938E+00 -4.5938E+00 -7.8516E-01
  8.0000E+00  0.0000E+00  1.2500E+05  0.0000E+00  1.0000E+00  0.0000E+00  0.0000E+00  0.0000E+00  0.0000E+00  0.0000E+00  0.0000E+00  0.0000E+00
  8.0000E+00  0.0000E+00  0.0000E+00  0.0000E+00  0.0000E+00  0.0000E+00  0.0000E+00  0.0000E+00  0.0000E+00  0.0000E+00  0.0000E+00  0.0000E+00
  8.0000E+00  5.0000E-01  0.0000E+00  3.1708E+01  0.0000E+00  2.8613E+01  9.6016E-02  9.6016E-02  3.1708E+01  2.8613E+01  3.0948E+00  9.6016E-02
  8.0000E+00  1.0000E+00  0.0000E+00  2.9239E+01  0.0000E+00  2.8067E+01  3.7059E-02  3.7059E-02  2.9239E+01  2.8067E+01  1.1717E+00  3.7059E-02
  8.0000E+00  2.0000E+00  0.0000E+00  9.1450E+00  0.0000E+00  2.6483E+01 -5.8116E-01 -5.8116E-01  9.1450E+00  2.6483E+01 -1.7338E+01 -5.8116E-01
  8.0000E+00  4.0000E+00  0.0000E+00  7.1960E+00  0.0000E+00  2.2989E+01 -6.0984E-01 -6.0984E-01  7.1960E+00  2.2989E+01 -1.5793E+01 -6.0984E-01
  8.0000E+00  8.0000E+00  0.0000E+00  3.9410E+00  0.0000E+00  1.7086E+01 -6.8295E-01 -6.8295E-01  3.9410E+00  1.7086E+01 -1.3145E+01 -6.8295E-01
  8.0000E+00  2.4000E+01  0.0000E+00  6.0000E-01  0.0000E+00  5.1938E+00 -7.8516E-01 -7.8516E-01  6.0000E-01  5.1938E+00 -4.5938E+00 -7.8516E-01
  9.0000E+00  0.0000E+00  1.2500E+05  0.0000E+00  1.0000E+00  0.0000E+00  0.0000E+00  0.0000E+00  0.0000E+00  0.0000E+00  0.0000E+00  0.0000E+00
  9.0000E+00  0.0000E+00  0.0000E+00  0.0000E+00  0.0000E+00  0.0000E+00  0.0000E+00  0.0000E+00  0.0000E+00  0.0000E+00  0.0000E+00  0.0000E+00
  9.0000E+00  5.0000E-01  0.0000E+00  2.5875E+01  0.0000E+00  2.8613E+01 -8.4950E-02 -8.4950E-02  2.5875E+01  2.8613E+01 -2.7382E+00 -8.4950E-02
  9.0000E+00  1.0000E+00  0.0000E+00  1.2360E+01  0.0000E+00  2.8067E+01 -4.9679E-01 -4.9679E-01  1.2360E+01  2.8067E+01 -1.5707E+01 -4.9679E-01
  9.0000E+00  2.0000E+00  0.0000E+00  2.5667E+01  0.0000E+00  2.6483E+01 -2.7339E-02 -2.7339E-02  2.5667E+01  2.6483E+01 -8.1559E-01 -2.7339E-02
  9.0000E+00  4.0000E+00  0.0000E+00  1.4443E+01  0.0000E+00  2.2989E+01 -3.3000E-01 -3.3000E-01  1.4443E+01  2.2989E+01 -8.5460E+00 -3.3000E-01
  9.0000E+00  8.0000E+00  0.0000E+00  6.7260E+00  0.0000E+00  1.7086E+01 -5.3826E-01 -5.3826E-01  6.7260E+00  1.7086E+01 -1.0360E+01 -5.3826E-01
  9.0000E+00  2.4000E+01  0.0000E+00  1.4570E+00  0.0000E+00  5.1938E+00 -6.3868E-01 -6.3868E-01  1.4570E+00  5.1938E+00 -3.7368E+00 -6.3868E-01
  1.0000E+01  0.0000E+00  2.5000E+05  0.0000E+00  1.0000E+00  0.0000E+00  0.0000E+00  0.0000E+00  0.0000E+00  0.0000E+00  0.0000E+00  0.0000E+00
  1.0000E+01  0.0000E+00  0.0000E+00  0.0000E+00  0.0000E+00  0.0000E+00  0.0000E+00  0.0000E+00  0.0000E+00  0.0000E+00  0.0000E+00  0.0000E+00
  1.0000E+01  5.0000E-01  0.0000E+00  3.2559E+01  0.0000E+00  3.3060E+01 -1.3443E-02 -1.3443E-02  3.2559E+01  3.3060E+01 -5.0063E-01 -1.3443E-02
  1.0000E+01  1.0000E+00  0.0000E+00  2.7382E+01  0.0000E+00  3.2429E+01 -1.3815E-01 -1.3815E-01  2.7382E+01  3.2429E+01 -5.0469E+00 -1.3815E-01
  1.0000E+01  2.0000E+00  0.0000E+00  2.0366E+01  0.0000E+00  3.0598E+01 -2.9685E-01 -2.9685E-01  2.0366E+01  3.0598E+01 -1.0232E+01 -2.9685E-01
  1.0000E+01  4.0000E+00  0.0000E+00  3.1808E+01  0.0000E+00  2.6561E+01  1.7534E-01  1.7534E-01  3.1808E+01  2.6561E+01  5.2465E+00  1.7534E-01
  1.0000E+01  8.0000E+00  0.0000E+00  6.3644E+01  0.0000E+00  1.9741E+01  1.9742E+00  1.9742E+00  6.3644E+01  1.9741E+01  4.3903E+01  1.9742E+00
  1.0000E+01  2.4000E+01  0.0000E+00  2.5160E+00  0.0000E+00  6.0009E+00 -5.1552E-01 -5.1552E-01  2.5160E+00  6.0009E+00 -3.4849E+00 -5.1552E-01
  1.1000E+01  0.0000E+00  2.5000E+05  0.0000E+00  1.0000E+00  0.0000E+00  0.0000E+00  0.0000E+00  0.0000E+00  0.0000E+00  0.0000E+00  0.0000E+00
  1.1000E+01  0.0000E+00  0.0000E+00  0.0000E+00  0.0000E+00  0.0000E+00  0.0000E+00  0.0000E+00  0.0000E+00  0.0000E+00  0.0000E+00  0.0000E+00
  1.1000E+01  5.0000E-01  0.0000E+00  2.2787E+01  0.0000E+00  3.3060E+01 -2.7584E-01 -2.7584E-01  2.2787E+01  3.3060E+01 -1.0273E+01 -2.7584E-01
  1.1000E+01  1.0000E+00  0.0000E+00  4.7157E+01  0.0000E+00  3.2429E+01  4.0316E-01  4.0316E-01  4.7157E+01  3.2429E+01  1.4728E+01  4.0316E-01
  1.1000E+01  2.0000E+00  0.0000E+00  4.3560E+00  0.0000E+00  3.0598E+01 -7.6133E-01 -7.6133E-01  4.3560E+00  3.0598E+01 -2.6242E+01 -7.6133E-01
  1.1000E+01  4.0000E+00  0.0000E+00  1.1033E+01  0.0000E+00  2.6561E+01 -5.1897E-01 -5.1897E-01  1.1033E+01  2.6561E+01 -1.5528E+01 -5.1897E-01
  1.1000E+01  8.0000E+00  0.0000E+00  9.2000E+00  0.0000E+00  1.9741E+01 -4.7401E-01 -4.7401E-01  9.2000E+00  1.9741E+01 -1.0541E+01 -4.7401E-01
  1.1000E+01  2.4000E+01  0.0000E+00  6.0000E-01  0.0000E+00  6.0009E+00 -7.9895E-01 -7.9895E-01  6.0000E-01  6.0009E+00 -5.4009E+00 -7.9895E-01
  1.2000E+01  0.0000E+00  2.5000E+05  0.0000E+00  1.0000E+00  0.0000E+00  0.0000E+00  0.0000E+00  0.0000E+00  0.0000E+00  0.0000E+00  0.0000E+00
  1.2000E+01  0.0000E+00  0.0000E+00  0.0000E+00  0.0000E+00  0.0000E+00  0.0000E+00  0.0000E+00  0.0000E+00  0.0000E+00  0.0000E+00  0.0000E+00
  1.2000E+01  5.0000E-01  0.0000E+00  2.9301E+01  0.0000E+00  3.3060E+01 -1.0093E-01 -1.0093E-01  2.9301E+01  3.3060E+01 -3.7586E+00 -1.0093E-01
  1.2000E+01  1.0000E+00  0.0000E+00  1.4208E+01  0.0000E+00  3.2429E+01 -4.9878E-01 -4.9878E-01  1.4208E+01  3.2429E+01 -1.8221E+01 -4.9878E-01
  1.2000E+01  2.0000E+00  0.0000E+00  1.1723E+01  0.0000E+00  3.0598E+01 -5.4760E-01 -5.4760E-01  1.1723E+01  3.0598E+01 -1.8875E+01 -5.4760E-01
  1.2000E+01  4.0000E+00  0.0000E+00  8.5160E+00  0.0000E+00  2.6561E+01 -6.0309E-01 -6.0309E-01  8.5160E+00  2.6561E+01 -1.8045E+01 -6.0309E-01
  1.2000E+01  8.0000E+00  0.0000E+00  8.2990E+00  0.0000E+00  1.9741E+01 -5.1452E-01 -5.1452E-01  8.2990E+00  1.9741E+01 -1.1442E+01 -5.1452E-01
  1.2000E+01  2.4000E+01  0.0000E+00  1.2620E+00  0.0000E+00  6.0009E+00 -7.0102E-01 -7.0102E-01  1.2620E+00  6.0009E+00 -4.7389E+00 -7.0102E-01
  1.3000E+01  0.0000E+00  5.0000E+05  0.0000E+00  1.0000E+00  0.0000E+00  0.0000E+00  0.0000E+00  0.0000E+00  0.0000E+00  0.0000E+00  0.0000E+00
  1.3000E+01  0.0000E+00  0.0000E+00  0.0000E+00  0.0000E+00  0.0000E+00  0.0000E+00  0.0000E+00  0.0000E+00  0.0000E+00  0.0000E+00  0.0000E+00
  1.3000E+01  5.0000E-01  0.0000E+00  5.5055E+01  0.0000E+00  4.1473E+01  2.9072E-01  2.9072E-01  5.5055E+01  4.1473E+01  1.3582E+01  2.9072E-01
  1.3000E+01  1.0000E+00  0.0000E+00  1.9613E+01  0.0000E+00  4.0681E+01 -4.5973E-01 -4.5973E-01  1.9613E+01  4.0681E+01 -2.1068E+01 -4.5973E-01
  1.3000E+01  2.0000E+00  0.0000E+00  2.3639E+01  0.0000E+00  3.8385E+01 -3.4102E-01 -3.4102E-01  2.3639E+01  3.8385E+01 -1.4746E+01 -3.4102E-01
  1.3000E+01  4.0000E+00  0.0000E+00  1.3103E+01  0.0000E+00  3.3321E+01 -5.3863E-01 -5.3863E-01  1.3103E+01  3.3321E+01 -2.0218E+01 -5.3863E-01
  1.3000E+01  8.0000E+00  0.0000E+00  1.3568E+01  0.0000E+00  2.4765E+01 -4.0136E-01 -4.0136E-01  1.3568E+01  2.4765E+01 -1.1197E+01 -4.0136E-01
  1.3000E+01  2.4000E+01  0.0000E+00  1.7556E+01  0.0000E+00  7.5280E+00  1.1825E+00  1.1825E+00  1.7556E+01  7.5280E+00  1.0028E+01  1.1825E+00
  1.4000E+01  0.0000E+00  5.0000E+05  0.0000E+00  1.0000E+00  0.0000E+00  0.0000E+00  0.0000E+00  0.0000E+00  0.0000E+00  0.0000E+00  0.0000E+00
  1.4000E+01  0.0000E+00  0.0000E+00  0.0000E+00  0.0000E+00  0.0000E+00  0.0000E+00  0.0000E+00  0.0000E+00  0.0000E+00  0.0000E+00  0.0000E+00
  1.4000E+01  5.0000E-01  0.0000E+00  4.9290E+01  0.0000E+00  4.1473E+01  1.6733E-01  1.6733E-01  4.9290E+01  4.1473E+01  7.8173E+00  1.6733E-01
  1.4000E+01  1.0000E+00  0.0000E+00  3.0508E+01  0.0000E+00  4.0681E+01 -2.2199E-01 -2.2199E-01  3.0508E+01  4.0681E+01 -1.0173E+01 -2.2199E-01
  1.4000E+01  2.0000E+00  0.0000E+00  2.6968E+01  0.0000E+00  3.8385E+01 -2.6403E-01 -2.6403E-01  2.6968E+01  3.8385E+01 -1.1417E+01 -2.6403E-01
  1.4000E+01  4.0000E+00  0.0000E+00  2.2871E+01  0.0000E+00  3.3321E+01 -2.7840E-01 -2.7840E-01  2.2871E+01  3.3321E+01 -1.0450E+01 -2.7840E-01
  1.4000E+01  8.0000E+00  0.0000E+00  2.1883E+01  0.0000E+00  2.4765E+01 -1.0331E-01 -1.0331E-01  2.1883E+01  2.4765E+01 -2.8821E+00 -1.0331E-01
  1.4000E+01  2.4000E+01  0.0000E+00  6.0000E-01  0.0000E+00  7.5280E+00 -8.1695E-01 -8.1695E-01  6.0000E-01  7.5280E+00 -6.9280E+00 -8.1695E-01
  1.5000E+01  0.0000E+00  5.0000E+05  0.0000E+00  1.0000E+00  0.0000E+00  0.0000E+00  0.0000E+00  0.0000E+00  0.0000E+00  0.0000E+00  0.0000E+00
  1.5000E+01  0.0000E+00  0.0000E+00  0.0000E+00  0.0000E+00  0.0000E+00  0.0000E+00  0.0000E+00  0.0000E+00  0.0000E+00  0.0000E+00  0.0000E+00
  1.5000E+01  5.0000E-01  0.0000E+00  6.3812E+01  0.0000E+00  4.1473E+01  4.7816E-01  4.7816E-01  6.3812E+01  4.1473E+01  2.2339E+01  4.7816E-01
  1.5000E+01  1.0000E+00  0.0000E+00  7.1770E+00  0.0000E+00  4.0681E+01 -7.3110E-01 -7.3110E-01  7.1770E+00  4.0681E+01 -3.3504E+01 -7.3110E-01
  1.5000E+01  2.0000E+00  0.0000E+00  3.4378E+01  0.0000E+00  3.8385E+01 -9.2658E-02 -9.2658E-02  3.4378E+01  3.8385E+01 -4.0066E+00 -9.2658E-02
  1.5000E+01  4.0000E+00  0.0000E+00  1.8738E+01  0.0000E+00  3.3321E+01 -3.8850E-01 -3.8850E-01  1.8738E+01  3.3321E+01 -1.4583E+01 -3.8850E-01
  1.5000E+01  8.0000E+00  0.0000E+00  3.5351E+01  0.0000E+00  2.4765E+01  3.7945E-01  3.7945E-01  3.5351E+01  2.4765E+01  1.0586E+01  3.7945E-01
  1.5000E+01  2.4000E+01  0.0000E+00  2.0765E+01  0.0000E+00  7.5280E+00  1.5609E+00  1.5609E+00  2.0765E+01  7.5280E+00  1.3237E+01  1.5609E+00
  1.6000E+01  0.0000E+00  1.2500E+05  0.0000E+00  1.0000E+00  0.0000E+00  0.0000E+00  0.0000E+00  0.0000E+00  0.0000E+00  0.0000E+00  0.0000E+00
  1.6000E+01  0.0000E+00  0.0000E+00  0.0000E+00  0.0000E+00  0.0000E+00  0.0000E+00  0.0000E+00  0.0000E+00  0.0000E+00  0.0000E+00  0.0000E+00
  1.6000E+01  5.0000E-01  0.0000E+00  8.1620E+00  0.0000E+00  2.8613E+01 -6.3448E-01 -6.3448E-01  8.1620E+00  2.8613E+01 -2.0451E+01 -6.3448E-01
  1.6000E+01  1.0000E+00  0.0000E+00  1.6289E+01  0.0000E+00  2.8067E+01 -3.7252E-01 -3.7252E-01  1.6289E+01  2.8067E+01 -1.1778E+01 -3.7252E-01
  1.6000E+01  2.0000E+00  0.0000E+00  4.8860E+00  0.0000E+00  2.6483E+01 -7.2393E-01 -7.2393E-01  4.8860E+00  2.6483E+01 -2.1597E+01 -7.2393E-01
  1.6000E+01  4.0000E+00  0.0000E+00  8.0510E+00  0.0000E+00  2.2989E+01 -5.7682E-01 -5.7682E-01  8.0510E+00  2.2989E+01 -1.4938E+01 -5.7682E-01
  1.6000E+01  8.0000E+00  0.0000E+00  3.2130E+00  0.0000E+00  1.7086E+01 -7.2078E-01 -7.2078E-01  3.2130E+00  1.7086E+01 -1.3873E+01 -7.2078E-01
  1.6000E+01  2.4000E+01  0.0000E+00  6.0000E-01  0.0000E+00  5.1938E+00 -7.8516E-01 -7.8516E-01  6.0000E-01  5.1938E+00 -4.5938E+00 -7.8516E-01
  1.7000E+01  0.0000E+00  1.2500E+05  0.0000E+00  1.0000E+00  0.0000E+00  0.0000E+00  0.0000E+00  0.0000E+00  0.0000E+00  0.0000E+00  0.0000E+00
  1.7000E+01  0.0000E+00  0.0000E+00  0.0000E+00  0.0000E+00  0.0000E+00  0.0000E+00  0.0000E+00  0.0000E+00  0.0000E+00  0.0000E+00  0.0000E+00
  1.7000E+01  5.0000E-01  0.0000E+00  2.4603E+01  0.0000E+00  2.8613E+01 -1.2441E-01 -1.2441E-01  2.4603E+01  2.8613E+01 -4.0102E+00 -1.2441E-01
  1.7000E+01  1.0000E+00  0.0000E+00  7.2080E+00  0.0000E+00  2.8067E+01 -6.5973E-01 -6.5973E-01  7.2080E+00  2.8067E+01 -2.0859E+01 -6.5973E-01
  1.7000E+01  2.0000E+00  0.0000E+00  5.4500E+00  0.0000E+00  2.6483E+01 -7.0502E-01 -7.0502E-01  5.4500E+00  2.6483E+01 -2.1033E+01 -7.0502E-01
  1.7000E+01  4.0000E+00  0.0000E+00  2.7120E+00  0.0000E+00  2.2989E+01 -7.8298E-01 -7.8298E-01  2.7120E+00  2.2989E+01 -2.0277E+01 -7.8298E-01
  1.7000E+01  8.0000E+00  0.0000E+00  5.6920E+00  0.0000E+00  1.7086E+01 -5.9198E-01 -5.9198E-01  5.6920E+00  1.7086E+01 -1.1394E+01 -5.9198E-01
  1.7000E+01  2.4000E+01  0.0000E+00  6.0000E-01  0.0000E+00  5.1938E+00 -7.8516E-01 -7.8516E-01  6.0000E-01  5.1938E+00 -4.5938E+00 -7.8516E-01
  1.8000E+01  0.0000E+00  1.2500E+05  0.0000E+00  1.0000E+00  0.0000E+00  0.0000E+00  0.0000E+00  0.0000E+00  0.0000E+00  0.0000E+00  0.0000E+00
  1.8000E+01  0.0000E+00  0.0000E+00  0.0000E+00  0.0000E+00  0.0000E+00  0.0000E+00  0.0000E+00  0.0000E+00  0.0000E+00  0.0000E+00  0.0000E+00
  1.8000E+01  5.0000E-01  0.0000E+00  1.0414E+01  0.0000E+00  2.8613E+01 -5.6462E-01 -5.6462E-01  1.0414E+01  2.8613E+01 -1.8199E+01 -5.6462E-01
  1.8000E+01  1.0000E+00  0.0000E+00  3.2390E+00  0.0000E+00  2.8067E+01 -7.8526E-01 -7.8526E-01  3.2390E+00  2.8067E+01 -2.4828E+01 -7.8526E-01
  1.8000E+01  2.0000E+00  0.0000E+00  7.2080E+00  0.0000E+00  2.6483E+01 -6.4609E-01 -6.4609E-01  7.2080E+00  2.6483E+01 -1.9275E+01 -6.4609E-01
  1.8000E+01  4.0000E+00  0.0000E+00  2.6850E+00  0.0000E+00  2.2989E+01 -7.8403E-01 -7.8403E-01  2.6850E+00  2.2989E+01 -2.0304E+01 -7.8403E-01
  1.8000E+01  8.0000E+00  0.0000E+00  4.9860E+00  0.0000E+00  1.7086E+01 -6.2866E-01 -6.2866E-01  4.9860E+00  1.7086E+01 -1.2100E+01 -6.2866E-01
  1.8000E+01  2.4000E+01  0.0000E+00  6.0000E-01  0.0000E+00  5.1938E+00 -7.8516E-01 -7.8516E-01  6.0000E-01  5.1938E+00 -4.5938E+00 -7.8516E-01
  1.9000E+01  0.0000E+00  2.5000E+05  0.0000E+00  1.0000E+00  0.0000E+00  0.0000E+00  0.0000E+00  0.0000E+00  0.0000E+00  0.0000E+00  0.0000E+00
  1.9000E+01  0.0000E+00  0.0000E+00  0.0000E+00  0.0000E+00  0.0000E+00  0.0000E+00  0.0000E+00  0.0000E+00  0.0000E+00  0.0000E+00  0.0000E+00
  1.9000E+01  5.0000E-01  0.0000E+00  2.8991E+01  0.0000E+00  3.3060E+01 -1.0925E-01 -1.0925E-01  2.8991E+01  3.3060E+01 -4.0686E+00 -1.0925E-01
  1.9000E+01  1.0000E+00  0.0000E+00  7.3880E+00  0.0000E+00  3.2429E+01 -6.8547E-01 -6.8547E-01  7.3880E+00  3.2429E+01 -2.5041E+01 -6.8547E-01
  1.9000E+01  2.0000E+00  0.0000E+00  5.6630E+00  0.0000E+00  3.0598E+01 -7.2341E-01 -7.2341E-01  5.6630E+00  3.0598E+01 -2.4935E+01 -7.2341E-01
  1.9000E+01  4.0000E+00  0.0000E+00  9.2860E+00  0.0000E+00  2.6561E+01 -5.7736E-01 -5.7736E-01  9.2860E+00  2.6561E+01 -1.7275E+01 -5.7736E-01
  1.9000E+01  8.0000E+00  0.0000E+00  4.0470E+00  0.0000E+00  1.9741E+01 -7.0572E-01 -7.0572E-01  4.0470E+00  1.9741E+01 -1.5694E+01 -7.0572E-01
  1.9000E+01  2.4000E+01  0.0000E+00  6.0000E-01  0.0000E+00  6.0009E+00 -7.9895E-01 -7.9895E-01  6.0000E-01  6.0009E+00 -5.4009E+00 -7.9895E-01
  2.0000E+01  0.0000E+00  2.5000E+05  0.0000E+00  1.0000E+00  0.0000E+00  0.0000E+00  0.0000E+00  0.0000E+00  0.0000E+00  0.0000E+00  0.0000E+00
  2.0000E+01  0.0000E+00  0.0000E+00  0.0000E+00  0.0000E+00  0.0000E+00  0.0000E+00  0.0000E+00  0.0000E+00  0.0000E+00  0.0000E+00  0.0000E+00
  2.0000E+01  5.0000E-01  0.0000E+00  2.0607E+01  0.0000E+00  3.3060E+01 -3.3437E-01 -3.3437E-01  2.0607E+01  3.3060E+01 -1.2453E+01 -3.3437E-01
  2.0000E+01  1.0000E+00  0.0000E+00  1.2830E+01  0.0000E+00  3.2429E+01 -5.3650E-01 -5.3650E-01  1.2830E+01  3.2429E+01 -1.9599E+01 -5.3650E-01
  2.0000E+01  2.0000E+00  0.0000E+00  1.2017E+01  0.0000E+00  3.0598E+01 -5.3907E-01 -5.3907E-01  1.2017E+01  3.0598E+01 -1.8581E+01 -5.3907E-01
  2.0000E+01  4.0000E+00  0.0000E+00  6.5880E+00  0.0000E+00  2.6561E+01 -6.6753E-01 -6.6753E-01  6.5880E+00  2.6561E+01 -1.9973E+01 -6.6753E-01
  2.0000E+01  8.0000E+00  0.0000E+00  2.8710E+00  0.0000E+00  1.9741E+01 -7.5861E-01 -7.5861E-01  2.8710E+00  1.9741E+01 -1.6870E+01 -7.5861E-01
  2.0000E+01  2.4000E+01  0.0000E+00  6.0000E-01  0.0000E+00  6.0009E+00 -7.9895E-01 -7.9895E-01  6.0000E-01  6.0009E+00 -5.4009E+00 -7.9895E-01
  2.1000E+01  0.0000E+00  2.5000E+05  0.0000E+00  1.0000E+00  0.0000E+00  0.0000E+00  0.0000E+00  0.0000E+00  0.0000E+00  0.0000E+00  0.0000E+00
  2.1000E+01  0.0000E+00  0.0000E+00  0.0000E+00  0.0000E+00  0.0000E+00  0.0000E+00  0.0000E+00  0.0000E+00  0.0000E+00  0.0000E+00  0.0000E+00
  2.1000E+01  5.0000E-01  0.0000E+00  2.0194E+01  0.0000E+00  3.3060E+01 -3.4546E-01 -3.4546E-01  2.0194E+01  3.3060E+01 -1.2866E+01 -3.4546E-01
  2.1000E+01  1.0000E+00  0.0000E+00  1.3124E+01  0.0000E+00  3.2429E+01 -5.2845E-01 -5.2845E-01  1.3124E+01  3.2429E+01 -1.9305E+01 -5.2845E-01
  2.1000E+01  2.0000E+00  0.0000E+00  6.5080E+00  0.0000E+00  3.0598E+01 -6.9890E-01 -6.9890E-01  6.5080E+00  3.0598E+01 -2.4090E+01 -6.9890E-01
  2.1000E+01  4.0000E+00  0.0000E+00  1.8150E+00  0.0000E+00  2.6561E+01 -8.2705E-01 -8.2705E-01  1.8150E+00  2.6561E+01 -2.4746E+01 -8.2705E-01
  2.1000E+01  8.0000E+00  0.0000E+00  6.6610E+00  0.0000E+00  1.9741E+01 -5.8818E-01 -5.8818E-01  6.6610E+00  1.9741E+01 -1.3080E+01 -5.8818E-01
  2.1000E+01  2.4000E+01  0.0000E+00  6.0000E-01  0.0000E+00  6.0009E+00 -7.9895E-01 -7.9895E-01  6.0000E-01  6.0009E+00 -5.4009E+00 -7.9895E-01
  2.2000E+01  0.0000E+00  5.0000E+05  0.0000E+00  1.0000E+00  0.0000E+00  0.0000E+00  0.0000E+00  0.0000E+00  0.0000E+00  0.0000E+00  0.0000E+00
  2.2000E+01  0.0000E+00  0.0000E+00  0.0000E+00  0.0000E+00  0.0000E+00  0.0000E+00  0.0000E+00  0.0000E+00  0.0000E+00  0.0000E+00  0.0000E+00
  2.2000E+01  5.0000E-01  0.0000E+00  2.0892E+01  0.0000E+00  4.1473E+01 -4.4052E-01 -4.4052E-01  2.0892E+01  4.1473E+01 -2.0581E+01 -4.4052E-01
  2.2000E+01  1.0000E+00  0.0000E+00  2.0896E+01  0.0000E+00  4.0681E+01 -4.3174E-01 -4.3174E-01  2.0896E+01  4.0681E+01 -1.9785E+01 -4.3174E-01
  2.2000E+01  2.0000E+00  0.0000E+00  1.6873E+01  0.0000E+00  3.8385E+01 -4.9749E-01 -4.9749E-01  1.6873E+01  3.8385E+01 -2.1512E+01 -4.9749E-01
  2.2000E+01  4.0000E+00  0.0000E+00  5.7380E+00  0.0000E+00  3.3321E+01 -7.3484E-01 -7.3484E-01  5.7380E+00  3.3321E+01 -2.7583E+01 -7.3484E-01
  2.2000E+01  8.0000E+00  0.0000E+00  1.4398E+01  0.0000E+00  2.4765E+01 -3.7161E-01 -3.7161E-01  1.4398E+01  2.4765E+01 -1.0367E+01 -3.7161E-01
  2.2000E+01  2.4000E+01  0.0000E+00  1.1130E+00  0.0000E+00  7.5280E+00 -7.5646E-01 -7.5646E-01  1.1130E+00  7.5280E+00 -6.4150E+00 -7.5646E-01
  2.3000E+01  0.0000E+00  5.0000E+05  0.0000E+00  1.0000E+00  0.0000E+00  0.0000E+00  0.0000E+00  0.0000E+00  0.0000E+00  0.0000E+00  0.0000E+00
  2.3000E+01  0.0000E+00  0.0000E+00  0.0000E+00  0.0000E+00  0.0000E+00  0.0000E+00  0.0000E+00  0.0000E+00  0.0000E+00  0.0000E+00  0.0000E+00
  2.3000E+01  5.0000E-01  0.0000E+00  6.3520E+01  0.0000E+00  4.1473E+01  4.7191E-01  4.7191E-01  6.3520E+01  4.1473E+01  2.2047E+01  4.7191E-01
  2.3000E+01  1.0000E+00  0.0000E+00  2.7973E+01  0.0000E+00  4.0681E+01 -2.7731E-01 -2.7731E-01  2.7973E+01  4.0681E+01 -1.2708E+01 -2.7731E-01
  2.3000E+01  2.0000E+00  0.0000E+00  1.2101E+01  0.0000E+00  3.8385E+01 -6.0785E-01 -6.0785E-01  1.2101E+01  3.8385E+01 -2.6284E+01 -6.0785E-01
  2.3000E+01  4.0000E+00  0.0000E+00  7.7790E+00  0.0000E+00  3.3321E+01 -6.8046E-01 -6.8046E-01  7.7790E+00  3.3321E+01 -2.5542E+01 -6.8046E-01
  2.3000E+01  8.0000E+00  0.0000E+00  1.1122E+01  0.0000E+00  2.4765E+01 -4.8904E-01 -4.8904E-01  1.1122E+01  2.4765E+01 -1.3643E+01 -4.8904E-01
  2.3000E+01  2.4000E+01  0.0000E+00  6.0000E-01  0.0000E+00  7.5280E+00 -8.1695E-01 -8.1695E-01  6.0000E-01  7.5280E+00 -6.9280E+00 -8.1695E-01
  2.4000E+01  0.0000E+00  5.0000E+05  0.0000E+00  1.0000E+00  0.0000E+00  0.0000E+00  0.0000E+00  0.0000E+00  0.0000E+00  0.0000E+00  0.0000E+00
  2.4000E+01  0.0000E+00  0.0000E+00  0.0000E+00  0.0000E+00  0.0000E+00  0.0000E+00  0.0000E+00  0.0000E+00  0.0000E+00  0.0000E+00  0.0000E+00
  2.4000E+01  5.0000E-01  0.0000E+00  6.2078E+01  0.0000E+00  4.1473E+01  4.4105E-01  4.4105E-01  6.2078E+01  4.1473E+01  2.0605E+01  4.4105E-01
  2.4000E+01  1.0000E+00  0.0000E+00  1.7933E+01  0.0000E+00  4.0681E+01 -4.9639E-01 -4.9639E-01  1.7933E+01  4.0681E+01 -2.2748E+01 -4.9639E-01
  2.4000E+01  2.0000E+00  0.0000E+00  2.0081E+01  0.0000E+00  3.8385E+01 -4.2330E-01 -4.2330E-01  2.0081E+01  3.8385E+01 -1.8304E+01 -4.2330E-01
  2.4000E+01  4.0000E+00  0.0000E+00  1.3612E+01  0.0000E+00  3.3321E+01 -5.2507E-01 -5.2507E-01  1.3612E+01  3.3321E+01 -1.9709E+01 -5.2507E-01
  2.4000E+01  8.0000E+00  0.0000E+00  7.3308E+01  0.0000E+00  2.4765E+01  1.7400E+00  1.7400E+00  7.3308E+01  2.4765E+01  4.8543E+01  1.7400E+00
  2.4000E+01  2.4000E+01  0.0000E+00  1.2590E+00  0.0000E+00  7.5280E+00 -7.3924E-01 -7.3924E-01  1.2590E+00  7.5280E+00 -6.2690E+00 -7.3924E-01
  2.5000E+01  0.0000E+00  1.2500E+05  0.0000E+00  1.0000E+00  0.0000E+00  0.0000E+00  0.0000E+00  0.0000E+00  0.0000E+00  0.0000E+00  0.0000E+00
  2.5000E+01  6.4850E+02  0.0000E+00  7.4066E+01  0.0000E+00  3.4625E+01  1.0112E+00  1.0112E+00  7.4066E+01  3.4625E+01  3.9441E+01  1.0112E+00
  2.5000E+01  6.4900E+02  0.0000E+00  3.0944E+01  0.0000E+00  3.3859E+01 -7.6429E-02 -7.6429E-02  3.0944E+01  3.3859E+01 -2.9152E+00 -7.6429E-02
  2.5000E+01  6.5000E+02  0.0000E+00  6.1250E+00  0.0000E+00  3.1859E+01 -7.1704E-01 -7.1704E-01  6.1250E+00  3.1859E+01 -2.5734E+01 -7.1704E-01
  2.5000E+01  6.5200E+02  0.0000E+00  3.0089E+01  0.0000E+00  2.7622E+01  7.9288E-02  7.9288E-02  3.0089E+01  2.7622E+01  2.4671E+00  7.9288E-02
  2.5000E+01  6.5600E+02  0.0000E+00  8.4092E+01  0.0000E+00  2.0526E+01  2.7491E+00  2.7491E+00  8.4092E+01  2.0526E+01  6.3566E+01  2.7491E+00
  2.5000E+01  6.7200E+02  0.0000E+00  8.0090E+00  0.0000E+00  6.2394E+00  2.5176E-01  2.5176E-01  8.0090E+00  6.2394E+00  1.7696E+00  2.5176E-01
  2.6000E+01  0.0000E+00  1.2500E+05  0.0000E+00  1.0000E+00  0.0000E+00  0.0000E+00  0.0000E+00  0.0000E+00  0.0000E+00  0.0000E+00  0.0000E+00
  2.6000E+01  6.4850E+02  0.0000E+00  5.0296E+01  0.0000E+00  3.4625E+01  4.0178E-01  4.0178E-01  5.0296E+01  3.4625E+01  1.5671E+01  4.0178E-01
  2.6000E+01  6.4900E+02  0.0000E+00  1.4633E+02  0.0000E+00  3.3859E+01  2.9488E+00  2.9488E+00  1.4633E+02  3.3859E+01  1.1247E+02  2.9488E+00
  2.6000E+01  6.5000E+02  0.0000E+00  8.6660E+00  0.0000E+00  3.1859E+01 -6.4624E-01 -6.4624E-01  8.6660E+00  3.1859E+01 -2.3193E+01 -6.4624E-01
  2.6000E+01  6.5200E+02  0.0000E+00  3.1890E+01  0.0000E+00  2.7622E+01  1.3717E-01  1.3717E-01  3.1890E+01  2.7622E+01  4.2681E+00  1.3717E-01
  2.6000E+01  6.5600E+02  0.0000E+00  2.1724E+01  0.0000E+00  2.0526E+01  5.1805E-02  5.1805E-02  2.1724E+01  2.0526E+01  1.1979E+00  5.1805E-02
  2.6000E+01  6.7200E+02  0.0000E+00  2.5220E+00  0.0000E+00  6.2394E+00 -5.2889E-01 -5.2889E-01  2.5220E+00  6.2394E+00 -3.7174E+00 -5.2889E-01
  2.7000E+01  0.0000E+00  1.2500E+05  0.0000E+00  1.0000E+00  0.0000E+00  0.0000E+00  0.0000E+00  0.0000E+00  0.0000E+00  0.0000E+00  0.0000E+00
  2.7000E+01  6.4850E+02  0.0000E+00  2.1252E+02  0.0000E+00  3.4625E+01  4.5608E+00  4.5608E+00  2.1252E+02  3.4625E+01  1.7789E+02  4.5608E+00
  2.7000E+01  6.4900E+02  0.0000E+00  3.0835E+01  0.0000E+00  3.3859E+01 -7.9287E-02 -7.9287E-02  3.0835E+01  3.3859E+01 -3.0242E+00 -7.9287E-02
  2.7000E+01  6.5000E+02  0.0000E+00  1.4641E+02  0.0000E+00  3.1859E+01  3.1917E+00  3.1917E+00  1.4641E+02  3.1859E+01  1.1455E+02  3.1917E+00
  2.7000E+01  6.5200E+02  0.0000E+00  9.8230E+00  0.0000E+00  2.7622E+01 -5.7202E-01 -5.7202E-01  9.8230E+00  2.7622E+01 -1.7799E+01 -5.7202E-01
  2.7000E+01  6.5600E+02  0.0000E+00  3.2820E+01  0.0000E+00  2.0526E+01  5.3168E-01  5.3168E-01  3.2820E+01  2.0526E+01  1.2294E+01  5.3168E-01
  2.7000E+01  6.7200E+02  0.0000E+00  6.0010E+00  0.0000E+00  6.2394E+00 -3.3922E-02 -3.3922E-02  6.0010E+00  6.2394E+00 -2.3843E-01 -3.3922E-02
  2.8000E+01  0.0000E+00  2.5000E+05  0.0000E+00  1.0000E+00  0.0000E+00  0.0000E+00  0.0000E+00  0.0000E+00  0.0000E+00  0.0000E+00  0.0000E+00
  2.8000E+01  6.4850E+02  0.0000E+00  6.4244E+01  0.0000E+00  4.0005E+01  5.3785E-01  5.3785E-01  6.4244E+01  4.0005E+01  2.4239E+01  5.3785E-01
  2.8000E+01  6.4900E+02  0.0000E+00  3.7738E+01  0.0000E+00  3.9121E+01 -3.1380E-02 -3.1380E-02  3.7738E+01  3.9121E+01 -1.3829E+00 -3.1380E-02
  2.8000E+01  6.5000E+02  0.0000E+00  9.7220E+00  0.0000E+00  3.6810E+01 -6.5325E-01 -6.5325E-01  9.7220E+00  3.6810E+01 -2.7088E+01 -6.5325E-01
  2.8000E+01  6.5200E+02  0.0000E+00  2.0965E+01  0.0000E+00  3.1914E+01 -3.0456E-01 -3.0456E-01  2.0965E+01  3.1914E+01 -1.0949E+01 -3.0456E-01
  2.8000E+01  6.5600E+02  0.0000E+00  1.0345E+02  0.0000E+00  2.3716E+01  2.9845E+00  2.9845E+00  1.0345E+02  2.3716E+01  7.9734E+01  2.9845E+00
  2.8000E+01  6.7200E+02  0.0000E+00  2.1540E+00  0.0000E+00  7.2090E+00 -6.2247E-01 -6.2247E-01  2.1540E+00  7.2090E+00 -5.0550E+00 -6.2247E-01
  2.9000E+01  0.0000E+00  2.5000E+05  0.0000E+00  1.0000E+00  0.0000E+00  0.0000E+00  0.0000E+00  0.0000E+00  0.0000E+00  0.0000E+00  0.0000E+00
  2.9000E+01  6.4850E+02  0.0000E+00  1.4612E+02  0.0000E+00  4.0005E+01  2.3546E+00  2.3546E+00  1.4612E+02  4.0005E+01  1.0611E+02  2.3546E+00
  2.9000E+01  6.4900E+02  0.0000E+00  2.4291E+01  0.0000E+00  3.9121E+01 -3.3651E-01 -3.3651E-01  2.4291E+01  3.9121E+01 -1.4830E+01 -3.3651E-01
  2.9000E+01  6.5000E+02  0.0000E+00  2.4490E+01  0.0000E+00  3.6810E+01 -2.9711E-01 -2.9711E-01  2.4490E+01  3.6810E+01 -1.2320E+01 -2.9711E-01
  2.9000E+01  6.5200E+02  0.0000E+00  8.2620E+01  0.0000E+00  3.1914E+01  1.4104E+00  1.4104E+00  8.2620E+01  3.1914E+01  5.0706E+01  1.4104E+00
  2.9000E+01  6.5600E+02  0.0000E+00  5.3802E+01  0.0000E+00  2.3716E+01  1.1261E+00  1.1261E+00  5.3802E+01  2.3716E+01  3.0086E+01  1.1261E+00
  2.9000E+01  6.7200E+02  0.0000E+00  1.7604E+01  0.0000E+00  7.2090E+00  1.2800E+00  1.2800E+00  1.7604E+01  7.2090E+00  1.0395E+01  1.2800E+00
  3.0000E+01  0.0000E+00  2.5000E+05  0.0000E+00  1.0000E+00  0.0000E+00  0.0000E+00  0.0000E+00  0.0000E+00  0.0000E+00  0.0000E+00  0.0000E+00
  3.0000E+01  6.4850E+02  0.0000E+00  2.4478E+01  0.0000E+00  4.0005E+01 -3.4455E-01 -3.4455E-01  2.4478E+01  4.0005E+01 -1.5527E+01 -3.4455E-01
  3.0000E+01  6.4900E+02  0.0000E+00  4.3707E+01  0.0000E+00  3.9121E+01  1.0406E-01  1.0406E-01  4.3707E+01  3.9121E+01  4.5861E+00  1.0406E-01
  3.0000E+01  6.5000E+02  0.0000E+00  2.1750E+01  0.0000E+00  3.6810E+01 -3.6318E-01 -3.6318E-01  2.1750E+01  3.6810E+01 -1.5060E+01 -3.6318E-01
  3.0000E+01  6.5200E+02  0.0000E+00  7.7547E+01  0.0000E+00  3.1914E+01  1.2693E+00  1.2693E+00  7.7547E+01  3.1914E+01  4.5633E+01  1.2693E+00
  3.0000E+01  6.5600E+02  0.0000E+00  1.7104E+01  0.0000E+00  2.3716E+01 -2.4749E-01 -2.4749E-01  1.7104E+01  2.3716E+01 -6.6119E+00 -2.4749E-01
  3.0000E+01  6.7200E+02  0.0000E+00  1.4920E+00  0.0000E+00  7.2090E+00 -7.0398E-01 -7.0398E-01  1.4920E+00  7.2090E+00 -5.7170E+00 -7.0398E-01
  3.1000E+01  0.0000E+00  5.0000E+05  0.0000E+00  1.0000E+00  0.0000E+00  0.0000E+00  0.0000E+00  0.0000E+00  0.0000E+00  0.0000E+00  0.0000E+00
  3.1000E+01  6.4850E+02  0.0000E+00  1.4763E+02  0.0000E+00  5.0186E+01  1.7236E+00  1.7236E+00  1.4763E+02  5.0186E+01  9.7441E+01  1.7236E+00
  3.1000E+01  6.4900E+02  0.0000E+00  6.0196E+01  0.0000E+00  4.9076E+01  2.0113E-01  2.0113E-01  6.0196E+01  4.9076E+01  1.1120E+01  2.0113E-01
  3.1000E+01  6.5000E+02  0.0000E+00  4.5454E+01  0.0000E+00  4.6177E+01 -1.3906E-02 -1.3906E-02  4.5454E+01  4.6177E+01 -7.2339E-01 -1.3906E-02
  3.1000E+01  6.5200E+02  0.0000E+00  3.7415E+01  0.0000E+00  4.0036E+01 -5.8112E-02 -5.8112E-02  3.7415E+01  4.0036E+01 -2.6209E+00 -5.8112E-02
  3.1000E+01  6.5600E+02  0.0000E+00  2.0174E+02  0.0000E+00  2.9751E+01  5.1316E+00  5.1316E+00  2.0174E+02  2.9751E+01  1.7198E+02  5.1316E+00
  3.1000E+01  6.7200E+02  0.0000E+00  4.0700E+00  0.0000E+00  9.0436E+00 -4.8820E-01 -4.8820E-01  4.0700E+00  9.0436E+00 -4.9736E+00 -4.8820E-01
  3.2000E+01  0.0000E+00  5.0000E+05  0.0000E+00  1.0000E+00  0.0000E+00  0.0000E+00  0.0000E+00  0.0000E+00  0.0000E+00  0.0000E+00  0.0000E+00
  3.2000E+01  6.4850E+02  0.0000E+00  2.4420E+01  0.0000E+00  5.0186E+01 -4.5576E-01 -4.5576E-01  2.4420E+01  5.0186E+01 -2.5766E+01 -4.5576E-01
  3.2000E+01  6.4900E+02  0.0000E+00  4.5068E+01  0.0000E+00  4.9076E+01 -7.2505E-02 -7.2505E-02  4.5068E+01  4.9076E+01 -4.0084E+00 -7.2505E-02
  3.2000E+01  6.5000E+02  0.0000E+00  1.5002E+02  0.0000E+00  4.6177E+01  1.9963E+00  1.9963E+00  1.5002E+02  4.6177E+01  1.0385E+02  1.9963E+00
  3.2000E+01  6.5200E+02  0.0000E+00  8.7104E+01  0.0000E+00  4.0036E+01  1.0436E+00  1.0436E+00  8.7104E+01  4.0036E+01  4.7068E+01  1.0436E+00
  3.2000E+01  6.5600E+02  0.0000E+00  6.0706E+01  0.0000E+00  2.9751E+01  9.2362E-01  9.2362E-01  6.0706E+01  2.9751E+01  3.0955E+01  9.2362E-01
  3.2000E+01  6.7200E+02  0.0000E+00  2.8840E+01  0.0000E+00  9.0436E+00  1.9432E+00  1.9432E+00  2.8840E+01  9.0436E+00  1.9796E+01  1.9432E+00
  3.3000E+01  0.0000E+00  5.0000E+05  0.0000E+00  1.0000E+00  0.0000E+00  0.0000E+00  0.0000E+00  0.0000E+00  0.0000E+00  0.0000E+00  0.0000E+00
  3.3000E+01  6.4850E+02  0.0000E+00  9.8501E+01  0.0000E+00  5.0186E+01  8.5461E-01  8.5461E-01  9.8501E+01  5.0186E+01  4.8315E+01  8.5461E-01
  3.3000E+01  6.4900E+02  0.0000E+00  5.3954E+01  0.0000E+00  4.9076E+01  8.8227E-02  8.8227E-02  5.3954E+01  4.9076E+01  4.8776E+00  8.8227E-02
  3.3000E+01  6.5000E+02  0.0000E+00  6.4530E+01  0.0000E+00  4.6177E+01  3.5281E-01  3.5281E-01  6.4530E+01  4.6177E+01  1.8353E+01  3.5281E-01
  3.3000E+01  6.5200E+02  0.0000E+00  1.3317E+02  0.0000E+00  4.0036E+01  2.0651E+00  2.0651E+00  1.3317E+02  4.0036E+01  9.3136E+01  2.0651E+00
  3.3000E+01  6.5600E+02  0.0000E+00  3.9382E+01  0.0000E+00  2.9751E+01  2.8736E-01  2.8736E-01  3.9382E+01  2.9751E+01  9.6309E+00  2.8736E-01
  3.3000E+01  6.7200E+02  0.0000E+00  3.0098E+01  0.0000E+00  9.0436E+00  2.0667E+00  2.0667E+00  3.0098E+01  9.0436E+00  2.1054E+01  2.0667E+00
  3.4000E+01  0.0000E+00  1.2500E+05  0.0000E+00  1.0000E+00  0.0000E+00  0.0000E+00  0.0000E+00  0.0000E+00  0.0000E+00  0.0000E+00  0.0000E+00
  3.4000E+01  6.4850E+02  0.0000E+00  3.5010E+01  0.0000E+00  3.4625E+01  9.8792E-03  9.8792E-03  3.5010E+01  3.4625E+01  3.8534E-01  9.8792E-03
  3.4000E+01  6.4900E+02  0.0000E+00  5.0250E+00  0.0000E+00  3.3859E+01 -7.5596E-01 -7.5596E-01  5.0250E+00  3.3859E+01 -2.8834E+01 -7.5596E-01
  3.4000E+01  6.5000E+02  0.0000E+00  0.0000E+00  1.0000E+00  3.1859E+01  0.0000E+00 -8.8771E-01  0.0000E+00  3.1859E+01  0.0000E+00  0.0000E+00
  3.4000E+01  6.5200E+02  0.0000E+00  6.2690E+00  0.0000E+00  2.7622E+01 -6.8623E-01 -6.8623E-01  6.2690E+00  2.7622E+01 -2.1353E+01 -6.8623E-01
  3.4000E+01  6.5600E+02  0.0000E+00  3.5510E+00  0.0000E+00  2.0526E+01 -7.3413E-01 -7.3413E-01  3.5510E+00  2.0526E+01 -1.6975E+01 -7.3413E-01
  3.4000E+01  6.7200E+02  0.0000E+00  6.0000E-01  0.0000E+00  6.2394E+00 -8.0234E-01 -8.0234E-01  6.0000E-01  6.2394E+00 -5.6394E+00 -8.0234E-01
  3.5000E+01  0.0000E+00  1.2500E+05  0.0000E+00  1.0000E+00  0.0000E+00  0.0000E+00  0.0000E+00  0.0000E+00  0.0000E+00  0.0000E+00  0.0000E+00
  3.5000E+01  6.4850E+02  0.0000E+00  2.1542E+01  0.0000E+00  3.4625E+01 -3.3541E-01 -3.3541E-01  2.1542E+01  3.4625E+01 -1.3083E+01 -3.3541E-01
  3.5000E+01  6.4900E+02  0.0000E+00  8.6120E+00  0.0000E+00  3.3859E+01 -6.6192E-01 -6.6192E-01  8.6120E+00  3.3859E+01 -2.5247E+01 -6.6192E-01
  3.5000E+01  6.5000E+02  0.0000E+00  6.8900E+00  0.0000E+00  3.1859E+01 -6.9573E-01 -6.9573E-01  6.8900E+00  3.1859E+01 -2.4969E+01 -6.9573E-01
  3.5000E+01  6.5200E+02  0.0000E+00  2.5340E+00  0.0000E+00  2.7622E+01 -8.0627E-01 -8.0627E-01  2.5340E+00  2.7622E+01 -2.5088E+01 -8.0627E-01
  3.5000E+01  6.5600E+02  0.0000E+00  5.9780E+00  0.0000E+00  2.0526E+01 -6.2917E-01 -6.2917E-01  5.9780E+00  2.0526E+01 -1.4548E+01 -6.2917E-01
  3.5000E+01  6.7200E+02  0.0000E+00  6.0000E-01  0.0000E+00  6.2394E+00 -8.0234E-01 -8.0234E-01  6.0000E-01  6.2394E+00 -5.6394E+00 -8.0234E-01
  3.6000E+01  0.0000E+00  1.2500E+05  0.0000E+00  1.0000E+00  0.0000E+00  0.0000E+00  0.0000E+00  0.0000E+00  0.0000E+00  0.0000E+00  0.0000E+00
  3.6000E+01  6.4850E+02  0.0000E+00  3.4776E+01  0.0000E+00  3.4625E+01  3.8799E-03  3.8799E-03  3.4776E+01  3.4625E+01  1.5134E-01  3.8799E-03
  3.6000E+01  6.4900E+02  0.0000E+00  1.3631E+01  0.0000E+00  3.3859E+01 -5.3033E-01 -5.3033E-01  1.3631E+01  3.3859E+01 -2.0228E+01 -5.3033E-01
  3.6000E+01  6.5000E+02  0.0000E+00  4.0710E+00  0.0000E+00  3.1859E+01 -7.7427E-01 -7.7427E-01  4.0710E+00  3.1859E+01 -2.7788E+01 -7.7427E-01
  3.6000E+01  6.5200E+02  0.0000E+00  4.7670E+00  0.0000E+00  2.7622E+01 -7.3451E-01 -7.3451E-01  4.7670E+00  2.7622E+01 -2.2855E+01 -7.3451E-01
  3.6000E+01  6.5600E+02  0.0000E+00  5.2920E+00  0.0000E+00  2.0526E+01 -6.5884E-01 -6.5884E-01  5.2920E+00  2.0526E+01 -1.5234E+01 -6.5884E-01
  3.6000E+01  6.7200E+02  0.0000E+00  6.0000E-01  0.0000E+00  6.2394E+00 -8.0234E-01 -8.0234E-01  6.0000E-01  6.2394E+00 -5.6394E+00 -8.0234E-01
  3.7000E+01  0.0000E+00  2.5000E+05  0.0000E+00  1.0000E+00  0.0000E+00  0.0000E+00  0.0000E+00  0.0000E+00  0.0000E+00  0.0000E+00  0.0000E+00
  3.7000E+01  6.4850E+02  0.0000E+00  2.8486E+01  0.0000E+00  4.0005E+01 -2.5561E-01 -2.5561E-01  2.8486E+01  4.0005E+01 -1.1519E+01 -2.5561E-01
  3.7000E+01  6.4900E+02  0.0000E+00  1.1131E+01  0.0000E+00  3.9121E+01 -6.3513E-01 -6.3513E-01  1.1131E+01  3.9121E+01 -2.7990E+01 -6.3513E-01
  3.7000E+01  6.5000E+02  0.0000E+00  1.5256E+01  0.0000E+00  3.6810E+01 -5.1979E-01 -5.1979E-01  1.5256E+01  3.6810E+01 -2.1554E+01 -5.1979E-01
  3.7000E+01  6.5200E+02  0.0000E+00  1.0727E+01  0.0000E+00  3.1914E+01 -5.8933E-01 -5.8933E-01  1.0727E+01  3.1914E+01 -2.1187E+01 -5.8933E-01
  3.7000E+01  6.5600E+02  0.0000E+00  4.5780E+00  0.0000E+00  2.3716E+01 -7.1635E-01 -7.1635E-01  4.5780E+00  2.3716E+01 -1.9138E+01 -7.1635E-01
  3.7000E+01  6.7200E+02  0.0000E+00  1.0060E+00  0.0000E+00  7.2090E+00 -7.6383E-01 -7.6383E-01  1.0060E+00  7.2090E+00 -6.2030E+00 -7.6383E-01
  3.8000E+01  0.0000E+00  2.5000E+05  0.0000E+00  1.0000E+00  0.0000E+00  0.0000E+00  0.0000E+00  0.0000E+00  0.0000E+00  0.0000E+00  0.0000E+00
  3.8000E+01  6.4850E+02  0.0000E+00  3.0100E+01  0.0000E+00  4.0005E+01 -2.1980E-01 -2.1980E-01  3.0100E+01  4.0005E+01 -9.9053E+00 -2.1980E-01
  3.8000E+01  6.4900E+02  0.0000E+00  2.6832E+01  0.0000E+00  3.9121E+01 -2.7885E-01 -2.7885E-01  2.6832E+01  3.9121E+01 -1.2289E+01 -2.7885E-01
  3.8000E+01  6.5000E+02  0.0000E+00  1.0962E+01  0.0000E+00  3.6810E+01 -6.2335E-01 -6.2335E-01  1.0962E+01  3.6810E+01 -2.5848E+01 -6.2335E-01
  3.8000E+01  6.5200E+02  0.0000E+00  1.5374E+01  0.0000E+00  3.1914E+01 -4.6007E-01 -4.6007E-01  1.5374E+01  3.1914E+01 -1.6540E+01 -4.6007E-01
  3.8000E+01  6.5600E+02  0.0000E+00  1.1924E+01  0.0000E+00  2.3716E+01 -4.4138E-01 -4.4138E-01  1.1924E+01  2.3716E+01 -1.1792E+01 -4.4138E-01
  3.8000E+01  6.7200E+02  0.0000E+00  2.0360E+00  0.0000E+00  7.2090E+00 -6.3700E-01 -6.3700E-01  2.0360E+00  7.2090E+00 -5.1730E+00 -6.3700E-01
  3.9000E+01  0.0000E+00  2.5000E+05  0.0000E+00  1.0000E+00  0.0000E+00  0.0000E+00  0.0000E+00  0.0000E+00  0.0000E+00  0.0000E+00  0.0000E+00
  3.9000E+01  6.4850E+02  0.0000E+00  4.0823E+01  0.0000E+00  4.0005E+01  1.8144E-02  1.8144E-02  4.0823E+01  4.0005E+01  8.1768E-01  1.8144E-02
  3.9000E+01  6.4900E+02  0.0000E+00  1.4413E+01  0.0000E+00  3.9121E+01 -5.6066E-01 -5.6066E-01  1.4413E+01  3.9121E+01 -2.4708E+01 -5.6066E-01
  3.9000E+01  6.5000E+02  0.0000E+00  1.2523E+01  0.0000E+00  3.6810E+01 -5.8570E-01 -5.8570E-01  1.2523E+01  3.6810E+01 -2.4287E+01 -5.8570E-01
  3.9000E+01  6.5200E+02  0.0000E+00  1.5130E+01  0.0000E+00  3.1914E+01 -4.6686E-01 -4.6686E-01  1.5130E+01  3.1914E+01 -1.6784E+01 -4.6686E-01
  3.9000E+01  6.5600E+02  0.0000E+00  5.8410E+00  0.0000E+00  2.3716E+01 -6.6907E-01 -6.6907E-01  5.8410E+00  2.3716E+01 -1.7875E+01 -6.6907E-01
  3.9000E+01  6.7200E+02  0.0000E+00  1.7660E+00  0.0000E+00  7.2090E+00 -6.7024E-01 -6.7024E-01  1.7660E+00  7.2090E+00 -5.4430E+00 -6.7024E-01
  4.0000E+01  0.0000E+00  5.0000E+05  0.0000E+00  1.0000E+00  0.0000E+00  0.0000E+00  0.0000E+00  0.0000E+00  0.0000E+00  0.0000E+00  0.0000E+00
  4.0000E+01  6.4850E+02  0.0000E+00  4.5391E+01  0.0000E+00  5.0186E+01 -8.4814E-02 -8.4814E-02  4.5391E+01  5.0186E+01 -4.7949E+00 -8.4814E-02
  4.0000E+01  6.4900E+02  0.0000E+00  3.4480E+01  0.0000E+00  4.9076E+01 -2.6402E-01 -2.6402E-01  3.4480E+01  4.9076E+01 -1.4596E+01 -2.6402E-01
  4.0000E+01  6.5000E+02  0.0000E+00  1.3880E+01  0.0000E+00  4.6177E+01 -6.2088E-01 -6.2088E-01  1.3880E+01  4.6177E+01 -3.2297E+01 -6.2088E-01
  4.0000E+01  6.5200E+02  0.0000E+00  2.0645E+01  0.0000E+00  4.0036E+01 -4.2995E-01 -4.2995E-01  2.0645E+01  4.0036E+01 -1.9391E+01 -4.2995E-01
  4.0000E+01  6.5600E+02  0.0000E+00  4.6133E+01  0.0000E+00  2.9751E+01  4.8880E-01  4.8880E-01  4.6133E+01  2.9751E+01  1.6382E+01  4.8880E-01
  4.0000E+01  6.7200E+02  0.0000E+00  9.7100E-01  0.0000E+00  9.0436E+00 -7.9239E-01 -7.9239E-01  9.7100E-01  9.0436E+00 -8.0726E+00 -7.9239E-01
  4.1000E+01  0.0000E+00  5.0000E+05  0.0000E+00  1.0000E+00  0.0000E+00  0.0000E+00  0.0000E+00  0.0000E+00  0.0000E+00  0.0000E+00  0.0000E+00
  4.1000E+01  6.4850E+02  0.0000E+00  6.4231E+01  0.0000E+00  5.0186E+01  2.4843E-01  2.4843E-01  6.4231E+01  5.0186E+01  1.4045E+01  2.4843E-01
  4.1000E+01  6.4900E+02  0.0000E+00  2.8485E+01  0.0000E+00  4.9076E+01 -3.7246E-01 -3.7246E-01  2.8485E+01  4.9076E+01 -2.0591E+01 -3.7246E-01
  4.1000E+01  6.5000E+02  0.0000E+00  9.4640E+00  0.0000E+00  4.6177E+01 -7.0577E-01 -7.0577E-01  9.4640E+00  4.6177E+01 -3.6713E+01 -7.0577E-01
  4.1000E+01  6.5200E+02  0.0000E+00  3.0919E+01  0.0000E+00  4.0036E+01 -2.0215E-01 -2.0215E-01  3.0919E+01  4.0036E+01 -9.1169E+00 -2.0215E-01
  4.1000E+01  6.5600E+02  0.0000E+00  2.5956E+01  0.0000E+00  2.9751E+01 -1.1324E-01 -1.1324E-01  2.5956E+01  2.9751E+01 -3.7951E+00 -1.1324E-01
  4.1000E+01  6.7200E+02  0.0000E+00  6.0000E-01  0.0000E+00  9.0436E+00 -8.2881E-01 -8.2881E-01  6.0000E-01  9.0436E+00 -8.4436E+00 -8.2881E-01
  4.2000E+01  0.0000E+00  5.0000E+05  0.0000E+00  1.0000E+00  0.0000E+00  0.0000E+00  0.0000E+00  0.0000E+00  0.0000E+00  0.0000E+00  0.0000E+00
  4.2000E+01  6.4850E+02  0.0000E+00  4.0872E+01  0.0000E+00  5.0186E+01 -1.6475E-01 -1.6475E-01  4.0872E+01  5.0186E+01 -9.3139E+00 -1.6475E-01
  4.2000E+01  6.4900E+02  0.0000E+00  1.4567E+01  0.0000E+00  4.9076E+01 -6.2421E-01 -6.2421E-01  1.4567E+01  4.9076E+01 -3.4509E+01 -6.2421E-01
  4.2000E+01  6.5000E+02  0.0000E+00  3.1051E+01  0.0000E+00  4.6177E+01 -2.9079E-01 -2.9079E-01  3.1051E+01  4.6177E+01 -1.5126E+01 -2.9079E-01
  4.2000E+01  6.5200E+02  0.0000E+00  1.0596E+01  0.0000E+00  4.0036E+01 -6.5276E-01 -6.5276E-01  1.0596E+01  4.0036E+01 -2.9440E+01 -6.5276E-01
  4.2000E+01  6.5600E+02  0.0000E+00  1.9287E+01  0.0000E+00  2.9751E+01 -3.1223E-01 -3.1223E-01  1.9287E+01  2.9751E+01 -1.0464E+01 -3.1223E-01
  4.2000E+01  6.7200E+02  0.0000E+00  6.0000E-01  0.0000E+00  9.0436E+00 -8.2881E-01 -8.2881E-01  6.0000E-01  9.0436E+00 -8.4436E+00 -8.2881E-01
  4.3000E+01  0.0000E+00  3.0000E+05  0.0000E+00  1.0000E+00  0.0000E+00  0.0000E+00  0.0000E+00  0.0000E+00  0.0000E+00  0.0000E+00  0.0000E+00
  4.3000E+01  0.0000E+00  0.0000E+00  0.0000E+00  0.0000E+00  0.0000E+00  0.0000E+00  0.0000E+00  0.0000E+00  0.0000E+00  0.0000E+00  0.0000E+00
  4.3000E+01  5.0000E-01  0.0000E+00  1.3907E+02  0.0000E+00  3.4764E+01  2.6635E+00  2.6635E+00  1.3907E+02  3.4764E+01  1.0431E+02  2.6635E+00
  4.3000E+01  1.0000E+00  0.0000E+00  5.9990E+01  0.0000E+00  3.4101E+01  6.7395E-01  6.7395E-01  5.9990E+01  3.4101E+01  2.5889E+01  6.7395E-01
  4.3000E+01  2.0000E+00  0.0000E+00  3.9920E+01  0.0000E+00  3.2175E+01  2.1367E-01  2.1367E-01  3.9920E+01  3.2175E+01  7.7447E+00  2.1367E-01
  4.3000E+01  4.0000E+00  0.0000E+00  2.2690E+01  0.0000E+00  2.7931E+01 -1.6656E-01 -1.6656E-01  2.2690E+01  2.7931E+01 -5.2407E+00 -1.6656E-01
  4.3000E+01  8.0000E+00  0.0000E+00  3.2950E+01  0.0000E+00  2.0759E+01  5.2132E-01  5.2132E-01  3.2950E+01  2.0759E+01  1.2191E+01  5.2132E-01
  4.4000E+01  0.0000E+00  3.0000E+05  0.0000E+00  1.0000E+00  0.0000E+00  0.0000E+00  0.0000E+00  0.0000E+00  0.0000E+00  0.0000E+00  0.0000E+00
  4.4000E+01  0.0000E+00  0.0000E+00  0.0000E+00  0.0000E+00  0.0000E+00  0.0000E+00  0.0000E+00  0.0000E+00  0.0000E+00  0.0000E+00  0.0000E+00
  4.4000E+01  5.0000E-01  0.0000E+00  7.3190E+01  0.0000E+00  3.4764E+01  9.8122E-01  9.8122E-01  7.3190E+01  3.4764E+01  3.8426E+01  9.8122E-01
  4.4000E+01  1.0000E+00  0.0000E+00  3.4490E+01  0.0000E+00  3.4101E+01  1.0135E-02  1.0135E-02  3.4490E+01  3.4101E+01  3.8931E-01  1.0135E-02
  4.4000E+01  2.0000E+00  0.0000E+00  3.0340E+01  0.0000E+00  3.2175E+01 -5.0636E-02 -5.0636E-02  3.0340E+01  3.2175E+01 -1.8353E+00 -5.0636E-02
  4.4000E+01  4.0000E+00  0.0000E+00  1.1700E+01  0.0000E+00  2.7931E+01 -5.1585E-01 -5.1585E-01  1.1700E+01  2.7931E+01 -1.6231E+01 -5.1585E-01
  4.4000E+01  8.0000E+00  0.0000E+00  2.7960E+01  0.0000E+00  2.0759E+01  3.0793E-01  3.0793E-01  2.7960E+01  2.0759E+01  7.2010E+00  3.0793E-01
  4.5000E+01  0.0000E+00  3.0000E+05  0.0000E+00  1.0000E+00  0.0000E+00  0.0000E+00  0.0000E+00  0.0000E+00  0.0000E+00  0.0000E+00  0.0000E+00
  4.5000E+01  0.0000E+00  0.0000E+00  0.0000E+00  0.0000E+00  0.0000E+00  0.0000E+00  0.0000E+00  0.0000E+00  0.0000E+00  0.0000E+00  0.0000E+00
  4.5000E+01  5.0000E-01  0.0000E+00  4.8070E+01  0.0000E+00  3.4764E+01  3.3978E-01  3.3978E-01  4.8070E+01  3.4764E+01  1.3306E+01  3.3978E-01
  4.5000E+01  1.0000E+00  0.0000E+00  4.1740E+01  0.0000E+00  3.4101E+01  1.9887E-01  1.9887E-01  4.1740E+01  3.4101E+01  7.6393E+00  1.9887E-01
  4.5000E+01  2.0000E+00  0.0000E+00  2.8020E+01  0.0000E+00  3.2175E+01 -1.1464E-01 -1.1464E-01  2.8020E+01  3.2175E+01 -4.1553E+00 -1.1464E-01
  4.5000E+01  4.0000E+00  0.0000E+00  1.6530E+01  0.0000E+00  2.7931E+01 -3.6234E-01 -3.6234E-01  1.6530E+01  2.7931E+01 -1.1401E+01 -3.6234E-01
  4.5000E+01  8.0000E+00  0.0000E+00  1.3990E+01  0.0000E+00  2.0759E+01 -2.8946E-01 -2.8946E-01  1.3990E+01  2.0759E+01 -6.7690E+00 -2.8946E-01
  4.6000E+01  0.0000E+00  8.0000E+05  0.0000E+00  1.0000E+00  0.0000E+00  0.0000E+00  0.0000E+00  0.0000E+00  0.0000E+00  0.0000E+00  0.0000E+00
  4.6000E+01  0.0000E+00  0.0000E+00  0.0000E+00  0.0000E+00  0.0000E+00  0.0000E+00  0.0000E+00  0.0000E+00  0.0000E+00  0.0000E+00  0.0000E+00
  4.6000E+01  5.0000E-01  0.0000E+00  7.8270E+01  0.0000E+00  5.1433E+01  4.6318E-01  4.6318E-01  7.8270E+01  5.1433E+01  2.6837E+01  4.6318E-01
  4.6000E+01  1.0000E+00  0.0000E+00  7.9700E+01  0.0000E+00  5.0452E+01  5.1462E-01  5.1462E-01  7.9700E+01  5.0452E+01  2.9248E+01  5.1462E-01
  4.6000E+01  2.0000E+00  0.0000E+00  4.3450E+01  0.0000E+00  4.7604E+01 -7.7456E-02 -7.7456E-02  4.3450E+01  4.7604E+01 -4.1536E+00 -7.7456E-02
  4.6000E+01  4.0000E+00  0.0000E+00  4.6070E+01  0.0000E+00  4.1324E+01  1.0196E-01  1.0196E-01  4.6070E+01  4.1324E+01  4.7463E+00  1.0196E-01
  4.6000E+01  8.0000E+00  0.0000E+00  8.2900E+01  0.0000E+00  3.0713E+01  1.5084E+00  1.5084E+00  8.2900E+01  3.0713E+01  5.2187E+01  1.5084E+00
  4.7000E+01  0.0000E+00  8.0000E+05  0.0000E+00  1.0000E+00  0.0000E+00  0.0000E+00  0.0000E+00  0.0000E+00  0.0000E+00  0.0000E+00  0.0000E+00
  4.7000E+01  0.0000E+00  0.0000E+00  0.0000E+00  0.0000E+00  0.0000E+00  0.0000E+00  0.0000E+00  0.0000E+00  0.0000E+00  0.0000E+00  0.0000E+00
  4.7000E+01  5.0000E-01  0.0000E+00  5.4280E+01  0.0000E+00  5.1433E+01  4.9131E-02  4.9131E-02  5.4280E+01  5.1433E+01  2.8466E+00  4.9131E-02
  4.7000E+01  1.0000E+00  0.0000E+00  1.3120E+01  0.0000E+00  5.0452E+01 -6.5686E-01 -6.5686E-01  1.3120E+01  5.0452E+01 -3.7332E+01 -6.5686E-01
  4.7000E+01  2.0000E+00  0.0000E+00  6.8020E+01  0.0000E+00  4.7604E+01  3.8072E-01  3.8072E-01  6.8020E+01  4.7604E+01  2.0416E+01  3.8072E-01
  4.7000E+01  4.0000E+00  0.0000E+00  5.8220E+01  0.0000E+00  4.1324E+01  3.6296E-01  3.6296E-01  5.8220E+01  4.1324E+01  1.6896E+01  3.6296E-01
  4.7000E+01  8.0000E+00  0.0000E+00  3.2920E+01  0.0000E+00  3.0713E+01  6.3789E-02  6.3789E-02  3.2920E+01  3.0713E+01  2.2070E+00  6.3789E-02
  4.8000E+01  0.0000E+00  8.0000E+05  0.0000E+00  1.0000E+00  0.0000E+00  0.0000E+00  0.0000E+00  0.0000E+00  0.0000E+00  0.0000E+00  0.0000E+00
  4.8000E+01  0.0000E+00  0.0000E+00  0.0000E+00  0.0000E+00  0.0000E+00  0.0000E+00  0.0000E+00  0.0000E+00  0.0000E+00  0.0000E+00  0.0000E+00
  4.8000E+01  5.0000E-01  0.0000E+00  3.6880E+01  0.0000E+00  5.1433E+01 -2.5118E-01 -2.5118E-01  3.6880E+01  5.1433E+01 -1.4553E+01 -2.5118E-01
  4.8000E+01  1.0000E+00  0.0000E+00  7.5550E+01  0.0000E+00  5.0452E+01  4.4160E-01  4.4160E-01  7.5550E+01  5.0452E+01  2.5098E+01  4.4160E-01
  4.8000E+01  2.0000E+00  0.0000E+00  4.8520E+01  0.0000E+00  4.7604E+01  1.7089E-02  1.7089E-02  4.8520E+01  4.7604E+01  9.1641E-01  1.7089E-02
  4.8000E+01  4.0000E+00  0.0000E+00  4.8470E+01  0.0000E+00  4.1324E+01  1.5352E-01  1.5352E-01  4.8470E+01  4.1324E+01  7.1463E+00  1.5352E-01
  4.8000E+01  8.0000E+00  0.0000E+00  1.6480E+01  0.0000E+00  3.0713E+01 -4.1138E-01 -4.1138E-01  1.6480E+01  3.0713E+01 -1.4233E+01 -4.1138E-01
  4.9000E+01  0.0000E+00  1.5000E+06  0.0000E+00  1.0000E+00  0.0000E+00  0.0000E+00  0.0000E+00  0.0000E+00  0.0000E+00  0.0000E+00  0.0000E+00
  4.9000E+01  0.0000E+00  0.0000E+00  0.0000E+00  0.0000E+00  0.0000E+00  0.0000E+00  0.0000E+00  0.0000E+00  0.0000E+00  0.0000E+00  0.0000E+00
  4.9000E+01  5.0000E-01  0.0000E+00  8.4140E+01  0.0000E+00  7.4579E+01  1.1381E-01  1.1381E-01  8.4140E+01  7.4579E+01  9.5614E+00  1.1381E-01
  4.9000E+01  1.0000E+00  0.0000E+00  5.6530E+01  0.0000E+00  7.3156E+01 -2.0175E-01 -2.0175E-01  5.6530E+01  7.3156E+01 -1.6626E+01 -2.0175E-01
  4.9000E+01  2.0000E+00  0.0000E+00  3.9120E+01  0.0000E+00  6.9025E+01 -3.8460E-01 -3.8460E-01  3.9120E+01  6.9025E+01 -2.9905E+01 -3.8460E-01
  4.9000E+01  4.0000E+00  0.0000E+00  3.1620E+01  0.0000E+00  5.9919E+01 -4.1926E-01 -4.1926E-01  3.1620E+01  5.9919E+01 -2.8299E+01 -4.1926E-01
  4.9000E+01  8.0000E+00  0.0000E+00  2.3630E+01  0.0000E+00  4.4534E+01 -4.1668E-01 -4.1668E-01  2.3630E+01  4.4534E+01 -2.0904E+01 -4.1668E-01
  5.0000E+01  0.0000E+00  1.5000E+06  0.0000E+00  1.0000E+00  0.0000E+00  0.0000E+00  0.0000E+00  0.0000E+00  0.0000E+00  0.0000E+00  0.0000E+00
  5.0000E+01  0.0000E+00  0.0000E+00  0.0000E+00  0.0000E+00  0.0000E+00  0.0000E+00  0.0000E+00  0.0000E+00  0.0000E+00  0.0000E+00  0.0000E+00
  5.0000E+01  5.0000E-01  0.0000E+00  1.3535E+02  0.0000E+00  7.4579E+01  7.2336E-01  7.2336E-01  1.3535E+02  7.4579E+01  6.0771E+01  7.2336E-01
  5.0000E+01  1.0000E+00  0.0000E+00  1.8297E+02  0.0000E+00  7.3156E+01  1.3325E+00  1.3325E+00  1.8297E+02  7.3156E+01  1.0981E+02  1.3325E+00
  5.0000E+01  2.0000E+00  0.0000E+00  5.5430E+01  0.0000E+00  6.9025E+01 -1.7484E-01 -1.7484E-01  5.5430E+01  6.9025E+01 -1.3595E+01 -1.7484E-01
  5.0000E+01  4.0000E+00  0.0000E+00  7.1500E+01  0.0000E+00  5.9919E+01  1.7157E-01  1.7157E-01  7.1500E+01  5.9919E+01  1.1581E+01  1.7157E-01
  5.0000E+01  8.0000E+00  0.0000E+00  1.0810E+02  0.0000E+00  4.4534E+01  1.2671E+00  1.2671E+00  1.0810E+02  4.4534E+01  6.3566E+01  1.2671E+00
  5.1000E+01  0.0000E+00  1.5000E+06  0.0000E+00  1.0000E+00  0.0000E+00  0.0000E+00  0.0000E+00  0.0000E+00  0.0000E+00  0.0000E+00  0.0000E+00
  5.1000E+01  0.0000E+00  0.0000E+00  0.0000E+00  0.0000E+00  0.0000E+00  0.0000E+00  0.0000E+00  0.0000E+00  0.0000E+00  0.0000E+00  0.0000E+00
  5.1000E+01  5.0000E-01  0.0000E+00  6.1340E+01  0.0000E+00  7.4579E+01 -1.5758E-01 -1.5758E-01  6.1340E+01  7.4579E+01 -1.3239E+01 -1.5758E-01
  5.1000E+01  2.0000E+00  0.0000E+00  6.0580E+01  0.0000E+00  6.9025E+01 -1.0861E-01 -1.0861E-01  6.0580E+01  6.9025E+01 -8.4454E+00 -1.0861E-01
  5.1000E+01  4.0000E+00  0.0000E+00  5.8890E+01  0.0000E+00  5.9919E+01 -1.5252E-02 -1.5252E-02  5.8890E+01  5.9919E+01 -1.0295E+00 -1.5252E-02
  5.1000E+01  8.0000E+00  0.0000E+00  7.5560E+01  0.0000E+00  4.4534E+01  6.1845E-01  6.1845E-01  7.5560E+01  4.4534E+01  3.1026E+01  6.1845E-01
  5.2000E+01  0.0000E+00  3.0000E+05  0.0000E+00  1.0000E+00  0.0000E+00  0.0000E+00  0.0000E+00  0.0000E+00  0.0000E+00  0.0000E+00  0.0000E+00
  5.2000E+01  0.0000E+00  0.0000E+00  0.0000E+00  0.0000E+00  0.0000E+00  0.0000E+00  0.0000E+00  0.0000E+00  0.0000E+00  0.0000E+00  0.0000E+00
  5.2000E+01  5.0000E-01  0.0000E+00  4.9570E+01  0.0000E+00  3.4764E+01  3.7808E-01  3.7808E-01  4.9570E+01  3.4764E+01  1.4806E+01  3.7808E-01
  5.2000E+01  1.0000E+00  0.0000E+00  1.3940E+01  0.0000E+00  3.4101E+01 -5.2482E-01 -5.2482E-01  1.3940E+01  3.4101E+01 -2.0161E+01 -5.2482E-01
  5.2000E+01  2.0000E+00  0.0000E+00  3.3956E+02  0.0000E+00  3.2175E+01  8.4806E+00  8.4806E+00  3.3956E+02  3.2175E+01  3.0738E+02  8.4806E+00
  5.2000E+01  4.0000E+00  0.0000E+00  1.5160E+01  0.0000E+00  2.7931E+01 -4.0588E-01 -4.0588E-01  1.5160E+01  2.7931E+01 -1.2771E+01 -4.0588E-01
  5.2000E+01  8.0000E+00  0.0000E+00  2.4800E+00  0.0000E+00  2.0759E+01 -7.8165E-01 -7.8165E-01  2.4800E+00  2.0759E+01 -1.8279E+01 -7.8165E-01
  5.3000E+01  0.0000E+00  3.0000E+05  0.0000E+00  1.0000E+00  0.0000E+00  0.0000E+00  0.0000E+00  0.0000E+00  0.0000E+00  0.0000E+00  0.0000E+00
  5.3000E+01  0.0000E+00  0.0000E+00  0.0000E+00  0.0000E+00  0.0000E+00  0.0000E+00  0.0000E+00  0.0000E+00  0.0000E+00  0.0000E+00  0.0000E+00
  5.3000E+01  5.0000E-01  0.0000E+00  2.7510E+01  0.0000E+00  3.4764E+01 -1.8523E-01 -1.8523E-01  2.7510E+01  3.4764E+01 -7.2539E+00 -1.8523E-01
  5.3000E+01  1.0000E+00  0.0000E+00  2.4070E+01  0.0000E+00  3.4101E+01 -2.6112E-01 -2.6112E-01  2.4070E+01  3.4101E+01 -1.0031E+01 -2.6112E-01
  5.3000E+01  2.0000E+00  0.0000E+00  3.0780E+01  0.0000E+00  3.2175E+01 -3.8497E-02 -3.8497E-02  3.0780E+01  3.2175E+01 -1.3953E+00 -3.8497E-02
  5.3000E+01  4.0000E+00  0.0000E+00  6.7200E+00  0.0000E+00  2.7931E+01 -6.7413E-01 -6.7413E-01  6.7200E+00  2.7931E+01 -2.1211E+01 -6.7413E-01
  5.3000E+01  8.0000E+00  0.0000E+00  1.2390E+01  0.0000E+00  2.0759E+01 -3.5788E-01 -3.5788E-01  1.2390E+01  2.0759E+01 -8.3690E+00 -3.5788E-01
  5.4000E+01  0.0000E+00  3.0000E+05  0.0000E+00  1.0000E+00  0.0000E+00  0.0000E+00  0.0000E+00  0.0000E+00  0.0000E+00  0.0000E+00  0.0000E+00
  5.4000E+01  0.0000E+00  0.0000E+00  0.0000E+00  0.0000E+00  0.0000E+00  0.0000E+00  0.0000E+00  0.0000E+00  0.0000E+00  0.0000E+00  0.0000E+00
  5.4000E+01  5.0000E-01  0.0000E+00  1.0359E+02  0.0000E+00  3.4764E+01  1.7575E+00  1.7575E+00  1.0359E+02  3.4764E+01  6.8826E+01  1.7575E+00
  5.4000E+01  1.0000E+00  0.0000E+00  3.2890E+01  0.0000E+00  3.4101E+01 -3.1516E-02 -3.1516E-02  3.2890E+01  3.4101E+01 -1.2107E+00 -3.1516E-02
  5.4000E+01  2.0000E+00  0.0000E+00  1.9000E+01  0.0000E+00  3.2175E+01 -3.6350E-01 -3.6350E-01  1.9000E+01  3.2175E+01 -1.3175E+01 -3.6350E-01
  5.4000E+01  4.0000E+00  0.0000E+00  1.3240E+01  0.0000E+00  2.7931E+01 -4.6691E-01 -4.6691E-01  1.3240E+01  2.7931E+01 -1.4691E+01 -4.6691E-01
  5.4000E+01  8.0000E+00  0.0000E+00  9.3200E+00  0.0000E+00  2.0759E+01 -4.8916E-01 -4.8916E-01  9.3200E+00  2.0759E+01 -1.1439E+01 -4.8916E-01
  5.5000E+01  0.0000E+00  8.0000E+05  0.0000E+00  1.0000E+00  0.0000E+00  0.0000E+00  0.0000E+00  0.0000E+00  0.0000E+00  0.0000E+00  0.0000E+00
  5.5000E+01  0.0000E+00  0.0000E+00  0.0000E+00  0.0000E+00  0.0000E+00  0.0000E+00  0.0000E+00  0.0000E+00  0.0000E+00  0.0000E+00  0.0000E+00
  5.5000E+01  5.0000E-01  0.0000E+00  3.1770E+01  0.0000E+00  5.1433E+01 -3.3938E-01 -3.3938E-01  3.1770E+01  5.1433E+01 -1.9663E+01 -3.3938E-01
  5.5000E+01  1.0000E+00  0.0000E+00  8.0990E+01  0.0000E+00  5.0452E+01  5.3731E-01  5.3731E-01  8.0990E+01  5.0452E+01  3.0538E+01  5.3731E-01
  5.5000E+01  2.0000E+00  0.0000E+00  5.5610E+01  0.0000E+00  4.7604E+01  1.4930E-01  1.4930E-01  5.5610E+01  4.7604E+01  8.0064E+00  1.4930E-01
  5.5000E+01  4.0000E+00  0.0000E+00  2.5940E+01  0.0000E+00  4.1324E+01 -3.3047E-01 -3.3047E-01  2.5940E+01  4.1324E+01 -1.5384E+01 -3.3047E-01
  5.5000E+01  8.0000E+00  0.0000E+00  1.3110E+01  0.0000E+00  3.0713E+01 -5.0878E-01 -5.0878E-01  1.3110E+01  3.0713E+01 -1.7603E+01 -5.0878E-01
  5.6000E+01  0.0000E+00  8.0000E+05  0.0000E+00  1.0000E+00  0.0000E+00  0.0000E+00  0.0000E+00  0.0000E+00  0.0000E+00  0.0000E+00  0.0000E+00
  5.6000E+01  0.0000E+00  0.0000E+00  0.0000E+00  0.0000E+00  0.0000E+00  0.0000E+00  0.0000E+00  0.0000E+00  0.0000E+00  0.0000E+00  0.0000E+00
  5.6000E+01  5.0000E-01  0.0000E+00  4.6710E+01  0.0000E+00  5.1433E+01 -8.1522E-02 -8.1522E-02  4.6710E+01  5.1433E+01 -4.7234E+00 -8.1522E-02
  5.6000E+01  1.0000E+00  0.0000E+00  4.6190E+01  0.0000E+00  5.0452E+01 -7.4993E-02 -7.4993E-02  4.6190E+01  5.0452E+01 -4.2622E+00 -7.4993E-02
  5.6000E+01  2.0000E+00  0.0000E+00  5.1680E+01  0.0000E+00  4.7604E+01  7.6016E-02  7.6016E-02  5.1680E+01  4.7604E+01  4.0764E+00  7.6016E-02
  5.6000E+01  4.0000E+00  0.0000E+00  1.1530E+01  0.0000E+00  4.1324E+01 -6.4002E-01 -6.4002E-01  1.1530E+01  4.1324E+01 -2.9794E+01 -6.4002E-01
  5.6000E+01  8.0000E+00  0.0000E+00  1.9600E+00  0.0000E+00  3.0713E+01 -8.3106E-01 -8.3106E-01  1.9600E+00  3.0713E+01 -2.8753E+01 -8.3106E-01
  5.7000E+01  0.0000E+00  8.0000E+05  0.0000E+00  1.0000E+00  0.0000E+00  0.0000E+00  0.0000E+00  0.0000E+00  0.0000E+00  0.0000E+00  0.0000E+00
  5.7000E+01  0.0000E+00  0.0000E+00  0.0000E+00  0.0000E+00  0.0000E+00  0.0000E+00  0.0000E+00  0.0000E+00  0.0000E+00  0.0000E+00  0.0000E+00
  5.7000E+01  5.0000E-01  0.0000E+00  4.0780E+01  0.0000E+00  5.1433E+01 -1.8387E-01 -1.8387E-01  4.0780E+01  5.1433E+01 -1.0653E+01 -1.8387E-01
  5.7000E+01  2.0000E+00  0.0000E+00  3.0770E+01  0.0000E+00  4.7604E+01 -3.1391E-01 -3.1391E-01  3.0770E+01  4.7604E+01 -1.6834E+01 -3.1391E-01
  5.7000E+01  4.0000E+00  0.0000E+00  1.5530E+01  0.0000E+00  4.1324E+01 -5.5409E-01 -5.5409E-01  1.5530E+01  4.1324E+01 -2.5794E+01 -5.5409E-01
  5.7000E+01  8.0000E+00  0.0000E+00  2.6800E+00  0.0000E+00  3.0713E+01 -8.1025E-01 -8.1025E-01  2.6800E+00  3.0713E+01 -2.8033E+01 -8.1025E-01
  5.8000E+01  0.0000E+00  1.5000E+06  0.0000E+00  1.0000E+00  0.0000E+00  0.0000E+00  0.0000E+00  0.0000E+00  0.0000E+00  0.0000E+00  0.0000E+00
  5.8000E+01  0.0000E+00  0.0000E+00  0.0000E+00  0.0000E+00  0.0000E+00  0.0000E+00  0.0000E+00  0.0000E+00  0.0000E+00  0.0000E+00  0.0000E+00
  5.8000E+01  5.0000E-01  0.0000E+00  3.6030E+01  0.0000E+00  7.4579E+01 -4.5884E-01 -4.5884E-01  3.6030E+01  7.4579E+01 -3.8549E+01 -4.5884E-01
  5.8000E+01  1.0000E+00  0.0000E+00  8.2800E+01  0.0000E+00  7.3156E+01  1.1703E-01  1.1703E-01  8.2800E+01  7.3156E+01  9.6442E+00  1.1703E-01
  5.8000E+01  2.0000E+00  0.0000E+00  7.7570E+01  0.0000E+00  6.9025E+01  1.0989E-01  1.0989E-01  7.7570E+01  6.9025E+01  8.5446E+00  1.0989E-01
  5.8000E+01  4.0000E+00  0.0000E+00  2.7970E+01  0.0000E+00  5.9919E+01 -4.7333E-01 -4.7333E-01  2.7970E+01  5.9919E+01 -3.1949E+01 -4.7333E-01
  5.8000E+01  8.0000E+00  0.0000E+00  3.5900E+01  0.0000E+00  4.4534E+01 -1.7210E-01 -1.7210E-01  3.5900E+01  4.4534E+01 -8.6340E+00 -1.7210E-01
  5.9000E+01  0.0000E+00  1.5000E+06  0.0000E+00  1.0000E+00  0.0000E+00  0.0000E+00  0.0000E+00  0.0000E+00  0.0000E+00  0.0000E+00  0.0000E+00
  5.9000E+01  0.0000E+00  0.0000E+00  0.0000E+00  0.0000E+00  0.0000E+00  0.0000E+00  0.0000E+00  0.0000E+00  0.0000E+00  0.0000E+00  0.0000E+00
  5.9000E+01  5.0000E-01  0.0000E+00  4.2590E+01  0.0000E+00  7.4579E+01 -3.8076E-01 -3.8076E-01  4.2590E+01  7.4579E+01 -3.1989E+01 -3.8076E-01
  5.9000E+01  1.0000E+00  0.0000E+00  4.7080E+01  0.0000E+00  7.3156E+01 -3.1642E-01 -3.1642E-01  4.7080E+01  7.3156E+01 -2.6076E+01 -3.1642E-01
  5.9000E+01  2.0000E+00  0.0000E+00  4.2174E+02  0.0000E+00  6.9025E+01  4.5361E+00  4.5361E+00  4.2174E+02  6.9025E+01  3.5271E+02  4.5361E+00
  5.9000E+01  4.0000E+00  0.0000E+00  1.5740E+01  0.0000E+00  5.9919E+01 -6.5452E-01 -6.5452E-01  1.5740E+01  5.9919E+01 -4.4179E+01 -6.5452E-01
  5.9000E+01  8.0000E+00  0.0000E+00  1.7100E+00  0.0000E+00  4.4534E+01 -8.5362E-01 -8.5362E-01  1.7100E+00  4.4534E+01 -4.2824E+01 -8.5362E-01
  6.0000E+01  0.0000E+00  1.5000E+06  0.0000E+00  1.0000E+00  0.0000E+00  0.0000E+00  0.0000E+00  0.0000E+00  0.0000E+00  0.0000E+00  0.0000E+00
  6.0000E+01  0.0000E+00  0.0000E+00  0.0000E+00  0.0000E+00  0.0000E+00  0.0000E+00  0.0000E+00  0.0000E+00  0.0000E+00  0.0000E+00  0.0000E+00
  6.0000E+01  5.0000E-01  0.0000E+00  8.6410E+01  0.0000E+00  7.4579E+01  1.4083E-01  1.4083E-01  8.6410E+01  7.4579E+01  1.1831E+01  1.4083E-01
  6.0000E+01  1.0000E+00  0.0000E+00  4.2610E+01  0.0000E+00  7.3156E+01 -3.7066E-01 -3.7066E-01  4.2610E+01  7.3156E+01 -3.0546E+01 -3.7066E-01
  6.0000E+01  2.0000E+00  0.0000E+00  1.2697E+02  0.0000E+00  6.9025E+01  7.4520E-01  7.4520E-01  1.2697E+02  6.9025E+01  5.7945E+01  7.4520E-01
  6.0000E+01  4.0000E+00  0.0000E+00  1.7930E+01  0.0000E+00  5.9919E+01 -6.2207E-01 -6.2207E-01  1.7930E+01  5.9919E+01 -4.1989E+01 -6.2207E-01
  6.0000E+01  8.0000E+00  0.0000E+00  9.4500E+00  0.0000E+00  4.4534E+01 -6.9934E-01 -6.9934E-01  9.4500E+00  4.4534E+01 -3.5084E+01 -6.9934E-01
  6.1000E+01  0.0000E+00  3.0000E+05  0.0000E+00  1.0000E+00  0.0000E+00  0.0000E+00  0.0000E+00  0.0000E+00  0.0000E+00  0.0000E+00  0.0000E+00
  6.1000E+01  6.4850E+02  0.0000E+00  1.4589E+02  0.0000E+00  4.2068E+01  2.1908E+00  2.1908E+00  1.4589E+02  4.2068E+01  1.0382E+02  2.1908E+00
  6.1000E+01  6.4900E+02  0.0000E+00  7.6000E+01  0.0000E+00  4.1138E+01  7.5229E-01  7.5229E-01  7.6000E+01  4.1138E+01  3.4862E+01  7.5229E-01
  6.1000E+01  6.5000E+02  0.0000E+00  4.3800E+01  0.0000E+00  3.8708E+01  1.1679E-01  1.1679E-01  4.3800E+01  3.8708E+01  5.0924E+00  1.1679E-01
  6.1000E+01  6.5200E+02  0.0000E+00  2.3990E+01  0.0000E+00  3.3560E+01 -2.5313E-01 -2.5313E-01  2.3990E+01  3.3560E+01 -9.5695E+00 -2.5313E-01
  6.1000E+01  6.5600E+02  0.0000E+00  3.9490E+01  0.0000E+00  2.4938E+01  5.1797E-01  5.1797E-01  3.9490E+01  2.4938E+01  1.4552E+01  5.1797E-01
  6.2000E+01  0.0000E+00  3.0000E+05  0.0000E+00  1.0000E+00  0.0000E+00  0.0000E+00  0.0000E+00  0.0000E+00  0.0000E+00  0.0000E+00  0.0000E+00
  6.2000E+01  6.4850E+02  0.0000E+00  5.1150E+01  0.0000E+00  4.2068E+01  1.9165E-01  1.9165E-01  5.1150E+01  4.2068E+01  9.0824E+00  1.9165E-01
  6.2000E+01  6.4900E+02  0.0000E+00  3.5010E+01  0.0000E+00  4.1138E+01 -1.3223E-01 -1.3223E-01  3.5010E+01  4.1138E+01 -6.1276E+00 -1.3223E-01
  6.2000E+01  6.5000E+02  0.0000E+00  1.9830E+01  0.0000E+00  3.8708E+01 -4.3293E-01 -4.3293E-01  1.9830E+01  3.8708E+01 -1.8878E+01 -4.3293E-01
  6.2000E+01  6.5200E+02  0.0000E+00  1.3470E+01  0.0000E+00  3.3560E+01 -5.3140E-01 -5.3140E-01  1.3470E+01  3.3560E+01 -2.0090E+01 -5.3140E-01
  6.2000E+01  6.5600E+02  0.0000E+00  1.7880E+01  0.0000E+00  2.4938E+01 -2.5125E-01 -2.5125E-01  1.7880E+01  2.4938E+01 -7.0585E+00 -2.5125E-01
  6.3000E+01  0.0000E+00  3.0000E+05  0.0000E+00  1.0000E+00  0.0000E+00  0.0000E+00  0.0000E+00  0.0000E+00  0.0000E+00  0.0000E+00  0.0000E+00
  6.3000E+01  6.4850E+02  0.0000E+00  1.4626E+02  0.0000E+00  4.2068E+01  2.1987E+00  2.1987E+00  1.4626E+02  4.2068E+01  1.0419E+02  2.1987E+00
  6.3000E+01  6.4900E+02  0.0000E+00  1.2381E+02  0.0000E+00  4.1138E+01  1.7840E+00  1.7840E+00  1.2381E+02  4.1138E+01  8.2672E+01  1.7840E+00
  6.3000E+01  6.5000E+02  0.0000E+00  9.0630E+01  0.0000E+00  3.8708E+01  1.1908E+00  1.1908E+00  9.0630E+01  3.8708E+01  5.1922E+01  1.1908E+00
  6.3000E+01  6.5200E+02  0.0000E+00  1.6710E+01  0.0000E+00  3.3560E+01 -4.4570E-01 -4.4570E-01  1.6710E+01  3.3560E+01 -1.6850E+01 -4.4570E-01
  6.3000E+01  6.5600E+02  0.0000E+00  7.8900E+00  0.0000E+00  2.4938E+01 -6.0685E-01 -6.0685E-01  7.8900E+00  2.4938E+01 -1.7048E+01 -6.0685E-01
  6.4000E+01  0.0000E+00  8.0000E+05  0.0000E+00  1.0000E+00  0.0000E+00  0.0000E+00  0.0000E+00  0.0000E+00  0.0000E+00  0.0000E+00  0.0000E+00
  6.4000E+01  6.4850E+02  0.0000E+00  1.2051E+02  0.0000E+00  6.2239E+01  8.3110E-01  8.3110E-01  1.2051E+02  6.2239E+01  5.8271E+01  8.3110E-01
  6.4000E+01  6.4900E+02  0.0000E+00  1.8588E+02  0.0000E+00  6.0863E+01  1.8234E+00  1.8234E+00  1.8588E+02  6.0863E+01  1.2502E+02  1.8234E+00
  6.4000E+01  6.5000E+02  0.0000E+00  3.2050E+01  0.0000E+00  5.7268E+01 -3.9090E-01 -3.9090E-01  3.2050E+01  5.7268E+01 -2.5218E+01 -3.9090E-01
  6.4000E+01  6.5200E+02  0.0000E+00  1.0842E+02  0.0000E+00  4.9652E+01  1.0507E+00  1.0507E+00  1.0842E+02  4.9652E+01  5.8768E+01  1.0507E+00
  6.4000E+01  6.5600E+02  0.0000E+00  1.3920E+02  0.0000E+00  3.6897E+01  2.4613E+00  2.4613E+00  1.3920E+02  3.6897E+01  1.0230E+02  2.4613E+00
  6.5000E+01  0.0000E+00  8.0000E+05  0.0000E+00  1.0000E+00  0.0000E+00  0.0000E+00  0.0000E+00  0.0000E+00  0.0000E+00  0.0000E+00  0.0000E+00
  6.5000E+01  6.4850E+02  0.0000E+00  7.7650E+01  0.0000E+00  6.2239E+01  2.1980E-01  2.1980E-01  7.7650E+01  6.2239E+01  1.5411E+01  2.1980E-01
  6.5000E+01  6.4900E+02  0.0000E+00  4.5050E+01  0.0000E+00  6.0863E+01 -2.3064E-01 -2.3064E-01  4.5050E+01  6.0863E+01 -1.5813E+01 -2.3064E-01
  6.5000E+01  6.5000E+02  0.0000E+00  4.5490E+01  0.0000E+00  5.7268E+01 -1.8257E-01 -1.8257E-01  4.5490E+01  5.7268E+01 -1.1778E+01 -1.8257E-01
  6.5000E+01  6.5200E+02  0.0000E+00  8.0010E+01  0.0000E+00  4.9652E+01  5.4277E-01  5.4277E-01  8.0010E+01  4.9652E+01  3.0358E+01  5.4277E-01
  6.5000E+01  6.5600E+02  0.0000E+00  7.9040E+01  0.0000E+00  3.6897E+01  1.0139E+00  1.0139E+00  7.9040E+01  3.6897E+01  4.2143E+01  1.0139E+00
  6.6000E+01  0.0000E+00  8.0000E+05  0.0000E+00  1.0000E+00  0.0000E+00  0.0000E+00  0.0000E+00  0.0000E+00  0.0000E+00  0.0000E+00  0.0000E+00
  6.6000E+01  6.4850E+02  0.0000E+00  1.1616E+02  0.0000E+00  6.2239E+01  7.6906E-01  7.6906E-01  1.1616E+02  6.2239E+01  5.3921E+01  7.6906E-01
  6.6000E+01  6.4900E+02  0.0000E+00  8.3740E+01  0.0000E+00  6.0863E+01  3.3366E-01  3.3366E-01  8.3740E+01  6.0863E+01  2.2877E+01  3.3366E-01
  6.6000E+01  6.5000E+02  0.0000E+00  8.9320E+01  0.0000E+00  5.7268E+01  4.9683E-01  4.9683E-01  8.9320E+01  5.7268E+01  3.2052E+01  4.9683E-01
  6.6000E+01  6.5200E+02  0.0000E+00  8.4270E+01  0.0000E+00  4.9652E+01  6.1893E-01  6.1893E-01  8.4270E+01  4.9652E+01  3.4618E+01  6.1893E-01
  6.6000E+01  6.5600E+02  0.0000E+00  1.4300E+01  0.0000E+00  3.6897E+01 -5.4366E-01 -5.4366E-01  1.4300E+01  3.6897E+01 -2.2597E+01 -5.4366E-01
  6.7000E+01  0.0000E+00  1.5000E+06  0.0000E+00  1.0000E+00  0.0000E+00  0.0000E+00  0.0000E+00  0.0000E+00  0.0000E+00  0.0000E+00  0.0000E+00
  6.7000E+01  6.4850E+02  0.0000E+00  5.2270E+01  0.0000E+00  9.0247E+01 -3.7356E-01 -3.7356E-01  5.2270E+01  9.0247E+01 -3.7977E+01 -3.7356E-01
  6.7000E+01  6.4900E+02  0.0000E+00  5.2440E+01  0.0000E+00  8.8252E+01 -3.6023E-01 -3.6023E-01  5.2440E+01  8.8252E+01 -3.5812E+01 -3.6023E-01
  6.7000E+01  6.5000E+02  0.0000E+00  3.1880E+01  0.0000E+00  8.3039E+01 -5.4690E-01 -5.4690E-01  3.1880E+01  8.3039E+01 -5.1159E+01 -5.4690E-01
  6.7000E+01  6.5200E+02  0.0000E+00  1.6970E+01  0.0000E+00  7.1995E+01 -6.7846E-01 -6.7846E-01  1.6970E+01  7.1995E+01 -5.5025E+01 -6.7846E-01
  6.7000E+01  6.5600E+02  0.0000E+00  1.1908E+02  0.0000E+00  5.3500E+01  1.0881E+00  1.0881E+00  1.1908E+02  5.3500E+01  6.5580E+01  1.0881E+00
  6.8000E+01  0.0000E+00  1.5000E+06  0.0000E+00  1.0000E+00  0.0000E+00  0.0000E+00  0.0000E+00  0.0000E+00  0.0000E+00  0.0000E+00  0.0000E+00
  6.8000E+01  6.4850E+02  0.0000E+00  1.9869E+02  0.0000E+00  9.0247E+01  1.0667E+00  1.0667E+00  1.9869E+02  9.0247E+01  1.0844E+02  1.0667E+00
  6.8000E+01  6.4900E+02  0.0000E+00  9.8040E+01  0.0000E+00  8.8252E+01  9.8454E-02  9.8454E-02  9.8040E+01  8.8252E+01  9.7879E+00  9.8454E-02
  6.8000E+01  6.5000E+02  0.0000E+00  4.2910E+01  0.0000E+00  8.3039E+01 -4.2899E-01 -4.2899E-01  4.2910E+01  8.3039E+01 -4.0129E+01 -4.2899E-01
  6.8000E+01  6.5200E+02  0.0000E+00  9.0750E+01  0.0000E+00  7.1995E+01  2.3125E-01  2.3125E-01  9.0750E+01  7.1995E+01  1.8755E+01  2.3125E-01
  6.8000E+01  6.5600E+02  0.0000E+00  3.6010E+01  0.0000E+00  5.3500E+01 -2.9021E-01 -2.9021E-01  3.6010E+01  5.3500E+01 -1.7490E+01 -2.9021E-01
  6.9000E+01  0.0000E+00  1.5000E+06  0.0000E+00  1.0000E+00  0.0000E+00  0.0000E+00  0.0000E+00  0.0000E+00  0.0000E+00  0.0000E+00  0.0000E+00
  6.9000E+01  6.4850E+02  0.0000E+00  9.0160E+01  0.0000E+00  9.0247E+01 -8.5816E-04 -8.5816E-04  9.0160E+01  9.0247E+01 -8.7243E-02 -8.5816E-04
  6.9000E+01  6.4900E+02  0.0000E+00  6.9290E+01  0.0000E+00  8.8252E+01 -1.9074E-01 -1.9074E-01  6.9290E+01  8.8252E+01 -1.8962E+01 -1.9074E-01
  6.9000E+01  6.5000E+02  0.0000E+00  1.0651E+02  0.0000E+00  8.3039E+01  2.5091E-01  2.5091E-01  1.0651E+02  8.3039E+01  2.3471E+01  2.5091E-01
  6.9000E+01  6.5200E+02  0.0000E+00  4.1830E+01  0.0000E+00  7.1995E+01 -3.7194E-01 -3.7194E-01  4.1830E+01  7.1995E+01 -3.0165E+01 -3.7194E-01
  6.9000E+01  6.5600E+02  0.0000E+00  1.7757E+02  0.0000E+00  5.3500E+01  2.0586E+00  2.0586E+00  1.7757E+02  5.3500E+01  1.2407E+02  2.0586E+00
  7.0000E+01  0.0000E+00  3.0000E+05  0.0000E+00  1.0000E+00  0.0000E+00  0.0000E+00  0.0000E+00  0.0000E+00  0.0000E+00  0.0000E+00  0.0000E+00
  7.0000E+01  6.4850E+02  0.0000E+00  4.8230E+01  0.0000E+00  4.2068E+01  1.3004E-01  1.3004E-01  4.8230E+01  4.2068E+01  6.1624E+00  1.3004E-01
  7.0000E+01  6.4900E+02  0.0000E+00  4.4410E+01  0.0000E+00  4.1138E+01  7.0614E-02  7.0614E-02  4.4410E+01  4.1138E+01  3.2724E+00  7.0614E-02
  7.0000E+01  6.5000E+02  0.0000E+00  1.5100E+01  0.0000E+00  3.8708E+01 -5.4141E-01 -5.4141E-01  1.5100E+01  3.8708E+01 -2.3608E+01 -5.4141E-01
  7.0000E+01  6.5200E+02  0.0000E+00  1.2460E+01  0.0000E+00  3.3560E+01 -5.5812E-01 -5.5812E-01  1.2460E+01  3.3560E+01 -2.1100E+01 -5.5812E-01
  7.0000E+01  6.5600E+02  0.0000E+00  3.7700E+00  0.0000E+00  2.4938E+01 -7.5351E-01 -7.5351E-01  3.7700E+00  2.4938E+01 -2.1168E+01 -7.5351E-01
  7.1000E+01  0.0000E+00  3.0000E+05  0.0000E+00  1.0000E+00  0.0000E+00  0.0000E+00  0.0000E+00  0.0000E+00  0.0000E+00  0.0000E+00  0.0000E+00
  7.1000E+01  6.4850E+02  0.0000E+00  4.7400E+00  0.0000E+00  4.2068E+01 -7.8768E-01 -7.8768E-01  4.7400E+00  4.2068E+01 -3.7328E+01 -7.8768E-01
  7.1000E+01  6.4900E+02  0.0000E+00  2.5070E+01  0.0000E+00  4.1138E+01 -3.4672E-01 -3.4672E-01  2.5070E+01  4.1138E+01 -1.6068E+01 -3.4672E-01
  7.1000E+01  6.5000E+02  0.0000E+00  2.1560E+01  0.0000E+00  3.8708E+01 -3.9326E-01 -3.9326E-01  2.1560E+01  3.8708E+01 -1.7148E+01 -3.9326E-01
  7.1000E+01  6.5200E+02  0.0000E+00  1.0875E+02  0.0000E+00  3.3560E+01  1.9889E+00  1.9889E+00  1.0875E+02  3.3560E+01  7.5190E+01  1.9889E+00
  7.1000E+01  6.5600E+02  0.0000E+00  7.8300E+00  0.0000E+00  2.4938E+01 -6.0899E-01 -6.0899E-01  7.8300E+00  2.4938E+01 -1.7108E+01 -6.0899E-01
  7.2000E+01  0.0000E+00  3.0000E+05  0.0000E+00  1.0000E+00  0.0000E+00  0.0000E+00  0.0000E+00  0.0000E+00  0.0000E+00  0.0000E+00  0.0000E+00
  7.2000E+01  6.4850E+02  0.0000E+00  4.0010E+01  0.0000E+00  4.2068E+01 -4.3420E-02 -4.3420E-02  4.0010E+01  4.2068E+01 -2.0576E+00 -4.3420E-02
  7.2000E+01  6.4900E+02  0.0000E+00  3.8130E+01  0.0000E+00  4.1138E+01 -6.4902E-02 -6.4902E-02  3.8130E+01  4.1138E+01 -3.0076E+00 -6.4902E-02
  7.2000E+01  6.5000E+02  0.0000E+00  1.8120E+01  0.0000E+00  3.8708E+01 -4.7215E-01 -4.7215E-01  1.8120E+01  3.8708E+01 -2.0588E+01 -4.7215E-01
  7.2000E+01  6.5200E+02  0.0000E+00  3.1290E+01  0.0000E+00  3.3560E+01 -6.0033E-02 -6.0033E-02  3.1290E+01  3.3560E+01 -2.2695E+00 -6.0033E-02
  7.2000E+01  6.5600E+02  0.0000E+00  0.0000E+00  1.0000E+00  2.4938E+01  0.0000E+00 -8.8771E-01  0.0000E+00  2.4938E+01  0.0000E+00  0.0000E+00
  7.3000E+01  0.0000E+00  8.0000E+05  0.0000E+00  1.0000E+00  0.0000E+00  0.0000E+00  0.0000E+00  0.0000E+00  0.0000E+00  0.0000E+00  0.0000E+00
  7.3000E+01  6.4850E+02  0.0000E+00  3.0150E+01  0.0000E+00  6.2239E+01 -4.5768E-01 -4.5768E-01  3.0150E+01  6.2239E+01 -3.2089E+01 -4.5768E-01
  7.3000E+01  6.4900E+02  0.0000E+00  2.0340E+01  0.0000E+00  6.0863E+01 -5.9104E-01 -5.9104E-01  2.0340E+01  6.0863E+01 -4.0523E+01 -5.9104E-01
  7.3000E+01  6.5000E+02  0.0000E+00  2.7190E+01  0.0000E+00  5.7268E+01 -4.6624E-01 -4.6624E-01  2.7190E+01  5.7268E+01 -3.0078E+01 -4.6624E-01
  7.3000E+01  6.5200E+02  0.0000E+00  2.9340E+01  0.0000E+00  4.9652E+01 -3.6314E-01 -3.6314E-01  2.9340E+01  4.9652E+01 -2.0312E+01 -3.6314E-01
  7.3000E+01  6.5600E+02  0.0000E+00  2.7043E+02  0.0000E+00  3.6897E+01  5.6186E+00  5.6186E+00  2.7043E+02  3.6897E+01  2.3353E+02  5.6186E+00
  7.4000E+01  0.0000E+00  8.0000E+05  0.0000E+00  1.0000E+00  0.0000E+00  0.0000E+00  0.0000E+00  0.0000E+00  0.0000E+00  0.0000E+00  0.0000E+00
  7.4000E+01  6.4850E+02  0.0000E+00  4.4480E+01  0.0000E+00  6.2239E+01 -2.5330E-01 -2.5330E-01  4.4480E+01  6.2239E+01 -1.7759E+01 -2.5330E-01
  7.4000E+01  6.4900E+02  0.0000E+00  3.2670E+01  0.0000E+00  6.0863E+01 -4.1121E-01 -4.1121E-01  3.2670E+01  6.0863E+01 -2.8193E+01 -4.1121E-01
  7.4000E+01  6.5000E+02  0.0000E+00  3.5680E+01  0.0000E+00  5.7268E+01 -3.3463E-01 -3.3463E-01  3.5680E+01  5.7268E+01 -2.1588E+01 -3.3463E-01
  7.4000E+01  6.5200E+02  0.0000E+00  7.8190E+01  0.0000E+00  4.9652E+01  5.1023E-01  5.1023E-01  7.8190E+01  4.9652E+01  2.8538E+01  5.1023E-01
  7.4000E+01  6.5600E+02  0.0000E+00  1.9850E+01  0.0000E+00  3.6897E+01 -4.1013E-01 -4.1013E-01  1.9850E+01  3.6897E+01 -1.7047E+01 -4.1013E-01
  7.5000E+01  0.0000E+00  8.0000E+05  0.0000E+00  1.0000E+00  0.0000E+00  0.0000E+00  0.0000E+00  0.0000E+00  0.0000E+00  0.0000E+00  0.0000E+00
  7.5000E+01  6.4850E+02  0.0000E+00  3.7640E+01  0.0000E+00  6.2239E+01 -3.5085E-01 -3.5085E-01  3.7640E+01  6.2239E+01 -2.4599E+01 -3.5085E-01
  7.5000E+01  6.4900E+02  0.0000E+00  2.4660E+01  0.0000E+00  6.0863E+01 -5.2803E-01 -5.2803E-01  2.4660E+01  6.0863E+01 -3.6203E+01 -5.2803E-01
  7.5000E+01  6.5000E+02  0.0000E+00  3.5940E+01  0.0000E+00  5.7268E+01 -3.3060E-01 -3.3060E-01  3.5940E+01  5.7268E+01 -2.1328E+01 -3.3060E-01
  7.5000E+01  6.5200E+02  0.0000E+00  2.2230E+01  0.0000E+00  4.9652E+01 -4.9026E-01 -4.9026E-01  2.2230E+01  4.9652E+01 -2.7422E+01 -4.9026E-01
  7.5000E+01  6.5600E+02  0.0000E+00  2.6360E+01  0.0000E+00  3.6897E+01 -2.5350E-01 -2.5350E-01  2.6360E+01  3.6897E+01 -1.0537E+01 -2.5350E-01
  7.6000E+01  0.0000E+00  1.5000E+06  0.0000E+00  1.0000E+00  0.0000E+00  0.0000E+00  0.0000E+00  0.0000E+00  0.0000E+00  0.0000E+00  0.0000E+00
  7.6000E+01  6.4850E+02  0.0000E+00  9.5200E+01  0.0000E+00  9.0247E+01  4.8717E-02  4.8717E-02  9.5200E+01  9.0247E+01  4.9528E+00  4.8717E-02
  7.6000E+01  6.4900E+02  0.0000E+00  3.6960E+01  0.0000E+00  8.8252E+01 -5.1593E-01 -5.1593E-01  3.6960E+01  8.8252E+01 -5.1292E+01 -5.1593E-01
  7.6000E+01  6.5000E+02  0.0000E+00  3.4510E+01  0.0000E+00  8.3039E+01 -5.1879E-01 -5.1879E-01  3.4510E+01  8.3039E+01 -4.8529E+01 -5.1879E-01
  7.6000E+01  6.5200E+02  0.0000E+00  2.3330E+01  0.0000E+00  7.1995E+01 -6.0004E-01 -6.0004E-01  2.3330E+01  7.1995E+01 -4.8665E+01 -6.0004E-01
  7.6000E+01  6.5600E+02  0.0000E+00  2.9500E+00  0.0000E+00  5.3500E+01 -8.3876E-01 -8.3876E-01  2.9500E+00  5.3500E+01 -5.0550E+01 -8.3876E-01
  7.7000E+01  0.0000E+00  1.5000E+06  0.0000E+00  1.0000E+00  0.0000E+00  0.0000E+00  0.0000E+00  0.0000E+00  0.0000E+00  0.0000E+00  0.0000E+00
  7.7000E+01  6.4850E+02  0.0000E+00  5.6520E+01  0.0000E+00  9.0247E+01 -3.3175E-01 -3.3175E-01  5.6520E+01  9.0247E+01 -3.3727E+01 -3.3175E-01
  7.7000E+01  6.4900E+02  0.0000E+00  2.6100E+01  0.0000E+00  8.8252E+01 -6.2517E-01 -6.2517E-01  2.6100E+01  8.8252E+01 -6.2152E+01 -6.2517E-01
  7.7000E+01  6.5000E+02  0.0000E+00  1.9064E+02  0.0000E+00  8.3039E+01  1.1503E+00  1.1503E+00  1.9064E+02  8.3039E+01  1.0760E+02  1.1503E+00
  7.7000E+01  6.5200E+02  0.0000E+00  1.5290E+01  0.0000E+00  7.1995E+01 -6.9918E-01 -6.9918E-01  1.5290E+01  7.1995E+01 -5.6705E+01 -6.9918E-01
  7.7000E+01  6.5600E+02  0.0000E+00  3.0470E+01  0.0000E+00  5.3500E+01 -3.8213E-01 -3.8213E-01  3.0470E+01  5.3500E+01 -2.3030E+01 -3.8213E-01
  7.8000E+01  0.0000E+00  1.5000E+06  0.0000E+00  1.0000E+00  0.0000E+00  0.0000E+00  0.0000E+00  0.0000E+00  0.0000E+00  0.0000E+00  0.0000E+00
  7.8000E+01  6.4850E+02  0.0000E+00  3.3560E+01  0.0000E+00  9.0247E+01 -5.5760E-01 -5.5760E-01  3.3560E+01  9.0247E+01 -5.6687E+01 -5.5760E-01
  7.8000E+01  6.4900E+02  0.0000E+00  4.7270E+01  0.0000E+00  8.8252E+01 -4.1223E-01 -4.1223E-01  4.7270E+01  8.8252E+01 -4.0982E+01 -4.1223E-01
  7.8000E+01  6.5000E+02  0.0000E+00  7.8640E+01  0.0000E+00  8.3039E+01 -4.7025E-02 -4.7025E-02  7.8640E+01  8.3039E+01 -4.3989E+00 -4.7025E-02
  7.8000E+01  6.5200E+02  0.0000E+00  6.9680E+01  0.0000E+00  7.1995E+01 -2.8543E-02 -2.8543E-02  6.9680E+01  7.1995E+01 -2.3149E+00 -2.8543E-02
  7.8000E+01  6.5600E+02  0.0000E+00  1.0970E+01  0.0000E+00  5.3500E+01 -7.0569E-01 -7.0569E-01  1.0970E+01  5.3500E+01 -4.2530E+01 -7.0569E-01
