TABLE NO.  1
 ID          TIME        AMT         DV          MDV         IPRED       CWRES       IWRES       DV          PRED        RES         WRES
  1.0000E+00  0.0000E+00  1.0000E+04  0.0000E+00  1.0000E+00  4.9383E+03  0.0000E+00 -1.5408E+00  0.0000E+00  8.2141E+03  0.0000E+00  0.0000E+00
  1.0000E+00  0.0000E+00  0.0000E+00  0.0000E+00  0.0000E+00  4.9383E+03 -1.6290E+00 -1.5408E+00  0.0000E+00  8.2141E+03 -8.2141E+03 -6.0151E-01
  1.0000E+00  3.3000E-02  0.0000E+00  7.3336E+03  0.0000E+00  4.4058E+03  6.6709E-01  1.0239E+00  7.3336E+03  8.1802E+03 -8.4657E+02  5.2486E-01
  1.0000E+00  8.3000E-02  0.0000E+00  1.1915E+03  0.0000E+00  3.7065E+03 -1.7465E+00 -1.0455E+00  1.1915E+03  8.1291E+03 -6.9376E+03 -4.1871E-01
  1.0000E+00  2.5000E-01  0.0000E+00  8.7932E+02  0.0000E+00  2.0810E+03 -2.2610E+00 -8.8972E-01  8.7932E+02  7.9615E+03 -7.0822E+03 -4.6691E-01
  1.0000E+00  5.0000E-01  0.0000E+00  1.2562E+03  0.0000E+00  8.7727E+02 -8.2224E-01  6.6556E-01  1.2562E+03  7.7189E+03 -6.4626E+03 -4.0376E-01
  1.0000E+00  7.0000E-01  0.0000E+00  2.3189E+02  0.0000E+00  4.3986E+02 -2.0455E+00 -7.2851E-01  2.3189E+02  7.5317E+03 -7.2998E+03 -5.7621E-01
  1.0000E+00  1.0000E+00  0.0000E+00  3.0794E+02  0.0000E+00  1.5657E+02  3.5555E-01  1.4897E+00  3.0794E+02  7.2619E+03 -6.9539E+03 -5.6588E-01
  1.0000E+00  2.0000E+00  0.0000E+00  8.9700E-01  0.0000E+00  5.8773E+00 -1.7174E+00 -1.3056E+00  8.9700E-01  6.4500E+03 -6.4491E+03 -6.3227E-01
  1.0000E+00  4.0000E+00  0.0000E+00  1.0160E+00  0.0000E+00  8.0046E-01  3.3023E-01  4.1488E-01  1.0160E+00  5.1601E+03 -5.1591E+03 -6.2391E-01
  1.0000E+00  6.0000E+00  0.0000E+00  0.0000E+00  1.0000E+00  6.4518E-01  0.0000E+00 -1.5408E+00  0.0000E+00  4.2047E+03  0.0000E+00  0.0000E+00
  1.0000E+00  8.0000E+00  0.0000E+00  6.0900E-01  0.0000E+00  5.2319E-01  1.5093E-01  2.5272E-01  6.0900E-01  3.4865E+03 -3.4858E+03 -5.1433E-01
  2.0000E+00  0.0000E+00  1.0000E+04  0.0000E+00  1.0000E+00  3.6573E+03  0.0000E+00 -1.5408E+00  0.0000E+00  8.2141E+03  0.0000E+00  0.0000E+00
  2.0000E+00  0.0000E+00  0.0000E+00  0.0000E+00  0.0000E+00  3.6573E+03 -1.7850E+00 -1.5408E+00  0.0000E+00  8.2141E+03 -8.2141E+03 -5.4761E-01
  2.0000E+00  3.3000E-02  0.0000E+00  4.6639E+03  0.0000E+00  3.3508E+03  2.0401E-01  6.0377E-01  4.6639E+03  8.1802E+03 -3.5162E+03  1.6862E-01
  2.0000E+00  8.3000E-02  0.0000E+00  1.1788E+03  0.0000E+00  2.9348E+03 -1.5214E+00 -9.2189E-01  1.1788E+03  8.1291E+03 -6.9503E+03 -3.6636E-01
  2.0000E+00  2.5000E-01  0.0000E+00  5.2594E+02  0.0000E+00  1.8848E+03 -2.0983E+00 -1.1108E+00  5.2594E+02  7.9615E+03 -7.4355E+03 -4.6807E-01
  2.0000E+00  5.0000E-01  0.0000E+00  3.5647E+02  0.0000E+00  9.7161E+02 -1.9831E+00 -9.7549E-01  3.5647E+02  7.7189E+03 -7.3624E+03 -4.9666E-01
  2.0000E+00  7.5000E-01  0.0000E+00  2.1360E+01  0.0000E+00  5.0109E+02 -2.2410E+00 -1.4751E+00  2.1360E+01  7.4858E+03 -7.4644E+03 -5.5564E-01
  2.0000E+00  1.0000E+00  0.0000E+00  5.5186E+02  0.0000E+00  2.5866E+02  1.1969E+00  1.7466E+00  5.5186E+02  7.2619E+03 -6.7100E+03 -4.6361E-01
  2.0000E+00  2.0000E+00  0.0000E+00  4.7980E+00  0.0000E+00  1.9085E+01 -1.1237E+00 -1.1534E+00  4.7980E+00  6.4500E+03 -6.4452E+03 -5.6899E-01
  2.0000E+00  4.0000E+00  0.0000E+00  3.3000E-02  0.0000E+00  8.4599E-01 -1.0036E+00 -1.4807E+00  3.3000E-02  5.1601E+03 -5.1601E+03 -5.5695E-01
  2.0000E+00  6.0000E+00  0.0000E+00  5.9700E-01  0.0000E+00  6.1337E-01  3.4559E-01 -4.1111E-02  5.9700E-01  4.2047E+03 -4.2041E+03 -5.1068E-01
  2.0000E+00  8.0000E+00  0.0000E+00  8.4600E-01  0.0000E+00  4.9701E-01  1.4549E+00  1.0819E+00  8.4600E-01  3.4865E+03 -3.4856E+03 -4.4675E-01
  3.0000E+00  0.0000E+00  1.0000E+04  0.0000E+00  1.0000E+00  2.3011E+04  0.0000E+00 -1.5408E+00  0.0000E+00  8.2141E+03  0.0000E+00  0.0000E+00
  3.0000E+00  0.0000E+00  0.0000E+00  0.0000E+00  0.0000E+00  2.3011E+04  4.8123E-02 -1.5408E+00  0.0000E+00  8.2141E+03 -8.2141E+03 -5.2645E-01
  3.0000E+00  3.3000E-02  0.0000E+00  3.7945E+03  0.0000E+00  1.6464E+04 -8.0165E-01 -1.1857E+00  3.7945E+03  8.1802E+03 -4.3857E+03  5.6122E-02
  3.0000E+00  8.3000E-02  0.0000E+00  1.2588E+03  0.0000E+00  9.9136E+03 -2.1250E+00 -1.3451E+00  1.2588E+03  8.1291E+03 -6.8703E+03 -3.3290E-01
  3.0000E+00  2.5000E-01  0.0000E+00  5.4645E+02  0.0000E+00  1.8232E+03 -2.1016E+00 -1.0790E+00  5.4645E+02  7.9615E+03 -7.4150E+03 -4.4395E-01
  3.0000E+00  5.0000E-01  0.0000E+00  4.9878E+01  0.0000E+00  1.4680E+02 -8.2152E-01 -1.0173E+00  4.9878E+01  7.7189E+03 -7.6690E+03 -5.2702E-01
  3.0000E+00  7.5000E-01  0.0000E+00  1.6505E+01  0.0000E+00  1.4102E+01  5.3950E-01  2.6257E-01  1.6505E+01  7.4858E+03 -7.4693E+03 -5.3641E-01
  3.0000E+00  1.0000E+00  0.0000E+00  6.6930E+00  0.0000E+00  3.5396E+00  2.0140E+00  1.3727E+00  6.6930E+00  7.2619E+03 -7.2552E+03 -5.4165E-01
  3.0000E+00  2.0000E+00  0.0000E+00  3.6010E+00  0.0000E+00  2.3768E+00  1.6733E+00  7.9359E-01  3.6010E+00  6.4500E+03 -6.4464E+03 -5.5193E-01
  3.0000E+00  4.0000E+00  0.0000E+00  1.1970E+00  0.0000E+00  1.9291E+00  2.1390E-01 -5.8475E-01  1.1970E+00  5.1601E+03 -5.1589E+03 -5.4539E-01
  3.0000E+00  6.0000E+00  0.0000E+00  3.0470E+00  0.0000E+00  1.5658E+00  2.1817E+00  1.4575E+00  3.0470E+00  4.2047E+03 -4.2017E+03 -5.0499E-01
  3.0000E+00  8.0000E+00  0.0000E+00  3.8000E-01  0.0000E+00  1.2709E+00 -4.2324E-01 -1.0801E+00  3.8000E-01  3.4865E+03 -3.4861E+03 -4.4715E-01
  4.0000E+00  0.0000E+00  1.0000E+04  0.0000E+00  1.0000E+00  0.0000E+00  0.0000E+00  0.0000E+00  0.0000E+00  0.0000E+00  0.0000E+00  0.0000E+00
  4.0000E+00  0.0000E+00  0.0000E+00  0.0000E+00  0.0000E+00  0.0000E+00  0.0000E+00  0.0000E+00  0.0000E+00  0.0000E+00  0.0000E+00  0.0000E+00
  4.0000E+00  3.3000E-02  0.0000E+00  2.1445E+01  0.0000E+00  1.8957E+01  4.2765E-01  2.0226E-01  2.1445E+01  1.1272E+01  1.0173E+01  8.0756E-01
  4.0000E+00  8.3000E-02  0.0000E+00  2.5683E+01  0.0000E+00  3.2771E+01 -4.0290E-02 -3.3325E-01  2.5683E+01  1.9740E+01  5.9427E+00  9.8448E-02
  4.0000E+00  2.5000E-01  0.0000E+00  4.4576E+01  0.0000E+00  3.9578E+01  4.4386E-01  1.9456E-01  4.4576E+01  2.5230E+01  1.9346E+01  7.2176E-01
  4.0000E+00  5.0000E-01  0.0000E+00  2.1491E+01  0.0000E+00  3.5321E+01 -4.8693E-01 -6.0331E-01  2.1491E+01  2.4812E+01 -3.3210E+00 -4.0283E-01
  4.0000E+00  7.5000E-01  0.0000E+00  7.6971E+01  0.0000E+00  3.1054E+01  2.2772E+00  2.2782E+00  7.6971E+01  2.4066E+01  5.2905E+01  2.6179E+00
  4.0000E+00  1.0000E+00  0.0000E+00  7.4570E+00  0.0000E+00  2.7314E+01 -1.2199E+00 -1.1201E+00  7.4570E+00  2.3345E+01 -1.5888E+01 -1.0798E+00
  4.0000E+00  2.0000E+00  0.0000E+00  3.1960E+00  0.0000E+00  1.6475E+01 -1.5782E+00 -1.2419E+00  3.1960E+00  2.0729E+01 -1.7533E+01 -1.2323E+00
  4.0000E+00  3.0000E+00  0.0000E+00  1.6550E+01  0.0000E+00  1.0106E+01  5.9139E-01  9.8244E-01  1.6550E+01  1.8493E+01 -1.9425E+00 -1.5146E-01
  4.0000E+00  4.0000E+00  0.0000E+00  3.8490E+00  0.0000E+00  6.3490E+00 -9.5755E-01 -6.0671E-01  3.8490E+00  1.6574E+01 -1.2725E+01 -9.2016E-01
  4.0000E+00  6.0000E+00  0.0000E+00  0.0000E+00  1.0000E+00  2.7833E+00  0.0000E+00 -1.5408E+00  0.0000E+00  1.3499E+01  0.0000E+00  0.0000E+00
  4.0000E+00  8.0000E+00  0.0000E+00  0.0000E+00  1.0000E+00  1.4695E+00  0.0000E+00 -1.5408E+00  0.0000E+00  1.1187E+01  0.0000E+00  0.0000E+00
  5.0000E+00  0.0000E+00  1.0000E+04  0.0000E+00  1.0000E+00  0.0000E+00  0.0000E+00  0.0000E+00  0.0000E+00  0.0000E+00  0.0000E+00  0.0000E+00
  5.0000E+00  0.0000E+00  0.0000E+00  0.0000E+00  0.0000E+00  0.0000E+00  0.0000E+00  0.0000E+00  0.0000E+00  0.0000E+00  0.0000E+00  0.0000E+00
  5.0000E+00  3.3000E-02  0.0000E+00  1.6601E+01  0.0000E+00  1.7968E+01  1.5952E-01 -1.1724E-01  1.6601E+01  1.1272E+01  5.3293E+00  4.2806E-01
  5.0000E+00  8.3000E-02  0.0000E+00  9.5230E+00  0.0000E+00  3.0954E+01 -7.3468E-01 -1.0668E+00  9.5230E+00  1.9740E+01 -1.0217E+01 -7.9185E-01
  5.0000E+00  2.5000E-01  0.0000E+00  3.0571E+01  0.0000E+00  3.6817E+01 -2.4274E-02 -2.6141E-01  3.0571E+01  2.5230E+01  5.3412E+00  1.5059E-01
  5.0000E+00  5.0000E-01  0.0000E+00  4.7158E+01  0.0000E+00  3.2004E+01  7.6327E-01  7.2956E-01  4.7158E+01  2.4812E+01  2.2346E+01  1.0545E+00
  5.0000E+00  7.5000E-01  0.0000E+00  1.9559E+01  0.0000E+00  2.7396E+01 -5.8301E-01 -4.4075E-01  1.9559E+01  2.4066E+01 -4.5072E+00 -3.1491E-01
  5.0000E+00  1.0000E+00  0.0000E+00  5.9384E+01  0.0000E+00  2.3460E+01  2.0722E+00  2.3594E+00  5.9384E+01  2.3345E+01  3.6039E+01  1.9548E+00
  5.0000E+00  2.0000E+00  0.0000E+00  1.1460E+00  0.0000E+00  1.2724E+01 -1.9969E+00 -1.4020E+00  1.1460E+00  2.0729E+01 -1.9583E+01 -1.1973E+00
  5.0000E+00  3.0000E+00  0.0000E+00  2.5590E+00  0.0000E+00  7.0391E+00 -1.5795E+00 -9.8065E-01  2.5590E+00  1.8493E+01 -1.5934E+01 -9.7624E-01
  5.0000E+00  4.0000E+00  0.0000E+00  7.7780E+00  0.0000E+00  4.0164E+00  9.8017E-01  1.4430E+00  7.7780E+00  1.6574E+01 -8.7965E+00 -4.0914E-01
  5.0000E+00  6.0000E+00  0.0000E+00  1.6200E-01  0.0000E+00  1.5208E+00 -1.4948E+00 -1.3767E+00  1.6200E-01  1.3499E+01 -1.3337E+01 -7.2406E-01
  5.0000E+00  8.0000E+00  0.0000E+00  5.5100E-01  0.0000E+00  7.6070E-01 -3.1434E-01 -4.2474E-01  5.5100E-01  1.1187E+01 -1.0636E+01 -4.1470E-01
  6.0000E+00  0.0000E+00  1.0000E+04  0.0000E+00  1.0000E+00  0.0000E+00  0.0000E+00  0.0000E+00  0.0000E+00  0.0000E+00  0.0000E+00  0.0000E+00
  6.0000E+00  0.0000E+00  0.0000E+00  0.0000E+00  0.0000E+00  0.0000E+00  0.0000E+00  0.0000E+00  0.0000E+00  0.0000E+00  0.0000E+00  0.0000E+00
  6.0000E+00  3.3000E-02  0.0000E+00  2.2373E+01  0.0000E+00  1.5486E+01  7.2529E-01  6.8526E-01  2.2373E+01  1.1272E+01  1.1101E+01  1.0616E+00
  6.0000E+00  8.3000E-02  0.0000E+00  4.6713E+01  0.0000E+00  2.6809E+01  1.2507E+00  1.1439E+00  4.6713E+01  1.9740E+01  2.6973E+01  1.5844E+00
  6.0000E+00  2.5000E-01  0.0000E+00  5.0110E+00  0.0000E+00  3.2580E+01 -1.2243E+00 -1.3038E+00  5.0110E+00  2.5230E+01 -2.0219E+01 -1.1207E+00
  6.0000E+00  5.0000E-01  0.0000E+00  4.6163E+01  0.0000E+00  2.9387E+01  8.6023E-01  8.7957E-01  4.6163E+01  2.4812E+01  2.1351E+01  1.0124E+00
  6.0000E+00  7.5000E-01  0.0000E+00  1.5363E+01  0.0000E+00  2.6114E+01 -7.3919E-01 -6.3435E-01  1.5363E+01  2.4066E+01 -8.7032E+00 -5.3242E-01
  6.0000E+00  1.0000E+00  0.0000E+00  2.2338E+01  0.0000E+00  2.3212E+01 -2.3270E-01 -5.8042E-02  2.2338E+01  2.3345E+01 -1.0067E+00 -1.0074E-01
  6.0000E+00  2.0000E+00  0.0000E+00  2.4323E+01  0.0000E+00  1.4579E+01  7.1163E-01  1.0298E+00  2.4323E+01  2.0729E+01  3.5940E+00  2.8292E-01
  6.0000E+00  3.0000E+00  0.0000E+00  1.8400E+00  0.0000E+00  9.2742E+00 -1.5423E+00 -1.2351E+00  1.8400E+00  1.8493E+01 -1.6653E+01 -1.0382E+00
  6.0000E+00  4.0000E+00  0.0000E+00  2.7960E+00  0.0000E+00  6.0038E+00 -1.0490E+00 -8.2323E-01  2.7960E+00  1.6574E+01 -1.3778E+01 -8.2211E-01
  6.0000E+00  6.0000E+00  0.0000E+00  2.7000E+00  0.0000E+00  2.7148E+00 -8.3491E-02 -8.4207E-03  2.7000E+00  1.3499E+01 -1.0799E+01 -5.1566E-01
  6.0000E+00  8.0000E+00  0.0000E+00  2.4450E+00  0.0000E+00  1.4111E+00  1.0853E+00  1.1289E+00  2.4450E+00  1.1187E+01 -8.7422E+00 -2.5246E-01
  7.0000E+00  0.0000E+00  1.2500E+05  0.0000E+00  1.0000E+00  0.0000E+00  0.0000E+00  0.0000E+00  0.0000E+00  0.0000E+00  0.0000E+00  0.0000E+00
  7.0000E+00  0.0000E+00  0.0000E+00  0.0000E+00  0.0000E+00  0.0000E+00  0.0000E+00  0.0000E+00  0.0000E+00  0.0000E+00  0.0000E+00  0.0000E+00
  7.0000E+00  5.0000E-01  0.0000E+00  5.3520E+00  0.0000E+00  1.8846E+01 -1.3020E+00 -1.1032E+00  5.3520E+00  3.5127E+01 -2.9775E+01 -6.9709E-01
  7.0000E+00  1.0000E+00  0.0000E+00  1.6180E+01  0.0000E+00  1.7079E+01 -3.4386E-01 -8.1118E-02  1.6180E+01  3.3050E+01 -1.6870E+01 -2.6798E-01
  7.0000E+00  2.0000E+00  0.0000E+00  4.4430E+00  0.0000E+00  1.4050E+01 -1.4443E+00 -1.0535E+00  4.4430E+00  2.9347E+01 -2.4904E+01 -7.1837E-01
  7.0000E+00  4.0000E+00  0.0000E+00  1.9128E+01  0.0000E+00  9.5968E+00  8.9128E-01  1.5302E+00  1.9128E+01  2.3465E+01 -4.3371E+00  1.6471E-01
  7.0000E+00  8.0000E+00  0.0000E+00  5.6870E+00  0.0000E+00  4.6787E+00 -7.0835E-01  3.3205E-01  5.6870E+00  1.5838E+01 -1.0151E+01 -3.6943E-01
  7.0000E+00  2.4000E+01  0.0000E+00  6.0000E-01  0.0000E+00  5.3091E-01 -8.9003E-01  2.0051E-01  6.0000E-01  5.3885E+00 -4.7885E+00 -2.6239E-01
  8.0000E+00  0.0000E+00  1.2500E+05  0.0000E+00  1.0000E+00  0.0000E+00  0.0000E+00  0.0000E+00  0.0000E+00  0.0000E+00  0.0000E+00  0.0000E+00
  8.0000E+00  0.0000E+00  0.0000E+00  0.0000E+00  0.0000E+00  0.0000E+00  0.0000E+00  0.0000E+00  0.0000E+00  0.0000E+00  0.0000E+00  0.0000E+00
  8.0000E+00  5.0000E-01  0.0000E+00  3.1708E+01  0.0000E+00  2.2711E+01  8.6694E-02  6.1036E-01  3.1708E+01  3.5127E+01 -3.4193E+00  6.2362E-02
  8.0000E+00  1.0000E+00  0.0000E+00  2.9239E+01  0.0000E+00  2.0106E+01  1.6327E-01  6.9992E-01  2.9239E+01  3.3050E+01 -3.8110E+00  5.7502E-02
  8.0000E+00  2.0000E+00  0.0000E+00  9.1450E+00  0.0000E+00  1.5793E+01 -1.1795E+00 -6.4860E-01  9.1450E+00  2.9347E+01 -2.0202E+01 -6.6392E-01
  8.0000E+00  4.0000E+00  0.0000E+00  7.1960E+00  0.0000E+00  9.8694E+00 -8.4259E-01 -4.1736E-01  7.1960E+00  2.3465E+01 -1.6269E+01 -5.8812E-01
  8.0000E+00  8.0000E+00  0.0000E+00  3.9410E+00  0.0000E+00  4.1171E+00 -1.7023E-01 -6.5916E-02  3.9410E+00  1.5838E+01 -1.1897E+01 -4.3608E-01
  8.0000E+00  2.4000E+01  0.0000E+00  6.0000E-01  0.0000E+00  3.8795E-01  6.4726E-01  8.4220E-01  6.0000E-01  5.3885E+00 -4.7885E+00 -4.2659E-02
  9.0000E+00  0.0000E+00  1.2500E+05  0.0000E+00  1.0000E+00  0.0000E+00  0.0000E+00  0.0000E+00  0.0000E+00  0.0000E+00  0.0000E+00  0.0000E+00
  9.0000E+00  0.0000E+00  0.0000E+00  0.0000E+00  0.0000E+00  0.0000E+00  0.0000E+00  0.0000E+00  0.0000E+00  0.0000E+00  0.0000E+00  0.0000E+00
  9.0000E+00  5.0000E-01  0.0000E+00  2.5875E+01  0.0000E+00  2.0738E+01 -1.2277E-01  3.8164E-01  2.5875E+01  3.5127E+01 -9.2523E+00 -1.3064E-01
  9.0000E+00  1.0000E+00  0.0000E+00  1.2360E+01  0.0000E+00  1.9100E+01 -1.0643E+00 -5.4369E-01  1.2360E+01  3.3050E+01 -2.0690E+01 -5.9587E-01
  9.0000E+00  2.0000E+00  0.0000E+00  2.5667E+01  0.0000E+00  1.6229E+01  3.4748E-01  8.9601E-01  2.5667E+01  2.9347E+01 -3.6798E+00  7.1657E-02
  9.0000E+00  4.0000E+00  0.0000E+00  1.4443E+01  0.0000E+00  1.1828E+01 -2.4706E-01  3.4064E-01  1.4443E+01  2.3465E+01 -9.0221E+00 -2.3718E-01
  9.0000E+00  8.0000E+00  0.0000E+00  6.7260E+00  0.0000E+00  6.5453E+00 -5.7158E-01  4.2526E-02  6.7260E+00  1.5838E+01 -9.1121E+00 -3.6204E-01
  9.0000E+00  2.4000E+01  0.0000E+00  1.4570E+00  0.0000E+00  1.0566E+00 -5.2102E-02  5.8396E-01  1.4570E+00  5.3885E+00 -3.9315E+00 -1.4364E-01
  1.0000E+01  0.0000E+00  2.5000E+05  0.0000E+00  1.0000E+00  0.0000E+00  0.0000E+00  0.0000E+00  0.0000E+00  0.0000E+00  0.0000E+00  0.0000E+00
  1.0000E+01  0.0000E+00  0.0000E+00  0.0000E+00  0.0000E+00  0.0000E+00  0.0000E+00  0.0000E+00  0.0000E+00  0.0000E+00  0.0000E+00  0.0000E+00
  1.0000E+01  5.0000E-01  0.0000E+00  3.2559E+01  0.0000E+00  3.6535E+01 -2.1444E-01 -1.6767E-01  3.2559E+01  3.5774E+01 -3.2150E+00 -7.6316E-02
  1.0000E+01  1.0000E+00  0.0000E+00  2.7382E+01  0.0000E+00  3.5416E+01 -3.7676E-01 -3.4954E-01  2.7382E+01  3.3658E+01 -6.2764E+00 -2.4039E-01
  1.0000E+01  2.0000E+00  0.0000E+00  2.0366E+01  0.0000E+00  3.3376E+01 -5.8910E-01 -6.0060E-01  2.0366E+01  2.9887E+01 -9.5210E+00 -5.0393E-01
  1.0000E+01  4.0000E+00  0.0000E+00  3.1808E+01  0.0000E+00  3.0005E+01  1.7962E-01  9.2579E-02  3.1808E+01  2.3897E+01  7.9109E+00  1.7397E-01
  1.0000E+01  8.0000E+00  0.0000E+00  6.3644E+01  0.0000E+00  2.5279E+01  2.5666E+00  2.3384E+00  6.3644E+01  1.6130E+01  4.7514E+01  2.8152E+00
  1.0000E+01  2.4000E+01  0.0000E+00  2.5160E+00  0.0000E+00  1.7069E+01 -6.3744E-01 -1.3137E+00  2.5160E+00  5.4877E+00 -2.9717E+00 -1.2181E+00
  1.1000E+01  0.0000E+00  2.5000E+05  0.0000E+00  1.0000E+00  0.0000E+00  0.0000E+00  0.0000E+00  0.0000E+00  0.0000E+00  0.0000E+00  0.0000E+00
  1.1000E+01  0.0000E+00  0.0000E+00  0.0000E+00  0.0000E+00  0.0000E+00  0.0000E+00  0.0000E+00  0.0000E+00  0.0000E+00  0.0000E+00  0.0000E+00
  1.1000E+01  5.0000E-01  0.0000E+00  2.2787E+01  0.0000E+00  2.8879E+01 -4.9599E-01 -3.2503E-01  2.2787E+01  3.5774E+01 -1.2987E+01 -3.0844E-01
  1.1000E+01  1.0000E+00  0.0000E+00  4.7157E+01  0.0000E+00  2.5531E+01  1.0727E+00  1.3051E+00  4.7157E+01  3.3658E+01  1.3499E+01  6.9172E-01
  1.1000E+01  2.0000E+00  0.0000E+00  4.3560E+00  0.0000E+00  2.0014E+01 -1.5424E+00 -1.2054E+00  4.3560E+00  2.9887E+01 -2.5531E+01 -9.3039E-01
  1.1000E+01  4.0000E+00  0.0000E+00  1.1033E+01  0.0000E+00  1.2496E+01 -6.7297E-01 -1.8035E-01  1.1033E+01  2.3897E+01 -1.2864E+01 -4.4954E-01
  1.1000E+01  8.0000E+00  0.0000E+00  9.2000E+00  0.0000E+00  5.2864E+00  4.3468E-01  1.1407E+00  9.2000E+00  1.6130E+01 -6.9297E+00 -1.6028E-01
  1.1000E+01  2.4000E+01  0.0000E+00  6.0000E-01  0.0000E+00  5.9070E-01 -7.2287E-01  2.4264E-02  6.0000E-01  5.4877E+00 -4.8877E+00 -1.6234E-01
  1.2000E+01  0.0000E+00  2.5000E+05  0.0000E+00  1.0000E+00  0.0000E+00  0.0000E+00  0.0000E+00  0.0000E+00  0.0000E+00  0.0000E+00  0.0000E+00
  1.2000E+01  0.0000E+00  0.0000E+00  0.0000E+00  0.0000E+00  0.0000E+00  0.0000E+00  0.0000E+00  0.0000E+00  0.0000E+00  0.0000E+00  0.0000E+00
  1.2000E+01  5.0000E-01  0.0000E+00  2.9301E+01  0.0000E+00  1.7871E+01  3.5953E-01  9.8549E-01  2.9301E+01  3.5774E+01 -6.4730E+00  3.8843E-02
  1.2000E+01  1.0000E+00  0.0000E+00  1.4208E+01  0.0000E+00  1.6524E+01 -8.3960E-01 -2.1594E-01  1.4208E+01  3.3658E+01 -1.9450E+01 -4.6657E-01
  1.2000E+01  2.0000E+00  0.0000E+00  1.1723E+01  0.0000E+00  1.4147E+01 -8.8029E-01 -2.6400E-01  1.1723E+01  2.9887E+01 -1.8164E+01 -4.9729E-01
  1.2000E+01  4.0000E+00  0.0000E+00  8.5160E+00  0.0000E+00  1.0450E+01 -8.7964E-01 -2.8521E-01  8.5160E+00  2.3897E+01 -1.5381E+01 -5.0520E-01
  1.2000E+01  8.0000E+00  0.0000E+00  8.2990E+00  0.0000E+00  5.8979E+00  7.9418E-02  6.2729E-01  8.2990E+00  1.6130E+01 -7.8307E+00 -1.9237E-01
  1.2000E+01  2.4000E+01  0.0000E+00  1.2620E+00  0.0000E+00  9.4185E-01 -6.4302E-02  5.2373E-01  1.2620E+00  5.4877E+00 -4.2257E+00 -1.1697E-01
  1.3000E+01  0.0000E+00  5.0000E+05  0.0000E+00  1.0000E+00  0.0000E+00  0.0000E+00  0.0000E+00  0.0000E+00  0.0000E+00  0.0000E+00  0.0000E+00
  1.3000E+01  0.0000E+00  0.0000E+00  0.0000E+00  0.0000E+00  0.0000E+00  0.0000E+00  0.0000E+00  0.0000E+00  0.0000E+00  0.0000E+00  0.0000E+00
  1.3000E+01  5.0000E-01  0.0000E+00  5.5055E+01  0.0000E+00  2.7556E+01  1.2441E+00  1.5376E+00  5.5055E+01  3.6106E+01  1.8949E+01  7.4612E-01
  1.3000E+01  1.0000E+00  0.0000E+00  1.9613E+01  0.0000E+00  2.6703E+01 -6.8215E-01 -4.0911E-01  1.9613E+01  3.3971E+01 -1.4358E+01 -4.7865E-01
  1.3000E+01  2.0000E+00  0.0000E+00  2.3639E+01  0.0000E+00  2.5127E+01 -3.2563E-01 -9.1225E-02  2.3639E+01  3.0165E+01 -6.5256E+00 -2.3289E-01
  1.3000E+01  4.0000E+00  0.0000E+00  1.3103E+01  0.0000E+00  2.2452E+01 -8.0732E-01 -6.4158E-01  1.3103E+01  2.4119E+01 -1.1016E+01 -5.9583E-01
  1.3000E+01  8.0000E+00  0.0000E+00  1.3568E+01  0.0000E+00  1.8505E+01 -4.6972E-01 -4.1105E-01  1.3568E+01  1.6280E+01 -2.7115E+00 -2.8220E-01
  1.3000E+01  2.4000E+01  0.0000E+00  1.7556E+01  0.0000E+00  1.0873E+01  1.0797E+00  9.4714E-01  1.7556E+01  5.5386E+00  1.2017E+01  1.1512E+00
  1.4000E+01  0.0000E+00  5.0000E+05  0.0000E+00  1.0000E+00  0.0000E+00  0.0000E+00  0.0000E+00  0.0000E+00  0.0000E+00  0.0000E+00  0.0000E+00
  1.4000E+01  0.0000E+00  0.0000E+00  0.0000E+00  0.0000E+00  0.0000E+00  0.0000E+00  0.0000E+00  0.0000E+00  0.0000E+00  0.0000E+00  0.0000E+00
  1.4000E+01  5.0000E-01  0.0000E+00  4.9290E+01  0.0000E+00  3.3190E+01  5.3044E-01  7.4741E-01  4.9290E+01  3.6106E+01  1.3184E+01  4.1581E-01
  1.4000E+01  1.0000E+00  0.0000E+00  3.0508E+01  0.0000E+00  3.0608E+01 -2.5251E-01 -5.0123E-03  3.0508E+01  3.3971E+01 -3.4631E+00 -1.7926E-01
  1.4000E+01  2.0000E+00  0.0000E+00  2.6968E+01  0.0000E+00  2.6108E+01 -2.5463E-01  5.0772E-02  2.6968E+01  3.0165E+01 -3.1966E+00 -1.7755E-01
  1.4000E+01  4.0000E+00  0.0000E+00  2.2871E+01  0.0000E+00  1.9270E+01 -1.1811E-01  2.8789E-01  2.2871E+01  2.4119E+01 -1.2481E+00 -7.8969E-02
  1.4000E+01  8.0000E+00  0.0000E+00  2.1883E+01  0.0000E+00  1.1158E+01  9.4936E-01  1.4809E+00  2.1883E+01  1.6280E+01  5.6035E+00  4.3276E-01
  1.4000E+01  2.4000E+01  0.0000E+00  6.0000E-01  0.0000E+00  2.4531E+00 -1.4697E+00 -1.1639E+00  6.0000E-01  5.5386E+00 -4.9386E+00 -4.6535E-01
  1.5000E+01  0.0000E+00  5.0000E+05  0.0000E+00  1.0000E+00  0.0000E+00  0.0000E+00  0.0000E+00  0.0000E+00  0.0000E+00  0.0000E+00  0.0000E+00
  1.5000E+01  0.0000E+00  0.0000E+00  0.0000E+00  0.0000E+00  0.0000E+00  0.0000E+00  0.0000E+00  0.0000E+00  0.0000E+00  0.0000E+00  0.0000E+00
  1.5000E+01  5.0000E-01  0.0000E+00  6.3812E+01  0.0000E+00  3.5306E+01  1.1645E+00  1.2440E+00  6.3812E+01  3.6106E+01  2.7706E+01  1.0023E+00
  1.5000E+01  1.0000E+00  0.0000E+00  7.1770E+00  0.0000E+00  3.4100E+01 -1.2834E+00 -1.2165E+00  7.1770E+00  3.3971E+01 -2.6794E+01 -1.0301E+00
  1.5000E+01  2.0000E+00  0.0000E+00  3.4378E+01  0.0000E+00  3.1897E+01  7.6428E-02  1.1987E-01  3.4378E+01  3.0165E+01  4.2134E+00  1.1384E-01
  1.5000E+01  4.0000E+00  0.0000E+00  1.8738E+01  0.0000E+00  2.8242E+01 -5.2188E-01 -5.1851E-01  1.8738E+01  2.4119E+01 -5.3811E+00 -5.1707E-01
  1.5000E+01  8.0000E+00  0.0000E+00  3.5351E+01  0.0000E+00  2.3076E+01  8.7307E-01  8.1959E-01  3.5351E+01  1.6280E+01  1.9071E+01  8.5959E-01
  1.5000E+01  2.4000E+01  0.0000E+00  2.0765E+01  0.0000E+00  1.3946E+01  8.6778E-01  7.5333E-01  2.0765E+01  5.5386E+00  1.5226E+01  9.5398E-01
  1.6000E+01  0.0000E+00  1.2500E+05  0.0000E+00  1.0000E+00  0.0000E+00  0.0000E+00  0.0000E+00  0.0000E+00  0.0000E+00  0.0000E+00  0.0000E+00
  1.6000E+01  0.0000E+00  0.0000E+00  0.0000E+00  0.0000E+00  0.0000E+00  0.0000E+00  0.0000E+00  0.0000E+00  0.0000E+00  0.0000E+00  0.0000E+00
  1.6000E+01  5.0000E-01  0.0000E+00  8.1620E+00  0.0000E+00  1.1488E+01 -1.3020E+00 -4.4608E-01  8.1620E+00  3.5127E+01 -2.6965E+01 -5.7401E-01
  1.6000E+01  1.0000E+00  0.0000E+00  1.6289E+01  0.0000E+00  1.0582E+01 -1.6090E-02  8.3090E-01  1.6289E+01  3.3050E+01 -1.6761E+01 -2.3647E-01
  1.6000E+01  2.0000E+00  0.0000E+00  4.8860E+00  0.0000E+00  8.9867E+00 -1.5270E+00 -7.0307E-01  4.8860E+00  2.9347E+01 -2.4461E+01 -6.5765E-01
  1.6000E+01  4.0000E+00  0.0000E+00  8.0510E+00  0.0000E+00  6.5148E+00 -3.9795E-01  3.6332E-01  8.0510E+00  2.3465E+01 -1.5414E+01 -3.9067E-01
  1.6000E+01  8.0000E+00  0.0000E+00  3.2130E+00  0.0000E+00  3.5044E+00 -7.3429E-01 -1.2811E-01  3.2130E+00  1.5838E+01 -1.2625E+01 -4.4402E-01
  1.6000E+01  2.4000E+01  0.0000E+00  6.0000E-01  0.0000E+00  4.2350E-01  2.0815E-01  6.4213E-01  6.0000E-01  5.3885E+00 -4.7885E+00 -1.2150E-01
  1.7000E+01  0.0000E+00  1.2500E+05  0.0000E+00  1.0000E+00  0.0000E+00  0.0000E+00  0.0000E+00  0.0000E+00  0.0000E+00  0.0000E+00  0.0000E+00
  1.7000E+01  0.0000E+00  0.0000E+00  0.0000E+00  0.0000E+00  0.0000E+00  0.0000E+00  0.0000E+00  0.0000E+00  0.0000E+00  0.0000E+00  0.0000E+00
  1.7000E+01  5.0000E-01  0.0000E+00  2.4603E+01  0.0000E+00  1.4801E+01  4.0168E-01  1.0203E+00  2.4603E+01  3.5127E+01 -1.0524E+01 -4.4701E-03
  1.7000E+01  1.0000E+00  0.0000E+00  7.2080E+00  0.0000E+00  1.3507E+01 -1.3213E+00 -7.1853E-01  7.2080E+00  3.3050E+01 -2.5842E+01 -6.1975E-01
  1.7000E+01  2.0000E+00  0.0000E+00  5.4500E+00  0.0000E+00  1.1261E+01 -1.3590E+00 -7.9507E-01  5.4500E+00  2.9347E+01 -2.3897E+01 -6.5414E-01
  1.7000E+01  4.0000E+00  0.0000E+00  2.7120E+00  0.0000E+00  7.8823E+00 -1.4821E+00 -1.0107E+00  2.7120E+00  2.3465E+01 -2.0753E+01 -7.0217E-01
  1.7000E+01  8.0000E+00  0.0000E+00  5.6920E+00  0.0000E+00  3.9903E+00  3.4573E-01  6.5710E-01  5.6920E+00  1.5838E+01 -1.0146E+01 -2.5855E-01
  1.7000E+01  2.4000E+01  0.0000E+00  6.0000E-01  0.0000E+00  4.4522E-01  1.3232E-01  5.3565E-01  6.0000E-01  5.3885E+00 -4.7885E+00 -9.7254E-02
  1.8000E+01  0.0000E+00  1.2500E+05  0.0000E+00  1.0000E+00  0.0000E+00  0.0000E+00  0.0000E+00  0.0000E+00  0.0000E+00  0.0000E+00  0.0000E+00
  1.8000E+01  0.0000E+00  0.0000E+00  0.0000E+00  0.0000E+00  0.0000E+00  0.0000E+00  0.0000E+00  0.0000E+00  0.0000E+00  0.0000E+00  0.0000E+00
  1.8000E+01  5.0000E-01  0.0000E+00  1.0414E+01  0.0000E+00  8.6196E+00 -6.0712E-01  3.2076E-01  1.0414E+01  3.5127E+01 -2.4713E+01 -4.2789E-01
  1.8000E+01  1.0000E+00  0.0000E+00  3.2390E+00  0.0000E+00  8.0477E+00 -1.8351E+00 -9.2066E-01  3.2390E+00  3.3050E+01 -2.9811E+01 -6.8556E-01
  1.8000E+01  2.0000E+00  0.0000E+00  7.2080E+00  0.0000E+00  7.0185E+00 -8.4671E-01  4.1612E-02  7.2080E+00  2.9347E+01 -2.2139E+01 -4.9193E-01
  1.8000E+01  4.0000E+00  0.0000E+00  2.6850E+00  0.0000E+00  5.3575E+00 -1.6099E+00 -7.6859E-01  2.6850E+00  2.3465E+01 -2.0780E+01 -6.4274E-01
  1.8000E+01  8.0000E+00  0.0000E+00  4.9860E+00  0.0000E+00  3.1701E+00  1.0896E-01  8.8261E-01  4.9860E+00  1.5838E+01 -1.0852E+01 -2.9356E-01
  1.8000E+01  2.4000E+01  0.0000E+00  6.0000E-01  0.0000E+00  4.8350E-01 -3.3002E-01  3.7125E-01  6.0000E-01  5.3885E+00 -4.7885E+00 -1.3320E-01
  1.9000E+01  0.0000E+00  2.5000E+05  0.0000E+00  1.0000E+00  0.0000E+00  0.0000E+00  0.0000E+00  0.0000E+00  0.0000E+00  0.0000E+00  0.0000E+00
  1.9000E+01  0.0000E+00  0.0000E+00  0.0000E+00  0.0000E+00  0.0000E+00  0.0000E+00  0.0000E+00  0.0000E+00  0.0000E+00  0.0000E+00  0.0000E+00
  1.9000E+01  5.0000E-01  0.0000E+00  2.8991E+01  0.0000E+00  1.7167E+01  4.8481E-01  1.0612E+00  2.8991E+01  3.5774E+01 -6.7830E+00  9.2442E-02
  1.9000E+01  1.0000E+00  0.0000E+00  7.3880E+00  0.0000E+00  1.5512E+01 -1.3838E+00 -8.0696E-01  7.3880E+00  3.3658E+01 -2.6270E+01 -6.6175E-01
  1.9000E+01  2.0000E+00  0.0000E+00  5.6630E+00  0.0000E+00  1.2684E+01 -1.4182E+00 -8.5290E-01  5.6630E+00  2.9887E+01 -2.4224E+01 -6.9236E-01
  1.9000E+01  4.0000E+00  0.0000E+00  9.2860E+00  0.0000E+00  8.5534E+00 -3.7441E-01  1.3198E-01  9.2860E+00  2.3897E+01 -1.4611E+01 -3.8042E-01
  1.9000E+01  8.0000E+00  0.0000E+00  4.0470E+00  0.0000E+00  4.0510E+00 -3.4995E-01 -1.5201E-03  4.0470E+00  1.6130E+01 -1.2083E+01 -4.0638E-01
  1.9000E+01  2.4000E+01  0.0000E+00  6.0000E-01  0.0000E+00  4.0767E-01  3.3560E-01  7.2689E-01  6.0000E-01  5.4877E+00 -4.8877E+00 -1.0299E-01
  2.0000E+01  0.0000E+00  2.5000E+05  0.0000E+00  1.0000E+00  0.0000E+00  0.0000E+00  0.0000E+00  0.0000E+00  0.0000E+00  0.0000E+00  0.0000E+00
  2.0000E+01  0.0000E+00  0.0000E+00  0.0000E+00  0.0000E+00  0.0000E+00  0.0000E+00  0.0000E+00  0.0000E+00  0.0000E+00  0.0000E+00  0.0000E+00
  2.0000E+01  5.0000E-01  0.0000E+00  2.0607E+01  0.0000E+00  1.4051E+01 -1.7912E-01  7.1896E-01  2.0607E+01  3.5774E+01 -1.5167E+01 -2.1073E-01
  2.0000E+01  1.0000E+00  0.0000E+00  1.2830E+01  0.0000E+00  1.2819E+01 -8.7823E-01  1.3276E-03  1.2830E+01  3.3658E+01 -2.0828E+01 -4.5493E-01
  2.0000E+01  2.0000E+00  0.0000E+00  1.2017E+01  0.0000E+00  1.0682E+01 -6.3627E-01  1.9263E-01  1.2017E+01  2.9887E+01 -1.7870E+01 -4.1181E-01
  2.0000E+01  4.0000E+00  0.0000E+00  6.5880E+00  0.0000E+00  7.4654E+00 -8.6581E-01 -1.8109E-01  6.5880E+00  2.3897E+01 -1.7309E+01 -5.2646E-01
  2.0000E+01  8.0000E+00  0.0000E+00  2.8710E+00  0.0000E+00  3.7599E+00 -6.9220E-01 -3.6426E-01  2.8710E+00  1.6130E+01 -1.3259E+01 -4.7870E-01
  2.0000E+01  2.4000E+01  0.0000E+00  6.0000E-01  0.0000E+00  4.0247E-01  6.8856E-01  7.5620E-01  6.0000E-01  5.4877E+00 -4.8877E+00 -8.1244E-02
  2.1000E+01  0.0000E+00  2.5000E+05  0.0000E+00  1.0000E+00  0.0000E+00  0.0000E+00  0.0000E+00  0.0000E+00  0.0000E+00  0.0000E+00  0.0000E+00
  2.1000E+01  0.0000E+00  0.0000E+00  0.0000E+00  0.0000E+00  0.0000E+00  0.0000E+00  0.0000E+00  0.0000E+00  0.0000E+00  0.0000E+00  0.0000E+00
  2.1000E+01  5.0000E-01  0.0000E+00  2.0194E+01  0.0000E+00  1.4201E+01 -5.9165E-02  6.5026E-01  2.0194E+01  3.5774E+01 -1.5580E+01 -1.8399E-01
  2.1000E+01  1.0000E+00  0.0000E+00  1.3124E+01  0.0000E+00  1.3022E+01 -6.8310E-01  1.2024E-02  1.3124E+01  3.3658E+01 -2.0534E+01 -4.0315E-01
  2.1000E+01  2.0000E+00  0.0000E+00  6.5080E+00  0.0000E+00  1.0963E+01 -1.2874E+00 -6.2609E-01  6.5080E+00  2.9887E+01 -2.3379E+01 -6.1937E-01
  2.1000E+01  4.0000E+00  0.0000E+00  1.8150E+00  0.0000E+00  7.8192E+00 -1.7664E+00 -1.1831E+00  1.8150E+00  2.3897E+01 -2.2082E+01 -7.6422E-01
  2.1000E+01  8.0000E+00  0.0000E+00  6.6610E+00  0.0000E+00  4.0965E+00  5.1668E-01  9.6457E-01  6.6610E+00  1.6130E+01 -9.4687E+00 -2.0931E-01
  2.1000E+01  2.4000E+01  0.0000E+00  6.0000E-01  0.0000E+00  4.8963E-01 -9.3486E-02  3.4730E-01  6.0000E-01  5.4877E+00 -4.8877E+00 -1.1233E-01
  2.2000E+01  0.0000E+00  5.0000E+05  0.0000E+00  1.0000E+00  0.0000E+00  0.0000E+00  0.0000E+00  0.0000E+00  0.0000E+00  0.0000E+00  0.0000E+00
  2.2000E+01  0.0000E+00  0.0000E+00  0.0000E+00  0.0000E+00  0.0000E+00  0.0000E+00  0.0000E+00  0.0000E+00  0.0000E+00  0.0000E+00  0.0000E+00
  2.2000E+01  5.0000E-01  0.0000E+00  2.0892E+01  0.0000E+00  1.9524E+01 -3.7749E-01  1.0800E-01  2.0892E+01  3.6106E+01 -1.5214E+01 -2.7344E-01
  2.2000E+01  1.0000E+00  0.0000E+00  2.0896E+01  0.0000E+00  1.8168E+01 -2.6478E-01  2.3132E-01  2.0896E+01  3.3971E+01 -1.3075E+01 -2.2559E-01
  2.2000E+01  2.0000E+00  0.0000E+00  1.6873E+01  0.0000E+00  1.5758E+01 -4.0899E-01  1.0904E-01  1.6873E+01  3.0165E+01 -1.3292E+01 -2.9510E-01
  2.2000E+01  4.0000E+00  0.0000E+00  5.7380E+00  0.0000E+00  1.1950E+01 -1.3647E+00 -8.0098E-01  5.7380E+00  2.4119E+01 -1.8381E+01 -7.0156E-01
  2.2000E+01  8.0000E+00  0.0000E+00  1.4398E+01  0.0000E+00  7.1110E+00  9.2906E-01  1.5789E+00  1.4398E+01  1.6280E+01 -1.8815E+00  1.5902E-01
  2.2000E+01  2.4000E+01  0.0000E+00  1.1130E+00  0.0000E+00  1.3574E+00 -9.1186E-01 -2.7744E-01  1.1130E+00  5.5386E+00 -4.4256E+00 -2.4053E-01
  2.3000E+01  0.0000E+00  5.0000E+05  0.0000E+00  1.0000E+00  0.0000E+00  0.0000E+00  0.0000E+00  0.0000E+00  0.0000E+00  0.0000E+00  0.0000E+00
  2.3000E+01  0.0000E+00  0.0000E+00  0.0000E+00  0.0000E+00  0.0000E+00  0.0000E+00  0.0000E+00  0.0000E+00  0.0000E+00  0.0000E+00  0.0000E+00
  2.3000E+01  5.0000E-01  0.0000E+00  6.3520E+01  0.0000E+00  3.3790E+01  1.1599E+00  1.3557E+00  6.3520E+01  3.6106E+01  2.7414E+01  9.8184E-01
  2.3000E+01  1.0000E+00  0.0000E+00  2.7973E+01  0.0000E+00  2.9705E+01 -3.3375E-01 -8.9822E-02  2.7973E+01  3.3971E+01 -5.9981E+00 -1.9733E-01
  2.3000E+01  2.0000E+00  0.0000E+00  1.2101E+01  0.0000E+00  2.3039E+01 -1.0451E+00 -7.3150E-01  1.2101E+01  3.0165E+01 -1.8064E+01 -7.1803E-01
  2.3000E+01  4.0000E+00  0.0000E+00  7.7790E+00  0.0000E+00  1.4125E+01 -1.0772E+00 -6.9221E-01  7.7790E+00  2.4119E+01 -1.6340E+01 -7.2363E-01
  2.3000E+01  8.0000E+00  0.0000E+00  1.1122E+01  0.0000E+00  5.8588E+00  9.1007E-01  1.3841E+00  1.1122E+01  1.6280E+01 -5.1575E+00 -4.9586E-02
  2.3000E+01  2.4000E+01  0.0000E+00  6.0000E-01  0.0000E+00  7.0844E-01 -7.7314E-01 -2.3584E-01  6.0000E-01  5.5386E+00 -4.9386E+00 -9.9156E-02
  2.4000E+01  0.0000E+00  5.0000E+05  0.0000E+00  1.0000E+00  0.0000E+00  0.0000E+00  0.0000E+00  0.0000E+00  0.0000E+00  0.0000E+00  0.0000E+00
  2.4000E+01  0.0000E+00  0.0000E+00  0.0000E+00  0.0000E+00  0.0000E+00  0.0000E+00  0.0000E+00  0.0000E+00  0.0000E+00  0.0000E+00  0.0000E+00
  2.4000E+01  5.0000E-01  0.0000E+00  6.2078E+01  0.0000E+00  4.4837E+01  7.8666E-01  5.9248E-01  6.2078E+01  3.6106E+01  2.5972E+01  9.0581E-01
  2.4000E+01  1.0000E+00  0.0000E+00  1.7933E+01  0.0000E+00  4.3227E+01 -6.9313E-01 -9.0159E-01  1.7933E+01  3.3971E+01 -1.6038E+01 -6.5792E-01
  2.4000E+01  2.0000E+00  0.0000E+00  2.0081E+01  0.0000E+00  4.0325E+01 -5.3574E-01 -7.7351E-01  2.0081E+01  3.0165E+01 -1.0084E+01 -5.5988E-01
  2.4000E+01  4.0000E+00  0.0000E+00  1.3612E+01  0.0000E+00  3.5630E+01 -6.5347E-01 -9.5215E-01  1.3612E+01  2.4119E+01 -1.0507E+01 -8.4617E-01
  2.4000E+01  8.0000E+00  0.0000E+00  7.3308E+01  0.0000E+00  2.9311E+01  2.7361E+00  2.3127E+00  7.3308E+01  1.6280E+01  5.7028E+01  3.4859E+00
  2.4000E+01  2.4000E+01  0.0000E+00  1.2590E+00  0.0000E+00  1.9315E+01 -5.7288E-01 -1.4404E+00  1.2590E+00  5.5386E+00 -4.2796E+00 -1.2890E+00
  2.5000E+01  0.0000E+00  1.2500E+05  0.0000E+00  1.0000E+00  0.0000E+00  0.0000E+00  0.0000E+00  0.0000E+00  0.0000E+00  0.0000E+00  0.0000E+00
  2.5000E+01  6.4850E+02  0.0000E+00  7.4066E+01  0.0000E+00  5.2257E+01  7.9252E-01  6.4302E-01  7.4066E+01  4.2761E+01  3.1305E+01  8.2190E-01
  2.5000E+01  6.4900E+02  0.0000E+00  3.0944E+01  0.0000E+00  5.0920E+01 -4.4139E-01 -6.0445E-01  3.0944E+01  4.0490E+01 -9.5460E+00 -4.2230E-01
  2.5000E+01  6.5000E+02  0.0000E+00  6.1250E+00  0.0000E+00  4.8429E+01 -1.1572E+00 -1.3459E+00  6.1250E+00  3.6417E+01 -3.0292E+01 -1.1829E+00
  2.5000E+01  6.5200E+02  0.0000E+00  3.0089E+01  0.0000E+00  4.4115E+01 -2.5531E-01 -4.8988E-01  3.0089E+01  2.9860E+01  2.2926E-01 -2.7196E-01
  2.5000E+01  6.5600E+02  0.0000E+00  8.4092E+01  0.0000E+00  3.7457E+01  2.2266E+00  1.9183E+00  8.4092E+01  2.1090E+01  6.3002E+01  2.2062E+00
  2.5000E+01  6.7200E+02  0.0000E+00  8.0090E+00  0.0000E+00  2.2758E+01 -5.1538E-01 -9.9855E-01  8.0090E+00  7.8328E+00  1.7619E-01 -5.2185E-01
  2.6000E+01  0.0000E+00  1.2500E+05  0.0000E+00  1.0000E+00  0.0000E+00  0.0000E+00  0.0000E+00  0.0000E+00  0.0000E+00  0.0000E+00  0.0000E+00
  2.6000E+01  6.4850E+02  0.0000E+00  5.0296E+01  0.0000E+00  7.5649E+01  2.5139E-02 -5.1638E-01  5.0296E+01  4.2761E+01  7.5353E+00 -1.0956E-01
  2.6000E+01  6.4900E+02  0.0000E+00  1.4633E+02  0.0000E+00  6.5069E+01  2.2898E+00  1.9242E+00  1.4633E+02  4.0490E+01  1.0584E+02  2.9275E+00
  2.6000E+01  6.5000E+02  0.0000E+00  8.6660E+00  0.0000E+00  4.8659E+01 -1.2057E+00 -1.2664E+00  8.6660E+00  3.6417E+01 -2.7751E+01 -1.2032E+00
  2.6000E+01  6.5200E+02  0.0000E+00  3.1890E+01  0.0000E+00  2.8685E+01 -2.0331E-01  1.7213E-01  3.1890E+01  2.9860E+01  2.0303E+00 -1.5586E-01
  2.6000E+01  6.5600E+02  0.0000E+00  2.1724E+01  0.0000E+00  1.2793E+01  3.4532E-01  1.0755E+00  2.1724E+01  2.1090E+01  6.3444E-01 -1.1153E-01
  2.6000E+01  6.7200E+02  0.0000E+00  2.5220E+00  0.0000E+00  3.0712E+00 -8.5303E-01 -2.7551E-01  2.5220E+00  7.8328E+00 -5.3108E+00 -3.8210E-01
  2.7000E+01  0.0000E+00  1.2500E+05  0.0000E+00  1.0000E+00  0.0000E+00  0.0000E+00  0.0000E+00  0.0000E+00  0.0000E+00  0.0000E+00  0.0000E+00
  2.7000E+01  6.4850E+02  0.0000E+00  2.1252E+02  0.0000E+00  1.1543E+02  2.0746E+00  1.2959E+00  2.1252E+02  4.2761E+01  1.6976E+02  4.0330E+00
  2.7000E+01  6.4900E+02  0.0000E+00  3.0835E+01  0.0000E+00  9.7965E+01 -5.0747E-01 -1.0558E+00  3.0835E+01  4.0490E+01 -9.6550E+00 -1.2456E+00
  2.7000E+01  6.5000E+02  0.0000E+00  1.4641E+02  0.0000E+00  7.1820E+01  1.7724E+00  1.6002E+00  1.4641E+02  3.6417E+01  1.0999E+02  2.7048E+00
  2.7000E+01  6.5200E+02  0.0000E+00  9.8230E+00  0.0000E+00  4.2026E+01 -1.4585E+00 -1.1806E+00  9.8230E+00  2.9860E+01 -2.0037E+01 -1.5387E+00
  2.7000E+01  6.5600E+02  0.0000E+00  3.2820E+01  0.0000E+00  2.0640E+01  4.4627E-01  9.0921E-01  3.2820E+01  2.1090E+01  1.1730E+01 -1.5846E-01
  2.7000E+01  6.7200E+02  0.0000E+00  6.0010E+00  0.0000E+00  6.9297E+00 -5.1533E-01 -2.0649E-01  6.0010E+00  7.8328E+00 -1.8318E+00 -5.7391E-01
  2.8000E+01  0.0000E+00  2.5000E+05  0.0000E+00  1.0000E+00  0.0000E+00  0.0000E+00  0.0000E+00  0.0000E+00  0.0000E+00  0.0000E+00  0.0000E+00
  2.8000E+01  6.4850E+02  0.0000E+00  6.4244E+01  0.0000E+00  5.7011E+01  4.7494E-01  1.9549E-01  6.4244E+01  4.3548E+01  2.0696E+01  5.0529E-01
  2.8000E+01  6.4900E+02  0.0000E+00  3.7738E+01  0.0000E+00  5.5967E+01 -2.0312E-01 -5.0185E-01  3.7738E+01  4.1235E+01 -3.4973E+00 -2.3154E-01
  2.8000E+01  6.5000E+02  0.0000E+00  9.7220E+00  0.0000E+00  5.3999E+01 -9.2775E-01 -1.2634E+00  9.7220E+00  3.7088E+01 -2.7366E+01 -1.0733E+00
  2.8000E+01  6.5200E+02  0.0000E+00  2.0965E+01  0.0000E+00  5.0507E+01 -4.9831E-01 -9.0122E-01  2.0965E+01  3.0409E+01 -9.4444E+00 -6.2994E-01
  2.8000E+01  6.5600E+02  0.0000E+00  1.0345E+02  0.0000E+00  4.4866E+01  2.5280E+00  2.0119E+00  1.0345E+02  2.1478E+01  8.1972E+01  2.9013E+00
  2.8000E+01  6.7200E+02  0.0000E+00  2.1540E+00  0.0000E+00  3.0893E+01 -6.1054E-01 -1.4334E+00  2.1540E+00  7.9770E+00 -5.8230E+00 -9.5194E-01
  2.9000E+01  0.0000E+00  2.5000E+05  0.0000E+00  1.0000E+00  0.0000E+00  0.0000E+00  0.0000E+00  0.0000E+00  0.0000E+00  0.0000E+00  0.0000E+00
  2.9000E+01  6.4850E+02  0.0000E+00  1.4612E+02  0.0000E+00  7.5933E+01  1.7811E+00  1.4241E+00  1.4612E+02  4.3548E+01  1.0257E+02  2.4682E+00
  2.9000E+01  6.4900E+02  0.0000E+00  2.4291E+01  0.0000E+00  7.1296E+01 -7.1074E-01 -1.0158E+00  2.4291E+01  4.1235E+01 -1.6944E+01 -1.0347E+00
  2.9000E+01  6.5000E+02  0.0000E+00  2.4490E+01  0.0000E+00  6.3229E+01 -7.3705E-01 -9.4400E-01  2.4490E+01  3.7088E+01 -1.2598E+01 -9.8086E-01
  2.9000E+01  6.5200E+02  0.0000E+00  8.2620E+01  0.0000E+00  5.0955E+01  9.9281E-01  9.5748E-01  8.2620E+01  3.0409E+01  5.2211E+01  1.2195E+00
  2.9000E+01  6.5600E+02  0.0000E+00  5.3802E+01  0.0000E+00  3.6060E+01  5.4795E-01  7.5808E-01  5.3802E+01  2.1478E+01  3.2324E+01  6.1069E-01
  2.9000E+01  6.7200E+02  0.0000E+00  1.7604E+01  0.0000E+00  1.5907E+01 -4.0618E-01  1.6437E-01  1.7604E+01  7.9770E+00  9.6270E+00 -1.5726E-01
  3.0000E+01  0.0000E+00  2.5000E+05  0.0000E+00  1.0000E+00  0.0000E+00  0.0000E+00  0.0000E+00  0.0000E+00  0.0000E+00  0.0000E+00  0.0000E+00
  3.0000E+01  6.4850E+02  0.0000E+00  2.4478E+01  0.0000E+00  4.9912E+01 -5.6673E-01 -7.8515E-01  2.4478E+01  4.3548E+01 -1.9070E+01 -5.5340E-01
  3.0000E+01  6.4900E+02  0.0000E+00  4.3707E+01  0.0000E+00  4.6269E+01  8.2532E-02 -8.5311E-02  4.3707E+01  4.1235E+01  2.4717E+00  6.5166E-02
  3.0000E+01  6.5000E+02  0.0000E+00  2.1750E+01  0.0000E+00  3.9943E+01 -6.3006E-01 -7.0180E-01  2.1750E+01  3.7088E+01 -1.5338E+01 -5.1726E-01
  3.0000E+01  6.5200E+02  0.0000E+00  7.7547E+01  0.0000E+00  3.0375E+01  2.2991E+00  2.3928E+00  7.7547E+01  3.0409E+01  4.7138E+01  1.6360E+00
  3.0000E+01  6.5600E+02  0.0000E+00  1.7104E+01  0.0000E+00  1.9008E+01 -4.5131E-01 -1.5431E-01  1.7104E+01  2.1478E+01 -4.3738E+00 -2.4359E-01
  3.0000E+01  6.7200E+02  0.0000E+00  1.4920E+00  0.0000E+00  5.6867E+00 -1.3268E+00 -1.1365E+00  1.4920E+00  7.9770E+00 -6.4850E+00 -5.1331E-01
  3.1000E+01  0.0000E+00  5.0000E+05  0.0000E+00  1.0000E+00  0.0000E+00  0.0000E+00  0.0000E+00  0.0000E+00  0.0000E+00  0.0000E+00  0.0000E+00
  3.1000E+01  6.4850E+02  0.0000E+00  1.4763E+02  0.0000E+00  1.0299E+02  1.1574E+00  6.6787E-01  1.4763E+02  4.3952E+01  1.0367E+02  2.1414E+00
  3.1000E+01  6.4900E+02  0.0000E+00  6.0196E+01  0.0000E+00  1.0174E+02 -1.2986E-01 -6.2916E-01  6.0196E+01  4.1618E+01  1.8578E+01 -3.5747E-01
  3.1000E+01  6.5000E+02  0.0000E+00  4.5454E+01  0.0000E+00  9.9392E+01 -3.1836E-01 -8.3615E-01  4.5454E+01  3.7432E+01  8.0217E+00 -8.0849E-01
  3.1000E+01  6.5200E+02  0.0000E+00  3.7415E+01  0.0000E+00  9.5235E+01 -3.8470E-01 -9.3546E-01  3.7415E+01  3.0692E+01  6.7231E+00 -1.0555E+00
  3.1000E+01  6.5600E+02  0.0000E+00  2.0174E+02  0.0000E+00  8.8505E+01  2.5754E+00  1.9712E+00  2.0174E+02  2.1677E+01  1.8006E+02  5.6890E+00
  3.1000E+01  6.7200E+02  0.0000E+00  4.0700E+00  0.0000E+00  7.1000E+01 -7.1181E-01 -1.4525E+00  4.0700E+00  8.0511E+00 -3.9811E+00 -2.1069E+00
  3.2000E+01  0.0000E+00  5.0000E+05  0.0000E+00  1.0000E+00  0.0000E+00  0.0000E+00  0.0000E+00  0.0000E+00  0.0000E+00  0.0000E+00  0.0000E+00
  3.2000E+01  6.4850E+02  0.0000E+00  2.4420E+01  0.0000E+00  7.8338E+01 -7.7708E-01 -1.0605E+00  2.4420E+01  4.3952E+01 -1.9532E+01 -1.1183E+00
  3.2000E+01  6.4900E+02  0.0000E+00  4.5068E+01  0.0000E+00  7.5189E+01 -3.6324E-01 -6.1725E-01  4.5068E+01  4.1618E+01  3.4496E+00 -5.2256E-01
  3.2000E+01  6.5000E+02  0.0000E+00  1.5002E+02  0.0000E+00  6.9544E+01  1.9808E+00  1.7831E+00  1.5002E+02  3.7432E+01  1.1259E+02  2.8570E+00
  3.2000E+01  6.5200E+02  0.0000E+00  8.7104E+01  0.0000E+00  6.0440E+01  7.7614E-01  6.7972E-01  8.7104E+01  3.0692E+01  5.6412E+01  1.0649E+00
  3.2000E+01  6.5600E+02  0.0000E+00  6.0706E+01  0.0000E+00  4.8091E+01  3.4262E-01  4.0416E-01  6.0706E+01  2.1677E+01  3.9029E+01  4.4457E-01
  3.2000E+01  6.7200E+02  0.0000E+00  2.8840E+01  0.0000E+00  2.6717E+01 -2.6345E-01  1.2246E-01  2.8840E+01  8.0511E+00  2.0789E+01 -3.2308E-02
  3.3000E+01  0.0000E+00  5.0000E+05  0.0000E+00  1.0000E+00  0.0000E+00  0.0000E+00  0.0000E+00  0.0000E+00  0.0000E+00  0.0000E+00  0.0000E+00
  3.3000E+01  6.4850E+02  0.0000E+00  9.8501E+01  0.0000E+00  7.4061E+01  6.1542E-01  5.0846E-01  9.8501E+01  4.3952E+01  5.4549E+01  8.9031E-01
  3.3000E+01  6.4900E+02  0.0000E+00  5.3954E+01  0.0000E+00  7.1463E+01 -2.8392E-01 -3.7751E-01  5.3954E+01  4.1618E+01  1.2336E+01 -3.5629E-01
  3.3000E+01  6.5000E+02  0.0000E+00  6.4530E+01  0.0000E+00  6.6756E+01  1.6546E-02 -5.1384E-02  6.4530E+01  3.7432E+01  2.7098E+01  4.9376E-02
  3.3000E+01  6.5200E+02  0.0000E+00  1.3317E+02  0.0000E+00  5.9013E+01  1.9576E+00  1.9363E+00  1.3317E+02  3.0692E+01  1.0248E+02  2.6662E+00
  3.3000E+01  6.5600E+02  0.0000E+00  3.9382E+01  0.0000E+00  4.8112E+01 -3.3413E-01 -2.7958E-01  3.9382E+01  2.1677E+01  1.7705E+01 -3.7075E-01
  3.3000E+01  6.7200E+02  0.0000E+00  3.0098E+01  0.0000E+00  2.7822E+01 -1.1210E-01  1.2606E-01  3.0098E+01  8.0511E+00  2.2047E+01  1.6279E-01
  3.4000E+01  0.0000E+00  1.2500E+05  0.0000E+00  1.0000E+00  0.0000E+00  0.0000E+00  0.0000E+00  0.0000E+00  0.0000E+00  0.0000E+00  0.0000E+00
  3.4000E+01  6.4850E+02  0.0000E+00  3.5010E+01  0.0000E+00  2.3240E+01  4.0992E-01  7.8035E-01  3.5010E+01  4.2761E+01 -7.7507E+00  8.6775E-02
  3.4000E+01  6.4900E+02  0.0000E+00  5.0250E+00  0.0000E+00  2.0475E+01 -1.5555E+00 -1.1626E+00  5.0250E+00  4.0490E+01 -3.5465E+01 -7.5136E-01
  3.4000E+01  6.5000E+02  0.0000E+00  0.0000E+00  1.0000E+00  1.5935E+01  0.0000E+00 -1.5408E+00  0.0000E+00  3.6417E+01  0.0000E+00  0.0000E+00
  3.4000E+01  6.5200E+02  0.0000E+00  6.2690E+00  0.0000E+00  9.7930E+00 -8.9491E-01 -5.5445E-01  6.2690E+00  2.9860E+01 -2.3591E+01 -4.3113E-01
  3.4000E+01  6.5600E+02  0.0000E+00  3.5510E+00  0.0000E+00  3.9900E+00 -2.7258E-01 -1.6952E-01  3.5510E+00  2.1090E+01 -1.7539E+01 -2.5096E-01
  3.4000E+01  6.7200E+02  0.0000E+00  6.0000E-01  0.0000E+00  3.8320E-01  7.0259E-01  8.7172E-01  6.0000E-01  7.8328E+00 -7.2328E+00  6.0855E-02
  3.5000E+01  0.0000E+00  1.2500E+05  0.0000E+00  1.0000E+00  0.0000E+00  0.0000E+00  0.0000E+00  0.0000E+00  0.0000E+00  0.0000E+00  0.0000E+00
  3.5000E+01  6.4850E+02  0.0000E+00  2.1542E+01  0.0000E+00  1.3897E+01  7.9484E-02  8.4755E-01  2.1542E+01  4.2761E+01 -2.1219E+01 -2.1043E-01
  3.5000E+01  6.4900E+02  0.0000E+00  8.6120E+00  0.0000E+00  1.2721E+01 -1.2338E+00 -4.9769E-01  8.6120E+00  4.0490E+01 -3.1878E+01 -5.4277E-01
  3.5000E+01  6.5000E+02  0.0000E+00  6.8900E+00  0.0000E+00  1.0671E+01 -1.2130E+00 -5.4593E-01  6.8900E+00  3.6417E+01 -2.9527E+01 -5.0115E-01
  3.5000E+01  6.5200E+02  0.0000E+00  2.5340E+00  0.0000E+00  7.5600E+00 -1.5478E+00 -1.0243E+00  2.5340E+00  2.9860E+01 -2.7326E+01 -4.7828E-01
  3.5000E+01  6.5600E+02  0.0000E+00  5.9780E+00  0.0000E+00  3.9139E+00  5.1525E-01  8.1259E-01  5.9780E+00  2.1090E+01 -1.5112E+01 -7.7270E-02
  3.5000E+01  6.7200E+02  0.0000E+00  6.0000E-01  0.0000E+00  4.5616E-01  1.4224E-01  4.8584E-01  6.0000E-01  7.8328E+00 -7.2328E+00  1.1593E-01
  3.6000E+01  0.0000E+00  1.2500E+05  0.0000E+00  1.0000E+00  0.0000E+00  0.0000E+00  0.0000E+00  0.0000E+00  0.0000E+00  0.0000E+00  0.0000E+00
  3.6000E+01  6.4850E+02  0.0000E+00  3.4776E+01  0.0000E+00  2.0274E+01  5.9424E-01  1.1021E+00  3.4776E+01  4.2761E+01 -7.9847E+00  1.1389E-01
  3.6000E+01  6.4900E+02  0.0000E+00  1.3631E+01  0.0000E+00  1.8106E+01 -8.7487E-01 -3.8080E-01  1.3631E+01  4.0490E+01 -2.6859E+01 -4.5208E-01
  3.6000E+01  6.5000E+02  0.0000E+00  4.0710E+00  0.0000E+00  1.4471E+01 -1.5542E+00 -1.1073E+00  4.0710E+00  3.6417E+01 -3.2346E+01 -6.5273E-01
  3.6000E+01  6.5200E+02  0.0000E+00  4.7670E+00  0.0000E+00  9.3529E+00 -1.0636E+00 -7.5548E-01  4.7670E+00  2.9860E+01 -2.5093E+01 -4.4633E-01
  3.6000E+01  6.5600E+02  0.0000E+00  5.2920E+00  0.0000E+00  4.1404E+00  3.6525E-01  4.2854E-01  5.2920E+00  2.1090E+01 -1.5798E+01 -1.3936E-01
  3.6000E+01  6.7200E+02  0.0000E+00  6.0000E-01  0.0000E+00  4.1270E-01  4.3917E-01  6.9927E-01  6.0000E-01  7.8328E+00 -7.2328E+00  9.9264E-02
  3.7000E+01  0.0000E+00  2.5000E+05  0.0000E+00  1.0000E+00  0.0000E+00  0.0000E+00  0.0000E+00  0.0000E+00  0.0000E+00  0.0000E+00  0.0000E+00
  3.7000E+01  6.4850E+02  0.0000E+00  2.8486E+01  0.0000E+00  1.8089E+01  1.6326E-01  8.8566E-01  2.8486E+01  4.3548E+01 -1.5062E+01 -1.0273E-01
  3.7000E+01  6.4900E+02  0.0000E+00  1.1131E+01  0.0000E+00  1.6550E+01 -1.2136E+00 -5.0448E-01  1.1131E+01  4.1235E+01 -3.0104E+01 -5.5477E-01
  3.7000E+01  6.5000E+02  0.0000E+00  1.5256E+01  0.0000E+00  1.3876E+01 -5.2059E-01  1.5325E-01  1.5256E+01  3.7088E+01 -2.1832E+01 -3.2013E-01
  3.7000E+01  6.5200E+02  0.0000E+00  1.0727E+01  0.0000E+00  9.8395E+00 -4.3968E-01  1.3898E-01  1.0727E+01  3.0409E+01 -1.9682E+01 -2.7322E-01
  3.7000E+01  6.5600E+02  0.0000E+00  4.5780E+00  0.0000E+00  5.1451E+00 -5.3418E-01 -1.6984E-01  4.5780E+00  2.1478E+01 -1.6900E+01 -2.1940E-01
  3.7000E+01  6.7200E+02  0.0000E+00  1.0060E+00  0.0000E+00  6.7666E-01  4.6465E-01  7.4991E-01  1.0060E+00  7.9770E+00 -6.9710E+00  6.4499E-02
  3.8000E+01  0.0000E+00  2.5000E+05  0.0000E+00  1.0000E+00  0.0000E+00  0.0000E+00  0.0000E+00  0.0000E+00  0.0000E+00  0.0000E+00  0.0000E+00
  3.8000E+01  6.4850E+02  0.0000E+00  3.0100E+01  0.0000E+00  2.2243E+01 -3.4309E-02  5.4427E-01  3.0100E+01  4.3548E+01 -1.3448E+01 -1.3242E-01
  3.8000E+01  6.4900E+02  0.0000E+00  2.6832E+01  0.0000E+00  2.0673E+01 -1.1605E-01  4.5907E-01  2.6832E+01  4.1235E+01 -1.4403E+01 -1.6321E-01
  3.8000E+01  6.5000E+02  0.0000E+00  1.0962E+01  0.0000E+00  1.7890E+01 -1.1643E+00 -5.9668E-01  1.0962E+01  3.7088E+01 -2.6126E+01 -5.4871E-01
  3.8000E+01  6.5200E+02  0.0000E+00  1.5374E+01  0.0000E+00  1.3523E+01 -3.4186E-01  2.1086E-01  1.5374E+01  3.0409E+01 -1.5035E+01 -2.0928E-01
  3.8000E+01  6.5600E+02  0.0000E+00  1.1924E+01  0.0000E+00  8.0310E+00  2.1010E-01  7.4689E-01  1.1924E+01  2.1478E+01 -9.5538E+00 -3.4264E-02
  3.8000E+01  6.7200E+02  0.0000E+00  2.0360E+00  0.0000E+00  1.5694E+00 -1.6887E-01  4.5812E-01  2.0360E+00  7.9770E+00 -5.9410E+00  4.1427E-03
  3.9000E+01  0.0000E+00  2.5000E+05  0.0000E+00  1.0000E+00  0.0000E+00  0.0000E+00  0.0000E+00  0.0000E+00  0.0000E+00  0.0000E+00  0.0000E+00
  3.9000E+01  6.4850E+02  0.0000E+00  4.0823E+01  0.0000E+00  2.3112E+01  6.6029E-01  1.1807E+00  4.0823E+01  4.3548E+01 -2.7248E+00  1.8910E-01
  3.9000E+01  6.4900E+02  0.0000E+00  1.4413E+01  0.0000E+00  2.1240E+01 -1.0038E+00 -4.9525E-01  1.4413E+01  4.1235E+01 -2.6822E+01 -5.2132E-01
  3.9000E+01  6.5000E+02  0.0000E+00  1.2523E+01  0.0000E+00  1.7977E+01 -9.4572E-01 -4.6748E-01  1.2523E+01  3.7088E+01 -2.4565E+01 -4.7444E-01
  3.9000E+01  6.5200E+02  0.0000E+00  1.5130E+01  0.0000E+00  1.3016E+01 -1.4989E-01  2.5024E-01  1.5130E+01  3.0409E+01 -1.5279E+01 -1.8120E-01
  3.9000E+01  6.5600E+02  0.0000E+00  5.8410E+00  0.0000E+00  7.1468E+00 -5.1875E-01 -2.8152E-01  5.8410E+00  2.1478E+01 -1.5637E+01 -2.2844E-01
  3.9000E+01  6.7200E+02  0.0000E+00  1.7660E+00  0.0000E+00  1.1679E+00  5.4909E-01  7.8911E-01  1.7660E+00  7.9770E+00 -6.2110E+00  5.7688E-02
  4.0000E+01  0.0000E+00  5.0000E+05  0.0000E+00  1.0000E+00  0.0000E+00  0.0000E+00  0.0000E+00  0.0000E+00  0.0000E+00  0.0000E+00  0.0000E+00
  4.0000E+01  6.4850E+02  0.0000E+00  4.5391E+01  0.0000E+00  3.5002E+01  2.4170E-01  4.5735E-01  4.5391E+01  4.3952E+01  1.4387E+00  1.2935E-01
  4.0000E+01  6.4900E+02  0.0000E+00  3.4480E+01  0.0000E+00  3.3757E+01 -1.5932E-01  3.2998E-02  3.4480E+01  4.1618E+01 -7.1384E+00 -1.2784E-01
  4.0000E+01  6.5000E+02  0.0000E+00  1.3880E+01  0.0000E+00  3.1452E+01 -1.0080E+00 -8.6082E-01  1.3880E+01  3.7432E+01 -2.3552E+01 -6.7533E-01
  4.0000E+01  6.5200E+02  0.0000E+00  2.0645E+01  0.0000E+00  2.7506E+01 -4.4727E-01 -3.8432E-01  2.0645E+01  3.0692E+01 -1.0047E+01 -2.9147E-01
  4.0000E+01  6.5600E+02  0.0000E+00  4.6133E+01  0.0000E+00  2.1586E+01  1.8360E+00  1.7522E+00  4.6133E+01  2.1677E+01  2.4456E+01  1.0214E+00
  4.0000E+01  6.7200E+02  0.0000E+00  9.7100E-01  0.0000E+00  1.0016E+01 -8.8412E-01 -1.3914E+00  9.7100E-01  8.0511E+00 -7.0801E+00 -4.4173E-01
  4.1000E+01  0.0000E+00  5.0000E+05  0.0000E+00  1.0000E+00  0.0000E+00  0.0000E+00  0.0000E+00  0.0000E+00  0.0000E+00  0.0000E+00  0.0000E+00
  4.1000E+01  6.4850E+02  0.0000E+00  6.4231E+01  0.0000E+00  3.8776E+01  9.1343E-01  1.0114E+00  6.4231E+01  4.3952E+01  2.0279E+01  6.4339E-01
  4.1000E+01  6.4900E+02  0.0000E+00  2.8485E+01  0.0000E+00  3.5849E+01 -4.4353E-01 -3.1649E-01  2.8485E+01  4.1618E+01 -1.3133E+01 -3.2129E-01
  4.1000E+01  6.5000E+02  0.0000E+00  9.4640E+00  0.0000E+00  3.0749E+01 -1.2484E+00 -1.0666E+00  9.4640E+00  3.7432E+01 -2.7968E+01 -8.1014E-01
  4.1000E+01  6.5200E+02  0.0000E+00  3.0919E+01  0.0000E+00  2.2996E+01  2.5448E-01  5.3087E-01  3.0919E+01  3.0692E+01  2.2710E-01  1.1404E-01
  4.1000E+01  6.5600E+02  0.0000E+00  2.5956E+01  0.0000E+00  1.3746E+01  9.7473E-01  1.3685E+00  2.5956E+01  2.1677E+01  4.2787E+00  3.0134E-01
  4.1000E+01  6.7200E+02  0.0000E+00  6.0000E-01  0.0000E+00  3.3599E+00 -1.4684E+00 -1.2656E+00  6.0000E-01  8.0511E+00 -7.4511E+00 -3.1947E-01
  4.2000E+01  0.0000E+00  5.0000E+05  0.0000E+00  1.0000E+00  0.0000E+00  0.0000E+00  0.0000E+00  0.0000E+00  0.0000E+00  0.0000E+00  0.0000E+00
  4.2000E+01  6.4850E+02  0.0000E+00  4.0872E+01  0.0000E+00  2.9015E+01  3.2321E-01  6.2963E-01  4.0872E+01  4.3952E+01 -3.0803E+00  1.0842E-01
  4.2000E+01  6.4900E+02  0.0000E+00  1.4567E+01  0.0000E+00  2.6742E+01 -1.0298E+00 -7.0149E-01  1.4567E+01  4.1618E+01 -2.7051E+01 -5.9845E-01
  4.2000E+01  6.5000E+02  0.0000E+00  3.1051E+01  0.0000E+00  2.2776E+01  1.9004E-01  5.5976E-01  3.1051E+01  3.7432E+01 -6.3813E+00  2.5448E-02
  4.2000E+01  6.5200E+02  0.0000E+00  1.0596E+01  0.0000E+00  1.6735E+01 -1.0079E+00 -5.6523E-01  1.0596E+01  3.0692E+01 -2.0096E+01 -4.5167E-01
  4.2000E+01  6.5600E+02  0.0000E+00  1.9287E+01  0.0000E+00  9.5381E+00  1.0354E+00  1.5748E+00  1.9287E+01  2.1677E+01 -2.3903E+00  1.8666E-01
  4.2000E+01  6.7200E+02  0.0000E+00  6.0000E-01  0.0000E+00  1.8598E+00 -1.3462E+00 -1.0437E+00  6.0000E-01  8.0511E+00 -7.4511E+00 -1.6172E-01
  4.3000E+01  0.0000E+00  3.0000E+05  0.0000E+00  1.0000E+00  0.0000E+00  0.0000E+00  0.0000E+00  0.0000E+00  0.0000E+00  0.0000E+00  0.0000E+00
  4.3000E+01  0.0000E+00  0.0000E+00  0.0000E+00  0.0000E+00  0.0000E+00  0.0000E+00  0.0000E+00  0.0000E+00  0.0000E+00  0.0000E+00  0.0000E+00
  4.3000E+01  5.0000E-01  0.0000E+00  1.3907E+02  0.0000E+00  6.7980E+01  1.9081E+00  1.6113E+00  1.3907E+02  3.5884E+01  1.0319E+02  2.9179E+00
  4.3000E+01  1.0000E+00  0.0000E+00  5.9990E+01  0.0000E+00  6.1619E+01  2.1150E-01 -4.0744E-02  5.9990E+01  3.3762E+01  2.6228E+01  2.6137E-01
  4.3000E+01  2.0000E+00  0.0000E+00  3.9920E+01  0.0000E+00  5.0982E+01 -1.5826E-01 -3.3432E-01  3.9920E+01  2.9979E+01  9.9410E+00 -2.7383E-01
  4.3000E+01  4.0000E+00  0.0000E+00  2.2690E+01  0.0000E+00  3.6030E+01 -5.0751E-01 -5.7048E-01  2.2690E+01  2.3971E+01 -1.2806E+00 -6.6187E-01
  4.3000E+01  8.0000E+00  0.0000E+00  3.2950E+01  0.0000E+00  2.0577E+01  8.4306E-01  9.2649E-01  3.2950E+01  1.6179E+01  1.6771E+01  8.7616E-01
  4.4000E+01  0.0000E+00  3.0000E+05  0.0000E+00  1.0000E+00  0.0000E+00  0.0000E+00  0.0000E+00  0.0000E+00  0.0000E+00  0.0000E+00  0.0000E+00
  4.4000E+01  0.0000E+00  0.0000E+00  0.0000E+00  0.0000E+00  0.0000E+00  0.0000E+00  0.0000E+00  0.0000E+00  0.0000E+00  0.0000E+00  0.0000E+00
  4.4000E+01  5.0000E-01  0.0000E+00  7.3190E+01  0.0000E+00  3.9150E+01  1.2429E+00  1.3397E+00  7.3190E+01  3.5884E+01  3.7306E+01  1.1553E+00
  4.4000E+01  1.0000E+00  0.0000E+00  3.4490E+01  0.0000E+00  3.6811E+01 -1.8925E-01 -9.7166E-02  3.4490E+01  3.3762E+01  7.2801E-01 -1.4341E-01
  4.4000E+01  2.0000E+00  0.0000E+00  3.0340E+01  0.0000E+00  3.2656E+01 -1.9179E-01 -1.0925E-01  3.0340E+01  2.9979E+01  3.6105E-01 -1.4953E-01
  4.4000E+01  4.0000E+00  0.0000E+00  1.1700E+01  0.0000E+00  2.6095E+01 -9.1454E-01 -8.4996E-01  1.1700E+01  2.3971E+01 -1.2271E+01 -8.1903E-01
  4.4000E+01  8.0000E+00  0.0000E+00  2.7960E+01  0.0000E+00  1.7677E+01  8.5328E-01  8.9628E-01  2.7960E+01  1.6179E+01  1.1781E+01  7.3793E-01
  4.5000E+01  0.0000E+00  3.0000E+05  0.0000E+00  1.0000E+00  0.0000E+00  0.0000E+00  0.0000E+00  0.0000E+00  0.0000E+00  0.0000E+00  0.0000E+00
  4.5000E+01  0.0000E+00  0.0000E+00  0.0000E+00  0.0000E+00  0.0000E+00  0.0000E+00  0.0000E+00  0.0000E+00  0.0000E+00  0.0000E+00  0.0000E+00
  4.5000E+01  5.0000E-01  0.0000E+00  4.8070E+01  0.0000E+00  3.2800E+01  4.2295E-01  7.1732E-01  4.8070E+01  3.5884E+01  1.2186E+01  3.5418E-01
  4.5000E+01  1.0000E+00  0.0000E+00  4.1740E+01  0.0000E+00  2.9999E+01  2.8264E-01  6.0303E-01  4.1740E+01  3.3762E+01  7.9780E+00  2.3683E-01
  4.5000E+01  2.0000E+00  0.0000E+00  2.8020E+01  0.0000E+00  2.5171E+01 -1.9137E-01  1.7438E-01  2.8020E+01  2.9979E+01 -1.9590E+00 -1.3325E-01
  4.5000E+01  4.0000E+00  0.0000E+00  1.6530E+01  0.0000E+00  1.7988E+01 -5.5956E-01 -1.2492E-01  1.6530E+01  2.3971E+01 -7.4406E+00 -3.9951E-01
  4.5000E+01  8.0000E+00  0.0000E+00  1.3990E+01  0.0000E+00  9.8106E+00  1.3079E-01  6.5640E-01  1.3990E+01  1.6179E+01 -2.1893E+00 -4.5295E-02
  4.6000E+01  0.0000E+00  8.0000E+05  0.0000E+00  1.0000E+00  0.0000E+00  0.0000E+00  0.0000E+00  0.0000E+00  0.0000E+00  0.0000E+00  0.0000E+00
  4.6000E+01  0.0000E+00  0.0000E+00  0.0000E+00  0.0000E+00  0.0000E+00  0.0000E+00  0.0000E+00  0.0000E+00  0.0000E+00  0.0000E+00  0.0000E+00
  4.6000E+01  5.0000E-01  0.0000E+00  7.8270E+01  0.0000E+00  6.0958E+01  5.3022E-01  4.3757E-01  7.8270E+01  3.6233E+01  4.2037E+01  9.0037E-01
  4.6000E+01  1.0000E+00  0.0000E+00  7.9700E+01  0.0000E+00  5.8273E+01  6.6934E-01  5.6653E-01  7.9700E+01  3.4090E+01  4.5610E+01  1.0894E+00
  4.6000E+01  2.0000E+00  0.0000E+00  4.3450E+01  0.0000E+00  5.3529E+01 -1.6383E-01 -2.9013E-01  4.3450E+01  3.0270E+01  1.3180E+01 -2.0996E-01
  4.6000E+01  4.0000E+00  0.0000E+00  4.6070E+01  0.0000E+00  4.6146E+01  1.7945E-01 -2.5358E-03  4.6070E+01  2.4203E+01  2.1867E+01  1.3033E-01
  4.6000E+01  8.0000E+00  0.0000E+00  8.2900E+01  0.0000E+00  3.6939E+01  2.2202E+00  1.9171E+00  8.2900E+01  1.6336E+01  6.6564E+01  3.2148E+00
  4.7000E+01  0.0000E+00  8.0000E+05  0.0000E+00  1.0000E+00  0.0000E+00  0.0000E+00  0.0000E+00  0.0000E+00  0.0000E+00  0.0000E+00  0.0000E+00
  4.7000E+01  0.0000E+00  0.0000E+00  0.0000E+00  0.0000E+00  0.0000E+00  0.0000E+00  0.0000E+00  0.0000E+00  0.0000E+00  0.0000E+00  0.0000E+00
  4.7000E+01  5.0000E-01  0.0000E+00  5.4280E+01  0.0000E+00  4.7314E+01  2.9629E-01  2.2684E-01  5.4280E+01  3.6233E+01  1.8047E+01  3.7250E-01
  4.7000E+01  1.0000E+00  0.0000E+00  1.3120E+01  0.0000E+00  4.4992E+01 -1.0206E+00 -1.0915E+00  1.3120E+01  3.4090E+01 -2.0970E+01 -1.0968E+00
  4.7000E+01  2.0000E+00  0.0000E+00  6.8020E+01  0.0000E+00  4.0846E+01  1.0986E+00  1.0251E+00  6.8020E+01  3.0270E+01  3.7750E+01  1.2845E+00
  4.7000E+01  4.0000E+00  0.0000E+00  5.8220E+01  0.0000E+00  3.4249E+01  1.1560E+00  1.0784E+00  5.8220E+01  2.4203E+01  3.4017E+01  1.3465E+00
  4.7000E+01  8.0000E+00  0.0000E+00  3.2920E+01  0.0000E+00  2.5629E+01  5.1602E-01  4.3830E-01  3.2920E+01  1.6336E+01  1.6584E+01  4.6902E-01
  4.8000E+01  0.0000E+00  8.0000E+05  0.0000E+00  1.0000E+00  0.0000E+00  0.0000E+00  0.0000E+00  0.0000E+00  0.0000E+00  0.0000E+00  0.0000E+00
  4.8000E+01  0.0000E+00  0.0000E+00  0.0000E+00  0.0000E+00  0.0000E+00  0.0000E+00  0.0000E+00  0.0000E+00  0.0000E+00  0.0000E+00  0.0000E+00
  4.8000E+01  5.0000E-01  0.0000E+00  3.6880E+01  0.0000E+00  4.9417E+01 -3.1640E-01 -3.9089E-01  3.6880E+01  3.6233E+01  6.4748E-01 -3.6071E-01
  4.8000E+01  1.0000E+00  0.0000E+00  7.5550E+01  0.0000E+00  4.5416E+01  1.0524E+00  1.0223E+00  7.5550E+01  3.4090E+01  4.1460E+01  1.1888E+00
  4.8000E+01  2.0000E+00  0.0000E+00  4.8520E+01  0.0000E+00  3.8540E+01  3.4538E-01  3.9897E-01  4.8520E+01  3.0270E+01  1.8250E+01  4.0293E-01
  4.8000E+01  4.0000E+00  0.0000E+00  4.8470E+01  0.0000E+00  2.8359E+01  8.9300E-01  1.0927E+00  4.8470E+01  2.4203E+01  2.4267E+01  9.4117E-01
  4.8000E+01  8.0000E+00  0.0000E+00  1.6480E+01  0.0000E+00  1.6791E+01 -4.4386E-01 -2.8520E-02  1.6480E+01  1.6336E+01  1.4357E-01 -2.9158E-01
  4.9000E+01  0.0000E+00  1.5000E+06  0.0000E+00  1.0000E+00  0.0000E+00  0.0000E+00  0.0000E+00  0.0000E+00  0.0000E+00  0.0000E+00  0.0000E+00
  4.9000E+01  0.0000E+00  0.0000E+00  0.0000E+00  0.0000E+00  0.0000E+00  0.0000E+00  0.0000E+00  0.0000E+00  0.0000E+00  0.0000E+00  0.0000E+00
  4.9000E+01  5.0000E-01  0.0000E+00  8.4140E+01  0.0000E+00  4.9092E+01  1.0759E+00  1.1000E+00  8.4140E+01  3.6331E+01  4.7809E+01  1.2375E+00
  4.9000E+01  1.0000E+00  0.0000E+00  5.6530E+01  0.0000E+00  4.5074E+01  3.3639E-01  3.9160E-01  5.6530E+01  3.4183E+01  2.2347E+01  4.0708E-01
  4.9000E+01  2.0000E+00  0.0000E+00  3.9120E+01  0.0000E+00  3.8175E+01 -7.3657E-02  3.8138E-02  3.9120E+01  3.0353E+01  8.7674E+00 -4.5450E-02
  4.9000E+01  4.0000E+00  0.0000E+00  3.1620E+01  0.0000E+00  2.7977E+01 -6.3965E-03  2.0062E-01  3.1620E+01  2.4269E+01  7.3506E+00  2.9722E-02
  4.9000E+01  8.0000E+00  0.0000E+00  2.3630E+01  0.0000E+00  1.6434E+01  3.1697E-01  6.7466E-01  2.3630E+01  1.6381E+01  7.2490E+00  2.8437E-01
  5.0000E+01  0.0000E+00  1.5000E+06  0.0000E+00  1.0000E+00  0.0000E+00  0.0000E+00  0.0000E+00  0.0000E+00  0.0000E+00  0.0000E+00  0.0000E+00
  5.0000E+01  0.0000E+00  0.0000E+00  0.0000E+00  0.0000E+00  0.0000E+00  0.0000E+00  0.0000E+00  0.0000E+00  0.0000E+00  0.0000E+00  0.0000E+00
  5.0000E+01  5.0000E-01  0.0000E+00  1.3535E+02  0.0000E+00  1.0582E+02  9.3411E-01  4.2994E-01  1.3535E+02  3.6331E+01  9.9019E+01  1.9153E+00
  5.0000E+01  1.0000E+00  0.0000E+00  1.8297E+02  0.0000E+00  9.8242E+01  1.8035E+00  1.3288E+00  1.8297E+02  3.4183E+01  1.4879E+02  4.0066E+00
  5.0000E+01  2.0000E+00  0.0000E+00  5.5430E+01  0.0000E+00  8.5535E+01 -1.0754E-01 -5.4230E-01  5.5430E+01  3.0353E+01  2.5077E+01 -6.9753E-01
  5.0000E+01  4.0000E+00  0.0000E+00  7.1500E+01  0.0000E+00  6.7645E+01  5.0006E-01  8.7796E-02  7.1500E+01  2.4269E+01  4.7231E+01  5.4794E-01
  5.0000E+01  8.0000E+00  0.0000E+00  1.0810E+02  0.0000E+00  4.9242E+01  2.3155E+00  1.8417E+00  1.0810E+02  1.6381E+01  9.1719E+01  4.1985E+00
  5.1000E+01  0.0000E+00  1.5000E+06  0.0000E+00  1.0000E+00  0.0000E+00  0.0000E+00  0.0000E+00  0.0000E+00  0.0000E+00  0.0000E+00  0.0000E+00
  5.1000E+01  0.0000E+00  0.0000E+00  0.0000E+00  0.0000E+00  0.0000E+00  0.0000E+00  0.0000E+00  0.0000E+00  0.0000E+00  0.0000E+00  0.0000E+00
  5.1000E+01  5.0000E-01  0.0000E+00  6.1340E+01  0.0000E+00  5.8962E+01  1.6789E-01  6.2146E-02  6.1340E+01  3.6331E+01  2.5009E+01  4.1857E-01
  5.1000E+01  2.0000E+00  0.0000E+00  6.0580E+01  0.0000E+00  5.1869E+01  3.9190E-01  2.5876E-01  6.0580E+01  3.0353E+01  3.0227E+01  6.3022E-01
  5.1000E+01  4.0000E+00  0.0000E+00  5.8890E+01  0.0000E+00  4.4779E+01  6.6556E-01  4.8553E-01  5.8890E+01  2.4269E+01  3.4621E+01  8.7643E-01
  5.1000E+01  8.0000E+00  0.0000E+00  7.5560E+01  0.0000E+00  3.5850E+01  1.9915E+00  1.7067E+00  7.5560E+01  1.6381E+01  5.9179E+01  2.6735E+00
  5.2000E+01  0.0000E+00  3.0000E+05  0.0000E+00  1.0000E+00  0.0000E+00  0.0000E+00  0.0000E+00  0.0000E+00  0.0000E+00  0.0000E+00  0.0000E+00
  5.2000E+01  0.0000E+00  0.0000E+00  0.0000E+00  0.0000E+00  0.0000E+00  0.0000E+00  0.0000E+00  0.0000E+00  0.0000E+00  0.0000E+00  0.0000E+00
  5.2000E+01  5.0000E-01  0.0000E+00  4.9570E+01  0.0000E+00  1.7866E+02  5.0210E-01 -1.1133E+00  4.9570E+01  3.5884E+01  1.3686E+01 -9.3401E-01
  5.2000E+01  1.0000E+00  0.0000E+00  1.3940E+01  0.0000E+00  1.5395E+02 -7.0665E-03 -1.4013E+00  1.3940E+01  3.3762E+01 -1.9822E+01 -2.1834E+00
  5.2000E+01  2.0000E+00  0.0000E+00  3.3956E+02  0.0000E+00  1.1689E+02  3.9783E+00  2.9353E+00  3.3956E+02  2.9979E+01  3.0958E+02  1.2313E+01
  5.2000E+01  4.0000E+00  0.0000E+00  1.5160E+01  0.0000E+00  7.4631E+01 -5.4869E-01 -1.2278E+00  1.5160E+01  2.3971E+01 -8.8106E+00 -1.6700E+00
  5.2000E+01  8.0000E+00  0.0000E+00  2.4800E+00  0.0000E+00  4.4889E+01 -6.9231E-01 -1.4557E+00  2.4800E+00  1.6179E+01 -1.3699E+01 -1.6157E+00
  5.3000E+01  0.0000E+00  3.0000E+05  0.0000E+00  1.0000E+00  0.0000E+00  0.0000E+00  0.0000E+00  0.0000E+00  0.0000E+00  0.0000E+00  0.0000E+00
  5.3000E+01  0.0000E+00  0.0000E+00  0.0000E+00  0.0000E+00  0.0000E+00  0.0000E+00  0.0000E+00  0.0000E+00  0.0000E+00  0.0000E+00  0.0000E+00
  5.3000E+01  5.0000E-01  0.0000E+00  2.7510E+01  0.0000E+00  2.3298E+01 -1.8036E-01  2.7855E-01  2.7510E+01  3.5884E+01 -8.3741E+00 -1.5161E-01
  5.3000E+01  1.0000E+00  0.0000E+00  2.4070E+01  0.0000E+00  2.1765E+01 -2.9324E-01  1.6321E-01  2.4070E+01  3.3762E+01 -9.6920E+00 -2.1737E-01
  5.3000E+01  2.0000E+00  0.0000E+00  3.0780E+01  0.0000E+00  1.9030E+01  5.0075E-01  9.5137E-01  3.0780E+01  2.9979E+01  8.0105E-01  2.0771E-01
  5.3000E+01  4.0000E+00  0.0000E+00  6.7200E+00  0.0000E+00  1.4687E+01 -1.2724E+00 -8.3581E-01  6.7200E+00  2.3971E+01 -1.7251E+01 -7.5041E-01
  5.3000E+01  8.0000E+00  0.0000E+00  1.2390E+01  0.0000E+00  9.0961E+00  1.5003E-01  5.5795E-01  1.2390E+01  1.6179E+01 -3.7893E+00 -4.5899E-02
  5.4000E+01  0.0000E+00  3.0000E+05  0.0000E+00  1.0000E+00  0.0000E+00  0.0000E+00  0.0000E+00  0.0000E+00  0.0000E+00  0.0000E+00  0.0000E+00
  5.4000E+01  0.0000E+00  0.0000E+00  0.0000E+00  0.0000E+00  0.0000E+00  0.0000E+00  0.0000E+00  0.0000E+00  0.0000E+00  0.0000E+00  0.0000E+00
  5.4000E+01  5.0000E-01  0.0000E+00  1.0359E+02  0.0000E+00  5.2070E+01  1.6614E+00  1.5245E+00  1.0359E+02  3.5884E+01  6.7706E+01  2.1193E+00
  5.4000E+01  1.0000E+00  0.0000E+00  3.2890E+01  0.0000E+00  4.4026E+01 -3.7010E-01 -3.8974E-01  3.2890E+01  3.3762E+01 -8.7199E-01 -2.9687E-01
  5.4000E+01  2.0000E+00  0.0000E+00  1.9000E+01  0.0000E+00  3.1684E+01 -7.6481E-01 -6.1681E-01  1.9000E+01  2.9979E+01 -1.0979E+01 -6.8058E-01
  5.4000E+01  4.0000E+00  0.0000E+00  1.3240E+01  0.0000E+00  1.7009E+01 -6.4385E-01 -3.4144E-01  1.3240E+01  2.3971E+01 -1.0731E+01 -6.1665E-01
  5.4000E+01  8.0000E+00  0.0000E+00  9.3200E+00  0.0000E+00  6.0177E+00  4.3603E-01  8.4554E-01  9.3200E+00  1.6179E+01 -6.8593E+00 -2.0812E-01
  5.5000E+01  0.0000E+00  8.0000E+05  0.0000E+00  1.0000E+00  0.0000E+00  0.0000E+00  0.0000E+00  0.0000E+00  0.0000E+00  0.0000E+00  0.0000E+00
  5.5000E+01  0.0000E+00  0.0000E+00  0.0000E+00  0.0000E+00  0.0000E+00  0.0000E+00  0.0000E+00  0.0000E+00  0.0000E+00  0.0000E+00  0.0000E+00
  5.5000E+01  5.0000E-01  0.0000E+00  3.1770E+01  0.0000E+00  5.2253E+01 -4.1909E-01 -6.0399E-01  3.1770E+01  3.6233E+01 -4.4625E+00 -5.0788E-01
  5.5000E+01  1.0000E+00  0.0000E+00  8.0990E+01  0.0000E+00  4.6132E+01  1.2308E+00  1.1642E+00  8.0990E+01  3.4090E+01  4.6900E+01  1.4421E+00
  5.5000E+01  2.0000E+00  0.0000E+00  5.5610E+01  0.0000E+00  3.6162E+01  6.8146E-01  8.2862E-01  5.5610E+01  3.0270E+01  2.5340E+01  7.8859E-01
  5.5000E+01  4.0000E+00  0.0000E+00  2.5940E+01  0.0000E+00  2.2857E+01 -2.7337E-01  2.0782E-01  2.5940E+01  2.4203E+01  1.7366E+00 -1.5079E-01
  5.5000E+01  8.0000E+00  0.0000E+00  1.3110E+01  0.0000E+00  1.0470E+01 -4.5588E-01  3.8846E-01  1.3110E+01  1.6336E+01 -3.2264E+00 -2.9917E-01
  5.6000E+01  0.0000E+00  8.0000E+05  0.0000E+00  1.0000E+00  0.0000E+00  0.0000E+00  0.0000E+00  0.0000E+00  0.0000E+00  0.0000E+00  0.0000E+00
  5.6000E+01  0.0000E+00  0.0000E+00  0.0000E+00  0.0000E+00  0.0000E+00  0.0000E+00  0.0000E+00  0.0000E+00  0.0000E+00  0.0000E+00  0.0000E+00
  5.6000E+01  5.0000E-01  0.0000E+00  4.6710E+01  0.0000E+00  5.1946E+01  4.2835E-02 -1.5531E-01  4.6710E+01  3.6233E+01  1.0477E+01  1.7974E-01
  5.6000E+01  1.0000E+00  0.0000E+00  4.6190E+01  0.0000E+00  4.0323E+01  1.6028E-03  2.2417E-01  4.6190E+01  3.4090E+01  1.2100E+01  2.9481E-01
  5.6000E+01  2.0000E+00  0.0000E+00  5.1680E+01  0.0000E+00  2.4508E+01  8.2328E-01  1.7083E+00  5.1680E+01  3.0270E+01  2.1410E+01  8.3037E-01
  5.6000E+01  4.0000E+00  0.0000E+00  1.1530E+01  0.0000E+00  9.5818E+00 -1.1761E+00  3.1327E-01  1.1530E+01  2.4203E+01 -1.2673E+01 -6.5498E-01
  5.6000E+01  8.0000E+00  0.0000E+00  1.9600E+00  0.0000E+00  2.2553E+00 -1.3760E+00 -2.0175E-01  1.9600E+00  1.6336E+01 -1.4376E+01 -7.1170E-01
  5.7000E+01  0.0000E+00  8.0000E+05  0.0000E+00  1.0000E+00  0.0000E+00  0.0000E+00  0.0000E+00  0.0000E+00  0.0000E+00  0.0000E+00  0.0000E+00
  5.7000E+01  0.0000E+00  0.0000E+00  0.0000E+00  0.0000E+00  0.0000E+00  0.0000E+00  0.0000E+00  0.0000E+00  0.0000E+00  0.0000E+00  0.0000E+00
  5.7000E+01  5.0000E-01  0.0000E+00  4.0780E+01  0.0000E+00  3.8069E+01  1.9198E-02  1.0973E-01  4.0780E+01  3.6233E+01  4.5475E+00  1.5756E-01
  5.7000E+01  2.0000E+00  0.0000E+00  3.0770E+01  0.0000E+00  2.1051E+01 -9.2614E-03  7.1138E-01  3.0770E+01  3.0270E+01  4.9993E-01  8.2729E-02
  5.7000E+01  4.0000E+00  0.0000E+00  1.5530E+01  0.0000E+00  9.8917E+00 -2.7458E-01  8.7825E-01  1.5530E+01  2.4203E+01 -8.6734E+00 -3.1328E-01
  5.7000E+01  8.0000E+00  0.0000E+00  2.6800E+00  0.0000E+00  2.7031E+00 -1.1808E+00 -1.3173E-02  2.6800E+00  1.6336E+01 -1.3656E+01 -6.3541E-01
  5.8000E+01  0.0000E+00  1.5000E+06  0.0000E+00  1.0000E+00  0.0000E+00  0.0000E+00  0.0000E+00  0.0000E+00  0.0000E+00  0.0000E+00  0.0000E+00
  5.8000E+01  0.0000E+00  0.0000E+00  0.0000E+00  0.0000E+00  0.0000E+00  0.0000E+00  0.0000E+00  0.0000E+00  0.0000E+00  0.0000E+00  0.0000E+00
  5.8000E+01  5.0000E-01  0.0000E+00  3.6030E+01  0.0000E+00  5.3906E+01 -4.0650E-01 -5.1094E-01  3.6030E+01  3.6331E+01 -3.0130E-01 -4.9359E-01
  5.8000E+01  1.0000E+00  0.0000E+00  8.2800E+01  0.0000E+00  5.0542E+01  1.0774E+00  9.8342E-01  8.2800E+01  3.4183E+01  4.8617E+01  1.3450E+00
  5.8000E+01  2.0000E+00  0.0000E+00  7.7570E+01  0.0000E+00  4.4644E+01  1.2114E+00  1.1364E+00  7.7570E+01  3.0353E+01  4.7217E+01  1.5295E+00
  5.8000E+01  4.0000E+00  0.0000E+00  2.7970E+01  0.0000E+00  3.5573E+01 -2.8661E-01 -3.2931E-01  2.7970E+01  2.4269E+01  3.7006E+00 -3.6882E-01
  5.8000E+01  8.0000E+00  0.0000E+00  3.5900E+01  0.0000E+00  2.4461E+01  7.0746E-01  7.2051E-01  3.5900E+01  1.6381E+01  1.9519E+01  7.9675E-01
  5.9000E+01  0.0000E+00  1.5000E+06  0.0000E+00  1.0000E+00  0.0000E+00  0.0000E+00  0.0000E+00  0.0000E+00  0.0000E+00  0.0000E+00  0.0000E+00
  5.9000E+01  0.0000E+00  0.0000E+00  0.0000E+00  0.0000E+00  0.0000E+00  0.0000E+00  0.0000E+00  0.0000E+00  0.0000E+00  0.0000E+00  0.0000E+00
  5.9000E+01  5.0000E-01  0.0000E+00  4.2590E+01  0.0000E+00  2.1529E+02  5.3091E-01 -1.2360E+00  4.2590E+01  3.6331E+01  6.2587E+00 -1.7020E+00
  5.9000E+01  1.0000E+00  0.0000E+00  4.7080E+01  0.0000E+00  1.8285E+02  3.4091E-01 -1.1441E+00  4.7080E+01  3.4183E+01  1.2897E+01 -1.4333E+00
  5.9000E+01  2.0000E+00  0.0000E+00  4.2174E+02  0.0000E+00  1.3561E+02  4.2986E+00  3.2510E+00  4.2174E+02  3.0353E+01  3.9139E+02  1.5227E+01
  5.9000E+01  4.0000E+00  0.0000E+00  1.5740E+01  0.0000E+00  8.4784E+01 -6.2344E-01 -1.2547E+00  1.5740E+01  2.4269E+01 -8.5294E+00 -2.0814E+00
  5.9000E+01  8.0000E+00  0.0000E+00  1.7100E+00  0.0000E+00  5.2754E+01 -6.9932E-01 -1.4908E+00  1.7100E+00  1.6381E+01 -1.4671E+01 -1.9338E+00
  6.0000E+01  0.0000E+00  1.5000E+06  0.0000E+00  1.0000E+00  0.0000E+00  0.0000E+00  0.0000E+00  0.0000E+00  0.0000E+00  0.0000E+00  0.0000E+00
  6.0000E+01  0.0000E+00  0.0000E+00  0.0000E+00  0.0000E+00  0.0000E+00  0.0000E+00  0.0000E+00  0.0000E+00  0.0000E+00  0.0000E+00  0.0000E+00
  6.0000E+01  5.0000E-01  0.0000E+00  8.6410E+01  0.0000E+00  8.6393E+01  7.1150E-01  2.9916E-04  8.6410E+01  3.6331E+01  5.0079E+01  1.0023E+00
  6.0000E+01  1.0000E+00  0.0000E+00  4.2610E+01  0.0000E+00  7.2230E+01 -1.8000E-01 -6.3184E-01  4.2610E+01  3.4183E+01  8.4272E+00 -4.2212E-01
  6.0000E+01  2.0000E+00  0.0000E+00  1.2697E+02  0.0000E+00  5.1072E+01  2.3034E+00  2.2898E+00  1.2697E+02  3.0353E+01  9.6617E+01  3.5350E+00
  6.0000E+01  4.0000E+00  0.0000E+00  1.7930E+01  0.0000E+00  2.7140E+01 -1.0481E+00 -5.2287E-01  1.7930E+01  2.4269E+01 -6.3394E+00 -8.5336E-01
  6.0000E+01  8.0000E+00  0.0000E+00  9.4500E+00  0.0000E+00  1.0575E+01 -8.4297E-01 -1.6397E-01  9.4500E+00  1.6381E+01 -6.9310E+00 -6.0041E-01
  6.1000E+01  0.0000E+00  3.0000E+05  0.0000E+00  1.0000E+00  0.0000E+00  0.0000E+00  0.0000E+00  0.0000E+00  0.0000E+00  0.0000E+00  0.0000E+00
  6.1000E+01  6.4850E+02  0.0000E+00  1.4589E+02  0.0000E+00  7.2964E+01  1.7722E+00  1.5400E+00  1.4589E+02  4.3682E+01  1.0221E+02  2.3894E+00
  6.1000E+01  6.4900E+02  0.0000E+00  7.6000E+01  0.0000E+00  6.6835E+01  3.8481E-01  2.1129E-01  7.6000E+01  4.1362E+01  3.4638E+01  4.8548E-01
  6.1000E+01  6.5000E+02  0.0000E+00  4.3800E+01  0.0000E+00  5.6490E+01 -2.7715E-01 -3.4613E-01  4.3800E+01  3.7202E+01  6.5981E+00 -3.3473E-01
  6.1000E+01  6.5200E+02  0.0000E+00  2.3990E+01  0.0000E+00  4.1658E+01 -7.4809E-01 -6.5349E-01  2.3990E+01  3.0503E+01 -6.5130E+00 -7.4518E-01
  6.1000E+01  6.5600E+02  0.0000E+00  3.9490E+01  0.0000E+00  2.5609E+01  5.3998E-01  8.3518E-01  3.9490E+01  2.1544E+01  1.7946E+01  2.7692E-01
  6.2000E+01  0.0000E+00  3.0000E+05  0.0000E+00  1.0000E+00  0.0000E+00  0.0000E+00  0.0000E+00  0.0000E+00  0.0000E+00  0.0000E+00  0.0000E+00
  6.2000E+01  6.4850E+02  0.0000E+00  5.1150E+01  0.0000E+00  3.1059E+01  6.2287E-01  9.9665E-01  5.1150E+01  4.3682E+01  7.4682E+00  3.2545E-01
  6.2000E+01  6.4900E+02  0.0000E+00  3.5010E+01  0.0000E+00  2.8885E+01 -4.9009E-02  3.2671E-01  3.5010E+01  4.1362E+01 -6.3522E+00 -6.7490E-02
  6.2000E+01  6.5000E+02  0.0000E+00  1.9830E+01  0.0000E+00  2.5050E+01 -6.9900E-01 -3.2106E-01  1.9830E+01  3.7202E+01 -1.7372E+01 -4.1268E-01
  6.2000E+01  6.5200E+02  0.0000E+00  1.3470E+01  0.0000E+00  1.9078E+01 -8.3188E-01 -4.5293E-01  1.3470E+01  3.0503E+01 -1.7033E+01 -4.2297E-01
  6.2000E+01  6.5600E+02  0.0000E+00  1.7880E+01  0.0000E+00  1.1646E+01  4.3799E-01  8.2474E-01  1.7880E+01  2.1544E+01 -3.6639E+00  7.2185E-02
  6.3000E+01  0.0000E+00  3.0000E+05  0.0000E+00  1.0000E+00  0.0000E+00  0.0000E+00  0.0000E+00  0.0000E+00  0.0000E+00  0.0000E+00  0.0000E+00
  6.3000E+01  6.4850E+02  0.0000E+00  1.4626E+02  0.0000E+00  1.0165E+02  1.2446E+00  6.7617E-01  1.4626E+02  4.3682E+01  1.0258E+02  2.1444E+00
  6.3000E+01  6.4900E+02  0.0000E+00  1.2381E+02  0.0000E+00  7.8473E+01  9.7523E-01  8.9018E-01  1.2381E+02  4.1362E+01  8.2448E+01  1.6867E+00
  6.3000E+01  6.5000E+02  0.0000E+00  9.0630E+01  0.0000E+00  4.7737E+01  7.4832E-01  1.3844E+00  9.0630E+01  3.7202E+01  5.3428E+01  9.8375E-01
  6.3000E+01  6.5200E+02  0.0000E+00  1.6710E+01  0.0000E+00  1.9989E+01 -1.4560E+00 -2.5274E-01  1.6710E+01  3.0503E+01 -1.3793E+01 -1.1052E+00
  6.3000E+01  6.5600E+02  0.0000E+00  7.8900E+00  0.0000E+00  6.9141E+00 -7.6806E-01  2.1747E-01  7.8900E+00  2.1544E+01 -1.3654E+01 -9.7816E-01
  6.4000E+01  0.0000E+00  8.0000E+05  0.0000E+00  1.0000E+00  0.0000E+00  0.0000E+00  0.0000E+00  0.0000E+00  0.0000E+00  0.0000E+00  0.0000E+00
  6.4000E+01  6.4850E+02  0.0000E+00  1.2051E+02  0.0000E+00  1.0569E+02  4.2980E-01  2.1608E-01  1.2051E+02  4.4106E+01  7.6404E+01  9.3848E-01
  6.4000E+01  6.4900E+02  0.0000E+00  1.8588E+02  0.0000E+00  1.0410E+02  1.4240E+00  1.2106E+00  1.8588E+02  4.1764E+01  1.4412E+02  2.9373E+00
  6.4000E+01  6.5000E+02  0.0000E+00  3.2050E+01  0.0000E+00  1.0112E+02 -8.3976E-01 -1.0525E+00  3.2050E+01  3.7563E+01 -5.5131E+00 -1.7149E+00
  6.4000E+01  6.5200E+02  0.0000E+00  1.0842E+02  0.0000E+00  9.5959E+01  4.1034E-01  2.0009E-01  1.0842E+02  3.0799E+01  7.7621E+01  9.1190E-01
  6.4000E+01  6.5600E+02  0.0000E+00  1.3920E+02  0.0000E+00  8.7866E+01  1.1032E+00  9.0018E-01  1.3920E+02  2.1753E+01  1.1745E+02  2.5878E+00
  6.5000E+01  0.0000E+00  8.0000E+05  0.0000E+00  1.0000E+00  0.0000E+00  0.0000E+00  0.0000E+00  0.0000E+00  0.0000E+00  0.0000E+00  0.0000E+00
  6.5000E+01  6.4850E+02  0.0000E+00  7.7650E+01  0.0000E+00  5.9558E+01  3.9447E-01  4.6804E-01  7.7650E+01  4.4106E+01  3.3544E+01  5.4209E-01
  6.5000E+01  6.4900E+02  0.0000E+00  4.5050E+01  0.0000E+00  5.8415E+01 -4.2015E-01 -3.5251E-01  4.5050E+01  4.1764E+01  3.2861E+00 -3.7741E-01
  6.5000E+01  6.5000E+02  0.0000E+00  4.5490E+01  0.0000E+00  5.6263E+01 -3.5211E-01 -2.9503E-01  4.5490E+01  3.7563E+01  7.9269E+00 -3.3360E-01
  6.5000E+01  6.5200E+02  0.0000E+00  8.0010E+01  0.0000E+00  5.2468E+01  7.6818E-01  8.0879E-01  8.0010E+01  3.0799E+01  4.9211E+01  9.7024E-01
  6.5000E+01  6.5600E+02  0.0000E+00  7.9040E+01  0.0000E+00  4.6394E+01  1.0623E+00  1.0842E+00  7.9040E+01  2.1753E+01  5.7287E+01  1.3324E+00
  6.6000E+01  0.0000E+00  8.0000E+05  0.0000E+00  1.0000E+00  0.0000E+00  0.0000E+00  0.0000E+00  0.0000E+00  0.0000E+00  0.0000E+00  0.0000E+00
  6.6000E+01  6.4850E+02  0.0000E+00  1.1616E+02  0.0000E+00  7.6802E+01  9.3877E-01  7.8959E-01  1.1616E+02  4.4106E+01  7.2054E+01  1.3193E+00
  6.6000E+01  6.4900E+02  0.0000E+00  8.3740E+01  0.0000E+00  7.1269E+01  3.6707E-01  2.6962E-01  8.3740E+01  4.1764E+01  4.1976E+01  4.9717E-01
  6.6000E+01  6.5000E+02  0.0000E+00  8.9320E+01  0.0000E+00  6.1789E+01  6.9301E-01  6.8651E-01  8.9320E+01  3.7563E+01  5.1757E+01  8.8058E-01
  6.6000E+01  6.5200E+02  0.0000E+00  8.4270E+01  0.0000E+00  4.7791E+01  1.0470E+00  1.1761E+00  8.4270E+01  3.0799E+01  5.3471E+01  1.1078E+00
  6.6000E+01  6.5600E+02  0.0000E+00  1.4300E+01  0.0000E+00  3.1745E+01 -1.1130E+00 -8.4672E-01  1.4300E+01  2.1753E+01 -7.4531E+00 -1.0383E+00
  6.7000E+01  0.0000E+00  1.5000E+06  0.0000E+00  1.0000E+00  0.0000E+00  0.0000E+00  0.0000E+00  0.0000E+00  0.0000E+00  0.0000E+00  0.0000E+00
  6.7000E+01  6.4850E+02  0.0000E+00  5.2270E+01  0.0000E+00  6.4019E+01 -1.5976E-02 -2.8278E-01  5.2270E+01  4.4226E+01  8.0438E+00  3.1043E-02
  6.7000E+01  6.4900E+02  0.0000E+00  5.2440E+01  0.0000E+00  6.3161E+01  1.9113E-02 -2.6153E-01  5.2440E+01  4.1878E+01  1.0562E+01  5.0733E-02
  6.7000E+01  6.5000E+02  0.0000E+00  3.1880E+01  0.0000E+00  6.1526E+01 -4.3550E-01 -7.4241E-01  3.1880E+01  3.7666E+01 -5.7855E+00 -5.6955E-01
  6.7000E+01  6.5200E+02  0.0000E+00  1.6970E+01  0.0000E+00  5.8576E+01 -7.4030E-01 -1.0944E+00  1.6970E+01  3.0883E+01 -1.3913E+01 -1.0764E+00
  6.7000E+01  6.5600E+02  0.0000E+00  1.1908E+02  0.0000E+00  5.3654E+01  2.3104E+00  1.8789E+00  1.1908E+02  2.1812E+01  9.7268E+01  3.0436E+00
  6.8000E+01  0.0000E+00  1.5000E+06  0.0000E+00  1.0000E+00  0.0000E+00  0.0000E+00  0.0000E+00  0.0000E+00  0.0000E+00  0.0000E+00  0.0000E+00
  6.8000E+01  6.4850E+02  0.0000E+00  1.9869E+02  0.0000E+00  1.0043E+02  1.9686E+00  1.5075E+00  1.9869E+02  4.4226E+01  1.5446E+02  3.3974E+00
  6.8000E+01  6.4900E+02  0.0000E+00  9.8040E+01  0.0000E+00  9.0983E+01  4.6814E-01  1.1952E-01  9.8040E+01  4.1878E+01  5.6162E+01  6.5054E-01
  6.8000E+01  6.5000E+02  0.0000E+00  4.2910E+01  0.0000E+00  7.5476E+01 -5.1691E-01 -6.6481E-01  4.2910E+01  3.7666E+01  5.2445E+00 -8.6972E-01
  6.8000E+01  6.5200E+02  0.0000E+00  9.0750E+01  0.0000E+00  5.4377E+01  8.6993E-01  1.0306E+00  9.0750E+01  3.0883E+01  5.9867E+01  1.0639E+00
  6.8000E+01  6.5600E+02  0.0000E+00  3.6010E+01  0.0000E+00  3.3506E+01 -3.7822E-01  1.1512E-01  3.6010E+01  2.1812E+01  1.4198E+01 -4.2154E-01
  6.9000E+01  0.0000E+00  1.5000E+06  0.0000E+00  1.0000E+00  0.0000E+00  0.0000E+00  0.0000E+00  0.0000E+00  0.0000E+00  0.0000E+00  0.0000E+00
  6.9000E+01  6.4850E+02  0.0000E+00  9.0160E+01  0.0000E+00  9.4710E+01  1.8703E-01 -7.4014E-02  9.0160E+01  4.4226E+01  4.5934E+01  4.6998E-01
  6.9000E+01  6.4900E+02  0.0000E+00  6.9290E+01  0.0000E+00  9.3682E+01 -1.3366E-01 -4.0118E-01  6.9290E+01  4.1878E+01  2.7412E+01 -1.4812E-01
  6.9000E+01  6.5000E+02  0.0000E+00  1.0651E+02  0.0000E+00  9.1733E+01  5.2776E-01  2.4819E-01  1.0651E+02  3.7666E+01  6.8844E+01  9.9834E-01
  6.9000E+01  6.5200E+02  0.0000E+00  4.1830E+01  0.0000E+00  8.8239E+01 -5.0997E-01 -8.1037E-01  4.1830E+01  3.0883E+01  1.0947E+01 -1.1663E+00
  6.9000E+01  6.5600E+02  0.0000E+00  1.7757E+02  0.0000E+00  8.2452E+01  2.1096E+00  1.7775E+00  1.7757E+02  2.1812E+01  1.5576E+02  4.2483E+00
  7.0000E+01  0.0000E+00  3.0000E+05  0.0000E+00  1.0000E+00  0.0000E+00  0.0000E+00  0.0000E+00  0.0000E+00  0.0000E+00  0.0000E+00  0.0000E+00
  7.0000E+01  6.4850E+02  0.0000E+00  4.8230E+01  0.0000E+00  3.5628E+01  2.9806E-01  5.4502E-01  4.8230E+01  4.3682E+01  4.5482E+00  2.6447E-01
  7.0000E+01  6.4900E+02  0.0000E+00  4.4410E+01  0.0000E+00  2.9404E+01  3.7513E-01  7.8629E-01  4.4410E+01  4.1362E+01  3.0478E+00  2.4947E-01
  7.0000E+01  6.5000E+02  0.0000E+00  1.5100E+01  0.0000E+00  2.0136E+01 -1.0281E+00 -3.8535E-01  1.5100E+01  3.7202E+01 -2.2102E+01 -5.0804E-01
  7.0000E+01  6.5200E+02  0.0000E+00  1.2460E+01  0.0000E+00  9.7430E+00 -3.9573E-01  4.2967E-01  1.2460E+01  3.0503E+01 -1.8043E+01 -3.6493E-01
  7.0000E+01  6.5600E+02  0.0000E+00  3.7700E+00  0.0000E+00  2.8002E+00 -2.8682E-01  5.3363E-01  3.7700E+00  2.1544E+01 -1.7774E+01 -3.5821E-01
  7.1000E+01  0.0000E+00  3.0000E+05  0.0000E+00  1.0000E+00  0.0000E+00  0.0000E+00  0.0000E+00  0.0000E+00  0.0000E+00  0.0000E+00  0.0000E+00
  7.1000E+01  6.4850E+02  0.0000E+00  4.7400E+00  0.0000E+00  5.6210E+01 -9.6628E-01 -1.4109E+00  4.7400E+00  4.3682E+01 -3.8942E+01 -1.0564E+00
  7.1000E+01  6.4900E+02  0.0000E+00  2.5070E+01  0.0000E+00  5.4891E+01 -3.7134E-01 -8.3708E-01  2.5070E+01  4.1362E+01 -1.6292E+01 -4.4835E-01
  7.1000E+01  6.5000E+02  0.0000E+00  2.1560E+01  0.0000E+00  5.2429E+01 -4.0084E-01 -9.0719E-01  2.1560E+01  3.7202E+01 -1.5642E+01 -5.1052E-01
  7.1000E+01  6.5200E+02  0.0000E+00  1.0875E+02  0.0000E+00  4.8146E+01  2.5202E+00  1.9395E+00  1.0875E+02  3.0503E+01  7.8247E+01  2.6877E+00
  7.1000E+01  6.5600E+02  0.0000E+00  7.8300E+00  0.0000E+00  4.1468E+01 -5.4325E-01 -1.2499E+00  7.8300E+00  2.1544E+01 -1.3714E+01 -7.4954E-01
  7.2000E+01  0.0000E+00  3.0000E+05  0.0000E+00  1.0000E+00  0.0000E+00  0.0000E+00  0.0000E+00  0.0000E+00  0.0000E+00  0.0000E+00  0.0000E+00
  7.2000E+01  6.4850E+02  0.0000E+00  4.0010E+01  0.0000E+00  3.0689E+01  5.8805E-02  4.6795E-01  4.0010E+01  4.3682E+01 -3.6718E+00 -1.0159E-02
  7.2000E+01  6.4900E+02  0.0000E+00  3.8130E+01  0.0000E+00  2.8972E+01  7.8373E-02  4.8706E-01  3.8130E+01  4.1362E+01 -3.2322E+00  3.2467E-03
  7.2000E+01  6.5000E+02  0.0000E+00  1.8120E+01  0.0000E+00  2.5878E+01 -8.7094E-01 -4.6191E-01  1.8120E+01  3.7202E+01 -1.9082E+01 -5.0623E-01
  7.2000E+01  6.5200E+02  0.0000E+00  3.1290E+01  0.0000E+00  2.0861E+01  3.5547E-01  7.7024E-01  3.1290E+01  3.0503E+01  7.8701E-01  1.4547E-01
  7.2000E+01  6.5600E+02  0.0000E+00  0.0000E+00  1.0000E+00  1.4104E+01  0.0000E+00 -1.5408E+00  0.0000E+00  2.1544E+01  0.0000E+00  0.0000E+00
  7.3000E+01  0.0000E+00  8.0000E+05  0.0000E+00  1.0000E+00  0.0000E+00  0.0000E+00  0.0000E+00  0.0000E+00  0.0000E+00  0.0000E+00  0.0000E+00
  7.3000E+01  6.4850E+02  0.0000E+00  3.0150E+01  0.0000E+00  1.3059E+02 -2.5802E-01 -1.1851E+00  3.0150E+01  4.4106E+01 -1.3956E+01 -7.0995E-01
  7.3000E+01  6.4900E+02  0.0000E+00  2.0340E+01  0.0000E+00  1.2955E+02 -3.6246E-01 -1.2989E+00  2.0340E+01  4.1764E+01 -2.1424E+01 -1.1342E+00
  7.3000E+01  6.5000E+02  0.0000E+00  2.7190E+01  0.0000E+00  1.2757E+02 -2.5815E-01 -1.2124E+00  2.7190E+01  3.7563E+01 -1.0373E+01 -1.1833E+00
  7.3000E+01  6.5200E+02  0.0000E+00  2.9340E+01  0.0000E+00  1.2402E+02 -1.8987E-01 -1.1763E+00  2.9340E+01  3.0799E+01 -1.4592E+00 -1.4994E+00
  7.3000E+01  6.5600E+02  0.0000E+00  2.7043E+02  0.0000E+00  1.1811E+02  3.0270E+00  1.9870E+00  2.7043E+02  2.1753E+01  2.4868E+02  7.7611E+00
  7.4000E+01  0.0000E+00  8.0000E+05  0.0000E+00  1.0000E+00  0.0000E+00  0.0000E+00  0.0000E+00  0.0000E+00  0.0000E+00  0.0000E+00  0.0000E+00
  7.4000E+01  6.4850E+02  0.0000E+00  4.4480E+01  0.0000E+00  4.4725E+01 -1.1269E-01 -8.4449E-03  4.4480E+01  4.4106E+01  3.7400E-01 -8.1196E-02
  7.4000E+01  6.4900E+02  0.0000E+00  3.2670E+01  0.0000E+00  4.3276E+01 -4.7032E-01 -3.7762E-01  3.2670E+01  4.1764E+01 -9.0939E+00 -3.8020E-01
  7.4000E+01  6.5000E+02  0.0000E+00  3.5680E+01  0.0000E+00  4.0596E+01 -2.5780E-01 -1.8658E-01  3.5680E+01  3.7563E+01 -1.8831E+00 -2.0306E-01
  7.4000E+01  6.5200E+02  0.0000E+00  7.8190E+01  0.0000E+00  3.6013E+01  1.7701E+00  1.8045E+00  7.8190E+01  3.0799E+01  4.7391E+01  1.4705E+00
  7.4000E+01  6.5600E+02  0.0000E+00  1.9850E+01  0.0000E+00  2.9129E+01 -4.7162E-01 -4.9081E-01  1.9850E+01  2.1753E+01 -1.9031E+00 -3.3293E-01
  7.5000E+01  0.0000E+00  8.0000E+05  0.0000E+00  1.0000E+00  0.0000E+00  0.0000E+00  0.0000E+00  0.0000E+00  0.0000E+00  0.0000E+00  0.0000E+00
  7.5000E+01  6.4850E+02  0.0000E+00  3.7640E+01  0.0000E+00  2.9409E+01 -2.9374E-02  4.3126E-01  3.7640E+01  4.4106E+01 -6.4660E+00 -7.6951E-02
  7.5000E+01  6.4900E+02  0.0000E+00  2.4660E+01  0.0000E+00  2.8218E+01 -6.4142E-01 -1.9427E-01  2.4660E+01  4.1764E+01 -1.7104E+01 -4.0188E-01
  7.5000E+01  6.5000E+02  0.0000E+00  3.5940E+01  0.0000E+00  2.6020E+01  1.6461E-01  5.8739E-01  3.5940E+01  3.7563E+01 -1.6231E+00  5.1965E-02
  7.5000E+01  6.5200E+02  0.0000E+00  2.2230E+01  0.0000E+00  2.2288E+01 -3.8800E-01 -4.0056E-03  2.2230E+01  3.0799E+01 -8.5692E+00 -2.0694E-01
  7.5000E+01  6.5600E+02  0.0000E+00  2.6360E+01  0.0000E+00  1.6786E+01  5.3803E-01  8.7880E-01  2.6360E+01  2.1753E+01  4.6069E+00  2.6165E-01
  7.6000E+01  0.0000E+00  1.5000E+06  0.0000E+00  1.0000E+00  0.0000E+00  0.0000E+00  0.0000E+00  0.0000E+00  0.0000E+00  0.0000E+00  0.0000E+00
  7.6000E+01  6.4850E+02  0.0000E+00  9.5200E+01  0.0000E+00  5.5282E+01  1.2378E+00  1.1126E+00  9.5200E+01  4.4226E+01  5.0974E+01  1.3454E+00
  7.6000E+01  6.4900E+02  0.0000E+00  3.6960E+01  0.0000E+00  4.4488E+01 -4.1507E-01 -2.6071E-01  3.6960E+01  4.1878E+01 -4.9177E+00 -2.2770E-01
  7.6000E+01  6.5000E+02  0.0000E+00  3.4510E+01  0.0000E+00  2.9077E+01 -3.0033E-01  2.8789E-01  3.4510E+01  3.7666E+01 -3.1555E+00 -1.3660E-01
  7.6000E+01  6.5200E+02  0.0000E+00  2.3330E+01  0.0000E+00  1.3119E+01  1.6843E-01  1.1992E+00  2.3330E+01  3.0883E+01 -7.5532E+00 -2.1970E-01
  7.6000E+01  6.5600E+02  0.0000E+00  2.9500E+00  0.0000E+00  3.8017E+00 -1.3458E+00 -3.4518E-01  2.9500E+00  2.1812E+01 -1.8862E+01 -6.0055E-01
  7.7000E+01  0.0000E+00  1.5000E+06  0.0000E+00  1.0000E+00  0.0000E+00  0.0000E+00  0.0000E+00  0.0000E+00  0.0000E+00  0.0000E+00  0.0000E+00
  7.7000E+01  6.4850E+02  0.0000E+00  5.6520E+01  0.0000E+00  8.9749E+01  1.7467E-02 -5.7047E-01  5.6520E+01  4.4226E+01  1.2294E+01 -1.2969E-01
  7.7000E+01  6.4900E+02  0.0000E+00  2.6100E+01  0.0000E+00  8.5158E+01 -5.0689E-01 -1.0686E+00  2.6100E+01  4.1878E+01 -1.5778E+01 -9.6760E-01
  7.7000E+01  6.5000E+02  0.0000E+00  1.9064E+02  0.0000E+00  7.7109E+01  2.7837E+00  2.2686E+00  1.9064E+02  3.7666E+01  1.5297E+02  4.3320E+00
  7.7000E+01  6.5200E+02  0.0000E+00  1.5290E+01  0.0000E+00  6.4671E+01 -7.3158E-01 -1.1765E+00  1.5290E+01  3.0883E+01 -1.5593E+01 -1.1139E+00
  7.7000E+01  6.5600E+02  0.0000E+00  3.0470E+01  0.0000E+00  4.9069E+01 -2.0916E-01 -5.8402E-01  3.0470E+01  2.1812E+01  8.6576E+00 -2.4243E-01
  7.8000E+01  0.0000E+00  1.5000E+06  0.0000E+00  1.0000E+00  0.0000E+00  0.0000E+00  0.0000E+00  0.0000E+00  0.0000E+00  0.0000E+00  0.0000E+00
  7.8000E+01  6.4850E+02  0.0000E+00  3.3560E+01  0.0000E+00  5.1317E+01 -5.6558E-01 -5.3315E-01  3.3560E+01  4.4226E+01 -1.0666E+01 -5.1009E-01
  7.8000E+01  6.4900E+02  0.0000E+00  4.7270E+01  0.0000E+00  4.9146E+01 -8.8987E-02 -5.8817E-02  4.7270E+01  4.1878E+01  5.3923E+00 -6.1216E-02
  7.8000E+01  6.5000E+02  0.0000E+00  7.8640E+01  0.0000E+00  4.5207E+01  1.1139E+00  1.1395E+00  7.8640E+01  3.7666E+01  4.0974E+01  1.0569E+00
  7.8000E+01  6.5200E+02  0.0000E+00  6.9680E+01  0.0000E+00  3.8718E+01  1.2159E+00  1.2322E+00  6.9680E+01  3.0883E+01  3.8797E+01  1.0809E+00
  7.8000E+01  6.5600E+02  0.0000E+00  1.0970E+01  0.0000E+00  2.9618E+01 -9.6747E-01 -9.7010E-01  1.0970E+01  2.1812E+01 -1.0842E+01 -7.4283E-01
