TABLE NO.  1
 ID          TIME        AMT         CMT         DV          MDV         IPRED       CWRES       IWRES       DV          PRED        RES         WRES
  1.0000E+00  0.0000E+00  2.8190E+05  3.0000E+00  0.0000E+00  1.0000E+00  3.0267E+03  0.0000E+00 -1.8442E-01  0.0000E+00  3.0267E+03  0.0000E+00  0.0000E+00
  1.0000E+00  3.3000E-02  0.0000E+00  3.0000E+00  7.3336E+03  0.0000E+00  7.6933E+02  1.5736E+00  1.5736E+00  7.3336E+03  7.6933E+02  6.5643E+03  1.5736E+00
  1.0000E+00  8.3000E-02  0.0000E+00  3.0000E+00  1.1915E+03  0.0000E+00  2.6125E+02  6.5669E-01  6.5669E-01  1.1915E+03  2.6125E+02  9.3025E+02  6.5669E-01
  1.0000E+00  2.5000E-01  0.0000E+00  3.0000E+00  8.7932E+02  0.0000E+00  1.5573E+02  8.5691E-01  8.5691E-01  8.7932E+02  1.5573E+02  7.2358E+02  8.5691E-01
  1.0000E+00  5.0000E-01  0.0000E+00  3.0000E+00  1.2562E+03  0.0000E+00  9.3876E+01  2.2835E+00  2.2835E+00  1.2562E+03  9.3876E+01  1.1623E+03  2.2835E+00
  1.0000E+00  7.0000E-01  0.0000E+00  3.0000E+00  2.3189E+02  0.0000E+00  6.2647E+01  4.9823E-01  4.9823E-01  2.3189E+02  6.2647E+01  1.6924E+02  4.9823E-01
  1.0000E+00  1.0000E+00  0.0000E+00  3.0000E+00  3.0794E+02  0.0000E+00  3.4190E+01  1.4766E+00  1.4766E+00  3.0794E+02  3.4190E+01  2.7375E+02  1.4766E+00
  1.0000E+00  2.0000E+00  0.0000E+00  3.0000E+00  8.9682E-01  0.0000E+00  4.6826E+00 -1.4910E-01 -1.4910E-01  8.9682E-01  4.6826E+00 -3.7858E+00 -1.4910E-01
  1.0000E+00  4.0000E+00  0.0000E+00  3.0000E+00  1.0165E+00  0.0000E+00  2.9314E-01  4.5507E-01  4.5507E-01  1.0165E+00  2.9314E-01  7.2333E-01  4.5507E-01
  1.0000E+00  6.0000E+00  0.0000E+00  3.0000E+00  0.0000E+00  1.0000E+00  2.2293E-01  0.0000E+00 -1.8442E-01  0.0000E+00  2.2293E-01  0.0000E+00  0.0000E+00
  1.0000E+00  8.0000E+00  0.0000E+00  3.0000E+00  6.0920E-01  0.0000E+00  2.2770E-01  3.0899E-01  3.0899E-01  6.0920E-01  2.2770E-01  3.8150E-01  3.0899E-01
  2.0000E+00  0.0000E+00  2.7850E+05  3.0000E+00  0.0000E+00  1.0000E+00  2.9902E+03  0.0000E+00 -1.8442E-01  0.0000E+00  2.9902E+03  0.0000E+00  0.0000E+00
  2.0000E+00  3.3000E-02  0.0000E+00  3.0000E+00  4.6639E+03  0.0000E+00  7.6013E+02  9.4714E-01  9.4714E-01  4.6639E+03  7.6013E+02  3.9038E+03  9.4714E-01
  2.0000E+00  8.3000E-02  0.0000E+00  3.0000E+00  1.1788E+03  0.0000E+00  2.5814E+02  6.5775E-01  6.5775E-01  1.1788E+03  2.5814E+02  9.2067E+02  6.5775E-01
  2.0000E+00  2.5000E-01  0.0000E+00  3.0000E+00  5.2594E+02  0.0000E+00  1.5389E+02  4.4589E-01  4.4589E-01  5.2594E+02  1.5389E+02  3.7206E+02  4.4589E-01
  2.0000E+00  5.0000E-01  0.0000E+00  3.0000E+00  3.5647E+02  0.0000E+00  9.2773E+01  5.2421E-01  5.2421E-01  3.5647E+02  9.2773E+01  2.6370E+02  5.2421E-01
  2.0000E+00  7.5000E-01  0.0000E+00  3.0000E+00  2.1360E+01  0.0000E+00  5.5967E+01 -1.1404E-01 -1.1404E-01  2.1360E+01  5.5967E+01 -3.4607E+01 -1.1404E-01
  2.0000E+00  1.0000E+00  0.0000E+00  3.0000E+00  5.5186E+02  0.0000E+00  3.3796E+01  2.8271E+00  2.8271E+00  5.5186E+02  3.3796E+01  5.1807E+02  2.8271E+00
  2.0000E+00  2.0000E+00  0.0000E+00  3.0000E+00  4.7981E+00  0.0000E+00  4.6345E+00  6.5119E-03  6.5119E-03  4.7981E+00  4.6345E+00  1.6364E-01  6.5119E-03
  2.0000E+00  4.0000E+00  0.0000E+00  3.0000E+00  3.3424E-02  0.0000E+00  2.9549E-01 -1.6356E-01 -1.6356E-01  3.3424E-02  2.9549E-01 -2.6207E-01 -1.6356E-01
  2.0000E+00  6.0000E+00  0.0000E+00  3.0000E+00  5.9700E-01  0.0000E+00  2.2654E-01  3.0159E-01  3.0159E-01  5.9700E-01  2.2654E-01  3.7046E-01  3.0159E-01
  2.0000E+00  8.0000E+00  0.0000E+00  3.0000E+00  8.4592E-01  0.0000E+00  2.3178E-01  4.8866E-01  4.8866E-01  8.4592E-01  2.3178E-01  6.1414E-01  4.8866E-01
  3.0000E+00  0.0000E+00  2.8500E+05  3.0000E+00  0.0000E+00  1.0000E+00  3.0600E+03  0.0000E+00 -1.8442E-01  0.0000E+00  3.0600E+03  0.0000E+00  0.0000E+00
  3.0000E+00  3.3000E-02  0.0000E+00  3.0000E+00  3.7945E+03  0.0000E+00  7.7771E+02  7.1540E-01  7.1540E-01  3.7945E+03  7.7771E+02  3.0168E+03  7.1540E-01
  3.0000E+00  8.3000E-02  0.0000E+00  3.0000E+00  1.2588E+03  0.0000E+00  2.6408E+02  6.9468E-01  6.9468E-01  1.2588E+03  2.6408E+02  9.9471E+02  6.9468E-01
  3.0000E+00  2.5000E-01  0.0000E+00  3.0000E+00  5.4645E+02  0.0000E+00  1.5741E+02  4.5580E-01  4.5580E-01  5.4645E+02  1.5741E+02  3.8904E+02  4.5580E-01
  3.0000E+00  5.0000E-01  0.0000E+00  3.0000E+00  4.9878E+01  0.0000E+00  9.4882E+01 -8.7475E-02 -8.7475E-02  4.9878E+01  9.4882E+01 -4.5004E+01 -8.7475E-02
  3.0000E+00  7.5000E-01  0.0000E+00  3.0000E+00  1.6505E+01  0.0000E+00  5.7227E+01 -1.3123E-01 -1.3123E-01  1.6505E+01  5.7227E+01 -4.0722E+01 -1.3123E-01
  3.0000E+00  1.0000E+00  0.0000E+00  3.0000E+00  6.6935E+00  0.0000E+00  3.4549E+01 -1.4869E-01 -1.4869E-01  6.6935E+00  3.4549E+01 -2.7855E+01 -1.4869E-01
  3.0000E+00  2.0000E+00  0.0000E+00  3.0000E+00  3.6011E+00  0.0000E+00  4.7265E+00 -4.3910E-02 -4.3910E-02  3.6011E+00  4.7265E+00 -1.1253E+00 -4.3910E-02
  3.0000E+00  4.0000E+00  0.0000E+00  3.0000E+00  1.1972E+00  0.0000E+00  2.9108E-01  5.7413E-01  5.7413E-01  1.1972E+00  2.9108E-01  9.0616E-01  5.7413E-01
  3.0000E+00  6.0000E+00  0.0000E+00  3.0000E+00  3.0466E+00  0.0000E+00  2.1974E-01  2.3726E+00  2.3726E+00  3.0466E+00  2.1974E-01  2.8269E+00  2.3726E+00
  3.0000E+00  8.0000E+00  0.0000E+00  3.0000E+00  3.8022E-01  0.0000E+00  2.2410E-01  1.2848E-01  1.2848E-01  3.8022E-01  2.2410E-01  1.5612E-01  1.2848E-01
  7.0000E+00  0.0000E+00  2.7890E+05  3.0000E+00  0.0000E+00  1.0000E+00  2.9945E+03  0.0000E+00 -1.8442E-01  0.0000E+00  2.9945E+03  0.0000E+00  0.0000E+00
  7.0000E+00  5.0000E-01  0.0000E+00  2.0000E+00  2.3807E+03  0.0000E+00  1.3520E+02  3.2811E-01  3.2811E-01  2.3807E+03  1.3520E+02  2.2455E+03  3.2811E-01
  7.0000E+00  1.0000E+00  0.0000E+00  2.0000E+00  2.6094E+03  0.0000E+00  5.9014E+01  8.5376E-01  8.5376E-01  2.6094E+03  5.9014E+01  2.5504E+03  8.5376E-01
  7.0000E+00  2.0000E+00  0.0000E+00  2.0000E+00  1.4469E+03  0.0000E+00  2.1509E+01  1.3092E+00  1.3092E+00  1.4469E+03  2.1509E+01  1.4254E+03  1.3092E+00
  7.0000E+00  4.0000E+00  0.0000E+00  2.0000E+00  7.4300E+02  0.0000E+00  1.6344E+01  8.7833E-01  8.7833E-01  7.4300E+02  1.6344E+01  7.2665E+02  8.7833E-01
  7.0000E+00  8.0000E+00  0.0000E+00  2.0000E+00  3.3662E+02  0.0000E+00  1.7197E+01  3.6696E-01  3.6696E-01  3.3662E+02  1.7197E+01  3.1943E+02  3.6696E-01
  8.0000E+00  0.0000E+00  2.8310E+05  3.0000E+00  0.0000E+00  1.0000E+00  3.0396E+03  0.0000E+00 -1.8442E-01  0.0000E+00  3.0396E+03  0.0000E+00  0.0000E+00
  8.0000E+00  5.0000E-01  0.0000E+00  2.0000E+00  2.0303E+03  0.0000E+00  1.3500E+02  2.7734E-01  2.7734E-01  2.0303E+03  1.3500E+02  1.8953E+03  2.7734E-01
  8.0000E+00  1.0000E+00  0.0000E+00  2.0000E+00  2.6464E+03  0.0000E+00  5.8779E+01  8.6969E-01  8.6969E-01  2.6464E+03  5.8779E+01  2.5876E+03  8.6969E-01
  8.0000E+00  2.0000E+00  0.0000E+00  2.0000E+00  2.2905E+03  0.0000E+00  2.1250E+01  2.1097E+00  2.1097E+00  2.2905E+03  2.1250E+01  2.2693E+03  2.1097E+00
  8.0000E+00  4.0000E+00  0.0000E+00  2.0000E+00  2.6331E+02  0.0000E+00  1.6048E+01  3.0438E-01  3.0438E-01  2.6331E+02  1.6048E+01  2.4726E+02  3.0438E-01
  8.0000E+00  8.0000E+00  0.0000E+00  2.0000E+00  4.0401E+02  0.0000E+00  1.6820E+01  4.5478E-01  4.5478E-01  4.0401E+02  1.6820E+01  3.8719E+02  4.5478E-01
  9.0000E+00  0.0000E+00  2.7740E+05  3.0000E+00  0.0000E+00  1.0000E+00  2.9784E+03  0.0000E+00 -1.8442E-01  0.0000E+00  2.9784E+03  0.0000E+00  0.0000E+00
  9.0000E+00  5.0000E-01  0.0000E+00  2.0000E+00  2.4197E+03  0.0000E+00  1.3526E+02  3.3367E-01  3.3367E-01  2.4197E+03  1.3526E+02  2.2845E+03  3.3367E-01
  9.0000E+00  1.0000E+00  0.0000E+00  2.0000E+00  3.7975E+03  0.0000E+00  5.9094E+01  1.2498E+00  1.2498E+00  3.7975E+03  5.9094E+01  3.7384E+03  1.2498E+00
  9.0000E+00  2.0000E+00  0.0000E+00  2.0000E+00  1.7209E+03  0.0000E+00  2.1603E+01  1.5539E+00  1.5539E+00  1.7209E+03  2.1603E+01  1.6993E+03  1.5539E+00
  9.0000E+00  4.0000E+00  0.0000E+00  2.0000E+00  1.1280E+03  0.0000E+00  1.6452E+01  1.3347E+00  1.3347E+00  1.1280E+03  1.6452E+01  1.1115E+03  1.3347E+00
  9.0000E+00  8.0000E+00  0.0000E+00  2.0000E+00  2.8438E+02  0.0000E+00  1.7335E+01  3.0432E-01  3.0432E-01  2.8438E+02  1.7335E+01  2.6704E+02  3.0432E-01
