TABLE NO.  1
 ID          TIME        AMT         DV          MDV         IPRED       CWRES       IWRES       DV          PRED        RES         WRES
  1.0000E+00  0.0000E+00  1.0000E+04  0.0000E+00  1.0000E+00  1.0670E+04  0.0000E+00 -1.1505E+00  0.0000E+00  1.0670E+04  0.0000E+00  0.0000E+00
  1.0000E+00  0.0000E+00  0.0000E+00  0.0000E+00  0.0000E+00  1.0670E+04 -1.1505E+00 -1.1505E+00  0.0000E+00  1.0670E+04 -1.0670E+04 -1.1505E+00
  1.0000E+00  3.3000E-02  0.0000E+00  7.3336E+03  0.0000E+00  4.3157E+03  2.5393E-01  8.0456E-01  7.3336E+03  5.5681E+03  1.7655E+03  3.7080E-01
  1.0000E+00  8.3000E-02  0.0000E+00  1.1915E+03  0.0000E+00  1.3490E+03 -1.1639E+00 -1.3432E-01  1.1915E+03  2.4192E+03 -1.2277E+03 -5.5229E-01
  1.0000E+00  2.5000E-01  0.0000E+00  8.7932E+02  0.0000E+00  4.4038E+02  3.1616E-01  1.1467E+00  8.7932E+02  9.0929E+02 -2.9975E+01  3.4405E-02
  1.0000E+00  5.0000E-01  0.0000E+00  1.2562E+03  0.0000E+00  3.7008E+02  1.8746E+00  2.7549E+00  1.2562E+03  8.4252E+02  4.1370E+02  6.4218E-01
  1.0000E+00  7.0000E-01  0.0000E+00  2.3189E+02  0.0000E+00  3.2561E+02 -1.2631E+00 -3.3116E-01  2.3189E+02  8.1874E+02 -5.8686E+02 -7.1148E-01
  1.0000E+00  1.0000E+00  0.0000E+00  3.0794E+02  0.0000E+00  2.6873E+02 -8.2662E-01  1.6788E-01  3.0794E+02  7.8452E+02 -4.7658E+02 -5.6458E-01
  1.0000E+00  2.0000E+00  0.0000E+00  8.9700E-01  0.0000E+00  1.4170E+02 -2.2242E+00 -1.1432E+00  8.9700E-01  6.8043E+02 -6.7953E+02 -9.0654E-01
  1.0000E+00  4.0000E+00  0.0000E+00  1.0160E+00  0.0000E+00  3.9398E+01 -1.9612E+00 -1.1208E+00  1.0160E+00  5.1185E+02 -5.1083E+02 -6.9654E-01
  1.0000E+00  6.0000E+00  0.0000E+00  0.0000E+00  1.0000E+00  1.0954E+01  0.0000E+00 -1.1505E+00  0.0000E+00  3.8504E+02  0.0000E+00  0.0000E+00
  1.0000E+00  8.0000E+00  0.0000E+00  6.0900E-01  0.0000E+00  3.0456E+00 -8.9916E-01 -9.2046E-01  6.0900E-01  2.8964E+02 -2.8903E+02 -3.1355E-01
  2.0000E+00  0.0000E+00  1.0000E+04  0.0000E+00  1.0000E+00  1.0670E+04  0.0000E+00 -1.1505E+00  0.0000E+00  1.0670E+04  0.0000E+00  0.0000E+00
  2.0000E+00  0.0000E+00  0.0000E+00  0.0000E+00  0.0000E+00  1.0670E+04 -1.1505E+00 -1.1505E+00  0.0000E+00  1.0670E+04 -1.0670E+04 -1.1505E+00
  2.0000E+00  3.3000E-02  0.0000E+00  4.6639E+03  0.0000E+00  3.7807E+03 -5.9409E-01  2.6876E-01  4.6639E+03  5.5681E+03 -9.0415E+02 -1.7748E-01
  2.0000E+00  8.3000E-02  0.0000E+00  1.1788E+03  0.0000E+00  1.0046E+03 -1.2050E+00  1.9958E-01  1.1788E+03  2.4192E+03 -1.2404E+03 -5.4738E-01
  2.0000E+00  2.5000E-01  0.0000E+00  5.2594E+02  0.0000E+00  3.2582E+02 -2.3233E-01  7.0664E-01  5.2594E+02  9.0929E+02 -3.8335E+02 -3.8433E-01
  2.0000E+00  5.0000E-01  0.0000E+00  3.5647E+02  0.0000E+00  2.6414E+02 -5.6880E-01  4.0220E-01  3.5647E+02  8.4252E+02 -4.8605E+02 -5.4102E-01
  2.0000E+00  7.5000E-01  0.0000E+00  2.1360E+01  0.0000E+00  2.1567E+02 -2.0444E+00 -1.0366E+00  2.1360E+01  8.1294E+02 -7.9158E+02 -9.6495E-01
  2.0000E+00  1.0000E+00  0.0000E+00  5.5186E+02  0.0000E+00  1.7610E+02  1.4232E+00  2.4550E+00  5.5186E+02  7.8452E+02 -2.3265E+02 -1.7898E-01
  2.0000E+00  2.0000E+00  0.0000E+00  4.7980E+00  0.0000E+00  7.8276E+01 -2.0977E+00 -1.0800E+00  4.7980E+00  6.8043E+02 -6.7563E+02 -8.4453E-01
  2.0000E+00  4.0000E+00  0.0000E+00  3.3000E-02  0.0000E+00  1.5465E+01 -1.7733E+00 -1.1481E+00  3.3000E-02  5.1185E+02 -5.1181E+02 -6.0913E-01
  2.0000E+00  6.0000E+00  0.0000E+00  5.9700E-01  0.0000E+00  3.0556E+00 -1.0577E+00 -9.2573E-01  5.9700E-01  3.8504E+02 -3.8444E+02 -3.7809E-01
  2.0000E+00  8.0000E+00  0.0000E+00  8.4600E-01  0.0000E+00  6.0372E-01  5.4844E-01  4.6172E-01  8.4600E-01  2.8964E+02 -2.8879E+02 -1.7633E-01
  3.0000E+00  0.0000E+00  1.0000E+04  0.0000E+00  1.0000E+00  1.0670E+04  0.0000E+00 -1.1505E+00  0.0000E+00  1.0670E+04  0.0000E+00  0.0000E+00
  3.0000E+00  0.0000E+00  0.0000E+00  0.0000E+00  0.0000E+00  1.0670E+04 -1.1505E+00 -1.1505E+00  0.0000E+00  1.0670E+04 -1.0670E+04 -1.1505E+00
  3.0000E+00  3.3000E-02  0.0000E+00  3.7945E+03  0.0000E+00  3.4782E+03 -9.4641E-01  1.0463E-01  3.7945E+03  5.5681E+03 -1.7736E+03 -3.5568E-01
  3.0000E+00  8.3000E-02  0.0000E+00  1.2588E+03  0.0000E+00  8.3721E+02 -9.1394E-01  5.7934E-01  1.2588E+03  2.4192E+03 -1.1604E+03 -5.0437E-01
  3.0000E+00  2.5000E-01  0.0000E+00  5.4645E+02  0.0000E+00  2.7482E+02  3.7047E-01  1.1371E+00  5.4645E+02  9.0929E+02 -3.6284E+02 -3.4702E-01
  3.0000E+00  5.0000E-01  0.0000E+00  4.9878E+01  0.0000E+00  2.1849E+02 -1.6208E+00 -8.8786E-01  4.9878E+01  8.4252E+02 -7.9264E+02 -9.3987E-01
  3.0000E+00  7.5000E-01  0.0000E+00  1.6505E+01  0.0000E+00  1.7450E+02 -1.7344E+00 -1.0417E+00  1.6505E+01  8.1294E+02 -7.9643E+02 -9.5556E-01
  3.0000E+00  1.0000E+00  0.0000E+00  6.6930E+00  0.0000E+00  1.3937E+02 -1.7330E+00 -1.0953E+00  6.6930E+00  7.8452E+02 -7.7782E+02 -9.3940E-01
  3.0000E+00  2.0000E+00  0.0000E+00  3.6010E+00  0.0000E+00  5.6716E+01 -1.4125E+00 -1.0775E+00  3.6010E+00  6.8043E+02 -6.7683E+02 -8.1844E-01
  3.0000E+00  4.0000E+00  0.0000E+00  1.1970E+00  0.0000E+00  9.3917E+00 -8.0169E-01 -1.0039E+00  1.1970E+00  5.1185E+02 -5.1065E+02 -5.6171E-01
  3.0000E+00  6.0000E+00  0.0000E+00  3.0470E+00  0.0000E+00  1.5552E+00  1.3426E+00  1.1036E+00  3.0470E+00  3.8504E+02 -3.8199E+02 -3.1339E-01
  3.0000E+00  8.0000E+00  0.0000E+00  3.8000E-01  0.0000E+00  2.5753E-01  5.1588E-01  5.4715E-01  3.8000E-01  2.8964E+02 -2.8926E+02 -1.0779E-01
  4.0000E+00  0.0000E+00  1.0000E+04  0.0000E+00  1.0000E+00  0.0000E+00  0.0000E+00  0.0000E+00  0.0000E+00  0.0000E+00  0.0000E+00  0.0000E+00
  4.0000E+00  0.0000E+00  0.0000E+00  0.0000E+00  0.0000E+00  0.0000E+00  0.0000E+00  0.0000E+00  0.0000E+00  0.0000E+00  0.0000E+00  0.0000E+00
  4.0000E+00  3.3000E-02  0.0000E+00  2.1445E+01  0.0000E+00  1.4000E+01  5.9475E-01  6.1180E-01  2.1445E+01  1.4319E+01  7.1260E+00  5.7815E-01
  4.0000E+00  8.3000E-02  0.0000E+00  2.5683E+01  0.0000E+00  2.2174E+01  1.3905E-01  1.8209E-01  2.5683E+01  2.3246E+01  2.4371E+00  1.3038E-01
  4.0000E+00  2.5000E-01  0.0000E+00  4.4576E+01  0.0000E+00  2.5544E+01  7.7758E-01  8.5720E-01  4.4576E+01  2.7795E+01  1.6781E+01  7.0889E-01
  4.0000E+00  5.0000E-01  0.0000E+00  2.1491E+01  0.0000E+00  2.4985E+01 -2.6706E-01 -1.6090E-01  2.1491E+01  2.8017E+01 -6.5261E+00 -2.4414E-01
  4.0000E+00  7.5000E-01  0.0000E+00  7.6971E+01  0.0000E+00  2.4043E+01  2.4023E+00  2.5327E+00  7.6971E+01  2.7748E+01  4.9223E+01  2.0504E+00
  4.0000E+00  1.0000E+00  0.0000E+00  7.4570E+00  0.0000E+00  2.2930E+01 -9.2971E-01 -7.7637E-01  7.4570E+00  2.7237E+01 -1.9780E+01 -7.9066E-01
  4.0000E+00  2.0000E+00  0.0000E+00  3.1960E+00  0.0000E+00  1.8171E+01 -1.1818E+00 -9.4815E-01  3.1960E+00  2.4271E+01 -2.1075E+01 -9.0407E-01
  4.0000E+00  3.0000E+00  0.0000E+00  1.6550E+01  0.0000E+00  1.4052E+01 -9.0276E-02  2.0450E-01  1.6550E+01  2.1165E+01 -4.6146E+00 -1.4911E-01
  4.0000E+00  4.0000E+00  0.0000E+00  3.8490E+00  0.0000E+00  1.0808E+01 -1.0780E+00 -7.4080E-01  3.8490E+00  1.8377E+01 -1.4528E+01 -7.0079E-01
  4.0000E+00  6.0000E+00  0.0000E+00  0.0000E+00  1.0000E+00  6.3764E+00  0.0000E+00 -1.1505E+00  0.0000E+00  1.3827E+01  0.0000E+00  0.0000E+00
  4.0000E+00  8.0000E+00  0.0000E+00  0.0000E+00  1.0000E+00  3.7602E+00  0.0000E+00 -1.1505E+00  0.0000E+00  1.0402E+01  0.0000E+00  0.0000E+00
  5.0000E+00  0.0000E+00  1.0000E+04  0.0000E+00  1.0000E+00  0.0000E+00  0.0000E+00  0.0000E+00  0.0000E+00  0.0000E+00  0.0000E+00  0.0000E+00
  5.0000E+00  0.0000E+00  0.0000E+00  0.0000E+00  0.0000E+00  0.0000E+00  0.0000E+00  0.0000E+00  0.0000E+00  0.0000E+00  0.0000E+00  0.0000E+00
  5.0000E+00  3.3000E-02  0.0000E+00  1.6601E+01  0.0000E+00  1.3402E+01  1.9393E-01  2.7466E-01  1.6601E+01  1.4319E+01  2.2820E+00  1.9488E-01
  5.0000E+00  8.3000E-02  0.0000E+00  9.5230E+00  0.0000E+00  2.0274E+01 -7.9705E-01 -6.1010E-01  9.5230E+00  2.3246E+01 -1.3723E+01 -6.5828E-01
  5.0000E+00  2.5000E-01  0.0000E+00  3.0571E+01  0.0000E+00  2.1941E+01  1.3848E-01  4.5252E-01  3.0571E+01  2.7795E+01  2.7761E+00  1.4844E-01
  5.0000E+00  5.0000E-01  0.0000E+00  4.7158E+01  0.0000E+00  2.0431E+01  1.1039E+00  1.5050E+00  4.7158E+01  2.8017E+01  1.9141E+01  8.2748E-01
  5.0000E+00  7.5000E-01  0.0000E+00  1.9559E+01  0.0000E+00  1.8753E+01 -4.2918E-01  4.9467E-02  1.9559E+01  2.7748E+01 -8.1888E+00 -2.7861E-01
  5.0000E+00  1.0000E+00  0.0000E+00  5.9384E+01  0.0000E+00  1.7059E+01  2.3050E+00  2.8545E+00  5.9384E+01  2.7237E+01  3.2147E+01  1.4100E+00
  5.0000E+00  2.0000E+00  0.0000E+00  1.1460E+00  0.0000E+00  1.1153E+01 -1.7999E+00 -1.0323E+00  1.1460E+00  2.4271E+01 -2.3125E+01 -9.3573E-01
  5.0000E+00  3.0000E+00  0.0000E+00  2.5590E+00  0.0000E+00  7.0813E+00 -1.6140E+00 -7.3475E-01  2.5590E+00  2.1165E+01 -1.8606E+01 -7.6830E-01
  5.0000E+00  4.0000E+00  0.0000E+00  7.7780E+00  0.0000E+00  4.4604E+00 -3.8867E-02  8.5575E-01  7.7780E+00  1.8377E+01 -1.0599E+01 -3.6719E-01
  5.0000E+00  6.0000E+00  0.0000E+00  1.6200E-01  0.0000E+00  1.7608E+00 -1.7767E+00 -1.0447E+00  1.6200E-01  1.3827E+01 -1.3665E+01 -5.9630E-01
  5.0000E+00  8.0000E+00  0.0000E+00  5.5100E-01  0.0000E+00  6.9439E-01 -7.1763E-01 -2.3758E-01  5.5100E-01  1.0402E+01 -9.8506E+00 -3.8606E-01
  6.0000E+00  0.0000E+00  1.0000E+04  0.0000E+00  1.0000E+00  0.0000E+00  0.0000E+00  0.0000E+00  0.0000E+00  0.0000E+00  0.0000E+00  0.0000E+00
  6.0000E+00  0.0000E+00  0.0000E+00  0.0000E+00  0.0000E+00  0.0000E+00  0.0000E+00  0.0000E+00  0.0000E+00  0.0000E+00  0.0000E+00  0.0000E+00
  6.0000E+00  3.3000E-02  0.0000E+00  2.2373E+01  0.0000E+00  1.3635E+01  6.9277E-01  7.3737E-01  2.2373E+01  1.4319E+01  8.0540E+00  6.5836E-01
  6.0000E+00  8.3000E-02  0.0000E+00  4.6713E+01  0.0000E+00  2.0996E+01  1.3003E+00  1.4092E+00  4.6713E+01  2.3246E+01  2.3467E+01  1.1805E+00
  6.0000E+00  2.5000E-01  0.0000E+00  5.0110E+00  0.0000E+00  2.3256E+01 -1.0932E+00 -9.0261E-01  5.0110E+00  2.7795E+01 -2.2784E+01 -9.0643E-01
  6.0000E+00  5.0000E-01  0.0000E+00  4.6163E+01  0.0000E+00  2.2051E+01  1.0115E+00  1.2580E+00  4.6163E+01  2.8017E+01  1.8146E+01  7.8668E-01
  6.0000E+00  7.5000E-01  0.0000E+00  1.5363E+01  0.0000E+00  2.0596E+01 -5.8838E-01 -2.9231E-01  1.5363E+01  2.7748E+01 -1.2385E+01 -4.5124E-01
  6.0000E+00  1.0000E+00  0.0000E+00  2.2338E+01  0.0000E+00  1.9065E+01 -1.4393E-01  1.9752E-01  2.2338E+01  2.7237E+01 -4.8993E+00 -1.3463E-01
  6.0000E+00  2.0000E+00  0.0000E+00  2.4323E+01  0.0000E+00  1.3380E+01  4.5733E-01  9.4100E-01  2.4323E+01  2.4271E+01  5.1816E-02  1.2229E-01
  6.0000E+00  3.0000E+00  0.0000E+00  1.8400E+00  0.0000E+00  9.1357E+00 -1.4858E+00 -9.1879E-01  1.8400E+00  2.1165E+01 -1.9325E+01 -8.0607E-01
  6.0000E+00  4.0000E+00  0.0000E+00  2.7960E+00  0.0000E+00  6.1949E+00 -1.2342E+00 -6.3124E-01  2.7960E+00  1.8377E+01 -1.5581E+01 -6.4728E-01
  6.0000E+00  6.0000E+00  0.0000E+00  2.7000E+00  0.0000E+00  2.8370E+00 -6.5984E-01 -5.5559E-02  2.7000E+00  1.3827E+01 -1.1127E+01 -4.3113E-01
  6.0000E+00  8.0000E+00  0.0000E+00  2.4450E+00  0.0000E+00  1.2983E+00  4.0578E-01  1.0162E+00  2.4450E+00  1.0402E+01 -7.9566E+00 -2.4283E-01
  7.0000E+00  0.0000E+00  1.2500E+05  0.0000E+00  1.0000E+00  0.0000E+00  0.0000E+00  0.0000E+00  0.0000E+00  0.0000E+00  0.0000E+00  0.0000E+00
  7.0000E+00  0.0000E+00  0.0000E+00  0.0000E+00  0.0000E+00  0.0000E+00  0.0000E+00  0.0000E+00  0.0000E+00  0.0000E+00  0.0000E+00  0.0000E+00
  7.0000E+00  5.0000E-01  0.0000E+00  5.3520E+00  0.0000E+00  4.2994E+01 -1.0211E+00 -1.0073E+00  5.3520E+00  4.5765E+01 -4.0413E+01 -9.7393E-01
  7.0000E+00  1.0000E+00  0.0000E+00  1.6180E+01  0.0000E+00  4.0491E+01 -7.0861E-01 -6.9078E-01  1.6180E+01  4.4491E+01 -2.8311E+01 -6.6761E-01
  7.0000E+00  2.0000E+00  0.0000E+00  4.4430E+00  0.0000E+00  3.3820E+01 -1.0148E+00 -9.9937E-01  4.4430E+00  3.9646E+01 -3.5203E+01 -8.9010E-01
  7.0000E+00  4.0000E+00  0.0000E+00  1.9128E+01  0.0000E+00  2.2419E+01 -1.4151E-01 -1.6887E-01  1.9128E+01  3.0017E+01 -1.0889E+01 -1.9820E-01
  7.0000E+00  8.0000E+00  0.0000E+00  5.6870E+00  0.0000E+00  9.7057E+00 -2.7432E-01 -4.7638E-01  5.6870E+00  1.6991E+01 -1.1304E+01 -2.4790E-01
  7.0000E+00  2.4000E+01  0.0000E+00  6.0000E-01  0.0000E+00  3.4045E-01  8.7507E-01  8.7710E-01  6.0000E-01  1.7422E+00 -1.1422E+00  2.4613E-01
  8.0000E+00  0.0000E+00  1.2500E+05  0.0000E+00  1.0000E+00  0.0000E+00  0.0000E+00  0.0000E+00  0.0000E+00  0.0000E+00  0.0000E+00  0.0000E+00
  8.0000E+00  0.0000E+00  0.0000E+00  0.0000E+00  0.0000E+00  0.0000E+00  0.0000E+00  0.0000E+00  0.0000E+00  0.0000E+00  0.0000E+00  0.0000E+00
  8.0000E+00  5.0000E-01  0.0000E+00  3.1708E+01  0.0000E+00  4.2985E+01 -3.1172E-01 -3.0183E-01  3.1708E+01  4.5765E+01 -1.4057E+01 -3.1398E-01
  8.0000E+00  1.0000E+00  0.0000E+00  2.9239E+01  0.0000E+00  4.0478E+01 -3.3090E-01 -3.1945E-01  2.9239E+01  4.4491E+01 -1.5252E+01 -3.3250E-01
  8.0000E+00  2.0000E+00  0.0000E+00  9.1450E+00  0.0000E+00  3.3802E+01 -8.4157E-01 -8.3925E-01  9.1450E+00  3.9646E+01 -3.0501E+01 -7.5527E-01
  8.0000E+00  4.0000E+00  0.0000E+00  7.1960E+00  0.0000E+00  2.2396E+01 -7.1858E-01 -7.8085E-01  7.1960E+00  3.0017E+01 -2.2821E+01 -5.9884E-01
  8.0000E+00  8.0000E+00  0.0000E+00  3.9410E+00  0.0000E+00  9.6870E+00 -3.7336E-01 -6.8245E-01  3.9410E+00  1.6991E+01 -1.3050E+01 -3.1887E-01
  8.0000E+00  2.4000E+01  0.0000E+00  6.0000E-01  0.0000E+00  3.3855E-01  1.0996E+00  8.8851E-01  6.0000E-01  1.7422E+00 -1.1422E+00  2.7700E-01
  9.0000E+00  0.0000E+00  1.2500E+05  0.0000E+00  1.0000E+00  0.0000E+00  0.0000E+00  0.0000E+00  0.0000E+00  0.0000E+00  0.0000E+00  0.0000E+00
  9.0000E+00  0.0000E+00  0.0000E+00  0.0000E+00  0.0000E+00  0.0000E+00  0.0000E+00  0.0000E+00  0.0000E+00  0.0000E+00  0.0000E+00  0.0000E+00
  9.0000E+00  5.0000E-01  0.0000E+00  2.5875E+01  0.0000E+00  4.4460E+01 -4.7465E-01 -4.8093E-01  2.5875E+01  4.5765E+01 -1.9890E+01 -4.6822E-01
  9.0000E+00  1.0000E+00  0.0000E+00  1.2360E+01  0.0000E+00  4.2587E+01 -8.0585E-01 -8.1660E-01  1.2360E+01  4.4491E+01 -3.2131E+01 -7.7610E-01
  9.0000E+00  2.0000E+00  0.0000E+00  2.5667E+01  0.0000E+00  3.6821E+01 -3.2326E-01 -3.4851E-01  2.5667E+01  3.9646E+01 -1.3979E+01 -3.1548E-01
  9.0000E+00  4.0000E+00  0.0000E+00  1.4443E+01  0.0000E+00  2.6202E+01 -4.4183E-01 -5.1633E-01  1.4443E+01  3.0017E+01 -1.5574E+01 -3.9300E-01
  9.0000E+00  8.0000E+00  0.0000E+00  6.7260E+00  0.0000E+00  1.3089E+01 -3.4024E-01 -5.5930E-01  6.7260E+00  1.6991E+01 -1.0265E+01 -2.5796E-01
  9.0000E+00  2.4000E+01  0.0000E+00  1.4570E+00  0.0000E+00  8.1402E-01  9.5566E-01  9.0878E-01  1.4570E+00  1.7422E+00 -2.8516E-01  3.2339E-01
  1.0000E+01  0.0000E+00  2.5000E+05  0.0000E+00  1.0000E+00  0.0000E+00  0.0000E+00  0.0000E+00  0.0000E+00  0.0000E+00  0.0000E+00  0.0000E+00
  1.0000E+01  0.0000E+00  0.0000E+00  0.0000E+00  0.0000E+00  0.0000E+00  0.0000E+00  0.0000E+00  0.0000E+00  0.0000E+00  0.0000E+00  0.0000E+00
  1.0000E+01  5.0000E-01  0.0000E+00  3.2559E+01  0.0000E+00  4.8482E+01 -3.7188E-01 -3.7786E-01  3.2559E+01  4.7061E+01 -1.4502E+01 -3.8220E-01
  1.0000E+01  1.0000E+00  0.0000E+00  2.7382E+01  0.0000E+00  4.7864E+01 -4.8350E-01 -4.9233E-01  2.7382E+01  4.5751E+01 -1.8369E+01 -5.0112E-01
  1.0000E+01  2.0000E+00  0.0000E+00  2.0366E+01  0.0000E+00  4.4013E+01 -6.0609E-01 -6.1814E-01  2.0366E+01  4.0769E+01 -2.0403E+01 -6.3382E-01
  1.0000E+01  4.0000E+00  0.0000E+00  3.1808E+01  0.0000E+00  3.5543E+01 -1.1238E-01 -1.2089E-01  3.1808E+01  3.0868E+01  9.4040E-01 -1.1866E-01
  1.0000E+01  8.0000E+00  0.0000E+00  6.3644E+01  0.0000E+00  2.2908E+01  2.0130E+00  2.0459E+00  6.3644E+01  1.7472E+01  4.6172E+01  1.9002E+00
  1.0000E+01  2.4000E+01  0.0000E+00  2.5160E+00  0.0000E+00  3.9491E+00 -6.5858E-01 -4.1751E-01  2.5160E+00  1.7915E+00  7.2450E-01 -3.7168E-01
  1.1000E+01  0.0000E+00  2.5000E+05  0.0000E+00  1.0000E+00  0.0000E+00  0.0000E+00  0.0000E+00  0.0000E+00  0.0000E+00  0.0000E+00  0.0000E+00
  1.1000E+01  0.0000E+00  0.0000E+00  0.0000E+00  0.0000E+00  0.0000E+00  0.0000E+00  0.0000E+00  0.0000E+00  0.0000E+00  0.0000E+00  0.0000E+00
  1.1000E+01  5.0000E-01  0.0000E+00  2.2787E+01  0.0000E+00  4.4186E+01 -5.8207E-01 -5.5718E-01  2.2787E+01  4.7061E+01 -2.4274E+01 -5.5909E-01
  1.1000E+01  1.0000E+00  0.0000E+00  4.7157E+01  0.0000E+00  4.1601E+01  1.1891E-01  1.5365E-01  4.7157E+01  4.5751E+01  1.4057E+00  8.1816E-02
  1.1000E+01  2.0000E+00  0.0000E+00  4.3560E+00  0.0000E+00  3.4727E+01 -1.0517E+00 -1.0062E+00  4.3560E+00  4.0769E+01 -3.6413E+01 -9.0948E-01
  1.1000E+01  4.0000E+00  0.0000E+00  1.1033E+01  0.0000E+00  2.2991E+01 -6.3222E-01 -5.9840E-01  1.1033E+01  3.0868E+01 -1.9835E+01 -5.0966E-01
  1.1000E+01  8.0000E+00  0.0000E+00  9.2000E+00  0.0000E+00  9.9287E+00 -1.7967E-02 -8.4438E-02  9.2000E+00  1.7472E+01 -8.2720E+00 -1.3173E-01
  1.1000E+01  2.4000E+01  0.0000E+00  6.0000E-01  0.0000E+00  3.4482E-01  6.2828E-01  8.5144E-01  6.0000E-01  1.7915E+00 -1.1915E+00  1.8017E-01
  1.2000E+01  0.0000E+00  2.5000E+05  0.0000E+00  1.0000E+00  0.0000E+00  0.0000E+00  0.0000E+00  0.0000E+00  0.0000E+00  0.0000E+00  0.0000E+00
  1.2000E+01  0.0000E+00  0.0000E+00  0.0000E+00  0.0000E+00  0.0000E+00  0.0000E+00  0.0000E+00  0.0000E+00  0.0000E+00  0.0000E+00  0.0000E+00
  1.2000E+01  5.0000E-01  0.0000E+00  2.9301E+01  0.0000E+00  4.5427E+01 -3.9945E-01 -4.0842E-01  2.9301E+01  4.7061E+01 -1.7760E+01 -3.9688E-01
  1.2000E+01  1.0000E+00  0.0000E+00  1.4208E+01  0.0000E+00  4.3372E+01 -7.5841E-01 -7.7363E-01  1.4208E+01  4.5751E+01 -3.1543E+01 -7.3001E-01
  1.2000E+01  2.0000E+00  0.0000E+00  1.1723E+01  0.0000E+00  3.7252E+01 -7.5367E-01 -7.8846E-01  1.1723E+01  4.0769E+01 -2.9046E+01 -6.9918E-01
  1.2000E+01  4.0000E+00  0.0000E+00  8.5160E+00  0.0000E+00  2.6151E+01 -6.7672E-01 -7.7585E-01  8.5160E+00  3.0868E+01 -2.2352E+01 -5.7548E-01
  1.2000E+01  8.0000E+00  0.0000E+00  8.2990E+00  0.0000E+00  1.2709E+01 -1.1857E-01 -3.9925E-01  8.2990E+00  1.7472E+01 -9.1730E+00 -1.4551E-01
  1.2000E+01  2.4000E+01  0.0000E+00  1.2620E+00  0.0000E+00  7.0818E-01  1.0065E+00  8.9974E-01  1.2620E+00  1.7915E+00 -5.2950E-01  3.4814E-01
  1.3000E+01  0.0000E+00  5.0000E+05  0.0000E+00  1.0000E+00  0.0000E+00  0.0000E+00  0.0000E+00  0.0000E+00  0.0000E+00  0.0000E+00  0.0000E+00
  1.3000E+01  0.0000E+00  0.0000E+00  0.0000E+00  0.0000E+00  0.0000E+00  0.0000E+00  0.0000E+00  0.0000E+00  0.0000E+00  0.0000E+00  0.0000E+00
  1.3000E+01  5.0000E-01  0.0000E+00  5.5055E+01  0.0000E+00  5.0699E+01  1.3977E-01  9.8851E-02  5.5055E+01  4.7737E+01  7.3179E+00  1.7785E-01
  1.3000E+01  1.0000E+00  0.0000E+00  1.9613E+01  0.0000E+00  5.0859E+01 -6.4428E-01 -7.0684E-01  1.9613E+01  4.6409E+01 -2.6796E+01 -6.5201E-01
  1.3000E+01  2.0000E+00  0.0000E+00  2.3639E+01  0.0000E+00  4.8316E+01 -4.8220E-01 -5.8761E-01  2.3639E+01  4.1355E+01 -1.7716E+01 -4.7074E-01
  1.3000E+01  4.0000E+00  0.0000E+00  1.3103E+01  0.0000E+00  4.1712E+01 -6.0139E-01 -7.8911E-01  1.3103E+01  3.1311E+01 -1.8208E+01 -5.9677E-01
  1.3000E+01  8.0000E+00  0.0000E+00  1.3568E+01  0.0000E+00  3.0753E+01 -3.1401E-01 -6.4292E-01  1.3568E+01  1.7723E+01 -4.1549E+00 -2.2524E-01
  1.3000E+01  2.4000E+01  0.0000E+00  1.7556E+01  0.0000E+00  9.0794E+00  1.5623E+00  1.0741E+00  1.7556E+01  1.8172E+00  1.5739E+01  2.8825E+00
  1.4000E+01  0.0000E+00  5.0000E+05  0.0000E+00  1.0000E+00  0.0000E+00  0.0000E+00  0.0000E+00  0.0000E+00  0.0000E+00  0.0000E+00  0.0000E+00
  1.4000E+01  0.0000E+00  0.0000E+00  0.0000E+00  0.0000E+00  0.0000E+00  0.0000E+00  0.0000E+00  0.0000E+00  0.0000E+00  0.0000E+00  0.0000E+00
  1.4000E+01  5.0000E-01  0.0000E+00  4.9290E+01  0.0000E+00  4.5186E+01  4.2650E-02  1.0448E-01  4.9290E+01  4.7737E+01  1.5529E+00  4.5761E-02
  1.4000E+01  1.0000E+00  0.0000E+00  3.0508E+01  0.0000E+00  4.2718E+01 -4.2156E-01 -3.2884E-01  3.0508E+01  4.6409E+01 -1.5901E+01 -3.7604E-01
  1.4000E+01  2.0000E+00  0.0000E+00  2.6968E+01  0.0000E+00  3.5957E+01 -4.4258E-01 -2.8762E-01  2.6968E+01  4.1355E+01 -1.4387E+01 -3.6345E-01
  1.4000E+01  4.0000E+00  0.0000E+00  2.2871E+01  0.0000E+00  2.4217E+01 -3.4642E-01 -6.3929E-02  2.2871E+01  3.1311E+01 -8.4400E+00 -2.3549E-01
  1.4000E+01  8.0000E+00  0.0000E+00  2.1883E+01  0.0000E+00  1.0826E+01  6.2389E-01  1.1751E+00  2.1883E+01  1.7723E+01  4.1601E+00  2.6297E-01
  1.4000E+01  2.4000E+01  0.0000E+00  6.0000E-01  0.0000E+00  4.3171E-01 -6.5581E-01  4.4848E-01  6.0000E-01  1.8172E+00 -1.2172E+00 -1.2951E-01
  1.5000E+01  0.0000E+00  5.0000E+05  0.0000E+00  1.0000E+00  0.0000E+00  0.0000E+00  0.0000E+00  0.0000E+00  0.0000E+00  0.0000E+00  0.0000E+00
  1.5000E+01  0.0000E+00  0.0000E+00  0.0000E+00  0.0000E+00  0.0000E+00  0.0000E+00  0.0000E+00  0.0000E+00  0.0000E+00  0.0000E+00  0.0000E+00
  1.5000E+01  5.0000E-01  0.0000E+00  6.3812E+01  0.0000E+00  5.1026E+01  3.2338E-01  2.8830E-01  6.3812E+01  4.7737E+01  1.6075E+01  3.6126E-01
  1.5000E+01  1.0000E+00  0.0000E+00  7.1770E+00  0.0000E+00  5.1361E+01 -9.3598E-01 -9.8975E-01  7.1770E+00  4.6409E+01 -3.9232E+01 -9.9646E-01
  1.5000E+01  2.0000E+00  0.0000E+00  3.4378E+01  0.0000E+00  4.9132E+01 -2.5521E-01 -3.4549E-01  3.4378E+01  4.1355E+01 -6.9767E+00 -2.5270E-01
  1.5000E+01  4.0000E+00  0.0000E+00  1.8738E+01  0.0000E+00  4.3023E+01 -4.9092E-01 -6.4942E-01  1.8738E+01  3.1311E+01 -1.2573E+01 -5.4403E-01
  1.5000E+01  8.0000E+00  0.0000E+00  3.5351E+01  0.0000E+00  3.2639E+01  3.6488E-01  9.5611E-02  3.5351E+01  1.7723E+01  1.7628E+01  5.4787E-01
  1.5000E+01  2.4000E+01  0.0000E+00  2.0765E+01  0.0000E+00  1.0802E+01  1.4014E+00  1.0611E+00  2.0765E+01  1.8172E+00  1.8948E+01  3.0765E+00
  1.6000E+01  0.0000E+00  1.2500E+05  0.0000E+00  1.0000E+00  0.0000E+00  0.0000E+00  0.0000E+00  0.0000E+00  0.0000E+00  0.0000E+00  0.0000E+00
  1.6000E+01  0.0000E+00  0.0000E+00  0.0000E+00  0.0000E+00  0.0000E+00  0.0000E+00  0.0000E+00  0.0000E+00  0.0000E+00  0.0000E+00  0.0000E+00
  1.6000E+01  5.0000E-01  0.0000E+00  8.1620E+00  0.0000E+00  4.2989E+01 -9.2978E-01 -9.3207E-01  8.1620E+00  4.5765E+01 -3.7603E+01 -8.9628E-01
  1.6000E+01  1.0000E+00  0.0000E+00  1.6289E+01  0.0000E+00  4.0484E+01 -6.8040E-01 -6.8759E-01  1.6289E+01  4.4491E+01 -2.8202E+01 -6.5357E-01
  1.6000E+01  2.0000E+00  0.0000E+00  4.8860E+00  0.0000E+00  3.3810E+01 -9.5361E-01 -9.8425E-01  4.8860E+00  3.9646E+01 -3.4760E+01 -8.5829E-01
  1.6000E+01  4.0000E+00  0.0000E+00  8.0510E+00  0.0000E+00  2.2406E+01 -6.0936E-01 -7.3710E-01  8.0510E+00  3.0017E+01 -2.1966E+01 -5.4051E-01
  1.6000E+01  8.0000E+00  0.0000E+00  3.2130E+00  0.0000E+00  9.6951E+00 -3.2963E-01 -7.6923E-01  3.2130E+00  1.6991E+01 -1.3778E+01 -3.0532E-01
  1.6000E+01  2.4000E+01  0.0000E+00  6.0000E-01  0.0000E+00  3.3937E-01  1.2619E+00  8.8355E-01  6.0000E-01  1.7422E+00 -1.1422E+00  3.4819E-01
  1.7000E+01  0.0000E+00  1.2500E+05  0.0000E+00  1.0000E+00  0.0000E+00  0.0000E+00  0.0000E+00  0.0000E+00  0.0000E+00  0.0000E+00  0.0000E+00
  1.7000E+01  0.0000E+00  0.0000E+00  0.0000E+00  0.0000E+00  0.0000E+00  0.0000E+00  0.0000E+00  0.0000E+00  0.0000E+00  0.0000E+00  0.0000E+00
  1.7000E+01  5.0000E-01  0.0000E+00  2.4603E+01  0.0000E+00  4.2995E+01 -4.8982E-01 -4.9215E-01  2.4603E+01  4.5765E+01 -2.1162E+01 -4.8518E-01
  1.7000E+01  1.0000E+00  0.0000E+00  7.2080E+00  0.0000E+00  4.0492E+01 -9.3856E-01 -9.4571E-01  7.2080E+00  4.4491E+01 -3.7283E+01 -8.8506E-01
  1.7000E+01  2.0000E+00  0.0000E+00  5.4500E+00  0.0000E+00  3.3822E+01 -9.3509E-01 -9.6512E-01  5.4500E+00  3.9646E+01 -3.4196E+01 -8.4212E-01
  1.7000E+01  4.0000E+00  0.0000E+00  2.7120E+00  0.0000E+00  2.2420E+01 -8.8788E-01 -1.0113E+00  2.7120E+00  3.0017E+01 -2.7305E+01 -7.2224E-01
  1.7000E+01  8.0000E+00  0.0000E+00  5.6920E+00  0.0000E+00  9.7068E+00 -6.2719E-02 -4.7586E-01  5.6920E+00  1.6991E+01 -1.1299E+01 -1.8494E-01
  1.7000E+01  2.4000E+01  0.0000E+00  6.0000E-01  0.0000E+00  3.4057E-01  1.1597E+00  8.7640E-01  6.0000E-01  1.7422E+00 -1.1422E+00  3.4543E-01
  1.8000E+01  0.0000E+00  1.2500E+05  0.0000E+00  1.0000E+00  0.0000E+00  0.0000E+00  0.0000E+00  0.0000E+00  0.0000E+00  0.0000E+00  0.0000E+00
  1.8000E+01  0.0000E+00  0.0000E+00  0.0000E+00  0.0000E+00  0.0000E+00  0.0000E+00  0.0000E+00  0.0000E+00  0.0000E+00  0.0000E+00  0.0000E+00
  1.8000E+01  5.0000E-01  0.0000E+00  1.0414E+01  0.0000E+00  4.2995E+01 -8.6476E-01 -8.7184E-01  1.0414E+01  4.5765E+01 -3.5351E+01 -8.3746E-01
  1.8000E+01  1.0000E+00  0.0000E+00  3.2390E+00  0.0000E+00  4.0492E+01 -1.0440E+00 -1.0585E+00  3.2390E+00  4.4491E+01 -4.1252E+01 -9.8276E-01
  1.8000E+01  2.0000E+00  0.0000E+00  7.2080E+00  0.0000E+00  3.3822E+01 -8.6223E-01 -9.0533E-01  7.2080E+00  3.9646E+01 -3.2438E+01 -7.8682E-01
  1.8000E+01  4.0000E+00  0.0000E+00  2.6850E+00  0.0000E+00  2.2421E+01 -8.6248E-01 -1.0127E+00  2.6850E+00  3.0017E+01 -2.7332E+01 -7.1199E-01
  1.8000E+01  8.0000E+00  0.0000E+00  4.9860E+00  0.0000E+00  9.7076E+00 -8.8636E-02 -5.5959E-01  4.9860E+00  1.6991E+01 -1.2005E+01 -2.0022E-01
  1.8000E+01  2.4000E+01  0.0000E+00  6.0000E-01  0.0000E+00  3.4065E-01  1.2462E+00  8.7591E-01  6.0000E-01  1.7422E+00 -1.1422E+00  3.7398E-01
  1.9000E+01  0.0000E+00  2.5000E+05  0.0000E+00  1.0000E+00  0.0000E+00  0.0000E+00  0.0000E+00  0.0000E+00  0.0000E+00  0.0000E+00  0.0000E+00
  1.9000E+01  0.0000E+00  0.0000E+00  0.0000E+00  0.0000E+00  0.0000E+00  0.0000E+00  0.0000E+00  0.0000E+00  0.0000E+00  0.0000E+00  0.0000E+00
  1.9000E+01  5.0000E-01  0.0000E+00  2.8991E+01  0.0000E+00  4.4156E+01 -3.9799E-01 -3.9513E-01  2.8991E+01  4.7061E+01 -1.8070E+01 -3.9762E-01
  1.9000E+01  1.0000E+00  0.0000E+00  7.3880E+00  0.0000E+00  4.1559E+01 -9.4664E-01 -9.4599E-01  7.3880E+00  4.5751E+01 -3.8363E+01 -8.8892E-01
  1.9000E+01  2.0000E+00  0.0000E+00  5.6630E+00  0.0000E+00  3.4668E+01 -9.4568E-01 -9.6258E-01  5.6630E+00  4.0769E+01 -3.5106E+01 -8.4609E-01
  1.9000E+01  4.0000E+00  0.0000E+00  9.2860E+00  0.0000E+00  2.2919E+01 -5.8403E-01 -6.8437E-01  9.2860E+00  3.0868E+01 -2.1582E+01 -5.1654E-01
  1.9000E+01  8.0000E+00  0.0000E+00  4.0470E+00  0.0000E+00  9.8696E+00 -2.9773E-01 -6.7875E-01  4.0470E+00  1.7472E+01 -1.3425E+01 -2.8650E-01
  1.9000E+01  2.4000E+01  0.0000E+00  6.0000E-01  0.0000E+00  3.3887E-01  1.1686E+00  8.8657E-01  6.0000E-01  1.7915E+00 -1.1915E+00  3.1956E-01
  2.0000E+01  0.0000E+00  2.5000E+05  0.0000E+00  1.0000E+00  0.0000E+00  0.0000E+00  0.0000E+00  0.0000E+00  0.0000E+00  0.0000E+00  0.0000E+00
  2.0000E+01  0.0000E+00  0.0000E+00  0.0000E+00  0.0000E+00  0.0000E+00  0.0000E+00  0.0000E+00  0.0000E+00  0.0000E+00  0.0000E+00  0.0000E+00
  2.0000E+01  5.0000E-01  0.0000E+00  2.0607E+01  0.0000E+00  4.4158E+01 -6.1469E-01 -6.1361E-01  2.0607E+01  4.7061E+01 -2.6454E+01 -6.0081E-01
  2.0000E+01  1.0000E+00  0.0000E+00  1.2830E+01  0.0000E+00  4.1562E+01 -7.9319E-01 -7.9535E-01  1.2830E+01  4.5751E+01 -3.2921E+01 -7.5297E-01
  2.0000E+01  2.0000E+00  0.0000E+00  1.2017E+01  0.0000E+00  3.4672E+01 -7.2929E-01 -7.5175E-01  1.2017E+01  4.0769E+01 -2.8752E+01 -6.7171E-01
  2.0000E+01  4.0000E+00  0.0000E+00  6.5880E+00  0.0000E+00  2.2924E+01 -7.0543E-01 -8.1988E-01  6.5880E+00  3.0868E+01 -2.4280E+01 -6.0303E-01
  2.0000E+01  8.0000E+00  0.0000E+00  2.8710E+00  0.0000E+00  9.8734E+00 -3.9202E-01 -8.1597E-01  2.8710E+00  1.7472E+01 -1.4601E+01 -3.3597E-01
  2.0000E+01  2.4000E+01  0.0000E+00  6.0000E-01  0.0000E+00  3.3926E-01  1.2625E+00  8.8425E-01  6.0000E-01  1.7915E+00 -1.1915E+00  3.3193E-01
  2.1000E+01  0.0000E+00  2.5000E+05  0.0000E+00  1.0000E+00  0.0000E+00  0.0000E+00  0.0000E+00  0.0000E+00  0.0000E+00  0.0000E+00  0.0000E+00
  2.1000E+01  0.0000E+00  0.0000E+00  0.0000E+00  0.0000E+00  0.0000E+00  0.0000E+00  0.0000E+00  0.0000E+00  0.0000E+00  0.0000E+00  0.0000E+00
  2.1000E+01  5.0000E-01  0.0000E+00  2.0194E+01  0.0000E+00  4.4168E+01 -6.2478E-01 -6.2449E-01  2.0194E+01  4.7061E+01 -2.6867E+01 -6.1008E-01
  2.1000E+01  1.0000E+00  0.0000E+00  1.3124E+01  0.0000E+00  4.1576E+01 -7.8415E-01 -7.8734E-01  1.3124E+01  4.5751E+01 -3.2627E+01 -7.4452E-01
  2.1000E+01  2.0000E+00  0.0000E+00  6.5080E+00  0.0000E+00  3.4691E+01 -9.1152E-01 -9.3468E-01  6.5080E+00  4.0769E+01 -3.4261E+01 -8.1964E-01
  2.1000E+01  4.0000E+00  0.0000E+00  1.8150E+00  0.0000E+00  2.2948E+01 -9.4973E-01 -1.0595E+00  1.8150E+00  3.0868E+01 -2.9053E+01 -7.5844E-01
  2.1000E+01  8.0000E+00  0.0000E+00  6.6610E+00  0.0000E+00  9.8931E+00  6.0391E-03 -3.7588E-01  6.6610E+00  1.7472E+01 -1.0811E+01 -1.5361E-01
  2.1000E+01  2.4000E+01  0.0000E+00  6.0000E-01  0.0000E+00  3.4123E-01  1.0955E+00  8.7248E-01  6.0000E-01  1.7915E+00 -1.1915E+00  3.3107E-01
  2.2000E+01  0.0000E+00  5.0000E+05  0.0000E+00  1.0000E+00  0.0000E+00  0.0000E+00  0.0000E+00  0.0000E+00  0.0000E+00  0.0000E+00  0.0000E+00
  2.2000E+01  0.0000E+00  0.0000E+00  0.0000E+00  0.0000E+00  0.0000E+00  0.0000E+00  0.0000E+00  0.0000E+00  0.0000E+00  0.0000E+00  0.0000E+00
  2.2000E+01  5.0000E-01  0.0000E+00  2.0892E+01  0.0000E+00  4.5893E+01 -6.3040E-01 -6.2676E-01  2.0892E+01  4.7737E+01 -2.6845E+01 -6.1324E-01
  2.2000E+01  1.0000E+00  0.0000E+00  2.0896E+01  0.0000E+00  4.3726E+01 -6.0476E-01 -6.0071E-01  2.0896E+01  4.6409E+01 -2.5513E+01 -5.7864E-01
  2.2000E+01  2.0000E+00  0.0000E+00  1.6873E+01  0.0000E+00  3.7399E+01 -6.3073E-01 -6.3144E-01  1.6873E+01  4.1355E+01 -2.4482E+01 -5.7818E-01
  2.2000E+01  4.0000E+00  0.0000E+00  5.7380E+00  0.0000E+00  2.6028E+01 -8.6764E-01 -8.9687E-01  5.7380E+00  3.1311E+01 -2.5573E+01 -6.9381E-01
  2.2000E+01  8.0000E+00  0.0000E+00  1.4398E+01  0.0000E+00  1.2431E+01  3.0070E-01  1.8204E-01  1.4398E+01  1.7723E+01 -3.3249E+00  9.0814E-02
  2.2000E+01  2.4000E+01  0.0000E+00  1.1130E+00  0.0000E+00  6.4602E-01  6.2448E-01  8.3167E-01  1.1130E+00  1.8172E+00 -7.0424E-01  2.4455E-01
  2.3000E+01  0.0000E+00  5.0000E+05  0.0000E+00  1.0000E+00  0.0000E+00  0.0000E+00  0.0000E+00  0.0000E+00  0.0000E+00  0.0000E+00  0.0000E+00
  2.3000E+01  0.0000E+00  0.0000E+00  0.0000E+00  0.0000E+00  0.0000E+00  0.0000E+00  0.0000E+00  0.0000E+00  0.0000E+00  0.0000E+00  0.0000E+00
  2.3000E+01  5.0000E-01  0.0000E+00  6.3520E+01  0.0000E+00  4.4823E+01  4.4897E-01  4.7991E-01  6.3520E+01  4.7737E+01  1.5783E+01  4.0611E-01
  2.3000E+01  1.0000E+00  0.0000E+00  2.7973E+01  0.0000E+00  4.2202E+01 -4.3200E-01 -3.8792E-01  2.7973E+01  4.6409E+01 -1.8436E+01 -4.0864E-01
  2.3000E+01  2.0000E+00  0.0000E+00  1.2101E+01  0.0000E+00  3.5231E+01 -8.1764E-01 -7.5534E-01  1.2101E+01  4.1355E+01 -2.9254E+01 -7.1128E-01
  2.3000E+01  4.0000E+00  0.0000E+00  7.7790E+00  0.0000E+00  2.3328E+01 -8.3602E-01 -7.6686E-01  7.7790E+00  3.1311E+01 -2.3532E+01 -6.3555E-01
  2.3000E+01  8.0000E+00  0.0000E+00  1.1122E+01  0.0000E+00  1.0077E+01  1.0505E-01  1.1936E-01  1.1122E+01  1.7723E+01 -6.6009E+00 -7.2792E-02
  2.3000E+01  2.4000E+01  0.0000E+00  6.0000E-01  0.0000E+00  3.5031E-01  4.7560E-01  8.2005E-01  6.0000E-01  1.8172E+00 -1.2172E+00  1.4121E-01
  2.4000E+01  0.0000E+00  5.0000E+05  0.0000E+00  1.0000E+00  0.0000E+00  0.0000E+00  0.0000E+00  0.0000E+00  0.0000E+00  0.0000E+00  0.0000E+00
  2.4000E+01  0.0000E+00  0.0000E+00  0.0000E+00  0.0000E+00  0.0000E+00  0.0000E+00  0.0000E+00  0.0000E+00  0.0000E+00  0.0000E+00  0.0000E+00
  2.4000E+01  5.0000E-01  0.0000E+00  6.2078E+01  0.0000E+00  4.9834E+01  3.0508E-01  2.8269E-01  6.2078E+01  4.7737E+01  1.4341E+01  3.1612E-01
  2.4000E+01  1.0000E+00  0.0000E+00  1.7933E+01  0.0000E+00  4.9541E+01 -7.0001E-01 -7.3405E-01  1.7933E+01  4.6409E+01 -2.8476E+01 -7.3856E-01
  2.4000E+01  2.0000E+00  0.0000E+00  2.0081E+01  0.0000E+00  4.6202E+01 -5.9432E-01 -6.5046E-01  2.0081E+01  4.1355E+01 -2.1274E+01 -6.4352E-01
  2.4000E+01  4.0000E+00  0.0000E+00  1.3612E+01  0.0000E+00  3.8406E+01 -6.4764E-01 -7.4275E-01  1.3612E+01  3.1311E+01 -1.7699E+01 -7.1853E-01
  2.4000E+01  8.0000E+00  0.0000E+00  7.3308E+01  0.0000E+00  2.6239E+01  2.2159E+00  2.0639E+00  7.3308E+01  1.7723E+01  5.5585E+01  2.3251E+00
  2.4000E+01  2.4000E+01  0.0000E+00  1.2590E+00  0.0000E+00  5.7111E+00 -5.7542E-01 -8.9689E-01  1.2590E+00  1.8172E+00 -5.5824E-01 -5.9485E-01
  2.5000E+01  0.0000E+00  1.2500E+05  0.0000E+00  1.0000E+00  0.0000E+00  0.0000E+00  0.0000E+00  0.0000E+00  0.0000E+00  0.0000E+00  0.0000E+00
  2.5000E+01  6.4850E+02  0.0000E+00  7.4066E+01  0.0000E+00  5.5672E+01  4.7982E-01  3.8012E-01  7.4066E+01  4.7443E+01  2.6623E+01  5.4155E-01
  2.5000E+01  6.4900E+02  0.0000E+00  3.0944E+01  0.0000E+00  5.5282E+01 -3.9978E-01 -5.0651E-01  3.0944E+01  4.6054E+01 -1.5110E+01 -4.7735E-01
  2.5000E+01  6.5000E+02  0.0000E+00  6.1250E+00  0.0000E+00  5.1847E+01 -8.9405E-01 -1.0146E+00  6.1250E+00  4.1001E+01 -3.4876E+01 -1.0794E+00
  2.5000E+01  6.5200E+02  0.0000E+00  3.0089E+01  0.0000E+00  4.3857E+01 -2.1914E-01 -3.6118E-01  3.0089E+01  3.1037E+01 -9.4775E-01 -2.9712E-01
  2.5000E+01  6.5600E+02  0.0000E+00  8.4092E+01  0.0000E+00  3.1078E+01  2.1195E+00  1.9626E+00  8.4092E+01  1.7568E+01  6.6524E+01  2.5216E+00
  2.5000E+01  6.7200E+02  0.0000E+00  8.0090E+00  0.0000E+00  7.8306E+00  1.5617E-02  2.6218E-02  8.0090E+00  1.8013E+00  6.2077E+00  3.7128E-01
  2.6000E+01  0.0000E+00  1.2500E+05  0.0000E+00  1.0000E+00  0.0000E+00  0.0000E+00  0.0000E+00  0.0000E+00  0.0000E+00  0.0000E+00  0.0000E+00
  2.6000E+01  6.4850E+02  0.0000E+00  5.0296E+01  0.0000E+00  4.7299E+01  3.6587E-02  7.2896E-02  5.0296E+01  4.7443E+01  2.8535E+00  3.4655E-02
  2.6000E+01  6.4900E+02  0.0000E+00  1.4633E+02  0.0000E+00  4.5880E+01  2.4731E+00  2.5190E+00  1.4633E+02  4.6054E+01  1.0028E+02  2.3823E+00
  2.6000E+01  6.5000E+02  0.0000E+00  8.6660E+00  0.0000E+00  4.0781E+01 -9.7407E-01 -9.0603E-01  8.6660E+00  4.1001E+01 -3.2335E+01 -9.0832E-01
  2.6000E+01  6.5200E+02  0.0000E+00  3.1890E+01  0.0000E+00  3.0766E+01 -7.7397E-02  4.2029E-02  3.1890E+01  3.1037E+01  8.5325E-01 -6.4882E-02
  2.6000E+01  6.5600E+02  0.0000E+00  2.1724E+01  0.0000E+00  1.7296E+01  5.9494E-02  2.9453E-01  2.1724E+01  1.7568E+01  4.1565E+00  4.2808E-02
  2.6000E+01  6.7200E+02  0.0000E+00  2.5220E+00  0.0000E+00  1.7258E+00 -1.1734E-01  5.3077E-01  2.5220E+00  1.8013E+00  7.2070E-01 -7.1145E-02
  2.7000E+01  0.0000E+00  1.2500E+05  0.0000E+00  1.0000E+00  0.0000E+00  0.0000E+00  0.0000E+00  0.0000E+00  0.0000E+00  0.0000E+00  0.0000E+00
  2.7000E+01  6.4850E+02  0.0000E+00  2.1252E+02  0.0000E+00  6.5015E+01  2.8164E+00  2.6102E+00  2.1252E+02  4.7443E+01  1.6507E+02  3.7905E+00
  2.7000E+01  6.4900E+02  0.0000E+00  3.0835E+01  0.0000E+00  6.5047E+01 -3.9278E-01 -6.0512E-01  3.0835E+01  4.6054E+01 -1.5219E+01 -5.2480E-01
  2.7000E+01  6.5000E+02  0.0000E+00  1.4641E+02  0.0000E+00  6.2339E+01  1.7798E+00  1.5516E+00  1.4641E+02  4.1001E+01  1.0541E+02  2.5472E+00
  2.7000E+01  6.5200E+02  0.0000E+00  9.8230E+00  0.0000E+00  5.5371E+01 -6.8627E-01 -9.4641E-01  9.8230E+00  3.1037E+01 -2.1214E+01 -1.0272E+00
  2.7000E+01  6.5600E+02  0.0000E+00  3.2820E+01  0.0000E+00  4.3333E+01  3.3790E-02 -2.7913E-01  3.2820E+01  1.7568E+01  1.5252E+01  1.2612E-01
  2.7000E+01  6.7200E+02  0.0000E+00  6.0010E+00  0.0000E+00  1.6245E+01 -2.7565E-01 -7.2550E-01  6.0010E+00  1.8013E+00  4.1997E+00 -2.6223E-02
  2.8000E+01  0.0000E+00  2.5000E+05  0.0000E+00  1.0000E+00  0.0000E+00  0.0000E+00  0.0000E+00  0.0000E+00  0.0000E+00  0.0000E+00  0.0000E+00
  2.8000E+01  6.4850E+02  0.0000E+00  6.4244E+01  0.0000E+00  6.0099E+01  2.5543E-01  7.9346E-02  6.4244E+01  4.8786E+01  1.5458E+01  2.6301E-01
  2.8000E+01  6.4900E+02  0.0000E+00  3.7738E+01  0.0000E+00  5.9866E+01 -2.3965E-01 -4.2526E-01  3.7738E+01  4.7358E+01 -9.6199E+00 -3.4255E-01
  2.8000E+01  6.5000E+02  0.0000E+00  9.7220E+00  0.0000E+00  5.6621E+01 -7.4456E-01 -9.5297E-01  9.7220E+00  4.2162E+01 -3.2440E+01 -9.9755E-01
  2.8000E+01  6.5200E+02  0.0000E+00  2.0965E+01  0.0000E+00  4.8799E+01 -4.0276E-01 -6.5623E-01  2.0965E+01  3.1916E+01 -1.0951E+01 -6.1209E-01
  2.8000E+01  6.5600E+02  0.0000E+00  1.0345E+02  0.0000E+00  3.5917E+01  2.4908E+00  2.1633E+00  1.0345E+02  1.8065E+01  8.5385E+01  3.2531E+00
  2.8000E+01  6.7200E+02  0.0000E+00  2.1540E+00  0.0000E+00  1.0533E+01 -4.0170E-01 -9.1524E-01  2.1540E+00  1.8523E+00  3.0168E-01 -7.5008E-01
  2.9000E+01  0.0000E+00  2.5000E+05  0.0000E+00  1.0000E+00  0.0000E+00  0.0000E+00  0.0000E+00  0.0000E+00  0.0000E+00  0.0000E+00  0.0000E+00
  2.9000E+01  6.4850E+02  0.0000E+00  1.4612E+02  0.0000E+00  6.0774E+01  1.7162E+00  1.6156E+00  1.4612E+02  4.8786E+01  9.7331E+01  2.1041E+00
  2.9000E+01  6.4900E+02  0.0000E+00  2.4291E+01  0.0000E+00  6.0575E+01 -5.8371E-01 -6.8915E-01  2.4291E+01  4.7358E+01 -2.3067E+01 -7.1846E-01
  2.9000E+01  6.5000E+02  0.0000E+00  2.4490E+01  0.0000E+00  5.7387E+01 -5.4601E-01 -6.5953E-01  2.4490E+01  4.2162E+01 -1.7672E+01 -7.0602E-01
  2.9000E+01  6.5200E+02  0.0000E+00  8.2620E+01  0.0000E+00  4.9646E+01  8.8664E-01  7.6416E-01  8.2620E+01  3.1916E+01  5.0704E+01  1.1499E+00
  2.9000E+01  6.5600E+02  0.0000E+00  5.3802E+01  0.0000E+00  3.6821E+01  6.4362E-01  5.3059E-01  5.3802E+01  1.8065E+01  3.5737E+01  8.6967E-01
  2.9000E+01  6.7200E+02  0.0000E+00  1.7604E+01  0.0000E+00  1.1134E+01  4.9665E-01  6.6853E-01  1.7604E+01  1.8523E+00  1.5752E+01  1.7593E+00
  3.0000E+01  0.0000E+00  2.5000E+05  0.0000E+00  1.0000E+00  0.0000E+00  0.0000E+00  0.0000E+00  0.0000E+00  0.0000E+00  0.0000E+00  0.0000E+00
  3.0000E+01  6.4850E+02  0.0000E+00  2.4478E+01  0.0000E+00  4.7236E+01 -6.1490E-01 -5.5431E-01  2.4478E+01  4.8786E+01 -2.4308E+01 -5.7953E-01
  3.0000E+01  6.4900E+02  0.0000E+00  4.3707E+01  0.0000E+00  4.5446E+01 -1.2395E-01 -4.4018E-02  4.3707E+01  4.7358E+01 -3.6509E+00 -1.0887E-01
  3.0000E+01  6.5000E+02  0.0000E+00  2.1750E+01  0.0000E+00  3.9699E+01 -6.4301E-01 -5.2018E-01  2.1750E+01  4.2162E+01 -2.0412E+01 -5.5492E-01
  3.0000E+01  6.5200E+02  0.0000E+00  7.7547E+01  0.0000E+00  2.8884E+01  1.7194E+00  1.9383E+00  7.7547E+01  3.1916E+01  4.5631E+01  1.3540E+00
  3.0000E+01  6.5600E+02  0.0000E+00  1.7104E+01  0.0000E+00  1.5093E+01 -2.7192E-01  1.5328E-01  1.7104E+01  1.8065E+01 -9.6109E-01 -1.2614E-01
  3.0000E+01  6.7200E+02  0.0000E+00  1.4920E+00  0.0000E+00  1.1239E+00 -4.8624E-01  3.7679E-01  1.4920E+00  1.8523E+00 -3.6032E-01 -2.0090E-01
  3.1000E+01  0.0000E+00  5.0000E+05  0.0000E+00  1.0000E+00  0.0000E+00  0.0000E+00  0.0000E+00  0.0000E+00  0.0000E+00  0.0000E+00  0.0000E+00
  3.1000E+01  6.4850E+02  0.0000E+00  1.4763E+02  0.0000E+00  8.8563E+01  1.2066E+00  7.6730E-01  1.4763E+02  4.9487E+01  9.8140E+01  1.9265E+00
  3.1000E+01  6.4900E+02  0.0000E+00  6.0196E+01  0.0000E+00  8.8967E+01  7.0802E-02 -3.7207E-01  6.0196E+01  4.8038E+01  1.2158E+01 -9.8465E-02
  3.1000E+01  6.5000E+02  0.0000E+00  4.5454E+01  0.0000E+00  8.6799E+01 -9.0440E-02 -5.4803E-01  4.5454E+01  4.2768E+01  2.6859E+00 -4.7833E-01
  3.1000E+01  6.5200E+02  0.0000E+00  3.7415E+01  0.0000E+00  8.0522E+01 -1.2478E-01 -6.1592E-01  3.7415E+01  3.2374E+01  5.0408E+00 -7.2727E-01
  3.1000E+01  6.5600E+02  0.0000E+00  2.0174E+02  0.0000E+00  6.8878E+01  2.7706E+00  2.2192E+00  2.0174E+02  1.8325E+01  1.8341E+02  6.4254E+00
  3.1000E+01  6.7200E+02  0.0000E+00  4.0700E+00  0.0000E+00  3.6861E+01 -3.1323E-01 -1.0235E+00  4.0700E+00  1.8789E+00  2.1911E+00 -1.9763E+00
  3.2000E+01  0.0000E+00  5.0000E+05  0.0000E+00  1.0000E+00  0.0000E+00  0.0000E+00  0.0000E+00  0.0000E+00  0.0000E+00  0.0000E+00  0.0000E+00
  3.2000E+01  6.4850E+02  0.0000E+00  2.4420E+01  0.0000E+00  6.7792E+01 -5.7815E-01 -7.3608E-01  2.4420E+01  4.9487E+01 -2.5067E+01 -7.8574E-01
  3.2000E+01  6.4900E+02  0.0000E+00  4.5068E+01  0.0000E+00  6.7825E+01 -2.2333E-01 -3.8603E-01  4.5068E+01  4.8038E+01 -2.9702E+00 -3.3656E-01
  3.2000E+01  6.5000E+02  0.0000E+00  1.5002E+02  0.0000E+00  6.4999E+01  1.6765E+00  1.5050E+00  1.5002E+02  4.2768E+01  1.0726E+02  2.3172E+00
  3.2000E+01  6.5200E+02  0.0000E+00  8.7104E+01  0.0000E+00  5.7729E+01  7.6904E-01  5.8544E-01  8.7104E+01  3.2374E+01  5.4730E+01  1.0359E+00
  3.2000E+01  6.5600E+02  0.0000E+00  6.0706E+01  0.0000E+00  4.5171E+01  5.8091E-01  3.9570E-01  6.0706E+01  1.8325E+01  4.2381E+01  7.7826E-01
  3.2000E+01  6.7200E+02  0.0000E+00  2.8840E+01  0.0000E+00  1.6922E+01  7.7934E-01  8.1031E-01  2.8840E+01  1.8789E+00  2.6961E+01  3.1695E+00
  3.3000E+01  0.0000E+00  5.0000E+05  0.0000E+00  1.0000E+00  0.0000E+00  0.0000E+00  0.0000E+00  0.0000E+00  0.0000E+00  0.0000E+00  0.0000E+00
  3.3000E+01  6.4850E+02  0.0000E+00  9.8501E+01  0.0000E+00  6.7962E+01  6.6855E-01  5.1698E-01  9.8501E+01  4.9487E+01  4.9014E+01  9.0641E-01
  3.3000E+01  6.4900E+02  0.0000E+00  5.3954E+01  0.0000E+00  6.8000E+01 -8.1555E-02 -2.3765E-01  5.3954E+01  4.8038E+01  5.9158E+00 -1.2219E-01
  3.3000E+01  6.5000E+02  0.0000E+00  6.4530E+01  0.0000E+00  6.5183E+01  1.5256E-01 -1.1521E-02  6.4530E+01  4.2768E+01  2.1762E+01  1.7496E-01
  3.3000E+01  6.5200E+02  0.0000E+00  1.3317E+02  0.0000E+00  5.7926E+01  1.6689E+00  1.4945E+00  1.3317E+02  3.2374E+01  1.0080E+02  2.4568E+00
  3.3000E+01  6.5600E+02  0.0000E+00  3.9382E+01  0.0000E+00  4.5379E+01  2.0560E-02 -1.5203E-01  3.9382E+01  1.8325E+01  2.1057E+01 -9.9575E-02
  3.3000E+01  6.7200E+02  0.0000E+00  3.0098E+01  0.0000E+00  1.7081E+01  8.2339E-01  8.7682E-01  3.0098E+01  1.8789E+00  2.8219E+01  3.4688E+00
  3.4000E+01  0.0000E+00  1.2500E+05  0.0000E+00  1.0000E+00  0.0000E+00  0.0000E+00  0.0000E+00  0.0000E+00  0.0000E+00  0.0000E+00  0.0000E+00
  3.4000E+01  6.4850E+02  0.0000E+00  3.5010E+01  0.0000E+00  4.3316E+01 -2.3435E-01 -2.2062E-01  3.5010E+01  4.7443E+01 -1.2433E+01 -2.2206E-01
  3.4000E+01  6.4900E+02  0.0000E+00  5.0250E+00  0.0000E+00  4.0787E+01 -1.0245E+00 -1.0088E+00  5.0250E+00  4.6054E+01 -4.1029E+01 -9.0094E-01
  3.4000E+01  6.5000E+02  0.0000E+00  0.0000E+00  1.0000E+00  3.4071E+01  0.0000E+00 -1.1505E+00  0.0000E+00  4.1001E+01  0.0000E+00  0.0000E+00
  3.4000E+01  6.5200E+02  0.0000E+00  6.2690E+00  0.0000E+00  2.2596E+01 -7.7533E-01 -8.3132E-01  6.2690E+00  3.1037E+01 -2.4768E+01 -5.7882E-01
  3.4000E+01  6.5600E+02  0.0000E+00  3.5510E+00  0.0000E+00  9.7937E+00 -4.3020E-01 -7.3336E-01  3.5510E+00  1.7568E+01 -1.4017E+01 -2.9867E-01
  3.4000E+01  6.7200E+02  0.0000E+00  6.0000E-01  0.0000E+00  3.4511E-01  1.0817E+00  8.4973E-01  6.0000E-01  1.8013E+00 -1.2013E+00  2.7849E-01
  3.5000E+01  0.0000E+00  1.2500E+05  0.0000E+00  1.0000E+00  0.0000E+00  0.0000E+00  0.0000E+00  0.0000E+00  0.0000E+00  0.0000E+00  0.0000E+00
  3.5000E+01  6.4850E+02  0.0000E+00  2.1542E+01  0.0000E+00  4.3278E+01 -5.7322E-01 -5.7784E-01  2.1542E+01  4.7443E+01 -2.5901E+01 -5.2135E-01
  3.5000E+01  6.4900E+02  0.0000E+00  8.6120E+00  0.0000E+00  4.0736E+01 -8.9662E-01 -9.0729E-01  8.6120E+00  4.6054E+01 -3.7442E+01 -7.8914E-01
  3.5000E+01  6.5000E+02  0.0000E+00  6.8900E+00  0.0000E+00  3.4002E+01 -8.8096E-01 -9.1738E-01  6.8900E+00  4.1001E+01 -3.4111E+01 -7.3182E-01
  3.5000E+01  6.5200E+02  0.0000E+00  2.5340E+00  0.0000E+00  2.2515E+01 -8.8583E-01 -1.0210E+00  2.5340E+00  3.1037E+01 -2.8503E+01 -6.4202E-01
  3.5000E+01  6.5600E+02  0.0000E+00  5.9780E+00  0.0000E+00  9.7279E+00 -1.4161E-02 -4.4350E-01  5.9780E+00  1.7568E+01 -1.1590E+01 -1.0715E-01
  3.5000E+01  6.7200E+02  0.0000E+00  6.0000E-01  0.0000E+00  3.3848E-01  1.1761E+00  8.8891E-01  6.0000E-01  1.8013E+00 -1.2013E+00  3.8952E-01
  3.6000E+01  0.0000E+00  1.2500E+05  0.0000E+00  1.0000E+00  0.0000E+00  0.0000E+00  0.0000E+00  0.0000E+00  0.0000E+00  0.0000E+00  0.0000E+00
  3.6000E+01  6.4850E+02  0.0000E+00  3.4776E+01  0.0000E+00  4.3274E+01 -2.2653E-01 -2.2593E-01  3.4776E+01  4.7443E+01 -1.2667E+01 -2.1356E-01
  3.6000E+01  6.4900E+02  0.0000E+00  1.3631E+01  0.0000E+00  4.0731E+01 -7.6231E-01 -7.6548E-01  1.3631E+01  4.6054E+01 -3.2423E+01 -6.7559E-01
  3.6000E+01  6.5000E+02  0.0000E+00  4.0710E+00  0.0000E+00  3.3995E+01 -9.8873E-01 -1.0127E+00  4.0710E+00  4.1001E+01 -3.6930E+01 -8.1687E-01
  3.6000E+01  6.5200E+02  0.0000E+00  4.7670E+00  0.0000E+00  2.2506E+01 -7.9419E-01 -9.0683E-01  4.7670E+00  3.1037E+01 -2.6270E+01 -5.8830E-01
  3.6000E+01  6.5600E+02  0.0000E+00  5.2920E+00  0.0000E+00  9.7206E+00 -1.3166E-01 -5.2416E-01  5.2920E+00  1.7568E+01 -1.2276E+01 -1.6363E-01
  3.6000E+01  6.7200E+02  0.0000E+00  6.0000E-01  0.0000E+00  3.3776E-01  1.1570E+00  8.9330E-01  6.0000E-01  1.8013E+00 -1.2013E+00  3.5474E-01
  3.7000E+01  0.0000E+00  2.5000E+05  0.0000E+00  1.0000E+00  0.0000E+00  0.0000E+00  0.0000E+00  0.0000E+00  0.0000E+00  0.0000E+00  0.0000E+00
  3.7000E+01  6.4850E+02  0.0000E+00  2.8486E+01  0.0000E+00  4.5508E+01 -4.1980E-01 -4.3034E-01  2.8486E+01  4.8786E+01 -2.0300E+01 -3.8935E-01
  3.7000E+01  6.4900E+02  0.0000E+00  1.1131E+01  0.0000E+00  4.3221E+01 -8.3683E-01 -8.5421E-01  1.1131E+01  4.7358E+01 -3.6227E+01 -7.5322E-01
  3.7000E+01  6.5000E+02  0.0000E+00  1.5256E+01  0.0000E+00  3.6750E+01 -6.3190E-01 -6.7290E-01  1.5256E+01  4.2162E+01 -2.6906E+01 -5.4790E-01
  3.7000E+01  6.5200E+02  0.0000E+00  1.0727E+01  0.0000E+00  2.5283E+01 -5.3981E-01 -6.6238E-01  1.0727E+01  3.1916E+01 -2.1189E+01 -4.3105E-01
  3.7000E+01  6.5600E+02  0.0000E+00  4.5780E+00  0.0000E+00  1.1800E+01 -3.4133E-01 -7.0417E-01  4.5780E+00  1.8065E+01 -1.3487E+01 -2.3651E-01
  3.7000E+01  6.7200E+02  0.0000E+00  1.0060E+00  0.0000E+00  5.5919E-01  1.1849E+00  9.1931E-01  1.0060E+00  1.8523E+00 -8.4632E-01  3.7290E-01
  3.8000E+01  0.0000E+00  2.5000E+05  0.0000E+00  1.0000E+00  0.0000E+00  0.0000E+00  0.0000E+00  0.0000E+00  0.0000E+00  0.0000E+00  0.0000E+00
  3.8000E+01  6.4850E+02  0.0000E+00  3.0100E+01  0.0000E+00  4.7226E+01 -3.9491E-01 -4.1722E-01  3.0100E+01  4.8786E+01 -1.8686E+01 -3.7354E-01
  3.8000E+01  6.4900E+02  0.0000E+00  2.6832E+01  0.0000E+00  4.5433E+01 -4.4069E-01 -4.7104E-01  2.6832E+01  4.7358E+01 -2.0526E+01 -4.1088E-01
  3.8000E+01  6.5000E+02  0.0000E+00  1.0962E+01  0.0000E+00  3.9683E+01 -7.8150E-01 -8.3269E-01  1.0962E+01  4.2162E+01 -3.1200E+01 -6.9588E-01
  3.8000E+01  6.5200E+02  0.0000E+00  1.5374E+01  0.0000E+00  2.8864E+01 -4.3154E-01 -5.3771E-01  1.5374E+01  3.1916E+01 -1.6542E+01 -3.4929E-01
  3.8000E+01  6.5600E+02  0.0000E+00  1.1924E+01  0.0000E+00  1.5074E+01 -7.2254E-03 -2.4041E-01  1.1924E+01  1.8065E+01 -6.1411E+00 -1.6970E-02
  3.8000E+01  6.7200E+02  0.0000E+00  2.0360E+00  0.0000E+00  1.1199E+00  9.3744E-01  9.4119E-01  2.0360E+00  1.8523E+00  1.8368E-01  4.0106E-01
  3.9000E+01  0.0000E+00  2.5000E+05  0.0000E+00  1.0000E+00  0.0000E+00  0.0000E+00  0.0000E+00  0.0000E+00  0.0000E+00  0.0000E+00  0.0000E+00
  3.9000E+01  6.4850E+02  0.0000E+00  4.0823E+01  0.0000E+00  4.6841E+01 -1.2075E-01 -1.4781E-01  4.0823E+01  4.8786E+01 -7.9632E+00 -1.1603E-01
  3.9000E+01  6.4900E+02  0.0000E+00  1.4413E+01  0.0000E+00  4.4945E+01 -7.4400E-01 -7.8157E-01  1.4413E+01  4.7358E+01 -3.2945E+01 -6.9020E-01
  3.9000E+01  6.5000E+02  0.0000E+00  1.2523E+01  0.0000E+00  3.9042E+01 -7.1602E-01 -7.8148E-01  1.2523E+01  4.2162E+01 -2.9639E+01 -6.3797E-01
  3.9000E+01  6.5200E+02  0.0000E+00  1.5130E+01  0.0000E+00  2.8077E+01 -3.8815E-01 -5.3053E-01  1.5130E+01  3.1916E+01 -1.6786E+01 -3.2763E-01
  3.9000E+01  6.5600E+02  0.0000E+00  5.8410E+00  0.0000E+00  1.4330E+01 -3.4521E-01 -6.8155E-01  5.8410E+00  1.8065E+01 -1.2224E+01 -2.3341E-01
  3.9000E+01  6.7200E+02  0.0000E+00  1.7660E+00  0.0000E+00  9.7111E-01  1.1709E+00  9.4174E-01  1.7660E+00  1.8523E+00 -8.6320E-02  4.3213E-01
  4.0000E+01  0.0000E+00  5.0000E+05  0.0000E+00  1.0000E+00  0.0000E+00  0.0000E+00  0.0000E+00  0.0000E+00  0.0000E+00  0.0000E+00  0.0000E+00
  4.0000E+01  6.4850E+02  0.0000E+00  4.5391E+01  0.0000E+00  4.8766E+01 -1.1012E-01 -7.9633E-02  4.5391E+01  4.9487E+01 -4.0960E+00 -9.5543E-02
  4.0000E+01  6.4900E+02  0.0000E+00  3.4480E+01  0.0000E+00  4.7159E+01 -3.4878E-01 -3.0933E-01  3.4480E+01  4.8038E+01 -1.3558E+01 -3.1713E-01
  4.0000E+01  6.5000E+02  0.0000E+00  1.3880E+01  0.0000E+00  4.1646E+01 -8.2815E-01 -7.6706E-01  1.3880E+01  4.2768E+01 -2.8888E+01 -7.3308E-01
  4.0000E+01  6.5200E+02  0.0000E+00  2.0645E+01  0.0000E+00  3.0994E+01 -5.0055E-01 -3.8416E-01  2.0645E+01  3.2374E+01 -1.1729E+01 -3.6701E-01
  4.0000E+01  6.5600E+02  0.0000E+00  4.6133E+01  0.0000E+00  1.6952E+01  1.7150E+00  1.9805E+00  4.6133E+01  1.8325E+01  2.7808E+01  1.1660E+00
  4.0000E+01  6.7200E+02  0.0000E+00  9.7100E-01  0.0000E+00  1.5154E+00 -9.5588E-01 -4.1330E-01  9.7100E-01  1.8789E+00 -9.0793E-01 -2.4421E-01
  4.1000E+01  0.0000E+00  5.0000E+05  0.0000E+00  1.0000E+00  0.0000E+00  0.0000E+00  0.0000E+00  0.0000E+00  0.0000E+00  0.0000E+00  0.0000E+00
  4.1000E+01  6.4850E+02  0.0000E+00  6.4231E+01  0.0000E+00  4.5910E+01  3.8543E-01  4.5912E-01  6.4231E+01  4.9487E+01  1.4744E+01  3.5137E-01
  4.1000E+01  6.4900E+02  0.0000E+00  2.8485E+01  0.0000E+00  4.3510E+01 -5.0006E-01 -3.9731E-01  2.8485E+01  4.8038E+01 -1.9553E+01 -4.3323E-01
  4.1000E+01  6.5000E+02  0.0000E+00  9.4640E+00  0.0000E+00  3.6834E+01 -1.0185E+00 -8.5491E-01  9.4640E+00  4.2768E+01 -3.3304E+01 -8.1136E-01
  4.1000E+01  6.5200E+02  0.0000E+00  3.0919E+01  0.0000E+00  2.5113E+01 -2.8945E-02  2.6602E-01  3.0919E+01  3.2374E+01 -1.4552E+00 -4.3953E-04
  4.1000E+01  6.5600E+02  0.0000E+00  2.5956E+01  0.0000E+00  1.1508E+01  8.5378E-01  1.4444E+00  2.5956E+01  1.8325E+01  7.6314E+00  3.9345E-01
  4.1000E+01  6.7200E+02  0.0000E+00  6.0000E-01  0.0000E+00  5.0682E-01 -9.0401E-01  2.1153E-01  6.0000E-01  1.8789E+00 -1.2789E+00 -1.4487E-01
  4.2000E+01  0.0000E+00  5.0000E+05  0.0000E+00  1.0000E+00  0.0000E+00  0.0000E+00  0.0000E+00  0.0000E+00  0.0000E+00  0.0000E+00  0.0000E+00
  4.2000E+01  6.4850E+02  0.0000E+00  4.0872E+01  0.0000E+00  4.5377E+01 -1.6554E-01 -1.1422E-01  4.0872E+01  4.9487E+01 -8.6150E+00 -1.5098E-01
  4.2000E+01  6.4900E+02  0.0000E+00  1.4567E+01  0.0000E+00  4.2803E+01 -8.3004E-01 -7.5897E-01  1.4567E+01  4.8038E+01 -3.3471E+01 -7.1962E-01
  4.2000E+01  6.5000E+02  0.0000E+00  3.1051E+01  0.0000E+00  3.5886E+01 -2.6261E-01 -1.5500E-01  3.1051E+01  4.2768E+01 -1.1717E+01 -2.1582E-01
  4.2000E+01  6.5200E+02  0.0000E+00  1.0596E+01  0.0000E+00  2.3980E+01 -8.1333E-01 -6.4214E-01  1.0596E+01  3.2374E+01 -2.1778E+01 -5.3616E-01
  4.2000E+01  6.5600E+02  0.0000E+00  1.9287E+01  0.0000E+00  1.0553E+01  6.6025E-01  9.5215E-01  1.9287E+01  1.8325E+01  9.6242E-01  2.3760E-01
  4.2000E+01  6.7200E+02  0.0000E+00  6.0000E-01  0.0000E+00  3.9527E-01 -1.8879E-01  5.9591E-01  6.0000E-01  1.8789E+00 -1.2789E+00  5.6300E-02
  4.3000E+01  0.0000E+00  3.0000E+05  0.0000E+00  1.0000E+00  0.0000E+00  0.0000E+00  0.0000E+00  0.0000E+00  0.0000E+00  0.0000E+00  0.0000E+00
  4.3000E+01  0.0000E+00  0.0000E+00  0.0000E+00  0.0000E+00  0.0000E+00  0.0000E+00  0.0000E+00  0.0000E+00  0.0000E+00  0.0000E+00  0.0000E+00
  4.3000E+01  5.0000E-01  0.0000E+00  1.3907E+02  0.0000E+00  4.7878E+01  2.1832E+00  2.1914E+00  1.3907E+02  4.7284E+01  9.1786E+01  2.1978E+00
  4.3000E+01  1.0000E+00  0.0000E+00  5.9990E+01  0.0000E+00  4.6846E+01  3.0997E-01  3.2280E-01  5.9990E+01  4.5968E+01  1.4022E+01  3.1201E-01
  4.3000E+01  2.0000E+00  0.0000E+00  3.9920E+01  0.0000E+00  4.2297E+01 -8.9441E-02 -6.4646E-02  3.9920E+01  4.0962E+01 -1.0424E+00 -8.7491E-02
  4.3000E+01  4.0000E+00  0.0000E+00  2.2690E+01  0.0000E+00  3.2899E+01 -4.1651E-01 -3.5702E-01  2.2690E+01  3.1014E+01 -8.3240E+00 -3.8525E-01
  4.3000E+01  8.0000E+00  0.0000E+00  3.2950E+01  0.0000E+00  1.9661E+01  6.1114E-01  7.7764E-01  3.2950E+01  1.7555E+01  1.5395E+01  5.2725E-01
  4.4000E+01  0.0000E+00  3.0000E+05  0.0000E+00  1.0000E+00  0.0000E+00  0.0000E+00  0.0000E+00  0.0000E+00  0.0000E+00  0.0000E+00  0.0000E+00
  4.4000E+01  0.0000E+00  0.0000E+00  0.0000E+00  0.0000E+00  0.0000E+00  0.0000E+00  0.0000E+00  0.0000E+00  0.0000E+00  0.0000E+00  0.0000E+00
  4.4000E+01  5.0000E-01  0.0000E+00  7.3190E+01  0.0000E+00  4.6501E+01  6.4104E-01  6.6032E-01  7.3190E+01  4.7284E+01  2.5906E+01  6.2984E-01
  4.4000E+01  1.0000E+00  0.0000E+00  3.4490E+01  0.0000E+00  4.4821E+01 -2.9446E-01 -2.6519E-01  3.4490E+01  4.5968E+01 -1.1478E+01 -2.7876E-01
  4.4000E+01  2.0000E+00  0.0000E+00  3.0340E+01  0.0000E+00  3.9249E+01 -3.1150E-01 -2.6114E-01  3.0340E+01  4.0962E+01 -1.0622E+01 -2.7957E-01
  4.4000E+01  4.0000E+00  0.0000E+00  1.1700E+01  0.0000E+00  2.8669E+01 -7.7888E-01 -6.8099E-01  1.1700E+01  3.1014E+01 -1.9314E+01 -6.2459E-01
  4.4000E+01  8.0000E+00  0.0000E+00  2.7960E+01  0.0000E+00  1.5096E+01  7.6153E-01  9.8042E-01  2.7960E+01  1.7555E+01  1.0405E+01  5.0787E-01
  4.5000E+01  0.0000E+00  3.0000E+05  0.0000E+00  1.0000E+00  0.0000E+00  0.0000E+00  0.0000E+00  0.0000E+00  0.0000E+00  0.0000E+00  0.0000E+00
  4.5000E+01  0.0000E+00  0.0000E+00  0.0000E+00  0.0000E+00  0.0000E+00  0.0000E+00  0.0000E+00  0.0000E+00  0.0000E+00  0.0000E+00  0.0000E+00
  4.5000E+01  5.0000E-01  0.0000E+00  4.8070E+01  0.0000E+00  4.3235E+01  3.4216E-02  1.2866E-01  4.8070E+01  4.7284E+01  7.8567E-01  3.4844E-02
  4.5000E+01  1.0000E+00  0.0000E+00  4.1740E+01  0.0000E+00  4.0172E+01 -9.4536E-02  4.4904E-02  4.1740E+01  4.5968E+01 -4.2283E+00 -8.0381E-02
  4.5000E+01  2.0000E+00  0.0000E+00  2.8020E+01  0.0000E+00  3.2644E+01 -3.8807E-01 -1.6296E-01  2.8020E+01  4.0962E+01 -1.2942E+01 -3.0880E-01
  4.5000E+01  4.0000E+00  0.0000E+00  1.6530E+01  0.0000E+00  2.0448E+01 -6.0137E-01 -2.2044E-01  1.6530E+01  3.1014E+01 -1.4484E+01 -4.0166E-01
  4.5000E+01  8.0000E+00  0.0000E+00  1.3990E+01  0.0000E+00  7.8971E+00  2.2872E-01  8.8765E-01  1.3990E+01  1.7555E+01 -3.5648E+00 -3.2228E-02
  4.6000E+01  0.0000E+00  8.0000E+05  0.0000E+00  1.0000E+00  0.0000E+00  0.0000E+00  0.0000E+00  0.0000E+00  0.0000E+00  0.0000E+00  0.0000E+00
  4.6000E+01  0.0000E+00  0.0000E+00  0.0000E+00  0.0000E+00  0.0000E+00  0.0000E+00  0.0000E+00  0.0000E+00  0.0000E+00  0.0000E+00  0.0000E+00
  4.6000E+01  5.0000E-01  0.0000E+00  7.8270E+01  0.0000E+00  5.1711E+01  6.2404E-01  5.9092E-01  7.8270E+01  4.7996E+01  3.0274E+01  6.4419E-01
  4.6000E+01  1.0000E+00  0.0000E+00  7.9700E+01  0.0000E+00  5.2270E+01  6.5466E-01  6.0377E-01  7.9700E+01  4.6660E+01  3.3040E+01  6.8639E-01
  4.6000E+01  2.0000E+00  0.0000E+00  4.3450E+01  0.0000E+00  5.0431E+01 -7.3473E-02 -1.5926E-01  4.3450E+01  4.1579E+01  1.8713E+00 -1.5419E-01
  4.6000E+01  4.0000E+00  0.0000E+00  4.6070E+01  0.0000E+00  4.4943E+01  1.8097E-01  2.8849E-02  4.6070E+01  3.1481E+01  1.4589E+01  9.1652E-02
  4.6000E+01  8.0000E+00  0.0000E+00  8.2900E+01  0.0000E+00  3.5322E+01  1.8163E+00  1.5497E+00  8.2900E+01  1.7819E+01  6.5081E+01  2.3165E+00
  4.7000E+01  0.0000E+00  8.0000E+05  0.0000E+00  1.0000E+00  0.0000E+00  0.0000E+00  0.0000E+00  0.0000E+00  0.0000E+00  0.0000E+00  0.0000E+00
  4.7000E+01  0.0000E+00  0.0000E+00  0.0000E+00  0.0000E+00  0.0000E+00  0.0000E+00  0.0000E+00  0.0000E+00  0.0000E+00  0.0000E+00  0.0000E+00
  4.7000E+01  5.0000E-01  0.0000E+00  5.4280E+01  0.0000E+00  4.8875E+01  1.1853E-01  1.2724E-01  5.4280E+01  4.7996E+01  6.2843E+00  1.1870E-01
  4.7000E+01  1.0000E+00  0.0000E+00  1.3120E+01  0.0000E+00  4.7962E+01 -8.4946E-01 -8.3580E-01  1.3120E+01  4.6660E+01 -3.3540E+01 -8.6338E-01
  4.7000E+01  2.0000E+00  0.0000E+00  6.8020E+01  0.0000E+00  4.3565E+01  6.1887E-01  6.4584E-01  6.8020E+01  4.1579E+01  2.6441E+01  6.2327E-01
  4.7000E+01  4.0000E+00  0.0000E+00  5.8220E+01  0.0000E+00  3.4305E+01  7.3497E-01  8.0206E-01  5.8220E+01  3.1481E+01  2.6739E+01  7.1761E-01
  4.7000E+01  8.0000E+00  0.0000E+00  3.2920E+01  0.0000E+00  2.1016E+01  4.5734E-01  6.5171E-01  3.2920E+01  1.7819E+01  1.5101E+01  4.2531E-01
  4.8000E+01  0.0000E+00  8.0000E+05  0.0000E+00  1.0000E+00  0.0000E+00  0.0000E+00  0.0000E+00  0.0000E+00  0.0000E+00  0.0000E+00  0.0000E+00
  4.8000E+01  0.0000E+00  0.0000E+00  0.0000E+00  0.0000E+00  0.0000E+00  0.0000E+00  0.0000E+00  0.0000E+00  0.0000E+00  0.0000E+00  0.0000E+00
  4.8000E+01  5.0000E-01  0.0000E+00  3.6880E+01  0.0000E+00  4.6343E+01 -3.0008E-01 -2.3492E-01  3.6880E+01  4.7996E+01 -1.1116E+01 -2.7870E-01
  4.8000E+01  1.0000E+00  0.0000E+00  7.5550E+01  0.0000E+00  4.4253E+01  7.1489E-01  8.1368E-01  7.5550E+01  4.6660E+01  2.8890E+01  6.8209E-01
  4.8000E+01  2.0000E+00  0.0000E+00  4.8520E+01  0.0000E+00  3.8020E+01  1.4820E-01  3.1776E-01  4.8520E+01  4.1579E+01  6.9413E+00  1.4914E-01
  4.8000E+01  4.0000E+00  0.0000E+00  4.8470E+01  0.0000E+00  2.6706E+01  6.1536E-01  9.3764E-01  4.8470E+01  3.1481E+01  1.6989E+01  4.8703E-01
  4.8000E+01  8.0000E+00  0.0000E+00  1.6480E+01  0.0000E+00  1.2995E+01 -3.3460E-01  3.0853E-01  1.6480E+01  1.7819E+01 -1.3389E+00 -1.7561E-01
  4.9000E+01  0.0000E+00  1.5000E+06  0.0000E+00  1.0000E+00  0.0000E+00  0.0000E+00  0.0000E+00  0.0000E+00  0.0000E+00  0.0000E+00  0.0000E+00
  4.9000E+01  0.0000E+00  0.0000E+00  0.0000E+00  0.0000E+00  0.0000E+00  0.0000E+00  0.0000E+00  0.0000E+00  0.0000E+00  0.0000E+00  0.0000E+00
  4.9000E+01  5.0000E-01  0.0000E+00  8.4140E+01  0.0000E+00  4.6936E+01  8.6349E-01  9.1195E-01  8.4140E+01  4.8199E+01  3.5941E+01  8.4273E-01
  4.9000E+01  1.0000E+00  0.0000E+00  5.6530E+01  0.0000E+00  4.5014E+01  2.2071E-01  2.9434E-01  5.6530E+01  4.6857E+01  9.6728E+00  2.1883E-01
  4.9000E+01  2.0000E+00  0.0000E+00  3.9120E+01  0.0000E+00  3.9016E+01 -1.2406E-01  3.0752E-03  3.9120E+01  4.1755E+01 -2.6346E+00 -9.6795E-02
  4.9000E+01  4.0000E+00  0.0000E+00  3.1620E+01  0.0000E+00  2.7906E+01 -9.2688E-02  1.5312E-01  3.1620E+01  3.1614E+01  6.2569E-03 -4.9608E-02
  4.9000E+01  8.0000E+00  0.0000E+00  2.3630E+01  0.0000E+00  1.4084E+01  2.6408E-01  7.7978E-01  2.3630E+01  1.7894E+01  5.7357E+00  1.7616E-01
  5.0000E+01  0.0000E+00  1.5000E+06  0.0000E+00  1.0000E+00  0.0000E+00  0.0000E+00  0.0000E+00  0.0000E+00  0.0000E+00  0.0000E+00  0.0000E+00
  5.0000E+01  0.0000E+00  0.0000E+00  0.0000E+00  0.0000E+00  0.0000E+00  0.0000E+00  0.0000E+00  0.0000E+00  0.0000E+00  0.0000E+00  0.0000E+00
  5.0000E+01  5.0000E-01  0.0000E+00  1.3535E+02  0.0000E+00  5.2990E+01  1.8257E+00  1.7882E+00  1.3535E+02  4.8199E+01  8.7151E+01  1.9269E+00
  5.0000E+01  1.0000E+00  0.0000E+00  1.8297E+02  0.0000E+00  5.4143E+01  2.7954E+00  2.7375E+00  1.8297E+02  4.6857E+01  1.3611E+02  3.0833E+00
  5.0000E+01  2.0000E+00  0.0000E+00  5.5430E+01  0.0000E+00  5.3399E+01  1.4248E-01  4.3757E-02  5.5430E+01  4.1755E+01  1.3675E+01 -8.8579E-03
  5.0000E+01  4.0000E+00  0.0000E+00  7.1500E+01  0.0000E+00  4.9779E+01  6.8215E-01  5.0203E-01  7.1500E+01  3.1614E+01  3.9886E+01  5.9859E-01
  5.0000E+01  8.0000E+00  0.0000E+00  1.0810E+02  0.0000E+00  4.2830E+01  2.0892E+00  1.7533E+00  1.0810E+02  1.7894E+01  9.0206E+01  2.9139E+00
  5.1000E+01  0.0000E+00  1.5000E+06  0.0000E+00  1.0000E+00  0.0000E+00  0.0000E+00  0.0000E+00  0.0000E+00  0.0000E+00  0.0000E+00  0.0000E+00
  5.1000E+01  0.0000E+00  0.0000E+00  0.0000E+00  0.0000E+00  0.0000E+00  0.0000E+00  0.0000E+00  0.0000E+00  0.0000E+00  0.0000E+00  0.0000E+00
  5.1000E+01  5.0000E-01  0.0000E+00  6.1340E+01  0.0000E+00  5.1731E+01  2.4405E-01  2.1370E-01  6.1340E+01  4.8199E+01  1.3141E+01  2.3630E-01
  5.1000E+01  2.0000E+00  0.0000E+00  6.0580E+01  0.0000E+00  5.0141E+01  3.1773E-01  2.3952E-01  6.0580E+01  4.1755E+01  1.8825E+01  3.0042E-01
  5.1000E+01  4.0000E+00  0.0000E+00  5.8890E+01  0.0000E+00  4.4308E+01  5.1558E-01  3.7864E-01  5.8890E+01  3.1614E+01  2.7276E+01  5.0972E-01
  5.1000E+01  8.0000E+00  0.0000E+00  7.5560E+01  0.0000E+00  3.4234E+01  1.6218E+00  1.3888E+00  7.5560E+01  1.7894E+01  5.7666E+01  1.9792E+00
  5.2000E+01  0.0000E+00  3.0000E+05  0.0000E+00  1.0000E+00  0.0000E+00  0.0000E+00  0.0000E+00  0.0000E+00  0.0000E+00  0.0000E+00  0.0000E+00
  5.2000E+01  0.0000E+00  0.0000E+00  0.0000E+00  0.0000E+00  0.0000E+00  0.0000E+00  0.0000E+00  0.0000E+00  0.0000E+00  0.0000E+00  0.0000E+00
  5.2000E+01  5.0000E-01  0.0000E+00  4.9570E+01  0.0000E+00  5.2492E+01 -1.9399E-02 -6.4041E-02  4.9570E+01  4.7284E+01  2.2857E+00 -6.7410E-03
  5.2000E+01  1.0000E+00  0.0000E+00  1.3940E+01  0.0000E+00  5.3914E+01 -7.8438E-01 -8.5304E-01  1.3940E+01  4.5968E+01 -3.2028E+01 -8.8512E-01
  5.2000E+01  2.0000E+00  0.0000E+00  3.3956E+02  0.0000E+00  5.3741E+01  6.2365E+00  6.1189E+00  3.3956E+02  4.0962E+01  2.9860E+02  7.9214E+00
  5.2000E+01  4.0000E+00  0.0000E+00  1.5160E+01  0.0000E+00  5.1199E+01 -5.9228E-01 -8.0985E-01  1.5160E+01  3.1014E+01 -1.5854E+01 -8.1587E-01
  5.2000E+01  8.0000E+00  0.0000E+00  2.4800E+00  0.0000E+00  4.6022E+01 -6.7046E-01 -1.0885E+00  2.4800E+00  1.7555E+01 -1.5075E+01 -1.1977E+00
  5.3000E+01  0.0000E+00  3.0000E+05  0.0000E+00  1.0000E+00  0.0000E+00  0.0000E+00  0.0000E+00  0.0000E+00  0.0000E+00  0.0000E+00  0.0000E+00
  5.3000E+01  0.0000E+00  0.0000E+00  0.0000E+00  0.0000E+00  0.0000E+00  0.0000E+00  0.0000E+00  0.0000E+00  0.0000E+00  0.0000E+00  0.0000E+00
  5.3000E+01  5.0000E-01  0.0000E+00  2.7510E+01  0.0000E+00  4.2559E+01 -4.9432E-01 -4.0682E-01  2.7510E+01  4.7284E+01 -1.9774E+01 -4.5097E-01
  5.3000E+01  1.0000E+00  0.0000E+00  2.4070E+01  0.0000E+00  3.9236E+01 -5.7149E-01 -4.4472E-01  2.4070E+01  4.5968E+01 -2.1898E+01 -4.9928E-01
  5.3000E+01  2.0000E+00  0.0000E+00  3.0780E+01  0.0000E+00  3.1381E+01 -2.1704E-01 -2.2022E-02  3.0780E+01  4.0962E+01 -1.0182E+01 -2.0389E-01
  5.3000E+01  4.0000E+00  0.0000E+00  6.7200E+00  0.0000E+00  1.9024E+01 -1.0413E+00 -7.4412E-01  6.7200E+00  3.1014E+01 -2.4294E+01 -6.7015E-01
  5.3000E+01  8.0000E+00  0.0000E+00  1.2390E+01  0.0000E+00  6.8780E+00  4.6971E-01  9.2200E-01  1.2390E+01  1.7555E+01 -5.1648E+00 -1.0606E-02
  5.4000E+01  0.0000E+00  3.0000E+05  0.0000E+00  1.0000E+00  0.0000E+00  0.0000E+00  0.0000E+00  0.0000E+00  0.0000E+00  0.0000E+00  0.0000E+00
  5.4000E+01  0.0000E+00  0.0000E+00  0.0000E+00  0.0000E+00  0.0000E+00  0.0000E+00  0.0000E+00  0.0000E+00  0.0000E+00  0.0000E+00  0.0000E+00
  5.4000E+01  5.0000E-01  0.0000E+00  1.0359E+02  0.0000E+00  4.1715E+01  1.5682E+00  1.7066E+00  1.0359E+02  4.7284E+01  5.6306E+01  1.3819E+00
  5.4000E+01  1.0000E+00  0.0000E+00  3.2890E+01  0.0000E+00  3.8082E+01 -3.5850E-01 -1.5686E-01  3.2890E+01  4.5968E+01 -1.3078E+01 -2.9291E-01
  5.4000E+01  2.0000E+00  0.0000E+00  1.9000E+01  0.0000E+00  2.9854E+01 -7.3526E-01 -4.1830E-01  1.9000E+01  4.0962E+01 -2.1962E+01 -5.4231E-01
  5.4000E+01  4.0000E+00  0.0000E+00  1.3240E+01  0.0000E+00  1.7368E+01 -7.7640E-01 -2.7347E-01  1.3240E+01  3.1014E+01 -1.7774E+01 -4.8998E-01
  5.4000E+01  8.0000E+00  0.0000E+00  9.3200E+00  0.0000E+00  5.7777E+00 -4.8303E-02  7.0537E-01  9.3200E+00  1.7555E+01 -8.2348E+00 -2.1310E-01
  5.5000E+01  0.0000E+00  8.0000E+05  0.0000E+00  1.0000E+00  0.0000E+00  0.0000E+00  0.0000E+00  0.0000E+00  0.0000E+00  0.0000E+00  0.0000E+00
  5.5000E+01  0.0000E+00  0.0000E+00  0.0000E+00  0.0000E+00  0.0000E+00  0.0000E+00  0.0000E+00  0.0000E+00  0.0000E+00  0.0000E+00  0.0000E+00
  5.5000E+01  5.0000E-01  0.0000E+00  3.1770E+01  0.0000E+00  4.4545E+01 -4.3710E-01 -3.2995E-01  3.1770E+01  4.7996E+01 -1.6226E+01 -3.8766E-01
  5.5000E+01  1.0000E+00  0.0000E+00  8.0990E+01  0.0000E+00  4.1697E+01  9.2387E-01  1.0842E+00  8.0990E+01  4.6660E+01  3.4330E+01  8.3394E-01
  5.5000E+01  2.0000E+00  0.0000E+00  5.5610E+01  0.0000E+00  3.4399E+01  4.4238E-01  7.0943E-01  5.5610E+01  4.1579E+01  1.4031E+01  3.7192E-01
  5.5000E+01  4.0000E+00  0.0000E+00  2.5940E+01  0.0000E+00  2.2228E+01 -2.8533E-01  1.9213E-01  2.5940E+01  3.1481E+01 -5.5406E+00 -1.8355E-01
  5.5000E+01  8.0000E+00  0.0000E+00  1.3110E+01  0.0000E+00  9.1407E+00 -3.5360E-01  4.9960E-01  1.3110E+01  1.7819E+01 -4.7089E+00 -2.1978E-01
  5.6000E+01  0.0000E+00  8.0000E+05  0.0000E+00  1.0000E+00  0.0000E+00  0.0000E+00  0.0000E+00  0.0000E+00  0.0000E+00  0.0000E+00  0.0000E+00
  5.6000E+01  0.0000E+00  0.0000E+00  0.0000E+00  0.0000E+00  0.0000E+00  0.0000E+00  0.0000E+00  0.0000E+00  0.0000E+00  0.0000E+00  0.0000E+00
  5.6000E+01  5.0000E-01  0.0000E+00  4.6710E+01  0.0000E+00  3.7166E+01 -8.7563E-02  2.9546E-01  4.6710E+01  4.7996E+01 -1.2857E+00 -8.0807E-03
  5.6000E+01  1.0000E+00  0.0000E+00  4.6190E+01  0.0000E+00  3.1891E+01 -3.1391E-02  5.1584E-01  4.6190E+01  4.6660E+01 -4.6986E-01  2.2882E-02
  5.6000E+01  2.0000E+00  0.0000E+00  5.1680E+01  0.0000E+00  2.2041E+01  7.0420E-01  1.5471E+00  5.1680E+01  4.1579E+01  1.0101E+01  3.2894E-01
  5.6000E+01  4.0000E+00  0.0000E+00  1.1530E+01  0.0000E+00  9.8868E+00 -1.0766E+00  1.9121E-01  1.1530E+01  3.1481E+01 -1.9951E+01 -5.3754E-01
  5.6000E+01  8.0000E+00  0.0000E+00  1.9600E+00  0.0000E+00  1.9432E+00 -1.4334E+00  9.9727E-03  1.9600E+00  1.7819E+01 -1.5859E+01 -5.3102E-01
  5.7000E+01  0.0000E+00  8.0000E+05  0.0000E+00  1.0000E+00  0.0000E+00  0.0000E+00  0.0000E+00  0.0000E+00  0.0000E+00  0.0000E+00  0.0000E+00
  5.7000E+01  0.0000E+00  0.0000E+00  0.0000E+00  0.0000E+00  0.0000E+00  0.0000E+00  0.0000E+00  0.0000E+00  0.0000E+00  0.0000E+00  0.0000E+00
  5.7000E+01  5.0000E-01  0.0000E+00  4.0780E+01  0.0000E+00  3.7322E+01 -2.3634E-01  1.0659E-01  4.0780E+01  4.7996E+01 -7.2157E+00 -1.4501E-01
  5.7000E+01  2.0000E+00  0.0000E+00  3.0770E+01  0.0000E+00  2.2264E+01 -3.0210E-01  4.3952E-01  3.0770E+01  4.1579E+01 -1.0809E+01 -2.1723E-01
  5.7000E+01  4.0000E+00  0.0000E+00  1.5530E+01  0.0000E+00  1.0069E+01 -4.8210E-01  6.2401E-01  1.5530E+01  3.1481E+01 -1.5951E+01 -3.8657E-01
  5.7000E+01  8.0000E+00  0.0000E+00  2.6800E+00  0.0000E+00  2.0120E+00 -9.8486E-01  3.8202E-01  2.6800E+00  1.7819E+01 -1.5139E+01 -4.6282E-01
  5.8000E+01  0.0000E+00  1.5000E+06  0.0000E+00  1.0000E+00  0.0000E+00  0.0000E+00  0.0000E+00  0.0000E+00  0.0000E+00  0.0000E+00  0.0000E+00
  5.8000E+01  0.0000E+00  0.0000E+00  0.0000E+00  0.0000E+00  0.0000E+00  0.0000E+00  0.0000E+00  0.0000E+00  0.0000E+00  0.0000E+00  0.0000E+00
  5.8000E+01  5.0000E-01  0.0000E+00  3.6030E+01  0.0000E+00  4.9039E+01 -3.1369E-01 -3.0521E-01  3.6030E+01  4.8199E+01 -1.2169E+01 -3.1870E-01
  5.8000E+01  1.0000E+00  0.0000E+00  8.2800E+01  0.0000E+00  4.8102E+01  8.1661E-01  8.2989E-01  8.2800E+01  4.6857E+01  3.5943E+01  8.2549E-01
  5.8000E+01  2.0000E+00  0.0000E+00  7.7570E+01  0.0000E+00  4.3652E+01  8.6783E-01  8.9395E-01  7.7570E+01  4.1755E+01  3.5815E+01  8.7247E-01
  5.8000E+01  4.0000E+00  0.0000E+00  2.7970E+01  0.0000E+00  3.4310E+01 -2.7707E-01 -2.1259E-01  2.7970E+01  3.1614E+01 -3.6437E+00 -2.6437E-01
  5.8000E+01  8.0000E+00  0.0000E+00  3.5900E+01  0.0000E+00  2.0940E+01  6.3650E-01  8.2198E-01  3.5900E+01  1.7894E+01  1.8006E+01  5.6949E-01
  5.9000E+01  0.0000E+00  1.5000E+06  0.0000E+00  1.0000E+00  0.0000E+00  0.0000E+00  0.0000E+00  0.0000E+00  0.0000E+00  0.0000E+00  0.0000E+00
  5.9000E+01  0.0000E+00  0.0000E+00  0.0000E+00  0.0000E+00  0.0000E+00  0.0000E+00  0.0000E+00  0.0000E+00  0.0000E+00  0.0000E+00  0.0000E+00
  5.9000E+01  5.0000E-01  0.0000E+00  4.2590E+01  0.0000E+00  5.3840E+01 -2.0157E-01 -2.4041E-01  4.2590E+01  4.8199E+01 -5.6087E+00 -2.2173E-01
  5.9000E+01  1.0000E+00  0.0000E+00  4.7080E+01  0.0000E+00  5.5484E+01 -1.1448E-01 -1.7427E-01  4.7080E+01  4.6857E+01  2.2276E-01 -1.2896E-01
  5.9000E+01  2.0000E+00  0.0000E+00  4.2174E+02  0.0000E+00  5.5684E+01  7.6657E+00  7.5632E+00  4.2174E+02  4.1755E+01  3.7999E+02  9.8600E+00
  5.9000E+01  4.0000E+00  0.0000E+00  1.5740E+01  0.0000E+00  5.3796E+01 -6.2416E-01 -8.1389E-01  1.5740E+01  3.1614E+01 -1.5874E+01 -9.3304E-01
  5.9000E+01  8.0000E+00  0.0000E+00  1.7100E+00  0.0000E+00  4.9731E+01 -7.4616E-01 -1.1110E+00  1.7100E+00  1.7894E+01 -1.6184E+01 -1.4511E+00
  6.0000E+01  0.0000E+00  1.5000E+06  0.0000E+00  1.0000E+00  0.0000E+00  0.0000E+00  0.0000E+00  0.0000E+00  0.0000E+00  0.0000E+00  0.0000E+00
  6.0000E+01  0.0000E+00  0.0000E+00  0.0000E+00  0.0000E+00  0.0000E+00  0.0000E+00  0.0000E+00  0.0000E+00  0.0000E+00  0.0000E+00  0.0000E+00
  6.0000E+01  5.0000E-01  0.0000E+00  8.6410E+01  0.0000E+00  4.8076E+01  9.0436E-01  9.1738E-01  8.6410E+01  4.8199E+01  3.8211E+01  8.9305E-01
  6.0000E+01  1.0000E+00  0.0000E+00  4.2610E+01  0.0000E+00  4.6677E+01 -1.1999E-01 -1.0024E-01  4.2610E+01  4.6857E+01 -4.2472E+00 -1.2377E-01
  6.0000E+01  2.0000E+00  0.0000E+00  1.2697E+02  0.0000E+00  4.1482E+01  2.3375E+00  2.3710E+00  1.2697E+02  4.1755E+01  8.5215E+01  2.2274E+00
  6.0000E+01  4.0000E+00  0.0000E+00  1.7930E+01  0.0000E+00  3.1236E+01 -5.5040E-01 -4.9009E-01  1.7930E+01  3.1614E+01 -1.3684E+01 -5.0671E-01
  6.0000E+01  8.0000E+00  0.0000E+00  9.4500E+00  0.0000E+00  1.7486E+01 -6.2796E-01 -5.2873E-01  9.4500E+00  1.7894E+01 -8.4443E+00 -4.9056E-01
  6.1000E+01  0.0000E+00  3.0000E+05  0.0000E+00  1.0000E+00  0.0000E+00  0.0000E+00  0.0000E+00  0.0000E+00  0.0000E+00  0.0000E+00  0.0000E+00
  6.1000E+01  6.4850E+02  0.0000E+00  1.4589E+02  0.0000E+00  5.3194E+01  2.0044E+00  2.0049E+00  1.4589E+02  4.9018E+01  9.6872E+01  2.1507E+00
  6.1000E+01  6.4900E+02  0.0000E+00  7.6000E+01  0.0000E+00  5.2409E+01  5.1657E-01  5.1789E-01  7.6000E+01  4.7582E+01  2.8418E+01  5.7258E-01
  6.1000E+01  6.5000E+02  0.0000E+00  4.3800E+01  0.0000E+00  4.8225E+01 -1.1273E-01 -1.0557E-01  4.3800E+01  4.2362E+01  1.4376E+00 -9.5081E-02
  6.1000E+01  6.5200E+02  0.0000E+00  2.3990E+01  0.0000E+00  3.9142E+01 -4.7523E-01 -4.4538E-01  2.3990E+01  3.2067E+01 -8.0771E+00 -4.5822E-01
  6.1000E+01  6.5600E+02  0.0000E+00  3.9490E+01  0.0000E+00  2.5510E+01  5.2257E-01  6.3049E-01  3.9490E+01  1.8151E+01  2.1339E+01  5.8720E-01
  6.2000E+01  0.0000E+00  3.0000E+05  0.0000E+00  1.0000E+00  0.0000E+00  0.0000E+00  0.0000E+00  0.0000E+00  0.0000E+00  0.0000E+00  0.0000E+00
  6.2000E+01  6.4850E+02  0.0000E+00  5.1150E+01  0.0000E+00  4.4506E+01  1.0410E-01  1.7175E-01  5.1150E+01  4.9018E+01  2.1324E+00  8.7535E-02
  6.2000E+01  6.4900E+02  0.0000E+00  3.5010E+01  0.0000E+00  4.1809E+01 -2.8209E-01 -1.8711E-01  3.5010E+01  4.7582E+01 -1.2572E+01 -2.4623E-01
  6.2000E+01  6.5000E+02  0.0000E+00  1.9830E+01  0.0000E+00  3.4756E+01 -6.4100E-01 -4.9409E-01  1.9830E+01  4.2362E+01 -2.2532E+01 -5.0504E-01
  6.2000E+01  6.5200E+02  0.0000E+00  1.3470E+01  0.0000E+00  2.2822E+01 -7.1303E-01 -4.7146E-01  1.3470E+01  3.2067E+01 -1.8597E+01 -4.6210E-01
  6.2000E+01  6.5600E+02  0.0000E+00  1.7880E+01  0.0000E+00  9.6946E+00  5.4584E-01  9.7141E-01  1.7880E+01  1.8151E+01 -2.7077E-01  1.5950E-01
  6.3000E+01  0.0000E+00  3.0000E+05  0.0000E+00  1.0000E+00  0.0000E+00  0.0000E+00  0.0000E+00  0.0000E+00  0.0000E+00  0.0000E+00  0.0000E+00
  6.3000E+01  6.4850E+02  0.0000E+00  1.4626E+02  0.0000E+00  5.8010E+01  1.8475E+00  1.7503E+00  1.4626E+02  4.9018E+01  9.7242E+01  2.1641E+00
  6.3000E+01  6.4900E+02  0.0000E+00  1.2381E+02  0.0000E+00  5.7638E+01  1.4246E+00  1.3208E+00  1.2381E+02  4.7582E+01  7.6228E+01  1.6971E+00
  6.3000E+01  6.5000E+02  0.0000E+00  9.0630E+01  0.0000E+00  5.4144E+01  8.9340E-01  7.7528E-01  9.0630E+01  4.2362E+01  4.8268E+01  1.1067E+00
  6.3000E+01  6.5200E+02  0.0000E+00  1.6710E+01  0.0000E+00  4.5964E+01 -5.8777E-01 -7.3225E-01  1.6710E+01  3.2067E+01 -1.5357E+01 -6.6068E-01
  6.3000E+01  6.5600E+02  0.0000E+00  7.8900E+00  0.0000E+00  3.2807E+01 -6.8922E-01 -8.7382E-01  7.8900E+00  1.8151E+01 -1.0261E+01 -7.3063E-01
  6.4000E+01  0.0000E+00  8.0000E+05  0.0000E+00  1.0000E+00  0.0000E+00  0.0000E+00  0.0000E+00  0.0000E+00  0.0000E+00  0.0000E+00  0.0000E+00
  6.4000E+01  6.4850E+02  0.0000E+00  1.2051E+02  0.0000E+00  8.7734E+01  7.2859E-01  4.2981E-01  1.2051E+02  4.9755E+01  7.0755E+01  1.2600E+00
  6.4000E+01  6.4900E+02  0.0000E+00  1.8588E+02  0.0000E+00  8.8127E+01  1.5781E+00  1.2762E+00  1.8588E+02  4.8298E+01  1.3758E+02  2.7468E+00
  6.4000E+01  6.5000E+02  0.0000E+00  3.2050E+01  0.0000E+00  8.5922E+01 -4.1215E-01 -7.2136E-01  3.2050E+01  4.3000E+01 -1.0950E+01 -8.8216E-01
  6.4000E+01  6.5200E+02  0.0000E+00  1.0842E+02  0.0000E+00  7.9571E+01  7.3914E-01  4.1713E-01  1.0842E+02  3.2550E+01  7.5870E+01  1.3149E+00
  6.4000E+01  6.5600E+02  0.0000E+00  1.3920E+02  0.0000E+00  6.7824E+01  1.5465E+00  1.2108E+00  1.3920E+02  1.8424E+01  1.2078E+02  3.5587E+00
  6.5000E+01  0.0000E+00  8.0000E+05  0.0000E+00  1.0000E+00  0.0000E+00  0.0000E+00  0.0000E+00  0.0000E+00  0.0000E+00  0.0000E+00  0.0000E+00
  6.5000E+01  6.4850E+02  0.0000E+00  7.7650E+01  0.0000E+00  6.1549E+01  3.8846E-01  3.0097E-01  7.7650E+01  4.9755E+01  2.7895E+01  4.8057E-01
  6.5000E+01  6.4900E+02  0.0000E+00  4.5050E+01  0.0000E+00  6.1324E+01 -2.1351E-01 -3.0532E-01  4.5050E+01  4.8298E+01 -3.2483E+00 -2.6192E-01
  6.5000E+01  6.5000E+02  0.0000E+00  4.5490E+01  0.0000E+00  5.8037E+01 -1.5084E-01 -2.4872E-01  4.5490E+01  4.3000E+01  2.4903E+00 -2.0661E-01
  6.5000E+01  6.5200E+02  0.0000E+00  8.0010E+01  0.0000E+00  5.0090E+01  7.8862E-01  6.8722E-01  8.0010E+01  3.2550E+01  4.7460E+01  9.9978E-01
  6.5000E+01  6.5600E+02  0.0000E+00  7.9040E+01  0.0000E+00  3.6975E+01  1.3868E+00  1.3089E+00  7.9040E+01  1.8424E+01  6.0616E+01  1.8717E+00
  6.6000E+01  0.0000E+00  8.0000E+05  0.0000E+00  1.0000E+00  0.0000E+00  0.0000E+00  0.0000E+00  0.0000E+00  0.0000E+00  0.0000E+00  0.0000E+00
  6.6000E+01  6.4850E+02  0.0000E+00  1.1616E+02  0.0000E+00  5.6348E+01  1.2272E+00  1.2213E+00  1.1616E+02  4.9755E+01  6.6405E+01  1.3885E+00
  6.6000E+01  6.4900E+02  0.0000E+00  8.3740E+01  0.0000E+00  5.5783E+01  5.8245E-01  5.7662E-01  8.3740E+01  4.8298E+01  3.5442E+01  6.7532E-01
  6.6000E+01  6.5000E+02  0.0000E+00  8.9320E+01  0.0000E+00  5.1919E+01  8.2992E-01  8.2879E-01  8.9320E+01  4.3000E+01  4.6320E+01  9.5966E-01
  6.6000E+01  6.5200E+02  0.0000E+00  8.4270E+01  0.0000E+00  4.3193E+01  1.0757E+00  1.0942E+00  8.4270E+01  3.2550E+01  5.1720E+01  1.2444E+00
  6.6000E+01  6.5600E+02  0.0000E+00  1.4300E+01  0.0000E+00  2.9591E+01 -6.7954E-01 -5.9452E-01  1.4300E+01  1.8424E+01 -4.1238E+00 -6.7536E-01
  6.7000E+01  0.0000E+00  1.5000E+06  0.0000E+00  1.0000E+00  0.0000E+00  0.0000E+00  0.0000E+00  0.0000E+00  0.0000E+00  0.0000E+00  0.0000E+00
  6.7000E+01  6.4850E+02  0.0000E+00  5.2270E+01  0.0000E+00  6.8882E+01  1.1613E-02 -2.7747E-01  5.2270E+01  4.9965E+01  2.3045E+00 -8.2019E-02
  6.7000E+01  6.4900E+02  0.0000E+00  5.2440E+01  0.0000E+00  6.8928E+01  2.2241E-02 -2.7521E-01  5.2440E+01  4.8503E+01  3.9374E+00 -7.6205E-02
  6.7000E+01  6.5000E+02  0.0000E+00  3.1880E+01  0.0000E+00  6.6097E+01 -2.7489E-01 -5.9560E-01  3.1880E+01  4.3182E+01 -1.1302E+01 -5.2282E-01
  6.7000E+01  6.5200E+02  0.0000E+00  1.6970E+01  0.0000E+00  5.8790E+01 -4.4937E-01 -8.1842E-01  1.6970E+01  3.2687E+01 -1.5717E+01 -8.6694E-01
  6.7000E+01  6.5600E+02  0.0000E+00  1.1908E+02  0.0000E+00  4.6138E+01  2.2697E+00  1.8189E+00  1.1908E+02  1.8502E+01  1.0058E+02  3.6080E+00
  6.8000E+01  0.0000E+00  1.5000E+06  0.0000E+00  1.0000E+00  0.0000E+00  0.0000E+00  0.0000E+00  0.0000E+00  0.0000E+00  0.0000E+00  0.0000E+00
  6.8000E+01  6.4850E+02  0.0000E+00  1.9869E+02  0.0000E+00  6.9271E+01  2.3150E+00  2.1495E+00  1.9869E+02  4.9965E+01  1.4872E+02  3.1917E+00
  6.8000E+01  6.4900E+02  0.0000E+00  9.8040E+01  0.0000E+00  6.9328E+01  6.4666E-01  4.7648E-01  9.8040E+01  4.8503E+01  4.9537E+01  9.3906E-01
  6.8000E+01  6.5000E+02  0.0000E+00  4.2910E+01  0.0000E+00  6.6517E+01 -2.2860E-01 -4.0832E-01  4.2910E+01  4.3182E+01 -2.7163E-01 -2.8901E-01
  6.8000E+01  6.5200E+02  0.0000E+00  9.0750E+01  0.0000E+00  5.9239E+01  8.0686E-01  6.1199E-01  9.0750E+01  3.2687E+01  5.8063E+01  1.2984E+00
  6.8000E+01  6.5600E+02  0.0000E+00  3.6010E+01  0.0000E+00  4.6611E+01 -5.4464E-02 -2.6167E-01  3.6010E+01  1.8502E+01  1.7508E+01  3.0715E-02
  6.9000E+01  0.0000E+00  1.5000E+06  0.0000E+00  1.0000E+00  0.0000E+00  0.0000E+00  0.0000E+00  0.0000E+00  0.0000E+00  0.0000E+00  0.0000E+00
  6.9000E+01  6.4850E+02  0.0000E+00  9.0160E+01  0.0000E+00  8.6771E+01  4.1522E-01  4.4940E-02  9.0160E+01  4.9965E+01  4.0195E+01  5.8950E-01
  6.9000E+01  6.4900E+02  0.0000E+00  6.9290E+01  0.0000E+00  8.7149E+01  1.3823E-01 -2.3577E-01  6.9290E+01  4.8503E+01  2.0787E+01  8.4237E-02
  6.9000E+01  6.5000E+02  0.0000E+00  1.0651E+02  0.0000E+00  8.4907E+01  6.7861E-01  2.9272E-01  1.0651E+02  4.3182E+01  6.3328E+01  1.0156E+00
  6.9000E+01  6.5200E+02  0.0000E+00  4.1830E+01  0.0000E+00  7.8487E+01 -1.2668E-01 -5.3734E-01  4.1830E+01  3.2687E+01  9.1427E+00 -6.4021E-01
  6.9000E+01  6.5600E+02  0.0000E+00  1.7757E+02  0.0000E+00  6.6647E+01  2.3643E+00  1.9148E+00  1.7757E+02  1.8502E+01  1.5907E+02  5.2470E+00
  7.0000E+01  0.0000E+00  3.0000E+05  0.0000E+00  1.0000E+00  0.0000E+00  0.0000E+00  0.0000E+00  0.0000E+00  0.0000E+00  0.0000E+00  0.0000E+00
  7.0000E+01  6.4850E+02  0.0000E+00  4.8230E+01  0.0000E+00  3.7469E+01  5.1281E-02  3.3043E-01  4.8230E+01  4.9018E+01 -7.8758E-01  4.3376E-02
  7.0000E+01  6.4900E+02  0.0000E+00  4.4410E+01  0.0000E+00  3.2495E+01  2.7926E-02  4.2185E-01  4.4410E+01  4.7582E+01 -3.1725E+00  2.0926E-03
  7.0000E+01  6.5000E+02  0.0000E+00  1.5100E+01  0.0000E+00  2.2949E+01 -9.8100E-01 -3.9351E-01  1.5100E+01  4.2362E+01 -2.7262E+01 -5.8430E-01
  7.0000E+01  6.5200E+02  0.0000E+00  1.2460E+01  0.0000E+00  1.0765E+01 -6.6227E-01  1.8115E-01  1.2460E+01  3.2067E+01 -1.9607E+01 -4.2608E-01
  7.0000E+01  6.5600E+02  0.0000E+00  3.7700E+00  0.0000E+00  2.3165E+00 -3.5789E-01  7.2192E-01  3.7700E+00  1.8151E+01 -1.4381E+01 -3.3934E-01
  7.1000E+01  0.0000E+00  3.0000E+05  0.0000E+00  1.0000E+00  0.0000E+00  0.0000E+00  0.0000E+00  0.0000E+00  0.0000E+00  0.0000E+00  0.0000E+00
  7.1000E+01  6.4850E+02  0.0000E+00  4.7400E+00  0.0000E+00  5.4095E+01 -9.3784E-01 -1.0497E+00  4.7400E+00  4.9018E+01 -4.4278E+01 -1.0386E+00
  7.1000E+01  6.4900E+02  0.0000E+00  2.5070E+01  0.0000E+00  5.3407E+01 -4.8582E-01 -6.1044E-01  2.5070E+01  4.7582E+01 -2.2512E+01 -5.5348E-01
  7.1000E+01  6.5000E+02  0.0000E+00  2.1560E+01  0.0000E+00  4.9382E+01 -4.9411E-01 -6.4821E-01  2.1560E+01  4.2362E+01 -2.0802E+01 -5.6807E-01
  7.1000E+01  6.5200E+02  0.0000E+00  1.0875E+02  0.0000E+00  4.0501E+01  2.1542E+00  1.9387E+00  1.0875E+02  3.2067E+01  7.6683E+01  2.2906E+00
  7.1000E+01  6.5600E+02  0.0000E+00  7.8300E+00  0.0000E+00  2.6959E+01 -4.8321E-01 -8.1635E-01  7.8300E+00  1.8151E+01 -1.0321E+01 -5.4715E-01
  7.2000E+01  0.0000E+00  3.0000E+05  0.0000E+00  1.0000E+00  0.0000E+00  0.0000E+00  0.0000E+00  0.0000E+00  0.0000E+00  0.0000E+00  0.0000E+00
  7.2000E+01  6.4850E+02  0.0000E+00  4.0010E+01  0.0000E+00  4.2485E+01 -2.0414E-01 -6.7022E-02  4.0010E+01  4.9018E+01 -9.0076E+00 -1.7729E-01
  7.2000E+01  6.4900E+02  0.0000E+00  3.8130E+01  0.0000E+00  3.9089E+01 -2.2704E-01 -2.8216E-02  3.8130E+01  4.7582E+01 -9.4525E+00 -1.8437E-01
  7.2000E+01  6.5000E+02  0.0000E+00  1.8120E+01  0.0000E+00  3.1137E+01 -8.0032E-01 -4.8099E-01  1.8120E+01  4.2362E+01 -2.4242E+01 -5.6432E-01
  7.2000E+01  6.5200E+02  0.0000E+00  3.1290E+01  0.0000E+00  1.8724E+01  2.2257E-01  7.7213E-01  3.1290E+01  3.2067E+01 -7.7715E-01  6.0070E-02
  7.2000E+01  6.5600E+02  0.0000E+00  0.0000E+00  1.0000E+00  6.6593E+00  0.0000E+00 -1.1505E+00  0.0000E+00  1.8151E+01  0.0000E+00  0.0000E+00
  7.3000E+01  0.0000E+00  8.0000E+05  0.0000E+00  1.0000E+00  0.0000E+00  0.0000E+00  0.0000E+00  0.0000E+00  0.0000E+00  0.0000E+00  0.0000E+00
  7.3000E+01  6.4850E+02  0.0000E+00  3.0150E+01  0.0000E+00  1.1102E+02 -4.4095E-02 -8.3805E-01  3.0150E+01  4.9755E+01 -1.9605E+01 -7.9859E-01
  7.3000E+01  6.4900E+02  0.0000E+00  2.0340E+01  0.0000E+00  1.1159E+02 -1.4557E-01 -9.4080E-01  2.0340E+01  4.8298E+01 -2.7958E+01 -1.0856E+00
  7.3000E+01  6.5000E+02  0.0000E+00  2.7190E+01  0.0000E+00  1.0971E+02 -5.2562E-02 -8.6537E-01  2.7190E+01  4.3000E+01 -1.5810E+01 -1.0342E+00
  7.3000E+01  6.5200E+02  0.0000E+00  2.9340E+01  0.0000E+00  1.0387E+02  3.2939E-02 -8.2552E-01  2.9340E+01  3.2550E+01 -3.2096E+00 -1.1402E+00
  7.3000E+01  6.5600E+02  0.0000E+00  2.7043E+02  0.0000E+00  9.2656E+01  3.1551E+00  2.2074E+00  2.7043E+02  1.8424E+01  2.5201E+02  8.9925E+00
  7.4000E+01  0.0000E+00  8.0000E+05  0.0000E+00  1.0000E+00  0.0000E+00  0.0000E+00  0.0000E+00  0.0000E+00  0.0000E+00  0.0000E+00  0.0000E+00
  7.4000E+01  6.4850E+02  0.0000E+00  4.4480E+01  0.0000E+00  4.9918E+01 -1.6082E-01 -1.2534E-01  4.4480E+01  4.9755E+01 -5.2750E+00 -1.5349E-01
  7.4000E+01  6.4900E+02  0.0000E+00  3.2670E+01  0.0000E+00  4.8495E+01 -4.2009E-01 -3.7544E-01  3.2670E+01  4.8298E+01 -1.5628E+01 -4.0249E-01
  7.4000E+01  6.5000E+02  0.0000E+00  3.5680E+01  0.0000E+00  4.3248E+01 -2.6846E-01 -2.0134E-01  3.5680E+01  4.3000E+01 -7.3197E+00 -2.4433E-01
  7.4000E+01  6.5200E+02  0.0000E+00  7.8190E+01  0.0000E+00  3.2855E+01  1.4645E+00  1.5876E+00  7.8190E+01  3.2550E+01  4.5640E+01  1.2819E+00
  7.4000E+01  6.5600E+02  0.0000E+00  1.9850E+01  0.0000E+00  1.8731E+01 -1.9500E-01  6.8730E-02  1.9850E+01  1.8424E+01  1.4262E+00 -9.7126E-02
  7.5000E+01  0.0000E+00  8.0000E+05  0.0000E+00  1.0000E+00  0.0000E+00  0.0000E+00  0.0000E+00  0.0000E+00  0.0000E+00  0.0000E+00  0.0000E+00
  7.5000E+01  6.4850E+02  0.0000E+00  3.7640E+01  0.0000E+00  4.7387E+01 -2.8020E-01 -2.3666E-01  3.7640E+01  4.9755E+01 -1.2115E+01 -2.5674E-01
  7.5000E+01  6.4900E+02  0.0000E+00  2.4660E+01  0.0000E+00  4.5347E+01 -5.8340E-01 -5.2486E-01  2.4660E+01  4.8298E+01 -2.3638E+01 -5.2316E-01
  7.5000E+01  6.5000E+02  0.0000E+00  3.5940E+01  0.0000E+00  3.9169E+01 -1.8523E-01 -9.4859E-02  3.5940E+01  4.3000E+01 -7.0597E+00 -1.4658E-01
  7.5000E+01  6.5200E+02  0.0000E+00  2.2230E+01  0.0000E+00  2.7841E+01 -3.9222E-01 -2.3186E-01  2.2230E+01  3.2550E+01 -1.0320E+01 -2.6483E-01
  7.5000E+01  6.5600E+02  0.0000E+00  2.6360E+01  0.0000E+00  1.3877E+01  7.0430E-01  1.0349E+00  2.6360E+01  1.8424E+01  7.9362E+00  4.0849E-01
  7.6000E+01  0.0000E+00  1.5000E+06  0.0000E+00  1.0000E+00  0.0000E+00  0.0000E+00  0.0000E+00  0.0000E+00  0.0000E+00  0.0000E+00  0.0000E+00
  7.6000E+01  6.4850E+02  0.0000E+00  9.5200E+01  0.0000E+00  3.9711E+01  1.3244E+00  1.6076E+00  9.5200E+01  4.9965E+01  4.5235E+01  1.0467E+00
  7.6000E+01  6.4900E+02  0.0000E+00  3.6960E+01  0.0000E+00  3.5074E+01 -3.4777E-01  6.1874E-02  3.6960E+01  4.8503E+01 -1.1543E+01 -2.3066E-01
  7.6000E+01  6.5000E+02  0.0000E+00  3.4510E+01  0.0000E+00  2.5707E+01 -2.5095E-01  3.9400E-01  3.4510E+01  4.3182E+01 -8.6716E+00 -1.6707E-01
  7.6000E+01  6.5200E+02  0.0000E+00  2.3330E+01  0.0000E+00  1.3019E+01 -1.1020E-01  9.1127E-01  2.3330E+01  3.2687E+01 -9.3573E+00 -2.0104E-01
  7.6000E+01  6.5600E+02  0.0000E+00  2.9500E+00  0.0000E+00  3.2716E+00 -1.4420E+00 -1.1309E-01  2.9500E+00  1.8502E+01 -1.5552E+01 -5.2544E-01
  7.7000E+01  0.0000E+00  1.5000E+06  0.0000E+00  1.0000E+00  0.0000E+00  0.0000E+00  0.0000E+00  0.0000E+00  0.0000E+00  0.0000E+00  0.0000E+00
  7.7000E+01  6.4850E+02  0.0000E+00  5.6520E+01  0.0000E+00  6.4386E+01  7.9166E-02 -1.4056E-01  5.6520E+01  4.9965E+01  6.5545E+00  6.1368E-02
  7.7000E+01  6.4900E+02  0.0000E+00  2.6100E+01  0.0000E+00  6.4277E+01 -4.5443E-01 -6.8334E-01  2.6100E+01  4.8503E+01 -2.2403E+01 -6.2106E-01
  7.7000E+01  6.5000E+02  0.0000E+00  1.9064E+02  0.0000E+00  6.1176E+01  2.6876E+00  2.4348E+00  1.9064E+02  4.3182E+01  1.4746E+02  3.5280E+00
  7.7000E+01  6.5200E+02  0.0000E+00  1.5290E+01  0.0000E+00  5.3479E+01 -5.1918E-01 -8.2157E-01  1.5290E+01  3.2687E+01 -1.7397E+01 -7.6688E-01
  7.7000E+01  6.5600E+02  0.0000E+00  3.0470E+01  0.0000E+00  4.0515E+01  1.0435E-01 -2.8525E-01  3.0470E+01  1.8502E+01  1.1968E+01  1.2391E-01
  7.8000E+01  0.0000E+00  1.5000E+06  0.0000E+00  1.0000E+00  0.0000E+00  0.0000E+00  0.0000E+00  0.0000E+00  0.0000E+00  0.0000E+00  0.0000E+00
  7.8000E+01  6.4850E+02  0.0000E+00  3.3560E+01  0.0000E+00  4.9484E+01 -4.2117E-01 -3.7024E-01  3.3560E+01  4.9965E+01 -1.6405E+01 -4.1066E-01
  7.8000E+01  6.4900E+02  0.0000E+00  4.7270E+01  0.0000E+00  4.7917E+01 -8.0462E-02 -1.5544E-02  4.7270E+01  4.8503E+01 -1.2326E+00 -7.9142E-02
  7.8000E+01  6.5000E+02  0.0000E+00  7.8640E+01  0.0000E+00  4.2436E+01  8.8469E-01  9.8154E-01  7.8640E+01  4.3182E+01  3.5458E+01  8.1257E-01
  7.8000E+01  6.5200E+02  0.0000E+00  6.9680E+01  0.0000E+00  3.1771E+01  1.2035E+00  1.3728E+00  6.9680E+01  3.2687E+01  3.6993E+01  9.9871E-01
  7.8000E+01  6.5600E+02  0.0000E+00  1.0970E+01  0.0000E+00  1.7587E+01 -7.5729E-01 -4.3288E-01  1.0970E+01  1.8502E+01 -7.5318E+00 -4.9917E-01
