TABLE NO.  1
 ID          TIME        AMT         DV          MDV         IPRED       CWRES       IWRES       DV          PRED        RES         WRES
  1.0000E+00  0.0000E+00  1.0000E+04  0.0000E+00  1.0000E+00  3.8077E+03  0.0000E+00 -1.5520E+00  0.0000E+00  1.0764E+03  0.0000E+00  0.0000E+00
  1.0000E+00  0.0000E+00  0.0000E+00  0.0000E+00  0.0000E+00  3.8077E+03 -3.9906E-01 -1.5520E+00  0.0000E+00  1.0764E+03 -1.0764E+03 -1.6307E+00
  1.0000E+00  3.3000E-02  0.0000E+00  7.3336E+03  0.0000E+00  3.4311E+03  2.6157E+00  1.7652E+00  7.3336E+03  1.0714E+03  6.2622E+03  6.9568E+00
  1.0000E+00  8.3000E-02  0.0000E+00  1.1915E+03  0.0000E+00  2.9302E+03 -4.8181E-01 -9.2089E-01  1.1915E+03  1.0637E+03  1.2778E+02 -2.1801E-01
  1.0000E+00  2.5000E-01  0.0000E+00  8.7932E+02  0.0000E+00  1.7299E+03 -1.3193E+00 -7.6308E-01  8.7932E+02  1.0386E+03 -1.5933E+02 -5.4358E-01
  1.0000E+00  5.0000E-01  0.0000E+00  1.2562E+03  0.0000E+00  7.8612E+02 -2.9415E-01  9.2807E-01  1.2562E+03  1.0023E+03  2.5392E+02  7.5360E-03
  1.0000E+00  7.0000E-01  0.0000E+00  2.3189E+02  0.0000E+00  4.1846E+02 -2.0700E+00 -6.9195E-01  2.3189E+02  9.7423E+02 -7.4234E+02 -1.2740E+00
  1.0000E+00  1.0000E+00  0.0000E+00  3.0794E+02  0.0000E+00  1.6277E+02 -5.4330E-02  1.3840E+00  3.0794E+02  9.3372E+02 -6.2578E+02 -1.1206E+00
  1.0000E+00  2.0000E+00  0.0000E+00  8.9700E-01  0.0000E+00  7.6363E+00 -2.1395E+00 -1.3697E+00  8.9700E-01  8.1149E+02 -8.1059E+02 -1.4116E+00
  1.0000E+00  4.0000E+00  0.0000E+00  1.0160E+00  0.0000E+00  7.1276E-01  1.0209E-01  6.6027E-01  1.0160E+00  6.1689E+02 -6.1587E+02 -1.0034E+00
  1.0000E+00  6.0000E+00  0.0000E+00  0.0000E+00  1.0000E+00  6.6128E-01  0.0000E+00 -1.5520E+00  0.0000E+00  4.7357E+02  0.0000E+00  0.0000E+00
  1.0000E+00  8.0000E+00  0.0000E+00  6.0900E-01  0.0000E+00  6.2441E-01 -5.3510E-01 -3.8291E-02  6.0900E-01  3.6767E+02 -3.6706E+02 -1.5365E-01
  2.0000E+00  0.0000E+00  1.0000E+04  0.0000E+00  1.0000E+00  2.5032E+03  0.0000E+00 -1.5520E+00  0.0000E+00  1.0764E+03  0.0000E+00  0.0000E+00
  2.0000E+00  0.0000E+00  0.0000E+00  0.0000E+00  0.0000E+00  2.5032E+03 -7.2830E-01 -1.5520E+00  0.0000E+00  1.0764E+03 -1.0764E+03 -1.2212E+00
  2.0000E+00  3.3000E-02  0.0000E+00  4.6639E+03  0.0000E+00  2.3184E+03  2.2193E+00  1.5701E+00  4.6639E+03  1.0714E+03  3.5926E+03  4.2401E+00
  2.0000E+00  8.3000E-02  0.0000E+00  1.1788E+03  0.0000E+00  2.0641E+03 -2.5612E-01 -6.6563E-01  1.1788E+03  1.0637E+03  1.1510E+02  1.7474E-01
  2.0000E+00  2.5000E-01  0.0000E+00  5.2594E+02  0.0000E+00  1.4002E+03 -1.1595E+00 -9.6902E-01  5.2594E+02  1.0386E+03 -5.1270E+02 -5.7097E-01
  2.0000E+00  5.0000E-01  0.0000E+00  3.5647E+02  0.0000E+00  7.8336E+02 -1.4749E+00 -8.4573E-01  3.5647E+02  1.0023E+03 -6.4583E+02 -7.4598E-01
  2.0000E+00  7.5000E-01  0.0000E+00  2.1360E+01  0.0000E+00  4.3838E+02 -2.2281E+00 -1.4763E+00  2.1360E+01  9.6735E+02 -9.4599E+02 -1.1596E+00
  2.0000E+00  1.0000E+00  0.0000E+00  5.5186E+02  0.0000E+00  2.4546E+02  1.1762E+00  1.9373E+00  5.5186E+02  9.3372E+02 -3.8186E+02 -4.0016E-01
  2.0000E+00  2.0000E+00  0.0000E+00  4.7980E+00  0.0000E+00  2.4590E+01 -1.5850E+00 -1.2491E+00  4.7980E+00  8.1149E+02 -8.0669E+02 -1.0750E+00
  2.0000E+00  4.0000E+00  0.0000E+00  3.3000E-02  0.0000E+00  8.3673E-01 -1.3600E+00 -1.4907E+00  3.3000E-02  6.1689E+02 -6.1686E+02 -8.1195E-01
  2.0000E+00  6.0000E+00  0.0000E+00  5.9700E-01  0.0000E+00  5.7453E-01 -9.7497E-02  6.0703E-02  5.9700E-01  4.7357E+02 -4.7298E+02 -4.9923E-01
  2.0000E+00  8.0000E+00  0.0000E+00  8.4600E-01  0.0000E+00  5.3912E-01  7.5262E-01  8.8342E-01  8.4600E-01  3.6767E+02 -3.6682E+02 -2.2289E-01
  3.0000E+00  0.0000E+00  1.0000E+04  0.0000E+00  1.0000E+00  3.5434E+03  0.0000E+00 -1.5520E+00  0.0000E+00  1.0764E+03  0.0000E+00  0.0000E+00
  3.0000E+00  0.0000E+00  0.0000E+00  0.0000E+00  0.0000E+00  3.5434E+03 -1.2264E-01 -1.5520E+00  0.0000E+00  1.0764E+03 -1.0764E+03 -1.0552E+00
  3.0000E+00  3.3000E-02  0.0000E+00  3.7945E+03  0.0000E+00  2.7279E+03  9.7142E-01  6.0683E-01  3.7945E+03  1.0714E+03  2.7231E+03  3.3880E+00
  3.0000E+00  8.3000E-02  0.0000E+00  1.2588E+03  0.0000E+00  1.8356E+03 -1.3829E+00 -4.8768E-01  1.2588E+03  1.0637E+03  1.9507E+02  4.3470E-01
  3.0000E+00  2.5000E-01  0.0000E+00  5.4645E+02  0.0000E+00  4.9042E+02 -2.2720E+00  1.7731E-01  5.4645E+02  1.0386E+03 -4.9220E+02 -3.8199E-01
  3.0000E+00  5.0000E-01  0.0000E+00  4.9878E+01  0.0000E+00  7.0469E+01 -2.0116E+00 -4.5348E-01  4.9878E+01  1.0023E+03 -9.5243E+02 -9.7663E-01
  3.0000E+00  7.5000E-01  0.0000E+00  1.6505E+01  0.0000E+00  1.2599E+01 -6.6003E-03  4.8107E-01  1.6505E+01  9.6735E+02 -9.5084E+02 -1.0079E+00
  3.0000E+00  1.0000E+00  0.0000E+00  6.6930E+00  0.0000E+00  4.5246E+00  1.1875E+00  7.4377E-01  6.6930E+00  9.3372E+02 -9.2703E+02 -1.0081E+00
  3.0000E+00  2.0000E+00  0.0000E+00  3.6010E+00  0.0000E+00  2.7649E+00  1.3020E+00  4.6931E-01  3.6010E+00  8.1149E+02 -8.0788E+02 -9.4145E-01
  3.0000E+00  4.0000E+00  0.0000E+00  1.1970E+00  0.0000E+00  1.9891E+00 -7.9083E-02 -6.1801E-01  1.1970E+00  6.1689E+02 -6.1569E+02 -7.2835E-01
  3.0000E+00  6.0000E+00  0.0000E+00  3.0470E+00  0.0000E+00  1.4312E+00  2.0770E+00  1.7522E+00  3.0470E+00  4.7357E+02 -4.7053E+02 -4.7021E-01
  3.0000E+00  8.0000E+00  0.0000E+00  3.8000E-01  0.0000E+00  1.0298E+00 -8.0473E-01 -9.7926E-01  3.8000E-01  3.6767E+02 -3.6729E+02 -2.4972E-01
  4.0000E+00  0.0000E+00  1.0000E+04  0.0000E+00  1.0000E+00  0.0000E+00  0.0000E+00  0.0000E+00  0.0000E+00  0.0000E+00  0.0000E+00  0.0000E+00
  4.0000E+00  0.0000E+00  0.0000E+00  0.0000E+00  0.0000E+00  0.0000E+00  0.0000E+00  0.0000E+00  0.0000E+00  0.0000E+00  0.0000E+00  0.0000E+00
  4.0000E+00  3.3000E-02  0.0000E+00  2.1445E+01  0.0000E+00  1.7192E+01  4.8074E-01  3.8390E-01  2.1445E+01  1.3552E+01  7.8931E+00  7.1894E-01
  4.0000E+00  8.3000E-02  0.0000E+00  2.5683E+01  0.0000E+00  3.1636E+01 -1.5910E-01 -2.9202E-01  2.5683E+01  2.5252E+01  4.3140E-01  2.3325E-02
  4.0000E+00  2.5000E-01  0.0000E+00  4.4576E+01  0.0000E+00  4.2019E+01  1.8055E-01  9.4427E-02  4.4576E+01  3.5405E+01  9.1708E+00  3.4091E-01
  4.0000E+00  5.0000E-01  0.0000E+00  2.1491E+01  0.0000E+00  3.8091E+01 -7.1252E-01 -6.7633E-01  2.1491E+01  3.5353E+01 -1.3862E+01 -4.7306E-01
  4.0000E+00  7.5000E-01  0.0000E+00  7.6971E+01  0.0000E+00  3.3305E+01  1.8897E+00  2.0348E+00  7.6971E+01  3.4158E+01  4.2813E+01  1.6611E+00
  4.0000E+00  1.0000E+00  0.0000E+00  7.4570E+00  0.0000E+00  2.9086E+01 -1.3895E+00 -1.1541E+00  7.4570E+00  3.2971E+01 -2.5514E+01 -9.4830E-01
  4.0000E+00  2.0000E+00  0.0000E+00  3.1960E+00  0.0000E+00  1.6960E+01 -1.6948E+00 -1.2595E+00  3.1960E+00  2.8651E+01 -2.5455E+01 -1.0530E+00
  4.0000E+00  3.0000E+00  0.0000E+00  1.6550E+01  0.0000E+00  9.9472E+00  5.7600E-01  1.0302E+00  1.6550E+01  2.4948E+01 -8.3981E+00 -2.3506E-01
  4.0000E+00  4.0000E+00  0.0000E+00  3.8490E+00  0.0000E+00  5.8892E+00 -9.2215E-01 -5.3765E-01  3.8490E+00  2.1773E+01 -1.7924E+01 -7.8799E-01
  4.0000E+00  6.0000E+00  0.0000E+00  0.0000E+00  1.0000E+00  2.1741E+00  0.0000E+00 -1.5520E+00  0.0000E+00  1.6708E+01  0.0000E+00  0.0000E+00
  4.0000E+00  8.0000E+00  0.0000E+00  0.0000E+00  1.0000E+00  9.1557E-01  0.0000E+00 -1.5520E+00  0.0000E+00  1.2966E+01  0.0000E+00  0.0000E+00
  5.0000E+00  0.0000E+00  1.0000E+04  0.0000E+00  1.0000E+00  0.0000E+00  0.0000E+00  0.0000E+00  0.0000E+00  0.0000E+00  0.0000E+00  0.0000E+00
  5.0000E+00  0.0000E+00  0.0000E+00  0.0000E+00  0.0000E+00  0.0000E+00  0.0000E+00  0.0000E+00  0.0000E+00  0.0000E+00  0.0000E+00  0.0000E+00
  5.0000E+00  3.3000E-02  0.0000E+00  1.6601E+01  0.0000E+00  1.6149E+01  1.7960E-01  4.3457E-02  1.6601E+01  1.3552E+01  3.0491E+00  3.9110E-01
  5.0000E+00  8.3000E-02  0.0000E+00  9.5230E+00  0.0000E+00  2.9650E+01 -8.9477E-01 -1.0535E+00  9.5230E+00  2.5252E+01 -1.5729E+01 -6.7899E-01
  5.0000E+00  2.5000E-01  0.0000E+00  3.0571E+01  0.0000E+00  3.9005E+01 -2.6027E-01 -3.3558E-01  3.0571E+01  3.5405E+01 -4.8342E+00 -6.7563E-02
  5.0000E+00  5.0000E-01  0.0000E+00  4.7158E+01  0.0000E+00  3.4754E+01  4.6223E-01  5.5390E-01  4.7158E+01  3.5353E+01  1.1805E+01  5.4919E-01
  5.0000E+00  7.5000E-01  0.0000E+00  1.9559E+01  0.0000E+00  2.9848E+01 -7.7234E-01 -5.3498E-01  1.9559E+01  3.4158E+01 -1.4599E+01 -4.0884E-01
  5.0000E+00  1.0000E+00  0.0000E+00  5.9384E+01  0.0000E+00  2.5602E+01  1.6919E+00  2.0478E+00  5.9384E+01  3.2971E+01  2.6413E+01  1.2077E+00
  5.0000E+00  2.0000E+00  0.0000E+00  1.1460E+00  0.0000E+00  1.3880E+01 -2.0144E+00 -1.4238E+00  1.1460E+00  2.8651E+01 -2.7505E+01 -1.0263E+00
  5.0000E+00  3.0000E+00  0.0000E+00  2.5590E+00  0.0000E+00  7.5595E+00 -1.5869E+00 -1.0266E+00  2.5590E+00  2.4948E+01 -2.2389E+01 -8.5058E-01
  5.0000E+00  4.0000E+00  0.0000E+00  7.7780E+00  0.0000E+00  4.1498E+00  9.3956E-01  1.3569E+00  7.7780E+00  2.1773E+01 -1.3995E+01 -4.0019E-01
  5.0000E+00  6.0000E+00  0.0000E+00  1.6200E-01  0.0000E+00  1.3142E+00 -1.4636E+00 -1.3607E+00  1.6200E-01  1.6708E+01 -1.6546E+01 -6.0150E-01
  5.0000E+00  8.0000E+00  0.0000E+00  5.5100E-01  0.0000E+00  4.8212E-01  2.6163E-01  2.2172E-01  5.5100E-01  1.2966E+01 -1.2415E+01 -3.2658E-01
  6.0000E+00  0.0000E+00  1.0000E+04  0.0000E+00  1.0000E+00  0.0000E+00  0.0000E+00  0.0000E+00  0.0000E+00  0.0000E+00  0.0000E+00  0.0000E+00
  6.0000E+00  0.0000E+00  0.0000E+00  0.0000E+00  0.0000E+00  0.0000E+00  0.0000E+00  0.0000E+00  0.0000E+00  0.0000E+00  0.0000E+00  0.0000E+00
  6.0000E+00  3.3000E-02  0.0000E+00  2.2373E+01  0.0000E+00  1.4379E+01  8.2302E-01  8.6280E-01  2.2373E+01  1.3552E+01  8.8211E+00  9.0502E-01
  6.0000E+00  8.3000E-02  0.0000E+00  4.6713E+01  0.0000E+00  2.6512E+01  1.1811E+00  1.1825E+00  4.6713E+01  2.5252E+01  2.1461E+01  1.1690E+00
  6.0000E+00  2.5000E-01  0.0000E+00  5.0110E+00  0.0000E+00  3.5520E+01 -1.3631E+00 -1.3330E+00  5.0110E+00  3.5405E+01 -3.0394E+01 -9.7265E-01
  6.0000E+00  5.0000E-01  0.0000E+00  4.6163E+01  0.0000E+00  3.2706E+01  5.2447E-01  6.3859E-01  4.6163E+01  3.5353E+01  1.0810E+01  5.1918E-01
  6.0000E+00  7.5000E-01  0.0000E+00  1.5363E+01  0.0000E+00  2.9066E+01 -9.1893E-01 -7.3166E-01  1.5363E+01  3.4158E+01 -1.8795E+01 -5.6335E-01
  6.0000E+00  1.0000E+00  0.0000E+00  2.2338E+01  0.0000E+00  2.5806E+01 -4.5439E-01 -2.0858E-01  2.2338E+01  3.2971E+01 -1.0633E+01 -2.5399E-01
  6.0000E+00  2.0000E+00  0.0000E+00  2.4323E+01  0.0000E+00  1.6103E+01  4.4304E-01  7.9225E-01  2.4323E+01  2.8651E+01 -4.3277E+00  4.9154E-02
  6.0000E+00  3.0000E+00  0.0000E+00  1.8400E+00  0.0000E+00  1.0142E+01 -1.5695E+00 -1.2704E+00  1.8400E+00  2.4948E+01 -2.3108E+01 -9.0132E-01
  6.0000E+00  4.0000E+00  0.0000E+00  2.7960E+00  0.0000E+00  6.4740E+00 -1.0579E+00 -8.8170E-01  2.7960E+00  2.1773E+01 -1.8977E+01 -7.1995E-01
  6.0000E+00  6.0000E+00  0.0000E+00  2.7000E+00  0.0000E+00  2.8093E+00 -6.5529E-03 -6.0389E-02  2.7000E+00  1.6708E+01 -1.4008E+01 -4.3872E-01
  6.0000E+00  8.0000E+00  0.0000E+00  2.4450E+00  0.0000E+00  1.3872E+00  1.3251E+00  1.1835E+00  2.4450E+00  1.2966E+01 -1.0521E+01 -1.9185E-01
  7.0000E+00  0.0000E+00  1.2500E+05  0.0000E+00  1.0000E+00  0.0000E+00  0.0000E+00  0.0000E+00  0.0000E+00  0.0000E+00  0.0000E+00  0.0000E+00
  7.0000E+00  0.0000E+00  0.0000E+00  0.0000E+00  0.0000E+00  0.0000E+00  0.0000E+00  0.0000E+00  0.0000E+00  0.0000E+00  0.0000E+00  0.0000E+00
  7.0000E+00  5.0000E-01  0.0000E+00  5.3520E+00  0.0000E+00  1.8458E+01 -1.3406E+00 -1.1019E+00  5.3520E+00  3.6973E+01 -3.1621E+01 -6.9867E-01
  7.0000E+00  1.0000E+00  0.0000E+00  1.6180E+01  0.0000E+00  1.6901E+01 -3.4830E-01 -6.6185E-02  1.6180E+01  3.4482E+01 -1.8302E+01 -2.8958E-01
  7.0000E+00  2.0000E+00  0.0000E+00  4.4430E+00  0.0000E+00  1.4144E+01 -1.4370E+00 -1.0644E+00  4.4430E+00  2.9963E+01 -2.5520E+01 -7.2887E-01
  7.0000E+00  4.0000E+00  0.0000E+00  1.9128E+01  0.0000E+00  9.9347E+00  8.7350E-01  1.4361E+00  1.9128E+01  2.2770E+01 -3.6425E+00  1.7651E-01
  7.0000E+00  8.0000E+00  0.0000E+00  5.6870E+00  0.0000E+00  4.9790E+00 -6.9663E-01  2.2070E-01  5.6870E+00  1.3560E+01 -7.8730E+00 -3.5075E-01
  7.0000E+00  2.4000E+01  0.0000E+00  6.0000E-01  0.0000E+00  5.0356E-01 -7.8102E-01  2.9721E-01  6.0000E-01  2.9705E+00 -2.3705E+00 -2.5524E-01
  8.0000E+00  0.0000E+00  1.2500E+05  0.0000E+00  1.0000E+00  0.0000E+00  0.0000E+00  0.0000E+00  0.0000E+00  0.0000E+00  0.0000E+00  0.0000E+00
  8.0000E+00  0.0000E+00  0.0000E+00  0.0000E+00  0.0000E+00  0.0000E+00  0.0000E+00  0.0000E+00  0.0000E+00  0.0000E+00  0.0000E+00  0.0000E+00
  8.0000E+00  5.0000E-01  0.0000E+00  3.1708E+01  0.0000E+00  2.3851E+01  1.4358E-02  5.1121E-01  3.1708E+01  3.6973E+01 -5.2646E+00  6.4233E-03
  8.0000E+00  1.0000E+00  0.0000E+00  2.9239E+01  0.0000E+00  2.0930E+01  9.6931E-02  6.1610E-01  2.9239E+01  3.4482E+01 -5.2428E+00  1.2152E-02
  8.0000E+00  2.0000E+00  0.0000E+00  9.1450E+00  0.0000E+00  1.6115E+01 -1.2028E+00 -6.7127E-01  9.1450E+00  2.9963E+01 -2.0818E+01 -6.7329E-01
  8.0000E+00  4.0000E+00  0.0000E+00  7.1960E+00  0.0000E+00  9.6702E+00 -8.5370E-01 -3.9708E-01  7.1960E+00  2.2770E+01 -1.5574E+01 -5.6967E-01
  8.0000E+00  8.0000E+00  0.0000E+00  3.9410E+00  0.0000E+00  3.7386E+00 -8.0380E-02  8.4013E-02  3.9410E+00  1.3560E+01 -9.6190E+00 -3.5897E-01
  8.0000E+00  2.4000E+01  0.0000E+00  6.0000E-01  0.0000E+00  3.8848E-01  6.7685E-01  8.4503E-01  6.0000E-01  2.9705E+00 -2.3705E+00  2.4509E-02
  9.0000E+00  0.0000E+00  1.2500E+05  0.0000E+00  1.0000E+00  0.0000E+00  0.0000E+00  0.0000E+00  0.0000E+00  0.0000E+00  0.0000E+00  0.0000E+00
  9.0000E+00  0.0000E+00  0.0000E+00  0.0000E+00  0.0000E+00  0.0000E+00  0.0000E+00  0.0000E+00  0.0000E+00  0.0000E+00  0.0000E+00  0.0000E+00
  9.0000E+00  5.0000E-01  0.0000E+00  2.5875E+01  0.0000E+00  2.0514E+01 -1.4419E-01  4.0554E-01  2.5875E+01  3.6973E+01 -1.1098E+01 -1.6735E-01
  9.0000E+00  1.0000E+00  0.0000E+00  1.2360E+01  0.0000E+00  1.9028E+01 -1.0942E+00 -5.4385E-01  1.2360E+01  3.4482E+01 -2.2122E+01 -6.1013E-01
  9.0000E+00  2.0000E+00  0.0000E+00  2.5667E+01  0.0000E+00  1.6346E+01  3.3474E-01  8.8491E-01  2.5667E+01  2.9963E+01 -4.2964E+00  5.0098E-02
  9.0000E+00  4.0000E+00  0.0000E+00  1.4443E+01  0.0000E+00  1.2116E+01 -2.4678E-01  2.9814E-01  1.4443E+01  2.2770E+01 -8.3275E+00 -2.2693E-01
  9.0000E+00  8.0000E+00  0.0000E+00  6.7260E+00  0.0000E+00  6.7976E+00 -5.3370E-01 -1.6353E-02  6.7260E+00  1.3560E+01 -6.8340E+00 -3.1112E-01
  9.0000E+00  2.4000E+01  0.0000E+00  1.4570E+00  0.0000E+00  1.0551E+00  8.0356E-02  5.9110E-01  1.4570E+00  2.9705E+00 -1.5135E+00 -6.2765E-02
  1.0000E+01  0.0000E+00  2.5000E+05  0.0000E+00  1.0000E+00  0.0000E+00  0.0000E+00  0.0000E+00  0.0000E+00  0.0000E+00  0.0000E+00  0.0000E+00
  1.0000E+01  0.0000E+00  0.0000E+00  0.0000E+00  0.0000E+00  0.0000E+00  0.0000E+00  0.0000E+00  0.0000E+00  0.0000E+00  0.0000E+00  0.0000E+00
  1.0000E+01  5.0000E-01  0.0000E+00  3.2559E+01  0.0000E+00  3.7609E+01 -2.5414E-01 -2.0839E-01  3.2559E+01  3.7046E+01 -4.4873E+00 -3.8030E-02
  1.0000E+01  1.0000E+00  0.0000E+00  2.7382E+01  0.0000E+00  3.6615E+01 -4.1017E-01 -3.9134E-01  2.7382E+01  3.4551E+01 -7.1686E+00 -2.1069E-01
  1.0000E+01  2.0000E+00  0.0000E+00  2.0366E+01  0.0000E+00  3.4648E+01 -6.0593E-01 -6.3971E-01  2.0366E+01  3.0023E+01 -9.6572E+00 -5.0696E-01
  1.0000E+01  4.0000E+00  0.0000E+00  3.1808E+01  0.0000E+00  3.1109E+01  1.6893E-01  3.4891E-02  3.1808E+01  2.2816E+01  8.9921E+00  1.2608E-01
  1.0000E+01  8.0000E+00  0.0000E+00  6.3644E+01  0.0000E+00  2.5358E+01  2.6585E+00  2.3431E+00  6.3644E+01  1.3587E+01  5.0057E+01  3.1191E+00
  1.0000E+01  2.4000E+01  0.0000E+00  2.5160E+00  0.0000E+00  1.3023E+01 -4.2697E-01 -1.2521E+00  2.5160E+00  2.9764E+00 -4.6040E-01 -1.4444E+00
  1.1000E+01  0.0000E+00  2.5000E+05  0.0000E+00  1.0000E+00  0.0000E+00  0.0000E+00  0.0000E+00  0.0000E+00  0.0000E+00  0.0000E+00  0.0000E+00
  1.1000E+01  0.0000E+00  0.0000E+00  0.0000E+00  0.0000E+00  0.0000E+00  0.0000E+00  0.0000E+00  0.0000E+00  0.0000E+00  0.0000E+00  0.0000E+00
  1.1000E+01  5.0000E-01  0.0000E+00  2.2787E+01  0.0000E+00  2.8903E+01 -5.0795E-01 -3.2840E-01  2.2787E+01  3.7046E+01 -1.4259E+01 -3.3405E-01
  1.1000E+01  1.0000E+00  0.0000E+00  4.7157E+01  0.0000E+00  2.5901E+01  1.0592E+00  1.2736E+00  4.7157E+01  3.4551E+01  1.2606E+01  6.4793E-01
  1.1000E+01  2.0000E+00  0.0000E+00  4.3560E+00  0.0000E+00  2.0767E+01 -1.5022E+00 -1.2264E+00  4.3560E+00  3.0023E+01 -2.5667E+01 -9.4006E-01
  1.1000E+01  4.0000E+00  0.0000E+00  1.1033E+01  0.0000E+00  1.3413E+01 -6.5084E-01 -2.7539E-01  1.1033E+01  2.2816E+01 -1.1783E+01 -4.3123E-01
  1.1000E+01  8.0000E+00  0.0000E+00  9.2000E+00  0.0000E+00  5.7539E+00  3.7432E-01  9.2947E-01  9.2000E+00  1.3587E+01 -4.3871E+00 -5.8982E-02
  1.1000E+01  2.4000E+01  0.0000E+00  6.0000E-01  0.0000E+00  5.0811E-01 -5.0598E-01  2.8068E-01  6.0000E-01  2.9764E+00 -2.3764E+00 -1.2879E-01
  1.2000E+01  0.0000E+00  2.5000E+05  0.0000E+00  1.0000E+00  0.0000E+00  0.0000E+00  0.0000E+00  0.0000E+00  0.0000E+00  0.0000E+00  0.0000E+00
  1.2000E+01  0.0000E+00  0.0000E+00  0.0000E+00  0.0000E+00  0.0000E+00  0.0000E+00  0.0000E+00  0.0000E+00  0.0000E+00  0.0000E+00  0.0000E+00
  1.2000E+01  5.0000E-01  0.0000E+00  2.9301E+01  0.0000E+00  1.7736E+01  3.6426E-01  1.0120E+00  2.9301E+01  3.7046E+01 -7.7453E+00  5.5025E-03
  1.2000E+01  1.0000E+00  0.0000E+00  1.4208E+01  0.0000E+00  1.6499E+01 -8.5156E-01 -2.1548E-01  1.4208E+01  3.4551E+01 -2.0343E+01 -4.8078E-01
  1.2000E+01  2.0000E+00  0.0000E+00  1.1723E+01  0.0000E+00  1.4255E+01 -8.8779E-01 -2.7562E-01  1.1723E+01  3.0023E+01 -1.8300E+01 -5.0507E-01
  1.2000E+01  4.0000E+00  0.0000E+00  8.5160E+00  0.0000E+00  1.0678E+01 -8.7971E-01 -3.1420E-01  8.5160E+00  2.2816E+01 -1.4300E+01 -4.9682E-01
  1.2000E+01  8.0000E+00  0.0000E+00  8.2990E+00  0.0000E+00  6.0956E+00  7.1754E-02  5.6100E-01  8.2990E+00  1.3587E+01 -5.2881E+00 -1.1623E-01
  1.2000E+01  2.4000E+01  0.0000E+00  1.2620E+00  0.0000E+00  9.3868E-01  1.9863E-02  5.3455E-01  1.2620E+00  2.9764E+00 -1.7144E+00 -5.1038E-02
  1.3000E+01  0.0000E+00  5.0000E+05  0.0000E+00  1.0000E+00  0.0000E+00  0.0000E+00  0.0000E+00  0.0000E+00  0.0000E+00  0.0000E+00  0.0000E+00
  1.3000E+01  0.0000E+00  0.0000E+00  0.0000E+00  0.0000E+00  0.0000E+00  0.0000E+00  0.0000E+00  0.0000E+00  0.0000E+00  0.0000E+00  0.0000E+00
  1.3000E+01  5.0000E-01  0.0000E+00  5.5055E+01  0.0000E+00  2.7586E+01  1.2303E+00  1.5454E+00  5.5055E+01  3.7083E+01  1.7972E+01  7.1294E-01
  1.3000E+01  1.0000E+00  0.0000E+00  1.9613E+01  0.0000E+00  2.6817E+01 -7.0790E-01 -4.1691E-01  1.9613E+01  3.4585E+01 -1.4972E+01 -4.7964E-01
  1.3000E+01  2.0000E+00  0.0000E+00  2.3639E+01  0.0000E+00  2.5316E+01 -3.4690E-01 -1.0283E-01  2.3639E+01  3.0053E+01 -6.4142E+00 -2.3038E-01
  1.3000E+01  4.0000E+00  0.0000E+00  1.3103E+01  0.0000E+00  2.2677E+01 -8.1120E-01 -6.5523E-01  1.3103E+01  2.2839E+01 -9.7357E+00 -6.0327E-01
  1.3000E+01  8.0000E+00  0.0000E+00  1.3568E+01  0.0000E+00  1.8557E+01 -4.2021E-01 -4.1727E-01  1.3568E+01  1.3601E+01 -3.2643E-02 -2.5301E-01
  1.3000E+01  2.4000E+01  0.0000E+00  1.7556E+01  0.0000E+00  1.0310E+01  1.4402E+00  1.0907E+00  1.7556E+01  2.9794E+00  1.4577E+01  2.2147E+00
  1.4000E+01  0.0000E+00  5.0000E+05  0.0000E+00  1.0000E+00  0.0000E+00  0.0000E+00  0.0000E+00  0.0000E+00  0.0000E+00  0.0000E+00  0.0000E+00
  1.4000E+01  0.0000E+00  0.0000E+00  0.0000E+00  0.0000E+00  0.0000E+00  0.0000E+00  0.0000E+00  0.0000E+00  0.0000E+00  0.0000E+00  0.0000E+00
  1.4000E+01  5.0000E-01  0.0000E+00  4.9290E+01  0.0000E+00  3.4879E+01  4.9602E-01  6.4123E-01  4.9290E+01  3.7083E+01  1.2207E+01  3.8624E-01
  1.4000E+01  1.0000E+00  0.0000E+00  3.0508E+01  0.0000E+00  3.2205E+01 -2.5664E-01 -8.1797E-02  3.0508E+01  3.4585E+01 -4.0771E+00 -1.9141E-01
  1.4000E+01  2.0000E+00  0.0000E+00  2.6968E+01  0.0000E+00  2.7408E+01 -2.6155E-01 -2.4915E-02  2.6968E+01  3.0053E+01 -3.0852E+00 -1.8217E-01
  1.4000E+01  4.0000E+00  0.0000E+00  2.2871E+01  0.0000E+00  1.9909E+01 -1.3677E-01  2.3093E-01  2.2871E+01  2.2839E+01  3.2280E-02 -5.4725E-02
  1.4000E+01  8.0000E+00  0.0000E+00  2.1883E+01  0.0000E+00  1.0670E+01  1.0049E+00  1.6310E+00  2.1883E+01  1.3601E+01  8.2824E+00  6.0049E-01
  1.4000E+01  2.4000E+01  0.0000E+00  6.0000E-01  0.0000E+00  1.3858E+00 -1.5096E+00 -8.8001E-01  6.0000E-01  2.9794E+00 -2.3794E+00 -5.1483E-01
  1.5000E+01  0.0000E+00  5.0000E+05  0.0000E+00  1.0000E+00  0.0000E+00  0.0000E+00  0.0000E+00  0.0000E+00  0.0000E+00  0.0000E+00  0.0000E+00
  1.5000E+01  0.0000E+00  0.0000E+00  0.0000E+00  0.0000E+00  0.0000E+00  0.0000E+00  0.0000E+00  0.0000E+00  0.0000E+00  0.0000E+00  0.0000E+00
  1.5000E+01  5.0000E-01  0.0000E+00  6.3812E+01  0.0000E+00  3.5215E+01  1.1529E+00  1.2603E+00  6.3812E+01  3.7083E+01  2.6729E+01  9.9184E-01
  1.5000E+01  1.0000E+00  0.0000E+00  7.1770E+00  0.0000E+00  3.4212E+01 -1.3143E+00 -1.2264E+00  7.1770E+00  3.4585E+01 -2.7408E+01 -1.0011E+00
  1.5000E+01  2.0000E+00  0.0000E+00  3.4378E+01  0.0000E+00  3.2254E+01  5.1688E-02  1.0220E-01  3.4378E+01  3.0053E+01  4.3248E+00  1.2354E-01
  1.5000E+01  4.0000E+00  0.0000E+00  1.8738E+01  0.0000E+00  2.8808E+01 -5.2434E-01 -5.4251E-01  1.8738E+01  2.2839E+01 -4.1007E+00 -5.5858E-01
  1.5000E+01  8.0000E+00  0.0000E+00  3.5351E+01  0.0000E+00  2.3433E+01  9.2128E-01  7.8934E-01  3.5351E+01  1.3601E+01  2.1750E+01  9.7083E-01
  1.5000E+01  2.4000E+01  0.0000E+00  2.0765E+01  0.0000E+00  1.2856E+01  1.3070E+00  9.5469E-01  2.0765E+01  2.9794E+00  1.7786E+01  2.0676E+00
  1.6000E+01  0.0000E+00  1.2500E+05  0.0000E+00  1.0000E+00  0.0000E+00  0.0000E+00  0.0000E+00  0.0000E+00  0.0000E+00  0.0000E+00  0.0000E+00
  1.6000E+01  0.0000E+00  0.0000E+00  0.0000E+00  0.0000E+00  0.0000E+00  0.0000E+00  0.0000E+00  0.0000E+00  0.0000E+00  0.0000E+00  0.0000E+00
  1.6000E+01  5.0000E-01  0.0000E+00  8.1620E+00  0.0000E+00  1.1438E+01 -1.3187E+00 -4.4451E-01  8.1620E+00  3.6973E+01 -2.8811E+01 -5.8866E-01
  1.6000E+01  1.0000E+00  0.0000E+00  1.6289E+01  0.0000E+00  1.0588E+01 -2.5858E-02  8.3572E-01  1.6289E+01  3.4482E+01 -1.8193E+01 -2.6362E-01
  1.6000E+01  2.0000E+00  0.0000E+00  4.8860E+00  0.0000E+00  9.0544E+00 -1.5480E+00 -7.1448E-01  4.8860E+00  2.9963E+01 -2.5077E+01 -6.6742E-01
  1.6000E+01  4.0000E+00  0.0000E+00  8.0510E+00  0.0000E+00  6.6381E+00 -4.3936E-01  3.3033E-01  8.0510E+00  2.2770E+01 -1.4719E+01 -3.8411E-01
  1.6000E+01  8.0000E+00  0.0000E+00  3.2130E+00  0.0000E+00  3.6116E+00 -7.9594E-01 -1.7128E-01  3.2130E+00  1.3560E+01 -1.0347E+01 -4.1252E-01
  1.6000E+01  2.4000E+01  0.0000E+00  6.0000E-01  0.0000E+00  4.2844E-01  1.8851E-01  6.2146E-01  6.0000E-01  2.9705E+00 -2.3705E+00 -8.1648E-02
  1.7000E+01  0.0000E+00  1.2500E+05  0.0000E+00  1.0000E+00  0.0000E+00  0.0000E+00  0.0000E+00  0.0000E+00  0.0000E+00  0.0000E+00  0.0000E+00
  1.7000E+01  0.0000E+00  0.0000E+00  0.0000E+00  0.0000E+00  0.0000E+00  0.0000E+00  0.0000E+00  0.0000E+00  0.0000E+00  0.0000E+00  0.0000E+00
  1.7000E+01  5.0000E-01  0.0000E+00  2.4603E+01  0.0000E+00  1.4794E+01  3.9695E-01  1.0290E+00  2.4603E+01  3.6973E+01 -1.2370E+01 -4.8404E-02
  1.7000E+01  1.0000E+00  0.0000E+00  7.2080E+00  0.0000E+00  1.3579E+01 -1.3416E+00 -7.2813E-01  7.2080E+00  3.4482E+01 -2.7274E+01 -6.3210E-01
  1.7000E+01  2.0000E+00  0.0000E+00  5.4500E+00  0.0000E+00  1.1420E+01 -1.3835E+00 -8.1128E-01  5.4500E+00  2.9963E+01 -2.4513E+01 -6.6180E-01
  1.7000E+01  4.0000E+00  0.0000E+00  2.7120E+00  0.0000E+00  8.1025E+00 -1.5161E+00 -1.0325E+00  2.7120E+00  2.2770E+01 -2.0058E+01 -7.0002E-01
  1.7000E+01  8.0000E+00  0.0000E+00  5.6920E+00  0.0000E+00  4.1480E+00  2.4353E-01  5.7771E-01  5.6920E+00  1.3560E+01 -7.8680E+00 -1.9745E-01
  1.7000E+01  2.4000E+01  0.0000E+00  6.0000E-01  0.0000E+00  4.4478E-01  1.3185E-01  5.4162E-01  6.0000E-01  2.9705E+00 -2.3705E+00 -5.8493E-02
  1.8000E+01  0.0000E+00  1.2500E+05  0.0000E+00  1.0000E+00  0.0000E+00  0.0000E+00  0.0000E+00  0.0000E+00  0.0000E+00  0.0000E+00  0.0000E+00
  1.8000E+01  0.0000E+00  0.0000E+00  0.0000E+00  0.0000E+00  0.0000E+00  0.0000E+00  0.0000E+00  0.0000E+00  0.0000E+00  0.0000E+00  0.0000E+00
  1.8000E+01  5.0000E-01  0.0000E+00  1.0414E+01  0.0000E+00  8.5849E+00 -6.0421E-01  3.3066E-01  1.0414E+01  3.6973E+01 -2.6559E+01 -4.4697E-01
  1.8000E+01  1.0000E+00  0.0000E+00  3.2390E+00  0.0000E+00  8.0490E+00 -1.8487E+00 -9.2743E-01  3.2390E+00  3.4482E+01 -3.1243E+01 -6.9291E-01
  1.8000E+01  2.0000E+00  0.0000E+00  7.2080E+00  0.0000E+00  7.0608E+00 -8.6323E-01  3.2356E-02  7.2080E+00  2.9963E+01 -2.2755E+01 -5.0256E-01
  1.8000E+01  4.0000E+00  0.0000E+00  2.6850E+00  0.0000E+00  5.4413E+00 -1.6402E+00 -7.8615E-01  2.6850E+00  2.2770E+01 -2.0085E+01 -6.4723E-01
  1.8000E+01  8.0000E+00  0.0000E+00  4.9860E+00  0.0000E+00  3.2540E+00  2.1562E-02  8.2605E-01  4.9860E+00  1.3560E+01 -8.5740E+00 -2.5552E-01
  1.8000E+01  2.4000E+01  0.0000E+00  6.0000E-01  0.0000E+00  4.8722E-01 -3.8687E-01  3.5926E-01  6.0000E-01  2.9705E+00 -2.3705E+00 -1.0388E-01
  1.9000E+01  0.0000E+00  2.5000E+05  0.0000E+00  1.0000E+00  0.0000E+00  0.0000E+00  0.0000E+00  0.0000E+00  0.0000E+00  0.0000E+00  0.0000E+00
  1.9000E+01  0.0000E+00  0.0000E+00  0.0000E+00  0.0000E+00  0.0000E+00  0.0000E+00  0.0000E+00  0.0000E+00  0.0000E+00  0.0000E+00  0.0000E+00
  1.9000E+01  5.0000E-01  0.0000E+00  2.8991E+01  0.0000E+00  1.7326E+01  4.6931E-01  1.0449E+00  2.8991E+01  3.7046E+01 -8.0553E+00  5.4454E-02
  1.9000E+01  1.0000E+00  0.0000E+00  7.3880E+00  0.0000E+00  1.5696E+01 -1.3951E+00 -8.2144E-01  7.3880E+00  3.4551E+01 -2.7163E+01 -6.7350E-01
  1.9000E+01  2.0000E+00  0.0000E+00  5.6630E+00  0.0000E+00  1.2864E+01 -1.4296E+00 -8.6874E-01  5.6630E+00  3.0023E+01 -2.4360E+01 -7.0087E-01
  1.9000E+01  4.0000E+00  0.0000E+00  9.2860E+00  0.0000E+00  8.6870E+00 -4.0223E-01  1.0701E-01  9.2860E+00  2.2816E+01 -1.3530E+01 -3.6264E-01
  1.9000E+01  8.0000E+00  0.0000E+00  4.0470E+00  0.0000E+00  4.0770E+00 -3.7951E-01 -1.1402E-02  4.0470E+00  1.3587E+01 -9.5401E+00 -3.5499E-01
  1.9000E+01  2.4000E+01  0.0000E+00  6.0000E-01  0.0000E+00  4.0980E-01  3.7283E-01  7.2031E-01  6.0000E-01  2.9764E+00 -2.3764E+00 -5.9791E-02
  2.0000E+01  0.0000E+00  2.5000E+05  0.0000E+00  1.0000E+00  0.0000E+00  0.0000E+00  0.0000E+00  0.0000E+00  0.0000E+00  0.0000E+00  0.0000E+00
  2.0000E+01  0.0000E+00  0.0000E+00  0.0000E+00  0.0000E+00  0.0000E+00  0.0000E+00  0.0000E+00  0.0000E+00  0.0000E+00  0.0000E+00  0.0000E+00
  2.0000E+01  5.0000E-01  0.0000E+00  2.0607E+01  0.0000E+00  1.4089E+01 -1.8924E-01  7.1805E-01  2.0607E+01  3.7046E+01 -1.6439E+01 -2.4043E-01
  2.0000E+01  1.0000E+00  0.0000E+00  1.2830E+01  0.0000E+00  1.2897E+01 -8.9364E-01 -8.0149E-03  1.2830E+01  3.4551E+01 -2.1721E+01 -4.7322E-01
  2.0000E+01  2.0000E+00  0.0000E+00  1.2017E+01  0.0000E+00  1.0789E+01 -6.5539E-01  1.7660E-01  1.2017E+01  3.0023E+01 -1.8006E+01 -4.2056E-01
  2.0000E+01  4.0000E+00  0.0000E+00  6.5880E+00  0.0000E+00  7.5808E+00 -8.9458E-01 -2.0324E-01  6.5880E+00  2.2816E+01 -1.6228E+01 -5.1470E-01
  2.0000E+01  8.0000E+00  0.0000E+00  2.8710E+00  0.0000E+00  3.8185E+00 -7.3013E-01 -3.8510E-01  2.8710E+00  1.3587E+01 -1.0716E+01 -4.3200E-01
  2.0000E+01  2.4000E+01  0.0000E+00  6.0000E-01  0.0000E+00  4.0612E-01  6.9046E-01  7.4092E-01  6.0000E-01  2.9764E+00 -2.3764E+00 -2.6932E-02
  2.1000E+01  0.0000E+00  2.5000E+05  0.0000E+00  1.0000E+00  0.0000E+00  0.0000E+00  0.0000E+00  0.0000E+00  0.0000E+00  0.0000E+00  0.0000E+00
  2.1000E+01  0.0000E+00  0.0000E+00  0.0000E+00  0.0000E+00  0.0000E+00  0.0000E+00  0.0000E+00  0.0000E+00  0.0000E+00  0.0000E+00  0.0000E+00
  2.1000E+01  5.0000E-01  0.0000E+00  2.0194E+01  0.0000E+00  1.4118E+01 -4.9234E-02  6.6784E-01  2.0194E+01  3.7046E+01 -1.6852E+01 -2.1069E-01
  2.1000E+01  1.0000E+00  0.0000E+00  1.3124E+01  0.0000E+00  1.3029E+01 -6.8786E-01  1.1298E-02  1.3124E+01  3.4551E+01 -2.1427E+01 -4.1906E-01
  2.1000E+01  2.0000E+00  0.0000E+00  6.5080E+00  0.0000E+00  1.1075E+01 -1.3009E+00 -6.4000E-01  6.5080E+00  3.0023E+01 -2.3515E+01 -6.2652E-01
  2.1000E+01  4.0000E+00  0.0000E+00  1.8150E+00  0.0000E+00  8.0227E+00 -1.7830E+00 -1.2009E+00  1.8150E+00  2.2816E+01 -2.1001E+01 -7.6672E-01
  2.1000E+01  8.0000E+00  0.0000E+00  6.6610E+00  0.0000E+00  4.2648E+00  4.1964E-01  8.7198E-01  6.6610E+00  1.3587E+01 -6.9261E+00 -1.3750E-01
  2.1000E+01  2.4000E+01  0.0000E+00  6.0000E-01  0.0000E+00  4.8282E-01 -8.0498E-02  3.7666E-01  6.0000E-01  2.9764E+00 -2.3764E+00 -7.7131E-02
  2.2000E+01  0.0000E+00  5.0000E+05  0.0000E+00  1.0000E+00  0.0000E+00  0.0000E+00  0.0000E+00  0.0000E+00  0.0000E+00  0.0000E+00  0.0000E+00
  2.2000E+01  0.0000E+00  0.0000E+00  0.0000E+00  0.0000E+00  0.0000E+00  0.0000E+00  0.0000E+00  0.0000E+00  0.0000E+00  0.0000E+00  0.0000E+00
  2.2000E+01  5.0000E-01  0.0000E+00  2.0892E+01  0.0000E+00  1.9592E+01 -3.8110E-01  1.0300E-01  2.0892E+01  3.7083E+01 -1.6191E+01 -2.8661E-01
  2.2000E+01  1.0000E+00  0.0000E+00  2.0896E+01  0.0000E+00  1.8338E+01 -2.6845E-01  2.1652E-01  2.0896E+01  3.4585E+01 -1.3689E+01 -2.3709E-01
  2.2000E+01  2.0000E+00  0.0000E+00  1.6873E+01  0.0000E+00  1.6035E+01 -4.0812E-01  8.1078E-02  1.6873E+01  3.0053E+01 -1.3180E+01 -2.9873E-01
  2.2000E+01  4.0000E+00  0.0000E+00  5.7380E+00  0.0000E+00  1.2291E+01 -1.3356E+00 -8.2744E-01  5.7380E+00  2.2839E+01 -1.7101E+01 -7.1188E-01
  2.2000E+01  8.0000E+00  0.0000E+00  1.4398E+01  0.0000E+00  7.3079E+00  9.3128E-01  1.5057E+00  1.4398E+01  1.3601E+01  7.9736E-01  2.7219E-01
  2.2000E+01  2.4000E+01  0.0000E+00  1.1130E+00  0.0000E+00  1.2018E+00 -7.7487E-01 -1.1466E-01  1.1130E+00  2.9794E+00 -1.8664E+00 -2.1931E-01
  2.3000E+01  0.0000E+00  5.0000E+05  0.0000E+00  1.0000E+00  0.0000E+00  0.0000E+00  0.0000E+00  0.0000E+00  0.0000E+00  0.0000E+00  0.0000E+00
  2.3000E+01  0.0000E+00  0.0000E+00  0.0000E+00  0.0000E+00  0.0000E+00  0.0000E+00  0.0000E+00  0.0000E+00  0.0000E+00  0.0000E+00  0.0000E+00
  2.3000E+01  5.0000E-01  0.0000E+00  6.3520E+01  0.0000E+00  3.4231E+01  1.1474E+00  1.3279E+00  6.3520E+01  3.7083E+01  2.6437E+01  9.1928E-01
  2.3000E+01  1.0000E+00  0.0000E+00  2.7973E+01  0.0000E+00  3.0538E+01 -3.3303E-01 -1.3036E-01  2.7973E+01  3.4585E+01 -6.6121E+00 -2.2077E-01
  2.3000E+01  2.0000E+00  0.0000E+00  1.2101E+01  0.0000E+00  2.4266E+01 -1.0108E+00 -7.7802E-01  1.2101E+01  3.0053E+01 -1.7952E+01 -7.2538E-01
  2.3000E+01  4.0000E+00  0.0000E+00  7.7790E+00  0.0000E+00  1.5393E+01 -1.0272E+00 -7.6764E-01  7.7790E+00  2.2839E+01 -1.5060E+01 -7.0446E-01
  2.3000E+01  8.0000E+00  0.0000E+00  1.1122E+01  0.0000E+00  6.3737E+00  8.2324E-01  1.1562E+00  1.1122E+01  1.3601E+01 -2.4786E+00  1.0271E-01
  2.3000E+01  2.4000E+01  0.0000E+00  6.0000E-01  0.0000E+00  5.4291E-01 -5.5147E-01  1.6319E-01  6.0000E-01  2.9794E+00 -2.3794E+00 -5.0539E-02
  2.4000E+01  0.0000E+00  5.0000E+05  0.0000E+00  1.0000E+00  0.0000E+00  0.0000E+00  0.0000E+00  0.0000E+00  0.0000E+00  0.0000E+00  0.0000E+00
  2.4000E+01  0.0000E+00  0.0000E+00  0.0000E+00  0.0000E+00  0.0000E+00  0.0000E+00  0.0000E+00  0.0000E+00  0.0000E+00  0.0000E+00  0.0000E+00
  2.4000E+01  5.0000E-01  0.0000E+00  6.2078E+01  0.0000E+00  4.6031E+01  7.3563E-01  5.4103E-01  6.2078E+01  3.7083E+01  2.4995E+01  9.2248E-01
  2.4000E+01  1.0000E+00  0.0000E+00  1.7933E+01  0.0000E+00  4.4656E+01 -7.0799E-01 -9.2872E-01  1.7933E+01  3.4585E+01 -1.6652E+01 -6.1714E-01
  2.4000E+01  2.0000E+00  0.0000E+00  2.0081E+01  0.0000E+00  4.1963E+01 -5.3760E-01 -8.0928E-01  2.0081E+01  3.0053E+01 -9.9722E+00 -5.5623E-01
  2.4000E+01  4.0000E+00  0.0000E+00  1.3612E+01  0.0000E+00  3.7169E+01 -6.1504E-01 -9.8359E-01  1.3612E+01  2.2839E+01 -9.2267E+00 -9.3328E-01
  2.4000E+01  8.0000E+00  0.0000E+00  7.3308E+01  0.0000E+00  2.9545E+01  2.8416E+00  2.2989E+00  7.3308E+01  1.3601E+01  5.9707E+01  3.9348E+00
  2.4000E+01  2.4000E+01  0.0000E+00  1.2590E+00  0.0000E+00  1.4189E+01 -3.9485E-01 -1.4143E+00  1.2590E+00  2.9794E+00 -1.7204E+00 -1.6184E+00
  2.5000E+01  0.0000E+00  1.2500E+05  0.0000E+00  1.0000E+00  0.0000E+00  0.0000E+00  0.0000E+00  0.0000E+00  0.0000E+00  0.0000E+00  0.0000E+00
  2.5000E+01  6.4850E+02  0.0000E+00  7.4066E+01  0.0000E+00  5.2550E+01  8.4448E-01  6.3542E-01  7.4066E+01  4.1506E+01  3.2560E+01  9.7014E-01
  2.5000E+01  6.4900E+02  0.0000E+00  3.0944E+01  0.0000E+00  5.1253E+01 -3.9052E-01 -6.1496E-01  3.0944E+01  3.8894E+01 -7.9497E+00 -3.8429E-01
  2.5000E+01  6.5000E+02  0.0000E+00  6.1250E+00  0.0000E+00  4.8730E+01 -1.1028E+00 -1.3569E+00  6.1250E+00  3.4149E+01 -2.8024E+01 -1.3016E+00
  2.5000E+01  6.5200E+02  0.0000E+00  3.0089E+01  0.0000E+00  4.4216E+01 -1.8805E-01 -4.9586E-01  3.0089E+01  2.6557E+01  3.5324E+00 -3.1731E-01
  2.5000E+01  6.5600E+02  0.0000E+00  8.4092E+01  0.0000E+00  3.6929E+01  2.3774E+00  1.9821E+00  8.4092E+01  1.6711E+01  6.7381E+01  2.9703E+00
  2.5000E+01  6.7200E+02  0.0000E+00  8.0090E+00  0.0000E+00  2.0970E+01 -3.8170E-01 -9.5921E-01  8.0090E+00  4.6600E+00  3.3490E+00 -7.0900E-01
  2.6000E+01  0.0000E+00  1.2500E+05  0.0000E+00  1.0000E+00  0.0000E+00  0.0000E+00  0.0000E+00  0.0000E+00  0.0000E+00  0.0000E+00  0.0000E+00
  2.6000E+01  6.4850E+02  0.0000E+00  5.0296E+01  0.0000E+00  7.4494E+01 -1.4683E-02 -5.0412E-01  5.0296E+01  4.1506E+01  8.7903E+00 -1.5549E-01
  2.6000E+01  6.4900E+02  0.0000E+00  1.4633E+02  0.0000E+00  6.5650E+01  2.2939E+00  1.9073E+00  1.4633E+02  3.8894E+01  1.0744E+02  3.1929E+00
  2.6000E+01  6.5000E+02  0.0000E+00  8.6660E+00  0.0000E+00  5.1029E+01 -1.0912E+00 -1.2884E+00  8.6660E+00  3.4149E+01 -2.5483E+01 -1.3588E+00
  2.6000E+01  6.5200E+02  0.0000E+00  3.1890E+01  0.0000E+00  3.1349E+01 -9.5863E-02  2.6782E-02  3.1890E+01  2.6557E+01  5.3334E+00 -7.1119E-02
  2.6000E+01  6.5600E+02  0.0000E+00  2.1724E+01  0.0000E+00  1.3092E+01  4.3277E-01  1.0233E+00  2.1724E+01  1.6711E+01  5.0133E+00  1.2819E-01
  2.6000E+01  6.7200E+02  0.0000E+00  2.5220E+00  0.0000E+00  2.7042E+00 -7.2898E-01 -1.0458E-01  2.5220E+00  4.6600E+00 -2.1380E+00 -2.6778E-01
  2.7000E+01  0.0000E+00  1.2500E+05  0.0000E+00  1.0000E+00  0.0000E+00  0.0000E+00  0.0000E+00  0.0000E+00  0.0000E+00  0.0000E+00  0.0000E+00
  2.7000E+01  6.4850E+02  0.0000E+00  2.1252E+02  0.0000E+00  1.1399E+02  2.0612E+00  1.3415E+00  2.1252E+02  4.1506E+01  1.7101E+02  4.2399E+00
  2.7000E+01  6.4900E+02  0.0000E+00  3.0835E+01  0.0000E+00  9.9980E+01 -4.7336E-01 -1.0733E+00  3.0835E+01  3.8894E+01 -8.0587E+00 -1.4160E+00
  2.7000E+01  6.5000E+02  0.0000E+00  1.4641E+02  0.0000E+00  7.7143E+01  1.7833E+00  1.3935E+00  1.4641E+02  3.4149E+01  1.1226E+02  3.1407E+00
  2.7000E+01  6.5200E+02  0.0000E+00  9.8230E+00  0.0000E+00  4.7187E+01 -1.1526E+00 -1.2289E+00  9.8230E+00  2.6557E+01 -1.6734E+01 -1.6823E+00
  2.7000E+01  6.5600E+02  0.0000E+00  3.2820E+01  0.0000E+00  2.0647E+01  6.3263E-01  9.1505E-01  3.2820E+01  1.6711E+01  1.6109E+01  3.0220E-01
  2.7000E+01  6.7200E+02  0.0000E+00  6.0010E+00  0.0000E+00  6.1148E+00 -3.8896E-01 -2.8885E-02  6.0010E+00  4.6600E+00  1.3410E+00 -1.8410E-01
  2.8000E+01  0.0000E+00  2.5000E+05  0.0000E+00  1.0000E+00  0.0000E+00  0.0000E+00  0.0000E+00  0.0000E+00  0.0000E+00  0.0000E+00  0.0000E+00
  2.8000E+01  6.4850E+02  0.0000E+00  6.4244E+01  0.0000E+00  5.6681E+01  5.5505E-01  2.0708E-01  6.4244E+01  4.1589E+01  2.2655E+01  6.6495E-01
  2.8000E+01  6.4900E+02  0.0000E+00  3.7738E+01  0.0000E+00  5.5708E+01 -1.3259E-01 -5.0062E-01  3.7738E+01  3.8971E+01 -1.2334E+00 -1.5753E-01
  2.8000E+01  6.5000E+02  0.0000E+00  9.7220E+00  0.0000E+00  5.3787E+01 -8.6374E-01 -1.2714E+00  9.7220E+00  3.4217E+01 -2.4495E+01 -1.1821E+00
  2.8000E+01  6.5200E+02  0.0000E+00  2.0965E+01  0.0000E+00  5.0270E+01 -4.2243E-01 -9.0472E-01  2.0965E+01  2.6610E+01 -5.6446E+00 -7.7202E-01
  2.8000E+01  6.5600E+02  0.0000E+00  1.0345E+02  0.0000E+00  4.4332E+01  2.6834E+00  2.0695E+00  1.0345E+02  1.6744E+01  8.6706E+01  3.9552E+00
  2.8000E+01  6.7200E+02  0.0000E+00  2.1540E+00  0.0000E+00  2.9502E+01 -4.7041E-01 -1.4386E+00  2.1540E+00  4.6693E+00 -2.5153E+00 -1.4885E+00
  2.9000E+01  0.0000E+00  2.5000E+05  0.0000E+00  1.0000E+00  0.0000E+00  0.0000E+00  0.0000E+00  0.0000E+00  0.0000E+00  0.0000E+00  0.0000E+00
  2.9000E+01  6.4850E+02  0.0000E+00  1.4612E+02  0.0000E+00  7.6198E+01  1.8264E+00  1.4241E+00  1.4612E+02  4.1589E+01  1.0453E+02  2.7494E+00
  2.9000E+01  6.4900E+02  0.0000E+00  2.4291E+01  0.0000E+00  7.2021E+01 -6.5797E-01 -1.0285E+00  2.4291E+01  3.8971E+01 -1.4680E+01 -1.0923E+00
  2.9000E+01  6.5000E+02  0.0000E+00  2.4490E+01  0.0000E+00  6.4411E+01 -6.5571E-01 -9.6188E-01  2.4490E+01  3.4217E+01 -9.7269E+00 -1.0782E+00
  2.9000E+01  6.5200E+02  0.0000E+00  8.2620E+01  0.0000E+00  5.2174E+01  1.0845E+00  9.0565E-01  8.2620E+01  2.6610E+01  5.6010E+01  1.6167E+00
  2.9000E+01  6.5600E+02  0.0000E+00  5.3802E+01  0.0000E+00  3.6096E+01  7.1168E-01  7.6130E-01  5.3802E+01  1.6744E+01  3.7058E+01  1.0034E+00
  2.9000E+01  6.7200E+02  0.0000E+00  1.7604E+01  0.0000E+00  1.4904E+01 -1.5356E-01  2.8117E-01  1.7604E+01  4.6693E+00  1.2935E+01  2.0822E-01
  3.0000E+01  0.0000E+00  2.5000E+05  0.0000E+00  1.0000E+00  0.0000E+00  0.0000E+00  0.0000E+00  0.0000E+00  0.0000E+00  0.0000E+00  0.0000E+00
  3.0000E+01  6.4850E+02  0.0000E+00  2.4478E+01  0.0000E+00  5.3813E+01 -4.7183E-01 -8.4602E-01  2.4478E+01  4.1589E+01 -1.7111E+01 -5.7285E-01
  3.0000E+01  6.4900E+02  0.0000E+00  4.3707E+01  0.0000E+00  4.9530E+01  1.2460E-01 -1.8246E-01  4.3707E+01  3.8971E+01  4.7356E+00  1.0199E-01
  3.0000E+01  6.5000E+02  0.0000E+00  2.1750E+01  0.0000E+00  4.1932E+01 -5.7702E-01 -7.4695E-01  2.1750E+01  3.4217E+01 -1.2467E+01 -5.7249E-01
  3.0000E+01  6.5200E+02  0.0000E+00  7.7547E+01  0.0000E+00  3.0282E+01  2.3199E+00  2.4223E+00  7.7547E+01  2.6610E+01  5.0937E+01  2.0937E+00
  3.0000E+01  6.5600E+02  0.0000E+00  1.7104E+01  0.0000E+00  1.6433E+01 -4.8981E-01  6.3356E-02  1.7104E+01  1.6744E+01  3.5995E-01 -2.4699E-01
  3.0000E+01  6.7200E+02  0.0000E+00  1.4920E+00  0.0000E+00  3.2937E+00 -1.4668E+00 -8.4894E-01  1.4920E+00  4.6693E+00 -3.1773E+00 -6.9809E-01
  3.1000E+01  0.0000E+00  5.0000E+05  0.0000E+00  1.0000E+00  0.0000E+00  0.0000E+00  0.0000E+00  0.0000E+00  0.0000E+00  0.0000E+00  0.0000E+00
  3.1000E+01  6.4850E+02  0.0000E+00  1.4763E+02  0.0000E+00  1.0175E+02  1.3040E+00  6.9984E-01  1.4763E+02  4.1630E+01  1.0600E+02  2.5569E+00
  3.1000E+01  6.4900E+02  0.0000E+00  6.0196E+01  0.0000E+00  1.0059E+02 -8.4393E-03 -6.2325E-01  6.0196E+01  3.9010E+01  2.1186E+01 -2.2222E-01
  3.1000E+01  6.5000E+02  0.0000E+00  4.5454E+01  0.0000E+00  9.8311E+01 -1.9858E-01 -8.3441E-01  4.5454E+01  3.4251E+01  1.1203E+01 -8.2437E-01
  3.1000E+01  6.5200E+02  0.0000E+00  3.7415E+01  0.0000E+00  9.4117E+01 -2.6023E-01 -9.3500E-01  3.7415E+01  2.6636E+01  1.0779E+01 -1.2900E+00
  3.1000E+01  6.5600E+02  0.0000E+00  2.0174E+02  0.0000E+00  8.6963E+01  2.7899E+00  2.0483E+00  2.0174E+02  1.6761E+01  1.8498E+02  7.8873E+00
  3.1000E+01  6.7200E+02  0.0000E+00  4.0700E+00  0.0000E+00  6.8159E+01 -5.4712E-01 -1.4593E+00  4.0700E+00  4.6740E+00 -6.0397E-01 -3.0877E+00
  3.2000E+01  0.0000E+00  5.0000E+05  0.0000E+00  1.0000E+00  0.0000E+00  0.0000E+00  0.0000E+00  0.0000E+00  0.0000E+00  0.0000E+00  0.0000E+00
  3.2000E+01  6.4850E+02  0.0000E+00  2.4420E+01  0.0000E+00  7.8733E+01 -7.0005E-01 -1.0706E+00  2.4420E+01  4.1630E+01 -1.7210E+01 -1.1128E+00
  3.2000E+01  6.4900E+02  0.0000E+00  4.5068E+01  0.0000E+00  7.5798E+01 -2.7819E-01 -6.2919E-01  4.5068E+01  3.9010E+01  6.0577E+00 -4.8602E-01
  3.2000E+01  6.5000E+02  0.0000E+00  1.5002E+02  0.0000E+00  7.0288E+01  2.0714E+00  1.7606E+00  1.5002E+02  3.4251E+01  1.1577E+02  3.4411E+00
  3.2000E+01  6.5200E+02  0.0000E+00  8.7104E+01  0.0000E+00  6.0964E+01  8.9509E-01  6.6543E-01  8.7104E+01  2.6636E+01  6.0468E+01  1.3888E+00
  3.2000E+01  6.5600E+02  0.0000E+00  6.0706E+01  0.0000E+00  4.7436E+01  5.1042E-01  4.3414E-01  6.0706E+01  1.6761E+01  4.3945E+01  6.9344E-01
  3.2000E+01  6.7200E+02  0.0000E+00  2.8840E+01  0.0000E+00  2.4544E+01 -8.4944E-03  2.7164E-01  2.8840E+01  4.6740E+00  2.4166E+01  5.6619E-01
  3.3000E+01  0.0000E+00  5.0000E+05  0.0000E+00  1.0000E+00  0.0000E+00  0.0000E+00  0.0000E+00  0.0000E+00  0.0000E+00  0.0000E+00  0.0000E+00
  3.3000E+01  6.4850E+02  0.0000E+00  9.8501E+01  0.0000E+00  7.4458E+01  6.9733E-01  5.0113E-01  9.8501E+01  4.1630E+01  5.6871E+01  1.0644E+00
  3.3000E+01  6.4900E+02  0.0000E+00  5.3954E+01  0.0000E+00  7.2001E+01 -1.9899E-01 -3.8900E-01  5.3954E+01  3.9010E+01  1.4944E+01 -3.1887E-01
  3.3000E+01  6.5000E+02  0.0000E+00  6.4530E+01  0.0000E+00  6.7345E+01  1.1174E-01 -6.4874E-02  6.4530E+01  3.4251E+01  3.0279E+01  1.3416E-01
  3.3000E+01  6.5200E+02  0.0000E+00  1.3317E+02  0.0000E+00  5.9341E+01  2.0786E+00  1.9309E+00  1.3317E+02  2.6636E+01  1.0654E+02  3.4500E+00
  3.3000E+01  6.5600E+02  0.0000E+00  3.9382E+01  0.0000E+00  4.7368E+01 -1.7545E-01 -2.6165E-01  3.9382E+01  1.6761E+01  2.2621E+01 -3.4900E-01
  3.3000E+01  6.7200E+02  0.0000E+00  3.0098E+01  0.0000E+00  2.5536E+01  1.6192E-01  2.7724E-01  3.0098E+01  4.6740E+00  2.5424E+01  9.5667E-01
  3.4000E+01  0.0000E+00  1.2500E+05  0.0000E+00  1.0000E+00  0.0000E+00  0.0000E+00  0.0000E+00  0.0000E+00  0.0000E+00  0.0000E+00  0.0000E+00
  3.4000E+01  6.4850E+02  0.0000E+00  3.5010E+01  0.0000E+00  2.5737E+01  2.8253E-01  5.5918E-01  3.5010E+01  4.1506E+01 -6.4957E+00  7.9360E-02
  3.4000E+01  6.4900E+02  0.0000E+00  5.0250E+00  0.0000E+00  2.2280E+01 -1.5284E+00 -1.2019E+00  5.0250E+00  3.8894E+01 -3.3869E+01 -8.3090E-01
  3.4000E+01  6.5000E+02  0.0000E+00  0.0000E+00  1.0000E+00  1.6701E+01  0.0000E+00 -1.5520E+00  0.0000E+00  3.4149E+01  0.0000E+00  0.0000E+00
  3.4000E+01  6.5200E+02  0.0000E+00  6.2690E+00  0.0000E+00  9.5215E+00 -9.2884E-01 -5.3014E-01  6.2690E+00  2.6557E+01 -2.0288E+01 -4.9009E-01
  3.4000E+01  6.5600E+02  0.0000E+00  3.5510E+00  0.0000E+00  3.3890E+00 -1.7611E-01  7.4204E-02  3.5510E+00  1.6711E+01 -1.3160E+01 -2.6620E-01
  3.4000E+01  6.7200E+02  0.0000E+00  6.0000E-01  0.0000E+00  3.8209E-01  6.9079E-01  8.8508E-01  6.0000E-01  4.6600E+00 -4.0600E+00  6.5586E-02
  3.5000E+01  0.0000E+00  1.2500E+05  0.0000E+00  1.0000E+00  0.0000E+00  0.0000E+00  0.0000E+00  0.0000E+00  0.0000E+00  0.0000E+00  0.0000E+00
  3.5000E+01  6.4850E+02  0.0000E+00  2.1542E+01  0.0000E+00  1.3985E+01  6.1121E-02  8.3860E-01  2.1542E+01  4.1506E+01 -1.9964E+01 -2.2937E-01
  3.5000E+01  6.4900E+02  0.0000E+00  8.6120E+00  0.0000E+00  1.2843E+01 -1.2577E+00 -5.1124E-01  8.6120E+00  3.8894E+01 -3.0282E+01 -5.9499E-01
  3.5000E+01  6.5000E+02  0.0000E+00  6.8900E+00  0.0000E+00  1.0813E+01 -1.2439E+00 -5.6303E-01  6.8900E+00  3.4149E+01 -2.7259E+01 -5.6466E-01
  3.5000E+01  6.5200E+02  0.0000E+00  2.5340E+00  0.0000E+00  7.6932E+00 -1.5891E+00 -1.0408E+00  2.5340E+00  2.6557E+01 -2.4023E+01 -5.6414E-01
  3.5000E+01  6.5600E+02  0.0000E+00  5.9780E+00  0.0000E+00  3.9700E+00  4.4523E-01  7.8500E-01  5.9780E+00  1.6711E+01 -1.0733E+01 -7.4512E-02
  3.5000E+01  6.7200E+02  0.0000E+00  6.0000E-01  0.0000E+00  4.6016E-01  8.9763E-02  4.7161E-01  6.0000E-01  4.6600E+00 -4.0600E+00  8.8852E-02
  3.6000E+01  0.0000E+00  1.2500E+05  0.0000E+00  1.0000E+00  0.0000E+00  0.0000E+00  0.0000E+00  0.0000E+00  0.0000E+00  0.0000E+00  0.0000E+00
  3.6000E+01  6.4850E+02  0.0000E+00  3.4776E+01  0.0000E+00  2.0733E+01  5.4215E-01  1.0511E+00  3.4776E+01  4.1506E+01 -6.7297E+00  1.1071E-01
  3.6000E+01  6.4900E+02  0.0000E+00  1.3631E+01  0.0000E+00  1.8501E+01 -9.0559E-01 -4.0855E-01  1.3631E+01  3.8894E+01 -2.5263E+01 -5.0054E-01
  3.6000E+01  6.5000E+02  0.0000E+00  4.0710E+00  0.0000E+00  1.4720E+01 -1.5788E+00 -1.1228E+00  4.0710E+00  3.4149E+01 -3.0078E+01 -7.3836E-01
  3.6000E+01  6.5200E+02  0.0000E+00  4.7670E+00  0.0000E+00  9.3933E+00 -1.0992E+00 -7.6435E-01  4.7670E+00  2.6557E+01 -2.1790E+01 -5.1215E-01
  3.6000E+01  6.5600E+02  0.0000E+00  5.2920E+00  0.0000E+00  4.0042E+00  3.7710E-01  4.9914E-01  5.2920E+00  1.6711E+01 -1.1419E+01 -1.2760E-01
  3.6000E+01  6.7200E+02  0.0000E+00  6.0000E-01  0.0000E+00  4.1973E-01  3.8139E-01  6.6655E-01  6.0000E-01  4.6600E+00 -4.0600E+00  9.9871E-02
  3.7000E+01  0.0000E+00  2.5000E+05  0.0000E+00  1.0000E+00  0.0000E+00  0.0000E+00  0.0000E+00  0.0000E+00  0.0000E+00  0.0000E+00  0.0000E+00
  3.7000E+01  6.4850E+02  0.0000E+00  2.8486E+01  0.0000E+00  1.8317E+01  1.4433E-01  8.6159E-01  2.8486E+01  4.1589E+01 -1.3103E+01 -1.0819E-01
  3.7000E+01  6.4900E+02  0.0000E+00  1.1131E+01  0.0000E+00  1.6774E+01 -1.2245E+00 -5.2211E-01  1.1131E+01  3.8971E+01 -2.7840E+01 -6.0975E-01
  3.7000E+01  6.5000E+02  0.0000E+00  1.5256E+01  0.0000E+00  1.4052E+01 -5.3287E-01  1.3297E-01  1.5256E+01  3.4217E+01 -1.8961E+01 -3.5186E-01
  3.7000E+01  6.5200E+02  0.0000E+00  1.0727E+01  0.0000E+00  9.9193E+00 -4.4629E-01  1.2638E-01  1.0727E+01  2.6610E+01 -1.5883E+01 -2.9931E-01
  3.7000E+01  6.5600E+02  0.0000E+00  4.5780E+00  0.0000E+00  5.0929E+00 -5.1944E-01 -1.5691E-01  4.5780E+00  1.6744E+01 -1.2166E+01 -2.3964E-01
  3.7000E+01  6.7200E+02  0.0000E+00  1.0060E+00  0.0000E+00  6.7900E-01  4.5611E-01  7.4742E-01  1.0060E+00  4.6693E+00 -3.6633E+00  5.8973E-02
  3.8000E+01  0.0000E+00  2.5000E+05  0.0000E+00  1.0000E+00  0.0000E+00  0.0000E+00  0.0000E+00  0.0000E+00  0.0000E+00  0.0000E+00  0.0000E+00
  3.8000E+01  6.4850E+02  0.0000E+00  3.0100E+01  0.0000E+00  2.2191E+01 -3.1271E-02  5.5312E-01  3.0100E+01  4.1589E+01 -1.1489E+01 -1.3350E-01
  3.8000E+01  6.4900E+02  0.0000E+00  2.6832E+01  0.0000E+00  2.0712E+01 -1.1466E-01  4.5861E-01  2.6832E+01  3.8971E+01 -1.2139E+01 -1.6666E-01
  3.8000E+01  6.5000E+02  0.0000E+00  1.0962E+01  0.0000E+00  1.8022E+01 -1.1598E+00 -6.0797E-01  1.0962E+01  3.4217E+01 -2.3255E+01 -6.1399E-01
  3.8000E+01  6.5200E+02  0.0000E+00  1.5374E+01  0.0000E+00  1.3713E+01 -3.2675E-01  1.8795E-01  1.5374E+01  2.6610E+01 -1.1236E+01 -2.1575E-01
  3.8000E+01  6.5600E+02  0.0000E+00  1.1924E+01  0.0000E+00  8.1306E+00  2.5321E-01  7.2407E-01  1.1924E+01  1.6744E+01 -4.8200E+00  2.1430E-02
  3.8000E+01  6.7200E+02  0.0000E+00  2.0360E+00  0.0000E+00  1.5686E+00 -1.0764E-01  4.6250E-01  2.0360E+00  4.6693E+00 -2.6333E+00  1.8282E-03
  3.9000E+01  0.0000E+00  2.5000E+05  0.0000E+00  1.0000E+00  0.0000E+00  0.0000E+00  0.0000E+00  0.0000E+00  0.0000E+00  0.0000E+00  0.0000E+00
  3.9000E+01  6.4850E+02  0.0000E+00  4.0823E+01  0.0000E+00  2.3451E+01  6.3693E-01  1.1497E+00  4.0823E+01  4.1589E+01 -7.6553E-01  2.0787E-01
  3.9000E+01  6.4900E+02  0.0000E+00  1.4413E+01  0.0000E+00  2.1559E+01 -1.0128E+00 -5.1442E-01  1.4413E+01  3.8971E+01 -2.4558E+01 -5.7309E-01
  3.9000E+01  6.5000E+02  0.0000E+00  1.2523E+01  0.0000E+00  1.8210E+01 -9.4893E-01 -4.8467E-01  1.2523E+01  3.4217E+01 -2.1694E+01 -5.3000E-01
  3.9000E+01  6.5200E+02  0.0000E+00  1.5130E+01  0.0000E+00  1.3091E+01 -1.4051E-01  2.4167E-01  1.5130E+01  2.6610E+01 -1.1480E+01 -1.7545E-01
  3.9000E+01  6.5600E+02  0.0000E+00  5.8410E+00  0.0000E+00  7.0264E+00 -4.7541E-01 -2.6182E-01  5.8410E+00  1.6744E+01 -1.0903E+01 -2.3187E-01
  3.9000E+01  6.7200E+02  0.0000E+00  1.7660E+00  0.0000E+00  1.1672E+00  5.7950E-01  7.9622E-01  1.7660E+00  4.6693E+00 -2.9033E+00  8.7371E-02
  4.0000E+01  0.0000E+00  5.0000E+05  0.0000E+00  1.0000E+00  0.0000E+00  0.0000E+00  0.0000E+00  0.0000E+00  0.0000E+00  0.0000E+00  0.0000E+00
  4.0000E+01  6.4850E+02  0.0000E+00  4.5391E+01  0.0000E+00  3.5040E+01  2.8139E-01  4.5847E-01  4.5391E+01  4.1630E+01  3.7609E+00  1.9355E-01
  4.0000E+01  6.4900E+02  0.0000E+00  3.4480E+01  0.0000E+00  3.3863E+01 -1.2349E-01  2.8272E-02  3.4480E+01  3.9010E+01 -4.5303E+00 -9.3810E-02
  4.0000E+01  6.5000E+02  0.0000E+00  1.3880E+01  0.0000E+00  3.1602E+01 -9.7236E-01 -8.7031E-01  1.3880E+01  3.4251E+01 -2.0371E+01 -7.4701E-01
  4.0000E+01  6.5200E+02  0.0000E+00  2.0645E+01  0.0000E+00  2.7624E+01 -4.0039E-01 -3.9210E-01  2.0645E+01  2.6636E+01 -5.9912E+00 -3.2263E-01
  4.0000E+01  6.5600E+02  0.0000E+00  4.6133E+01  0.0000E+00  2.1429E+01  1.9475E+00  1.7891E+00  4.6133E+01  1.6761E+01  2.9372E+01  1.4659E+00
  4.0000E+01  6.7200E+02  0.0000E+00  9.7100E-01  0.0000E+00  9.3791E+00 -7.8140E-01 -1.3913E+00  9.7100E-01  4.6740E+00 -3.7030E+00 -6.8924E-01
  4.1000E+01  0.0000E+00  5.0000E+05  0.0000E+00  1.0000E+00  0.0000E+00  0.0000E+00  0.0000E+00  0.0000E+00  0.0000E+00  0.0000E+00  0.0000E+00
  4.1000E+01  6.4850E+02  0.0000E+00  6.4231E+01  0.0000E+00  3.9011E+01  9.3037E-01  1.0033E+00  6.4231E+01  4.1630E+01  2.2601E+01  7.2895E-01
  4.1000E+01  6.4900E+02  0.0000E+00  2.8485E+01  0.0000E+00  3.6249E+01 -4.2352E-01 -3.3239E-01  2.8485E+01  3.9010E+01 -1.0525E+01 -3.3417E-01
  4.1000E+01  6.5000E+02  0.0000E+00  9.4640E+00  0.0000E+00  3.1272E+01 -1.2111E+00 -1.0823E+00  9.4640E+00  3.4251E+01 -2.4787E+01 -9.1402E-01
  4.1000E+01  6.5200E+02  0.0000E+00  3.0919E+01  0.0000E+00  2.3428E+01  2.9004E-01  4.9624E-01  3.0919E+01  2.6636E+01  4.2828E+00  2.1086E-01
  4.1000E+01  6.5600E+02  0.0000E+00  2.5956E+01  0.0000E+00  1.3580E+01  1.0721E+00  1.4143E+00  2.5956E+01  1.6761E+01  9.1952E+00  5.2790E-01
  4.1000E+01  6.7200E+02  0.0000E+00  6.0000E-01  0.0000E+00  2.8603E+00 -1.4603E+00 -1.2264E+00  6.0000E-01  4.6740E+00 -4.0740E+00 -4.4986E-01
  4.2000E+01  0.0000E+00  5.0000E+05  0.0000E+00  1.0000E+00  0.0000E+00  0.0000E+00  0.0000E+00  0.0000E+00  0.0000E+00  0.0000E+00  0.0000E+00
  4.2000E+01  6.4850E+02  0.0000E+00  4.0872E+01  0.0000E+00  2.9181E+01  3.3567E-01  6.2180E-01  4.0872E+01  4.1630E+01 -7.5807E-01  1.3725E-01
  4.2000E+01  6.4900E+02  0.0000E+00  1.4567E+01  0.0000E+00  2.7022E+01 -1.0150E+00 -7.1531E-01  1.4567E+01  3.9010E+01 -2.4443E+01 -6.5052E-01
  4.2000E+01  6.5000E+02  0.0000E+00  3.1051E+01  0.0000E+00  2.3143E+01  2.0228E-01  5.3033E-01  3.1051E+01  3.4251E+01 -3.2000E+00  6.4041E-02
  4.2000E+01  6.5200E+02  0.0000E+00  1.0596E+01  0.0000E+00  1.7060E+01 -9.7636E-01 -5.8806E-01  1.0596E+01  2.6636E+01 -1.6040E+01 -5.1542E-01
  4.2000E+01  6.5600E+02  0.0000E+00  1.9287E+01  0.0000E+00  9.5095E+00  1.0926E+00  1.5957E+00  1.9287E+01  1.6761E+01  2.5262E+00  3.4192E-01
  4.2000E+01  6.7200E+02  0.0000E+00  6.0000E-01  0.0000E+00  1.6212E+00 -1.3483E+00 -9.7758E-01  6.0000E-01  4.6740E+00 -4.0740E+00 -2.5200E-01
  4.3000E+01  0.0000E+00  3.0000E+05  0.0000E+00  1.0000E+00  0.0000E+00  0.0000E+00  0.0000E+00  0.0000E+00  0.0000E+00  0.0000E+00  0.0000E+00
  4.3000E+01  0.0000E+00  0.0000E+00  0.0000E+00  0.0000E+00  0.0000E+00  0.0000E+00  0.0000E+00  0.0000E+00  0.0000E+00  0.0000E+00  0.0000E+00
  4.3000E+01  5.0000E-01  0.0000E+00  1.3907E+02  0.0000E+00  6.7894E+01  1.8794E+00  1.6270E+00  1.3907E+02  3.7059E+01  1.0201E+02  2.7807E+00
  4.3000E+01  1.0000E+00  0.0000E+00  5.9990E+01  0.0000E+00  6.2136E+01  1.8171E-01 -5.3591E-02  5.9990E+01  3.4562E+01  2.5428E+01  2.2288E-01
  4.3000E+01  2.0000E+00  0.0000E+00  3.9920E+01  0.0000E+00  5.2069E+01 -1.5517E-01 -3.6212E-01  3.9920E+01  3.0033E+01  9.8868E+00 -2.7565E-01
  4.3000E+01  4.0000E+00  0.0000E+00  2.2690E+01  0.0000E+00  3.7066E+01 -4.3503E-01 -6.0193E-01  2.2690E+01  2.2824E+01 -1.3352E-01 -6.1337E-01
  4.3000E+01  8.0000E+00  0.0000E+00  3.2950E+01  0.0000E+00  2.0115E+01  1.0907E+00  9.9022E-01  3.2950E+01  1.3592E+01  1.9358E+01  1.2419E+00
  4.4000E+01  0.0000E+00  3.0000E+05  0.0000E+00  1.0000E+00  0.0000E+00  0.0000E+00  0.0000E+00  0.0000E+00  0.0000E+00  0.0000E+00  0.0000E+00
  4.4000E+01  0.0000E+00  0.0000E+00  0.0000E+00  0.0000E+00  0.0000E+00  0.0000E+00  0.0000E+00  0.0000E+00  0.0000E+00  0.0000E+00  0.0000E+00
  4.4000E+01  5.0000E-01  0.0000E+00  7.3190E+01  0.0000E+00  3.9346E+01  1.2090E+00  1.3349E+00  7.3190E+01  3.7059E+01  3.6131E+01  1.0905E+00
  4.4000E+01  1.0000E+00  0.0000E+00  3.4490E+01  0.0000E+00  3.7134E+01 -2.1962E-01 -1.1051E-01  3.4490E+01  3.4562E+01 -7.2089E-02 -1.6117E-01
  4.4000E+01  2.0000E+00  0.0000E+00  3.0340E+01  0.0000E+00  3.3048E+01 -2.0359E-01 -1.2717E-01  3.0340E+01  3.0033E+01  3.0683E-01 -1.5012E-01
  4.4000E+01  4.0000E+00  0.0000E+00  1.1700E+01  0.0000E+00  2.6346E+01 -8.7857E-01 -8.6274E-01  1.1700E+01  2.2824E+01 -1.1124E+01 -8.1174E-01
  4.4000E+01  8.0000E+00  0.0000E+00  2.7960E+01  0.0000E+00  1.7243E+01  1.0419E+00  9.6464E-01  2.7960E+01  1.3592E+01  1.4368E+01  9.9521E-01
  4.5000E+01  0.0000E+00  3.0000E+05  0.0000E+00  1.0000E+00  0.0000E+00  0.0000E+00  0.0000E+00  0.0000E+00  0.0000E+00  0.0000E+00  0.0000E+00
  4.5000E+01  0.0000E+00  0.0000E+00  0.0000E+00  0.0000E+00  0.0000E+00  0.0000E+00  0.0000E+00  0.0000E+00  0.0000E+00  0.0000E+00  0.0000E+00
  4.5000E+01  5.0000E-01  0.0000E+00  4.8070E+01  0.0000E+00  3.2797E+01  3.9691E-01  7.2275E-01  4.8070E+01  3.7059E+01  1.1011E+01  3.0536E-01
  4.5000E+01  1.0000E+00  0.0000E+00  4.1740E+01  0.0000E+00  3.0158E+01  2.6176E-01  5.9602E-01  4.1740E+01  3.4562E+01  7.1779E+00  2.0319E-01
  4.5000E+01  2.0000E+00  0.0000E+00  2.8020E+01  0.0000E+00  2.5475E+01 -1.9298E-01  1.5504E-01  2.8020E+01  3.0033E+01 -2.0132E+00 -1.3913E-01
  4.5000E+01  4.0000E+00  0.0000E+00  1.6530E+01  0.0000E+00  1.8297E+01 -5.1595E-01 -1.4991E-01  1.6530E+01  2.2824E+01 -6.2935E+00 -3.6820E-01
  4.5000E+01  8.0000E+00  0.0000E+00  1.3990E+01  0.0000E+00  9.7610E+00  2.8231E-01  6.7240E-01  1.3990E+01  1.3592E+01  3.9841E-01  1.1046E-01
  4.6000E+01  0.0000E+00  8.0000E+05  0.0000E+00  1.0000E+00  0.0000E+00  0.0000E+00  0.0000E+00  0.0000E+00  0.0000E+00  0.0000E+00  0.0000E+00
  4.6000E+01  0.0000E+00  0.0000E+00  0.0000E+00  0.0000E+00  0.0000E+00  0.0000E+00  0.0000E+00  0.0000E+00  0.0000E+00  0.0000E+00  0.0000E+00
  4.6000E+01  5.0000E-01  0.0000E+00  7.8270E+01  0.0000E+00  6.0237E+01  4.8927E-01  4.6462E-01  7.8270E+01  3.7097E+01  4.1173E+01  9.1186E-01
  4.6000E+01  1.0000E+00  0.0000E+00  7.9700E+01  0.0000E+00  5.8300E+01  6.2518E-01  5.6968E-01  7.9700E+01  3.4598E+01  4.5102E+01  1.1034E+00
  4.6000E+01  2.0000E+00  0.0000E+00  4.3450E+01  0.0000E+00  5.4537E+01 -1.9926E-01 -3.1549E-01  4.3450E+01  3.0064E+01  1.3386E+01 -1.9661E-01
  4.6000E+01  4.0000E+00  0.0000E+00  4.6070E+01  0.0000E+00  4.7913E+01  1.7526E-01 -5.9687E-02  4.6070E+01  2.2847E+01  2.3223E+01  1.4430E-01
  4.6000E+01  8.0000E+00  0.0000E+00  8.2900E+01  0.0000E+00  3.7608E+01  2.3254E+00  1.8691E+00  8.2900E+01  1.3606E+01  6.9294E+01  3.7889E+00
  4.7000E+01  0.0000E+00  8.0000E+05  0.0000E+00  1.0000E+00  0.0000E+00  0.0000E+00  0.0000E+00  0.0000E+00  0.0000E+00  0.0000E+00  0.0000E+00
  4.7000E+01  0.0000E+00  0.0000E+00  0.0000E+00  0.0000E+00  0.0000E+00  0.0000E+00  0.0000E+00  0.0000E+00  0.0000E+00  0.0000E+00  0.0000E+00
  4.7000E+01  5.0000E-01  0.0000E+00  5.4280E+01  0.0000E+00  4.7934E+01  2.6421E-01  2.0547E-01  5.4280E+01  3.7097E+01  1.7183E+01  3.6199E-01
  4.7000E+01  1.0000E+00  0.0000E+00  1.3120E+01  0.0000E+00  4.5710E+01 -1.0375E+00 -1.1065E+00  1.3120E+01  3.4598E+01 -2.1478E+01 -1.0874E+00
  4.7000E+01  2.0000E+00  0.0000E+00  6.8020E+01  0.0000E+00  4.1525E+01  1.0776E+00  9.9025E-01  6.8020E+01  3.0064E+01  3.7956E+01  1.3013E+00
  4.7000E+01  4.0000E+00  0.0000E+00  5.8220E+01  0.0000E+00  3.4465E+01  1.1858E+00  1.0697E+00  5.8220E+01  2.2847E+01  3.5373E+01  1.4456E+00
  4.7000E+01  8.0000E+00  0.0000E+00  3.2920E+01  0.0000E+00  2.4347E+01  6.9064E-01  5.4649E-01  3.2920E+01  1.3606E+01  1.9314E+01  6.6298E-01
  4.8000E+01  0.0000E+00  8.0000E+05  0.0000E+00  1.0000E+00  0.0000E+00  0.0000E+00  0.0000E+00  0.0000E+00  0.0000E+00  0.0000E+00  0.0000E+00
  4.8000E+01  0.0000E+00  0.0000E+00  0.0000E+00  0.0000E+00  0.0000E+00  0.0000E+00  0.0000E+00  0.0000E+00  0.0000E+00  0.0000E+00  0.0000E+00
  4.8000E+01  5.0000E-01  0.0000E+00  3.6880E+01  0.0000E+00  5.0097E+01 -3.4802E-01 -4.0946E-01  3.6880E+01  3.7097E+01 -2.1726E-01 -3.8249E-01
  4.8000E+01  1.0000E+00  0.0000E+00  7.5550E+01  0.0000E+00  4.6158E+01  1.0197E+00  9.8825E-01  7.5550E+01  3.4598E+01  4.0952E+01  1.1505E+00
  4.8000E+01  2.0000E+00  0.0000E+00  4.8520E+01  0.0000E+00  3.9159E+01  3.4338E-01  3.7098E-01  4.8520E+01  3.0064E+01  1.8456E+01  4.0283E-01
  4.8000E+01  4.0000E+00  0.0000E+00  4.8470E+01  0.0000E+00  2.8421E+01  9.5605E-01  1.0948E+00  4.8470E+01  2.2847E+01  2.5623E+01  1.0495E+00
  4.8000E+01  8.0000E+00  0.0000E+00  1.6480E+01  0.0000E+00  1.5615E+01 -2.3986E-01  8.5926E-02  1.6480E+01  1.3606E+01  2.8743E+00 -1.4371E-01
  4.9000E+01  0.0000E+00  1.5000E+06  0.0000E+00  1.0000E+00  0.0000E+00  0.0000E+00  0.0000E+00  0.0000E+00  0.0000E+00  0.0000E+00  0.0000E+00
  4.9000E+01  0.0000E+00  0.0000E+00  0.0000E+00  0.0000E+00  0.0000E+00  0.0000E+00  0.0000E+00  0.0000E+00  0.0000E+00  0.0000E+00  0.0000E+00
  4.9000E+01  5.0000E-01  0.0000E+00  8.4140E+01  0.0000E+00  4.9121E+01  1.0485E+00  1.1064E+00  8.4140E+01  3.7108E+01  4.7032E+01  1.1811E+00
  4.9000E+01  1.0000E+00  0.0000E+00  5.6530E+01  0.0000E+00  4.5372E+01  3.1336E-01  3.8165E-01  5.6530E+01  3.4608E+01  2.1922E+01  3.8123E-01
  4.9000E+01  2.0000E+00  0.0000E+00  3.9120E+01  0.0000E+00  3.8695E+01 -7.0202E-02  1.7048E-02  3.9120E+01  3.0073E+01  9.0468E+00 -4.3538E-02
  4.9000E+01  4.0000E+00  0.0000E+00  3.1620E+01  0.0000E+00  2.8401E+01  5.6273E-02  1.7591E-01  3.1620E+01  2.2854E+01  8.7661E+00  9.9403E-02
  4.9000E+01  8.0000E+00  0.0000E+00  2.3630E+01  0.0000E+00  1.6003E+01  5.5538E-01  7.3959E-01  2.3630E+01  1.3610E+01  1.0020E+01  5.3324E-01
  5.0000E+01  0.0000E+00  1.5000E+06  0.0000E+00  1.0000E+00  0.0000E+00  0.0000E+00  0.0000E+00  0.0000E+00  0.0000E+00  0.0000E+00  0.0000E+00
  5.0000E+01  0.0000E+00  0.0000E+00  0.0000E+00  0.0000E+00  0.0000E+00  0.0000E+00  0.0000E+00  0.0000E+00  0.0000E+00  0.0000E+00  0.0000E+00
  5.0000E+01  5.0000E-01  0.0000E+00  1.3535E+02  0.0000E+00  1.0332E+02  8.7568E-01  4.8119E-01  1.3535E+02  3.7108E+01  9.8242E+01  1.9016E+00
  5.0000E+01  1.0000E+00  0.0000E+00  1.8297E+02  0.0000E+00  9.8458E+01  1.7486E+00  1.3321E+00  1.8297E+02  3.4608E+01  1.4836E+02  3.9918E+00
  5.0000E+01  2.0000E+00  0.0000E+00  5.5430E+01  0.0000E+00  8.9325E+01 -1.2815E-01 -5.8890E-01  5.5430E+01  3.0073E+01  2.5357E+01 -6.9030E-01
  5.0000E+01  4.0000E+00  0.0000E+00  7.1500E+01  0.0000E+00  7.3950E+01  5.0032E-01 -5.1420E-02  7.1500E+01  2.2854E+01  4.8646E+01  6.2191E-01
  5.0000E+01  8.0000E+00  0.0000E+00  1.0810E+02  0.0000E+00  5.2042E+01  2.3974E+00  1.6717E+00  1.0810E+02  1.3610E+01  9.4490E+01  5.0456E+00
  5.1000E+01  0.0000E+00  1.5000E+06  0.0000E+00  1.0000E+00  0.0000E+00  0.0000E+00  0.0000E+00  0.0000E+00  0.0000E+00  0.0000E+00  0.0000E+00
  5.1000E+01  0.0000E+00  0.0000E+00  0.0000E+00  0.0000E+00  0.0000E+00  0.0000E+00  0.0000E+00  0.0000E+00  0.0000E+00  0.0000E+00  0.0000E+00
  5.1000E+01  5.0000E-01  0.0000E+00  6.1340E+01  0.0000E+00  5.8224E+01  1.1362E-01  8.3060E-02  6.1340E+01  3.7108E+01  2.4232E+01  4.5486E-01
  5.1000E+01  2.0000E+00  0.0000E+00  6.0580E+01  0.0000E+00  5.2657E+01  3.4585E-01  2.3351E-01  6.0580E+01  3.0073E+01  3.0507E+01  6.6047E-01
  5.1000E+01  4.0000E+00  0.0000E+00  5.8890E+01  0.0000E+00  4.6198E+01  6.4435E-01  4.2638E-01  5.8890E+01  2.2854E+01  3.6036E+01  9.2950E-01
  5.1000E+01  8.0000E+00  0.0000E+00  7.5560E+01  0.0000E+00  3.6171E+01  2.1042E+00  1.6900E+00  7.5560E+01  1.3610E+01  6.1950E+01  3.1558E+00
  5.2000E+01  0.0000E+00  3.0000E+05  0.0000E+00  1.0000E+00  0.0000E+00  0.0000E+00  0.0000E+00  0.0000E+00  0.0000E+00  0.0000E+00  0.0000E+00
  5.2000E+01  0.0000E+00  0.0000E+00  0.0000E+00  0.0000E+00  0.0000E+00  0.0000E+00  0.0000E+00  0.0000E+00  0.0000E+00  0.0000E+00  0.0000E+00
  5.2000E+01  5.0000E-01  0.0000E+00  4.9570E+01  0.0000E+00  2.0523E+02  5.8163E-01 -1.1771E+00  4.9570E+01  3.7059E+01  1.2511E+01 -9.9819E-01
  5.2000E+01  1.0000E+00  0.0000E+00  1.3940E+01  0.0000E+00  1.7393E+02  9.0177E-02 -1.4276E+00  1.3940E+01  3.4562E+01 -2.0622E+01 -2.2237E+00
  5.2000E+01  2.0000E+00  0.0000E+00  3.3956E+02  0.0000E+00  1.2511E+02  3.7446E+00  2.6600E+00  3.3956E+02  3.0033E+01  3.0953E+02  1.2338E+01
  5.2000E+01  4.0000E+00  0.0000E+00  1.5160E+01  0.0000E+00  6.6293E+01 -7.2458E-01 -1.1971E+00  1.5160E+01  2.2824E+01 -7.6635E+00 -1.6729E+00
  5.2000E+01  8.0000E+00  0.0000E+00  2.4800E+00  0.0000E+00  2.2127E+01 -1.1578E+00 -1.3780E+00  2.4800E+00  1.3592E+01 -1.1112E+01 -1.4494E+00
  5.3000E+01  0.0000E+00  3.0000E+05  0.0000E+00  1.0000E+00  0.0000E+00  0.0000E+00  0.0000E+00  0.0000E+00  0.0000E+00  0.0000E+00  0.0000E+00
  5.3000E+01  0.0000E+00  0.0000E+00  0.0000E+00  0.0000E+00  0.0000E+00  0.0000E+00  0.0000E+00  0.0000E+00  0.0000E+00  0.0000E+00  0.0000E+00
  5.3000E+01  5.0000E-01  0.0000E+00  2.7510E+01  0.0000E+00  2.3275E+01 -2.0203E-01  2.8235E-01  2.7510E+01  3.7059E+01 -9.5487E+00 -1.7933E-01
  5.3000E+01  1.0000E+00  0.0000E+00  2.4070E+01  0.0000E+00  2.1829E+01 -3.1208E-01  1.5932E-01  2.4070E+01  3.4562E+01 -1.0492E+01 -2.3787E-01
  5.3000E+01  2.0000E+00  0.0000E+00  3.0780E+01  0.0000E+00  1.9172E+01  4.9388E-01  9.3960E-01  3.0780E+01  3.0033E+01  7.4683E-01  2.0429E-01
  5.3000E+01  4.0000E+00  0.0000E+00  6.7200E+00  0.0000E+00  1.4851E+01 -1.2467E+00 -8.4969E-01  6.7200E+00  2.2824E+01 -1.6104E+01 -7.4795E-01
  5.3000E+01  8.0000E+00  0.0000E+00  1.2390E+01  0.0000E+00  9.0840E+00  2.4981E-01  5.6480E-01  1.2390E+01  1.3592E+01 -1.2016E+00  7.8080E-02
  5.4000E+01  0.0000E+00  3.0000E+05  0.0000E+00  1.0000E+00  0.0000E+00  0.0000E+00  0.0000E+00  0.0000E+00  0.0000E+00  0.0000E+00  0.0000E+00
  5.4000E+01  0.0000E+00  0.0000E+00  0.0000E+00  0.0000E+00  0.0000E+00  0.0000E+00  0.0000E+00  0.0000E+00  0.0000E+00  0.0000E+00  0.0000E+00
  5.4000E+01  5.0000E-01  0.0000E+00  1.0359E+02  0.0000E+00  5.2023E+01  1.6484E+00  1.5384E+00  1.0359E+02  3.7059E+01  6.6531E+01  1.9979E+00
  5.4000E+01  1.0000E+00  0.0000E+00  3.2890E+01  0.0000E+00  4.4512E+01 -3.7692E-01 -4.0523E-01  3.2890E+01  3.4562E+01 -1.6721E+00 -3.3139E-01
  5.4000E+01  2.0000E+00  0.0000E+00  1.9000E+01  0.0000E+00  3.2616E+01 -7.3666E-01 -6.4789E-01  1.9000E+01  3.0033E+01 -1.1033E+01 -6.8816E-01
  5.4000E+01  4.0000E+00  0.0000E+00  1.3240E+01  0.0000E+00  1.7842E+01 -5.9556E-01 -4.0027E-01  1.3240E+01  2.2824E+01 -9.5835E+00 -5.6733E-01
  5.4000E+01  8.0000E+00  0.0000E+00  9.3200E+00  0.0000E+00  6.0488E+00  5.4834E-01  8.3930E-01  9.3200E+00  1.3592E+01 -4.2716E+00 -2.1029E-02
  5.5000E+01  0.0000E+00  8.0000E+05  0.0000E+00  1.0000E+00  0.0000E+00  0.0000E+00  0.0000E+00  0.0000E+00  0.0000E+00  0.0000E+00  0.0000E+00
  5.5000E+01  0.0000E+00  0.0000E+00  0.0000E+00  0.0000E+00  0.0000E+00  0.0000E+00  0.0000E+00  0.0000E+00  0.0000E+00  0.0000E+00  0.0000E+00
  5.5000E+01  5.0000E-01  0.0000E+00  3.1770E+01  0.0000E+00  5.2116E+01 -4.5417E-01 -6.0588E-01  3.1770E+01  3.7097E+01 -5.3273E+00 -5.3644E-01
  5.5000E+01  1.0000E+00  0.0000E+00  8.0990E+01  0.0000E+00  4.6426E+01  1.2238E+00  1.1554E+00  8.0990E+01  3.4598E+01  4.6392E+01  1.3939E+00
  5.5000E+01  2.0000E+00  0.0000E+00  5.5610E+01  0.0000E+00  3.6835E+01  7.0437E-01  7.9105E-01  5.5610E+01  3.0064E+01  2.5546E+01  7.9439E-01
  5.5000E+01  4.0000E+00  0.0000E+00  2.5940E+01  0.0000E+00  2.3452E+01 -1.8156E-01  1.6464E-01  2.5940E+01  2.2847E+01  3.0927E+00 -9.5809E-02
  5.5000E+01  8.0000E+00  0.0000E+00  1.3110E+01  0.0000E+00  1.0159E+01 -2.2912E-01  4.5086E-01  1.3110E+01  1.3606E+01 -4.9574E-01 -1.3440E-01
  5.6000E+01  0.0000E+00  8.0000E+05  0.0000E+00  1.0000E+00  0.0000E+00  0.0000E+00  0.0000E+00  0.0000E+00  0.0000E+00  0.0000E+00  0.0000E+00
  5.6000E+01  0.0000E+00  0.0000E+00  0.0000E+00  0.0000E+00  0.0000E+00  0.0000E+00  0.0000E+00  0.0000E+00  0.0000E+00  0.0000E+00  0.0000E+00
  5.6000E+01  5.0000E-01  0.0000E+00  4.6710E+01  0.0000E+00  5.3543E+01  3.9139E-02 -1.9806E-01  4.6710E+01  3.7097E+01  9.6127E+00  1.2462E-01
  5.6000E+01  1.0000E+00  0.0000E+00  4.6190E+01  0.0000E+00  4.1993E+01  2.2254E-02  1.5510E-01  4.6190E+01  3.4598E+01  1.1592E+01  2.5269E-01
  5.6000E+01  2.0000E+00  0.0000E+00  5.1680E+01  0.0000E+00  2.5827E+01  8.1551E-01  1.5535E+00  5.1680E+01  3.0064E+01  2.1616E+01  8.3693E-01
  5.6000E+01  4.0000E+00  0.0000E+00  1.1530E+01  0.0000E+00  9.9540E+00 -1.1201E+00  2.4572E-01  1.1530E+01  2.2847E+01 -1.1317E+01 -6.1934E-01
  5.6000E+01  8.0000E+00  0.0000E+00  1.9600E+00  0.0000E+00  1.8115E+00 -1.0818E+00  1.2725E-01  1.9600E+00  1.3606E+01 -1.1646E+01 -6.0322E-01
  5.7000E+01  0.0000E+00  8.0000E+05  0.0000E+00  1.0000E+00  0.0000E+00  0.0000E+00  0.0000E+00  0.0000E+00  0.0000E+00  0.0000E+00  0.0000E+00
  5.7000E+01  0.0000E+00  0.0000E+00  0.0000E+00  0.0000E+00  0.0000E+00  0.0000E+00  0.0000E+00  0.0000E+00  0.0000E+00  0.0000E+00  0.0000E+00
  5.7000E+01  5.0000E-01  0.0000E+00  4.0780E+01  0.0000E+00  3.8919E+01  3.8237E-03  7.4212E-02  4.0780E+01  3.7097E+01  3.6827E+00  1.0658E-01
  5.7000E+01  2.0000E+00  0.0000E+00  3.0770E+01  0.0000E+00  2.1842E+01  2.1743E-04  6.3441E-01  3.0770E+01  3.0064E+01  7.0556E-01  7.5657E-02
  5.7000E+01  4.0000E+00  0.0000E+00  1.5530E+01  0.0000E+00  1.0228E+01 -2.5684E-01  8.0442E-01  1.5530E+01  2.2847E+01 -7.3173E+00 -2.7268E-01
  5.7000E+01  8.0000E+00  0.0000E+00  2.6800E+00  0.0000E+00  2.4895E+00 -1.0126E+00  1.1878E-01  2.6800E+00  1.3606E+01 -1.0926E+01 -5.5230E-01
  5.8000E+01  0.0000E+00  1.5000E+06  0.0000E+00  1.0000E+00  0.0000E+00  0.0000E+00  0.0000E+00  0.0000E+00  0.0000E+00  0.0000E+00  0.0000E+00
  5.8000E+01  0.0000E+00  0.0000E+00  0.0000E+00  0.0000E+00  0.0000E+00  0.0000E+00  0.0000E+00  0.0000E+00  0.0000E+00  0.0000E+00  0.0000E+00
  5.8000E+01  5.0000E-01  0.0000E+00  3.6030E+01  0.0000E+00  5.4108E+01 -4.4589E-01 -5.1853E-01  3.6030E+01  3.7108E+01 -1.0781E+00 -5.0116E-01
  5.8000E+01  1.0000E+00  0.0000E+00  8.2800E+01  0.0000E+00  5.0988E+01  1.0457E+00  9.6827E-01  8.2800E+01  3.4608E+01  4.8192E+01  1.3187E+00
  5.8000E+01  2.0000E+00  0.0000E+00  7.7570E+01  0.0000E+00  4.5248E+01  1.1947E+00  1.1086E+00  7.7570E+01  3.0073E+01  4.7497E+01  1.5557E+00
  5.8000E+01  4.0000E+00  0.0000E+00  2.7970E+01  0.0000E+00  3.5903E+01 -2.4259E-01 -3.4291E-01  2.7970E+01  2.2854E+01  5.1161E+00 -3.4554E-01
  5.8000E+01  8.0000E+00  0.0000E+00  3.5900E+01  0.0000E+00  2.3397E+01  9.3927E-01  8.2931E-01  3.5900E+01  1.3610E+01  2.2290E+01  1.1022E+00
  5.9000E+01  0.0000E+00  1.5000E+06  0.0000E+00  1.0000E+00  0.0000E+00  0.0000E+00  0.0000E+00  0.0000E+00  0.0000E+00  0.0000E+00  0.0000E+00
  5.9000E+01  0.0000E+00  0.0000E+00  0.0000E+00  0.0000E+00  0.0000E+00  0.0000E+00  0.0000E+00  0.0000E+00  0.0000E+00  0.0000E+00  0.0000E+00
  5.9000E+01  5.0000E-01  0.0000E+00  4.2590E+01  0.0000E+00  2.3874E+02  5.5389E-01 -1.2751E+00  4.2590E+01  3.7108E+01  5.4819E+00 -1.7728E+00
  5.9000E+01  1.0000E+00  0.0000E+00  4.7080E+01  0.0000E+00  2.0518E+02  4.3140E-01 -1.1959E+00  4.7080E+01  3.4608E+01  1.2472E+01 -1.5154E+00
  5.9000E+01  2.0000E+00  0.0000E+00  4.2174E+02  0.0000E+00  1.5176E+02  4.0274E+00  2.7609E+00  4.2174E+02  3.0073E+01  3.9167E+02  1.5434E+01
  5.9000E+01  4.0000E+00  0.0000E+00  1.5740E+01  0.0000E+00  8.4847E+01 -5.1239E-01 -1.2641E+00  1.5740E+01  2.2854E+01 -7.1139E+00 -2.1052E+00
  5.9000E+01  8.0000E+00  0.0000E+00  1.7100E+00  0.0000E+00  3.0828E+01 -9.8068E-01 -1.4659E+00  1.7100E+00  1.3610E+01 -1.1900E+01 -1.7418E+00
  6.0000E+01  0.0000E+00  1.5000E+06  0.0000E+00  1.0000E+00  0.0000E+00  0.0000E+00  0.0000E+00  0.0000E+00  0.0000E+00  0.0000E+00  0.0000E+00
  6.0000E+01  0.0000E+00  0.0000E+00  0.0000E+00  0.0000E+00  0.0000E+00  0.0000E+00  0.0000E+00  0.0000E+00  0.0000E+00  0.0000E+00  0.0000E+00
  6.0000E+01  5.0000E-01  0.0000E+00  8.6410E+01  0.0000E+00  8.8426E+01  6.7980E-01 -3.5388E-02  8.6410E+01  3.7108E+01  4.9302E+01  9.2064E-01
  6.0000E+01  1.0000E+00  0.0000E+00  4.2610E+01  0.0000E+00  7.4664E+01 -1.6326E-01 -6.6627E-01  4.2610E+01  3.4608E+01  8.0018E+00 -4.6644E-01
  6.0000E+01  2.0000E+00  0.0000E+00  1.2697E+02  0.0000E+00  5.3274E+01  2.2746E+00  2.1469E+00  1.2697E+02  3.0073E+01  9.6897E+01  3.5842E+00
  6.0000E+01  4.0000E+00  0.0000E+00  1.7930E+01  0.0000E+00  2.7658E+01 -9.4318E-01 -5.4586E-01  1.7930E+01  2.2854E+01 -4.9239E+00 -8.1549E-01
  6.0000E+01  8.0000E+00  0.0000E+00  9.4500E+00  0.0000E+00  8.6137E+00 -5.7325E-01  1.5069E-01  9.4500E+00  1.3610E+01 -4.1597E+00 -3.9900E-01
  6.1000E+01  0.0000E+00  3.0000E+05  0.0000E+00  1.0000E+00  0.0000E+00  0.0000E+00  0.0000E+00  0.0000E+00  0.0000E+00  0.0000E+00  0.0000E+00
  6.1000E+01  6.4850E+02  0.0000E+00  1.4589E+02  0.0000E+00  7.3274E+01  1.7833E+00  1.5380E+00  1.4589E+02  4.1602E+01  1.0429E+02  2.5994E+00
  6.1000E+01  6.4900E+02  0.0000E+00  7.6000E+01  0.0000E+00  6.7464E+01  4.0598E-01  1.9637E-01  7.6000E+01  3.8984E+01  3.7016E+01  5.5822E-01
  6.1000E+01  6.5000E+02  0.0000E+00  4.3800E+01  0.0000E+00  5.7328E+01 -2.2104E-01 -3.6621E-01  4.3800E+01  3.4228E+01  9.5718E+00 -3.1718E-01
  6.1000E+01  6.5200E+02  0.0000E+00  2.3990E+01  0.0000E+00  4.2239E+01 -6.2932E-01 -6.7051E-01  2.3990E+01  2.6618E+01 -2.6284E+00 -7.3351E-01
  6.1000E+01  6.5600E+02  0.0000E+00  3.9490E+01  0.0000E+00  2.5114E+01  7.8788E-01  8.8843E-01  3.9490E+01  1.6750E+01  2.2740E+01  7.9267E-01
  6.2000E+01  0.0000E+00  3.0000E+05  0.0000E+00  1.0000E+00  0.0000E+00  0.0000E+00  0.0000E+00  0.0000E+00  0.0000E+00  0.0000E+00  0.0000E+00
  6.2000E+01  6.4850E+02  0.0000E+00  5.1150E+01  0.0000E+00  3.1075E+01  6.2955E-01  1.0026E+00  5.1150E+01  4.1602E+01  9.5476E+00  3.6342E-01
  6.2000E+01  6.4900E+02  0.0000E+00  3.5010E+01  0.0000E+00  2.9011E+01 -4.3736E-02  3.2094E-01  3.5010E+01  3.8984E+01 -3.9743E+00 -5.9554E-02
  6.2000E+01  6.5000E+02  0.0000E+00  1.9830E+01  0.0000E+00  2.5269E+01 -6.8207E-01 -3.3406E-01  1.9830E+01  3.4228E+01 -1.4398E+01 -4.4812E-01
  6.2000E+01  6.5200E+02  0.0000E+00  1.3470E+01  0.0000E+00  1.9309E+01 -7.8680E-01 -4.6931E-01  1.3470E+01  2.6618E+01 -1.3148E+01 -4.5897E-01
  6.2000E+01  6.5600E+02  0.0000E+00  1.7880E+01  0.0000E+00  1.1656E+01  5.4673E-01  8.2873E-01  1.7880E+01  1.6750E+01  1.1304E+00  2.2403E-01
  6.3000E+01  0.0000E+00  3.0000E+05  0.0000E+00  1.0000E+00  0.0000E+00  0.0000E+00  0.0000E+00  0.0000E+00  0.0000E+00  0.0000E+00  0.0000E+00
  6.3000E+01  6.4850E+02  0.0000E+00  1.4626E+02  0.0000E+00  1.0272E+02  1.2165E+00  6.5778E-01  1.4626E+02  4.1602E+01  1.0466E+02  2.2511E+00
  6.3000E+01  6.4900E+02  0.0000E+00  1.2381E+02  0.0000E+00  8.1304E+01  1.0041E+00  8.1137E-01  1.2381E+02  3.8984E+01  8.4826E+01  1.8417E+00
  6.3000E+01  6.5000E+02  0.0000E+00  9.0630E+01  0.0000E+00  5.1268E+01  8.1576E-01  1.1916E+00  9.0630E+01  3.4228E+01  5.6402E+01  1.2152E+00
  6.3000E+01  6.5200E+02  0.0000E+00  1.6710E+01  0.0000E+00  2.1624E+01 -1.2504E+00 -3.5270E-01  1.6710E+01  2.6618E+01 -9.9084E+00 -1.0932E+00
  6.3000E+01  6.5600E+02  0.0000E+00  7.8900E+00  0.0000E+00  6.0802E+00 -3.7378E-01  4.6195E-01  7.8900E+00  1.6750E+01 -8.8596E+00 -6.8957E-01
  6.4000E+01  0.0000E+00  8.0000E+05  0.0000E+00  1.0000E+00  0.0000E+00  0.0000E+00  0.0000E+00  0.0000E+00  0.0000E+00  0.0000E+00  0.0000E+00
  6.4000E+01  6.4850E+02  0.0000E+00  1.2051E+02  0.0000E+00  1.0445E+02  5.9434E-01  2.3860E-01  1.2051E+02  4.1646E+01  7.8864E+01  1.2145E+00
  6.4000E+01  6.4900E+02  0.0000E+00  1.8588E+02  0.0000E+00  1.0290E+02  1.6089E+00  1.2515E+00  1.8588E+02  3.9025E+01  1.4686E+02  3.4948E+00
  6.4000E+01  6.5000E+02  0.0000E+00  3.2050E+01  0.0000E+00  9.9877E+01 -6.9364E-01 -1.0539E+00  3.2050E+01  3.4264E+01 -2.2139E+00 -1.8431E+00
  6.4000E+01  6.5200E+02  0.0000E+00  1.0842E+02  0.0000E+00  9.4430E+01  5.9418E-01  2.2993E-01  1.0842E+02  2.6646E+01  8.1774E+01  1.3619E+00
  6.4000E+01  6.5600E+02  0.0000E+00  1.3920E+02  0.0000E+00  8.5491E+01  1.3415E+00  9.7502E-01  1.3920E+02  1.6767E+01  1.2243E+02  3.9406E+00
  6.5000E+01  0.0000E+00  8.0000E+05  0.0000E+00  1.0000E+00  0.0000E+00  0.0000E+00  0.0000E+00  0.0000E+00  0.0000E+00  0.0000E+00  0.0000E+00
  6.5000E+01  6.4850E+02  0.0000E+00  7.7650E+01  0.0000E+00  5.9021E+01  5.1821E-01  4.8985E-01  7.7650E+01  4.1646E+01  3.6004E+01  7.3022E-01
  6.5000E+01  6.4900E+02  0.0000E+00  4.5050E+01  0.0000E+00  5.7952E+01 -3.0843E-01 -3.4551E-01  4.5050E+01  3.9025E+01  6.0251E+00 -3.0026E-01
  6.5000E+01  6.5000E+02  0.0000E+00  4.5490E+01  0.0000E+00  5.5851E+01 -2.3438E-01 -2.8790E-01  4.5490E+01  3.4264E+01  1.1226E+01 -2.8384E-01
  6.5000E+01  6.5200E+02  0.0000E+00  8.0010E+01  0.0000E+00  5.2029E+01  9.1632E-01  8.3462E-01  8.0010E+01  2.6646E+01  5.3364E+01  1.3169E+00
  6.5000E+01  6.5600E+02  0.0000E+00  7.9040E+01  0.0000E+00  4.5653E+01  1.2568E+00  1.1350E+00  7.9040E+01  1.6767E+01  6.2273E+01  1.9631E+00
  6.6000E+01  0.0000E+00  8.0000E+05  0.0000E+00  1.0000E+00  0.0000E+00  0.0000E+00  0.0000E+00  0.0000E+00  0.0000E+00  0.0000E+00  0.0000E+00
  6.6000E+01  6.4850E+02  0.0000E+00  1.1616E+02  0.0000E+00  8.0311E+01  9.3853E-01  6.9276E-01  1.1616E+02  4.1646E+01  7.4514E+01  1.4429E+00
  6.6000E+01  6.4900E+02  0.0000E+00  8.3740E+01  0.0000E+00  7.3700E+01  4.0265E-01  2.1141E-01  8.3740E+01  3.9025E+01  4.4715E+01  5.7723E-01
  6.6000E+01  6.5000E+02  0.0000E+00  8.9320E+01  0.0000E+00  6.2186E+01  7.6942E-01  6.7719E-01  8.9320E+01  3.4264E+01  5.5056E+01  1.1219E+00
  6.6000E+01  6.5200E+02  0.0000E+00  8.4270E+01  0.0000E+00  4.5099E+01  1.2868E+00  1.3480E+00  8.4270E+01  2.6646E+01  5.7624E+01  1.6342E+00
  6.6000E+01  6.5600E+02  0.0000E+00  1.4300E+01  0.0000E+00  2.5888E+01 -9.0950E-01 -6.9467E-01  1.4300E+01  1.6767E+01 -2.4671E+00 -9.4478E-01
  6.7000E+01  0.0000E+00  1.5000E+06  0.0000E+00  1.0000E+00  0.0000E+00  0.0000E+00  0.0000E+00  0.0000E+00  0.0000E+00  0.0000E+00  0.0000E+00
  6.7000E+01  6.4850E+02  0.0000E+00  5.2270E+01  0.0000E+00  6.3063E+01  1.0315E-01 -2.6562E-01  5.2270E+01  4.1658E+01  1.0612E+01  2.1397E-01
  6.7000E+01  6.4900E+02  0.0000E+00  5.2440E+01  0.0000E+00  6.2288E+01  1.3805E-01 -2.4537E-01  5.2440E+01  3.9036E+01  1.3404E+01  2.1870E-01
  6.7000E+01  6.5000E+02  0.0000E+00  3.1880E+01  0.0000E+00  6.0741E+01 -3.2505E-01 -7.3741E-01  3.1880E+01  3.4274E+01 -2.3939E+00 -5.5553E-01
  6.7000E+01  6.5200E+02  0.0000E+00  1.6970E+01  0.0000E+00  5.7867E+01 -6.3055E-01 -1.0968E+00  1.6970E+01  2.6654E+01 -9.6839E+00 -1.3345E+00
  6.7000E+01  6.5600E+02  0.0000E+00  1.1908E+02  0.0000E+00  5.2864E+01  2.5038E+00  1.9439E+00  1.1908E+02  1.6772E+01  1.0231E+02  4.1891E+00
  6.8000E+01  0.0000E+00  1.5000E+06  0.0000E+00  1.0000E+00  0.0000E+00  0.0000E+00  0.0000E+00  0.0000E+00  0.0000E+00  0.0000E+00  0.0000E+00
  6.8000E+01  6.4850E+02  0.0000E+00  1.9869E+02  0.0000E+00  1.0191E+02  1.9806E+00  1.4738E+00  1.9869E+02  4.1658E+01  1.5703E+02  3.7476E+00
  6.8000E+01  6.4900E+02  0.0000E+00  9.8040E+01  0.0000E+00  9.2605E+01  5.1264E-01  9.1076E-02  9.8040E+01  3.9036E+01  5.9004E+01  7.6452E-01
  6.8000E+01  6.5000E+02  0.0000E+00  4.2910E+01  0.0000E+00  7.6765E+01 -4.2107E-01 -6.8445E-01  4.2910E+01  3.4274E+01  8.6361E+00 -9.2269E-01
  6.8000E+01  6.5200E+02  0.0000E+00  9.0750E+01  0.0000E+00  5.4220E+01  1.0452E+00  1.0456E+00  9.0750E+01  2.6654E+01  6.4096E+01  1.6343E+00
  6.8000E+01  6.5600E+02  0.0000E+00  3.6010E+01  0.0000E+00  3.0726E+01 -7.1098E-02  2.6691E-01  3.6010E+01  1.6772E+01  1.9238E+01  3.5519E-03
  6.9000E+01  0.0000E+00  1.5000E+06  0.0000E+00  1.0000E+00  0.0000E+00  0.0000E+00  0.0000E+00  0.0000E+00  0.0000E+00  0.0000E+00  0.0000E+00
  6.9000E+01  6.4850E+02  0.0000E+00  9.0160E+01  0.0000E+00  9.3213E+01  3.4599E-01 -5.0835E-02  9.0160E+01  4.1658E+01  4.8502E+01  7.7706E-01
  6.9000E+01  6.4900E+02  0.0000E+00  6.9290E+01  0.0000E+00  9.2281E+01  1.7810E-02 -3.8666E-01  6.9290E+01  3.9036E+01  3.0254E+01  6.7925E-02
  6.9000E+01  6.5000E+02  0.0000E+00  1.0651E+02  0.0000E+00  9.0424E+01  6.9546E-01  2.7609E-01  1.0651E+02  3.4274E+01  7.2236E+01  1.3667E+00
  6.9000E+01  6.5200E+02  0.0000E+00  4.1830E+01  0.0000E+00  8.6979E+01 -3.5915E-01 -8.0558E-01  4.1830E+01  2.6654E+01  1.5176E+01 -1.3899E+00
  6.9000E+01  6.5600E+02  0.0000E+00  1.7757E+02  0.0000E+00  8.0997E+01  2.3414E+00  1.8504E+00  1.7757E+02  1.6772E+01  1.6080E+02  5.9709E+00
  7.0000E+01  0.0000E+00  3.0000E+05  0.0000E+00  1.0000E+00  0.0000E+00  0.0000E+00  0.0000E+00  0.0000E+00  0.0000E+00  0.0000E+00  0.0000E+00
  7.0000E+01  6.4850E+02  0.0000E+00  4.8230E+01  0.0000E+00  3.5761E+01  2.7731E-01  5.4115E-01  4.8230E+01  4.1602E+01  6.6276E+00  2.7105E-01
  7.0000E+01  6.4900E+02  0.0000E+00  4.4410E+01  0.0000E+00  2.9778E+01  3.6451E-01  7.6255E-01  4.4410E+01  3.8984E+01  5.4257E+00  2.7395E-01
  7.0000E+01  6.5000E+02  0.0000E+00  1.5100E+01  0.0000E+00  2.0657E+01 -1.0085E+00 -4.1749E-01  1.5100E+01  3.4228E+01 -1.9128E+01 -5.6990E-01
  7.0000E+01  6.5200E+02  0.0000E+00  1.2460E+01  0.0000E+00  1.0117E+01 -3.8824E-01  3.5947E-01  1.2460E+01  2.6618E+01 -1.4158E+01 -3.7393E-01
  7.0000E+01  6.5600E+02  0.0000E+00  3.7700E+00  0.0000E+00  2.7833E+00 -1.9268E-01  5.5020E-01  3.7700E+00  1.6750E+01 -1.2980E+01 -3.3049E-01
  7.1000E+01  0.0000E+00  3.0000E+05  0.0000E+00  1.0000E+00  0.0000E+00  0.0000E+00  0.0000E+00  0.0000E+00  0.0000E+00  0.0000E+00  0.0000E+00
  7.1000E+01  6.4850E+02  0.0000E+00  4.7400E+00  0.0000E+00  5.5900E+01 -9.2230E-01 -1.4204E+00  4.7400E+00  4.1602E+01 -3.6862E+01 -1.0892E+00
  7.1000E+01  6.4900E+02  0.0000E+00  2.5070E+01  0.0000E+00  5.4581E+01 -3.1810E-01 -8.3911E-01  2.5070E+01  3.8984E+01 -1.3914E+01 -4.4343E-01
  7.1000E+01  6.5000E+02  0.0000E+00  2.1560E+01  0.0000E+00  5.2016E+01 -3.4246E-01 -9.0869E-01  2.1560E+01  3.4228E+01 -1.2668E+01 -5.5172E-01
  7.1000E+01  6.5200E+02  0.0000E+00  1.0875E+02  0.0000E+00  4.7431E+01  2.6573E+00  2.0063E+00  1.0875E+02  2.6618E+01  8.2132E+01  3.4047E+00
  7.1000E+01  6.5600E+02  0.0000E+00  7.8300E+00  0.0000E+00  4.0034E+01 -4.4913E-01 -1.2484E+00  7.8300E+00  1.6750E+01 -8.9196E+00 -9.9610E-01
  7.2000E+01  0.0000E+00  3.0000E+05  0.0000E+00  1.0000E+00  0.0000E+00  0.0000E+00  0.0000E+00  0.0000E+00  0.0000E+00  0.0000E+00  0.0000E+00
  7.2000E+01  6.4850E+02  0.0000E+00  4.0010E+01  0.0000E+00  3.0744E+01  7.5685E-02  4.6776E-01  4.0010E+01  4.1602E+01 -1.5924E+00  1.1685E-02
  7.2000E+01  6.4900E+02  0.0000E+00  3.8130E+01  0.0000E+00  2.9058E+01  1.0265E-01  4.8456E-01  3.8130E+01  3.8984E+01 -8.5433E-01  3.3502E-02
  7.2000E+01  6.5000E+02  0.0000E+00  1.8120E+01  0.0000E+00  2.5939E+01 -8.3099E-01 -4.6781E-01  1.8120E+01  3.4228E+01 -1.6108E+01 -5.4590E-01
  7.2000E+01  6.5200E+02  0.0000E+00  3.1290E+01  0.0000E+00  2.0791E+01  4.5093E-01  7.8372E-01  3.1290E+01  2.6618E+01  4.6716E+00  2.6328E-01
  7.2000E+01  6.5600E+02  0.0000E+00  0.0000E+00  1.0000E+00  1.3708E+01  0.0000E+00 -1.5520E+00  0.0000E+00  1.6750E+01  0.0000E+00  0.0000E+00
  7.3000E+01  0.0000E+00  8.0000E+05  0.0000E+00  1.0000E+00  0.0000E+00  0.0000E+00  0.0000E+00  0.0000E+00  0.0000E+00  0.0000E+00  0.0000E+00
  7.3000E+01  6.4850E+02  0.0000E+00  3.0150E+01  0.0000E+00  1.2754E+02 -1.2628E-01 -1.1851E+00  3.0150E+01  4.1646E+01 -1.1496E+01 -3.2133E-01
  7.3000E+01  6.4900E+02  0.0000E+00  2.0340E+01  0.0000E+00  1.2660E+02 -2.3399E-01 -1.3026E+00  2.0340E+01  3.9025E+01 -1.8685E+01 -8.9112E-01
  7.3000E+01  6.5000E+02  0.0000E+00  2.7190E+01  0.0000E+00  1.2473E+02 -1.2547E-01 -1.2136E+00  2.7190E+01  3.4264E+01 -7.0739E+00 -1.1778E+00
  7.3000E+01  6.5200E+02  0.0000E+00  2.9340E+01  0.0000E+00  1.2124E+02 -5.1658E-02 -1.1764E+00  2.9340E+01  2.6646E+01  2.6938E+00 -2.0238E+00
  7.3000E+01  6.5600E+02  0.0000E+00  2.7043E+02  0.0000E+00  1.1513E+02  3.2823E+00  2.0933E+00  2.7043E+02  1.6767E+01  2.5366E+02  1.0260E+01
  7.4000E+01  0.0000E+00  8.0000E+05  0.0000E+00  1.0000E+00  0.0000E+00  0.0000E+00  0.0000E+00  0.0000E+00  0.0000E+00  0.0000E+00  0.0000E+00
  7.4000E+01  6.4850E+02  0.0000E+00  4.4480E+01  0.0000E+00  4.4797E+01 -5.7622E-02 -1.0989E-02  4.4480E+01  4.1646E+01  2.8343E+00 -3.6368E-02
  7.4000E+01  6.4900E+02  0.0000E+00  3.2670E+01  0.0000E+00  4.3340E+01 -4.1362E-01 -3.8207E-01  3.2670E+01  3.9025E+01 -6.3549E+00 -3.7445E-01
  7.4000E+01  6.5000E+02  0.0000E+00  3.5680E+01  0.0000E+00  4.0547E+01 -1.8911E-01 -1.8628E-01  3.5680E+01  3.4264E+01  1.4161E+00 -1.7951E-01
  7.4000E+01  6.5200E+02  0.0000E+00  7.8190E+01  0.0000E+00  3.5660E+01  1.8990E+00  1.8509E+00  7.8190E+01  2.6646E+01  5.1544E+01  1.9411E+00
  7.4000E+01  6.5600E+02  0.0000E+00  1.9850E+01  0.0000E+00  2.8112E+01 -3.2966E-01 -4.5610E-01  1.9850E+01  1.6767E+01  3.0829E+00 -3.2923E-01
  7.5000E+01  0.0000E+00  8.0000E+05  0.0000E+00  1.0000E+00  0.0000E+00  0.0000E+00  0.0000E+00  0.0000E+00  0.0000E+00  0.0000E+00  0.0000E+00
  7.5000E+01  6.4850E+02  0.0000E+00  3.7640E+01  0.0000E+00  2.9283E+01  1.2771E-02  4.4289E-01  3.7640E+01  4.1646E+01 -4.0057E+00 -4.3956E-02
  7.5000E+01  6.4900E+02  0.0000E+00  2.4660E+01  0.0000E+00  2.8165E+01 -6.0435E-01 -1.9315E-01  2.4660E+01  3.9025E+01 -1.4365E+01 -4.1081E-01
  7.5000E+01  6.5000E+02  0.0000E+00  3.5940E+01  0.0000E+00  2.6034E+01  2.1495E-01  5.9056E-01  3.5940E+01  3.4264E+01  1.6761E+00  1.0945E-01
  7.5000E+01  6.5200E+02  0.0000E+00  2.2230E+01  0.0000E+00  2.2331E+01 -3.2162E-01 -7.0188E-03  2.2230E+01  2.6646E+01 -4.4162E+00 -2.0403E-01
  7.5000E+01  6.5600E+02  0.0000E+00  2.6360E+01  0.0000E+00  1.6704E+01  6.6644E-01  8.9720E-01  2.6360E+01  1.6767E+01  9.5929E+00  4.4395E-01
  7.6000E+01  0.0000E+00  1.5000E+06  0.0000E+00  1.0000E+00  0.0000E+00  0.0000E+00  0.0000E+00  0.0000E+00  0.0000E+00  0.0000E+00  0.0000E+00
  7.6000E+01  6.4850E+02  0.0000E+00  9.5200E+01  0.0000E+00  5.6866E+01  1.2035E+00  1.0462E+00  9.5200E+01  4.1658E+01  5.3542E+01  1.4600E+00
  7.6000E+01  6.4900E+02  0.0000E+00  3.6960E+01  0.0000E+00  4.6000E+01 -3.9864E-01 -3.0500E-01  3.6960E+01  3.9036E+01 -2.0763E+00 -2.6309E-01
  7.6000E+01  6.5000E+02  0.0000E+00  3.4510E+01  0.0000E+00  3.0146E+01 -2.7435E-01  2.2465E-01  3.4510E+01  3.4274E+01  2.3613E-01 -1.1915E-01
  7.6000E+01  6.5200E+02  0.0000E+00  2.3330E+01  0.0000E+00  1.3295E+01  2.0537E-01  1.1715E+00  2.3330E+01  2.6654E+01 -3.3239E+00 -1.3700E-01
  7.6000E+01  6.5600E+02  0.0000E+00  2.9500E+00  0.0000E+00  3.2523E+00 -1.1770E+00 -1.4425E-01  2.9500E+00  1.6772E+01 -1.3822E+01 -5.4906E-01
  7.7000E+01  0.0000E+00  1.5000E+06  0.0000E+00  1.0000E+00  0.0000E+00  0.0000E+00  0.0000E+00  0.0000E+00  0.0000E+00  0.0000E+00  0.0000E+00
  7.7000E+01  6.4850E+02  0.0000E+00  5.6520E+01  0.0000E+00  1.0139E+02  1.6706E-01 -6.8683E-01  5.6520E+01  4.1658E+01  1.4862E+01 -1.2683E-01
  7.7000E+01  6.4900E+02  0.0000E+00  2.6100E+01  0.0000E+00  9.2247E+01 -3.4664E-01 -1.1129E+00  2.6100E+01  3.9036E+01 -1.2936E+01 -1.0617E+00
  7.7000E+01  6.5000E+02  0.0000E+00  1.9064E+02  0.0000E+00  7.6591E+01  2.9112E+00  2.3109E+00  1.9064E+02  3.4274E+01  1.5637E+02  5.2043E+00
  7.7000E+01  6.5200E+02  0.0000E+00  1.5290E+01  0.0000E+00  5.4084E+01 -7.9648E-01 -1.1132E+00  1.5290E+01  2.6654E+01 -1.1364E+01 -1.2443E+00
  7.7000E+01  6.5600E+02  0.0000E+00  3.0470E+01  0.0000E+00  3.0241E+01 -2.3712E-02  1.1756E-02  3.0470E+01  1.6772E+01  1.3698E+01  1.9716E-02
  7.8000E+01  0.0000E+00  1.5000E+06  0.0000E+00  1.0000E+00  0.0000E+00  0.0000E+00  0.0000E+00  0.0000E+00  0.0000E+00  0.0000E+00  0.0000E+00
  7.8000E+01  6.4850E+02  0.0000E+00  3.3560E+01  0.0000E+00  5.2444E+01 -5.2135E-01 -5.5883E-01  3.3560E+01  4.1658E+01 -8.0978E+00 -5.3396E-01
  7.8000E+01  6.4900E+02  0.0000E+00  4.7270E+01  0.0000E+00  4.9958E+01 -4.3175E-02 -8.3489E-02  4.7270E+01  3.9036E+01  8.2337E+00 -3.1773E-02
  7.8000E+01  6.5000E+02  0.0000E+00  7.8640E+01  0.0000E+00  4.5334E+01  1.1860E+00  1.1402E+00  7.8640E+01  3.4274E+01  4.4366E+01  1.3111E+00
  7.8000E+01  6.5200E+02  0.0000E+00  6.9680E+01  0.0000E+00  3.7634E+01  1.3784E+00  1.3215E+00  6.9680E+01  2.6654E+01  4.3026E+01  1.4861E+00
  7.8000E+01  6.5600E+02  0.0000E+00  1.0970E+01  0.0000E+00  2.6826E+01 -8.3555E-01 -9.1730E-01  1.0970E+01  1.6772E+01 -5.8019E+00 -8.0812E-01
