TABLE NO.  2
 ID          CL          V2          V3          Q           KA          F1          DOSE
  1.0000E+00  7.1267E+00  1.8097E+01  3.0037E+00  2.1732E-01  4.1738E-01  7.6558E-03  1.2500E+01
  1.0000E+00  7.1267E+00  1.8097E+01  3.0037E+00  2.1732E-01  4.1738E-01  7.6558E-03  1.2500E+01
  1.0000E+00  7.1267E+00  1.8097E+01  3.0037E+00  2.1732E-01  4.1738E-01  7.6558E-03  1.2500E+01
  1.0000E+00  7.1267E+00  1.8097E+01  3.0037E+00  2.1732E-01  4.1738E-01  7.6558E-03  1.2500E+01
  1.0000E+00  7.1267E+00  1.8097E+01  3.0037E+00  2.1732E-01  4.1738E-01  7.6558E-03  1.2500E+01
  1.0000E+00  7.1267E+00  1.8097E+01  3.0037E+00  2.1732E-01  4.1738E-01  7.6558E-03  1.2500E+01
  1.0000E+00  7.1267E+00  1.8097E+01  3.0037E+00  2.1732E-01  4.1738E-01  7.6558E-03  1.2500E+01
  1.0000E+00  7.1267E+00  1.8097E+01  3.0037E+00  2.1732E-01  4.1738E-01  7.6558E-03  1.2500E+01
  1.0000E+00  7.1267E+00  1.8097E+01  3.0037E+00  2.1732E-01  4.1738E-01  7.6558E-03  1.2500E+01
  1.0000E+00  7.1267E+00  1.8097E+01  3.0037E+00  2.1732E-01  4.1738E-01  7.6558E-03  1.2500E+01
  1.0000E+00  7.1267E+00  1.8097E+01  3.0037E+00  2.1732E-01  4.1738E-01  7.6558E-03  1.2500E+01
  1.0000E+00  7.1267E+00  1.8097E+01  3.0037E+00  2.1732E-01  4.1738E-01  7.6558E-03  1.2500E+01
  1.0000E+00  7.1267E+00  1.8097E+01  3.0037E+00  2.1732E-01  4.1738E-01  7.6558E-03  1.2500E+01
  2.0000E+00  5.9890E+00  2.3012E+01  3.1317E+00  2.1726E-01  4.1738E-01  7.6558E-03  1.2500E+01
  2.0000E+00  5.9890E+00  2.3012E+01  3.1317E+00  2.1726E-01  4.1738E-01  7.6558E-03  1.2500E+01
  2.0000E+00  5.9890E+00  2.3012E+01  3.1317E+00  2.1726E-01  4.1738E-01  7.6558E-03  1.2500E+01
  2.0000E+00  5.9890E+00  2.3012E+01  3.1317E+00  2.1726E-01  4.1738E-01  7.6558E-03  1.2500E+01
  2.0000E+00  5.9890E+00  2.3012E+01  3.1317E+00  2.1726E-01  4.1738E-01  7.6558E-03  1.2500E+01
  2.0000E+00  5.9890E+00  2.3012E+01  3.1317E+00  2.1726E-01  4.1738E-01  7.6558E-03  1.2500E+01
  2.0000E+00  5.9890E+00  2.3012E+01  3.1317E+00  2.1726E-01  4.1738E-01  7.6558E-03  1.2500E+01
  2.0000E+00  5.9890E+00  2.3012E+01  3.1317E+00  2.1726E-01  4.1738E-01  7.6558E-03  1.2500E+01
  2.0000E+00  5.9890E+00  2.3012E+01  3.1317E+00  2.1726E-01  4.1738E-01  7.6558E-03  1.2500E+01
  2.0000E+00  5.9890E+00  2.3012E+01  3.1317E+00  2.1726E-01  4.1738E-01  7.6558E-03  1.2500E+01
  2.0000E+00  5.9890E+00  2.3012E+01  3.1317E+00  2.1726E-01  4.1738E-01  7.6558E-03  1.2500E+01
  2.0000E+00  5.9890E+00  2.3012E+01  3.1317E+00  2.1726E-01  4.1738E-01  7.6558E-03  1.2500E+01
  2.0000E+00  5.9890E+00  2.3012E+01  3.1317E+00  2.1726E-01  4.1738E-01  7.6558E-03  1.2500E+01
  3.0000E+00  4.3769E+00  2.7995E+00  1.8142E+00  2.1768E-01  4.1738E-01  1.0000E+00  2.5000E+00
  3.0000E+00  4.3769E+00  2.7995E+00  1.8142E+00  2.1768E-01  4.1738E-01  1.0000E+00  2.5000E+00
  3.0000E+00  4.3769E+00  2.7995E+00  1.8142E+00  2.1768E-01  4.1738E-01  1.0000E+00  2.5000E+00
  3.0000E+00  4.3769E+00  2.7995E+00  1.8142E+00  2.1768E-01  4.1738E-01  1.0000E+00  2.5000E+00
  3.0000E+00  4.3769E+00  2.7995E+00  1.8142E+00  2.1768E-01  4.1738E-01  1.0000E+00  2.5000E+00
  3.0000E+00  4.3769E+00  2.7995E+00  1.8142E+00  2.1768E-01  4.1738E-01  1.0000E+00  2.5000E+00
  3.0000E+00  4.3769E+00  2.7995E+00  1.8142E+00  2.1768E-01  4.1738E-01  1.0000E+00  2.5000E+00
  3.0000E+00  4.3769E+00  2.7995E+00  1.8142E+00  2.1768E-01  4.1738E-01  1.0000E+00  2.5000E+00
  3.0000E+00  4.3769E+00  2.7995E+00  1.8142E+00  2.1768E-01  4.1738E-01  1.0000E+00  2.5000E+00
  3.0000E+00  4.3769E+00  2.7995E+00  1.8142E+00  2.1768E-01  4.1738E-01  1.0000E+00  2.5000E+00
  3.0000E+00  4.3769E+00  2.7995E+00  1.8142E+00  2.1768E-01  4.1738E-01  1.0000E+00  2.5000E+00
  3.0000E+00  4.3769E+00  2.7995E+00  1.8142E+00  2.1768E-01  4.1738E-01  1.0000E+00  2.5000E+00
  4.0000E+00  5.4282E+00  3.1941E+00  1.6829E+00  2.1780E-01  4.1738E-01  1.0000E+00  2.5000E+00
  4.0000E+00  5.4282E+00  3.1941E+00  1.6829E+00  2.1780E-01  4.1738E-01  1.0000E+00  2.5000E+00
  4.0000E+00  5.4282E+00  3.1941E+00  1.6829E+00  2.1780E-01  4.1738E-01  1.0000E+00  2.5000E+00
  4.0000E+00  5.4282E+00  3.1941E+00  1.6829E+00  2.1780E-01  4.1738E-01  1.0000E+00  2.5000E+00
  4.0000E+00  5.4282E+00  3.1941E+00  1.6829E+00  2.1780E-01  4.1738E-01  1.0000E+00  2.5000E+00
  4.0000E+00  5.4282E+00  3.1941E+00  1.6829E+00  2.1780E-01  4.1738E-01  1.0000E+00  2.5000E+00
  4.0000E+00  5.4282E+00  3.1941E+00  1.6829E+00  2.1780E-01  4.1738E-01  1.0000E+00  2.5000E+00
  4.0000E+00  5.4282E+00  3.1941E+00  1.6829E+00  2.1780E-01  4.1738E-01  1.0000E+00  2.5000E+00
  4.0000E+00  5.4282E+00  3.1941E+00  1.6829E+00  2.1780E-01  4.1738E-01  1.0000E+00  2.5000E+00
  4.0000E+00  5.4282E+00  3.1941E+00  1.6829E+00  2.1780E-01  4.1738E-01  1.0000E+00  2.5000E+00
  4.0000E+00  5.4282E+00  3.1941E+00  1.6829E+00  2.1780E-01  4.1738E-01  1.0000E+00  2.5000E+00
  4.0000E+00  5.4282E+00  3.1941E+00  1.6829E+00  2.1780E-01  4.1738E-01  1.0000E+00  2.5000E+00
  5.0000E+00  4.6039E+00  2.5074E+00  1.5043E+00  2.1854E-01  4.1738E-01  1.0000E+00  2.5000E+00
  5.0000E+00  4.6039E+00  2.5074E+00  1.5043E+00  2.1854E-01  4.1738E-01  1.0000E+00  2.5000E+00
  5.0000E+00  4.6039E+00  2.5074E+00  1.5043E+00  2.1854E-01  4.1738E-01  1.0000E+00  2.5000E+00
  5.0000E+00  4.6039E+00  2.5074E+00  1.5043E+00  2.1854E-01  4.1738E-01  1.0000E+00  2.5000E+00
  5.0000E+00  4.6039E+00  2.5074E+00  1.5043E+00  2.1854E-01  4.1738E-01  1.0000E+00  2.5000E+00
  5.0000E+00  4.6039E+00  2.5074E+00  1.5043E+00  2.1854E-01  4.1738E-01  1.0000E+00  2.5000E+00
  5.0000E+00  4.6039E+00  2.5074E+00  1.5043E+00  2.1854E-01  4.1738E-01  1.0000E+00  2.5000E+00
  5.0000E+00  4.6039E+00  2.5074E+00  1.5043E+00  2.1854E-01  4.1738E-01  1.0000E+00  2.5000E+00
  5.0000E+00  4.6039E+00  2.5074E+00  1.5043E+00  2.1854E-01  4.1738E-01  1.0000E+00  2.5000E+00
  5.0000E+00  4.6039E+00  2.5074E+00  1.5043E+00  2.1854E-01  4.1738E-01  1.0000E+00  2.5000E+00
  5.0000E+00  4.6039E+00  2.5074E+00  1.5043E+00  2.1854E-01  4.1738E-01  1.0000E+00  2.5000E+00
  5.0000E+00  4.6039E+00  2.5074E+00  1.5043E+00  2.1854E-01  4.1738E-01  1.0000E+00  2.5000E+00
  6.0000E+00  5.6635E+00  1.0281E+01  2.9950E+00  2.1731E-01  4.1738E-01  7.6558E-03  1.0000E+01
  6.0000E+00  5.6635E+00  1.0281E+01  2.9950E+00  2.1731E-01  4.1738E-01  7.6558E-03  1.0000E+01
  6.0000E+00  5.6635E+00  1.0281E+01  2.9950E+00  2.1731E-01  4.1738E-01  7.6558E-03  1.0000E+01
  6.0000E+00  5.6635E+00  1.0281E+01  2.9950E+00  2.1731E-01  4.1738E-01  7.6558E-03  1.0000E+01
  6.0000E+00  5.6635E+00  1.0281E+01  2.9950E+00  2.1731E-01  4.1738E-01  7.6558E-03  1.0000E+01
  6.0000E+00  5.6635E+00  1.0281E+01  2.9950E+00  2.1731E-01  4.1738E-01  7.6558E-03  1.0000E+01
  6.0000E+00  5.6635E+00  1.0281E+01  2.9950E+00  2.1731E-01  4.1738E-01  7.6558E-03  1.0000E+01
  6.0000E+00  5.6635E+00  1.0281E+01  2.9950E+00  2.1731E-01  4.1738E-01  7.6558E-03  1.0000E+01
  6.0000E+00  5.6635E+00  1.0281E+01  2.9950E+00  2.1731E-01  4.1738E-01  7.6558E-03  1.0000E+01
  6.0000E+00  5.6635E+00  1.0281E+01  2.9950E+00  2.1731E-01  4.1738E-01  7.6558E-03  1.0000E+01
  6.0000E+00  5.6635E+00  1.0281E+01  2.9950E+00  2.1731E-01  4.1738E-01  7.6558E-03  1.0000E+01
  6.0000E+00  5.6635E+00  1.0281E+01  2.9950E+00  2.1731E-01  4.1738E-01  7.6558E-03  1.0000E+01
  7.0000E+00  5.3722E+00  6.2314E+00  3.1287E+00  2.1727E-01  4.1738E-01  7.6558E-03  1.0000E+01
  7.0000E+00  5.3722E+00  6.2314E+00  3.1287E+00  2.1727E-01  4.1738E-01  7.6558E-03  1.0000E+01
  7.0000E+00  5.3722E+00  6.2314E+00  3.1287E+00  2.1727E-01  4.1738E-01  7.6558E-03  1.0000E+01
  7.0000E+00  5.3722E+00  6.2314E+00  3.1287E+00  2.1727E-01  4.1738E-01  7.6558E-03  1.0000E+01
  7.0000E+00  5.3722E+00  6.2314E+00  3.1287E+00  2.1727E-01  4.1738E-01  7.6558E-03  1.0000E+01
  7.0000E+00  5.3722E+00  6.2314E+00  3.1287E+00  2.1727E-01  4.1738E-01  7.6558E-03  1.0000E+01
  7.0000E+00  5.3722E+00  6.2314E+00  3.1287E+00  2.1727E-01  4.1738E-01  7.6558E-03  1.0000E+01
  7.0000E+00  5.3722E+00  6.2314E+00  3.1287E+00  2.1727E-01  4.1738E-01  7.6558E-03  1.0000E+01
  7.0000E+00  5.3722E+00  6.2314E+00  3.1287E+00  2.1727E-01  4.1738E-01  7.6558E-03  1.0000E+01
  7.0000E+00  5.3722E+00  6.2314E+00  3.1287E+00  2.1727E-01  4.1738E-01  7.6558E-03  1.0000E+01
  7.0000E+00  5.3722E+00  6.2314E+00  3.1287E+00  2.1727E-01  4.1738E-01  7.6558E-03  1.0000E+01
  7.0000E+00  5.3722E+00  6.2314E+00  3.1287E+00  2.1727E-01  4.1738E-01  7.6558E-03  1.0000E+01
  8.0000E+00  6.7509E+00  3.0433E+00  3.0656E+00  2.1730E-01  4.1738E-01  7.6558E-03  1.0000E+01
  8.0000E+00  6.7509E+00  3.0433E+00  3.0656E+00  2.1730E-01  4.1738E-01  7.6558E-03  1.0000E+01
  8.0000E+00  6.7509E+00  3.0433E+00  3.0656E+00  2.1730E-01  4.1738E-01  7.6558E-03  1.0000E+01
  8.0000E+00  6.7509E+00  3.0433E+00  3.0656E+00  2.1730E-01  4.1738E-01  7.6558E-03  1.0000E+01
  8.0000E+00  6.7509E+00  3.0433E+00  3.0656E+00  2.1730E-01  4.1738E-01  7.6558E-03  1.0000E+01
  8.0000E+00  6.7509E+00  3.0433E+00  3.0656E+00  2.1730E-01  4.1738E-01  7.6558E-03  1.0000E+01
  8.0000E+00  6.7509E+00  3.0433E+00  3.0656E+00  2.1730E-01  4.1738E-01  7.6558E-03  1.0000E+01
  8.0000E+00  6.7509E+00  3.0433E+00  3.0656E+00  2.1730E-01  4.1738E-01  7.6558E-03  1.0000E+01
  8.0000E+00  6.7509E+00  3.0433E+00  3.0656E+00  2.1730E-01  4.1738E-01  7.6558E-03  1.0000E+01
  8.0000E+00  6.7509E+00  3.0433E+00  3.0656E+00  2.1730E-01  4.1738E-01  7.6558E-03  1.0000E+01
  8.0000E+00  6.7509E+00  3.0433E+00  3.0656E+00  2.1730E-01  4.1738E-01  7.6558E-03  1.0000E+01
  8.0000E+00  6.7509E+00  3.0433E+00  3.0656E+00  2.1730E-01  4.1738E-01  7.6558E-03  1.0000E+01
  9.0000E+00  3.0008E+00  5.3088E-01  3.8918E+00  2.1673E-01  4.1738E-01  7.6558E-03  3.0000E+01
  9.0000E+00  3.0008E+00  5.3088E-01  3.8918E+00  2.1673E-01  4.1738E-01  7.6558E-03  3.0000E+01
  9.0000E+00  3.0008E+00  5.3088E-01  3.8918E+00  2.1673E-01  4.1738E-01  7.6558E-03  3.0000E+01
  9.0000E+00  3.0008E+00  5.3088E-01  3.8918E+00  2.1673E-01  4.1738E-01  7.6558E-03  3.0000E+01
  9.0000E+00  3.0008E+00  5.3088E-01  3.8918E+00  2.1673E-01  4.1738E-01  7.6558E-03  3.0000E+01
  9.0000E+00  3.0008E+00  5.3088E-01  3.8918E+00  2.1673E-01  4.1738E-01  7.6558E-03  3.0000E+01
  9.0000E+00  3.0008E+00  5.3088E-01  3.8918E+00  2.1673E-01  4.1738E-01  7.6558E-03  3.0000E+01
  9.0000E+00  3.0008E+00  5.3088E-01  3.8918E+00  2.1673E-01  4.1738E-01  7.6558E-03  3.0000E+01
  9.0000E+00  3.0008E+00  5.3088E-01  3.8918E+00  2.1673E-01  4.1738E-01  7.6558E-03  3.0000E+01
  9.0000E+00  3.0008E+00  5.3088E-01  3.8918E+00  2.1673E-01  4.1738E-01  7.6558E-03  3.0000E+01
  9.0000E+00  3.0008E+00  5.3088E-01  3.8918E+00  2.1673E-01  4.1738E-01  7.6558E-03  3.0000E+01
  9.0000E+00  3.0008E+00  5.3088E-01  3.8918E+00  2.1673E-01  4.1738E-01  7.6558E-03  3.0000E+01
  1.0000E+01  2.6340E+00  6.7000E+00  3.3189E+00  2.1691E-01  4.1738E-01  7.6558E-03  3.0000E+01
  1.0000E+01  2.6340E+00  6.7000E+00  3.3189E+00  2.1691E-01  4.1738E-01  7.6558E-03  3.0000E+01
  1.0000E+01  2.6340E+00  6.7000E+00  3.3189E+00  2.1691E-01  4.1738E-01  7.6558E-03  3.0000E+01
  1.0000E+01  2.6340E+00  6.7000E+00  3.3189E+00  2.1691E-01  4.1738E-01  7.6558E-03  3.0000E+01
  1.0000E+01  2.6340E+00  6.7000E+00  3.3189E+00  2.1691E-01  4.1738E-01  7.6558E-03  3.0000E+01
  1.0000E+01  2.6340E+00  6.7000E+00  3.3189E+00  2.1691E-01  4.1738E-01  7.6558E-03  3.0000E+01
  1.0000E+01  2.6340E+00  6.7000E+00  3.3189E+00  2.1691E-01  4.1738E-01  7.6558E-03  3.0000E+01
  1.0000E+01  2.6340E+00  6.7000E+00  3.3189E+00  2.1691E-01  4.1738E-01  7.6558E-03  3.0000E+01
  1.0000E+01  2.6340E+00  6.7000E+00  3.3189E+00  2.1691E-01  4.1738E-01  7.6558E-03  3.0000E+01
  1.0000E+01  2.6340E+00  6.7000E+00  3.3189E+00  2.1691E-01  4.1738E-01  7.6558E-03  3.0000E+01
  1.0000E+01  2.6340E+00  6.7000E+00  3.3189E+00  2.1691E-01  4.1738E-01  7.6558E-03  3.0000E+01
  1.0000E+01  2.6340E+00  6.7000E+00  3.3189E+00  2.1691E-01  4.1738E-01  7.6558E-03  3.0000E+01
  1.1000E+01  3.5630E+00  5.5524E+00  3.4844E+00  2.1687E-01  4.1738E-01  7.6558E-03  3.0000E+01
  1.1000E+01  3.5630E+00  5.5524E+00  3.4844E+00  2.1687E-01  4.1738E-01  7.6558E-03  3.0000E+01
  1.1000E+01  3.5630E+00  5.5524E+00  3.4844E+00  2.1687E-01  4.1738E-01  7.6558E-03  3.0000E+01
  1.1000E+01  3.5630E+00  5.5524E+00  3.4844E+00  2.1687E-01  4.1738E-01  7.6558E-03  3.0000E+01
  1.1000E+01  3.5630E+00  5.5524E+00  3.4844E+00  2.1687E-01  4.1738E-01  7.6558E-03  3.0000E+01
  1.1000E+01  3.5630E+00  5.5524E+00  3.4844E+00  2.1687E-01  4.1738E-01  7.6558E-03  3.0000E+01
  1.1000E+01  3.5630E+00  5.5524E+00  3.4844E+00  2.1687E-01  4.1738E-01  7.6558E-03  3.0000E+01
  1.1000E+01  3.5630E+00  5.5524E+00  3.4844E+00  2.1687E-01  4.1738E-01  7.6558E-03  3.0000E+01
  1.1000E+01  3.5630E+00  5.5524E+00  3.4844E+00  2.1687E-01  4.1738E-01  7.6558E-03  3.0000E+01
  1.1000E+01  3.5630E+00  5.5524E+00  3.4844E+00  2.1687E-01  4.1738E-01  7.6558E-03  3.0000E+01
  1.1000E+01  3.5630E+00  5.5524E+00  3.4844E+00  2.1687E-01  4.1738E-01  7.6558E-03  3.0000E+01
  1.1000E+01  3.5630E+00  5.5524E+00  3.4844E+00  2.1687E-01  4.1738E-01  7.6558E-03  3.0000E+01
  1.2000E+01  5.9912E+00  8.2572E+01  3.0413E+00  2.1730E-01  4.1738E-01  7.6558E-03  3.0000E+01
  1.2000E+01  5.9912E+00  8.2572E+01  3.0413E+00  2.1730E-01  4.1738E-01  7.6558E-03  3.0000E+01
  1.2000E+01  5.9912E+00  8.2572E+01  3.0413E+00  2.1730E-01  4.1738E-01  7.6558E-03  3.0000E+01
  1.2000E+01  5.9912E+00  8.2572E+01  3.0413E+00  2.1730E-01  4.1738E-01  7.6558E-03  3.0000E+01
  1.2000E+01  5.9912E+00  8.2572E+01  3.0413E+00  2.1730E-01  4.1738E-01  7.6558E-03  3.0000E+01
  1.2000E+01  5.9912E+00  8.2572E+01  3.0413E+00  2.1730E-01  4.1738E-01  7.6558E-03  3.0000E+01
  1.2000E+01  5.9912E+00  8.2572E+01  3.0413E+00  2.1730E-01  4.1738E-01  7.6558E-03  3.0000E+01
  1.2000E+01  5.9912E+00  8.2572E+01  3.0413E+00  2.1730E-01  4.1738E-01  7.6558E-03  3.0000E+01
  1.2000E+01  5.9912E+00  8.2572E+01  3.0413E+00  2.1730E-01  4.1738E-01  7.6558E-03  3.0000E+01
  1.2000E+01  5.9912E+00  8.2572E+01  3.0413E+00  2.1730E-01  4.1738E-01  7.6558E-03  3.0000E+01
  1.2000E+01  5.9912E+00  8.2572E+01  3.0413E+00  2.1730E-01  4.1738E-01  7.6558E-03  3.0000E+01
  1.2000E+01  5.9912E+00  8.2572E+01  3.0413E+00  2.1730E-01  4.1738E-01  7.6558E-03  3.0000E+01
  1.3000E+01  6.1821E+00  2.1949E+01  3.0099E+00  2.1731E-01  4.1738E-01  7.6558E-03  3.0000E+01
  1.3000E+01  6.1821E+00  2.1949E+01  3.0099E+00  2.1731E-01  4.1738E-01  7.6558E-03  3.0000E+01
  1.3000E+01  6.1821E+00  2.1949E+01  3.0099E+00  2.1731E-01  4.1738E-01  7.6558E-03  3.0000E+01
  1.3000E+01  6.1821E+00  2.1949E+01  3.0099E+00  2.1731E-01  4.1738E-01  7.6558E-03  3.0000E+01
  1.3000E+01  6.1821E+00  2.1949E+01  3.0099E+00  2.1731E-01  4.1738E-01  7.6558E-03  3.0000E+01
  1.3000E+01  6.1821E+00  2.1949E+01  3.0099E+00  2.1731E-01  4.1738E-01  7.6558E-03  3.0000E+01
  1.3000E+01  6.1821E+00  2.1949E+01  3.0099E+00  2.1731E-01  4.1738E-01  7.6558E-03  3.0000E+01
  1.3000E+01  6.1821E+00  2.1949E+01  3.0099E+00  2.1731E-01  4.1738E-01  7.6558E-03  3.0000E+01
  1.3000E+01  6.1821E+00  2.1949E+01  3.0099E+00  2.1731E-01  4.1738E-01  7.6558E-03  3.0000E+01
  1.3000E+01  6.1821E+00  2.1949E+01  3.0099E+00  2.1731E-01  4.1738E-01  7.6558E-03  3.0000E+01
  1.3000E+01  6.1821E+00  2.1949E+01  3.0099E+00  2.1731E-01  4.1738E-01  7.6558E-03  3.0000E+01
  1.3000E+01  6.1821E+00  2.1949E+01  3.0099E+00  2.1731E-01  4.1738E-01  7.6558E-03  3.0000E+01
  1.4000E+01  9.9630E+00  4.9542E+01  3.1148E+00  2.1729E-01  4.1738E-01  7.6558E-03  3.0000E+01
  1.4000E+01  9.9630E+00  4.9542E+01  3.1148E+00  2.1729E-01  4.1738E-01  7.6558E-03  3.0000E+01
  1.4000E+01  9.9630E+00  4.9542E+01  3.1148E+00  2.1729E-01  4.1738E-01  7.6558E-03  3.0000E+01
  1.4000E+01  9.9630E+00  4.9542E+01  3.1148E+00  2.1729E-01  4.1738E-01  7.6558E-03  3.0000E+01
  1.4000E+01  9.9630E+00  4.9542E+01  3.1148E+00  2.1729E-01  4.1738E-01  7.6558E-03  3.0000E+01
  1.4000E+01  9.9630E+00  4.9542E+01  3.1148E+00  2.1729E-01  4.1738E-01  7.6558E-03  3.0000E+01
  1.4000E+01  9.9630E+00  4.9542E+01  3.1148E+00  2.1729E-01  4.1738E-01  7.6558E-03  3.0000E+01
  1.4000E+01  9.9630E+00  4.9542E+01  3.1148E+00  2.1729E-01  4.1738E-01  7.6558E-03  3.0000E+01
  1.4000E+01  9.9630E+00  4.9542E+01  3.1148E+00  2.1729E-01  4.1738E-01  7.6558E-03  3.0000E+01
  1.4000E+01  9.9630E+00  4.9542E+01  3.1148E+00  2.1729E-01  4.1738E-01  7.6558E-03  3.0000E+01
  1.4000E+01  9.9630E+00  4.9542E+01  3.1148E+00  2.1729E-01  4.1738E-01  7.6558E-03  3.0000E+01
  1.4000E+01  9.9630E+00  4.9542E+01  3.1148E+00  2.1729E-01  4.1738E-01  7.6558E-03  3.0000E+01
  1.5000E+01  7.7315E+00  1.0078E+01  3.0496E+00  2.1720E-01  4.1738E-01  7.6558E-03  1.0000E+02
  1.5000E+01  7.7315E+00  1.0078E+01  3.0496E+00  2.1720E-01  4.1738E-01  7.6558E-03  1.0000E+02
  1.5000E+01  7.7315E+00  1.0078E+01  3.0496E+00  2.1720E-01  4.1738E-01  7.6558E-03  1.0000E+02
  1.5000E+01  7.7315E+00  1.0078E+01  3.0496E+00  2.1720E-01  4.1738E-01  7.6558E-03  1.0000E+02
  1.5000E+01  7.7315E+00  1.0078E+01  3.0496E+00  2.1720E-01  4.1738E-01  7.6558E-03  1.0000E+02
  1.5000E+01  7.7315E+00  1.0078E+01  3.0496E+00  2.1720E-01  4.1738E-01  7.6558E-03  1.0000E+02
  1.5000E+01  7.7315E+00  1.0078E+01  3.0496E+00  2.1720E-01  4.1738E-01  7.6558E-03  1.0000E+02
  1.5000E+01  7.7315E+00  1.0078E+01  3.0496E+00  2.1720E-01  4.1738E-01  7.6558E-03  1.0000E+02
  1.5000E+01  7.7315E+00  1.0078E+01  3.0496E+00  2.1720E-01  4.1738E-01  7.6558E-03  1.0000E+02
  1.5000E+01  7.7315E+00  1.0078E+01  3.0496E+00  2.1720E-01  4.1738E-01  7.6558E-03  1.0000E+02
  1.5000E+01  7.7315E+00  1.0078E+01  3.0496E+00  2.1720E-01  4.1738E-01  7.6558E-03  1.0000E+02
  1.5000E+01  7.7315E+00  1.0078E+01  3.0496E+00  2.1720E-01  4.1738E-01  7.6558E-03  1.0000E+02
  1.6000E+01  2.2166E+00  6.1899E+00  2.7243E+00  2.1710E-01  4.1738E-01  7.6558E-03  1.0000E+02
  1.6000E+01  2.2166E+00  6.1899E+00  2.7243E+00  2.1710E-01  4.1738E-01  7.6558E-03  1.0000E+02
  1.6000E+01  2.2166E+00  6.1899E+00  2.7243E+00  2.1710E-01  4.1738E-01  7.6558E-03  1.0000E+02
  1.6000E+01  2.2166E+00  6.1899E+00  2.7243E+00  2.1710E-01  4.1738E-01  7.6558E-03  1.0000E+02
  1.6000E+01  2.2166E+00  6.1899E+00  2.7243E+00  2.1710E-01  4.1738E-01  7.6558E-03  1.0000E+02
  1.6000E+01  2.2166E+00  6.1899E+00  2.7243E+00  2.1710E-01  4.1738E-01  7.6558E-03  1.0000E+02
  1.6000E+01  2.2166E+00  6.1899E+00  2.7243E+00  2.1710E-01  4.1738E-01  7.6558E-03  1.0000E+02
  1.6000E+01  2.2166E+00  6.1899E+00  2.7243E+00  2.1710E-01  4.1738E-01  7.6558E-03  1.0000E+02
  1.6000E+01  2.2166E+00  6.1899E+00  2.7243E+00  2.1710E-01  4.1738E-01  7.6558E-03  1.0000E+02
  1.6000E+01  2.2166E+00  6.1899E+00  2.7243E+00  2.1710E-01  4.1738E-01  7.6558E-03  1.0000E+02
  1.6000E+01  2.2166E+00  6.1899E+00  2.7243E+00  2.1710E-01  4.1738E-01  7.6558E-03  1.0000E+02
  1.6000E+01  2.2166E+00  6.1899E+00  2.7243E+00  2.1710E-01  4.1738E-01  7.6558E-03  1.0000E+02
  1.7000E+01  6.6503E+00  1.6604E+01  3.7037E+00  2.1706E-01  4.1738E-01  7.6558E-03  1.0000E+02
  1.7000E+01  6.6503E+00  1.6604E+01  3.7037E+00  2.1706E-01  4.1738E-01  7.6558E-03  1.0000E+02
  1.7000E+01  6.6503E+00  1.6604E+01  3.7037E+00  2.1706E-01  4.1738E-01  7.6558E-03  1.0000E+02
  1.7000E+01  6.6503E+00  1.6604E+01  3.7037E+00  2.1706E-01  4.1738E-01  7.6558E-03  1.0000E+02
  1.7000E+01  6.6503E+00  1.6604E+01  3.7037E+00  2.1706E-01  4.1738E-01  7.6558E-03  1.0000E+02
  1.7000E+01  6.6503E+00  1.6604E+01  3.7037E+00  2.1706E-01  4.1738E-01  7.6558E-03  1.0000E+02
  1.7000E+01  6.6503E+00  1.6604E+01  3.7037E+00  2.1706E-01  4.1738E-01  7.6558E-03  1.0000E+02
  1.7000E+01  6.6503E+00  1.6604E+01  3.7037E+00  2.1706E-01  4.1738E-01  7.6558E-03  1.0000E+02
  1.7000E+01  6.6503E+00  1.6604E+01  3.7037E+00  2.1706E-01  4.1738E-01  7.6558E-03  1.0000E+02
  1.7000E+01  6.6503E+00  1.6604E+01  3.7037E+00  2.1706E-01  4.1738E-01  7.6558E-03  1.0000E+02
  1.7000E+01  6.6503E+00  1.6604E+01  3.7037E+00  2.1706E-01  4.1738E-01  7.6558E-03  1.0000E+02
  1.7000E+01  6.6503E+00  1.6604E+01  3.7037E+00  2.1706E-01  4.1738E-01  7.6558E-03  1.0000E+02
