TABLE NO.  1
 ID          TIME        AMT         DV          MDV         IPRED       CWRES       IWRES       BQL         DV          PRED        RES         WRES
  1.0000E+00  0.0000E+00  2.9000E+04  0.0000E+00  1.0000E+00  0.0000E+00  0.0000E+00  0.0000E+00  0.0000E+00  0.0000E+00  1.0000E+00  0.0000E+00  0.0000E+00
  1.0000E+00  0.0000E+00  2.9000E+04  0.0000E+00  1.0000E+00  0.0000E+00  0.0000E+00  0.0000E+00  0.0000E+00  0.0000E+00  1.0000E+00  0.0000E+00  0.0000E+00
  1.0000E+00  0.0000E+00  0.0000E+00  0.0000E+00  0.0000E+00  0.0000E+00  0.0000E+00  0.0000E+00  0.0000E+00  0.0000E+00  1.0000E+00  0.0000E+00  0.0000E+00
  1.0000E+00  2.5000E-01  0.0000E+00  7.3000E-01  0.0000E+00  1.1550E+00  0.0000E+00 -6.3625E-01  0.0000E+00  7.3000E-01  1.3942E-01  0.0000E+00  0.0000E+00
  1.0000E+00  5.0000E-01  0.0000E+00  2.7500E+00  0.0000E+00  2.0842E+00  0.0000E+00  5.5242E-01  0.0000E+00  2.7500E+00  4.6931E+00  0.0000E+00  0.0000E+00
  1.0000E+00  1.0000E+00  0.0000E+00  7.2700E+00  0.0000E+00  4.1655E+00  0.0000E+00  1.2887E+00  0.0000E+00  7.2700E+00  8.9760E+00  0.0000E+00  0.0000E+00
  1.0000E+00  2.0000E+00  0.0000E+00  6.4500E+00  0.0000E+00  6.5512E+00  0.0000E+00 -2.6712E-02  0.0000E+00  6.4500E+00  1.2820E+01  0.0000E+00  0.0000E+00
  1.0000E+00  3.0000E+00  0.0000E+00  6.8500E+00  0.0000E+00  7.3826E+00  0.0000E+00 -1.2475E-01  0.0000E+00  6.8500E+00  1.3249E+01  0.0000E+00  0.0000E+00
  1.0000E+00  4.0000E+00  0.0000E+00  4.2300E+00  0.0000E+00  7.4388E+00  0.0000E+00 -7.4589E-01  0.0000E+00  4.2300E+00  1.2424E+01  0.0000E+00  0.0000E+00
  1.0000E+00  6.0000E+00  0.0000E+00  6.0300E+00  0.0000E+00  6.7424E+00  0.0000E+00 -1.8271E-01  0.0000E+00  6.0300E+00  1.0249E+01  0.0000E+00  0.0000E+00
  1.0000E+00  8.0000E+00  0.0000E+00  8.1100E+00  0.0000E+00  5.9645E+00  0.0000E+00  6.2201E-01  0.0000E+00  8.1100E+00  8.7554E+00  0.0000E+00  0.0000E+00
  1.0000E+00  1.2000E+01  0.0000E+00  5.0000E-01  0.0000E+00  5.0910E+00  0.0000E+00 -1.5593E+00  1.0000E+00  5.0000E-01  6.6686E-02  0.0000E+00  0.0000E+00
  1.0000E+00  2.4000E+01  0.0000E+00  5.0000E-01  0.0000E+00  1.8818E-01  0.0000E+00  2.8653E+00  1.0000E+00  5.0000E-01  1.0000E+00  0.0000E+00  0.0000E+00
  2.0000E+00  0.0000E+00  2.9000E+04  0.0000E+00  1.0000E+00  0.0000E+00  0.0000E+00  0.0000E+00  0.0000E+00  0.0000E+00  1.0000E+00  0.0000E+00  0.0000E+00
  2.0000E+00  0.0000E+00  2.9000E+04  0.0000E+00  1.0000E+00  0.0000E+00  0.0000E+00  0.0000E+00  0.0000E+00  0.0000E+00  1.0000E+00  0.0000E+00  0.0000E+00
  2.0000E+00  0.0000E+00  0.0000E+00  0.0000E+00  0.0000E+00  0.0000E+00  0.0000E+00  0.0000E+00  0.0000E+00  0.0000E+00  1.0000E+00  0.0000E+00  0.0000E+00
  2.0000E+00  2.5000E-01  0.0000E+00  1.2000E-01  0.0000E+00  9.2394E-01  0.0000E+00 -1.5046E+00  0.0000E+00  1.2000E-01  1.3942E-01  0.0000E+00  0.0000E+00
  2.0000E+00  5.0000E-01  0.0000E+00  1.8000E-01  0.0000E+00  1.6961E+00  0.0000E+00 -1.5456E+00  0.0000E+00  1.8000E-01  8.6804E-02  0.0000E+00  0.0000E+00
  2.0000E+00  1.0000E+00  0.0000E+00  1.4000E-01  0.0000E+00  3.4847E+00  0.0000E+00 -1.6597E+00  0.0000E+00  1.4000E-01  6.2208E-02  0.0000E+00  0.0000E+00
  2.0000E+00  2.0000E+00  0.0000E+00  1.1700E+00  0.0000E+00  5.8351E+00  0.0000E+00 -1.3824E+00  0.0000E+00  1.1700E+00  1.2820E+01  0.0000E+00  0.0000E+00
  2.0000E+00  3.0000E+00  0.0000E+00  8.4000E+00  0.0000E+00  6.9903E+00  0.0000E+00  3.4871E-01  0.0000E+00  8.4000E+00  1.3249E+01  0.0000E+00  0.0000E+00
  2.0000E+00  4.0000E+00  0.0000E+00  1.5500E+01  0.0000E+00  7.4526E+00  0.0000E+00  1.8672E+00  0.0000E+00  1.5500E+01  1.2424E+01  0.0000E+00  0.0000E+00
  2.0000E+00  6.0000E+00  0.0000E+00  8.5100E+00  0.0000E+00  7.4091E+00  0.0000E+00  2.5692E-01  0.0000E+00  8.5100E+00  1.0249E+01  0.0000E+00  0.0000E+00
  2.0000E+00  8.0000E+00  0.0000E+00  6.0400E+00  0.0000E+00  6.9610E+00  0.0000E+00 -2.2878E-01  0.0000E+00  6.0400E+00  8.7554E+00  0.0000E+00  0.0000E+00
  2.0000E+00  1.2000E+01  0.0000E+00  5.0000E-01  0.0000E+00  6.1879E+00  0.0000E+00 -1.5894E+00  1.0000E+00  5.0000E-01  6.6686E-02  0.0000E+00  0.0000E+00
  2.0000E+00  2.4000E+01  0.0000E+00  5.0000E-01  0.0000E+00  5.7864E-01  0.0000E+00 -2.3500E-01  1.0000E+00  5.0000E-01  1.0000E+00  0.0000E+00  0.0000E+00
  3.0000E+00  0.0000E+00  5.4500E+03  0.0000E+00  1.0000E+00  1.9468E+03  0.0000E+00 -1.7291E+00  0.0000E+00  0.0000E+00  4.2108E-02  0.0000E+00  0.0000E+00
  3.0000E+00  1.7000E-02  0.0000E+00  2.5500E+03  0.0000E+00  1.8932E+03  0.0000E+00  5.9986E-01  0.0000E+00  2.5500E+03  7.1029E+02  0.0000E+00  0.0000E+00
  3.0000E+00  8.3500E-02  0.0000E+00  2.1100E+03  0.0000E+00  1.6975E+03  0.0000E+00  4.2016E-01  0.0000E+00  2.1100E+03  6.8085E+02  0.0000E+00  0.0000E+00
  3.0000E+00  2.5000E-01  0.0000E+00  1.4600E+03  0.0000E+00  1.2920E+03  0.0000E+00  2.2482E-01  0.0000E+00  1.4600E+03  6.1242E+02  0.0000E+00  0.0000E+00
  3.0000E+00  5.0000E-01  0.0000E+00  8.5300E+02  0.0000E+00  8.5821E+02  0.0000E+00 -1.0490E-02  0.0000E+00  8.5300E+02  5.2244E+02  0.0000E+00  0.0000E+00
  3.0000E+00  1.0000E+00  0.0000E+00  5.5500E+02  0.0000E+00  3.8030E+02  0.0000E+00  7.9431E-01  0.0000E+00  5.5500E+02  3.8040E+02  0.0000E+00  0.0000E+00
  3.0000E+00  2.0000E+00  0.0000E+00  1.0300E+02  0.0000E+00  7.8074E+01  0.0000E+00  5.5204E-01  0.0000E+00  1.0300E+02  2.0230E+02  0.0000E+00  0.0000E+00
  3.0000E+00  4.0000E+00  0.0000E+00  7.4100E+00  0.0000E+00  7.5836E+00  0.0000E+00 -3.9579E-02  0.0000E+00  7.4100E+00  5.8630E+01  0.0000E+00  0.0000E+00
  3.0000E+00  6.0000E+00  0.0000E+00  4.4900E+00  0.0000E+00  4.0148E+00  0.0000E+00  2.0465E-01  0.0000E+00  4.4900E+00  1.8390E+01  0.0000E+00  0.0000E+00
  3.0000E+00  8.0000E+00  0.0000E+00  5.2500E+00  0.0000E+00  3.1220E+00  0.0000E+00  1.1786E+00  0.0000E+00  5.2500E+00  6.9334E+00  0.0000E+00  0.0000E+00
  3.0000E+00  1.2000E+01  0.0000E+00  2.4600E+00  0.0000E+00  1.9774E+00  0.0000E+00  4.2197E-01  0.0000E+00  2.4600E+00  2.3536E+00  0.0000E+00  0.0000E+00
  3.0000E+00  2.4000E+01  0.0000E+00  5.0000E-01  0.0000E+00  5.0423E-01  0.0000E+00 -1.4495E-02  1.0000E+00  5.0000E-01  5.9815E-01  0.0000E+00  0.0000E+00
  4.0000E+00  0.0000E+00  5.9500E+03  0.0000E+00  1.0000E+00  1.8628E+03  0.0000E+00 -1.7291E+00  0.0000E+00  0.0000E+00  4.2089E-02  0.0000E+00  0.0000E+00
  4.0000E+00  1.7000E-02  0.0000E+00  2.3000E+03  0.0000E+00  1.8077E+03  0.0000E+00  4.7092E-01  0.0000E+00  2.3000E+03  7.7545E+02  0.0000E+00  0.0000E+00
  4.0000E+00  8.3500E-02  0.0000E+00  2.0000E+03  0.0000E+00  1.6073E+03  0.0000E+00  4.2252E-01  0.0000E+00  2.0000E+03  7.4332E+02  0.0000E+00  0.0000E+00
  4.0000E+00  2.5000E-01  0.0000E+00  1.2600E+03  0.0000E+00  1.1978E+03  0.0000E+00  8.9759E-02  0.0000E+00  1.2600E+03  6.6861E+02  0.0000E+00  0.0000E+00
  4.0000E+00  5.0000E-01  0.0000E+00  7.3500E+02  0.0000E+00  7.7086E+02  0.0000E+00 -8.0437E-02  0.0000E+00  7.3500E+02  5.7037E+02  0.0000E+00  0.0000E+00
  4.0000E+00  1.0000E+00  0.0000E+00  4.3200E+02  0.0000E+00  3.2067E+02  0.0000E+00  6.0030E-01  0.0000E+00  4.3200E+02  4.1530E+02  0.0000E+00  0.0000E+00
  4.0000E+00  2.0000E+00  0.0000E+00  5.4600E+01  0.0000E+00  5.8280E+01  0.0000E+00 -1.0917E-01  0.0000E+00  5.4600E+01  2.2086E+02  0.0000E+00  0.0000E+00
  4.0000E+00  4.0000E+00  0.0000E+00  7.2500E+00  0.0000E+00  5.2373E+00  0.0000E+00  6.6452E-01  0.0000E+00  7.2500E+00  6.4009E+01  0.0000E+00  0.0000E+00
  4.0000E+00  6.0000E+00  0.0000E+00  3.6500E+00  0.0000E+00  2.9262E+00  0.0000E+00  4.2773E-01  0.0000E+00  3.6500E+00  2.0077E+01  0.0000E+00  0.0000E+00
  4.0000E+00  8.0000E+00  0.0000E+00  3.3200E+00  0.0000E+00  2.2498E+00  0.0000E+00  8.2258E-01  0.0000E+00  3.3200E+00  7.5694E+00  0.0000E+00  0.0000E+00
  4.0000E+00  1.2000E+01  0.0000E+00  1.6100E+00  0.0000E+00  1.3689E+00  0.0000E+00  3.0449E-01  0.0000E+00  1.6100E+00  2.5696E+00  0.0000E+00  0.0000E+00
  4.0000E+00  2.4000E+01  0.0000E+00  5.0000E-01  0.0000E+00  3.0894E-01  0.0000E+00  1.0693E+00  1.0000E+00  5.0000E-01  5.3283E-01  0.0000E+00  0.0000E+00
  5.0000E+00  0.0000E+00  6.1000E+03  0.0000E+00  1.0000E+00  2.4328E+03  0.0000E+00 -1.7291E+00  0.0000E+00  0.0000E+00  4.2085E-02  0.0000E+00  0.0000E+00
  5.0000E+00  1.7000E-02  0.0000E+00  2.6900E+03  0.0000E+00  2.3545E+03  0.0000E+00  2.4636E-01  0.0000E+00  2.6900E+03  7.9500E+02  0.0000E+00  0.0000E+00
  5.0000E+00  8.3500E-02  0.0000E+00  2.0500E+03  0.0000E+00  2.0720E+03  0.0000E+00 -1.8321E-02  0.0000E+00  2.0500E+03  7.6206E+02  0.0000E+00  0.0000E+00
  5.0000E+00  2.5000E-01  0.0000E+00  1.1600E+03  0.0000E+00  1.5048E+03  0.0000E+00 -3.9624E-01  0.0000E+00  1.1600E+03  6.8547E+02  0.0000E+00  0.0000E+00
  5.0000E+00  5.0000E-01  0.0000E+00  8.2000E+02  0.0000E+00  9.3200E+02  0.0000E+00 -2.0780E-01  0.0000E+00  8.2000E+02  5.8475E+02  0.0000E+00  0.0000E+00
  5.0000E+00  1.0000E+00  0.0000E+00  4.5600E+02  0.0000E+00  3.5998E+02  0.0000E+00  4.6124E-01  0.0000E+00  4.5600E+02  4.2577E+02  0.0000E+00  0.0000E+00
  5.0000E+00  2.0000E+00  0.0000E+00  5.7800E+01  0.0000E+00  5.8318E+01  0.0000E+00 -1.5367E-02  0.0000E+00  5.7800E+01  2.2643E+02  0.0000E+00  0.0000E+00
  5.0000E+00  4.0000E+00  0.0000E+00  6.8700E+00  0.0000E+00  6.6140E+00  0.0000E+00  6.6924E-02  0.0000E+00  6.8700E+00  6.5622E+01  0.0000E+00  0.0000E+00
  5.0000E+00  6.0000E+00  0.0000E+00  6.0500E+00  0.0000E+00  4.2249E+00  0.0000E+00  7.4695E-01  0.0000E+00  6.0500E+00  2.0583E+01  0.0000E+00  0.0000E+00
  5.0000E+00  8.0000E+00  0.0000E+00  6.1100E+00  0.0000E+00  3.1881E+00  0.0000E+00  1.5848E+00  0.0000E+00  6.1100E+00  7.7603E+00  0.0000E+00  0.0000E+00
  5.0000E+00  1.2000E+01  0.0000E+00  1.7100E+00  0.0000E+00  1.8341E+00  0.0000E+00 -1.1700E-01  0.0000E+00  1.7100E+00  2.6343E+00  0.0000E+00  0.0000E+00
  5.0000E+00  2.4000E+01  0.0000E+00  5.0000E-01  0.0000E+00  3.4937E-01  0.0000E+00  7.4549E-01  1.0000E+00  5.0000E-01  5.1509E-01  0.0000E+00  0.0000E+00
  6.0000E+00  0.0000E+00  2.1800E+04  0.0000E+00  1.0000E+00  0.0000E+00  0.0000E+00  0.0000E+00  0.0000E+00  0.0000E+00  1.0000E+00  0.0000E+00  0.0000E+00
  6.0000E+00  0.0000E+00  2.1800E+04  0.0000E+00  1.0000E+00  0.0000E+00  0.0000E+00  0.0000E+00  0.0000E+00  0.0000E+00  1.0000E+00  0.0000E+00  0.0000E+00
  6.0000E+00  0.0000E+00  0.0000E+00  0.0000E+00  0.0000E+00  0.0000E+00  0.0000E+00  0.0000E+00  0.0000E+00  0.0000E+00  1.0000E+00  0.0000E+00  0.0000E+00
  6.0000E+00  2.5000E-01  0.0000E+00  0.0000E+00  0.0000E+00  1.4970E+00  0.0000E+00 -1.7291E+00  0.0000E+00  0.0000E+00  1.9229E-01  0.0000E+00  0.0000E+00
  6.0000E+00  5.0000E-01  0.0000E+00  1.3900E+00  0.0000E+00  2.6463E+00  0.0000E+00 -8.2088E-01  0.0000E+00  1.3900E+00  3.5279E+00  0.0000E+00  0.0000E+00
  6.0000E+00  1.0000E+00  0.0000E+00  9.5800E+00  0.0000E+00  5.1221E+00  0.0000E+00  1.5049E+00  0.0000E+00  9.5800E+00  6.7475E+00  0.0000E+00  0.0000E+00
  6.0000E+00  2.0000E+00  0.0000E+00  9.5100E+00  0.0000E+00  7.5060E+00  0.0000E+00  4.6167E-01  0.0000E+00  9.5100E+00  9.6375E+00  0.0000E+00  0.0000E+00
  6.0000E+00  4.0000E+00  0.0000E+00  4.9900E+00  0.0000E+00  7.5641E+00  0.0000E+00 -5.8843E-01  0.0000E+00  4.9900E+00  9.3392E+00  0.0000E+00  0.0000E+00
  6.0000E+00  6.0000E+00  0.0000E+00  3.2100E+00  0.0000E+00  6.3610E+00  0.0000E+00 -8.5655E-01  0.0000E+00  3.2100E+00  7.7047E+00  0.0000E+00  0.0000E+00
  6.0000E+00  8.0000E+00  0.0000E+00  9.1800E+00  0.0000E+00  5.4528E+00  0.0000E+00  1.1819E+00  0.0000E+00  9.1800E+00  6.5816E+00  0.0000E+00  0.0000E+00
  6.0000E+00  1.2000E+01  0.0000E+00  3.8300E+00  0.0000E+00  4.6804E+00  0.0000E+00 -3.1416E-01  0.0000E+00  3.8300E+00  5.6959E+00  0.0000E+00  0.0000E+00
  6.0000E+00  2.4000E+01  0.0000E+00  5.0000E-01  0.0000E+00  1.1183E-01  0.0000E+00  6.0017E+00  1.0000E+00  5.0000E-01  1.0000E+00  0.0000E+00  0.0000E+00
  7.0000E+00  0.0000E+00  2.3800E+04  0.0000E+00  1.0000E+00  0.0000E+00  0.0000E+00  0.0000E+00  0.0000E+00  0.0000E+00  1.0000E+00  0.0000E+00  0.0000E+00
  7.0000E+00  0.0000E+00  2.3800E+04  0.0000E+00  1.0000E+00  0.0000E+00  0.0000E+00  0.0000E+00  0.0000E+00  0.0000E+00  1.0000E+00  0.0000E+00  0.0000E+00
  7.0000E+00  0.0000E+00  0.0000E+00  0.0000E+00  0.0000E+00  0.0000E+00  0.0000E+00  0.0000E+00  0.0000E+00  0.0000E+00  1.0000E+00  0.0000E+00  0.0000E+00
  7.0000E+00  2.5000E-01  0.0000E+00  2.7200E+00  0.0000E+00  2.5905E+00  0.0000E+00  8.6465E-02  0.0000E+00  2.7200E+00  2.1960E+00  0.0000E+00  0.0000E+00
  7.0000E+00  5.0000E-01  0.0000E+00  3.0600E+00  0.0000E+00  4.4042E+00  0.0000E+00 -5.2776E-01  0.0000E+00  3.0600E+00  3.8516E+00  0.0000E+00  0.0000E+00
  7.0000E+00  1.0000E+00  0.0000E+00  5.3900E+00  0.0000E+00  8.0452E+00  0.0000E+00 -5.7068E-01  0.0000E+00  5.3900E+00  7.3665E+00  0.0000E+00  0.0000E+00
  7.0000E+00  2.0000E+00  0.0000E+00  2.4700E+01  0.0000E+00  1.0445E+01  0.0000E+00  2.3600E+00  0.0000E+00  2.4700E+01  1.0522E+01  0.0000E+00  0.0000E+00
  7.0000E+00  4.0000E+00  0.0000E+00  3.7600E+00  0.0000E+00  8.8897E+00  0.0000E+00 -9.9778E-01  0.0000E+00  3.7600E+00  1.0196E+01  0.0000E+00  0.0000E+00
  7.0000E+00  6.0000E+00  0.0000E+00  3.1900E+00  0.0000E+00  6.9868E+00  0.0000E+00 -9.3966E-01  0.0000E+00  3.1900E+00  8.4116E+00  0.0000E+00  0.0000E+00
  7.0000E+00  8.0000E+00  0.0000E+00  6.4300E+00  0.0000E+00  5.9621E+00  0.0000E+00  1.3571E-01  0.0000E+00  6.4300E+00  7.1854E+00  0.0000E+00  0.0000E+00
  7.0000E+00  1.2000E+01  0.0000E+00  4.9200E+00  0.0000E+00  5.2808E+00  0.0000E+00 -1.1813E-01  0.0000E+00  4.9200E+00  6.2184E+00  0.0000E+00  0.0000E+00
  7.0000E+00  2.4000E+01  0.0000E+00  5.0000E-01  0.0000E+00  1.0243E-01  0.0000E+00  6.7116E+00  1.0000E+00  5.0000E-01  1.0000E+00  0.0000E+00  0.0000E+00
  8.0000E+00  0.0000E+00  2.4400E+04  0.0000E+00  1.0000E+00  0.0000E+00  0.0000E+00  0.0000E+00  0.0000E+00  0.0000E+00  1.0000E+00  0.0000E+00  0.0000E+00
  8.0000E+00  0.0000E+00  2.4400E+04  0.0000E+00  1.0000E+00  0.0000E+00  0.0000E+00  0.0000E+00  0.0000E+00  0.0000E+00  1.0000E+00  0.0000E+00  0.0000E+00
  8.0000E+00  0.0000E+00  0.0000E+00  0.0000E+00  0.0000E+00  0.0000E+00  0.0000E+00  0.0000E+00  0.0000E+00  0.0000E+00  1.0000E+00  0.0000E+00  0.0000E+00
  8.0000E+00  2.5000E-01  0.0000E+00  4.4400E+00  0.0000E+00  4.6082E+00  0.0000E+00 -6.3132E-02  0.0000E+00  4.4400E+00  2.2514E+00  0.0000E+00  0.0000E+00
  8.0000E+00  5.0000E-01  0.0000E+00  9.7200E+00  0.0000E+00  6.7525E+00  0.0000E+00  7.5990E-01  0.0000E+00  9.7200E+00  3.9487E+00  0.0000E+00  0.0000E+00
  8.0000E+00  1.0000E+00  0.0000E+00  1.7700E+01  0.0000E+00  1.0269E+01  0.0000E+00  1.2512E+00  0.0000E+00  1.7700E+01  7.5522E+00  0.0000E+00  0.0000E+00
  8.0000E+00  2.0000E+00  0.0000E+00  7.3400E+00  0.0000E+00  9.7624E+00  0.0000E+00 -4.2906E-01  0.0000E+00  7.3400E+00  1.0787E+01  0.0000E+00  0.0000E+00
  8.0000E+00  4.0000E+00  0.0000E+00  4.9900E+00  0.0000E+00  6.7178E+00  0.0000E+00 -4.4472E-01  0.0000E+00  4.9900E+00  1.0453E+01  0.0000E+00  0.0000E+00
  8.0000E+00  6.0000E+00  0.0000E+00  6.1800E+00  0.0000E+00  5.2801E+00  0.0000E+00  2.9472E-01  0.0000E+00  6.1800E+00  8.6236E+00  0.0000E+00  0.0000E+00
  8.0000E+00  8.0000E+00  0.0000E+00  4.5600E+00  0.0000E+00  4.6579E+00  0.0000E+00 -3.6337E-02  0.0000E+00  4.5600E+00  7.3666E+00  0.0000E+00  0.0000E+00
  8.0000E+00  1.2000E+01  0.0000E+00  5.4200E+00  0.0000E+00  4.2767E+00  0.0000E+00  4.6227E-01  0.0000E+00  5.4200E+00  6.3752E+00  0.0000E+00  0.0000E+00
  8.0000E+00  2.4000E+01  0.0000E+00  5.0000E-01  0.0000E+00  6.0183E-02  0.0000E+00  1.2636E+01  1.0000E+00  5.0000E-01  1.0000E+00  0.0000E+00  0.0000E+00
  9.0000E+00  0.0000E+00  6.5700E+04  0.0000E+00  1.0000E+00  0.0000E+00  0.0000E+00  0.0000E+00  0.0000E+00  0.0000E+00  1.0000E+00  0.0000E+00  0.0000E+00
  9.0000E+00  0.0000E+00  6.5700E+04  0.0000E+00  1.0000E+00  0.0000E+00  0.0000E+00  0.0000E+00  0.0000E+00  0.0000E+00  1.0000E+00  0.0000E+00  0.0000E+00
  9.0000E+00  0.0000E+00  0.0000E+00  0.0000E+00  0.0000E+00  0.0000E+00  0.0000E+00  0.0000E+00  0.0000E+00  0.0000E+00  1.0000E+00  0.0000E+00  0.0000E+00
  9.0000E+00  2.5000E-01  0.0000E+00  6.1100E+01  0.0000E+00  4.7742E+01  0.0000E+00  4.8380E-01  0.0000E+00  6.1100E+01  6.0621E+00  0.0000E+00  0.0000E+00
  9.0000E+00  5.0000E-01  0.0000E+00  1.5100E+02  0.0000E+00  5.3539E+01  0.0000E+00  3.1477E+00  0.0000E+00  1.5100E+02  1.0632E+01  0.0000E+00  0.0000E+00
  9.0000E+00  1.0000E+00  0.0000E+00  6.1800E+01  0.0000E+00  6.8437E+01  0.0000E+00 -1.6769E-01  0.0000E+00  6.1800E+01  2.0335E+01  0.0000E+00  0.0000E+00
  9.0000E+00  2.0000E+00  0.0000E+00  2.9100E+01  0.0000E+00  5.4605E+01  0.0000E+00 -8.0765E-01  0.0000E+00  2.9100E+01  2.9045E+01  0.0000E+00  0.0000E+00
  9.0000E+00  4.0000E+00  0.0000E+00  1.2200E+01  0.0000E+00  3.7685E+01  0.0000E+00 -1.1694E+00  0.0000E+00  1.2200E+01  2.8146E+01  0.0000E+00  0.0000E+00
  9.0000E+00  6.0000E+00  0.0000E+00  3.5300E+01  0.0000E+00  3.0387E+01  0.0000E+00  2.7958E-01  0.0000E+00  3.5300E+01  2.3220E+01  0.0000E+00  0.0000E+00
  9.0000E+00  8.0000E+00  0.0000E+00  3.1900E+01  0.0000E+00  2.7262E+01  0.0000E+00  2.9420E-01  0.0000E+00  3.1900E+01  1.9835E+01  0.0000E+00  0.0000E+00
  9.0000E+00  1.2000E+01  0.0000E+00  2.0000E+01  0.0000E+00  2.5405E+01  0.0000E+00 -3.6788E-01  0.0000E+00  2.0000E+01  1.7166E+01  0.0000E+00  0.0000E+00
  9.0000E+00  2.4000E+01  0.0000E+00  5.0000E-01  0.0000E+00  7.5215E-01  0.0000E+00 -5.7967E-01  1.0000E+00  5.0000E-01  9.8526E-01  0.0000E+00  0.0000E+00
  1.0000E+01  0.0000E+00  7.0500E+04  0.0000E+00  1.0000E+00  0.0000E+00  0.0000E+00  0.0000E+00  0.0000E+00  0.0000E+00  1.0000E+00  0.0000E+00  0.0000E+00
  1.0000E+01  0.0000E+00  7.0500E+04  0.0000E+00  1.0000E+00  0.0000E+00  0.0000E+00  0.0000E+00  0.0000E+00  0.0000E+00  1.0000E+00  0.0000E+00  0.0000E+00
  1.0000E+01  0.0000E+00  0.0000E+00  0.0000E+00  0.0000E+00  0.0000E+00  0.0000E+00  0.0000E+00  0.0000E+00  0.0000E+00  1.0000E+00  0.0000E+00  0.0000E+00
  1.0000E+01  2.5000E-01  0.0000E+00  7.4900E+00  0.0000E+00  7.5654E+00  0.0000E+00 -1.7229E-02  0.0000E+00  7.4900E+00  6.5049E+00  0.0000E+00  0.0000E+00
  1.0000E+01  5.0000E-01  0.0000E+00  1.1400E+01  0.0000E+00  1.3619E+01  0.0000E+00 -2.8170E-01  0.0000E+00  1.1400E+01  1.1409E+01  0.0000E+00  0.0000E+00
  1.0000E+01  1.0000E+00  0.0000E+00  4.4700E+01  0.0000E+00  2.7117E+01  0.0000E+00  1.1212E+00  0.0000E+00  4.4700E+01  2.1821E+01  0.0000E+00  0.0000E+00
  1.0000E+01  2.0000E+00  0.0000E+00  4.1200E+01  0.0000E+00  4.2303E+01  0.0000E+00 -4.5077E-02  0.0000E+00  4.1200E+01  3.1167E+01  0.0000E+00  0.0000E+00
  1.0000E+01  4.0000E+00  0.0000E+00  4.5400E+01  0.0000E+00  4.7425E+01  0.0000E+00 -7.3818E-02  0.0000E+00  4.5400E+01  3.0202E+01  0.0000E+00  0.0000E+00
  1.0000E+01  6.0000E+00  0.0000E+00  7.5200E+01  0.0000E+00  4.2717E+01  0.0000E+00  1.3149E+00  0.0000E+00  7.5200E+01  2.4917E+01  0.0000E+00  0.0000E+00
  1.0000E+01  8.0000E+00  0.0000E+00  7.7200E+01  0.0000E+00  3.7787E+01  0.0000E+00  1.8035E+00  0.0000E+00  7.7200E+01  2.1285E+01  0.0000E+00  0.0000E+00
  1.0000E+01  1.2000E+01  0.0000E+00  4.3900E+01  0.0000E+00  3.2553E+01  0.0000E+00  6.0269E-01  0.0000E+00  4.3900E+01  1.8420E+01  0.0000E+00  0.0000E+00
  1.0000E+01  2.4000E+01  0.0000E+00  5.0000E-01  0.0000E+00  1.8846E+00  0.0000E+00 -1.2704E+00  1.0000E+00  5.0000E-01  9.7200E-01  0.0000E+00  0.0000E+00
  1.1000E+01  0.0000E+00  7.8600E+04  0.0000E+00  1.0000E+00  0.0000E+00  0.0000E+00  0.0000E+00  0.0000E+00  0.0000E+00  1.0000E+00  0.0000E+00  0.0000E+00
  1.1000E+01  0.0000E+00  7.8600E+04  0.0000E+00  1.0000E+00  0.0000E+00  0.0000E+00  0.0000E+00  0.0000E+00  0.0000E+00  1.0000E+00  0.0000E+00  0.0000E+00
  1.1000E+01  0.0000E+00  0.0000E+00  0.0000E+00  0.0000E+00  0.0000E+00  0.0000E+00  0.0000E+00  0.0000E+00  0.0000E+00  1.0000E+00  0.0000E+00  0.0000E+00
  1.1000E+01  2.5000E-01  0.0000E+00  4.7300E+00  0.0000E+00  9.8601E+00  0.0000E+00 -8.9965E-01  0.0000E+00  4.7300E+00  7.2523E+00  0.0000E+00  0.0000E+00
  1.1000E+01  5.0000E-01  0.0000E+00  8.1400E+00  0.0000E+00  1.7201E+01  0.0000E+00 -9.1089E-01  0.0000E+00  8.1400E+00  1.2720E+01  0.0000E+00  0.0000E+00
  1.1000E+01  1.0000E+00  0.0000E+00  1.2200E+01  0.0000E+00  3.2635E+01  0.0000E+00 -1.0827E+00  0.0000E+00  1.2200E+01  2.4328E+01  0.0000E+00  0.0000E+00
  1.1000E+01  2.0000E+00  0.0000E+00  1.1000E+02  0.0000E+00  4.5824E+01  0.0000E+00  2.4216E+00  0.0000E+00  1.1000E+02  3.4748E+01  0.0000E+00  0.0000E+00
  1.1000E+01  4.0000E+00  0.0000E+00  1.7000E+01  0.0000E+00  4.3312E+01  0.0000E+00 -1.0504E+00  0.0000E+00  1.7000E+01  3.3672E+01  0.0000E+00  0.0000E+00
  1.1000E+01  6.0000E+00  0.0000E+00  1.3500E+01  0.0000E+00  3.5348E+01  0.0000E+00 -1.0688E+00  0.0000E+00  1.3500E+01  2.7779E+01  0.0000E+00  0.0000E+00
  1.1000E+01  8.0000E+00  0.0000E+00  4.1300E+01  0.0000E+00  3.0174E+01  0.0000E+00  6.3758E-01  0.0000E+00  4.1300E+01  2.3730E+01  0.0000E+00  0.0000E+00
  1.1000E+01  1.2000E+01  0.0000E+00  4.7700E+01  0.0000E+00  2.6284E+01  0.0000E+00  1.4089E+00  0.0000E+00  4.7700E+01  2.0536E+01  0.0000E+00  0.0000E+00
  1.1000E+01  2.4000E+01  0.0000E+00  5.0000E-01  0.0000E+00  8.0536E-01  0.0000E+00 -6.5562E-01  1.0000E+00  5.0000E-01  9.3772E-01  0.0000E+00  0.0000E+00
  1.2000E+01  0.0000E+00  6.4500E+04  0.0000E+00  1.0000E+00  0.0000E+00  0.0000E+00  0.0000E+00  0.0000E+00  0.0000E+00  1.0000E+00  0.0000E+00  0.0000E+00
  1.2000E+01  0.0000E+00  6.4500E+04  0.0000E+00  1.0000E+00  0.0000E+00  0.0000E+00  0.0000E+00  0.0000E+00  0.0000E+00  1.0000E+00  0.0000E+00  0.0000E+00
  1.2000E+01  0.0000E+00  0.0000E+00  0.0000E+00  0.0000E+00  0.0000E+00  0.0000E+00  0.0000E+00  0.0000E+00  0.0000E+00  1.0000E+00  0.0000E+00  0.0000E+00
  1.2000E+01  2.5000E-01  0.0000E+00  0.0000E+00  0.0000E+00  5.8693E-01  0.0000E+00 -1.7291E+00  0.0000E+00  0.0000E+00  7.5133E-02  0.0000E+00  0.0000E+00
  1.2000E+01  5.0000E-01  0.0000E+00  0.0000E+00  0.0000E+00  1.1048E+00  0.0000E+00 -1.7291E+00  0.0000E+00  0.0000E+00  5.8969E-02  0.0000E+00  0.0000E+00
  1.2000E+01  1.0000E+00  0.0000E+00  1.6800E+00  0.0000E+00  2.3658E+00  0.0000E+00 -5.0123E-01  0.0000E+00  1.6800E+00  1.9964E+01  0.0000E+00  0.0000E+00
  1.2000E+01  2.0000E+00  0.0000E+00  4.5500E+00  0.0000E+00  4.3644E+00  0.0000E+00  7.3528E-02  0.0000E+00  4.5500E+00  2.8515E+01  0.0000E+00  0.0000E+00
  1.2000E+01  4.0000E+00  0.0000E+00  8.0700E+00  0.0000E+00  6.8003E+00  0.0000E+00  3.2285E-01  0.0000E+00  8.0700E+00  2.7632E+01  0.0000E+00  0.0000E+00
  1.2000E+01  6.0000E+00  0.0000E+00  1.6500E+01  0.0000E+00  8.1360E+00  0.0000E+00  1.7776E+00  0.0000E+00  1.6500E+01  2.2796E+01  0.0000E+00  0.0000E+00
  1.2000E+01  8.0000E+00  0.0000E+00  8.9500E+00  0.0000E+00  8.9580E+00  0.0000E+00 -1.5531E-03  0.0000E+00  8.9500E+00  1.9473E+01  0.0000E+00  0.0000E+00
  1.2000E+01  1.2000E+01  0.0000E+00  9.3700E+00  0.0000E+00  9.9557E+00  0.0000E+00 -1.0173E-01  0.0000E+00  9.3700E+00  1.6852E+01  0.0000E+00  0.0000E+00
  1.2000E+01  2.4000E+01  0.0000E+00  1.8200E+00  0.0000E+00  5.2192E+00  0.0000E+00 -1.1262E+00  0.0000E+00  1.8200E+00  4.3459E-01  0.0000E+00  0.0000E+00
  1.3000E+01  0.0000E+00  6.6900E+04  0.0000E+00  1.0000E+00  0.0000E+00  0.0000E+00  0.0000E+00  0.0000E+00  0.0000E+00  1.0000E+00  0.0000E+00  0.0000E+00
  1.3000E+01  0.0000E+00  6.6900E+04  0.0000E+00  1.0000E+00  0.0000E+00  0.0000E+00  0.0000E+00  0.0000E+00  0.0000E+00  1.0000E+00  0.0000E+00  0.0000E+00
  1.3000E+01  0.0000E+00  0.0000E+00  0.0000E+00  0.0000E+00  0.0000E+00  0.0000E+00  0.0000E+00  0.0000E+00  0.0000E+00  1.0000E+00  0.0000E+00  0.0000E+00
  1.3000E+01  2.5000E-01  0.0000E+00  2.8600E+00  0.0000E+00  2.2285E+00  0.0000E+00  4.8995E-01  0.0000E+00  2.8600E+00  6.1728E+00  0.0000E+00  0.0000E+00
  1.3000E+01  5.0000E-01  0.0000E+00  5.9700E+00  0.0000E+00  4.0797E+00  0.0000E+00  8.0118E-01  0.0000E+00  5.9700E+00  1.0827E+01  0.0000E+00  0.0000E+00
  1.3000E+01  1.0000E+00  0.0000E+00  9.6700E+00  0.0000E+00  8.3442E+00  0.0000E+00  2.7474E-01  0.0000E+00  9.6700E+00  2.0707E+01  0.0000E+00  0.0000E+00
  1.3000E+01  2.0000E+00  0.0000E+00  8.9800E+00  0.0000E+00  1.3828E+01  0.0000E+00 -6.0626E-01  0.0000E+00  8.9800E+00  2.9576E+01  0.0000E+00  0.0000E+00
  1.3000E+01  4.0000E+00  0.0000E+00  1.7100E+01  0.0000E+00  1.7311E+01  0.0000E+00 -2.1109E-02  0.0000E+00  1.7100E+01  2.8660E+01  0.0000E+00  0.0000E+00
  1.3000E+01  6.0000E+00  0.0000E+00  2.7500E+01  0.0000E+00  1.6924E+01  0.0000E+00  1.0805E+00  0.0000E+00  2.7500E+01  2.3644E+01  0.0000E+00  0.0000E+00
  1.3000E+01  8.0000E+00  0.0000E+00  1.5000E+01  0.0000E+00  1.5709E+01  0.0000E+00 -7.8029E-02  0.0000E+00  1.5000E+01  2.0198E+01  0.0000E+00  0.0000E+00
  1.3000E+01  1.2000E+01  0.0000E+00  7.1400E+00  0.0000E+00  1.3812E+01  0.0000E+00 -8.3526E-01  0.0000E+00  7.1400E+00  1.7480E+01  0.0000E+00  0.0000E+00
  1.3000E+01  2.4000E+01  0.0000E+00  1.4000E+00  0.0000E+00  1.0950E+00  0.0000E+00  4.8157E-01  0.0000E+00  1.4000E+00  4.5076E-01  0.0000E+00  0.0000E+00
  1.4000E+01  0.0000E+00  7.7400E+04  0.0000E+00  1.0000E+00  0.0000E+00  0.0000E+00  0.0000E+00  0.0000E+00  0.0000E+00  1.0000E+00  0.0000E+00  0.0000E+00
  1.4000E+01  0.0000E+00  7.7400E+04  0.0000E+00  1.0000E+00  0.0000E+00  0.0000E+00  0.0000E+00  0.0000E+00  0.0000E+00  1.0000E+00  0.0000E+00  0.0000E+00
  1.4000E+01  0.0000E+00  0.0000E+00  0.0000E+00  0.0000E+00  0.0000E+00  0.0000E+00  0.0000E+00  0.0000E+00  0.0000E+00  1.0000E+00  0.0000E+00  0.0000E+00
  1.4000E+01  2.5000E-01  0.0000E+00  0.0000E+00  0.0000E+00  1.1547E+00  0.0000E+00 -1.7291E+00  0.0000E+00  0.0000E+00  6.8505E-02  0.0000E+00  0.0000E+00
  1.4000E+01  5.0000E-01  0.0000E+00  0.0000E+00  0.0000E+00  2.1372E+00  0.0000E+00 -1.7291E+00  0.0000E+00  0.0000E+00  5.5794E-02  0.0000E+00  0.0000E+00
  1.4000E+01  1.0000E+00  0.0000E+00  5.9400E+00  0.0000E+00  4.4501E+00  0.0000E+00  5.7892E-01  0.0000E+00  5.9400E+00  2.3957E+01  0.0000E+00  0.0000E+00
  1.4000E+01  2.0000E+00  0.0000E+00  9.3600E+00  0.0000E+00  7.6856E+00  0.0000E+00  3.7672E-01  0.0000E+00  9.3600E+00  3.4217E+01  0.0000E+00  0.0000E+00
  1.4000E+01  4.0000E+00  0.0000E+00  8.7400E+00  0.0000E+00  1.0435E+01  0.0000E+00 -2.8083E-01  0.0000E+00  8.7400E+00  3.3158E+01  0.0000E+00  0.0000E+00
  1.4000E+01  6.0000E+00  0.0000E+00  1.6700E+01  0.0000E+00  1.0940E+01  0.0000E+00  9.1029E-01  0.0000E+00  1.6700E+01  2.7355E+01  0.0000E+00  0.0000E+00
  1.4000E+01  8.0000E+00  0.0000E+00  8.7500E+00  0.0000E+00  1.0709E+01  0.0000E+00 -3.1626E-01  0.0000E+00  8.7500E+00  2.3368E+01  0.0000E+00  0.0000E+00
  1.4000E+01  1.2000E+01  0.0000E+00  3.6200E+00  0.0000E+00  9.9463E+00  0.0000E+00 -1.0998E+00  0.0000E+00  3.6200E+00  2.0223E+01  0.0000E+00  0.0000E+00
  1.4000E+01  2.4000E+01  0.0000E+00  1.4600E+00  0.0000E+00  1.4864E+00  0.0000E+00 -3.0725E-02  0.0000E+00  1.4600E+00  5.2151E-01  0.0000E+00  0.0000E+00
  1.5000E+01  0.0000E+00  2.2700E+05  0.0000E+00  1.0000E+00  0.0000E+00  0.0000E+00  0.0000E+00  0.0000E+00  0.0000E+00  1.0000E+00  0.0000E+00  0.0000E+00
  1.5000E+01  0.0000E+00  2.2700E+05  0.0000E+00  1.0000E+00  0.0000E+00  0.0000E+00  0.0000E+00  0.0000E+00  0.0000E+00  1.0000E+00  0.0000E+00  0.0000E+00
  1.5000E+01  0.0000E+00  0.0000E+00  0.0000E+00  0.0000E+00  0.0000E+00  0.0000E+00  0.0000E+00  0.0000E+00  0.0000E+00  1.0000E+00  0.0000E+00  0.0000E+00
  1.5000E+01  2.5000E-01  0.0000E+00  1.1600E+01  0.0000E+00  1.5481E+01  0.0000E+00 -4.3351E-01  0.0000E+00  1.1600E+01  2.0945E+01  0.0000E+00  0.0000E+00
  1.5000E+01  5.0000E-01  0.0000E+00  4.0600E+01  0.0000E+00  2.6659E+01  0.0000E+00  9.0419E-01  0.0000E+00  4.0600E+01  3.6736E+01  0.0000E+00  0.0000E+00
  1.5000E+01  1.0000E+00  0.0000E+00  7.2100E+01  0.0000E+00  4.9610E+01  0.0000E+00  7.8390E-01  0.0000E+00  7.2100E+01  7.0260E+01  0.0000E+00  0.0000E+00
  1.5000E+01  2.0000E+00  0.0000E+00  3.9700E+01  0.0000E+00  6.6873E+01  0.0000E+00 -7.0262E-01  0.0000E+00  3.9700E+01  1.0035E+02  0.0000E+00  0.0000E+00
  1.5000E+01  4.0000E+00  0.0000E+00  4.5700E+01  0.0000E+00  5.9619E+01  0.0000E+00 -4.0369E-01  0.0000E+00  4.5700E+01  9.7247E+01  0.0000E+00  0.0000E+00
  1.5000E+01  6.0000E+00  0.0000E+00  6.1800E+01  0.0000E+00  4.7425E+01  0.0000E+00  5.2412E-01  0.0000E+00  6.1800E+01  8.0228E+01  0.0000E+00  0.0000E+00
  1.5000E+01  8.0000E+00  0.0000E+00  5.6100E+01  0.0000E+00  4.0291E+01  0.0000E+00  6.7844E-01  0.0000E+00  5.6100E+01  6.8533E+01  0.0000E+00  0.0000E+00
  1.5000E+01  1.2000E+01  0.0000E+00  2.7000E+01  0.0000E+00  3.5271E+01  0.0000E+00 -4.0548E-01  0.0000E+00  2.7000E+01  5.9310E+01  0.0000E+00  0.0000E+00
  1.5000E+01  2.4000E+01  0.0000E+00  5.0000E-01  0.0000E+00  5.0594E-01  0.0000E+00 -2.0309E-02  1.0000E+00  5.0000E-01  2.7472E-01  0.0000E+00  0.0000E+00
  1.6000E+01  0.0000E+00  2.1500E+05  0.0000E+00  1.0000E+00  0.0000E+00  0.0000E+00  0.0000E+00  0.0000E+00  0.0000E+00  1.0000E+00  0.0000E+00  0.0000E+00
  1.6000E+01  0.0000E+00  2.1500E+05  0.0000E+00  1.0000E+00  0.0000E+00  0.0000E+00  0.0000E+00  0.0000E+00  0.0000E+00  1.0000E+00  0.0000E+00  0.0000E+00
  1.6000E+01  0.0000E+00  0.0000E+00  0.0000E+00  0.0000E+00  0.0000E+00  0.0000E+00  0.0000E+00  0.0000E+00  0.0000E+00  1.0000E+00  0.0000E+00  0.0000E+00
  1.6000E+01  2.5000E-01  0.0000E+00  6.4700E+00  0.0000E+00  2.5074E+01  0.0000E+00 -1.2830E+00  0.0000E+00  6.4700E+00  1.9838E+01  0.0000E+00  0.0000E+00
  1.6000E+01  5.0000E-01  0.0000E+00  1.1400E+01  0.0000E+00  4.5321E+01  0.0000E+00 -1.2942E+00  0.0000E+00  1.1400E+01  3.4794E+01  0.0000E+00  0.0000E+00
  1.6000E+01  1.0000E+00  0.0000E+00  1.5500E+02  0.0000E+00  9.0829E+01  0.0000E+00  1.2217E+00  0.0000E+00  1.5500E+02  6.6546E+01  0.0000E+00  0.0000E+00
  1.6000E+01  2.0000E+00  0.0000E+00  1.9400E+02  0.0000E+00  1.4380E+02  0.0000E+00  6.0370E-01  0.0000E+00  1.9400E+02  9.5048E+01  0.0000E+00  0.0000E+00
  1.6000E+01  4.0000E+00  0.0000E+00  8.8000E+01  0.0000E+00  1.6567E+02  0.0000E+00 -8.1064E-01  0.0000E+00  8.8000E+01  9.2106E+01  0.0000E+00  0.0000E+00
  1.6000E+01  6.0000E+00  0.0000E+00  3.2400E+02  0.0000E+00  1.5237E+02  0.0000E+00  1.9477E+00  0.0000E+00  3.2400E+02  7.5987E+01  0.0000E+00  0.0000E+00
  1.6000E+01  8.0000E+00  0.0000E+00  2.5300E+02  0.0000E+00  1.3655E+02  0.0000E+00  1.4747E+00  0.0000E+00  2.5300E+02  6.4910E+01  0.0000E+00  0.0000E+00
  1.6000E+01  1.2000E+01  0.0000E+00  7.2500E+01  0.0000E+00  1.1859E+02  0.0000E+00 -6.7203E-01  0.0000E+00  7.2500E+01  5.6175E+01  0.0000E+00  0.0000E+00
  1.6000E+01  2.4000E+01  0.0000E+00  5.0000E-01  0.0000E+00  8.6696E+00  0.0000E+00 -1.6294E+00  1.0000E+00  5.0000E-01  2.9615E-01  0.0000E+00  0.0000E+00
  1.7000E+01  0.0000E+00  2.4900E+05  0.0000E+00  1.0000E+00  0.0000E+00  0.0000E+00  0.0000E+00  0.0000E+00  0.0000E+00  1.0000E+00  0.0000E+00  0.0000E+00
  1.7000E+01  0.0000E+00  2.4900E+05  0.0000E+00  1.0000E+00  0.0000E+00  0.0000E+00  0.0000E+00  0.0000E+00  0.0000E+00  1.0000E+00  0.0000E+00  0.0000E+00
  1.7000E+01  0.0000E+00  0.0000E+00  0.0000E+00  0.0000E+00  0.0000E+00  0.0000E+00  0.0000E+00  0.0000E+00  0.0000E+00  1.0000E+00  0.0000E+00  0.0000E+00
  1.7000E+01  2.5000E-01  0.0000E+00  1.0800E+01  0.0000E+00  1.0798E+01  0.0000E+00  2.6633E-04  0.0000E+00  1.0800E+01  2.2975E+01  0.0000E+00  0.0000E+00
  1.7000E+01  5.0000E-01  0.0000E+00  1.7400E+01  0.0000E+00  1.9466E+01  0.0000E+00 -1.8355E-01  0.0000E+00  1.7400E+01  4.0296E+01  0.0000E+00  0.0000E+00
  1.7000E+01  1.0000E+00  0.0000E+00  4.2300E+01  0.0000E+00  3.8846E+01  0.0000E+00  1.5374E-01  0.0000E+00  4.2300E+01  7.7070E+01  0.0000E+00  0.0000E+00
  1.7000E+01  2.0000E+00  0.0000E+00  4.8500E+01  0.0000E+00  6.0880E+01  0.0000E+00 -3.5162E-01  0.0000E+00  4.8500E+01  1.1008E+02  0.0000E+00  0.0000E+00
  1.7000E+01  4.0000E+00  0.0000E+00  5.4500E+01  0.0000E+00  6.8686E+01  0.0000E+00 -3.5712E-01  0.0000E+00  5.4500E+01  1.0667E+02  0.0000E+00  0.0000E+00
  1.7000E+01  6.0000E+00  0.0000E+00  1.3500E+02  0.0000E+00  6.1960E+01  0.0000E+00  2.0383E+00  0.0000E+00  1.3500E+02  8.8003E+01  0.0000E+00  0.0000E+00
  1.7000E+01  8.0000E+00  0.0000E+00  6.3900E+01  0.0000E+00  5.4661E+01  0.0000E+00  2.9227E-01  0.0000E+00  6.3900E+01  7.5175E+01  0.0000E+00  0.0000E+00
  1.7000E+01  1.2000E+01  0.0000E+00  3.6300E+01  0.0000E+00  4.6608E+01  0.0000E+00 -3.8242E-01  0.0000E+00  3.6300E+01  6.5058E+01  0.0000E+00  0.0000E+00
  1.7000E+01  2.4000E+01  0.0000E+00  5.0000E-01  0.0000E+00  1.6662E+00  0.0000E+00 -1.2103E+00  1.0000E+00  5.0000E-01  2.4243E-01  0.0000E+00  0.0000E+00
