TABLE NO.  2
 ID          CL          V2          V3          Q           KA          F1          DOSE
  1.0000E+00  4.8389E+00  1.0892E+01  1.4659E+00  2.4588E-01  2.9777E-01  7.7798E-03  1.2500E+01
  1.0000E+00  4.8389E+00  1.0892E+01  1.4659E+00  2.4588E-01  2.9777E-01  7.7798E-03  1.2500E+01
  1.0000E+00  4.8389E+00  1.0892E+01  1.4659E+00  2.4588E-01  2.9777E-01  7.7798E-03  1.2500E+01
  1.0000E+00  4.8389E+00  1.0892E+01  1.4659E+00  2.4588E-01  2.9777E-01  7.7798E-03  1.2500E+01
  1.0000E+00  4.8389E+00  1.0892E+01  1.4659E+00  2.4588E-01  2.9777E-01  7.7798E-03  1.2500E+01
  1.0000E+00  4.8389E+00  1.0892E+01  1.4659E+00  2.4588E-01  2.9777E-01  7.7798E-03  1.2500E+01
  1.0000E+00  4.8389E+00  1.0892E+01  1.4659E+00  2.4588E-01  2.9777E-01  7.7798E-03  1.2500E+01
  1.0000E+00  4.8389E+00  1.0892E+01  1.4659E+00  2.4588E-01  2.9777E-01  7.7798E-03  1.2500E+01
  1.0000E+00  4.8389E+00  1.0892E+01  1.4659E+00  2.4588E-01  2.9777E-01  7.7798E-03  1.2500E+01
  1.0000E+00  4.8389E+00  1.0892E+01  1.4659E+00  2.4588E-01  2.9777E-01  7.7798E-03  1.2500E+01
  1.0000E+00  4.8389E+00  1.0892E+01  1.4659E+00  2.4588E-01  2.9777E-01  7.7798E-03  1.2500E+01
  1.0000E+00  4.8389E+00  1.0892E+01  1.4659E+00  2.4588E-01  2.9777E-01  7.7798E-03  1.2500E+01
  1.0000E+00  4.8389E+00  1.0892E+01  1.4659E+00  2.4588E-01  2.9777E-01  7.7798E-03  1.2500E+01
  2.0000E+00  4.8386E+00  1.8713E+01  1.4659E+00  2.4588E-01  2.9777E-01  1.1696E-02  1.2500E+01
  2.0000E+00  4.8386E+00  1.8713E+01  1.4659E+00  2.4588E-01  2.9777E-01  1.1696E-02  1.2500E+01
  2.0000E+00  4.8386E+00  1.8713E+01  1.4659E+00  2.4588E-01  2.9777E-01  1.1696E-02  1.2500E+01
  2.0000E+00  4.8386E+00  1.8713E+01  1.4659E+00  2.4588E-01  2.9777E-01  1.1696E-02  1.2500E+01
  2.0000E+00  4.8386E+00  1.8713E+01  1.4659E+00  2.4588E-01  2.9777E-01  1.1696E-02  1.2500E+01
  2.0000E+00  4.8386E+00  1.8713E+01  1.4659E+00  2.4588E-01  2.9777E-01  1.1696E-02  1.2500E+01
  2.0000E+00  4.8386E+00  1.8713E+01  1.4659E+00  2.4588E-01  2.9777E-01  1.1696E-02  1.2500E+01
  2.0000E+00  4.8386E+00  1.8713E+01  1.4659E+00  2.4588E-01  2.9777E-01  1.1696E-02  1.2500E+01
  2.0000E+00  4.8386E+00  1.8713E+01  1.4659E+00  2.4588E-01  2.9777E-01  1.1696E-02  1.2500E+01
  2.0000E+00  4.8386E+00  1.8713E+01  1.4659E+00  2.4588E-01  2.9777E-01  1.1696E-02  1.2500E+01
  2.0000E+00  4.8386E+00  1.8713E+01  1.4659E+00  2.4588E-01  2.9777E-01  1.1696E-02  1.2500E+01
  2.0000E+00  4.8386E+00  1.8713E+01  1.4659E+00  2.4588E-01  2.9777E-01  1.1696E-02  1.2500E+01
  2.0000E+00  4.8386E+00  1.8713E+01  1.4659E+00  2.4588E-01  2.9777E-01  1.1696E-02  1.2500E+01
  3.0000E+00  4.8376E+00  3.1468E+00  1.4659E+00  2.4588E-01  2.9777E-01  1.0000E+00  2.5000E+00
  3.0000E+00  4.8376E+00  3.1468E+00  1.4659E+00  2.4588E-01  2.9777E-01  1.0000E+00  2.5000E+00
  3.0000E+00  4.8376E+00  3.1468E+00  1.4659E+00  2.4588E-01  2.9777E-01  1.0000E+00  2.5000E+00
  3.0000E+00  4.8376E+00  3.1468E+00  1.4659E+00  2.4588E-01  2.9777E-01  1.0000E+00  2.5000E+00
  3.0000E+00  4.8376E+00  3.1468E+00  1.4659E+00  2.4588E-01  2.9777E-01  1.0000E+00  2.5000E+00
  3.0000E+00  4.8376E+00  3.1468E+00  1.4659E+00  2.4588E-01  2.9777E-01  1.0000E+00  2.5000E+00
  3.0000E+00  4.8376E+00  3.1468E+00  1.4659E+00  2.4588E-01  2.9777E-01  1.0000E+00  2.5000E+00
  3.0000E+00  4.8376E+00  3.1468E+00  1.4659E+00  2.4588E-01  2.9777E-01  1.0000E+00  2.5000E+00
  3.0000E+00  4.8376E+00  3.1468E+00  1.4659E+00  2.4588E-01  2.9777E-01  1.0000E+00  2.5000E+00
  3.0000E+00  4.8376E+00  3.1468E+00  1.4659E+00  2.4588E-01  2.9777E-01  1.0000E+00  2.5000E+00
  3.0000E+00  4.8376E+00  3.1468E+00  1.4659E+00  2.4588E-01  2.9777E-01  1.0000E+00  2.5000E+00
  3.0000E+00  4.8376E+00  3.1468E+00  1.4659E+00  2.4588E-01  2.9777E-01  1.0000E+00  2.5000E+00
  4.0000E+00  4.8402E+00  2.6078E+00  1.4659E+00  2.4588E-01  2.9777E-01  1.0000E+00  2.5000E+00
  4.0000E+00  4.8402E+00  2.6078E+00  1.4659E+00  2.4588E-01  2.9777E-01  1.0000E+00  2.5000E+00
  4.0000E+00  4.8402E+00  2.6078E+00  1.4659E+00  2.4588E-01  2.9777E-01  1.0000E+00  2.5000E+00
  4.0000E+00  4.8402E+00  2.6078E+00  1.4659E+00  2.4588E-01  2.9777E-01  1.0000E+00  2.5000E+00
  4.0000E+00  4.8402E+00  2.6078E+00  1.4659E+00  2.4588E-01  2.9777E-01  1.0000E+00  2.5000E+00
  4.0000E+00  4.8402E+00  2.6078E+00  1.4659E+00  2.4588E-01  2.9777E-01  1.0000E+00  2.5000E+00
  4.0000E+00  4.8402E+00  2.6078E+00  1.4659E+00  2.4588E-01  2.9777E-01  1.0000E+00  2.5000E+00
  4.0000E+00  4.8402E+00  2.6078E+00  1.4659E+00  2.4588E-01  2.9777E-01  1.0000E+00  2.5000E+00
  4.0000E+00  4.8402E+00  2.6078E+00  1.4659E+00  2.4588E-01  2.9777E-01  1.0000E+00  2.5000E+00
  4.0000E+00  4.8402E+00  2.6078E+00  1.4659E+00  2.4588E-01  2.9777E-01  1.0000E+00  2.5000E+00
  4.0000E+00  4.8402E+00  2.6078E+00  1.4659E+00  2.4588E-01  2.9777E-01  1.0000E+00  2.5000E+00
  4.0000E+00  4.8402E+00  2.6078E+00  1.4659E+00  2.4588E-01  2.9777E-01  1.0000E+00  2.5000E+00
  5.0000E+00  4.8386E+00  2.6819E+00  1.4659E+00  2.4588E-01  2.9777E-01  1.0000E+00  2.5000E+00
  5.0000E+00  4.8386E+00  2.6819E+00  1.4659E+00  2.4588E-01  2.9777E-01  1.0000E+00  2.5000E+00
  5.0000E+00  4.8386E+00  2.6819E+00  1.4659E+00  2.4588E-01  2.9777E-01  1.0000E+00  2.5000E+00
  5.0000E+00  4.8386E+00  2.6819E+00  1.4659E+00  2.4588E-01  2.9777E-01  1.0000E+00  2.5000E+00
  5.0000E+00  4.8386E+00  2.6819E+00  1.4659E+00  2.4588E-01  2.9777E-01  1.0000E+00  2.5000E+00
  5.0000E+00  4.8386E+00  2.6819E+00  1.4659E+00  2.4588E-01  2.9777E-01  1.0000E+00  2.5000E+00
  5.0000E+00  4.8386E+00  2.6819E+00  1.4659E+00  2.4588E-01  2.9777E-01  1.0000E+00  2.5000E+00
  5.0000E+00  4.8386E+00  2.6819E+00  1.4659E+00  2.4588E-01  2.9777E-01  1.0000E+00  2.5000E+00
  5.0000E+00  4.8386E+00  2.6819E+00  1.4659E+00  2.4588E-01  2.9777E-01  1.0000E+00  2.5000E+00
  5.0000E+00  4.8386E+00  2.6819E+00  1.4659E+00  2.4588E-01  2.9777E-01  1.0000E+00  2.5000E+00
  5.0000E+00  4.8386E+00  2.6819E+00  1.4659E+00  2.4588E-01  2.9777E-01  1.0000E+00  2.5000E+00
  5.0000E+00  4.8386E+00  2.6819E+00  1.4659E+00  2.4588E-01  2.9777E-01  1.0000E+00  2.5000E+00
  6.0000E+00  4.8388E+00  7.9966E+00  1.4659E+00  2.4588E-01  2.9777E-01  1.0575E-02  1.0000E+01
  6.0000E+00  4.8388E+00  7.9966E+00  1.4659E+00  2.4588E-01  2.9777E-01  1.0575E-02  1.0000E+01
  6.0000E+00  4.8388E+00  7.9966E+00  1.4659E+00  2.4588E-01  2.9777E-01  1.0575E-02  1.0000E+01
  6.0000E+00  4.8388E+00  7.9966E+00  1.4659E+00  2.4588E-01  2.9777E-01  1.0575E-02  1.0000E+01
  6.0000E+00  4.8388E+00  7.9966E+00  1.4659E+00  2.4588E-01  2.9777E-01  1.0575E-02  1.0000E+01
  6.0000E+00  4.8388E+00  7.9966E+00  1.4659E+00  2.4588E-01  2.9777E-01  1.0575E-02  1.0000E+01
  6.0000E+00  4.8388E+00  7.9966E+00  1.4659E+00  2.4588E-01  2.9777E-01  1.0575E-02  1.0000E+01
  6.0000E+00  4.8388E+00  7.9966E+00  1.4659E+00  2.4588E-01  2.9777E-01  1.0575E-02  1.0000E+01
  6.0000E+00  4.8388E+00  7.9966E+00  1.4659E+00  2.4588E-01  2.9777E-01  1.0575E-02  1.0000E+01
  6.0000E+00  4.8388E+00  7.9966E+00  1.4659E+00  2.4588E-01  2.9777E-01  1.0575E-02  1.0000E+01
  6.0000E+00  4.8388E+00  7.9966E+00  1.4659E+00  2.4588E-01  2.9777E-01  1.0575E-02  1.0000E+01
  6.0000E+00  4.8388E+00  7.9966E+00  1.4659E+00  2.4588E-01  2.9777E-01  1.0575E-02  1.0000E+01
  7.0000E+00  4.8387E+00  6.1663E+00  1.4659E+00  2.4588E-01  2.9777E-01  1.2665E-02  1.0000E+01
  7.0000E+00  4.8387E+00  6.1663E+00  1.4659E+00  2.4588E-01  2.9777E-01  1.2665E-02  1.0000E+01
  7.0000E+00  4.8387E+00  6.1663E+00  1.4659E+00  2.4588E-01  2.9777E-01  1.2665E-02  1.0000E+01
  7.0000E+00  4.8387E+00  6.1663E+00  1.4659E+00  2.4588E-01  2.9777E-01  1.2665E-02  1.0000E+01
  7.0000E+00  4.8387E+00  6.1663E+00  1.4659E+00  2.4588E-01  2.9777E-01  1.2665E-02  1.0000E+01
  7.0000E+00  4.8387E+00  6.1663E+00  1.4659E+00  2.4588E-01  2.9777E-01  1.2665E-02  1.0000E+01
  7.0000E+00  4.8387E+00  6.1663E+00  1.4659E+00  2.4588E-01  2.9777E-01  1.2665E-02  1.0000E+01
  7.0000E+00  4.8387E+00  6.1663E+00  1.4659E+00  2.4588E-01  2.9777E-01  1.2665E-02  1.0000E+01
  7.0000E+00  4.8387E+00  6.1663E+00  1.4659E+00  2.4588E-01  2.9777E-01  1.2665E-02  1.0000E+01
  7.0000E+00  4.8387E+00  6.1663E+00  1.4659E+00  2.4588E-01  2.9777E-01  1.2665E-02  1.0000E+01
  7.0000E+00  4.8387E+00  6.1663E+00  1.4659E+00  2.4588E-01  2.9777E-01  1.2665E-02  1.0000E+01
  7.0000E+00  4.8387E+00  6.1663E+00  1.4659E+00  2.4588E-01  2.9777E-01  1.2665E-02  1.0000E+01
  8.0000E+00  4.8389E+00  3.0230E+00  1.4659E+00  2.4588E-01  2.9777E-01  9.8960E-03  1.0000E+01
  8.0000E+00  4.8389E+00  3.0230E+00  1.4659E+00  2.4588E-01  2.9777E-01  9.8960E-03  1.0000E+01
  8.0000E+00  4.8389E+00  3.0230E+00  1.4659E+00  2.4588E-01  2.9777E-01  9.8960E-03  1.0000E+01
  8.0000E+00  4.8389E+00  3.0230E+00  1.4659E+00  2.4588E-01  2.9777E-01  9.8960E-03  1.0000E+01
  8.0000E+00  4.8389E+00  3.0230E+00  1.4659E+00  2.4588E-01  2.9777E-01  9.8960E-03  1.0000E+01
  8.0000E+00  4.8389E+00  3.0230E+00  1.4659E+00  2.4588E-01  2.9777E-01  9.8960E-03  1.0000E+01
  8.0000E+00  4.8389E+00  3.0230E+00  1.4659E+00  2.4588E-01  2.9777E-01  9.8960E-03  1.0000E+01
  8.0000E+00  4.8389E+00  3.0230E+00  1.4659E+00  2.4588E-01  2.9777E-01  9.8960E-03  1.0000E+01
  8.0000E+00  4.8389E+00  3.0230E+00  1.4659E+00  2.4588E-01  2.9777E-01  9.8960E-03  1.0000E+01
  8.0000E+00  4.8389E+00  3.0230E+00  1.4659E+00  2.4588E-01  2.9777E-01  9.8960E-03  1.0000E+01
  8.0000E+00  4.8389E+00  3.0230E+00  1.4659E+00  2.4588E-01  2.9777E-01  9.8960E-03  1.0000E+01
  8.0000E+00  4.8389E+00  3.0230E+00  1.4659E+00  2.4588E-01  2.9777E-01  9.8960E-03  1.0000E+01
  9.0000E+00  4.8387E+00  1.0341E+00  1.4659E+00  2.4588E-01  2.9777E-01  2.0376E-02  3.0000E+01
  9.0000E+00  4.8387E+00  1.0341E+00  1.4659E+00  2.4588E-01  2.9777E-01  2.0376E-02  3.0000E+01
  9.0000E+00  4.8387E+00  1.0341E+00  1.4659E+00  2.4588E-01  2.9777E-01  2.0376E-02  3.0000E+01
  9.0000E+00  4.8387E+00  1.0341E+00  1.4659E+00  2.4588E-01  2.9777E-01  2.0376E-02  3.0000E+01
  9.0000E+00  4.8387E+00  1.0341E+00  1.4659E+00  2.4588E-01  2.9777E-01  2.0376E-02  3.0000E+01
  9.0000E+00  4.8387E+00  1.0341E+00  1.4659E+00  2.4588E-01  2.9777E-01  2.0376E-02  3.0000E+01
  9.0000E+00  4.8387E+00  1.0341E+00  1.4659E+00  2.4588E-01  2.9777E-01  2.0376E-02  3.0000E+01
  9.0000E+00  4.8387E+00  1.0341E+00  1.4659E+00  2.4588E-01  2.9777E-01  2.0376E-02  3.0000E+01
  9.0000E+00  4.8387E+00  1.0341E+00  1.4659E+00  2.4588E-01  2.9777E-01  2.0376E-02  3.0000E+01
  9.0000E+00  4.8387E+00  1.0341E+00  1.4659E+00  2.4588E-01  2.9777E-01  2.0376E-02  3.0000E+01
  9.0000E+00  4.8387E+00  1.0341E+00  1.4659E+00  2.4588E-01  2.9777E-01  2.0376E-02  3.0000E+01
  9.0000E+00  4.8387E+00  1.0341E+00  1.4659E+00  2.4588E-01  2.9777E-01  2.0376E-02  3.0000E+01
  1.0000E+01  4.8384E+00  1.1421E+01  1.4659E+00  2.4588E-01  2.9777E-01  2.3869E-02  3.0000E+01
  1.0000E+01  4.8384E+00  1.1421E+01  1.4659E+00  2.4588E-01  2.9777E-01  2.3869E-02  3.0000E+01
  1.0000E+01  4.8384E+00  1.1421E+01  1.4659E+00  2.4588E-01  2.9777E-01  2.3869E-02  3.0000E+01
  1.0000E+01  4.8384E+00  1.1421E+01  1.4659E+00  2.4588E-01  2.9777E-01  2.3869E-02  3.0000E+01
  1.0000E+01  4.8384E+00  1.1421E+01  1.4659E+00  2.4588E-01  2.9777E-01  2.3869E-02  3.0000E+01
  1.0000E+01  4.8384E+00  1.1421E+01  1.4659E+00  2.4588E-01  2.9777E-01  2.3869E-02  3.0000E+01
  1.0000E+01  4.8384E+00  1.1421E+01  1.4659E+00  2.4588E-01  2.9777E-01  2.3869E-02  3.0000E+01
  1.0000E+01  4.8384E+00  1.1421E+01  1.4659E+00  2.4588E-01  2.9777E-01  2.3869E-02  3.0000E+01
  1.0000E+01  4.8384E+00  1.1421E+01  1.4659E+00  2.4588E-01  2.9777E-01  2.3869E-02  3.0000E+01
  1.0000E+01  4.8384E+00  1.1421E+01  1.4659E+00  2.4588E-01  2.9777E-01  2.3869E-02  3.0000E+01
  1.0000E+01  4.8384E+00  1.1421E+01  1.4659E+00  2.4588E-01  2.9777E-01  2.3869E-02  3.0000E+01
  1.0000E+01  4.8384E+00  1.1421E+01  1.4659E+00  2.4588E-01  2.9777E-01  2.3869E-02  3.0000E+01
  1.1000E+01  4.8385E+00  8.1272E+00  1.4659E+00  2.4588E-01  2.9777E-01  2.0074E-02  3.0000E+01
  1.1000E+01  4.8385E+00  8.1272E+00  1.4659E+00  2.4588E-01  2.9777E-01  2.0074E-02  3.0000E+01
  1.1000E+01  4.8385E+00  8.1272E+00  1.4659E+00  2.4588E-01  2.9777E-01  2.0074E-02  3.0000E+01
  1.1000E+01  4.8385E+00  8.1272E+00  1.4659E+00  2.4588E-01  2.9777E-01  2.0074E-02  3.0000E+01
  1.1000E+01  4.8385E+00  8.1272E+00  1.4659E+00  2.4588E-01  2.9777E-01  2.0074E-02  3.0000E+01
  1.1000E+01  4.8385E+00  8.1272E+00  1.4659E+00  2.4588E-01  2.9777E-01  2.0074E-02  3.0000E+01
  1.1000E+01  4.8385E+00  8.1272E+00  1.4659E+00  2.4588E-01  2.9777E-01  2.0074E-02  3.0000E+01
  1.1000E+01  4.8385E+00  8.1272E+00  1.4659E+00  2.4588E-01  2.9777E-01  2.0074E-02  3.0000E+01
  1.1000E+01  4.8385E+00  8.1272E+00  1.4659E+00  2.4588E-01  2.9777E-01  2.0074E-02  3.0000E+01
  1.1000E+01  4.8385E+00  8.1272E+00  1.4659E+00  2.4588E-01  2.9777E-01  2.0074E-02  3.0000E+01
  1.1000E+01  4.8385E+00  8.1272E+00  1.4659E+00  2.4588E-01  2.9777E-01  2.0074E-02  3.0000E+01
  1.1000E+01  4.8385E+00  8.1272E+00  1.4659E+00  2.4588E-01  2.9777E-01  2.0074E-02  3.0000E+01
  1.2000E+01  4.8388E+00  3.4556E+01  1.4659E+00  2.4588E-01  2.9777E-01  7.0486E-03  3.0000E+01
  1.2000E+01  4.8388E+00  3.4556E+01  1.4659E+00  2.4588E-01  2.9777E-01  7.0486E-03  3.0000E+01
  1.2000E+01  4.8388E+00  3.4556E+01  1.4659E+00  2.4588E-01  2.9777E-01  7.0486E-03  3.0000E+01
  1.2000E+01  4.8388E+00  3.4556E+01  1.4659E+00  2.4588E-01  2.9777E-01  7.0486E-03  3.0000E+01
  1.2000E+01  4.8388E+00  3.4556E+01  1.4659E+00  2.4588E-01  2.9777E-01  7.0486E-03  3.0000E+01
  1.2000E+01  4.8388E+00  3.4556E+01  1.4659E+00  2.4588E-01  2.9777E-01  7.0486E-03  3.0000E+01
  1.2000E+01  4.8388E+00  3.4556E+01  1.4659E+00  2.4588E-01  2.9777E-01  7.0486E-03  3.0000E+01
  1.2000E+01  4.8388E+00  3.4556E+01  1.4659E+00  2.4588E-01  2.9777E-01  7.0486E-03  3.0000E+01
  1.2000E+01  4.8388E+00  3.4556E+01  1.4659E+00  2.4588E-01  2.9777E-01  7.0486E-03  3.0000E+01
  1.2000E+01  4.8388E+00  3.4556E+01  1.4659E+00  2.4588E-01  2.9777E-01  7.0486E-03  3.0000E+01
  1.2000E+01  4.8388E+00  3.4556E+01  1.4659E+00  2.4588E-01  2.9777E-01  7.0486E-03  3.0000E+01
  1.2000E+01  4.8388E+00  3.4556E+01  1.4659E+00  2.4588E-01  2.9777E-01  7.0486E-03  3.0000E+01
  1.3000E+01  4.8387E+00  1.9736E+01  1.4659E+00  2.4588E-01  2.9777E-01  1.0232E-02  3.0000E+01
  1.3000E+01  4.8387E+00  1.9736E+01  1.4659E+00  2.4588E-01  2.9777E-01  1.0232E-02  3.0000E+01
  1.3000E+01  4.8387E+00  1.9736E+01  1.4659E+00  2.4588E-01  2.9777E-01  1.0232E-02  3.0000E+01
  1.3000E+01  4.8387E+00  1.9736E+01  1.4659E+00  2.4588E-01  2.9777E-01  1.0232E-02  3.0000E+01
  1.3000E+01  4.8387E+00  1.9736E+01  1.4659E+00  2.4588E-01  2.9777E-01  1.0232E-02  3.0000E+01
  1.3000E+01  4.8387E+00  1.9736E+01  1.4659E+00  2.4588E-01  2.9777E-01  1.0232E-02  3.0000E+01
  1.3000E+01  4.8387E+00  1.9736E+01  1.4659E+00  2.4588E-01  2.9777E-01  1.0232E-02  3.0000E+01
  1.3000E+01  4.8387E+00  1.9736E+01  1.4659E+00  2.4588E-01  2.9777E-01  1.0232E-02  3.0000E+01
  1.3000E+01  4.8387E+00  1.9736E+01  1.4659E+00  2.4588E-01  2.9777E-01  1.0232E-02  3.0000E+01
  1.3000E+01  4.8387E+00  1.9736E+01  1.4659E+00  2.4588E-01  2.9777E-01  1.0232E-02  3.0000E+01
  1.3000E+01  4.8387E+00  1.9736E+01  1.4659E+00  2.4588E-01  2.9777E-01  1.0232E-02  3.0000E+01
  1.3000E+01  4.8387E+00  1.9736E+01  1.4659E+00  2.4588E-01  2.9777E-01  1.0232E-02  3.0000E+01
  1.4000E+01  4.8389E+00  2.5491E+01  1.4659E+00  2.4588E-01  2.9777E-01  6.2240E-03  3.0000E+01
  1.4000E+01  4.8389E+00  2.5491E+01  1.4659E+00  2.4588E-01  2.9777E-01  6.2240E-03  3.0000E+01
  1.4000E+01  4.8389E+00  2.5491E+01  1.4659E+00  2.4588E-01  2.9777E-01  6.2240E-03  3.0000E+01
  1.4000E+01  4.8389E+00  2.5491E+01  1.4659E+00  2.4588E-01  2.9777E-01  6.2240E-03  3.0000E+01
  1.4000E+01  4.8389E+00  2.5491E+01  1.4659E+00  2.4588E-01  2.9777E-01  6.2240E-03  3.0000E+01
  1.4000E+01  4.8389E+00  2.5491E+01  1.4659E+00  2.4588E-01  2.9777E-01  6.2240E-03  3.0000E+01
  1.4000E+01  4.8389E+00  2.5491E+01  1.4659E+00  2.4588E-01  2.9777E-01  6.2240E-03  3.0000E+01
  1.4000E+01  4.8389E+00  2.5491E+01  1.4659E+00  2.4588E-01  2.9777E-01  6.2240E-03  3.0000E+01
  1.4000E+01  4.8389E+00  2.5491E+01  1.4659E+00  2.4588E-01  2.9777E-01  6.2240E-03  3.0000E+01
  1.4000E+01  4.8389E+00  2.5491E+01  1.4659E+00  2.4588E-01  2.9777E-01  6.2240E-03  3.0000E+01
  1.4000E+01  4.8389E+00  2.5491E+01  1.4659E+00  2.4588E-01  2.9777E-01  6.2240E-03  3.0000E+01
  1.4000E+01  4.8389E+00  2.5491E+01  1.4659E+00  2.4588E-01  2.9777E-01  6.2240E-03  3.0000E+01
  1.5000E+01  4.8390E+00  6.6525E+00  1.4659E+00  2.4588E-01  2.9777E-01  7.5941E-03  1.0000E+02
  1.5000E+01  4.8390E+00  6.6525E+00  1.4659E+00  2.4588E-01  2.9777E-01  7.5941E-03  1.0000E+02
  1.5000E+01  4.8390E+00  6.6525E+00  1.4659E+00  2.4588E-01  2.9777E-01  7.5941E-03  1.0000E+02
  1.5000E+01  4.8390E+00  6.6525E+00  1.4659E+00  2.4588E-01  2.9777E-01  7.5941E-03  1.0000E+02
  1.5000E+01  4.8390E+00  6.6525E+00  1.4659E+00  2.4588E-01  2.9777E-01  7.5941E-03  1.0000E+02
  1.5000E+01  4.8390E+00  6.6525E+00  1.4659E+00  2.4588E-01  2.9777E-01  7.5941E-03  1.0000E+02
  1.5000E+01  4.8390E+00  6.6525E+00  1.4659E+00  2.4588E-01  2.9777E-01  7.5941E-03  1.0000E+02
  1.5000E+01  4.8390E+00  6.6525E+00  1.4659E+00  2.4588E-01  2.9777E-01  7.5941E-03  1.0000E+02
  1.5000E+01  4.8390E+00  6.6525E+00  1.4659E+00  2.4588E-01  2.9777E-01  7.5941E-03  1.0000E+02
  1.5000E+01  4.8390E+00  6.6525E+00  1.4659E+00  2.4588E-01  2.9777E-01  7.5941E-03  1.0000E+02
  1.5000E+01  4.8390E+00  6.6525E+00  1.4659E+00  2.4588E-01  2.9777E-01  7.5941E-03  1.0000E+02
  1.5000E+01  4.8390E+00  6.6525E+00  1.4659E+00  2.4588E-01  2.9777E-01  7.5941E-03  1.0000E+02
  1.6000E+01  4.8384E+00  1.0049E+01  1.4659E+00  2.4588E-01  2.9777E-01  2.6778E-02  1.0000E+02
  1.6000E+01  4.8384E+00  1.0049E+01  1.4659E+00  2.4588E-01  2.9777E-01  2.6778E-02  1.0000E+02
  1.6000E+01  4.8384E+00  1.0049E+01  1.4659E+00  2.4588E-01  2.9777E-01  2.6778E-02  1.0000E+02
  1.6000E+01  4.8384E+00  1.0049E+01  1.4659E+00  2.4588E-01  2.9777E-01  2.6778E-02  1.0000E+02
  1.6000E+01  4.8384E+00  1.0049E+01  1.4659E+00  2.4588E-01  2.9777E-01  2.6778E-02  1.0000E+02
  1.6000E+01  4.8384E+00  1.0049E+01  1.4659E+00  2.4588E-01  2.9777E-01  2.6778E-02  1.0000E+02
  1.6000E+01  4.8384E+00  1.0049E+01  1.4659E+00  2.4588E-01  2.9777E-01  2.6778E-02  1.0000E+02
  1.6000E+01  4.8384E+00  1.0049E+01  1.4659E+00  2.4588E-01  2.9777E-01  2.6778E-02  1.0000E+02
  1.6000E+01  4.8384E+00  1.0049E+01  1.4659E+00  2.4588E-01  2.9777E-01  2.6778E-02  1.0000E+02
  1.6000E+01  4.8384E+00  1.0049E+01  1.4659E+00  2.4588E-01  2.9777E-01  2.6778E-02  1.0000E+02
  1.6000E+01  4.8384E+00  1.0049E+01  1.4659E+00  2.4588E-01  2.9777E-01  2.6778E-02  1.0000E+02
  1.6000E+01  4.8384E+00  1.0049E+01  1.4659E+00  2.4588E-01  2.9777E-01  2.6778E-02  1.0000E+02
  1.7000E+01  4.8389E+00  1.2144E+01  1.4659E+00  2.4588E-01  2.9777E-01  9.1849E-03  1.0000E+02
  1.7000E+01  4.8389E+00  1.2144E+01  1.4659E+00  2.4588E-01  2.9777E-01  9.1849E-03  1.0000E+02
  1.7000E+01  4.8389E+00  1.2144E+01  1.4659E+00  2.4588E-01  2.9777E-01  9.1849E-03  1.0000E+02
  1.7000E+01  4.8389E+00  1.2144E+01  1.4659E+00  2.4588E-01  2.9777E-01  9.1849E-03  1.0000E+02
  1.7000E+01  4.8389E+00  1.2144E+01  1.4659E+00  2.4588E-01  2.9777E-01  9.1849E-03  1.0000E+02
  1.7000E+01  4.8389E+00  1.2144E+01  1.4659E+00  2.4588E-01  2.9777E-01  9.1849E-03  1.0000E+02
  1.7000E+01  4.8389E+00  1.2144E+01  1.4659E+00  2.4588E-01  2.9777E-01  9.1849E-03  1.0000E+02
  1.7000E+01  4.8389E+00  1.2144E+01  1.4659E+00  2.4588E-01  2.9777E-01  9.1849E-03  1.0000E+02
  1.7000E+01  4.8389E+00  1.2144E+01  1.4659E+00  2.4588E-01  2.9777E-01  9.1849E-03  1.0000E+02
  1.7000E+01  4.8389E+00  1.2144E+01  1.4659E+00  2.4588E-01  2.9777E-01  9.1849E-03  1.0000E+02
  1.7000E+01  4.8389E+00  1.2144E+01  1.4659E+00  2.4588E-01  2.9777E-01  9.1849E-03  1.0000E+02
  1.7000E+01  4.8389E+00  1.2144E+01  1.4659E+00  2.4588E-01  2.9777E-01  9.1849E-03  1.0000E+02
