TABLE NO.  1
 ID          TIME        AMT         DV          MDV         IPRED       CWRES       IWRES       BQL         DV          PRED        RES         WRES
  1.0000E+00  0.0000E+00  2.9000E+04  0.0000E+00  1.0000E+00  0.0000E+00  0.0000E+00  0.0000E+00  0.0000E+00  0.0000E+00  1.0000E+00  0.0000E+00  0.0000E+00
  1.0000E+00  0.0000E+00  2.9000E+04  0.0000E+00  1.0000E+00  0.0000E+00  0.0000E+00  0.0000E+00  0.0000E+00  0.0000E+00  1.0000E+00  0.0000E+00  0.0000E+00
  1.0000E+00  0.0000E+00  0.0000E+00  0.0000E+00  0.0000E+00  0.0000E+00  0.0000E+00  0.0000E+00  0.0000E+00  0.0000E+00  1.0000E+00  0.0000E+00  0.0000E+00
  1.0000E+00  2.5000E-01  0.0000E+00  7.3000E-01  0.0000E+00  1.4016E+00  0.0000E+00 -8.7500E-01  0.0000E+00  7.3000E-01  1.0578E-01  0.0000E+00  0.0000E+00
  1.0000E+00  5.0000E-01  0.0000E+00  2.7500E+00  0.0000E+00  2.5485E+00  0.0000E+00  1.4439E-01  0.0000E+00  2.7500E+00  5.6095E+00  0.0000E+00  0.0000E+00
  1.0000E+00  1.0000E+00  0.0000E+00  7.2700E+00  0.0000E+00  4.2160E+00  0.0000E+00  1.3228E+00  0.0000E+00  7.2700E+00  8.8299E+00  0.0000E+00  0.0000E+00
  1.0000E+00  2.0000E+00  0.0000E+00  6.4500E+00  0.0000E+00  5.7855E+00  0.0000E+00  2.0976E-01  0.0000E+00  6.4500E+00  1.1056E+01  0.0000E+00  0.0000E+00
  1.0000E+00  3.0000E+00  0.0000E+00  6.8500E+00  0.0000E+00  5.9777E+00  0.0000E+00  2.6649E-01  0.0000E+00  6.8500E+00  1.0530E+01  0.0000E+00  0.0000E+00
  1.0000E+00  4.0000E+00  0.0000E+00  4.2300E+00  0.0000E+00  5.5123E+00  0.0000E+00 -4.2480E-01  0.0000E+00  4.2300E+00  9.0385E+00  0.0000E+00  0.0000E+00
  1.0000E+00  6.0000E+00  0.0000E+00  6.0300E+00  0.0000E+00  6.0418E+00  0.0000E+00 -3.5691E-03  0.0000E+00  6.0300E+00  9.8174E+00  0.0000E+00  0.0000E+00
  1.0000E+00  8.0000E+00  0.0000E+00  8.1100E+00  0.0000E+00  5.4877E+00  0.0000E+00  8.7261E-01  0.0000E+00  8.1100E+00  8.5573E+00  0.0000E+00  0.0000E+00
  1.0000E+00  1.2000E+01  0.0000E+00  5.0000E-01  0.0000E+00  4.2463E+00  0.0000E+00 -1.6111E+00  1.0000E+00  5.0000E-01  6.1619E-02  0.0000E+00  0.0000E+00
  1.0000E+00  2.4000E+01  0.0000E+00  5.0000E-01  0.0000E+00  1.1354E-01  0.0000E+00  6.2158E+00  1.0000E+00  5.0000E-01  1.0000E+00  0.0000E+00  0.0000E+00
  2.0000E+00  0.0000E+00  2.9000E+04  0.0000E+00  1.0000E+00  0.0000E+00  0.0000E+00  0.0000E+00  0.0000E+00  0.0000E+00  1.0000E+00  0.0000E+00  0.0000E+00
  2.0000E+00  0.0000E+00  2.9000E+04  0.0000E+00  1.0000E+00  0.0000E+00  0.0000E+00  0.0000E+00  0.0000E+00  0.0000E+00  1.0000E+00  0.0000E+00  0.0000E+00
  2.0000E+00  0.0000E+00  0.0000E+00  0.0000E+00  0.0000E+00  0.0000E+00  0.0000E+00  0.0000E+00  0.0000E+00  0.0000E+00  1.0000E+00  0.0000E+00  0.0000E+00
  2.0000E+00  2.5000E-01  0.0000E+00  1.2000E-01  0.0000E+00  1.2566E+00  0.0000E+00 -1.6518E+00  0.0000E+00  1.2000E-01  1.0578E-01  0.0000E+00  0.0000E+00
  2.0000E+00  5.0000E-01  0.0000E+00  1.8000E-01  0.0000E+00  2.3407E+00  0.0000E+00 -1.6857E+00  0.0000E+00  1.8000E-01  6.6730E-02  0.0000E+00  0.0000E+00
  2.0000E+00  1.0000E+00  0.0000E+00  1.4000E-01  0.0000E+00  4.0615E+00  0.0000E+00 -1.7632E+00  0.0000E+00  1.4000E-01  5.2688E-02  0.0000E+00  0.0000E+00
  2.0000E+00  2.0000E+00  0.0000E+00  1.1700E+00  0.0000E+00  6.1179E+00  0.0000E+00 -1.4769E+00  0.0000E+00  1.1700E+00  1.1056E+01  0.0000E+00  0.0000E+00
  2.0000E+00  3.0000E+00  0.0000E+00  8.4000E+00  0.0000E+00  6.9183E+00  0.0000E+00  3.9112E-01  0.0000E+00  8.4000E+00  1.0530E+01  0.0000E+00  0.0000E+00
  2.0000E+00  4.0000E+00  0.0000E+00  1.5500E+01  0.0000E+00  6.9613E+00  0.0000E+00  2.2400E+00  0.0000E+00  1.5500E+01  9.0385E+00  0.0000E+00  0.0000E+00
  2.0000E+00  6.0000E+00  0.0000E+00  8.5100E+00  0.0000E+00  8.0802E+00  0.0000E+00  9.7125E-02  0.0000E+00  8.5100E+00  9.8174E+00  0.0000E+00  0.0000E+00
  2.0000E+00  8.0000E+00  0.0000E+00  6.0400E+00  0.0000E+00  7.9237E+00  0.0000E+00 -4.3413E-01  0.0000E+00  6.0400E+00  8.5573E+00  0.0000E+00  0.0000E+00
  2.0000E+00  1.2000E+01  0.0000E+00  5.0000E-01  0.0000E+00  6.7359E+00  0.0000E+00 -1.6906E+00  1.0000E+00  5.0000E-01  6.1619E-02  0.0000E+00  0.0000E+00
  2.0000E+00  2.4000E+01  0.0000E+00  5.0000E-01  0.0000E+00  4.6962E-01  0.0000E+00  1.1813E-01  1.0000E+00  5.0000E-01  1.0000E+00  0.0000E+00  0.0000E+00
  3.0000E+00  0.0000E+00  5.4500E+03  0.0000E+00  1.0000E+00  1.7319E+03  0.0000E+00 -1.8261E+00  0.0000E+00  0.0000E+00  3.4103E-02  0.0000E+00  0.0000E+00
  3.0000E+00  1.7000E-02  0.0000E+00  2.5500E+03  0.0000E+00  1.6850E+03  0.0000E+00  9.3747E-01  0.0000E+00  2.5500E+03  7.2185E+02  0.0000E+00  0.0000E+00
  3.0000E+00  8.3500E-02  0.0000E+00  2.1100E+03  0.0000E+00  1.5134E+03  0.0000E+00  7.1983E-01  0.0000E+00  2.1100E+03  6.8989E+02  0.0000E+00  0.0000E+00
  3.0000E+00  2.5000E-01  0.0000E+00  1.4600E+03  0.0000E+00  1.1570E+03  0.0000E+00  4.7824E-01  0.0000E+00  1.4600E+03  6.1601E+02  0.0000E+00  0.0000E+00
  3.0000E+00  5.0000E-01  0.0000E+00  8.5300E+02  0.0000E+00  7.7385E+02  0.0000E+00  1.8677E-01  0.0000E+00  8.5300E+02  5.1983E+02  0.0000E+00  0.0000E+00
  3.0000E+00  1.0000E+00  0.0000E+00  5.5500E+02  0.0000E+00  3.4821E+02  0.0000E+00  1.0845E+00  0.0000E+00  5.5500E+02  3.7070E+02  0.0000E+00  0.0000E+00
  3.0000E+00  2.0000E+00  0.0000E+00  1.0300E+02  0.0000E+00  7.4558E+01  0.0000E+00  6.9662E-01  0.0000E+00  1.0300E+02  1.8995E+02  0.0000E+00  0.0000E+00
  3.0000E+00  4.0000E+00  0.0000E+00  7.4100E+00  0.0000E+00  8.2280E+00  0.0000E+00 -1.8155E-01  0.0000E+00  7.4100E+00  5.2656E+01  0.0000E+00  0.0000E+00
  3.0000E+00  6.0000E+00  0.0000E+00  4.4900E+00  0.0000E+00  4.2023E+00  0.0000E+00  1.2502E-01  0.0000E+00  4.4900E+00  1.6881E+01  0.0000E+00  0.0000E+00
  3.0000E+00  8.0000E+00  0.0000E+00  5.2500E+00  0.0000E+00  2.9899E+00  0.0000E+00  1.3805E+00  0.0000E+00  5.2500E+00  6.9210E+00  0.0000E+00  0.0000E+00
  3.0000E+00  1.2000E+01  0.0000E+00  2.4600E+00  0.0000E+00  1.5825E+00  0.0000E+00  1.0126E+00  0.0000E+00  2.4600E+00  2.3614E+00  0.0000E+00  0.0000E+00
  3.0000E+00  2.4000E+01  0.0000E+00  5.0000E-01  0.0000E+00  2.3556E-01  0.0000E+00  2.0501E+00  1.0000E+00  5.0000E-01  9.9989E-01  0.0000E+00  0.0000E+00
  4.0000E+00  0.0000E+00  5.9500E+03  0.0000E+00  1.0000E+00  2.2816E+03  0.0000E+00 -1.8261E+00  0.0000E+00  0.0000E+00  3.4087E-02  0.0000E+00  0.0000E+00
  4.0000E+00  1.7000E-02  0.0000E+00  2.3000E+03  0.0000E+00  2.2072E+03  0.0000E+00  7.6770E-02  0.0000E+00  2.3000E+03  7.8808E+02  0.0000E+00  0.0000E+00
  4.0000E+00  8.3500E-02  0.0000E+00  2.0000E+03  0.0000E+00  1.9388E+03  0.0000E+00  5.7606E-02  0.0000E+00  2.0000E+03  7.5318E+02  0.0000E+00  0.0000E+00
  4.0000E+00  2.5000E-01  0.0000E+00  1.2600E+03  0.0000E+00  1.4020E+03  0.0000E+00 -1.8493E-01  0.0000E+00  1.2600E+03  6.7252E+02  0.0000E+00  0.0000E+00
  4.0000E+00  5.0000E-01  0.0000E+00  7.3500E+02  0.0000E+00  8.6282E+02  0.0000E+00 -2.7052E-01  0.0000E+00  7.3500E+02  5.6752E+02  0.0000E+00  0.0000E+00
  4.0000E+00  1.0000E+00  0.0000E+00  4.3200E+02  0.0000E+00  3.2963E+02  0.0000E+00  5.6714E-01  0.0000E+00  4.3200E+02  4.0471E+02  0.0000E+00  0.0000E+00
  4.0000E+00  2.0000E+00  0.0000E+00  5.4600E+01  0.0000E+00  5.3268E+01  0.0000E+00  4.5677E-02  0.0000E+00  5.4600E+01  2.0738E+02  0.0000E+00  0.0000E+00
  4.0000E+00  4.0000E+00  0.0000E+00  7.2500E+00  0.0000E+00  6.8225E+00  0.0000E+00  1.1444E-01  0.0000E+00  7.2500E+00  5.7486E+01  0.0000E+00  0.0000E+00
  4.0000E+00  6.0000E+00  0.0000E+00  3.6500E+00  0.0000E+00  4.3302E+00  0.0000E+00 -2.8684E-01  0.0000E+00  3.6500E+00  1.8430E+01  0.0000E+00  0.0000E+00
  4.0000E+00  8.0000E+00  0.0000E+00  3.3200E+00  0.0000E+00  3.1386E+00  0.0000E+00  1.0552E-01  0.0000E+00  3.3200E+00  7.5559E+00  0.0000E+00  0.0000E+00
  4.0000E+00  1.2000E+01  0.0000E+00  1.6100E+00  0.0000E+00  1.6621E+00  0.0000E+00 -5.7227E-02  0.0000E+00  1.6100E+00  2.5780E+00  0.0000E+00  0.0000E+00
  4.0000E+00  2.4000E+01  0.0000E+00  5.0000E-01  0.0000E+00  2.4691E-01  0.0000E+00  1.8719E+00  1.0000E+00  5.0000E-01  9.9937E-01  0.0000E+00  0.0000E+00
  5.0000E+00  0.0000E+00  6.1000E+03  0.0000E+00  1.0000E+00  2.2745E+03  0.0000E+00 -1.8261E+00  0.0000E+00  0.0000E+00  3.4083E-02  0.0000E+00  0.0000E+00
  5.0000E+00  1.7000E-02  0.0000E+00  2.6900E+03  0.0000E+00  2.2024E+03  0.0000E+00  4.0431E-01  0.0000E+00  2.6900E+03  8.0794E+02  0.0000E+00  0.0000E+00
  5.0000E+00  8.3500E-02  0.0000E+00  2.0500E+03  0.0000E+00  1.9416E+03  0.0000E+00  1.0193E-01  0.0000E+00  2.0500E+03  7.7217E+02  0.0000E+00  0.0000E+00
  5.0000E+00  2.5000E-01  0.0000E+00  1.1600E+03  0.0000E+00  1.4167E+03  0.0000E+00 -3.3094E-01  0.0000E+00  1.1600E+03  6.8947E+02  0.0000E+00  0.0000E+00
  5.0000E+00  5.0000E-01  0.0000E+00  8.2000E+02  0.0000E+00  8.8378E+02  0.0000E+00 -1.3179E-01  0.0000E+00  8.2000E+02  5.8183E+02  0.0000E+00  0.0000E+00
  5.0000E+00  1.0000E+00  0.0000E+00  4.5600E+02  0.0000E+00  3.4672E+02  0.0000E+00  5.7558E-01  0.0000E+00  4.5600E+02  4.1492E+02  0.0000E+00  0.0000E+00
  5.0000E+00  2.0000E+00  0.0000E+00  5.7800E+01  0.0000E+00  5.8543E+01  0.0000E+00 -2.3189E-02  0.0000E+00  5.7800E+01  2.1260E+02  0.0000E+00  0.0000E+00
  5.0000E+00  4.0000E+00  0.0000E+00  6.8700E+00  0.0000E+00  7.2205E+00  0.0000E+00 -8.8648E-02  0.0000E+00  6.8700E+00  5.8936E+01  0.0000E+00  0.0000E+00
  5.0000E+00  6.0000E+00  0.0000E+00  6.0500E+00  0.0000E+00  4.4708E+00  0.0000E+00  6.4505E-01  0.0000E+00  6.0500E+00  1.8895E+01  0.0000E+00  0.0000E+00
  5.0000E+00  8.0000E+00  0.0000E+00  6.1100E+00  0.0000E+00  3.2364E+00  0.0000E+00  1.6214E+00  0.0000E+00  6.1100E+00  7.7464E+00  0.0000E+00  0.0000E+00
  5.0000E+00  1.2000E+01  0.0000E+00  1.7100E+00  0.0000E+00  1.7139E+00  0.0000E+00 -4.1831E-03  0.0000E+00  1.7100E+00  2.6430E+00  0.0000E+00  0.0000E+00
  5.0000E+00  2.4000E+01  0.0000E+00  5.0000E-01  0.0000E+00  2.5469E-01  0.0000E+00  1.7589E+00  1.0000E+00  5.0000E-01  9.9903E-01  0.0000E+00  0.0000E+00
  6.0000E+00  0.0000E+00  2.1800E+04  0.0000E+00  1.0000E+00  0.0000E+00  0.0000E+00  0.0000E+00  0.0000E+00  0.0000E+00  1.0000E+00  0.0000E+00  0.0000E+00
  6.0000E+00  0.0000E+00  2.1800E+04  0.0000E+00  1.0000E+00  0.0000E+00  0.0000E+00  0.0000E+00  0.0000E+00  0.0000E+00  1.0000E+00  0.0000E+00  0.0000E+00
  6.0000E+00  0.0000E+00  0.0000E+00  0.0000E+00  0.0000E+00  0.0000E+00  0.0000E+00  0.0000E+00  0.0000E+00  0.0000E+00  1.0000E+00  0.0000E+00  0.0000E+00
  6.0000E+00  2.5000E-01  0.0000E+00  0.0000E+00  0.0000E+00  1.9104E+00  0.0000E+00 -1.8261E+00  0.0000E+00  0.0000E+00  1.4485E-01  0.0000E+00  0.0000E+00
  6.0000E+00  5.0000E-01  0.0000E+00  1.3900E+00  0.0000E+00  3.4036E+00  0.0000E+00 -1.0804E+00  0.0000E+00  1.3900E+00  4.2168E+00  0.0000E+00  0.0000E+00
  6.0000E+00  1.0000E+00  0.0000E+00  9.5800E+00  0.0000E+00  5.4130E+00  0.0000E+00  1.4058E+00  0.0000E+00  9.5800E+00  6.6376E+00  0.0000E+00  0.0000E+00
  6.0000E+00  2.0000E+00  0.0000E+00  9.5100E+00  0.0000E+00  6.9042E+00  0.0000E+00  6.8921E-01  0.0000E+00  9.5100E+00  8.3113E+00  0.0000E+00  0.0000E+00
  6.0000E+00  4.0000E+00  0.0000E+00  4.9900E+00  0.0000E+00  5.8101E+00  0.0000E+00 -2.5777E-01  0.0000E+00  4.9900E+00  6.7944E+00  0.0000E+00  0.0000E+00
  6.0000E+00  6.0000E+00  0.0000E+00  3.2100E+00  0.0000E+00  6.3023E+00  0.0000E+00 -8.9602E-01  0.0000E+00  3.2100E+00  7.3799E+00  0.0000E+00  0.0000E+00
  6.0000E+00  8.0000E+00  0.0000E+00  9.1800E+00  0.0000E+00  5.5292E+00  0.0000E+00  1.2057E+00  0.0000E+00  9.1800E+00  6.4327E+00  0.0000E+00  0.0000E+00
  6.0000E+00  1.2000E+01  0.0000E+00  3.8300E+00  0.0000E+00  4.1601E+00  0.0000E+00 -1.4491E-01  0.0000E+00  3.8300E+00  4.8197E+00  0.0000E+00  0.0000E+00
  6.0000E+00  2.4000E+01  0.0000E+00  5.0000E-01  0.0000E+00  8.2823E-02  0.0000E+00  9.1982E+00  1.0000E+00  5.0000E-01  1.0000E+00  0.0000E+00  0.0000E+00
  7.0000E+00  0.0000E+00  2.3800E+04  0.0000E+00  1.0000E+00  0.0000E+00  0.0000E+00  0.0000E+00  0.0000E+00  0.0000E+00  1.0000E+00  0.0000E+00  0.0000E+00
  7.0000E+00  0.0000E+00  2.3800E+04  0.0000E+00  1.0000E+00  0.0000E+00  0.0000E+00  0.0000E+00  0.0000E+00  0.0000E+00  1.0000E+00  0.0000E+00  0.0000E+00
  7.0000E+00  0.0000E+00  0.0000E+00  0.0000E+00  0.0000E+00  0.0000E+00  0.0000E+00  0.0000E+00  0.0000E+00  0.0000E+00  1.0000E+00  0.0000E+00  0.0000E+00
  7.0000E+00  2.5000E-01  0.0000E+00  2.7200E+00  0.0000E+00  3.1652E+00  0.0000E+00 -2.5687E-01  0.0000E+00  2.7200E+00  2.5980E+00  0.0000E+00  0.0000E+00
  7.0000E+00  5.0000E-01  0.0000E+00  3.0600E+00  0.0000E+00  5.5149E+00  0.0000E+00 -8.1289E-01  0.0000E+00  3.0600E+00  4.6036E+00  0.0000E+00  0.0000E+00
  7.0000E+00  1.0000E+00  0.0000E+00  5.3900E+00  0.0000E+00  8.4109E+00  0.0000E+00 -6.5589E-01  0.0000E+00  5.3900E+00  7.2466E+00  0.0000E+00  0.0000E+00
  7.0000E+00  2.0000E+00  0.0000E+00  2.4700E+01  0.0000E+00  9.9678E+00  0.0000E+00  2.6990E+00  0.0000E+00  2.4700E+01  9.0738E+00  0.0000E+00  0.0000E+00
  7.0000E+00  4.0000E+00  0.0000E+00  3.7600E+00  0.0000E+00  7.5213E+00  0.0000E+00 -9.1322E-01  0.0000E+00  3.7600E+00  7.4178E+00  0.0000E+00  0.0000E+00
  7.0000E+00  6.0000E+00  0.0000E+00  3.1900E+00  0.0000E+00  8.2637E+00  0.0000E+00 -1.1212E+00  0.0000E+00  3.1900E+00  8.0570E+00  0.0000E+00  0.0000E+00
  7.0000E+00  8.0000E+00  0.0000E+00  6.4300E+00  0.0000E+00  7.0892E+00  0.0000E+00 -1.6982E-01  0.0000E+00  6.4300E+00  7.0229E+00  0.0000E+00  0.0000E+00
  7.0000E+00  1.2000E+01  0.0000E+00  4.9200E+00  0.0000E+00  5.2634E+00  0.0000E+00 -1.1913E-01  0.0000E+00  4.9200E+00  5.2619E+00  0.0000E+00  0.0000E+00
  7.0000E+00  2.4000E+01  0.0000E+00  5.0000E-01  0.0000E+00  9.1799E-02  0.0000E+00  8.1202E+00  1.0000E+00  5.0000E-01  1.0000E+00  0.0000E+00  0.0000E+00
  8.0000E+00  0.0000E+00  2.4400E+04  0.0000E+00  1.0000E+00  0.0000E+00  0.0000E+00  0.0000E+00  0.0000E+00  0.0000E+00  1.0000E+00  0.0000E+00  0.0000E+00
  8.0000E+00  0.0000E+00  2.4400E+04  0.0000E+00  1.0000E+00  0.0000E+00  0.0000E+00  0.0000E+00  0.0000E+00  0.0000E+00  1.0000E+00  0.0000E+00  0.0000E+00
  8.0000E+00  0.0000E+00  0.0000E+00  0.0000E+00  0.0000E+00  0.0000E+00  0.0000E+00  0.0000E+00  0.0000E+00  0.0000E+00  1.0000E+00  0.0000E+00  0.0000E+00
  8.0000E+00  2.5000E-01  0.0000E+00  4.4400E+00  0.0000E+00  4.6664E+00  0.0000E+00 -8.8599E-02  0.0000E+00  4.4400E+00  2.6635E+00  0.0000E+00  0.0000E+00
  8.0000E+00  5.0000E-01  0.0000E+00  9.7200E+00  0.0000E+00  7.3993E+00  0.0000E+00  5.7274E-01  0.0000E+00  9.7200E+00  4.7197E+00  0.0000E+00  0.0000E+00
  8.0000E+00  1.0000E+00  0.0000E+00  1.7700E+01  0.0000E+00  9.5833E+00  0.0000E+00  1.5467E+00  0.0000E+00  1.7700E+01  7.4293E+00  0.0000E+00  0.0000E+00
  8.0000E+00  2.0000E+00  0.0000E+00  7.3400E+00  0.0000E+00  8.9560E+00  0.0000E+00 -3.2950E-01  0.0000E+00  7.3400E+00  9.3025E+00  0.0000E+00  0.0000E+00
  8.0000E+00  4.0000E+00  0.0000E+00  4.9900E+00  0.0000E+00  5.3641E+00  0.0000E+00 -1.2734E-01  0.0000E+00  4.9900E+00  7.6048E+00  0.0000E+00  0.0000E+00
  8.0000E+00  6.0000E+00  0.0000E+00  6.1800E+00  0.0000E+00  6.5444E+00  0.0000E+00 -1.0167E-01  0.0000E+00  6.1800E+00  8.2601E+00  0.0000E+00  0.0000E+00
  8.0000E+00  8.0000E+00  0.0000E+00  4.5600E+00  0.0000E+00  5.3998E+00  0.0000E+00 -2.8402E-01  0.0000E+00  4.5600E+00  7.1999E+00  0.0000E+00  0.0000E+00
  8.0000E+00  1.2000E+01  0.0000E+00  5.4200E+00  0.0000E+00  3.8708E+00  0.0000E+00  7.3087E-01  0.0000E+00  5.4200E+00  5.3946E+00  0.0000E+00  0.0000E+00
  8.0000E+00  2.4000E+01  0.0000E+00  5.0000E-01  0.0000E+00  5.8070E-02  0.0000E+00  1.3898E+01  1.0000E+00  5.0000E-01  1.0000E+00  0.0000E+00  0.0000E+00
  9.0000E+00  0.0000E+00  6.5700E+04  0.0000E+00  1.0000E+00  0.0000E+00  0.0000E+00  0.0000E+00  0.0000E+00  0.0000E+00  1.0000E+00  0.0000E+00  0.0000E+00
  9.0000E+00  0.0000E+00  6.5700E+04  0.0000E+00  1.0000E+00  0.0000E+00  0.0000E+00  0.0000E+00  0.0000E+00  0.0000E+00  1.0000E+00  0.0000E+00  0.0000E+00
  9.0000E+00  0.0000E+00  0.0000E+00  0.0000E+00  0.0000E+00  0.0000E+00  0.0000E+00  0.0000E+00  0.0000E+00  0.0000E+00  1.0000E+00  0.0000E+00  0.0000E+00
  9.0000E+00  2.5000E-01  0.0000E+00  6.1100E+01  0.0000E+00  5.3076E+01  0.0000E+00  2.7607E-01  0.0000E+00  6.1100E+01  7.1719E+00  0.0000E+00  0.0000E+00
  9.0000E+00  5.0000E-01  0.0000E+00  1.5100E+02  0.0000E+00  6.4869E+01  0.0000E+00  2.4247E+00  0.0000E+00  1.5100E+02  1.2708E+01  0.0000E+00  0.0000E+00
  9.0000E+00  1.0000E+00  0.0000E+00  6.1800E+01  0.0000E+00  6.1676E+01  0.0000E+00  3.6580E-03  0.0000E+00  6.1800E+01  2.0004E+01  0.0000E+00  0.0000E+00
  9.0000E+00  2.0000E+00  0.0000E+00  2.9100E+01  0.0000E+00  4.6697E+01  0.0000E+00 -6.8816E-01  0.0000E+00  2.9100E+01  2.5048E+01  0.0000E+00  0.0000E+00
  9.0000E+00  4.0000E+00  0.0000E+00  1.2200E+01  0.0000E+00  2.6371E+01  0.0000E+00 -9.8132E-01  0.0000E+00  1.2200E+01  2.0477E+01  0.0000E+00  0.0000E+00
  9.0000E+00  6.0000E+00  0.0000E+00  3.5300E+01  0.0000E+00  3.5086E+01  0.0000E+00  1.1126E-02  0.0000E+00  3.5300E+01  2.2241E+01  0.0000E+00  0.0000E+00
  9.0000E+00  8.0000E+00  0.0000E+00  3.1900E+01  0.0000E+00  2.8905E+01  0.0000E+00  1.8925E-01  0.0000E+00  3.1900E+01  1.9387E+01  0.0000E+00  0.0000E+00
  9.0000E+00  1.2000E+01  0.0000E+00  2.0000E+01  0.0000E+00  1.7307E+01  0.0000E+00  2.8421E-01  0.0000E+00  2.0000E+01  1.4526E+01  0.0000E+00  0.0000E+00
  9.0000E+00  2.4000E+01  0.0000E+00  5.0000E-01  0.0000E+00  2.8146E-01  0.0000E+00  1.4179E+00  1.0000E+00  5.0000E-01  1.0000E+00  0.0000E+00  0.0000E+00
  1.0000E+01  0.0000E+00  7.0500E+04  0.0000E+00  1.0000E+00  0.0000E+00  0.0000E+00  0.0000E+00  0.0000E+00  0.0000E+00  1.0000E+00  0.0000E+00  0.0000E+00
  1.0000E+01  0.0000E+00  7.0500E+04  0.0000E+00  1.0000E+00  0.0000E+00  0.0000E+00  0.0000E+00  0.0000E+00  0.0000E+00  1.0000E+00  0.0000E+00  0.0000E+00
  1.0000E+01  0.0000E+00  0.0000E+00  0.0000E+00  0.0000E+00  0.0000E+00  0.0000E+00  0.0000E+00  0.0000E+00  0.0000E+00  1.0000E+00  0.0000E+00  0.0000E+00
  1.0000E+01  2.5000E-01  0.0000E+00  7.4900E+00  0.0000E+00  9.9966E+00  0.0000E+00 -4.5789E-01  0.0000E+00  7.4900E+00  7.6959E+00  0.0000E+00  0.0000E+00
  1.0000E+01  5.0000E-01  0.0000E+00  1.1400E+01  0.0000E+00  1.8225E+01  0.0000E+00 -6.8388E-01  0.0000E+00  1.1400E+01  1.3637E+01  0.0000E+00  0.0000E+00
  1.0000E+01  1.0000E+00  0.0000E+00  4.4700E+01  0.0000E+00  3.0306E+01  0.0000E+00  8.6729E-01  0.0000E+00  4.4700E+01  2.1466E+01  0.0000E+00  0.0000E+00
  1.0000E+01  2.0000E+00  0.0000E+00  4.1200E+01  0.0000E+00  4.2001E+01  0.0000E+00 -3.4832E-02  0.0000E+00  4.1200E+01  2.6878E+01  0.0000E+00  0.0000E+00
  1.0000E+01  4.0000E+00  0.0000E+00  4.5400E+01  0.0000E+00  4.0738E+01  0.0000E+00  2.0897E-01  0.0000E+00  4.5400E+01  2.1973E+01  0.0000E+00  0.0000E+00
  1.0000E+01  6.0000E+00  0.0000E+00  7.5200E+01  0.0000E+00  4.4812E+01  0.0000E+00  1.2383E+00  0.0000E+00  7.5200E+01  2.3866E+01  0.0000E+00  0.0000E+00
  1.0000E+01  8.0000E+00  0.0000E+00  7.7200E+01  0.0000E+00  4.0952E+01  0.0000E+00  1.6164E+00  0.0000E+00  7.7200E+01  2.0803E+01  0.0000E+00  0.0000E+00
  1.0000E+01  1.2000E+01  0.0000E+00  4.3900E+01  0.0000E+00  3.1877E+01  0.0000E+00  6.8877E-01  0.0000E+00  4.3900E+01  1.5587E+01  0.0000E+00  0.0000E+00
  1.0000E+01  2.4000E+01  0.0000E+00  5.0000E-01  0.0000E+00  9.0858E-01  0.0000E+00 -8.2120E-01  1.0000E+00  5.0000E-01  9.9999E-01  0.0000E+00  0.0000E+00
  1.1000E+01  0.0000E+00  7.8600E+04  0.0000E+00  1.0000E+00  0.0000E+00  0.0000E+00  0.0000E+00  0.0000E+00  0.0000E+00  1.0000E+00  0.0000E+00  0.0000E+00
  1.1000E+01  0.0000E+00  7.8600E+04  0.0000E+00  1.0000E+00  0.0000E+00  0.0000E+00  0.0000E+00  0.0000E+00  0.0000E+00  1.0000E+00  0.0000E+00  0.0000E+00
  1.1000E+01  0.0000E+00  0.0000E+00  0.0000E+00  0.0000E+00  0.0000E+00  0.0000E+00  0.0000E+00  0.0000E+00  0.0000E+00  1.0000E+00  0.0000E+00  0.0000E+00
  1.1000E+01  2.5000E-01  0.0000E+00  4.7300E+00  0.0000E+00  1.2881E+01  0.0000E+00 -1.1556E+00  0.0000E+00  4.7300E+00  8.5801E+00  0.0000E+00  0.0000E+00
  1.1000E+01  5.0000E-01  0.0000E+00  8.1400E+00  0.0000E+00  2.2977E+01  0.0000E+00 -1.1792E+00  0.0000E+00  8.1400E+00  1.5204E+01  0.0000E+00  0.0000E+00
  1.1000E+01  1.0000E+00  0.0000E+00  1.2200E+01  0.0000E+00  3.6628E+01  0.0000E+00 -1.2179E+00  0.0000E+00  1.2200E+01  2.3932E+01  0.0000E+00  0.0000E+00
  1.1000E+01  2.0000E+00  0.0000E+00  1.1000E+02  0.0000E+00  4.6917E+01  0.0000E+00  2.4554E+00  0.0000E+00  1.1000E+02  2.9966E+01  0.0000E+00  0.0000E+00
  1.1000E+01  4.0000E+00  0.0000E+00  1.7000E+01  0.0000E+00  3.9751E+01  0.0000E+00 -1.0452E+00  0.0000E+00  1.7000E+01  2.4497E+01  0.0000E+00  0.0000E+00
  1.1000E+01  6.0000E+00  0.0000E+00  1.3500E+01  0.0000E+00  4.3114E+01  0.0000E+00 -1.2543E+00  0.0000E+00  1.3500E+01  2.6608E+01  0.0000E+00  0.0000E+00
  1.1000E+01  8.0000E+00  0.0000E+00  4.1300E+01  0.0000E+00  3.7886E+01  0.0000E+00  1.6457E-01  0.0000E+00  4.1300E+01  2.3193E+01  0.0000E+00  0.0000E+00
  1.1000E+01  1.2000E+01  0.0000E+00  4.7700E+01  0.0000E+00  2.8535E+01  0.0000E+00  1.2265E+00  0.0000E+00  4.7700E+01  1.7378E+01  0.0000E+00  0.0000E+00
  1.1000E+01  2.4000E+01  0.0000E+00  5.0000E-01  0.0000E+00  5.7442E-01  0.0000E+00 -2.3660E-01  1.0000E+00  5.0000E-01  9.9988E-01  0.0000E+00  0.0000E+00
  1.2000E+01  0.0000E+00  6.4500E+04  0.0000E+00  1.0000E+00  0.0000E+00  0.0000E+00  0.0000E+00  0.0000E+00  0.0000E+00  1.0000E+00  0.0000E+00  0.0000E+00
  1.2000E+01  0.0000E+00  6.4500E+04  0.0000E+00  1.0000E+00  0.0000E+00  0.0000E+00  0.0000E+00  0.0000E+00  0.0000E+00  1.0000E+00  0.0000E+00  0.0000E+00
  1.2000E+01  0.0000E+00  0.0000E+00  0.0000E+00  0.0000E+00  0.0000E+00  0.0000E+00  0.0000E+00  0.0000E+00  0.0000E+00  1.0000E+00  0.0000E+00  0.0000E+00
  1.2000E+01  2.5000E-01  0.0000E+00  0.0000E+00  0.0000E+00  9.2647E-01  0.0000E+00 -1.8261E+00  0.0000E+00  0.0000E+00  5.8583E-02  0.0000E+00  0.0000E+00
  1.2000E+01  5.0000E-01  0.0000E+00  0.0000E+00  0.0000E+00  1.7531E+00  0.0000E+00 -1.8261E+00  0.0000E+00  0.0000E+00  4.6501E-02  0.0000E+00  0.0000E+00
  1.2000E+01  1.0000E+00  0.0000E+00  1.6800E+00  0.0000E+00  3.1398E+00  0.0000E+00 -8.4903E-01  0.0000E+00  1.6800E+00  1.9639E+01  0.0000E+00  0.0000E+00
  1.2000E+01  2.0000E+00  0.0000E+00  4.5500E+00  0.0000E+00  5.0446E+00  0.0000E+00 -1.7905E-01  0.0000E+00  4.5500E+00  2.4591E+01  0.0000E+00  0.0000E+00
  1.2000E+01  4.0000E+00  0.0000E+00  8.0700E+00  0.0000E+00  6.5575E+00  0.0000E+00  4.2122E-01  0.0000E+00  8.0700E+00  2.0103E+01  0.0000E+00  0.0000E+00
  1.2000E+01  6.0000E+00  0.0000E+00  1.6500E+01  0.0000E+00  8.1755E+00  0.0000E+00  1.8594E+00  0.0000E+00  1.6500E+01  2.1835E+01  0.0000E+00  0.0000E+00
  1.2000E+01  8.0000E+00  0.0000E+00  8.9500E+00  0.0000E+00  8.7119E+00  0.0000E+00  4.9908E-02  0.0000E+00  8.9500E+00  1.9033E+01  0.0000E+00  0.0000E+00
  1.2000E+01  1.2000E+01  0.0000E+00  9.3700E+00  0.0000E+00  8.5002E+00  0.0000E+00  1.8686E-01  0.0000E+00  9.3700E+00  1.4260E+01  0.0000E+00  0.0000E+00
  1.2000E+01  2.4000E+01  0.0000E+00  1.8200E+00  0.0000E+00  1.7713E+00  0.0000E+00  5.0223E-02  0.0000E+00  1.8200E+00  2.7208E-01  0.0000E+00  0.0000E+00
  1.3000E+01  0.0000E+00  6.6900E+04  0.0000E+00  1.0000E+00  0.0000E+00  0.0000E+00  0.0000E+00  0.0000E+00  0.0000E+00  1.0000E+00  0.0000E+00  0.0000E+00
  1.3000E+01  0.0000E+00  6.6900E+04  0.0000E+00  1.0000E+00  0.0000E+00  0.0000E+00  0.0000E+00  0.0000E+00  0.0000E+00  1.0000E+00  0.0000E+00  0.0000E+00
  1.3000E+01  0.0000E+00  0.0000E+00  0.0000E+00  0.0000E+00  0.0000E+00  0.0000E+00  0.0000E+00  0.0000E+00  0.0000E+00  1.0000E+00  0.0000E+00  0.0000E+00
  1.3000E+01  2.5000E-01  0.0000E+00  2.8600E+00  0.0000E+00  2.4089E+00  0.0000E+00  3.4200E-01  0.0000E+00  2.8600E+00  7.3029E+00  0.0000E+00  0.0000E+00
  1.3000E+01  5.0000E-01  0.0000E+00  5.9700E+00  0.0000E+00  4.4950E+00  0.0000E+00  5.9925E-01  0.0000E+00  5.9700E+00  1.2940E+01  0.0000E+00  0.0000E+00
  1.3000E+01  1.0000E+00  0.0000E+00  9.6700E+00  0.0000E+00  7.8270E+00  0.0000E+00  4.3000E-01  0.0000E+00  9.6700E+00  2.0370E+01  0.0000E+00  0.0000E+00
  1.3000E+01  2.0000E+00  0.0000E+00  8.9800E+00  0.0000E+00  1.1874E+01  0.0000E+00 -4.4508E-01  0.0000E+00  8.9800E+00  2.5506E+01  0.0000E+00  0.0000E+00
  1.3000E+01  4.0000E+00  0.0000E+00  1.7100E+01  0.0000E+00  1.3705E+01  0.0000E+00  4.5236E-01  0.0000E+00  1.7100E+01  2.0851E+01  0.0000E+00  0.0000E+00
  1.3000E+01  6.0000E+00  0.0000E+00  2.7500E+01  0.0000E+00  1.6013E+01  0.0000E+00  1.3100E+00  0.0000E+00  2.7500E+01  2.2648E+01  0.0000E+00  0.0000E+00
  1.3000E+01  8.0000E+00  0.0000E+00  1.5000E+01  0.0000E+00  1.5826E+01  0.0000E+00 -9.5345E-02  0.0000E+00  1.5000E+01  1.9741E+01  0.0000E+00  0.0000E+00
  1.3000E+01  1.2000E+01  0.0000E+00  7.1400E+00  0.0000E+00  1.3611E+01  0.0000E+00 -8.6822E-01  0.0000E+00  7.1400E+00  1.4791E+01  0.0000E+00  0.0000E+00
  1.3000E+01  2.4000E+01  0.0000E+00  1.4000E+00  0.0000E+00  1.0556E+00  0.0000E+00  5.9572E-01  0.0000E+00  1.4000E+00  2.8220E-01  0.0000E+00  0.0000E+00
  1.4000E+01  0.0000E+00  7.7400E+04  0.0000E+00  1.0000E+00  0.0000E+00  0.0000E+00  0.0000E+00  0.0000E+00  0.0000E+00  1.0000E+00  0.0000E+00  0.0000E+00
  1.4000E+01  0.0000E+00  7.7400E+04  0.0000E+00  1.0000E+00  0.0000E+00  0.0000E+00  0.0000E+00  0.0000E+00  0.0000E+00  1.0000E+00  0.0000E+00  0.0000E+00
  1.4000E+01  0.0000E+00  0.0000E+00  0.0000E+00  0.0000E+00  0.0000E+00  0.0000E+00  0.0000E+00  0.0000E+00  0.0000E+00  1.0000E+00  0.0000E+00  0.0000E+00
  1.4000E+01  2.5000E-01  0.0000E+00  0.0000E+00  0.0000E+00  1.3221E+00  0.0000E+00 -1.8261E+00  0.0000E+00  0.0000E+00  5.3698E-02  0.0000E+00  0.0000E+00
  1.4000E+01  5.0000E-01  0.0000E+00  0.0000E+00  0.0000E+00  2.4852E+00  0.0000E+00 -1.8261E+00  0.0000E+00  0.0000E+00  4.4175E-02  0.0000E+00  0.0000E+00
  1.4000E+01  1.0000E+00  0.0000E+00  5.9400E+00  0.0000E+00  4.3916E+00  0.0000E+00  6.4386E-01  0.0000E+00  5.9400E+00  2.3567E+01  0.0000E+00  0.0000E+00
  1.4000E+01  2.0000E+00  0.0000E+00  9.3600E+00  0.0000E+00  6.8641E+00  0.0000E+00  6.6403E-01  0.0000E+00  9.3600E+00  2.9509E+01  0.0000E+00  0.0000E+00
  1.4000E+01  4.0000E+00  0.0000E+00  8.7400E+00  0.0000E+00  8.4214E+00  0.0000E+00  6.9086E-02  0.0000E+00  8.7400E+00  2.4123E+01  0.0000E+00  0.0000E+00
  1.4000E+01  6.0000E+00  0.0000E+00  1.6700E+01  0.0000E+00  1.0151E+01  0.0000E+00  1.1781E+00  0.0000E+00  1.6700E+01  2.6202E+01  0.0000E+00  0.0000E+00
  1.4000E+01  8.0000E+00  0.0000E+00  8.7500E+00  0.0000E+00  1.0405E+01  0.0000E+00 -2.9044E-01  0.0000E+00  8.7500E+00  2.2839E+01  0.0000E+00  0.0000E+00
  1.4000E+01  1.2000E+01  0.0000E+00  3.6200E+00  0.0000E+00  9.4841E+00  0.0000E+00 -1.1291E+00  0.0000E+00  3.6200E+00  1.7112E+01  0.0000E+00  0.0000E+00
  1.4000E+01  2.4000E+01  0.0000E+00  1.4600E+00  0.0000E+00  1.2002E+00  0.0000E+00  3.9522E-01  0.0000E+00  1.4600E+00  3.2650E-01  0.0000E+00  0.0000E+00
  1.5000E+01  0.0000E+00  2.2700E+05  0.0000E+00  1.0000E+00  0.0000E+00  0.0000E+00  0.0000E+00  0.0000E+00  0.0000E+00  1.0000E+00  0.0000E+00  0.0000E+00
  1.5000E+01  0.0000E+00  2.2700E+05  0.0000E+00  1.0000E+00  0.0000E+00  0.0000E+00  0.0000E+00  0.0000E+00  0.0000E+00  1.0000E+00  0.0000E+00  0.0000E+00
  1.5000E+01  0.0000E+00  0.0000E+00  0.0000E+00  0.0000E+00  0.0000E+00  0.0000E+00  0.0000E+00  0.0000E+00  0.0000E+00  1.0000E+00  0.0000E+00  0.0000E+00
  1.5000E+01  2.5000E-01  0.0000E+00  1.1600E+01  0.0000E+00  1.6903E+01  0.0000E+00 -5.7290E-01  0.0000E+00  1.1600E+01  2.4780E+01  0.0000E+00  0.0000E+00
  1.5000E+01  5.0000E-01  0.0000E+00  4.0600E+01  0.0000E+00  2.9659E+01  0.0000E+00  6.7369E-01  0.0000E+00  4.0600E+01  4.3909E+01  0.0000E+00  0.0000E+00
  1.5000E+01  1.0000E+00  0.0000E+00  7.2100E+01  0.0000E+00  4.5831E+01  0.0000E+00  1.0467E+00  0.0000E+00  7.2100E+01  6.9117E+01  0.0000E+00  0.0000E+00
  1.5000E+01  2.0000E+00  0.0000E+00  3.9700E+01  0.0000E+00  5.5552E+01  0.0000E+00 -5.2111E-01  0.0000E+00  3.9700E+01  8.6544E+01  0.0000E+00  0.0000E+00
  1.5000E+01  4.0000E+00  0.0000E+00  4.5700E+01  0.0000E+00  4.3266E+01  0.0000E+00  1.0272E-01  0.0000E+00  4.5700E+01  7.0749E+01  0.0000E+00  0.0000E+00
  1.5000E+01  6.0000E+00  0.0000E+00  6.1800E+01  0.0000E+00  4.7257E+01  0.0000E+00  5.6200E-01  0.0000E+00  6.1800E+01  7.6846E+01  0.0000E+00  0.0000E+00
  1.5000E+01  8.0000E+00  0.0000E+00  5.6100E+01  0.0000E+00  4.0784E+01  0.0000E+00  6.8577E-01  0.0000E+00  5.6100E+01  6.6983E+01  0.0000E+00  0.0000E+00
  1.5000E+01  1.2000E+01  0.0000E+00  2.7000E+01  0.0000E+00  3.0380E+01  0.0000E+00 -2.0318E-01  0.0000E+00  2.7000E+01  5.0187E+01  0.0000E+00  0.0000E+00
  1.5000E+01  2.4000E+01  0.0000E+00  5.0000E-01  0.0000E+00  5.4684E-01  0.0000E+00 -1.5641E-01  1.0000E+00  5.0000E-01  5.3226E-01  0.0000E+00  0.0000E+00
  1.6000E+01  0.0000E+00  2.1500E+05  0.0000E+00  1.0000E+00  0.0000E+00  0.0000E+00  0.0000E+00  0.0000E+00  0.0000E+00  1.0000E+00  0.0000E+00  0.0000E+00
  1.6000E+01  0.0000E+00  2.1500E+05  0.0000E+00  1.0000E+00  0.0000E+00  0.0000E+00  0.0000E+00  0.0000E+00  0.0000E+00  1.0000E+00  0.0000E+00  0.0000E+00
  1.6000E+01  0.0000E+00  0.0000E+00  0.0000E+00  0.0000E+00  0.0000E+00  0.0000E+00  0.0000E+00  0.0000E+00  0.0000E+00  1.0000E+00  0.0000E+00  0.0000E+00
  1.6000E+01  2.5000E-01  0.0000E+00  6.4700E+00  0.0000E+00  3.8579E+01  0.0000E+00 -1.5199E+00  0.0000E+00  6.4700E+00  2.3470E+01  0.0000E+00  0.0000E+00
  1.6000E+01  5.0000E-01  0.0000E+00  1.1400E+01  0.0000E+00  6.9816E+01  0.0000E+00 -1.5280E+00  0.0000E+00  1.1400E+01  4.1587E+01  0.0000E+00  0.0000E+00
  1.6000E+01  1.0000E+00  0.0000E+00  1.5500E+02  0.0000E+00  1.1443E+02  0.0000E+00  6.4743E-01  0.0000E+00  1.5500E+02  6.5463E+01  0.0000E+00  0.0000E+00
  1.6000E+01  2.0000E+00  0.0000E+00  1.9400E+02  0.0000E+00  1.5430E+02  0.0000E+00  4.6989E-01  0.0000E+00  1.9400E+02  8.1969E+01  0.0000E+00  0.0000E+00
  1.6000E+01  4.0000E+00  0.0000E+00  8.8000E+01  0.0000E+00  1.4251E+02  0.0000E+00 -6.9848E-01  0.0000E+00  8.8000E+01  6.7009E+01  0.0000E+00  0.0000E+00
  1.6000E+01  6.0000E+00  0.0000E+00  3.2400E+02  0.0000E+00  1.5542E+02  0.0000E+00  1.9809E+00  0.0000E+00  3.2400E+02  7.2784E+01  0.0000E+00  0.0000E+00
  1.6000E+01  8.0000E+00  0.0000E+00  2.5300E+02  0.0000E+00  1.3977E+02  0.0000E+00  1.4793E+00  0.0000E+00  2.5300E+02  6.3442E+01  0.0000E+00  0.0000E+00
  1.6000E+01  1.2000E+01  0.0000E+00  7.2500E+01  0.0000E+00  1.0718E+02  0.0000E+00 -5.9088E-01  0.0000E+00  7.2500E+01  4.7534E+01  0.0000E+00  0.0000E+00
  1.6000E+01  2.4000E+01  0.0000E+00  5.0000E-01  0.0000E+00  2.6030E+00  0.0000E+00 -1.4754E+00  1.0000E+00  5.0000E-01  5.7432E-01  0.0000E+00  0.0000E+00
  1.7000E+01  0.0000E+00  2.4900E+05  0.0000E+00  1.0000E+00  0.0000E+00  0.0000E+00  0.0000E+00  0.0000E+00  0.0000E+00  1.0000E+00  0.0000E+00  0.0000E+00
  1.7000E+01  0.0000E+00  2.4900E+05  0.0000E+00  1.0000E+00  0.0000E+00  0.0000E+00  0.0000E+00  0.0000E+00  0.0000E+00  1.0000E+00  0.0000E+00  0.0000E+00
  1.7000E+01  0.0000E+00  0.0000E+00  0.0000E+00  0.0000E+00  0.0000E+00  0.0000E+00  0.0000E+00  0.0000E+00  0.0000E+00  1.0000E+00  0.0000E+00  0.0000E+00
  1.7000E+01  2.5000E-01  0.0000E+00  1.0800E+01  0.0000E+00  1.2819E+01  0.0000E+00 -2.8761E-01  0.0000E+00  1.0800E+01  2.7181E+01  0.0000E+00  0.0000E+00
  1.7000E+01  5.0000E-01  0.0000E+00  1.7400E+01  0.0000E+00  2.3447E+01  0.0000E+00 -4.7095E-01  0.0000E+00  1.7400E+01  4.8164E+01  0.0000E+00  0.0000E+00
  1.7000E+01  1.0000E+00  0.0000E+00  4.2300E+01  0.0000E+00  3.9239E+01  0.0000E+00  1.4247E-01  0.0000E+00  4.2300E+01  7.5815E+01  0.0000E+00  0.0000E+00
  1.7000E+01  2.0000E+00  0.0000E+00  4.8500E+01  0.0000E+00  5.5050E+01  0.0000E+00 -2.1728E-01  0.0000E+00  4.8500E+01  9.4931E+01  0.0000E+00  0.0000E+00
  1.7000E+01  4.0000E+00  0.0000E+00  5.4500E+01  0.0000E+00  5.4608E+01  0.0000E+00 -3.6077E-03  0.0000E+00  5.4500E+01  7.7606E+01  0.0000E+00  0.0000E+00
  1.7000E+01  6.0000E+00  0.0000E+00  1.3500E+02  0.0000E+00  6.0384E+01  0.0000E+00  2.2565E+00  0.0000E+00  1.3500E+02  8.4294E+01  0.0000E+00  0.0000E+00
  1.7000E+01  8.0000E+00  0.0000E+00  6.3900E+01  0.0000E+00  5.5634E+01  0.0000E+00  2.7133E-01  0.0000E+00  6.3900E+01  7.3475E+01  0.0000E+00  0.0000E+00
  1.7000E+01  1.2000E+01  0.0000E+00  3.6300E+01  0.0000E+00  4.3672E+01  0.0000E+00 -3.0825E-01  0.0000E+00  3.6300E+01  5.5051E+01  0.0000E+00  0.0000E+00
  1.7000E+01  2.4000E+01  0.0000E+00  5.0000E-01  0.0000E+00  1.3622E+00  0.0000E+00 -1.1559E+00  1.0000E+00  5.0000E-01  4.6512E-01  0.0000E+00  0.0000E+00
