TABLE NO.  1
 ID          TIME        AMT         CMT         DV          MDV         IPRED       CWRES       IWRES       ROUTE       DOSE        DV          PRED        RES         WRES
  1.0000E+00  0.0000E+00  2.7680E+05  1.0000E+00  0.0000E+00  1.0000E+00  8.5362E+03  0.0000E+00 -7.0529E-01  1.0000E+00  1.0000E+01  0.0000E+00  8.5362E+03  0.0000E+00  0.0000E+00
  1.0000E+00  3.3000E-02  0.0000E+00  1.0000E+00  7.3336E+03  0.0000E+00  2.9413E+03  1.0532E+00  1.0532E+00  1.0000E+00  1.0000E+01  7.3336E+03  2.9413E+03  4.3923E+03  1.0532E+00
  2.0000E+00  0.0000E+00  2.6980E+05  1.0000E+00  0.0000E+00  1.0000E+00  8.3203E+03  0.0000E+00 -7.0529E-01  1.0000E+00  1.0000E+01  0.0000E+00  8.3203E+03  0.0000E+00  0.0000E+00
  2.0000E+00  3.3000E-02  0.0000E+00  1.0000E+00  4.6639E+03  0.0000E+00  2.8669E+03  4.4208E-01  4.4208E-01  1.0000E+00  1.0000E+01  4.6639E+03  2.8669E+03  1.7970E+03  4.4208E-01
  3.0000E+00  0.0000E+00  2.9570E+05  1.0000E+00  0.0000E+00  1.0000E+00  9.1190E+03  0.0000E+00 -7.0529E-01  1.0000E+00  1.0000E+01  0.0000E+00  9.1190E+03  0.0000E+00  0.0000E+00
  3.0000E+00  3.3000E-02  0.0000E+00  1.0000E+00  3.7945E+03  0.0000E+00  3.1421E+03  1.4643E-01  1.4643E-01  1.0000E+00  1.0000E+01  3.7945E+03  3.1421E+03  6.5235E+02  1.4643E-01
  4.0000E+00  0.0000E+00  2.9840E+05  1.0000E+00  0.0000E+00  1.0000E+00  9.2023E+03  0.0000E+00 -7.0529E-01  1.0000E+00  1.0000E+01  0.0000E+00  9.2023E+03  0.0000E+00  0.0000E+00
  4.0000E+00  8.3000E-02  0.0000E+00  1.0000E+00  1.1915E+03  0.0000E+00  7.4788E+02  4.1835E-01  4.1835E-01  1.0000E+00  1.0000E+01  1.1915E+03  7.4788E+02  4.4362E+02  4.1835E-01
  5.0000E+00  0.0000E+00  2.7970E+05  1.0000E+00  0.0000E+00  1.0000E+00  8.6256E+03  0.0000E+00 -7.0529E-01  1.0000E+00  1.0000E+01  0.0000E+00  8.6256E+03  0.0000E+00  0.0000E+00
  5.0000E+00  8.3000E-02  0.0000E+00  1.0000E+00  1.1788E+03  0.0000E+00  7.0102E+02  4.8071E-01  4.8071E-01  1.0000E+00  1.0000E+01  1.1788E+03  7.0102E+02  4.7779E+02  4.8071E-01
  6.0000E+00  0.0000E+00  3.0520E+05  1.0000E+00  0.0000E+00  1.0000E+00  9.4120E+03  0.0000E+00 -7.0529E-01  1.0000E+00  1.0000E+01  0.0000E+00  9.4120E+03  0.0000E+00  0.0000E+00
  6.0000E+00  8.3000E-02  0.0000E+00  1.0000E+00  1.2588E+03  0.0000E+00  7.6493E+02  4.5536E-01  4.5536E-01  1.0000E+00  1.0000E+01  1.2588E+03  7.6493E+02  4.9386E+02  4.5536E-01
  7.0000E+00  0.0000E+00  2.8200E+05  1.0000E+00  0.0000E+00  1.0000E+00  8.6966E+03  0.0000E+00 -7.0529E-01  1.0000E+00  1.0000E+01  0.0000E+00  8.6966E+03  0.0000E+00  0.0000E+00
  7.0000E+00  2.5000E-01  0.0000E+00  1.0000E+00  8.7932E+02  0.0000E+00  1.7700E+02  2.7985E+00  2.7985E+00  1.0000E+00  1.0000E+01  8.7932E+02  1.7700E+02  7.0232E+02  2.7985E+00
  8.0000E+00  0.0000E+00  2.7560E+05  1.0000E+00  0.0000E+00  1.0000E+00  8.4992E+03  0.0000E+00 -7.0529E-01  1.0000E+00  1.0000E+01  0.0000E+00  8.4992E+03  0.0000E+00  0.0000E+00
  8.0000E+00  2.5000E-01  0.0000E+00  1.0000E+00  5.2594E+02  0.0000E+00  1.7299E+02  1.4390E+00  1.4390E+00  1.0000E+00  1.0000E+01  5.2594E+02  1.7299E+02  3.5295E+02  1.4390E+00
  9.0000E+00  0.0000E+00  2.8240E+05  1.0000E+00  0.0000E+00  1.0000E+00  8.7089E+03  0.0000E+00 -7.0529E-01  1.0000E+00  1.0000E+01  0.0000E+00  8.7089E+03  0.0000E+00  0.0000E+00
  9.0000E+00  2.5000E-01  0.0000E+00  1.0000E+00  5.4645E+02  0.0000E+00  1.7725E+02  1.4690E+00  1.4690E+00  1.0000E+00  1.0000E+01  5.4645E+02  1.7725E+02  3.6920E+02  1.4690E+00
  1.0000E+01  0.0000E+00  2.8360E+05  1.0000E+00  0.0000E+00  1.0000E+00  8.7459E+03  0.0000E+00 -7.0529E-01  1.0000E+00  1.0000E+01  0.0000E+00  8.7459E+03  0.0000E+00  0.0000E+00
  1.0000E+01  5.0000E-01  0.0000E+00  1.0000E+00  1.2562E+03  0.0000E+00  1.6758E+02  4.5817E+00  4.5817E+00  1.0000E+00  1.0000E+01  1.2562E+03  1.6758E+02  1.0886E+03  4.5817E+00
  1.1000E+01  0.0000E+00  3.0380E+05  1.0000E+00  0.0000E+00  1.0000E+00  9.3688E+03  0.0000E+00 -7.0529E-01  1.0000E+00  1.0000E+01  0.0000E+00  9.3688E+03  0.0000E+00  0.0000E+00
  1.1000E+01  5.0000E-01  0.0000E+00  1.0000E+00  3.5647E+02  0.0000E+00  1.7952E+02  6.9522E-01  6.9522E-01  1.0000E+00  1.0000E+01  3.5647E+02  1.7952E+02  1.7695E+02  6.9522E-01
  1.2000E+01  0.0000E+00  2.7610E+05  1.0000E+00  0.0000E+00  1.0000E+00  8.5146E+03  0.0000E+00 -7.0529E-01  1.0000E+00  1.0000E+01  0.0000E+00  8.5146E+03  0.0000E+00  0.0000E+00
  1.2000E+01  5.0000E-01  0.0000E+00  1.0000E+00  4.9880E+01  0.0000E+00  1.6315E+02 -4.8966E-01 -4.8966E-01  1.0000E+00  1.0000E+01  4.9880E+01  1.6315E+02 -1.1327E+02 -4.8966E-01
  1.3000E+01  0.0000E+00  2.8890E+05  1.0000E+00  0.0000E+00  1.0000E+00  8.9093E+03  0.0000E+00 -7.0529E-01  1.0000E+00  1.0000E+01  0.0000E+00  8.9093E+03  0.0000E+00  0.0000E+00
  1.3000E+01  7.5000E-01  0.0000E+00  1.0000E+00  2.3189E+02  0.0000E+00  1.6249E+02  3.0121E-01  3.0121E-01  1.0000E+00  1.0000E+01  2.3189E+02  1.6249E+02  6.9397E+01  3.0121E-01
  1.4000E+01  0.0000E+00  2.7910E+05  1.0000E+00  0.0000E+00  1.0000E+00  8.6071E+03  0.0000E+00 -7.0529E-01  1.0000E+00  1.0000E+01  0.0000E+00  8.6071E+03  0.0000E+00  0.0000E+00
  1.4000E+01  7.5000E-01  0.0000E+00  1.0000E+00  0.0000E+00  0.0000E+00  1.5698E+02 -7.0529E-01 -7.0529E-01  1.0000E+00  1.0000E+01  0.0000E+00  1.5698E+02 -1.5698E+02 -7.0529E-01
  1.5000E+01  0.0000E+00  2.9030E+05  1.0000E+00  0.0000E+00  1.0000E+00  8.9525E+03  0.0000E+00 -7.0529E-01  1.0000E+00  1.0000E+01  0.0000E+00  8.9525E+03  0.0000E+00  0.0000E+00
  1.5000E+01  7.5000E-01  0.0000E+00  1.0000E+00  1.6510E+01  0.0000E+00  1.6328E+02 -6.3397E-01 -6.3397E-01  1.0000E+00  1.0000E+01  1.6510E+01  1.6328E+02 -1.4677E+02 -6.3397E-01
  1.6000E+01  0.0000E+00  2.7740E+05  1.0000E+00  0.0000E+00  1.0000E+00  8.5547E+03  0.0000E+00 -7.0529E-01  1.0000E+00  1.0000E+01  0.0000E+00  8.5547E+03  0.0000E+00  0.0000E+00
  1.6000E+01  1.0000E+00  0.0000E+00  1.0000E+00  3.0794E+02  0.0000E+00  1.4851E+02  7.5711E-01  7.5711E-01  1.0000E+00  1.0000E+01  3.0794E+02  1.4851E+02  1.5943E+02  7.5711E-01
  1.7000E+01  0.0000E+00  2.8000E+05  1.0000E+00  0.0000E+00  1.0000E+00  8.6349E+03  0.0000E+00 -7.0529E-01  1.0000E+00  1.0000E+01  0.0000E+00  8.6349E+03  0.0000E+00  0.0000E+00
  1.7000E+01  1.0000E+00  0.0000E+00  1.0000E+00  5.5186E+02  0.0000E+00  1.4991E+02  1.8911E+00  1.8911E+00  1.0000E+00  1.0000E+01  5.5186E+02  1.4991E+02  4.0195E+02  1.8911E+00
  1.8000E+01  0.0000E+00  2.9030E+05  1.0000E+00  0.0000E+00  1.0000E+00  8.9525E+03  0.0000E+00 -7.0529E-01  1.0000E+00  1.0000E+01  0.0000E+00  8.9525E+03  0.0000E+00  0.0000E+00
  1.8000E+01  1.0000E+00  0.0000E+00  1.0000E+00  6.6900E+00  0.0000E+00  1.5542E+02 -6.7493E-01 -6.7493E-01  1.0000E+00  1.0000E+01  6.6900E+00  1.5542E+02 -1.4873E+02 -6.7493E-01
  1.9000E+01  0.0000E+00  2.8100E+05  1.0000E+00  0.0000E+00  1.0000E+00  8.6657E+03  0.0000E+00 -7.0529E-01  1.0000E+00  1.0000E+01  0.0000E+00  8.6657E+03  0.0000E+00  0.0000E+00
  1.9000E+01  2.0000E+00  0.0000E+00  1.0000E+00  9.0000E-01  0.0000E+00  1.2350E+02 -7.0015E-01 -7.0015E-01  1.0000E+00  1.0000E+01  9.0000E-01  1.2350E+02 -1.2260E+02 -7.0015E-01
  2.0000E+01  0.0000E+00  2.7670E+05  1.0000E+00  0.0000E+00  1.0000E+00  8.5331E+03  0.0000E+00 -7.0529E-01  1.0000E+00  1.0000E+01  0.0000E+00  8.5331E+03  0.0000E+00  0.0000E+00
  2.0000E+01  2.0000E+00  0.0000E+00  1.0000E+00  4.8000E+00  0.0000E+00  1.2161E+02 -6.7745E-01 -6.7745E-01  1.0000E+00  1.0000E+01  4.8000E+00  1.2161E+02 -1.1681E+02 -6.7745E-01
  2.1000E+01  0.0000E+00  2.6520E+05  1.0000E+00  0.0000E+00  1.0000E+00  8.1785E+03  0.0000E+00 -7.0529E-01  1.0000E+00  1.0000E+01  0.0000E+00  8.1785E+03  0.0000E+00  0.0000E+00
  2.1000E+01  2.0000E+00  0.0000E+00  1.0000E+00  3.6000E+00  0.0000E+00  1.1655E+02 -6.8350E-01 -6.8350E-01  1.0000E+00  1.0000E+01  3.6000E+00  1.1655E+02 -1.1295E+02 -6.8350E-01
  2.5000E+01  0.0000E+00  2.7030E+05  1.0000E+00  0.0000E+00  1.0000E+00  8.3357E+03  0.0000E+00 -7.0529E-01  1.0000E+00  1.0000E+01  0.0000E+00  8.3357E+03  0.0000E+00  0.0000E+00
  2.5000E+01  4.0000E+00  0.0000E+00  1.0000E+00  1.0200E+00  0.0000E+00  8.0052E+01 -6.9630E-01 -6.9630E-01  1.0000E+00  1.0000E+01  1.0200E+00  8.0052E+01 -7.9032E+01 -6.9630E-01
  2.6000E+01  0.0000E+00  2.8290E+05  1.0000E+00  0.0000E+00  1.0000E+00  8.7243E+03  0.0000E+00 -7.0529E-01  1.0000E+00  1.0000E+01  0.0000E+00  8.7243E+03  0.0000E+00  0.0000E+00
  2.6000E+01  4.0000E+00  0.0000E+00  1.0000E+00  3.0000E-02  0.0000E+00  8.3783E+01 -7.0504E-01 -7.0504E-01  1.0000E+00  1.0000E+01  3.0000E-02  8.3783E+01 -8.3753E+01 -7.0504E-01
  2.7000E+01  0.0000E+00  2.7840E+05  1.0000E+00  0.0000E+00  1.0000E+00  8.5855E+03  0.0000E+00 -7.0529E-01  1.0000E+00  1.0000E+01  0.0000E+00  8.5855E+03  0.0000E+00  0.0000E+00
  2.7000E+01  4.0000E+00  0.0000E+00  1.0000E+00  1.2000E+00  0.0000E+00  8.2451E+01 -6.9502E-01 -6.9502E-01  1.0000E+00  1.0000E+01  1.2000E+00  8.2451E+01 -8.1251E+01 -6.9502E-01
  2.8000E+01  0.0000E+00  2.7880E+05  1.0000E+00  0.0000E+00  1.0000E+00  8.5979E+03  0.0000E+00 -7.0529E-01  1.0000E+00  1.0000E+01  0.0000E+00  8.5979E+03  0.0000E+00  0.0000E+00
  2.8000E+01  6.0000E+00  0.0000E+00  1.0000E+00  0.0000E+00  1.0000E+00  5.5641E+01  0.0000E+00 -7.0529E-01  1.0000E+00  1.0000E+01  0.0000E+00  5.5641E+01  0.0000E+00  0.0000E+00
  2.9000E+01  0.0000E+00  2.6510E+05  1.0000E+00  0.0000E+00  1.0000E+00  8.1754E+03  0.0000E+00 -7.0529E-01  1.0000E+00  1.0000E+01  0.0000E+00  8.1754E+03  0.0000E+00  0.0000E+00
  2.9000E+01  6.0000E+00  0.0000E+00  1.0000E+00  6.0000E-01  0.0000E+00  5.2907E+01 -6.9729E-01 -6.9729E-01  1.0000E+00  1.0000E+01  6.0000E-01  5.2907E+01 -5.2307E+01 -6.9729E-01
  3.0000E+01  0.0000E+00  2.8940E+05  1.0000E+00  0.0000E+00  1.0000E+00  8.9248E+03  0.0000E+00 -7.0529E-01  1.0000E+00  1.0000E+01  0.0000E+00  8.9248E+03  0.0000E+00  0.0000E+00
  3.0000E+01  6.0000E+00  0.0000E+00  1.0000E+00  3.0500E+00  0.0000E+00  5.7756E+01 -6.6804E-01 -6.6804E-01  1.0000E+00  1.0000E+01  3.0500E+00  5.7756E+01 -5.4706E+01 -6.6804E-01
  3.1000E+01  0.0000E+00  2.8210E+05  1.0000E+00  0.0000E+00  1.0000E+00  8.6996E+03  0.0000E+00 -7.0529E-01  1.0000E+00  1.0000E+01  0.0000E+00  8.6996E+03  0.0000E+00  0.0000E+00
  3.1000E+01  8.0000E+00  0.0000E+00  1.0000E+00  6.1000E-01  0.0000E+00  3.7939E+01 -6.9395E-01 -6.9395E-01  1.0000E+00  1.0000E+01  6.1000E-01  3.7939E+01 -3.7329E+01 -6.9395E-01
  3.2000E+01  0.0000E+00  2.7200E+05  1.0000E+00  0.0000E+00  1.0000E+00  8.3882E+03  0.0000E+00 -7.0529E-01  1.0000E+00  1.0000E+01  0.0000E+00  8.3882E+03  0.0000E+00  0.0000E+00
  3.2000E+01  8.0000E+00  0.0000E+00  1.0000E+00  8.5000E-01  0.0000E+00  3.6580E+01 -6.8890E-01 -6.8890E-01  1.0000E+00  1.0000E+01  8.5000E-01  3.6580E+01 -3.5730E+01 -6.8890E-01
  3.3000E+01  0.0000E+00  2.7720E+05  1.0000E+00  0.0000E+00  1.0000E+00  8.5485E+03  0.0000E+00 -7.0529E-01  1.0000E+00  1.0000E+01  0.0000E+00  8.5485E+03  0.0000E+00  0.0000E+00
  3.3000E+01  8.0000E+00  0.0000E+00  1.0000E+00  3.8000E-01  0.0000E+00  3.7280E+01 -6.9810E-01 -6.9810E-01  1.0000E+00  1.0000E+01  3.8000E-01  3.7280E+01 -3.6900E+01 -6.9810E-01
  3.4000E+01  0.0000E+00  2.7340E+05  1.0000E+00  0.0000E+00  1.0000E+00  0.0000E+00  0.0000E+00  0.0000E+00  2.0000E+00  1.0000E+01  0.0000E+00  0.0000E+00  0.0000E+00  0.0000E+00
  3.4000E+01  0.0000E+00  0.0000E+00  1.0000E+00  0.0000E+00  0.0000E+00  0.0000E+00  0.0000E+00  0.0000E+00  2.0000E+00  1.0000E+01  0.0000E+00  0.0000E+00  0.0000E+00  0.0000E+00
  3.4000E+01  3.3000E-02  0.0000E+00  1.0000E+00  2.1440E+01  0.0000E+00  7.2623E+00  1.3769E+00  1.3769E+00  2.0000E+00  1.0000E+01  2.1440E+01  7.2623E+00  1.4178E+01  1.3769E+00
  3.5000E+01  0.0000E+00  2.7740E+05  1.0000E+00  0.0000E+00  1.0000E+00  0.0000E+00  0.0000E+00  0.0000E+00  2.0000E+00  1.0000E+01  0.0000E+00  0.0000E+00  0.0000E+00  0.0000E+00
  3.5000E+01  0.0000E+00  0.0000E+00  1.0000E+00  0.0000E+00  0.0000E+00  0.0000E+00  0.0000E+00  0.0000E+00  2.0000E+00  1.0000E+01  0.0000E+00  0.0000E+00  0.0000E+00  0.0000E+00
  3.5000E+01  3.3000E-02  0.0000E+00  1.0000E+00  1.6600E+01  0.0000E+00  7.3686E+00  8.8360E-01  8.8360E-01  2.0000E+00  1.0000E+01  1.6600E+01  7.3686E+00  9.2314E+00  8.8360E-01
  3.6000E+01  0.0000E+00  2.7080E+05  1.0000E+00  0.0000E+00  1.0000E+00  0.0000E+00  0.0000E+00  0.0000E+00  2.0000E+00  1.0000E+01  0.0000E+00  0.0000E+00  0.0000E+00  0.0000E+00
  3.6000E+01  0.0000E+00  0.0000E+00  1.0000E+00  0.0000E+00  0.0000E+00  0.0000E+00  0.0000E+00  0.0000E+00  2.0000E+00  1.0000E+01  0.0000E+00  0.0000E+00  0.0000E+00  0.0000E+00
  3.6000E+01  3.3000E-02  0.0000E+00  1.0000E+00  2.2370E+01  0.0000E+00  7.1932E+00  1.4881E+00  1.4881E+00  2.0000E+00  1.0000E+01  2.2370E+01  7.1932E+00  1.5177E+01  1.4881E+00
  3.7000E+01  0.0000E+00  2.7300E+05  1.0000E+00  0.0000E+00  1.0000E+00  0.0000E+00  0.0000E+00  0.0000E+00  2.0000E+00  1.0000E+01  0.0000E+00  0.0000E+00  0.0000E+00  0.0000E+00
  3.7000E+01  0.0000E+00  0.0000E+00  1.0000E+00  0.0000E+00  0.0000E+00  0.0000E+00  0.0000E+00  0.0000E+00  2.0000E+00  1.0000E+01  0.0000E+00  0.0000E+00  0.0000E+00  0.0000E+00
  3.7000E+01  8.3000E-02  0.0000E+00  1.0000E+00  2.5680E+01  0.0000E+00  1.0438E+01  1.0299E+00  1.0299E+00  2.0000E+00  1.0000E+01  2.5680E+01  1.0438E+01  1.5242E+01  1.0299E+00
  3.8000E+01  0.0000E+00  2.9290E+05  1.0000E+00  0.0000E+00  1.0000E+00  0.0000E+00  0.0000E+00  0.0000E+00  2.0000E+00  1.0000E+01  0.0000E+00  0.0000E+00  0.0000E+00  0.0000E+00
  3.8000E+01  0.0000E+00  0.0000E+00  1.0000E+00  0.0000E+00  0.0000E+00  0.0000E+00  0.0000E+00  0.0000E+00  2.0000E+00  1.0000E+01  0.0000E+00  0.0000E+00  0.0000E+00  0.0000E+00
  3.8000E+01  8.3000E-02  0.0000E+00  1.0000E+00  9.5200E+00  0.0000E+00  1.1199E+01 -1.0572E-01 -1.0572E-01  2.0000E+00  1.0000E+01  9.5200E+00  1.1199E+01 -1.6786E+00 -1.0572E-01
  3.9000E+01  0.0000E+00  2.6590E+05  1.0000E+00  0.0000E+00  1.0000E+00  0.0000E+00  0.0000E+00  0.0000E+00  2.0000E+00  1.0000E+01  0.0000E+00  0.0000E+00  0.0000E+00  0.0000E+00
  3.9000E+01  0.0000E+00  0.0000E+00  1.0000E+00  0.0000E+00  0.0000E+00  0.0000E+00  0.0000E+00  0.0000E+00  2.0000E+00  1.0000E+01  0.0000E+00  0.0000E+00  0.0000E+00  0.0000E+00
  3.9000E+01  8.3000E-02  0.0000E+00  1.0000E+00  4.6710E+01  0.0000E+00  1.0166E+01  2.5352E+00  2.5352E+00  2.0000E+00  1.0000E+01  4.6710E+01  1.0166E+01  3.6544E+01  2.5352E+00
  4.0000E+01  0.0000E+00  2.6870E+05  1.0000E+00  0.0000E+00  1.0000E+00  0.0000E+00  0.0000E+00  0.0000E+00  2.0000E+00  1.0000E+01  0.0000E+00  0.0000E+00  0.0000E+00  0.0000E+00
  4.0000E+01  0.0000E+00  0.0000E+00  1.0000E+00  0.0000E+00  0.0000E+00  0.0000E+00  0.0000E+00  0.0000E+00  2.0000E+00  1.0000E+01  0.0000E+00  0.0000E+00  0.0000E+00  0.0000E+00
  4.0000E+01  2.5000E-01  0.0000E+00  1.0000E+00  4.4580E+01  0.0000E+00  1.2113E+01  1.8905E+00  1.8905E+00  2.0000E+00  1.0000E+01  4.4580E+01  1.2113E+01  3.2467E+01  1.8905E+00
  4.1000E+01  0.0000E+00  2.7380E+05  1.0000E+00  0.0000E+00  1.0000E+00  0.0000E+00  0.0000E+00  0.0000E+00  2.0000E+00  1.0000E+01  0.0000E+00  0.0000E+00  0.0000E+00  0.0000E+00
  4.1000E+01  0.0000E+00  0.0000E+00  1.0000E+00  0.0000E+00  0.0000E+00  0.0000E+00  0.0000E+00  0.0000E+00  2.0000E+00  1.0000E+01  0.0000E+00  0.0000E+00  0.0000E+00  0.0000E+00
  4.1000E+01  2.5000E-01  0.0000E+00  1.0000E+00  3.0570E+01  0.0000E+00  1.2343E+01  1.0416E+00  1.0416E+00  2.0000E+00  1.0000E+01  3.0570E+01  1.2343E+01  1.8227E+01  1.0416E+00
  4.2000E+01  0.0000E+00  2.7710E+05  1.0000E+00  0.0000E+00  1.0000E+00  0.0000E+00  0.0000E+00  0.0000E+00  2.0000E+00  1.0000E+01  0.0000E+00  0.0000E+00  0.0000E+00  0.0000E+00
  4.2000E+01  0.0000E+00  0.0000E+00  1.0000E+00  0.0000E+00  0.0000E+00  0.0000E+00  0.0000E+00  0.0000E+00  2.0000E+00  1.0000E+01  0.0000E+00  0.0000E+00  0.0000E+00  0.0000E+00
  4.2000E+01  2.5000E-01  0.0000E+00  1.0000E+00  5.0100E+00  0.0000E+00  1.2491E+01 -4.2242E-01 -4.2242E-01  2.0000E+00  1.0000E+01  5.0100E+00  1.2491E+01 -7.4814E+00 -4.2242E-01
  4.3000E+01  0.0000E+00  2.8320E+05  1.0000E+00  0.0000E+00  1.0000E+00  0.0000E+00  0.0000E+00  0.0000E+00  2.0000E+00  1.0000E+01  0.0000E+00  0.0000E+00  0.0000E+00  0.0000E+00
  4.3000E+01  0.0000E+00  0.0000E+00  1.0000E+00  0.0000E+00  0.0000E+00  0.0000E+00  0.0000E+00  0.0000E+00  2.0000E+00  1.0000E+01  0.0000E+00  0.0000E+00  0.0000E+00  0.0000E+00
  4.3000E+01  5.0000E-01  0.0000E+00  1.0000E+00  2.1490E+01  0.0000E+00  1.4595E+01  3.3321E-01  3.3321E-01  2.0000E+00  1.0000E+01  2.1490E+01  1.4595E+01  6.8952E+00  3.3321E-01
  4.4000E+01  0.0000E+00  2.9510E+05  1.0000E+00  0.0000E+00  1.0000E+00  0.0000E+00  0.0000E+00  0.0000E+00  2.0000E+00  1.0000E+01  0.0000E+00  0.0000E+00  0.0000E+00  0.0000E+00
  4.4000E+01  0.0000E+00  0.0000E+00  1.0000E+00  0.0000E+00  0.0000E+00  0.0000E+00  0.0000E+00  0.0000E+00  2.0000E+00  1.0000E+01  0.0000E+00  0.0000E+00  0.0000E+00  0.0000E+00
  4.4000E+01  5.0000E-01  0.0000E+00  1.0000E+00  4.7160E+01  0.0000E+00  1.5208E+01  1.4818E+00  1.4818E+00  2.0000E+00  1.0000E+01  4.7160E+01  1.5208E+01  3.1952E+01  1.4818E+00
  4.5000E+01  0.0000E+00  3.0100E+05  1.0000E+00  0.0000E+00  1.0000E+00  0.0000E+00  0.0000E+00  0.0000E+00  2.0000E+00  1.0000E+01  0.0000E+00  0.0000E+00  0.0000E+00  0.0000E+00
  4.5000E+01  0.0000E+00  0.0000E+00  1.0000E+00  0.0000E+00  0.0000E+00  0.0000E+00  0.0000E+00  0.0000E+00  2.0000E+00  1.0000E+01  0.0000E+00  0.0000E+00  0.0000E+00  0.0000E+00
  4.5000E+01  5.0000E-01  0.0000E+00  1.0000E+00  4.6160E+01  0.0000E+00  1.5512E+01  1.3935E+00  1.3935E+00  2.0000E+00  1.0000E+01  4.6160E+01  1.5512E+01  3.0648E+01  1.3935E+00
  4.6000E+01  0.0000E+00  2.9830E+05  1.0000E+00  0.0000E+00  1.0000E+00  0.0000E+00  0.0000E+00  0.0000E+00  2.0000E+00  1.0000E+01  0.0000E+00  0.0000E+00  0.0000E+00  0.0000E+00
  4.6000E+01  0.0000E+00  0.0000E+00  1.0000E+00  0.0000E+00  0.0000E+00  0.0000E+00  0.0000E+00  0.0000E+00  2.0000E+00  1.0000E+01  0.0000E+00  0.0000E+00  0.0000E+00  0.0000E+00
  4.6000E+01  7.5000E-01  0.0000E+00  1.0000E+00  7.6970E+01  0.0000E+00  1.7204E+01  2.4502E+00  2.4502E+00  2.0000E+00  1.0000E+01  7.6970E+01  1.7204E+01  5.9766E+01  2.4502E+00
  4.7000E+01  0.0000E+00  2.9610E+05  1.0000E+00  0.0000E+00  1.0000E+00  0.0000E+00  0.0000E+00  0.0000E+00  2.0000E+00  1.0000E+01  0.0000E+00  0.0000E+00  0.0000E+00  0.0000E+00
  4.7000E+01  0.0000E+00  0.0000E+00  1.0000E+00  0.0000E+00  0.0000E+00  0.0000E+00  0.0000E+00  0.0000E+00  2.0000E+00  1.0000E+01  0.0000E+00  0.0000E+00  0.0000E+00  0.0000E+00
  4.7000E+01  7.5000E-01  0.0000E+00  1.0000E+00  1.9560E+01  0.0000E+00  1.7077E+01  1.0256E-01  1.0256E-01  2.0000E+00  1.0000E+01  1.9560E+01  1.7077E+01  2.4831E+00  1.0256E-01
  4.8000E+01  0.0000E+00  2.8730E+05  1.0000E+00  0.0000E+00  1.0000E+00  0.0000E+00  0.0000E+00  0.0000E+00  2.0000E+00  1.0000E+01  0.0000E+00  0.0000E+00  0.0000E+00  0.0000E+00
  4.8000E+01  0.0000E+00  0.0000E+00  1.0000E+00  0.0000E+00  0.0000E+00  0.0000E+00  0.0000E+00  0.0000E+00  2.0000E+00  1.0000E+01  0.0000E+00  0.0000E+00  0.0000E+00  0.0000E+00
  4.8000E+01  7.5000E-01  0.0000E+00  1.0000E+00  1.5360E+01  0.0000E+00  1.6569E+01 -5.1476E-02 -5.1476E-02  2.0000E+00  1.0000E+01  1.5360E+01  1.6569E+01 -1.2093E+00 -5.1476E-02
  4.9000E+01  0.0000E+00  2.7290E+05  1.0000E+00  0.0000E+00  1.0000E+00  0.0000E+00  0.0000E+00  0.0000E+00  2.0000E+00  1.0000E+01  0.0000E+00  0.0000E+00  0.0000E+00  0.0000E+00
  4.9000E+01  0.0000E+00  0.0000E+00  1.0000E+00  0.0000E+00  0.0000E+00  0.0000E+00  0.0000E+00  0.0000E+00  2.0000E+00  1.0000E+01  0.0000E+00  0.0000E+00  0.0000E+00  0.0000E+00
  4.9000E+01  1.0000E+00  0.0000E+00  1.0000E+00  7.4600E+00  0.0000E+00  1.7333E+01 -4.0174E-01 -4.0174E-01  2.0000E+00  1.0000E+01  7.4600E+00  1.7333E+01 -9.8730E+00 -4.0174E-01
  5.0000E+01  0.0000E+00  2.8710E+05  1.0000E+00  0.0000E+00  1.0000E+00  0.0000E+00  0.0000E+00  0.0000E+00  2.0000E+00  1.0000E+01  0.0000E+00  0.0000E+00  0.0000E+00  0.0000E+00
  5.0000E+01  0.0000E+00  0.0000E+00  1.0000E+00  0.0000E+00  0.0000E+00  0.0000E+00  0.0000E+00  0.0000E+00  2.0000E+00  1.0000E+01  0.0000E+00  0.0000E+00  0.0000E+00  0.0000E+00
  5.0000E+01  1.0000E+00  0.0000E+00  1.0000E+00  5.9380E+01  0.0000E+00  1.8235E+01  1.5914E+00  1.5914E+00  2.0000E+00  1.0000E+01  5.9380E+01  1.8235E+01  4.1145E+01  1.5914E+00
  5.1000E+01  0.0000E+00  2.9630E+05  1.0000E+00  0.0000E+00  1.0000E+00  0.0000E+00  0.0000E+00  0.0000E+00  2.0000E+00  1.0000E+01  0.0000E+00  0.0000E+00  0.0000E+00  0.0000E+00
  5.1000E+01  0.0000E+00  0.0000E+00  1.0000E+00  0.0000E+00  0.0000E+00  0.0000E+00  0.0000E+00  0.0000E+00  2.0000E+00  1.0000E+01  0.0000E+00  0.0000E+00  0.0000E+00  0.0000E+00
  5.1000E+01  1.0000E+00  0.0000E+00  1.0000E+00  2.2340E+01  0.0000E+00  1.8819E+01  1.3195E-01  1.3195E-01  2.0000E+00  1.0000E+01  2.2340E+01  1.8819E+01  3.5207E+00  1.3195E-01
  5.2000E+01  0.0000E+00  2.8480E+05  1.0000E+00  0.0000E+00  1.0000E+00  0.0000E+00  0.0000E+00  0.0000E+00  2.0000E+00  1.0000E+01  0.0000E+00  0.0000E+00  0.0000E+00  0.0000E+00
  5.2000E+01  0.0000E+00  0.0000E+00  1.0000E+00  0.0000E+00  0.0000E+00  0.0000E+00  0.0000E+00  0.0000E+00  2.0000E+00  1.0000E+01  0.0000E+00  0.0000E+00  0.0000E+00  0.0000E+00
  5.2000E+01  2.0000E+00  0.0000E+00  1.0000E+00  3.2000E+00  0.0000E+00  2.3980E+01 -6.1117E-01 -6.1117E-01  2.0000E+00  1.0000E+01  3.2000E+00  2.3980E+01 -2.0780E+01 -6.1117E-01
  5.3000E+01  0.0000E+00  2.8510E+05  1.0000E+00  0.0000E+00  1.0000E+00  0.0000E+00  0.0000E+00  0.0000E+00  2.0000E+00  1.0000E+01  0.0000E+00  0.0000E+00  0.0000E+00  0.0000E+00
  5.3000E+01  0.0000E+00  0.0000E+00  1.0000E+00  0.0000E+00  0.0000E+00  0.0000E+00  0.0000E+00  0.0000E+00  2.0000E+00  1.0000E+01  0.0000E+00  0.0000E+00  0.0000E+00  0.0000E+00
  5.3000E+01  2.0000E+00  0.0000E+00  1.0000E+00  1.1500E+00  0.0000E+00  2.4006E+01 -6.7150E-01 -6.7150E-01  2.0000E+00  1.0000E+01  1.1500E+00  2.4006E+01 -2.2856E+01 -6.7150E-01
  5.4000E+01  0.0000E+00  2.7490E+05  1.0000E+00  0.0000E+00  1.0000E+00  0.0000E+00  0.0000E+00  0.0000E+00  2.0000E+00  1.0000E+01  0.0000E+00  0.0000E+00  0.0000E+00  0.0000E+00
  5.4000E+01  0.0000E+00  0.0000E+00  1.0000E+00  0.0000E+00  0.0000E+00  0.0000E+00  0.0000E+00  0.0000E+00  2.0000E+00  1.0000E+01  0.0000E+00  0.0000E+00  0.0000E+00  0.0000E+00
  5.4000E+01  2.0000E+00  0.0000E+00  1.0000E+00  2.4320E+01  0.0000E+00  2.3147E+01  3.5747E-02  3.5747E-02  2.0000E+00  1.0000E+01  2.4320E+01  2.3147E+01  1.1732E+00  3.5747E-02
  5.5000E+01  0.0000E+00  3.0330E+05  1.0000E+00  0.0000E+00  1.0000E+00  0.0000E+00  0.0000E+00  0.0000E+00  2.0000E+00  1.0000E+01  0.0000E+00  0.0000E+00  0.0000E+00  0.0000E+00
  5.5000E+01  0.0000E+00  0.0000E+00  1.0000E+00  0.0000E+00  0.0000E+00  0.0000E+00  0.0000E+00  0.0000E+00  2.0000E+00  1.0000E+01  0.0000E+00  0.0000E+00  0.0000E+00  0.0000E+00
  5.5000E+01  3.0000E+00  0.0000E+00  1.0000E+00  1.6550E+01  0.0000E+00  3.0689E+01 -3.2494E-01 -3.2494E-01  2.0000E+00  1.0000E+01  1.6550E+01  3.0689E+01 -1.4139E+01 -3.2494E-01
  5.6000E+01  0.0000E+00  2.7950E+05  1.0000E+00  0.0000E+00  1.0000E+00  0.0000E+00  0.0000E+00  0.0000E+00  2.0000E+00  1.0000E+01  0.0000E+00  0.0000E+00  0.0000E+00  0.0000E+00
  5.6000E+01  0.0000E+00  0.0000E+00  1.0000E+00  0.0000E+00  0.0000E+00  0.0000E+00  0.0000E+00  0.0000E+00  2.0000E+00  1.0000E+01  0.0000E+00  0.0000E+00  0.0000E+00  0.0000E+00
  5.6000E+01  3.0000E+00  0.0000E+00  1.0000E+00  2.5600E+00  0.0000E+00  2.8281E+01 -6.4145E-01 -6.4145E-01  2.0000E+00  1.0000E+01  2.5600E+00  2.8281E+01 -2.5721E+01 -6.4145E-01
  5.7000E+01  0.0000E+00  2.7500E+05  1.0000E+00  0.0000E+00  1.0000E+00  0.0000E+00  0.0000E+00  0.0000E+00  2.0000E+00  1.0000E+01  0.0000E+00  0.0000E+00  0.0000E+00  0.0000E+00
  5.7000E+01  0.0000E+00  0.0000E+00  1.0000E+00  0.0000E+00  0.0000E+00  0.0000E+00  0.0000E+00  0.0000E+00  2.0000E+00  1.0000E+01  0.0000E+00  0.0000E+00  0.0000E+00  0.0000E+00
  5.7000E+01  3.0000E+00  0.0000E+00  1.0000E+00  1.8400E+00  0.0000E+00  2.7825E+01 -6.5865E-01 -6.5865E-01  2.0000E+00  1.0000E+01  1.8400E+00  2.7825E+01 -2.5985E+01 -6.5865E-01
  5.8000E+01  0.0000E+00  2.7450E+05  1.0000E+00  0.0000E+00  1.0000E+00  0.0000E+00  0.0000E+00  0.0000E+00  2.0000E+00  1.0000E+01  0.0000E+00  0.0000E+00  0.0000E+00  0.0000E+00
  5.8000E+01  0.0000E+00  0.0000E+00  1.0000E+00  0.0000E+00  0.0000E+00  0.0000E+00  0.0000E+00  0.0000E+00  2.0000E+00  1.0000E+01  0.0000E+00  0.0000E+00  0.0000E+00  0.0000E+00
  5.8000E+01  4.0000E+00  0.0000E+00  1.0000E+00  3.8500E+00  0.0000E+00  3.1601E+01 -6.1936E-01 -6.1936E-01  2.0000E+00  1.0000E+01  3.8500E+00  3.1601E+01 -2.7751E+01 -6.1936E-01
  5.9000E+01  0.0000E+00  2.8350E+05  1.0000E+00  0.0000E+00  1.0000E+00  0.0000E+00  0.0000E+00  0.0000E+00  2.0000E+00  1.0000E+01  0.0000E+00  0.0000E+00  0.0000E+00  0.0000E+00
  5.9000E+01  0.0000E+00  0.0000E+00  1.0000E+00  0.0000E+00  0.0000E+00  0.0000E+00  0.0000E+00  0.0000E+00  2.0000E+00  1.0000E+01  0.0000E+00  0.0000E+00  0.0000E+00  0.0000E+00
  5.9000E+01  4.0000E+00  0.0000E+00  1.0000E+00  7.7800E+00  0.0000E+00  3.2637E+01 -5.3716E-01 -5.3716E-01  2.0000E+00  1.0000E+01  7.7800E+00  3.2637E+01 -2.4857E+01 -5.3716E-01
  6.0000E+01  0.0000E+00  2.8850E+05  1.0000E+00  0.0000E+00  1.0000E+00  0.0000E+00  0.0000E+00  0.0000E+00  2.0000E+00  1.0000E+01  0.0000E+00  0.0000E+00  0.0000E+00  0.0000E+00
  6.0000E+01  0.0000E+00  0.0000E+00  1.0000E+00  0.0000E+00  0.0000E+00  0.0000E+00  0.0000E+00  0.0000E+00  2.0000E+00  1.0000E+01  0.0000E+00  0.0000E+00  0.0000E+00  0.0000E+00
  6.0000E+01  4.0000E+00  0.0000E+00  1.0000E+00  2.8000E+00  0.0000E+00  3.3213E+01 -6.4583E-01 -6.4583E-01  2.0000E+00  1.0000E+01  2.8000E+00  3.3213E+01 -3.0413E+01 -6.4583E-01
  6.2000E+01  0.0000E+00  2.9040E+05  1.0000E+00  0.0000E+00  1.0000E+00  0.0000E+00  0.0000E+00  0.0000E+00  2.0000E+00  1.0000E+01  0.0000E+00  0.0000E+00  0.0000E+00  0.0000E+00
  6.2000E+01  0.0000E+00  0.0000E+00  1.0000E+00  0.0000E+00  0.0000E+00  0.0000E+00  0.0000E+00  0.0000E+00  2.0000E+00  1.0000E+01  0.0000E+00  0.0000E+00  0.0000E+00  0.0000E+00
  6.2000E+01  6.0000E+00  0.0000E+00  1.0000E+00  1.6000E-01  0.0000E+00  2.7814E+01 -7.0123E-01 -7.0123E-01  2.0000E+00  1.0000E+01  1.6000E-01  2.7814E+01 -2.7654E+01 -7.0123E-01
  6.3000E+01  0.0000E+00  2.7330E+05  1.0000E+00  0.0000E+00  1.0000E+00  0.0000E+00  0.0000E+00  0.0000E+00  2.0000E+00  1.0000E+01  0.0000E+00  0.0000E+00  0.0000E+00  0.0000E+00
  6.3000E+01  0.0000E+00  0.0000E+00  1.0000E+00  0.0000E+00  0.0000E+00  0.0000E+00  0.0000E+00  0.0000E+00  2.0000E+00  1.0000E+01  0.0000E+00  0.0000E+00  0.0000E+00  0.0000E+00
  6.3000E+01  6.0000E+00  0.0000E+00  1.0000E+00  2.7000E+00  0.0000E+00  2.6176E+01 -6.3254E-01 -6.3254E-01  2.0000E+00  1.0000E+01  2.7000E+00  2.6176E+01 -2.3476E+01 -6.3254E-01
  6.5000E+01  0.0000E+00  2.8560E+05  1.0000E+00  0.0000E+00  1.0000E+00  0.0000E+00  0.0000E+00  0.0000E+00  2.0000E+00  1.0000E+01  0.0000E+00  0.0000E+00  0.0000E+00  0.0000E+00
  6.5000E+01  0.0000E+00  0.0000E+00  1.0000E+00  0.0000E+00  0.0000E+00  0.0000E+00  0.0000E+00  0.0000E+00  2.0000E+00  1.0000E+01  0.0000E+00  0.0000E+00  0.0000E+00  0.0000E+00
  6.5000E+01  8.0000E+00  0.0000E+00  1.0000E+00  5.5000E-01  0.0000E+00  1.8228E+01 -6.8401E-01 -6.8401E-01  2.0000E+00  1.0000E+01  5.5000E-01  1.8228E+01 -1.7678E+01 -6.8401E-01
  6.6000E+01  0.0000E+00  2.7370E+05  1.0000E+00  0.0000E+00  1.0000E+00  0.0000E+00  0.0000E+00  0.0000E+00  2.0000E+00  1.0000E+01  0.0000E+00  0.0000E+00  0.0000E+00  0.0000E+00
  6.6000E+01  0.0000E+00  0.0000E+00  1.0000E+00  0.0000E+00  0.0000E+00  0.0000E+00  0.0000E+00  0.0000E+00  2.0000E+00  1.0000E+01  0.0000E+00  0.0000E+00  0.0000E+00  0.0000E+00
  6.6000E+01  8.0000E+00  0.0000E+00  1.0000E+00  2.4400E+00  0.0000E+00  1.7469E+01 -6.0677E-01 -6.0677E-01  2.0000E+00  1.0000E+01  2.4400E+00  1.7469E+01 -1.5029E+01 -6.0677E-01
  6.7000E+01  0.0000E+00  2.8000E+05  1.0000E+00  0.0000E+00  1.0000E+00  8.6349E+03  0.0000E+00 -7.0529E-01  1.0000E+00  1.0000E+01  0.0000E+00  8.6349E+03  0.0000E+00  0.0000E+00
  6.7000E+01  1.7000E-02  0.0000E+00  1.0000E+00  7.2560E+03  0.0000E+00  4.9607E+03  3.2634E-01  3.2634E-01  1.0000E+00  1.0000E+01  7.2560E+03  4.9607E+03  2.2953E+03  3.2634E-01
  6.8000E+01  0.0000E+00  2.8000E+05  1.0000E+00  0.0000E+00  1.0000E+00  8.6349E+03  0.0000E+00 -7.0529E-01  1.0000E+00  1.0000E+01  0.0000E+00  8.6349E+03  0.0000E+00  0.0000E+00
  6.8000E+01  1.7000E-02  0.0000E+00  1.0000E+00  8.3999E+03  0.0000E+00  4.9607E+03  4.8898E-01  4.8898E-01  1.0000E+00  1.0000E+01  8.3999E+03  4.9607E+03  3.4392E+03  4.8898E-01
  6.9000E+01  0.0000E+00  2.8000E+05  1.0000E+00  0.0000E+00  1.0000E+00  8.6349E+03  0.0000E+00 -7.0529E-01  1.0000E+00  1.0000E+01  0.0000E+00  8.6349E+03  0.0000E+00  0.0000E+00
  6.9000E+01  1.7000E-02  0.0000E+00  1.0000E+00  1.0783E+04  0.0000E+00  4.9607E+03  8.2786E-01  8.2786E-01  1.0000E+00  1.0000E+01  1.0783E+04  4.9607E+03  5.8227E+03  8.2786E-01
  7.0000E+01  0.0000E+00  2.8000E+05  1.0000E+00  0.0000E+00  1.0000E+00  8.6349E+03  0.0000E+00 -7.0529E-01  1.0000E+00  1.0000E+01  0.0000E+00  8.6349E+03  0.0000E+00  0.0000E+00
  7.0000E+01  8.3000E-02  0.0000E+00  1.0000E+00  1.9424E+03  0.0000E+00  7.0177E+02  1.2469E+00  1.2469E+00  1.0000E+00  1.0000E+01  1.9424E+03  7.0177E+02  1.2406E+03  1.2469E+00
  7.1000E+01  0.0000E+00  2.8000E+05  1.0000E+00  0.0000E+00  1.0000E+00  8.6349E+03  0.0000E+00 -7.0529E-01  1.0000E+00  1.0000E+01  0.0000E+00  8.6349E+03  0.0000E+00  0.0000E+00
  7.1000E+01  8.3000E-02  0.0000E+00  1.0000E+00  1.9194E+03  0.0000E+00  7.0177E+02  1.2237E+00  1.2237E+00  1.0000E+00  1.0000E+01  1.9194E+03  7.0177E+02  1.2176E+03  1.2237E+00
  7.2000E+01  0.0000E+00  2.8000E+05  1.0000E+00  0.0000E+00  1.0000E+00  8.6349E+03  0.0000E+00 -7.0529E-01  1.0000E+00  1.0000E+01  0.0000E+00  8.6349E+03  0.0000E+00  0.0000E+00
  7.2000E+01  8.3000E-02  0.0000E+00  1.0000E+00  1.7315E+03  0.0000E+00  7.0177E+02  1.0349E+00  1.0349E+00  1.0000E+00  1.0000E+01  1.7315E+03  7.0177E+02  1.0297E+03  1.0349E+00
  7.3000E+01  0.0000E+00  2.8000E+05  1.0000E+00  0.0000E+00  1.0000E+00  8.6349E+03  0.0000E+00 -7.0529E-01  1.0000E+00  1.0000E+01  0.0000E+00  8.6349E+03  0.0000E+00  0.0000E+00
  7.3000E+01  2.5000E-01  0.0000E+00  1.0000E+00  2.1170E+02  0.0000E+00  1.7575E+02  1.4428E-01  1.4428E-01  1.0000E+00  1.0000E+01  2.1170E+02  1.7575E+02  3.5952E+01  1.4428E-01
  7.4000E+01  0.0000E+00  2.8000E+05  1.0000E+00  0.0000E+00  1.0000E+00  8.6349E+03  0.0000E+00 -7.0529E-01  1.0000E+00  1.0000E+01  0.0000E+00  8.6349E+03  0.0000E+00  0.0000E+00
  7.4000E+01  2.5000E-01  0.0000E+00  1.0000E+00  3.0850E+02  0.0000E+00  1.7575E+02  5.3275E-01  5.3275E-01  1.0000E+00  1.0000E+01  3.0850E+02  1.7575E+02  1.3275E+02  5.3275E-01
  7.5000E+01  0.0000E+00  2.8000E+05  1.0000E+00  0.0000E+00  1.0000E+00  8.6349E+03  0.0000E+00 -7.0529E-01  1.0000E+00  1.0000E+01  0.0000E+00  8.6349E+03  0.0000E+00  0.0000E+00
  7.5000E+01  2.5000E-01  0.0000E+00  1.0000E+00  3.0460E+02  0.0000E+00  1.7575E+02  5.1709E-01  5.1709E-01  1.0000E+00  1.0000E+01  3.0460E+02  1.7575E+02  1.2885E+02  5.1709E-01
  7.6000E+01  0.0000E+00  2.8000E+05  1.0000E+00  0.0000E+00  1.0000E+00  8.6349E+03  0.0000E+00 -7.0529E-01  1.0000E+00  1.0000E+01  0.0000E+00  8.6349E+03  0.0000E+00  0.0000E+00
  7.6000E+01  5.0000E-01  0.0000E+00  1.0000E+00  7.1700E+01  0.0000E+00  1.6545E+02 -3.9965E-01 -3.9965E-01  1.0000E+00  1.0000E+01  7.1700E+01  1.6545E+02 -9.3753E+01 -3.9965E-01
  7.7000E+01  0.0000E+00  2.8000E+05  1.0000E+00  0.0000E+00  1.0000E+00  8.6349E+03  0.0000E+00 -7.0529E-01  1.0000E+00  1.0000E+01  0.0000E+00  8.6349E+03  0.0000E+00  0.0000E+00
  7.7000E+01  5.0000E-01  0.0000E+00  1.0000E+00  1.6950E+02  0.0000E+00  1.6545E+02  1.7250E-02  1.7250E-02  1.0000E+00  1.0000E+01  1.6950E+02  1.6545E+02  4.0467E+00  1.7250E-02
  7.8000E+01  0.0000E+00  2.8000E+05  1.0000E+00  0.0000E+00  1.0000E+00  8.6349E+03  0.0000E+00 -7.0529E-01  1.0000E+00  1.0000E+01  0.0000E+00  8.6349E+03  0.0000E+00  0.0000E+00
  7.8000E+01  5.0000E-01  0.0000E+00  1.0000E+00  1.9250E+02  0.0000E+00  1.6545E+02  1.1529E-01  1.1529E-01  1.0000E+00  1.0000E+01  1.9250E+02  1.6545E+02  2.7047E+01  1.1529E-01
  7.9000E+01  0.0000E+00  2.8000E+05  1.0000E+00  0.0000E+00  1.0000E+00  8.6349E+03  0.0000E+00 -7.0529E-01  1.0000E+00  1.0000E+01  0.0000E+00  8.6349E+03  0.0000E+00  0.0000E+00
  7.9000E+01  1.0000E+00  0.0000E+00  1.0000E+00  3.0940E+02  0.0000E+00  1.4991E+02  7.5040E-01  7.5040E-01  1.0000E+00  1.0000E+01  3.0940E+02  1.4991E+02  1.5949E+02  7.5040E-01
  8.0000E+01  0.0000E+00  2.8000E+05  1.0000E+00  0.0000E+00  1.0000E+00  8.6349E+03  0.0000E+00 -7.0529E-01  1.0000E+00  1.0000E+01  0.0000E+00  8.6349E+03  0.0000E+00  0.0000E+00
  8.0000E+01  1.0000E+00  0.0000E+00  1.0000E+00  7.2400E+01  0.0000E+00  1.4991E+02 -3.6466E-01 -3.6466E-01  1.0000E+00  1.0000E+01  7.2400E+01  1.4991E+02 -7.7506E+01 -3.6466E-01
  8.1000E+01  0.0000E+00  2.8000E+05  1.0000E+00  0.0000E+00  1.0000E+00  8.6349E+03  0.0000E+00 -7.0529E-01  1.0000E+00  1.0000E+01  0.0000E+00  8.6349E+03  0.0000E+00  0.0000E+00
  8.1000E+01  1.0000E+00  0.0000E+00  1.0000E+00  1.7600E+01  0.0000E+00  1.4991E+02 -6.2248E-01 -6.2248E-01  1.0000E+00  1.0000E+01  1.7600E+01  1.4991E+02 -1.3231E+02 -6.2248E-01
  8.2000E+01  0.0000E+00  2.8000E+05  1.0000E+00  0.0000E+00  1.0000E+00  8.6349E+03  0.0000E+00 -7.0529E-01  1.0000E+00  1.0000E+01  0.0000E+00  8.6349E+03  0.0000E+00  0.0000E+00
  8.2000E+01  2.0000E+00  0.0000E+00  1.0000E+00  4.5000E+00  0.0000E+00  1.2306E+02 -6.7950E-01 -6.7950E-01  1.0000E+00  1.0000E+01  4.5000E+00  1.2306E+02 -1.1856E+02 -6.7950E-01
  8.3000E+01  0.0000E+00  2.8000E+05  1.0000E+00  0.0000E+00  1.0000E+00  8.6349E+03  0.0000E+00 -7.0529E-01  1.0000E+00  1.0000E+01  0.0000E+00  8.6349E+03  0.0000E+00  0.0000E+00
  8.3000E+01  2.0000E+00  0.0000E+00  1.0000E+00  4.5000E+00  0.0000E+00  1.2306E+02 -6.7950E-01 -6.7950E-01  1.0000E+00  1.0000E+01  4.5000E+00  1.2306E+02 -1.1856E+02 -6.7950E-01
  8.4000E+01  0.0000E+00  2.8000E+05  1.0000E+00  0.0000E+00  1.0000E+00  8.6349E+03  0.0000E+00 -7.0529E-01  1.0000E+00  1.0000E+01  0.0000E+00  8.6349E+03  0.0000E+00  0.0000E+00
  8.4000E+01  2.0000E+00  0.0000E+00  1.0000E+00  9.8000E+00  0.0000E+00  1.2306E+02 -6.4912E-01 -6.4912E-01  1.0000E+00  1.0000E+01  9.8000E+00  1.2306E+02 -1.1326E+02 -6.4912E-01
  8.5000E+01  0.0000E+00  2.8000E+05  1.0000E+00  0.0000E+00  1.0000E+00  8.6349E+03  0.0000E+00 -7.0529E-01  1.0000E+00  1.0000E+01  0.0000E+00  8.6349E+03  0.0000E+00  0.0000E+00
  8.5000E+01  4.0000E+00  0.0000E+00  1.0000E+00  5.4000E+00  0.0000E+00  8.2925E+01 -6.5936E-01 -6.5936E-01  1.0000E+00  1.0000E+01  5.4000E+00  8.2925E+01 -7.7525E+01 -6.5936E-01
  8.6000E+01  0.0000E+00  2.8000E+05  1.0000E+00  0.0000E+00  1.0000E+00  8.6349E+03  0.0000E+00 -7.0529E-01  1.0000E+00  1.0000E+01  0.0000E+00  8.6349E+03  0.0000E+00  0.0000E+00
  8.6000E+01  4.0000E+00  0.0000E+00  1.0000E+00  2.0000E-01  0.0000E+00  8.2925E+01 -7.0359E-01 -7.0359E-01  1.0000E+00  1.0000E+01  2.0000E-01  8.2925E+01 -8.2725E+01 -7.0359E-01
  8.7000E+01  0.0000E+00  2.8000E+05  1.0000E+00  0.0000E+00  1.0000E+00  8.6349E+03  0.0000E+00 -7.0529E-01  1.0000E+00  1.0000E+01  0.0000E+00  8.6349E+03  0.0000E+00  0.0000E+00
  8.7000E+01  4.0000E+00  0.0000E+00  1.0000E+00  1.3600E+01  0.0000E+00  8.2925E+01 -5.8962E-01 -5.8962E-01  1.0000E+00  1.0000E+01  1.3600E+01  8.2925E+01 -6.9325E+01 -5.8962E-01
  8.8000E+01  0.0000E+00  2.8000E+05  1.0000E+00  0.0000E+00  1.0000E+00  8.6349E+03  0.0000E+00 -7.0529E-01  1.0000E+00  1.0000E+01  0.0000E+00  8.6349E+03  0.0000E+00  0.0000E+00
  8.8000E+01  6.0000E+00  0.0000E+00  1.0000E+00  1.6100E+01  0.0000E+00  5.5880E+01 -5.0208E-01 -5.0208E-01  1.0000E+00  1.0000E+01  1.6100E+01  5.5880E+01 -3.9780E+01 -5.0208E-01
  8.9000E+01  0.0000E+00  2.8000E+05  1.0000E+00  0.0000E+00  1.0000E+00  8.6349E+03  0.0000E+00 -7.0529E-01  1.0000E+00  1.0000E+01  0.0000E+00  8.6349E+03  0.0000E+00  0.0000E+00
  8.9000E+01  6.0000E+00  0.0000E+00  1.0000E+00  4.0000E-01  0.0000E+00  5.5880E+01 -7.0024E-01 -7.0024E-01  1.0000E+00  1.0000E+01  4.0000E-01  5.5880E+01 -5.5480E+01 -7.0024E-01
  9.0000E+01  0.0000E+00  2.8000E+05  1.0000E+00  0.0000E+00  1.0000E+00  8.6349E+03  0.0000E+00 -7.0529E-01  1.0000E+00  1.0000E+01  0.0000E+00  8.6349E+03  0.0000E+00  0.0000E+00
  9.0000E+01  6.0000E+00  0.0000E+00  1.0000E+00  6.0000E-01  0.0000E+00  5.5880E+01 -6.9772E-01 -6.9772E-01  1.0000E+00  1.0000E+01  6.0000E-01  5.5880E+01 -5.5280E+01 -6.9772E-01
  9.1000E+01  0.0000E+00  2.8000E+05  1.0000E+00  0.0000E+00  1.0000E+00  8.6349E+03  0.0000E+00 -7.0529E-01  1.0000E+00  1.0000E+01  0.0000E+00  8.6349E+03  0.0000E+00  0.0000E+00
  9.1000E+01  8.0000E+00  0.0000E+00  1.0000E+00  5.0000E-01  0.0000E+00  3.7656E+01 -6.9592E-01 -6.9592E-01  1.0000E+00  1.0000E+01  5.0000E-01  3.7656E+01 -3.7156E+01 -6.9592E-01
  9.2000E+01  0.0000E+00  2.8000E+05  1.0000E+00  0.0000E+00  1.0000E+00  8.6349E+03  0.0000E+00 -7.0529E-01  1.0000E+00  1.0000E+01  0.0000E+00  8.6349E+03  0.0000E+00  0.0000E+00
  9.2000E+01  8.0000E+00  0.0000E+00  1.0000E+00  6.0000E-01  0.0000E+00  3.7656E+01 -6.9405E-01 -6.9405E-01  1.0000E+00  1.0000E+01  6.0000E-01  3.7656E+01 -3.7056E+01 -6.9405E-01
  9.3000E+01  0.0000E+00  2.8000E+05  1.0000E+00  0.0000E+00  1.0000E+00  8.6349E+03  0.0000E+00 -7.0529E-01  1.0000E+00  1.0000E+01  0.0000E+00  8.6349E+03  0.0000E+00  0.0000E+00
  9.3000E+01  8.0000E+00  0.0000E+00  1.0000E+00  3.5000E+00  0.0000E+00  3.7656E+01 -6.3974E-01 -6.3974E-01  1.0000E+00  1.0000E+01  3.5000E+00  3.7656E+01 -3.4156E+01 -6.3974E-01
  9.4000E+01  0.0000E+00  2.8000E+05  1.0000E+00  0.0000E+00  1.0000E+00  8.6349E+03  0.0000E+00 -7.0529E-01  1.0000E+00  1.0000E+01  0.0000E+00  8.6349E+03  0.0000E+00  0.0000E+00
  9.4000E+01  1.2000E+01  0.0000E+00  1.0000E+00  4.0000E-01  0.0000E+00  1.7100E+01 -6.8879E-01 -6.8879E-01  1.0000E+00  1.0000E+01  4.0000E-01  1.7100E+01 -1.6700E+01 -6.8879E-01
  9.5000E+01  0.0000E+00  2.8000E+05  1.0000E+00  0.0000E+00  1.0000E+00  8.6349E+03  0.0000E+00 -7.0529E-01  1.0000E+00  1.0000E+01  0.0000E+00  8.6349E+03  0.0000E+00  0.0000E+00
  9.5000E+01  1.2000E+01  0.0000E+00  1.0000E+00  6.0000E-01  0.0000E+00  1.7100E+01 -6.8054E-01 -6.8054E-01  1.0000E+00  1.0000E+01  6.0000E-01  1.7100E+01 -1.6500E+01 -6.8054E-01
  9.6000E+01  0.0000E+00  2.8000E+05  1.0000E+00  0.0000E+00  1.0000E+00  8.6349E+03  0.0000E+00 -7.0529E-01  1.0000E+00  1.0000E+01  0.0000E+00  8.6349E+03  0.0000E+00  0.0000E+00
  9.6000E+01  1.2000E+01  0.0000E+00  1.0000E+00  6.8000E+00  0.0000E+00  1.7100E+01 -4.2482E-01 -4.2482E-01  1.0000E+00  1.0000E+01  6.8000E+00  1.7100E+01 -1.0300E+01 -4.2482E-01
  9.7000E+01  0.0000E+00  2.8000E+05  1.0000E+00  0.0000E+00  1.0000E+00  8.6349E+03  0.0000E+00 -7.0529E-01  1.0000E+00  1.0000E+01  0.0000E+00  8.6349E+03  0.0000E+00  0.0000E+00
  9.7000E+01  2.4000E+01  0.0000E+00  1.0000E+00  4.0000E-01  0.0000E+00  1.6012E+00 -5.2910E-01 -5.2910E-01  1.0000E+00  1.0000E+01  4.0000E-01  1.6012E+00 -1.2012E+00 -5.2910E-01
  9.8000E+01  0.0000E+00  2.8000E+05  1.0000E+00  0.0000E+00  1.0000E+00  8.6349E+03  0.0000E+00 -7.0529E-01  1.0000E+00  1.0000E+01  0.0000E+00  8.6349E+03  0.0000E+00  0.0000E+00
  9.8000E+01  2.4000E+01  0.0000E+00  1.0000E+00  2.2000E+00  0.0000E+00  1.6012E+00  2.6375E-01  2.6375E-01  1.0000E+00  1.0000E+01  2.2000E+00  1.6012E+00  5.9879E-01  2.6375E-01
  9.9000E+01  0.0000E+00  2.8000E+05  1.0000E+00  0.0000E+00  1.0000E+00  8.6349E+03  0.0000E+00 -7.0529E-01  1.0000E+00  1.0000E+01  0.0000E+00  8.6349E+03  0.0000E+00  0.0000E+00
  9.9000E+01  2.4000E+01  0.0000E+00  1.0000E+00  9.0000E-01  0.0000E+00  1.6012E+00 -3.0886E-01 -3.0886E-01  1.0000E+00  1.0000E+01  9.0000E-01  1.6012E+00 -7.0121E-01 -3.0886E-01
  1.0300E+02  0.0000E+00  2.8000E+05  1.0000E+00  0.0000E+00  1.0000E+00  0.0000E+00  0.0000E+00  0.0000E+00  2.0000E+00  1.0000E+01  0.0000E+00  0.0000E+00  0.0000E+00  0.0000E+00
  1.0300E+02  0.0000E+00  0.0000E+00  1.0000E+00  0.0000E+00  0.0000E+00  0.0000E+00  0.0000E+00  0.0000E+00  2.0000E+00  1.0000E+01  0.0000E+00  0.0000E+00  0.0000E+00  0.0000E+00
  1.0300E+02  2.5000E-01  0.0000E+00  1.0000E+00  1.7200E+01  0.0000E+00  1.2622E+01  2.5580E-01  2.5580E-01  2.0000E+00  1.0000E+01  1.7200E+01  1.2622E+01  4.5778E+00  2.5580E-01
  1.0400E+02  0.0000E+00  2.8000E+05  1.0000E+00  0.0000E+00  1.0000E+00  0.0000E+00  0.0000E+00  0.0000E+00  2.0000E+00  1.0000E+01  0.0000E+00  0.0000E+00  0.0000E+00  0.0000E+00
  1.0400E+02  0.0000E+00  0.0000E+00  1.0000E+00  0.0000E+00  0.0000E+00  0.0000E+00  0.0000E+00  0.0000E+00  2.0000E+00  1.0000E+01  0.0000E+00  0.0000E+00  0.0000E+00  0.0000E+00
  1.0400E+02  2.5000E-01  0.0000E+00  1.0000E+00  1.2800E+01  0.0000E+00  1.2622E+01  9.9373E-03  9.9373E-03  2.0000E+00  1.0000E+01  1.2800E+01  1.2622E+01  1.7784E-01  9.9373E-03
  1.0500E+02  0.0000E+00  2.8000E+05  1.0000E+00  0.0000E+00  1.0000E+00  0.0000E+00  0.0000E+00  0.0000E+00  2.0000E+00  1.0000E+01  0.0000E+00  0.0000E+00  0.0000E+00  0.0000E+00
  1.0500E+02  0.0000E+00  0.0000E+00  1.0000E+00  0.0000E+00  0.0000E+00  0.0000E+00  0.0000E+00  0.0000E+00  2.0000E+00  1.0000E+01  0.0000E+00  0.0000E+00  0.0000E+00  0.0000E+00
  1.0500E+02  2.5000E-01  0.0000E+00  1.0000E+00  4.2300E+01  0.0000E+00  1.2622E+01  1.6583E+00  1.6583E+00  2.0000E+00  1.0000E+01  4.2300E+01  1.2622E+01  2.9678E+01  1.6583E+00
  1.0600E+02  0.0000E+00  2.8000E+05  1.0000E+00  0.0000E+00  1.0000E+00  0.0000E+00  0.0000E+00  0.0000E+00  2.0000E+00  1.0000E+01  0.0000E+00  0.0000E+00  0.0000E+00  0.0000E+00
  1.0600E+02  0.0000E+00  0.0000E+00  1.0000E+00  0.0000E+00  0.0000E+00  0.0000E+00  0.0000E+00  0.0000E+00  2.0000E+00  1.0000E+01  0.0000E+00  0.0000E+00  0.0000E+00  0.0000E+00
  1.0600E+02  5.0000E-01  0.0000E+00  1.0000E+00  8.7000E+00  0.0000E+00  1.4430E+01 -2.8006E-01 -2.8006E-01  2.0000E+00  1.0000E+01  8.7000E+00  1.4430E+01 -5.7299E+00 -2.8006E-01
  1.0700E+02  0.0000E+00  2.8000E+05  1.0000E+00  0.0000E+00  1.0000E+00  0.0000E+00  0.0000E+00  0.0000E+00  2.0000E+00  1.0000E+01  0.0000E+00  0.0000E+00  0.0000E+00  0.0000E+00
  1.0700E+02  0.0000E+00  0.0000E+00  1.0000E+00  0.0000E+00  0.0000E+00  0.0000E+00  0.0000E+00  0.0000E+00  2.0000E+00  1.0000E+01  0.0000E+00  0.0000E+00  0.0000E+00  0.0000E+00
  1.0700E+02  5.0000E-01  0.0000E+00  1.0000E+00  1.3400E+01  0.0000E+00  1.4430E+01 -5.0339E-02 -5.0339E-02  2.0000E+00  1.0000E+01  1.3400E+01  1.4430E+01 -1.0299E+00 -5.0339E-02
  1.0800E+02  0.0000E+00  2.8000E+05  1.0000E+00  0.0000E+00  1.0000E+00  0.0000E+00  0.0000E+00  0.0000E+00  2.0000E+00  1.0000E+01  0.0000E+00  0.0000E+00  0.0000E+00  0.0000E+00
  1.0800E+02  0.0000E+00  0.0000E+00  1.0000E+00  0.0000E+00  0.0000E+00  0.0000E+00  0.0000E+00  0.0000E+00  2.0000E+00  1.0000E+01  0.0000E+00  0.0000E+00  0.0000E+00  0.0000E+00
  1.0800E+02  5.0000E-01  0.0000E+00  1.0000E+00  1.2600E+01  0.0000E+00  1.4430E+01 -8.9441E-02 -8.9441E-02  2.0000E+00  1.0000E+01  1.2600E+01  1.4430E+01 -1.8299E+00 -8.9441E-02
  1.0900E+02  0.0000E+00  2.8000E+05  1.0000E+00  0.0000E+00  1.0000E+00  0.0000E+00  0.0000E+00  0.0000E+00  2.0000E+00  1.0000E+01  0.0000E+00  0.0000E+00  0.0000E+00  0.0000E+00
  1.0900E+02  0.0000E+00  0.0000E+00  1.0000E+00  0.0000E+00  0.0000E+00  0.0000E+00  0.0000E+00  0.0000E+00  2.0000E+00  1.0000E+01  0.0000E+00  0.0000E+00  0.0000E+00  0.0000E+00
  1.0900E+02  1.0000E+00  0.0000E+00  1.0000E+00  8.3000E+00  0.0000E+00  1.7784E+01 -3.7612E-01 -3.7612E-01  2.0000E+00  1.0000E+01  8.3000E+00  1.7784E+01 -9.4840E+00 -3.7612E-01
  1.1000E+02  0.0000E+00  2.8000E+05  1.0000E+00  0.0000E+00  1.0000E+00  0.0000E+00  0.0000E+00  0.0000E+00  2.0000E+00  1.0000E+01  0.0000E+00  0.0000E+00  0.0000E+00  0.0000E+00
  1.1000E+02  0.0000E+00  0.0000E+00  1.0000E+00  0.0000E+00  0.0000E+00  0.0000E+00  0.0000E+00  0.0000E+00  2.0000E+00  1.0000E+01  0.0000E+00  0.0000E+00  0.0000E+00  0.0000E+00
  1.1000E+02  1.0000E+00  0.0000E+00  1.0000E+00  5.6000E+00  0.0000E+00  1.7784E+01 -4.8320E-01 -4.8320E-01  2.0000E+00  1.0000E+01  5.6000E+00  1.7784E+01 -1.2184E+01 -4.8320E-01
  1.1100E+02  0.0000E+00  2.8000E+05  1.0000E+00  0.0000E+00  1.0000E+00  0.0000E+00  0.0000E+00  0.0000E+00  2.0000E+00  1.0000E+01  0.0000E+00  0.0000E+00  0.0000E+00  0.0000E+00
  1.1100E+02  0.0000E+00  0.0000E+00  1.0000E+00  0.0000E+00  0.0000E+00  0.0000E+00  0.0000E+00  0.0000E+00  2.0000E+00  1.0000E+01  0.0000E+00  0.0000E+00  0.0000E+00  0.0000E+00
  1.1100E+02  1.0000E+00  0.0000E+00  1.0000E+00  8.9000E+00  0.0000E+00  1.7784E+01 -3.5233E-01 -3.5233E-01  2.0000E+00  1.0000E+01  8.9000E+00  1.7784E+01 -8.8840E+00 -3.5233E-01
  1.1200E+02  0.0000E+00  2.8000E+05  1.0000E+00  0.0000E+00  1.0000E+00  0.0000E+00  0.0000E+00  0.0000E+00  2.0000E+00  1.0000E+01  0.0000E+00  0.0000E+00  0.0000E+00  0.0000E+00
  1.1200E+02  0.0000E+00  0.0000E+00  1.0000E+00  0.0000E+00  0.0000E+00  0.0000E+00  0.0000E+00  0.0000E+00  2.0000E+00  1.0000E+01  0.0000E+00  0.0000E+00  0.0000E+00  0.0000E+00
  1.1200E+02  2.0000E+00  0.0000E+00  1.0000E+00  2.5700E+01  0.0000E+00  2.3576E+01  6.3532E-02  6.3532E-02  2.0000E+00  1.0000E+01  2.5700E+01  2.3576E+01  2.1237E+00  6.3532E-02
  1.1300E+02  0.0000E+00  2.8000E+05  1.0000E+00  0.0000E+00  1.0000E+00  0.0000E+00  0.0000E+00  0.0000E+00  2.0000E+00  1.0000E+01  0.0000E+00  0.0000E+00  0.0000E+00  0.0000E+00
  1.1300E+02  0.0000E+00  0.0000E+00  1.0000E+00  0.0000E+00  0.0000E+00  0.0000E+00  0.0000E+00  0.0000E+00  2.0000E+00  1.0000E+01  0.0000E+00  0.0000E+00  0.0000E+00  0.0000E+00
  1.1300E+02  2.0000E+00  0.0000E+00  1.0000E+00  4.0000E-01  0.0000E+00  2.3576E+01 -6.9332E-01 -6.9332E-01  2.0000E+00  1.0000E+01  4.0000E-01  2.3576E+01 -2.3176E+01 -6.9332E-01
  1.1400E+02  0.0000E+00  2.8000E+05  1.0000E+00  0.0000E+00  1.0000E+00  0.0000E+00  0.0000E+00  0.0000E+00  2.0000E+00  1.0000E+01  0.0000E+00  0.0000E+00  0.0000E+00  0.0000E+00
  1.1400E+02  0.0000E+00  0.0000E+00  1.0000E+00  0.0000E+00  0.0000E+00  0.0000E+00  0.0000E+00  0.0000E+00  2.0000E+00  1.0000E+01  0.0000E+00  0.0000E+00  0.0000E+00  0.0000E+00
  1.1400E+02  2.0000E+00  0.0000E+00  1.0000E+00  2.4000E+01  0.0000E+00  2.3576E+01  1.2676E-02  1.2676E-02  2.0000E+00  1.0000E+01  2.4000E+01  2.3576E+01  4.2374E-01  1.2676E-02
  1.1500E+02  0.0000E+00  2.8000E+05  1.0000E+00  0.0000E+00  1.0000E+00  0.0000E+00  0.0000E+00  0.0000E+00  2.0000E+00  1.0000E+01  0.0000E+00  0.0000E+00  0.0000E+00  0.0000E+00
  1.1500E+02  0.0000E+00  0.0000E+00  1.0000E+00  0.0000E+00  0.0000E+00  0.0000E+00  0.0000E+00  0.0000E+00  2.0000E+00  1.0000E+01  0.0000E+00  0.0000E+00  0.0000E+00  0.0000E+00
  1.1500E+02  4.0000E+00  0.0000E+00  1.0000E+00  1.7000E+00  0.0000E+00  3.2234E+01 -6.6809E-01 -6.6809E-01  2.0000E+00  1.0000E+01  1.7000E+00  3.2234E+01 -3.0534E+01 -6.6809E-01
  1.1600E+02  0.0000E+00  2.8000E+05  1.0000E+00  0.0000E+00  1.0000E+00  0.0000E+00  0.0000E+00  0.0000E+00  2.0000E+00  1.0000E+01  0.0000E+00  0.0000E+00  0.0000E+00  0.0000E+00
  1.1600E+02  0.0000E+00  0.0000E+00  1.0000E+00  0.0000E+00  0.0000E+00  0.0000E+00  0.0000E+00  0.0000E+00  2.0000E+00  1.0000E+01  0.0000E+00  0.0000E+00  0.0000E+00  0.0000E+00
  1.1600E+02  4.0000E+00  0.0000E+00  1.0000E+00  9.0000E-01  0.0000E+00  3.2234E+01 -6.8560E-01 -6.8560E-01  2.0000E+00  1.0000E+01  9.0000E-01  3.2234E+01 -3.1334E+01 -6.8560E-01
  1.1700E+02  0.0000E+00  2.8000E+05  1.0000E+00  0.0000E+00  1.0000E+00  0.0000E+00  0.0000E+00  0.0000E+00  2.0000E+00  1.0000E+01  0.0000E+00  0.0000E+00  0.0000E+00  0.0000E+00
  1.1700E+02  0.0000E+00  0.0000E+00  1.0000E+00  0.0000E+00  0.0000E+00  0.0000E+00  0.0000E+00  0.0000E+00  2.0000E+00  1.0000E+01  0.0000E+00  0.0000E+00  0.0000E+00  0.0000E+00
  1.1700E+02  4.0000E+00  0.0000E+00  1.0000E+00  3.0000E-01  0.0000E+00  3.2234E+01 -6.9873E-01 -6.9873E-01  2.0000E+00  1.0000E+01  3.0000E-01  3.2234E+01 -3.1934E+01 -6.9873E-01
  1.1800E+02  0.0000E+00  2.8000E+05  1.0000E+00  0.0000E+00  1.0000E+00  0.0000E+00  0.0000E+00  0.0000E+00  2.0000E+00  1.0000E+01  0.0000E+00  0.0000E+00  0.0000E+00  0.0000E+00
  1.1800E+02  0.0000E+00  0.0000E+00  1.0000E+00  0.0000E+00  0.0000E+00  0.0000E+00  0.0000E+00  0.0000E+00  2.0000E+00  1.0000E+01  0.0000E+00  0.0000E+00  0.0000E+00  0.0000E+00
  1.1800E+02  6.0000E+00  0.0000E+00  1.0000E+00  9.0000E-01  0.0000E+00  2.6818E+01 -6.8162E-01 -6.8162E-01  2.0000E+00  1.0000E+01  9.0000E-01  2.6818E+01 -2.5918E+01 -6.8162E-01
  1.1900E+02  0.0000E+00  2.8000E+05  1.0000E+00  0.0000E+00  1.0000E+00  0.0000E+00  0.0000E+00  0.0000E+00  2.0000E+00  1.0000E+01  0.0000E+00  0.0000E+00  0.0000E+00  0.0000E+00
  1.1900E+02  0.0000E+00  0.0000E+00  1.0000E+00  0.0000E+00  0.0000E+00  0.0000E+00  0.0000E+00  0.0000E+00  2.0000E+00  1.0000E+01  0.0000E+00  0.0000E+00  0.0000E+00  0.0000E+00
  1.1900E+02  6.0000E+00  0.0000E+00  1.0000E+00  3.0000E+00  0.0000E+00  2.6818E+01 -6.2639E-01 -6.2639E-01  2.0000E+00  1.0000E+01  3.0000E+00  2.6818E+01 -2.3818E+01 -6.2639E-01
  1.2000E+02  0.0000E+00  2.8000E+05  1.0000E+00  0.0000E+00  1.0000E+00  0.0000E+00  0.0000E+00  0.0000E+00  2.0000E+00  1.0000E+01  0.0000E+00  0.0000E+00  0.0000E+00  0.0000E+00
  1.2000E+02  0.0000E+00  0.0000E+00  1.0000E+00  0.0000E+00  0.0000E+00  0.0000E+00  0.0000E+00  0.0000E+00  2.0000E+00  1.0000E+01  0.0000E+00  0.0000E+00  0.0000E+00  0.0000E+00
  1.2000E+02  6.0000E+00  0.0000E+00  1.0000E+00  3.8000E+00  0.0000E+00  2.6818E+01 -6.0535E-01 -6.0535E-01  2.0000E+00  1.0000E+01  3.8000E+00  2.6818E+01 -2.3018E+01 -6.0535E-01
  1.2100E+02  0.0000E+00  2.8000E+05  1.0000E+00  0.0000E+00  1.0000E+00  0.0000E+00  0.0000E+00  0.0000E+00  2.0000E+00  1.0000E+01  0.0000E+00  0.0000E+00  0.0000E+00  0.0000E+00
  1.2100E+02  0.0000E+00  0.0000E+00  1.0000E+00  0.0000E+00  0.0000E+00  0.0000E+00  0.0000E+00  0.0000E+00  2.0000E+00  1.0000E+01  0.0000E+00  0.0000E+00  0.0000E+00  0.0000E+00
  1.2100E+02  8.0000E+00  0.0000E+00  1.0000E+00  8.0000E-01  0.0000E+00  1.7871E+01 -6.7372E-01 -6.7372E-01  2.0000E+00  1.0000E+01  8.0000E-01  1.7871E+01 -1.7071E+01 -6.7372E-01
  1.2200E+02  0.0000E+00  2.8000E+05  1.0000E+00  0.0000E+00  1.0000E+00  0.0000E+00  0.0000E+00  0.0000E+00  2.0000E+00  1.0000E+01  0.0000E+00  0.0000E+00  0.0000E+00  0.0000E+00
  1.2200E+02  0.0000E+00  0.0000E+00  1.0000E+00  0.0000E+00  0.0000E+00  0.0000E+00  0.0000E+00  0.0000E+00  2.0000E+00  1.0000E+01  0.0000E+00  0.0000E+00  0.0000E+00  0.0000E+00
  1.2200E+02  8.0000E+00  0.0000E+00  1.0000E+00  1.2000E+00  0.0000E+00  1.7871E+01 -6.5793E-01 -6.5793E-01  2.0000E+00  1.0000E+01  1.2000E+00  1.7871E+01 -1.6671E+01 -6.5793E-01
  1.2300E+02  0.0000E+00  2.8000E+05  1.0000E+00  0.0000E+00  1.0000E+00  0.0000E+00  0.0000E+00  0.0000E+00  2.0000E+00  1.0000E+01  0.0000E+00  0.0000E+00  0.0000E+00  0.0000E+00
  1.2300E+02  0.0000E+00  0.0000E+00  1.0000E+00  0.0000E+00  0.0000E+00  0.0000E+00  0.0000E+00  0.0000E+00  2.0000E+00  1.0000E+01  0.0000E+00  0.0000E+00  0.0000E+00  0.0000E+00
  1.2300E+02  8.0000E+00  0.0000E+00  1.0000E+00  9.0000E-01  0.0000E+00  1.7871E+01 -6.6977E-01 -6.6977E-01  2.0000E+00  1.0000E+01  9.0000E-01  1.7871E+01 -1.6971E+01 -6.6977E-01
  1.2400E+02  0.0000E+00  2.8000E+05  1.0000E+00  0.0000E+00  1.0000E+00  0.0000E+00  0.0000E+00  0.0000E+00  2.0000E+00  1.0000E+01  0.0000E+00  0.0000E+00  0.0000E+00  0.0000E+00
  1.2400E+02  0.0000E+00  0.0000E+00  1.0000E+00  0.0000E+00  0.0000E+00  0.0000E+00  0.0000E+00  0.0000E+00  2.0000E+00  1.0000E+01  0.0000E+00  0.0000E+00  0.0000E+00  0.0000E+00
  1.2400E+02  1.2000E+01  0.0000E+00  1.0000E+00  2.8000E+00  0.0000E+00  8.1151E+00 -4.6194E-01 -4.6194E-01  2.0000E+00  1.0000E+01  2.8000E+00  8.1151E+00 -5.3151E+00 -4.6194E-01
  1.2500E+02  0.0000E+00  2.8000E+05  1.0000E+00  0.0000E+00  1.0000E+00  0.0000E+00  0.0000E+00  0.0000E+00  2.0000E+00  1.0000E+01  0.0000E+00  0.0000E+00  0.0000E+00  0.0000E+00
  1.2500E+02  0.0000E+00  0.0000E+00  1.0000E+00  0.0000E+00  0.0000E+00  0.0000E+00  0.0000E+00  0.0000E+00  2.0000E+00  1.0000E+01  0.0000E+00  0.0000E+00  0.0000E+00  0.0000E+00
  1.2500E+02  1.2000E+01  0.0000E+00  1.0000E+00  5.6200E+01  0.0000E+00  8.1151E+00  4.1791E+00  4.1791E+00  2.0000E+00  1.0000E+01  5.6200E+01  8.1151E+00  4.8085E+01  4.1791E+00
  1.2600E+02  0.0000E+00  2.8000E+05  1.0000E+00  0.0000E+00  1.0000E+00  0.0000E+00  0.0000E+00  0.0000E+00  2.0000E+00  1.0000E+01  0.0000E+00  0.0000E+00  0.0000E+00  0.0000E+00
  1.2600E+02  0.0000E+00  0.0000E+00  1.0000E+00  0.0000E+00  0.0000E+00  0.0000E+00  0.0000E+00  0.0000E+00  2.0000E+00  1.0000E+01  0.0000E+00  0.0000E+00  0.0000E+00  0.0000E+00
  1.2600E+02  1.2000E+01  0.0000E+00  1.0000E+00  8.0000E-01  0.0000E+00  8.1151E+00 -6.3576E-01 -6.3576E-01  2.0000E+00  1.0000E+01  8.0000E-01  8.1151E+00 -7.3151E+00 -6.3576E-01
  1.2700E+02  0.0000E+00  2.8000E+05  1.0000E+00  0.0000E+00  1.0000E+00  0.0000E+00  0.0000E+00  0.0000E+00  2.0000E+00  1.0000E+01  0.0000E+00  0.0000E+00  0.0000E+00  0.0000E+00
  1.2700E+02  0.0000E+00  0.0000E+00  1.0000E+00  0.0000E+00  0.0000E+00  0.0000E+00  0.0000E+00  0.0000E+00  2.0000E+00  1.0000E+01  0.0000E+00  0.0000E+00  0.0000E+00  0.0000E+00
  1.2700E+02  2.4000E+01  0.0000E+00  1.0000E+00  3.9000E+00  0.0000E+00  7.5989E-01  2.9145E+00  2.9145E+00  2.0000E+00  1.0000E+01  3.9000E+00  7.5989E-01  3.1401E+00  2.9145E+00
  1.2800E+02  0.0000E+00  2.8000E+05  1.0000E+00  0.0000E+00  1.0000E+00  0.0000E+00  0.0000E+00  0.0000E+00  2.0000E+00  1.0000E+01  0.0000E+00  0.0000E+00  0.0000E+00  0.0000E+00
  1.2800E+02  0.0000E+00  0.0000E+00  1.0000E+00  0.0000E+00  0.0000E+00  0.0000E+00  0.0000E+00  0.0000E+00  2.0000E+00  1.0000E+01  0.0000E+00  0.0000E+00  0.0000E+00  0.0000E+00
  1.2800E+02  2.4000E+01  0.0000E+00  1.0000E+00  4.0000E-01  0.0000E+00  7.5989E-01 -3.3403E-01 -3.3403E-01  2.0000E+00  1.0000E+01  4.0000E-01  7.5989E-01 -3.5989E-01 -3.3403E-01
  1.2900E+02  0.0000E+00  2.8000E+05  1.0000E+00  0.0000E+00  1.0000E+00  0.0000E+00  0.0000E+00  0.0000E+00  2.0000E+00  1.0000E+01  0.0000E+00  0.0000E+00  0.0000E+00  0.0000E+00
  1.2900E+02  0.0000E+00  0.0000E+00  1.0000E+00  0.0000E+00  0.0000E+00  0.0000E+00  0.0000E+00  0.0000E+00  2.0000E+00  1.0000E+01  0.0000E+00  0.0000E+00  0.0000E+00  0.0000E+00
  1.2900E+02  2.4000E+01  0.0000E+00  1.0000E+00  1.4000E+00  0.0000E+00  7.5989E-01  5.9411E-01  5.9411E-01  2.0000E+00  1.0000E+01  1.4000E+00  7.5989E-01  6.4011E-01  5.9411E-01
  1.3300E+02  0.0000E+00  7.0000E+05  1.0000E+00  0.0000E+00  1.0000E+00  0.0000E+00  0.0000E+00  0.0000E+00  2.0000E+00  2.5000E+01  0.0000E+00  0.0000E+00  0.0000E+00  0.0000E+00
  1.3300E+02  0.0000E+00  0.0000E+00  1.0000E+00  0.0000E+00  0.0000E+00  0.0000E+00  0.0000E+00  0.0000E+00  2.0000E+00  2.5000E+01  0.0000E+00  0.0000E+00  0.0000E+00  0.0000E+00
  1.3300E+02  2.5000E-01  0.0000E+00  1.0000E+00  7.9800E+01  0.0000E+00  3.1555E+01  1.0783E+00  1.0783E+00  2.0000E+00  2.5000E+01  7.9800E+01  3.1555E+01  4.8245E+01  1.0783E+00
  1.3400E+02  0.0000E+00  7.0000E+05  1.0000E+00  0.0000E+00  1.0000E+00  0.0000E+00  0.0000E+00  0.0000E+00  2.0000E+00  2.5000E+01  0.0000E+00  0.0000E+00  0.0000E+00  0.0000E+00
  1.3400E+02  0.0000E+00  0.0000E+00  1.0000E+00  0.0000E+00  0.0000E+00  0.0000E+00  0.0000E+00  0.0000E+00  2.0000E+00  2.5000E+01  0.0000E+00  0.0000E+00  0.0000E+00  0.0000E+00
  1.3400E+02  2.5000E-01  0.0000E+00  1.0000E+00  6.8500E+01  0.0000E+00  3.1555E+01  8.2574E-01  8.2574E-01  2.0000E+00  2.5000E+01  6.8500E+01  3.1555E+01  3.6945E+01  8.2574E-01
  1.3500E+02  0.0000E+00  7.0000E+05  1.0000E+00  0.0000E+00  1.0000E+00  0.0000E+00  0.0000E+00  0.0000E+00  2.0000E+00  2.5000E+01  0.0000E+00  0.0000E+00  0.0000E+00  0.0000E+00
  1.3500E+02  0.0000E+00  0.0000E+00  1.0000E+00  0.0000E+00  0.0000E+00  0.0000E+00  0.0000E+00  0.0000E+00  2.0000E+00  2.5000E+01  0.0000E+00  0.0000E+00  0.0000E+00  0.0000E+00
  1.3500E+02  2.5000E-01  0.0000E+00  1.0000E+00  6.8200E+01  0.0000E+00  3.1555E+01  8.1904E-01  8.1904E-01  2.0000E+00  2.5000E+01  6.8200E+01  3.1555E+01  3.6645E+01  8.1904E-01
  1.3600E+02  0.0000E+00  7.0000E+05  1.0000E+00  0.0000E+00  1.0000E+00  0.0000E+00  0.0000E+00  0.0000E+00  2.0000E+00  2.5000E+01  0.0000E+00  0.0000E+00  0.0000E+00  0.0000E+00
  1.3600E+02  0.0000E+00  0.0000E+00  1.0000E+00  0.0000E+00  0.0000E+00  0.0000E+00  0.0000E+00  0.0000E+00  2.0000E+00  2.5000E+01  0.0000E+00  0.0000E+00  0.0000E+00  0.0000E+00
  1.3600E+02  5.0000E-01  0.0000E+00  1.0000E+00  5.1000E+01  0.0000E+00  3.6075E+01  2.9180E-01  2.9180E-01  2.0000E+00  2.5000E+01  5.1000E+01  3.6075E+01  1.4925E+01  2.9180E-01
  1.3700E+02  0.0000E+00  7.0000E+05  1.0000E+00  0.0000E+00  1.0000E+00  0.0000E+00  0.0000E+00  0.0000E+00  2.0000E+00  2.5000E+01  0.0000E+00  0.0000E+00  0.0000E+00  0.0000E+00
  1.3700E+02  0.0000E+00  0.0000E+00  1.0000E+00  0.0000E+00  0.0000E+00  0.0000E+00  0.0000E+00  0.0000E+00  2.0000E+00  2.5000E+01  0.0000E+00  0.0000E+00  0.0000E+00  0.0000E+00
  1.3700E+02  5.0000E-01  0.0000E+00  1.0000E+00  3.3700E+01  0.0000E+00  3.6075E+01 -4.6429E-02 -4.6429E-02  2.0000E+00  2.5000E+01  3.3700E+01  3.6075E+01 -2.3748E+00 -4.6429E-02
  1.3800E+02  0.0000E+00  7.0000E+05  1.0000E+00  0.0000E+00  1.0000E+00  0.0000E+00  0.0000E+00  0.0000E+00  2.0000E+00  2.5000E+01  0.0000E+00  0.0000E+00  0.0000E+00  0.0000E+00
  1.3800E+02  0.0000E+00  0.0000E+00  1.0000E+00  0.0000E+00  0.0000E+00  0.0000E+00  0.0000E+00  0.0000E+00  2.0000E+00  2.5000E+01  0.0000E+00  0.0000E+00  0.0000E+00  0.0000E+00
  1.3800E+02  5.0000E-01  0.0000E+00  1.0000E+00  4.6000E+00  0.0000E+00  3.6075E+01 -6.1536E-01 -6.1536E-01  2.0000E+00  2.5000E+01  4.6000E+00  3.6075E+01 -3.1475E+01 -6.1536E-01
  1.3900E+02  0.0000E+00  7.0000E+05  1.0000E+00  0.0000E+00  1.0000E+00  0.0000E+00  0.0000E+00  0.0000E+00  2.0000E+00  2.5000E+01  0.0000E+00  0.0000E+00  0.0000E+00  0.0000E+00
  1.3900E+02  0.0000E+00  0.0000E+00  1.0000E+00  0.0000E+00  0.0000E+00  0.0000E+00  0.0000E+00  0.0000E+00  2.0000E+00  2.5000E+01  0.0000E+00  0.0000E+00  0.0000E+00  0.0000E+00
  1.3900E+02  1.0000E+00  0.0000E+00  1.0000E+00  1.1480E+02  0.0000E+00  4.4460E+01  1.1158E+00  1.1158E+00  2.0000E+00  2.5000E+01  1.1480E+02  4.4460E+01  7.0340E+01  1.1158E+00
  1.4000E+02  0.0000E+00  7.0000E+05  1.0000E+00  0.0000E+00  1.0000E+00  0.0000E+00  0.0000E+00  0.0000E+00  2.0000E+00  2.5000E+01  0.0000E+00  0.0000E+00  0.0000E+00  0.0000E+00
  1.4000E+02  0.0000E+00  0.0000E+00  1.0000E+00  0.0000E+00  0.0000E+00  0.0000E+00  0.0000E+00  0.0000E+00  2.0000E+00  2.5000E+01  0.0000E+00  0.0000E+00  0.0000E+00  0.0000E+00
  1.4000E+02  1.0000E+00  0.0000E+00  1.0000E+00  1.7800E+01  0.0000E+00  4.4460E+01 -4.2292E-01 -4.2292E-01  2.0000E+00  2.5000E+01  1.7800E+01  4.4460E+01 -2.6660E+01 -4.2292E-01
  1.4100E+02  0.0000E+00  7.0000E+05  1.0000E+00  0.0000E+00  1.0000E+00  0.0000E+00  0.0000E+00  0.0000E+00  2.0000E+00  2.5000E+01  0.0000E+00  0.0000E+00  0.0000E+00  0.0000E+00
  1.4100E+02  0.0000E+00  0.0000E+00  1.0000E+00  0.0000E+00  0.0000E+00  0.0000E+00  0.0000E+00  0.0000E+00  2.0000E+00  2.5000E+01  0.0000E+00  0.0000E+00  0.0000E+00  0.0000E+00
  1.4100E+02  1.0000E+00  0.0000E+00  1.0000E+00  3.2700E+01  0.0000E+00  4.4460E+01 -1.8655E-01 -1.8655E-01  2.0000E+00  2.5000E+01  3.2700E+01  4.4460E+01 -1.1760E+01 -1.8655E-01
  1.4200E+02  0.0000E+00  7.0000E+05  1.0000E+00  0.0000E+00  1.0000E+00  0.0000E+00  0.0000E+00  0.0000E+00  2.0000E+00  2.5000E+01  0.0000E+00  0.0000E+00  0.0000E+00  0.0000E+00
  1.4200E+02  0.0000E+00  0.0000E+00  1.0000E+00  0.0000E+00  0.0000E+00  0.0000E+00  0.0000E+00  0.0000E+00  2.0000E+00  2.5000E+01  0.0000E+00  0.0000E+00  0.0000E+00  0.0000E+00
  1.4200E+02  2.0000E+00  0.0000E+00  1.0000E+00  3.6000E+00  0.0000E+00  5.8941E+01 -6.6221E-01 -6.6221E-01  2.0000E+00  2.5000E+01  3.6000E+00  5.8941E+01 -5.5341E+01 -6.6221E-01
  1.4300E+02  0.0000E+00  7.0000E+05  1.0000E+00  0.0000E+00  1.0000E+00  0.0000E+00  0.0000E+00  0.0000E+00  2.0000E+00  2.5000E+01  0.0000E+00  0.0000E+00  0.0000E+00  0.0000E+00
  1.4300E+02  0.0000E+00  0.0000E+00  1.0000E+00  0.0000E+00  0.0000E+00  0.0000E+00  0.0000E+00  0.0000E+00  2.0000E+00  2.5000E+01  0.0000E+00  0.0000E+00  0.0000E+00  0.0000E+00
  1.4300E+02  2.0000E+00  0.0000E+00  1.0000E+00  7.2600E+01  0.0000E+00  5.8941E+01  1.6345E-01  1.6345E-01  2.0000E+00  2.5000E+01  7.2600E+01  5.8941E+01  1.3659E+01  1.6345E-01
  1.4400E+02  0.0000E+00  7.0000E+05  1.0000E+00  0.0000E+00  1.0000E+00  0.0000E+00  0.0000E+00  0.0000E+00  2.0000E+00  2.5000E+01  0.0000E+00  0.0000E+00  0.0000E+00  0.0000E+00
  1.4400E+02  0.0000E+00  0.0000E+00  1.0000E+00  0.0000E+00  0.0000E+00  0.0000E+00  0.0000E+00  0.0000E+00  2.0000E+00  2.5000E+01  0.0000E+00  0.0000E+00  0.0000E+00  0.0000E+00
  1.4400E+02  2.0000E+00  0.0000E+00  1.0000E+00  2.2000E+00  0.0000E+00  5.8941E+01 -6.7896E-01 -6.7896E-01  2.0000E+00  2.5000E+01  2.2000E+00  5.8941E+01 -5.6741E+01 -6.7896E-01
  1.4500E+02  0.0000E+00  7.0000E+05  1.0000E+00  0.0000E+00  1.0000E+00  0.0000E+00  0.0000E+00  0.0000E+00  2.0000E+00  2.5000E+01  0.0000E+00  0.0000E+00  0.0000E+00  0.0000E+00
  1.4500E+02  0.0000E+00  0.0000E+00  1.0000E+00  0.0000E+00  0.0000E+00  0.0000E+00  0.0000E+00  0.0000E+00  2.0000E+00  2.5000E+01  0.0000E+00  0.0000E+00  0.0000E+00  0.0000E+00
  1.4500E+02  4.0000E+00  0.0000E+00  1.0000E+00  2.5000E+00  0.0000E+00  8.0586E+01 -6.8341E-01 -6.8341E-01  2.0000E+00  2.5000E+01  2.5000E+00  8.0586E+01 -7.8086E+01 -6.8341E-01
  1.4600E+02  0.0000E+00  7.0000E+05  1.0000E+00  0.0000E+00  1.0000E+00  0.0000E+00  0.0000E+00  0.0000E+00  2.0000E+00  2.5000E+01  0.0000E+00  0.0000E+00  0.0000E+00  0.0000E+00
  1.4600E+02  0.0000E+00  0.0000E+00  1.0000E+00  0.0000E+00  0.0000E+00  0.0000E+00  0.0000E+00  0.0000E+00  2.0000E+00  2.5000E+01  0.0000E+00  0.0000E+00  0.0000E+00  0.0000E+00
  1.4600E+02  4.0000E+00  0.0000E+00  1.0000E+00  1.4400E+01  0.0000E+00  8.0586E+01 -5.7926E-01 -5.7926E-01  2.0000E+00  2.5000E+01  1.4400E+01  8.0586E+01 -6.6186E+01 -5.7926E-01
  1.4700E+02  0.0000E+00  7.0000E+05  1.0000E+00  0.0000E+00  1.0000E+00  0.0000E+00  0.0000E+00  0.0000E+00  2.0000E+00  2.5000E+01  0.0000E+00  0.0000E+00  0.0000E+00  0.0000E+00
  1.4700E+02  0.0000E+00  0.0000E+00  1.0000E+00  0.0000E+00  0.0000E+00  0.0000E+00  0.0000E+00  0.0000E+00  2.0000E+00  2.5000E+01  0.0000E+00  0.0000E+00  0.0000E+00  0.0000E+00
  1.4700E+02  4.0000E+00  0.0000E+00  1.0000E+00  2.3000E+00  0.0000E+00  8.0586E+01 -6.8516E-01 -6.8516E-01  2.0000E+00  2.5000E+01  2.3000E+00  8.0586E+01 -7.8286E+01 -6.8516E-01
  1.4800E+02  0.0000E+00  7.0000E+05  1.0000E+00  0.0000E+00  1.0000E+00  0.0000E+00  0.0000E+00  0.0000E+00  2.0000E+00  2.5000E+01  0.0000E+00  0.0000E+00  0.0000E+00  0.0000E+00
  1.4800E+02  0.0000E+00  0.0000E+00  1.0000E+00  0.0000E+00  0.0000E+00  0.0000E+00  0.0000E+00  0.0000E+00  2.0000E+00  2.5000E+01  0.0000E+00  0.0000E+00  0.0000E+00  0.0000E+00
  1.4800E+02  6.0000E+00  0.0000E+00  1.0000E+00  1.1000E+00  0.0000E+00  6.7045E+01 -6.9372E-01 -6.9372E-01  2.0000E+00  2.5000E+01  1.1000E+00  6.7045E+01 -6.5945E+01 -6.9372E-01
  1.4900E+02  0.0000E+00  7.0000E+05  1.0000E+00  0.0000E+00  1.0000E+00  0.0000E+00  0.0000E+00  0.0000E+00  2.0000E+00  2.5000E+01  0.0000E+00  0.0000E+00  0.0000E+00  0.0000E+00
  1.4900E+02  0.0000E+00  0.0000E+00  1.0000E+00  0.0000E+00  0.0000E+00  0.0000E+00  0.0000E+00  0.0000E+00  2.0000E+00  2.5000E+01  0.0000E+00  0.0000E+00  0.0000E+00  0.0000E+00
  1.4900E+02  6.0000E+00  0.0000E+00  1.0000E+00  4.8000E+00  0.0000E+00  6.7045E+01 -6.5480E-01 -6.5480E-01  2.0000E+00  2.5000E+01  4.8000E+00  6.7045E+01 -6.2245E+01 -6.5480E-01
  1.5000E+02  0.0000E+00  7.0000E+05  1.0000E+00  0.0000E+00  1.0000E+00  0.0000E+00  0.0000E+00  0.0000E+00  2.0000E+00  2.5000E+01  0.0000E+00  0.0000E+00  0.0000E+00  0.0000E+00
  1.5000E+02  0.0000E+00  0.0000E+00  1.0000E+00  0.0000E+00  0.0000E+00  0.0000E+00  0.0000E+00  0.0000E+00  2.0000E+00  2.5000E+01  0.0000E+00  0.0000E+00  0.0000E+00  0.0000E+00
  1.5000E+02  6.0000E+00  0.0000E+00  1.0000E+00  5.9000E+00  0.0000E+00  6.7045E+01 -6.4322E-01 -6.4322E-01  2.0000E+00  2.5000E+01  5.9000E+00  6.7045E+01 -6.1145E+01 -6.4322E-01
  1.5100E+02  0.0000E+00  7.0000E+05  1.0000E+00  0.0000E+00  1.0000E+00  0.0000E+00  0.0000E+00  0.0000E+00  2.0000E+00  2.5000E+01  0.0000E+00  0.0000E+00  0.0000E+00  0.0000E+00
  1.5100E+02  0.0000E+00  0.0000E+00  1.0000E+00  0.0000E+00  0.0000E+00  0.0000E+00  0.0000E+00  0.0000E+00  2.0000E+00  2.5000E+01  0.0000E+00  0.0000E+00  0.0000E+00  0.0000E+00
  1.5100E+02  8.0000E+00  0.0000E+00  1.0000E+00  7.0000E-01  0.0000E+00  4.4677E+01 -6.9424E-01 -6.9424E-01  2.0000E+00  2.5000E+01  7.0000E-01  4.4677E+01 -4.3977E+01 -6.9424E-01
  1.5200E+02  0.0000E+00  7.0000E+05  1.0000E+00  0.0000E+00  1.0000E+00  0.0000E+00  0.0000E+00  0.0000E+00  2.0000E+00  2.5000E+01  0.0000E+00  0.0000E+00  0.0000E+00  0.0000E+00
  1.5200E+02  0.0000E+00  0.0000E+00  1.0000E+00  0.0000E+00  0.0000E+00  0.0000E+00  0.0000E+00  0.0000E+00  2.0000E+00  2.5000E+01  0.0000E+00  0.0000E+00  0.0000E+00  0.0000E+00
  1.5200E+02  8.0000E+00  0.0000E+00  1.0000E+00  7.0000E-01  0.0000E+00  4.4677E+01 -6.9424E-01 -6.9424E-01  2.0000E+00  2.5000E+01  7.0000E-01  4.4677E+01 -4.3977E+01 -6.9424E-01
  1.5300E+02  0.0000E+00  7.0000E+05  1.0000E+00  0.0000E+00  1.0000E+00  0.0000E+00  0.0000E+00  0.0000E+00  2.0000E+00  2.5000E+01  0.0000E+00  0.0000E+00  0.0000E+00  0.0000E+00
  1.5300E+02  0.0000E+00  0.0000E+00  1.0000E+00  0.0000E+00  0.0000E+00  0.0000E+00  0.0000E+00  0.0000E+00  2.0000E+00  2.5000E+01  0.0000E+00  0.0000E+00  0.0000E+00  0.0000E+00
  1.5300E+02  8.0000E+00  0.0000E+00  1.0000E+00  1.3000E+00  0.0000E+00  4.4677E+01 -6.8477E-01 -6.8477E-01  2.0000E+00  2.5000E+01  1.3000E+00  4.4677E+01 -4.3377E+01 -6.8477E-01
  1.5400E+02  0.0000E+00  7.0000E+05  1.0000E+00  0.0000E+00  1.0000E+00  0.0000E+00  0.0000E+00  0.0000E+00  2.0000E+00  2.5000E+01  0.0000E+00  0.0000E+00  0.0000E+00  0.0000E+00
  1.5400E+02  0.0000E+00  0.0000E+00  1.0000E+00  0.0000E+00  0.0000E+00  0.0000E+00  0.0000E+00  0.0000E+00  2.0000E+00  2.5000E+01  0.0000E+00  0.0000E+00  0.0000E+00  0.0000E+00
  1.5400E+02  1.2000E+01  0.0000E+00  1.0000E+00  3.0000E-01  0.0000E+00  2.0288E+01 -6.9486E-01 -6.9486E-01  2.0000E+00  2.5000E+01  3.0000E-01  2.0288E+01 -1.9988E+01 -6.9486E-01
  1.5500E+02  0.0000E+00  7.0000E+05  1.0000E+00  0.0000E+00  1.0000E+00  0.0000E+00  0.0000E+00  0.0000E+00  2.0000E+00  2.5000E+01  0.0000E+00  0.0000E+00  0.0000E+00  0.0000E+00
  1.5500E+02  0.0000E+00  0.0000E+00  1.0000E+00  0.0000E+00  0.0000E+00  0.0000E+00  0.0000E+00  0.0000E+00  2.0000E+00  2.5000E+01  0.0000E+00  0.0000E+00  0.0000E+00  0.0000E+00
  1.5500E+02  1.2000E+01  0.0000E+00  1.0000E+00  9.9000E+00  0.0000E+00  2.0288E+01 -3.6112E-01 -3.6112E-01  2.0000E+00  2.5000E+01  9.9000E+00  2.0288E+01 -1.0388E+01 -3.6112E-01
  1.5600E+02  0.0000E+00  7.0000E+05  1.0000E+00  0.0000E+00  1.0000E+00  0.0000E+00  0.0000E+00  0.0000E+00  2.0000E+00  2.5000E+01  0.0000E+00  0.0000E+00  0.0000E+00  0.0000E+00
  1.5600E+02  0.0000E+00  0.0000E+00  1.0000E+00  0.0000E+00  0.0000E+00  0.0000E+00  0.0000E+00  0.0000E+00  2.0000E+00  2.5000E+01  0.0000E+00  0.0000E+00  0.0000E+00  0.0000E+00
  1.5600E+02  1.2000E+01  0.0000E+00  1.0000E+00  2.0190E+02  0.0000E+00  2.0288E+01  6.3136E+00  6.3136E+00  2.0000E+00  2.5000E+01  2.0190E+02  2.0288E+01  1.8161E+02  6.3136E+00
  1.5700E+02  0.0000E+00  7.0000E+05  1.0000E+00  0.0000E+00  1.0000E+00  0.0000E+00  0.0000E+00  0.0000E+00  2.0000E+00  2.5000E+01  0.0000E+00  0.0000E+00  0.0000E+00  0.0000E+00
  1.5700E+02  0.0000E+00  0.0000E+00  1.0000E+00  0.0000E+00  0.0000E+00  0.0000E+00  0.0000E+00  0.0000E+00  2.0000E+00  2.5000E+01  0.0000E+00  0.0000E+00  0.0000E+00  0.0000E+00
  1.5700E+02  2.4000E+01  0.0000E+00  1.0000E+00  1.5000E+00  0.0000E+00  1.8997E+00 -1.4840E-01 -1.4840E-01  2.0000E+00  2.5000E+01  1.5000E+00  1.8997E+00 -3.9973E-01 -1.4840E-01
  1.5800E+02  0.0000E+00  7.0000E+05  1.0000E+00  0.0000E+00  1.0000E+00  0.0000E+00  0.0000E+00  0.0000E+00  2.0000E+00  2.5000E+01  0.0000E+00  0.0000E+00  0.0000E+00  0.0000E+00
  1.5800E+02  0.0000E+00  0.0000E+00  1.0000E+00  0.0000E+00  0.0000E+00  0.0000E+00  0.0000E+00  0.0000E+00  2.0000E+00  2.5000E+01  0.0000E+00  0.0000E+00  0.0000E+00  0.0000E+00
  1.5800E+02  2.4000E+01  0.0000E+00  1.0000E+00  8.0000E-01  0.0000E+00  1.8997E+00 -4.0828E-01 -4.0828E-01  2.0000E+00  2.5000E+01  8.0000E-01  1.8997E+00 -1.0997E+00 -4.0828E-01
  1.5900E+02  0.0000E+00  7.0000E+05  1.0000E+00  0.0000E+00  1.0000E+00  0.0000E+00  0.0000E+00  0.0000E+00  2.0000E+00  2.5000E+01  0.0000E+00  0.0000E+00  0.0000E+00  0.0000E+00
  1.5900E+02  0.0000E+00  0.0000E+00  1.0000E+00  0.0000E+00  0.0000E+00  0.0000E+00  0.0000E+00  0.0000E+00  2.0000E+00  2.5000E+01  0.0000E+00  0.0000E+00  0.0000E+00  0.0000E+00
  1.5900E+02  2.4000E+01  0.0000E+00  1.0000E+00  1.7000E+00  0.0000E+00  1.8997E+00 -7.4153E-02 -7.4153E-02  2.0000E+00  2.5000E+01  1.7000E+00  1.8997E+00 -1.9973E-01 -7.4153E-02
  1.6000E+02  0.0000E+00  1.4000E+06  1.0000E+00  0.0000E+00  1.0000E+00  0.0000E+00  0.0000E+00  0.0000E+00  2.0000E+00  5.0000E+01  0.0000E+00  0.0000E+00  0.0000E+00  0.0000E+00
  1.6000E+02  0.0000E+00  0.0000E+00  1.0000E+00  0.0000E+00  0.0000E+00  0.0000E+00  0.0000E+00  0.0000E+00  2.0000E+00  5.0000E+01  0.0000E+00  0.0000E+00  0.0000E+00  0.0000E+00
  1.6000E+02  2.5000E-01  0.0000E+00  1.0000E+00  5.6800E+01  0.0000E+00  6.3111E+01 -7.0526E-02 -7.0526E-02  2.0000E+00  5.0000E+01  5.6800E+01  6.3111E+01 -6.3108E+00 -7.0526E-02
  1.6100E+02  0.0000E+00  1.4000E+06  1.0000E+00  0.0000E+00  1.0000E+00  0.0000E+00  0.0000E+00  0.0000E+00  2.0000E+00  5.0000E+01  0.0000E+00  0.0000E+00  0.0000E+00  0.0000E+00
  1.6100E+02  0.0000E+00  0.0000E+00  1.0000E+00  0.0000E+00  0.0000E+00  0.0000E+00  0.0000E+00  0.0000E+00  2.0000E+00  5.0000E+01  0.0000E+00  0.0000E+00  0.0000E+00  0.0000E+00
  1.6100E+02  5.0000E-01  0.0000E+00  1.0000E+00  3.0300E+01  0.0000E+00  7.2150E+01 -4.0910E-01 -4.0910E-01  2.0000E+00  5.0000E+01  3.0300E+01  7.2150E+01 -4.1850E+01 -4.0910E-01
  1.6200E+02  0.0000E+00  1.4000E+06  1.0000E+00  0.0000E+00  1.0000E+00  0.0000E+00  0.0000E+00  0.0000E+00  2.0000E+00  5.0000E+01  0.0000E+00  0.0000E+00  0.0000E+00  0.0000E+00
  1.6200E+02  0.0000E+00  0.0000E+00  1.0000E+00  0.0000E+00  0.0000E+00  0.0000E+00  0.0000E+00  0.0000E+00  2.0000E+00  5.0000E+01  0.0000E+00  0.0000E+00  0.0000E+00  0.0000E+00
  1.6200E+02  1.0000E+00  0.0000E+00  1.0000E+00  3.0900E+01  0.0000E+00  8.8920E+01 -4.6020E-01 -4.6020E-01  2.0000E+00  5.0000E+01  3.0900E+01  8.8920E+01 -5.8020E+01 -4.6020E-01
  1.6300E+02  0.0000E+00  1.4000E+06  1.0000E+00  0.0000E+00  1.0000E+00  0.0000E+00  0.0000E+00  0.0000E+00  2.0000E+00  5.0000E+01  0.0000E+00  0.0000E+00  0.0000E+00  0.0000E+00
  1.6300E+02  0.0000E+00  0.0000E+00  1.0000E+00  0.0000E+00  0.0000E+00  0.0000E+00  0.0000E+00  0.0000E+00  2.0000E+00  5.0000E+01  0.0000E+00  0.0000E+00  0.0000E+00  0.0000E+00
  1.6300E+02  2.0000E+00  0.0000E+00  1.0000E+00  1.5800E+01  0.0000E+00  1.1788E+02 -6.1076E-01 -6.1076E-01  2.0000E+00  5.0000E+01  1.5800E+01  1.1788E+02 -1.0208E+02 -6.1076E-01
  1.6400E+02  0.0000E+00  1.4000E+06  1.0000E+00  0.0000E+00  1.0000E+00  0.0000E+00  0.0000E+00  0.0000E+00  2.0000E+00  5.0000E+01  0.0000E+00  0.0000E+00  0.0000E+00  0.0000E+00
  1.6400E+02  0.0000E+00  0.0000E+00  1.0000E+00  0.0000E+00  0.0000E+00  0.0000E+00  0.0000E+00  0.0000E+00  2.0000E+00  5.0000E+01  0.0000E+00  0.0000E+00  0.0000E+00  0.0000E+00
  1.6400E+02  4.0000E+00  0.0000E+00  1.0000E+00  3.9800E+02  0.0000E+00  1.6117E+02  1.0364E+00  1.0364E+00  2.0000E+00  5.0000E+01  3.9800E+02  1.6117E+02  2.3683E+02  1.0364E+00
  1.6500E+02  0.0000E+00  1.4000E+06  1.0000E+00  0.0000E+00  1.0000E+00  0.0000E+00  0.0000E+00  0.0000E+00  2.0000E+00  5.0000E+01  0.0000E+00  0.0000E+00  0.0000E+00  0.0000E+00
  1.6500E+02  0.0000E+00  0.0000E+00  1.0000E+00  0.0000E+00  0.0000E+00  0.0000E+00  0.0000E+00  0.0000E+00  2.0000E+00  5.0000E+01  0.0000E+00  0.0000E+00  0.0000E+00  0.0000E+00
  1.6500E+02  6.0000E+00  0.0000E+00  1.0000E+00  2.9600E+01  0.0000E+00  1.3409E+02 -5.4960E-01 -5.4960E-01  2.0000E+00  5.0000E+01  2.9600E+01  1.3409E+02 -1.0449E+02 -5.4960E-01
  1.6600E+02  0.0000E+00  1.4000E+06  1.0000E+00  0.0000E+00  1.0000E+00  0.0000E+00  0.0000E+00  0.0000E+00  2.0000E+00  5.0000E+01  0.0000E+00  0.0000E+00  0.0000E+00  0.0000E+00
  1.6600E+02  0.0000E+00  0.0000E+00  1.0000E+00  0.0000E+00  0.0000E+00  0.0000E+00  0.0000E+00  0.0000E+00  2.0000E+00  5.0000E+01  0.0000E+00  0.0000E+00  0.0000E+00  0.0000E+00
  1.6600E+02  8.0000E+00  0.0000E+00  1.0000E+00  1.4600E+01  0.0000E+00  8.9353E+01 -5.9005E-01 -5.9005E-01  2.0000E+00  5.0000E+01  1.4600E+01  8.9353E+01 -7.4753E+01 -5.9005E-01
  1.6700E+02  0.0000E+00  1.4000E+06  1.0000E+00  0.0000E+00  1.0000E+00  0.0000E+00  0.0000E+00  0.0000E+00  2.0000E+00  5.0000E+01  0.0000E+00  0.0000E+00  0.0000E+00  0.0000E+00
  1.6700E+02  0.0000E+00  0.0000E+00  1.0000E+00  0.0000E+00  0.0000E+00  0.0000E+00  0.0000E+00  0.0000E+00  2.0000E+00  5.0000E+01  0.0000E+00  0.0000E+00  0.0000E+00  0.0000E+00
  1.6700E+02  1.0000E+01  0.0000E+00  1.0000E+00  1.3900E+01  0.0000E+00  6.0213E+01 -5.4247E-01 -5.4247E-01  2.0000E+00  5.0000E+01  1.3900E+01  6.0213E+01 -4.6313E+01 -5.4247E-01
  1.6800E+02  0.0000E+00  1.4000E+06  1.0000E+00  0.0000E+00  1.0000E+00  0.0000E+00  0.0000E+00  0.0000E+00  2.0000E+00  5.0000E+01  0.0000E+00  0.0000E+00  0.0000E+00  0.0000E+00
  1.6800E+02  0.0000E+00  0.0000E+00  1.0000E+00  0.0000E+00  0.0000E+00  0.0000E+00  0.0000E+00  0.0000E+00  2.0000E+00  5.0000E+01  0.0000E+00  0.0000E+00  0.0000E+00  0.0000E+00
  1.6800E+02  1.2000E+01  0.0000E+00  1.0000E+00  1.1000E+00  0.0000E+00  4.0576E+01 -6.8617E-01 -6.8617E-01  2.0000E+00  5.0000E+01  1.1000E+00  4.0576E+01 -3.9476E+01 -6.8617E-01
  1.6900E+02  0.0000E+00  1.4000E+06  1.0000E+00  0.0000E+00  1.0000E+00  0.0000E+00  0.0000E+00  0.0000E+00  2.0000E+00  5.0000E+01  0.0000E+00  0.0000E+00  0.0000E+00  0.0000E+00
  1.6900E+02  0.0000E+00  0.0000E+00  1.0000E+00  0.0000E+00  0.0000E+00  0.0000E+00  0.0000E+00  0.0000E+00  2.0000E+00  5.0000E+01  0.0000E+00  0.0000E+00  0.0000E+00  0.0000E+00
  1.6900E+02  1.4000E+01  0.0000E+00  1.0000E+00  8.9000E+00  0.0000E+00  2.7343E+01 -4.7572E-01 -4.7572E-01  2.0000E+00  5.0000E+01  8.9000E+00  2.7343E+01 -1.8443E+01 -4.7572E-01
  1.7000E+02  0.0000E+00  1.4000E+06  1.0000E+00  0.0000E+00  1.0000E+00  0.0000E+00  0.0000E+00  0.0000E+00  2.0000E+00  5.0000E+01  0.0000E+00  0.0000E+00  0.0000E+00  0.0000E+00
  1.7000E+02  0.0000E+00  0.0000E+00  1.0000E+00  0.0000E+00  0.0000E+00  0.0000E+00  0.0000E+00  0.0000E+00  2.0000E+00  5.0000E+01  0.0000E+00  0.0000E+00  0.0000E+00  0.0000E+00
  1.7000E+02  1.6000E+01  0.0000E+00  1.0000E+00  3.2000E+00  0.0000E+00  1.8425E+01 -5.8280E-01 -5.8280E-01  2.0000E+00  5.0000E+01  3.2000E+00  1.8425E+01 -1.5225E+01 -5.8280E-01
  1.7100E+02  0.0000E+00  1.4000E+06  1.0000E+00  0.0000E+00  1.0000E+00  0.0000E+00  0.0000E+00  0.0000E+00  2.0000E+00  5.0000E+01  0.0000E+00  0.0000E+00  0.0000E+00  0.0000E+00
  1.7100E+02  0.0000E+00  0.0000E+00  1.0000E+00  0.0000E+00  0.0000E+00  0.0000E+00  0.0000E+00  0.0000E+00  2.0000E+00  5.0000E+01  0.0000E+00  0.0000E+00  0.0000E+00  0.0000E+00
  1.7100E+02  2.0000E+01  0.0000E+00  1.0000E+00  6.0000E-01  0.0000E+00  8.3670E+00 -6.5471E-01 -6.5471E-01  2.0000E+00  5.0000E+01  6.0000E-01  8.3670E+00 -7.7670E+00 -6.5471E-01
  1.7200E+02  0.0000E+00  1.4000E+06  1.0000E+00  0.0000E+00  1.0000E+00  0.0000E+00  0.0000E+00  0.0000E+00  2.0000E+00  5.0000E+01  0.0000E+00  0.0000E+00  0.0000E+00  0.0000E+00
  1.7200E+02  0.0000E+00  0.0000E+00  1.0000E+00  0.0000E+00  0.0000E+00  0.0000E+00  0.0000E+00  0.0000E+00  2.0000E+00  5.0000E+01  0.0000E+00  0.0000E+00  0.0000E+00  0.0000E+00
  1.7200E+02  2.4000E+01  0.0000E+00  1.0000E+00  5.2000E+00  0.0000E+00  3.7995E+00  2.5998E-01  2.5998E-01  2.0000E+00  5.0000E+01  5.2000E+00  3.7995E+00  1.4005E+00  2.5998E-01
  1.7300E+02  0.0000E+00  1.4000E+06  1.0000E+00  0.0000E+00  1.0000E+00  0.0000E+00  0.0000E+00  0.0000E+00  2.0000E+00  5.0000E+01  0.0000E+00  0.0000E+00  0.0000E+00  0.0000E+00
  1.7300E+02  0.0000E+00  0.0000E+00  1.0000E+00  0.0000E+00  0.0000E+00  0.0000E+00  0.0000E+00  0.0000E+00  2.0000E+00  5.0000E+01  0.0000E+00  0.0000E+00  0.0000E+00  0.0000E+00
  1.7300E+02  2.8000E+01  0.0000E+00  1.0000E+00  2.6000E+00  0.0000E+00  1.7253E+00  3.5754E-01  3.5754E-01  2.0000E+00  5.0000E+01  2.6000E+00  1.7253E+00  8.7466E-01  3.5754E-01
  1.7400E+02  0.0000E+00  1.4000E+06  1.0000E+00  0.0000E+00  1.0000E+00  0.0000E+00  0.0000E+00  0.0000E+00  2.0000E+00  5.0000E+01  0.0000E+00  0.0000E+00  0.0000E+00  0.0000E+00
  1.7400E+02  0.0000E+00  0.0000E+00  1.0000E+00  0.0000E+00  0.0000E+00  0.0000E+00  0.0000E+00  0.0000E+00  2.0000E+00  5.0000E+01  0.0000E+00  0.0000E+00  0.0000E+00  0.0000E+00
  1.7400E+02  2.5000E-01  0.0000E+00  1.0000E+00  4.2400E+01  0.0000E+00  6.3111E+01 -2.3145E-01 -2.3145E-01  2.0000E+00  5.0000E+01  4.2400E+01  6.3111E+01 -2.0711E+01 -2.3145E-01
  1.7500E+02  0.0000E+00  1.4000E+06  1.0000E+00  0.0000E+00  1.0000E+00  0.0000E+00  0.0000E+00  0.0000E+00  2.0000E+00  5.0000E+01  0.0000E+00  0.0000E+00  0.0000E+00  0.0000E+00
  1.7500E+02  0.0000E+00  0.0000E+00  1.0000E+00  0.0000E+00  0.0000E+00  0.0000E+00  0.0000E+00  0.0000E+00  2.0000E+00  5.0000E+01  0.0000E+00  0.0000E+00  0.0000E+00  0.0000E+00
  1.7500E+02  5.0000E-01  0.0000E+00  1.0000E+00  2.5240E+02  0.0000E+00  7.2150E+01  1.7620E+00  1.7620E+00  2.0000E+00  5.0000E+01  2.5240E+02  7.2150E+01  1.8025E+02  1.7620E+00
  1.7600E+02  0.0000E+00  1.4000E+06  1.0000E+00  0.0000E+00  1.0000E+00  0.0000E+00  0.0000E+00  0.0000E+00  2.0000E+00  5.0000E+01  0.0000E+00  0.0000E+00  0.0000E+00  0.0000E+00
  1.7600E+02  0.0000E+00  0.0000E+00  1.0000E+00  0.0000E+00  0.0000E+00  0.0000E+00  0.0000E+00  0.0000E+00  2.0000E+00  5.0000E+01  0.0000E+00  0.0000E+00  0.0000E+00  0.0000E+00
  1.7600E+02  1.0000E+00  0.0000E+00  1.0000E+00  1.6670E+02  0.0000E+00  8.8920E+01  6.1693E-01  6.1693E-01  2.0000E+00  5.0000E+01  1.6670E+02  8.8920E+01  7.7780E+01  6.1693E-01
  1.7700E+02  0.0000E+00  1.4000E+06  1.0000E+00  0.0000E+00  1.0000E+00  0.0000E+00  0.0000E+00  0.0000E+00  2.0000E+00  5.0000E+01  0.0000E+00  0.0000E+00  0.0000E+00  0.0000E+00
  1.7700E+02  0.0000E+00  0.0000E+00  1.0000E+00  0.0000E+00  0.0000E+00  0.0000E+00  0.0000E+00  0.0000E+00  2.0000E+00  5.0000E+01  0.0000E+00  0.0000E+00  0.0000E+00  0.0000E+00
  1.7700E+02  2.0000E+00  0.0000E+00  1.0000E+00  1.7090E+02  0.0000E+00  1.1788E+02  3.1721E-01  3.1721E-01  2.0000E+00  5.0000E+01  1.7090E+02  1.1788E+02  5.3019E+01  3.1721E-01
  1.7800E+02  0.0000E+00  1.4000E+06  1.0000E+00  0.0000E+00  1.0000E+00  0.0000E+00  0.0000E+00  0.0000E+00  2.0000E+00  5.0000E+01  0.0000E+00  0.0000E+00  0.0000E+00  0.0000E+00
  1.7800E+02  0.0000E+00  0.0000E+00  1.0000E+00  0.0000E+00  0.0000E+00  0.0000E+00  0.0000E+00  0.0000E+00  2.0000E+00  5.0000E+01  0.0000E+00  0.0000E+00  0.0000E+00  0.0000E+00
  1.7800E+02  4.0000E+00  0.0000E+00  1.0000E+00  3.2460E+02  0.0000E+00  1.6117E+02  7.1516E-01  7.1516E-01  2.0000E+00  5.0000E+01  3.2460E+02  1.6117E+02  1.6343E+02  7.1516E-01
  1.7900E+02  0.0000E+00  1.4000E+06  1.0000E+00  0.0000E+00  1.0000E+00  0.0000E+00  0.0000E+00  0.0000E+00  2.0000E+00  5.0000E+01  0.0000E+00  0.0000E+00  0.0000E+00  0.0000E+00
  1.7900E+02  0.0000E+00  0.0000E+00  1.0000E+00  0.0000E+00  0.0000E+00  0.0000E+00  0.0000E+00  0.0000E+00  2.0000E+00  5.0000E+01  0.0000E+00  0.0000E+00  0.0000E+00  0.0000E+00
  1.7900E+02  6.0000E+00  0.0000E+00  1.0000E+00  1.8400E+01  0.0000E+00  1.3409E+02 -6.0851E-01 -6.0851E-01  2.0000E+00  5.0000E+01  1.8400E+01  1.3409E+02 -1.1569E+02 -6.0851E-01
  1.8000E+02  0.0000E+00  1.4000E+06  1.0000E+00  0.0000E+00  1.0000E+00  0.0000E+00  0.0000E+00  0.0000E+00  2.0000E+00  5.0000E+01  0.0000E+00  0.0000E+00  0.0000E+00  0.0000E+00
  1.8000E+02  0.0000E+00  0.0000E+00  1.0000E+00  0.0000E+00  0.0000E+00  0.0000E+00  0.0000E+00  0.0000E+00  2.0000E+00  5.0000E+01  0.0000E+00  0.0000E+00  0.0000E+00  0.0000E+00
  1.8000E+02  8.0000E+00  0.0000E+00  1.0000E+00  1.3000E+00  0.0000E+00  8.9353E+01 -6.9503E-01 -6.9503E-01  2.0000E+00  5.0000E+01  1.3000E+00  8.9353E+01 -8.8053E+01 -6.9503E-01
  1.8100E+02  0.0000E+00  1.4000E+06  1.0000E+00  0.0000E+00  1.0000E+00  0.0000E+00  0.0000E+00  0.0000E+00  2.0000E+00  5.0000E+01  0.0000E+00  0.0000E+00  0.0000E+00  0.0000E+00
  1.8100E+02  0.0000E+00  0.0000E+00  1.0000E+00  0.0000E+00  0.0000E+00  0.0000E+00  0.0000E+00  0.0000E+00  2.0000E+00  5.0000E+01  0.0000E+00  0.0000E+00  0.0000E+00  0.0000E+00
  1.8100E+02  1.0000E+01  0.0000E+00  1.0000E+00  3.2000E+00  0.0000E+00  6.0213E+01 -6.6781E-01 -6.6781E-01  2.0000E+00  5.0000E+01  3.2000E+00  6.0213E+01 -5.7013E+01 -6.6781E-01
  1.8200E+02  0.0000E+00  1.4000E+06  1.0000E+00  0.0000E+00  1.0000E+00  0.0000E+00  0.0000E+00  0.0000E+00  2.0000E+00  5.0000E+01  0.0000E+00  0.0000E+00  0.0000E+00  0.0000E+00
  1.8200E+02  0.0000E+00  0.0000E+00  1.0000E+00  0.0000E+00  0.0000E+00  0.0000E+00  0.0000E+00  0.0000E+00  2.0000E+00  5.0000E+01  0.0000E+00  0.0000E+00  0.0000E+00  0.0000E+00
  1.8200E+02  1.2000E+01  0.0000E+00  1.0000E+00  7.0000E-01  0.0000E+00  4.0576E+01 -6.9312E-01 -6.9312E-01  2.0000E+00  5.0000E+01  7.0000E-01  4.0576E+01 -3.9876E+01 -6.9312E-01
  1.8300E+02  0.0000E+00  1.4000E+06  1.0000E+00  0.0000E+00  1.0000E+00  0.0000E+00  0.0000E+00  0.0000E+00  2.0000E+00  5.0000E+01  0.0000E+00  0.0000E+00  0.0000E+00  0.0000E+00
  1.8300E+02  0.0000E+00  0.0000E+00  1.0000E+00  0.0000E+00  0.0000E+00  0.0000E+00  0.0000E+00  0.0000E+00  2.0000E+00  5.0000E+01  0.0000E+00  0.0000E+00  0.0000E+00  0.0000E+00
  1.8300E+02  1.4000E+01  0.0000E+00  1.0000E+00  1.7000E+00  0.0000E+00  2.7343E+01 -6.6144E-01 -6.6144E-01  2.0000E+00  5.0000E+01  1.7000E+00  2.7343E+01 -2.5643E+01 -6.6144E-01
  1.8400E+02  0.0000E+00  1.4000E+06  1.0000E+00  0.0000E+00  1.0000E+00  0.0000E+00  0.0000E+00  0.0000E+00  2.0000E+00  5.0000E+01  0.0000E+00  0.0000E+00  0.0000E+00  0.0000E+00
  1.8400E+02  0.0000E+00  0.0000E+00  1.0000E+00  0.0000E+00  0.0000E+00  0.0000E+00  0.0000E+00  0.0000E+00  2.0000E+00  5.0000E+01  0.0000E+00  0.0000E+00  0.0000E+00  0.0000E+00
  1.8400E+02  1.6000E+01  0.0000E+00  1.0000E+00  1.7000E+00  0.0000E+00  1.8425E+01 -6.4022E-01 -6.4022E-01  2.0000E+00  5.0000E+01  1.7000E+00  1.8425E+01 -1.6725E+01 -6.4022E-01
  1.8500E+02  0.0000E+00  1.4000E+06  1.0000E+00  0.0000E+00  1.0000E+00  0.0000E+00  0.0000E+00  0.0000E+00  2.0000E+00  5.0000E+01  0.0000E+00  0.0000E+00  0.0000E+00  0.0000E+00
  1.8500E+02  0.0000E+00  0.0000E+00  1.0000E+00  0.0000E+00  0.0000E+00  0.0000E+00  0.0000E+00  0.0000E+00  2.0000E+00  5.0000E+01  0.0000E+00  0.0000E+00  0.0000E+00  0.0000E+00
  1.8500E+02  2.0000E+01  0.0000E+00  1.0000E+00  4.0000E-01  0.0000E+00  8.3670E+00 -6.7157E-01 -6.7157E-01  2.0000E+00  5.0000E+01  4.0000E-01  8.3670E+00 -7.9670E+00 -6.7157E-01
  1.8600E+02  0.0000E+00  1.4000E+06  1.0000E+00  0.0000E+00  1.0000E+00  0.0000E+00  0.0000E+00  0.0000E+00  2.0000E+00  5.0000E+01  0.0000E+00  0.0000E+00  0.0000E+00  0.0000E+00
  1.8600E+02  0.0000E+00  0.0000E+00  1.0000E+00  0.0000E+00  0.0000E+00  0.0000E+00  0.0000E+00  0.0000E+00  2.0000E+00  5.0000E+01  0.0000E+00  0.0000E+00  0.0000E+00  0.0000E+00
  1.8600E+02  2.4000E+01  0.0000E+00  1.0000E+00  1.6000E+00  0.0000E+00  3.7995E+00 -4.0828E-01 -4.0828E-01  2.0000E+00  5.0000E+01  1.6000E+00  3.7995E+00 -2.1995E+00 -4.0828E-01
  1.8700E+02  0.0000E+00  1.4000E+06  1.0000E+00  0.0000E+00  1.0000E+00  0.0000E+00  0.0000E+00  0.0000E+00  2.0000E+00  5.0000E+01  0.0000E+00  0.0000E+00  0.0000E+00  0.0000E+00
  1.8700E+02  0.0000E+00  0.0000E+00  1.0000E+00  0.0000E+00  0.0000E+00  0.0000E+00  0.0000E+00  0.0000E+00  2.0000E+00  5.0000E+01  0.0000E+00  0.0000E+00  0.0000E+00  0.0000E+00
  1.8700E+02  2.8000E+01  0.0000E+00  1.0000E+00  1.1000E+00  0.0000E+00  1.7253E+00 -2.5563E-01 -2.5563E-01  2.0000E+00  5.0000E+01  1.1000E+00  1.7253E+00 -6.2534E-01 -2.5563E-01
  1.8800E+02  0.0000E+00  1.4000E+06  1.0000E+00  0.0000E+00  1.0000E+00  0.0000E+00  0.0000E+00  0.0000E+00  2.0000E+00  5.0000E+01  0.0000E+00  0.0000E+00  0.0000E+00  0.0000E+00
  1.8800E+02  0.0000E+00  0.0000E+00  1.0000E+00  0.0000E+00  0.0000E+00  0.0000E+00  0.0000E+00  0.0000E+00  2.0000E+00  5.0000E+01  0.0000E+00  0.0000E+00  0.0000E+00  0.0000E+00
  1.8800E+02  2.5000E-01  0.0000E+00  1.0000E+00  5.1200E+01  0.0000E+00  6.3111E+01 -1.3311E-01 -1.3311E-01  2.0000E+00  5.0000E+01  5.1200E+01  6.3111E+01 -1.1911E+01 -1.3311E-01
  1.8900E+02  0.0000E+00  1.4000E+06  1.0000E+00  0.0000E+00  1.0000E+00  0.0000E+00  0.0000E+00  0.0000E+00  2.0000E+00  5.0000E+01  0.0000E+00  0.0000E+00  0.0000E+00  0.0000E+00
  1.8900E+02  0.0000E+00  0.0000E+00  1.0000E+00  0.0000E+00  0.0000E+00  0.0000E+00  0.0000E+00  0.0000E+00  2.0000E+00  5.0000E+01  0.0000E+00  0.0000E+00  0.0000E+00  0.0000E+00
  1.8900E+02  5.0000E-01  0.0000E+00  1.0000E+00  5.3300E+01  0.0000E+00  7.2150E+01 -1.8426E-01 -1.8426E-01  2.0000E+00  5.0000E+01  5.3300E+01  7.2150E+01 -1.8850E+01 -1.8426E-01
  1.9000E+02  0.0000E+00  1.4000E+06  1.0000E+00  0.0000E+00  1.0000E+00  0.0000E+00  0.0000E+00  0.0000E+00  2.0000E+00  5.0000E+01  0.0000E+00  0.0000E+00  0.0000E+00  0.0000E+00
  1.9000E+02  0.0000E+00  0.0000E+00  1.0000E+00  0.0000E+00  0.0000E+00  0.0000E+00  0.0000E+00  0.0000E+00  2.0000E+00  5.0000E+01  0.0000E+00  0.0000E+00  0.0000E+00  0.0000E+00
  1.9000E+02  1.0000E+00  0.0000E+00  1.0000E+00  6.2000E+01  0.0000E+00  8.8920E+01 -2.1352E-01 -2.1352E-01  2.0000E+00  5.0000E+01  6.2000E+01  8.8920E+01 -2.6920E+01 -2.1352E-01
  1.9100E+02  0.0000E+00  1.4000E+06  1.0000E+00  0.0000E+00  1.0000E+00  0.0000E+00  0.0000E+00  0.0000E+00  2.0000E+00  5.0000E+01  0.0000E+00  0.0000E+00  0.0000E+00  0.0000E+00
  1.9100E+02  0.0000E+00  0.0000E+00  1.0000E+00  0.0000E+00  0.0000E+00  0.0000E+00  0.0000E+00  0.0000E+00  2.0000E+00  5.0000E+01  0.0000E+00  0.0000E+00  0.0000E+00  0.0000E+00
  1.9100E+02  2.0000E+00  0.0000E+00  1.0000E+00  1.8860E+02  0.0000E+00  1.1788E+02  4.2311E-01  4.2311E-01  2.0000E+00  5.0000E+01  1.8860E+02  1.1788E+02  7.0719E+01  4.2311E-01
  1.9200E+02  0.0000E+00  1.4000E+06  1.0000E+00  0.0000E+00  1.0000E+00  0.0000E+00  0.0000E+00  0.0000E+00  2.0000E+00  5.0000E+01  0.0000E+00  0.0000E+00  0.0000E+00  0.0000E+00
  1.9200E+02  0.0000E+00  0.0000E+00  1.0000E+00  0.0000E+00  0.0000E+00  0.0000E+00  0.0000E+00  0.0000E+00  2.0000E+00  5.0000E+01  0.0000E+00  0.0000E+00  0.0000E+00  0.0000E+00
  1.9200E+02  4.0000E+00  0.0000E+00  1.0000E+00  1.2410E+02  0.0000E+00  1.6117E+02 -1.6223E-01 -1.6223E-01  2.0000E+00  5.0000E+01  1.2410E+02  1.6117E+02 -3.7072E+01 -1.6223E-01
  1.9300E+02  0.0000E+00  1.4000E+06  1.0000E+00  0.0000E+00  1.0000E+00  0.0000E+00  0.0000E+00  0.0000E+00  2.0000E+00  5.0000E+01  0.0000E+00  0.0000E+00  0.0000E+00  0.0000E+00
  1.9300E+02  0.0000E+00  0.0000E+00  1.0000E+00  0.0000E+00  0.0000E+00  0.0000E+00  0.0000E+00  0.0000E+00  2.0000E+00  5.0000E+01  0.0000E+00  0.0000E+00  0.0000E+00  0.0000E+00
  1.9300E+02  6.0000E+00  0.0000E+00  1.0000E+00  2.5000E+00  0.0000E+00  1.3409E+02 -6.9214E-01 -6.9214E-01  2.0000E+00  5.0000E+01  2.5000E+00  1.3409E+02 -1.3159E+02 -6.9214E-01
  1.9400E+02  0.0000E+00  1.4000E+06  1.0000E+00  0.0000E+00  1.0000E+00  0.0000E+00  0.0000E+00  0.0000E+00  2.0000E+00  5.0000E+01  0.0000E+00  0.0000E+00  0.0000E+00  0.0000E+00
  1.9400E+02  0.0000E+00  0.0000E+00  1.0000E+00  0.0000E+00  0.0000E+00  0.0000E+00  0.0000E+00  0.0000E+00  2.0000E+00  5.0000E+01  0.0000E+00  0.0000E+00  0.0000E+00  0.0000E+00
  1.9400E+02  8.0000E+00  0.0000E+00  1.0000E+00  6.9000E+00  0.0000E+00  8.9353E+01 -6.5083E-01 -6.5083E-01  2.0000E+00  5.0000E+01  6.9000E+00  8.9353E+01 -8.2453E+01 -6.5083E-01
  1.9500E+02  0.0000E+00  1.4000E+06  1.0000E+00  0.0000E+00  1.0000E+00  0.0000E+00  0.0000E+00  0.0000E+00  2.0000E+00  5.0000E+01  0.0000E+00  0.0000E+00  0.0000E+00  0.0000E+00
  1.9500E+02  0.0000E+00  0.0000E+00  1.0000E+00  0.0000E+00  0.0000E+00  0.0000E+00  0.0000E+00  0.0000E+00  2.0000E+00  5.0000E+01  0.0000E+00  0.0000E+00  0.0000E+00  0.0000E+00
  1.9500E+02  1.0000E+01  0.0000E+00  1.0000E+00  1.5800E+01  0.0000E+00  6.0213E+01 -5.2022E-01 -5.2022E-01  2.0000E+00  5.0000E+01  1.5800E+01  6.0213E+01 -4.4413E+01 -5.2022E-01
  1.9600E+02  0.0000E+00  1.4000E+06  1.0000E+00  0.0000E+00  1.0000E+00  0.0000E+00  0.0000E+00  0.0000E+00  2.0000E+00  5.0000E+01  0.0000E+00  0.0000E+00  0.0000E+00  0.0000E+00
  1.9600E+02  0.0000E+00  0.0000E+00  1.0000E+00  0.0000E+00  0.0000E+00  0.0000E+00  0.0000E+00  0.0000E+00  2.0000E+00  5.0000E+01  0.0000E+00  0.0000E+00  0.0000E+00  0.0000E+00
  1.9600E+02  1.2000E+01  0.0000E+00  1.0000E+00  2.2000E+00  0.0000E+00  4.0576E+01 -6.6705E-01 -6.6705E-01  2.0000E+00  5.0000E+01  2.2000E+00  4.0576E+01 -3.8376E+01 -6.6705E-01
  1.9700E+02  0.0000E+00  1.4000E+06  1.0000E+00  0.0000E+00  1.0000E+00  0.0000E+00  0.0000E+00  0.0000E+00  2.0000E+00  5.0000E+01  0.0000E+00  0.0000E+00  0.0000E+00  0.0000E+00
  1.9700E+02  0.0000E+00  0.0000E+00  1.0000E+00  0.0000E+00  0.0000E+00  0.0000E+00  0.0000E+00  0.0000E+00  2.0000E+00  5.0000E+01  0.0000E+00  0.0000E+00  0.0000E+00  0.0000E+00
  1.9700E+02  1.4000E+01  0.0000E+00  1.0000E+00  1.1000E+00  0.0000E+00  2.7343E+01 -6.7692E-01 -6.7692E-01  2.0000E+00  5.0000E+01  1.1000E+00  2.7343E+01 -2.6243E+01 -6.7692E-01
  1.9800E+02  0.0000E+00  1.4000E+06  1.0000E+00  0.0000E+00  1.0000E+00  0.0000E+00  0.0000E+00  0.0000E+00  2.0000E+00  5.0000E+01  0.0000E+00  0.0000E+00  0.0000E+00  0.0000E+00
  1.9800E+02  0.0000E+00  0.0000E+00  1.0000E+00  0.0000E+00  0.0000E+00  0.0000E+00  0.0000E+00  0.0000E+00  2.0000E+00  5.0000E+01  0.0000E+00  0.0000E+00  0.0000E+00  0.0000E+00
  1.9800E+02  1.6000E+01  0.0000E+00  1.0000E+00  4.1500E+01  0.0000E+00  1.8425E+01  8.8325E-01  8.8325E-01  2.0000E+00  5.0000E+01  4.1500E+01  1.8425E+01  2.3075E+01  8.8325E-01
  1.9900E+02  0.0000E+00  1.4000E+06  1.0000E+00  0.0000E+00  1.0000E+00  0.0000E+00  0.0000E+00  0.0000E+00  2.0000E+00  5.0000E+01  0.0000E+00  0.0000E+00  0.0000E+00  0.0000E+00
  1.9900E+02  0.0000E+00  0.0000E+00  1.0000E+00  0.0000E+00  0.0000E+00  0.0000E+00  0.0000E+00  0.0000E+00  2.0000E+00  5.0000E+01  0.0000E+00  0.0000E+00  0.0000E+00  0.0000E+00
  1.9900E+02  2.0000E+01  0.0000E+00  1.0000E+00  7.2000E+00  0.0000E+00  8.3670E+00 -9.8371E-02 -9.8371E-02  2.0000E+00  5.0000E+01  7.2000E+00  8.3670E+00 -1.1670E+00 -9.8371E-02
  2.0000E+02  0.0000E+00  1.4000E+06  1.0000E+00  0.0000E+00  1.0000E+00  0.0000E+00  0.0000E+00  0.0000E+00  2.0000E+00  5.0000E+01  0.0000E+00  0.0000E+00  0.0000E+00  0.0000E+00
  2.0000E+02  0.0000E+00  0.0000E+00  1.0000E+00  0.0000E+00  0.0000E+00  0.0000E+00  0.0000E+00  0.0000E+00  2.0000E+00  5.0000E+01  0.0000E+00  0.0000E+00  0.0000E+00  0.0000E+00
  2.0000E+02  2.4000E+01  0.0000E+00  1.0000E+00  5.0000E-01  0.0000E+00  3.7995E+00 -6.1247E-01 -6.1247E-01  2.0000E+00  5.0000E+01  5.0000E-01  3.7995E+00 -3.2995E+00 -6.1247E-01
  2.0100E+02  0.0000E+00  1.4000E+06  1.0000E+00  0.0000E+00  1.0000E+00  0.0000E+00  0.0000E+00  0.0000E+00  2.0000E+00  5.0000E+01  0.0000E+00  0.0000E+00  0.0000E+00  0.0000E+00
  2.0100E+02  0.0000E+00  0.0000E+00  1.0000E+00  0.0000E+00  0.0000E+00  0.0000E+00  0.0000E+00  0.0000E+00  2.0000E+00  5.0000E+01  0.0000E+00  0.0000E+00  0.0000E+00  0.0000E+00
  2.0100E+02  2.8000E+01  0.0000E+00  1.0000E+00  5.6000E+00  0.0000E+00  1.7253E+00  1.5839E+00  1.5839E+00  2.0000E+00  5.0000E+01  5.6000E+00  1.7253E+00  3.8747E+00  1.5839E+00
  2.0200E+02  0.0000E+00  1.4000E+06  1.0000E+00  0.0000E+00  1.0000E+00  0.0000E+00  0.0000E+00  0.0000E+00  2.0000E+00  5.0000E+01  0.0000E+00  0.0000E+00  0.0000E+00  0.0000E+00
  2.0200E+02  0.0000E+00  0.0000E+00  1.0000E+00  0.0000E+00  0.0000E+00  0.0000E+00  0.0000E+00  0.0000E+00  2.0000E+00  5.0000E+01  0.0000E+00  0.0000E+00  0.0000E+00  0.0000E+00
  2.0200E+02  2.5000E-01  0.0000E+00  1.0000E+00  6.7700E+01  0.0000E+00  6.3111E+01  5.1286E-02  5.1286E-02  2.0000E+00  5.0000E+01  6.7700E+01  6.3111E+01  4.5892E+00  5.1286E-02
  2.0300E+02  0.0000E+00  1.4000E+06  1.0000E+00  0.0000E+00  1.0000E+00  0.0000E+00  0.0000E+00  0.0000E+00  2.0000E+00  5.0000E+01  0.0000E+00  0.0000E+00  0.0000E+00  0.0000E+00
  2.0300E+02  0.0000E+00  0.0000E+00  1.0000E+00  0.0000E+00  0.0000E+00  0.0000E+00  0.0000E+00  0.0000E+00  2.0000E+00  5.0000E+01  0.0000E+00  0.0000E+00  0.0000E+00  0.0000E+00
  2.0300E+02  5.0000E-01  0.0000E+00  1.0000E+00  4.2600E+01  0.0000E+00  7.2150E+01 -2.8886E-01 -2.8886E-01  2.0000E+00  5.0000E+01  4.2600E+01  7.2150E+01 -2.9550E+01 -2.8886E-01
  2.0400E+02  0.0000E+00  1.4000E+06  1.0000E+00  0.0000E+00  1.0000E+00  0.0000E+00  0.0000E+00  0.0000E+00  2.0000E+00  5.0000E+01  0.0000E+00  0.0000E+00  0.0000E+00  0.0000E+00
  2.0400E+02  0.0000E+00  0.0000E+00  1.0000E+00  0.0000E+00  0.0000E+00  0.0000E+00  0.0000E+00  0.0000E+00  2.0000E+00  5.0000E+01  0.0000E+00  0.0000E+00  0.0000E+00  0.0000E+00
  2.0400E+02  1.0000E+00  0.0000E+00  1.0000E+00  3.9900E+01  0.0000E+00  8.8920E+01 -3.8881E-01 -3.8881E-01  2.0000E+00  5.0000E+01  3.9900E+01  8.8920E+01 -4.9020E+01 -3.8881E-01
  2.0500E+02  0.0000E+00  1.4000E+06  1.0000E+00  0.0000E+00  1.0000E+00  0.0000E+00  0.0000E+00  0.0000E+00  2.0000E+00  5.0000E+01  0.0000E+00  0.0000E+00  0.0000E+00  0.0000E+00
  2.0500E+02  0.0000E+00  0.0000E+00  1.0000E+00  0.0000E+00  0.0000E+00  0.0000E+00  0.0000E+00  0.0000E+00  2.0000E+00  5.0000E+01  0.0000E+00  0.0000E+00  0.0000E+00  0.0000E+00
  2.0500E+02  2.0000E+00  0.0000E+00  1.0000E+00  2.4860E+02  0.0000E+00  1.1788E+02  7.8210E-01  7.8210E-01  2.0000E+00  5.0000E+01  2.4860E+02  1.1788E+02  1.3072E+02  7.8210E-01
  2.0600E+02  0.0000E+00  1.4000E+06  1.0000E+00  0.0000E+00  1.0000E+00  0.0000E+00  0.0000E+00  0.0000E+00  2.0000E+00  5.0000E+01  0.0000E+00  0.0000E+00  0.0000E+00  0.0000E+00
  2.0600E+02  0.0000E+00  0.0000E+00  1.0000E+00  0.0000E+00  0.0000E+00  0.0000E+00  0.0000E+00  0.0000E+00  2.0000E+00  5.0000E+01  0.0000E+00  0.0000E+00  0.0000E+00  0.0000E+00
  2.0600E+02  4.0000E+00  0.0000E+00  1.0000E+00  2.2100E+01  0.0000E+00  1.6117E+02 -6.0858E-01 -6.0858E-01  2.0000E+00  5.0000E+01  2.2100E+01  1.6117E+02 -1.3907E+02 -6.0858E-01
  2.0700E+02  0.0000E+00  1.4000E+06  1.0000E+00  0.0000E+00  1.0000E+00  0.0000E+00  0.0000E+00  0.0000E+00  2.0000E+00  5.0000E+01  0.0000E+00  0.0000E+00  0.0000E+00  0.0000E+00
  2.0700E+02  0.0000E+00  0.0000E+00  1.0000E+00  0.0000E+00  0.0000E+00  0.0000E+00  0.0000E+00  0.0000E+00  2.0000E+00  5.0000E+01  0.0000E+00  0.0000E+00  0.0000E+00  0.0000E+00
  2.0700E+02  6.0000E+00  0.0000E+00  1.0000E+00  5.9100E+01  0.0000E+00  1.3409E+02 -3.9444E-01 -3.9444E-01  2.0000E+00  5.0000E+01  5.9100E+01  1.3409E+02 -7.4991E+01 -3.9444E-01
  2.0800E+02  0.0000E+00  1.4000E+06  1.0000E+00  0.0000E+00  1.0000E+00  0.0000E+00  0.0000E+00  0.0000E+00  2.0000E+00  5.0000E+01  0.0000E+00  0.0000E+00  0.0000E+00  0.0000E+00
  2.0800E+02  0.0000E+00  0.0000E+00  1.0000E+00  0.0000E+00  0.0000E+00  0.0000E+00  0.0000E+00  0.0000E+00  2.0000E+00  5.0000E+01  0.0000E+00  0.0000E+00  0.0000E+00  0.0000E+00
  2.0800E+02  8.0000E+00  0.0000E+00  1.0000E+00  8.7000E+00  0.0000E+00  8.9353E+01 -6.3662E-01 -6.3662E-01  2.0000E+00  5.0000E+01  8.7000E+00  8.9353E+01 -8.0653E+01 -6.3662E-01
  2.0900E+02  0.0000E+00  1.4000E+06  1.0000E+00  0.0000E+00  1.0000E+00  0.0000E+00  0.0000E+00  0.0000E+00  2.0000E+00  5.0000E+01  0.0000E+00  0.0000E+00  0.0000E+00  0.0000E+00
  2.0900E+02  0.0000E+00  0.0000E+00  1.0000E+00  0.0000E+00  0.0000E+00  0.0000E+00  0.0000E+00  0.0000E+00  2.0000E+00  5.0000E+01  0.0000E+00  0.0000E+00  0.0000E+00  0.0000E+00
  2.0900E+02  1.0000E+01  0.0000E+00  1.0000E+00  3.4000E+00  0.0000E+00  6.0213E+01 -6.6546E-01 -6.6546E-01  2.0000E+00  5.0000E+01  3.4000E+00  6.0213E+01 -5.6813E+01 -6.6546E-01
  2.1000E+02  0.0000E+00  1.4000E+06  1.0000E+00  0.0000E+00  1.0000E+00  0.0000E+00  0.0000E+00  0.0000E+00  2.0000E+00  5.0000E+01  0.0000E+00  0.0000E+00  0.0000E+00  0.0000E+00
  2.1000E+02  0.0000E+00  0.0000E+00  1.0000E+00  0.0000E+00  0.0000E+00  0.0000E+00  0.0000E+00  0.0000E+00  2.0000E+00  5.0000E+01  0.0000E+00  0.0000E+00  0.0000E+00  0.0000E+00
  2.1000E+02  1.2000E+01  0.0000E+00  1.0000E+00  1.5000E+00  0.0000E+00  4.0576E+01 -6.7922E-01 -6.7922E-01  2.0000E+00  5.0000E+01  1.5000E+00  4.0576E+01 -3.9076E+01 -6.7922E-01
  2.1100E+02  0.0000E+00  1.4000E+06  1.0000E+00  0.0000E+00  1.0000E+00  0.0000E+00  0.0000E+00  0.0000E+00  2.0000E+00  5.0000E+01  0.0000E+00  0.0000E+00  0.0000E+00  0.0000E+00
  2.1100E+02  0.0000E+00  0.0000E+00  1.0000E+00  0.0000E+00  0.0000E+00  0.0000E+00  0.0000E+00  0.0000E+00  2.0000E+00  5.0000E+01  0.0000E+00  0.0000E+00  0.0000E+00  0.0000E+00
  2.1100E+02  1.4000E+01  0.0000E+00  1.0000E+00  1.0000E+00  0.0000E+00  2.7343E+01 -6.7949E-01 -6.7949E-01  2.0000E+00  5.0000E+01  1.0000E+00  2.7343E+01 -2.6343E+01 -6.7949E-01
  2.1200E+02  0.0000E+00  1.4000E+06  1.0000E+00  0.0000E+00  1.0000E+00  0.0000E+00  0.0000E+00  0.0000E+00  2.0000E+00  5.0000E+01  0.0000E+00  0.0000E+00  0.0000E+00  0.0000E+00
  2.1200E+02  0.0000E+00  0.0000E+00  1.0000E+00  0.0000E+00  0.0000E+00  0.0000E+00  0.0000E+00  0.0000E+00  2.0000E+00  5.0000E+01  0.0000E+00  0.0000E+00  0.0000E+00  0.0000E+00
  2.1200E+02  1.6000E+01  0.0000E+00  1.0000E+00  4.2800E+01  0.0000E+00  1.8425E+01  9.3301E-01  9.3301E-01  2.0000E+00  5.0000E+01  4.2800E+01  1.8425E+01  2.4375E+01  9.3301E-01
  2.1300E+02  0.0000E+00  1.4000E+06  1.0000E+00  0.0000E+00  1.0000E+00  0.0000E+00  0.0000E+00  0.0000E+00  2.0000E+00  5.0000E+01  0.0000E+00  0.0000E+00  0.0000E+00  0.0000E+00
  2.1300E+02  0.0000E+00  0.0000E+00  1.0000E+00  0.0000E+00  0.0000E+00  0.0000E+00  0.0000E+00  0.0000E+00  2.0000E+00  5.0000E+01  0.0000E+00  0.0000E+00  0.0000E+00  0.0000E+00
  2.1300E+02  2.0000E+01  0.0000E+00  1.0000E+00  8.0000E-01  0.0000E+00  8.3670E+00 -6.3785E-01 -6.3785E-01  2.0000E+00  5.0000E+01  8.0000E-01  8.3670E+00 -7.5670E+00 -6.3785E-01
  2.1400E+02  0.0000E+00  1.4000E+06  1.0000E+00  0.0000E+00  1.0000E+00  0.0000E+00  0.0000E+00  0.0000E+00  2.0000E+00  5.0000E+01  0.0000E+00  0.0000E+00  0.0000E+00  0.0000E+00
  2.1400E+02  0.0000E+00  0.0000E+00  1.0000E+00  0.0000E+00  0.0000E+00  0.0000E+00  0.0000E+00  0.0000E+00  2.0000E+00  5.0000E+01  0.0000E+00  0.0000E+00  0.0000E+00  0.0000E+00
  2.1400E+02  2.4000E+01  0.0000E+00  1.0000E+00  8.0000E-01  0.0000E+00  3.7995E+00 -5.5679E-01 -5.5679E-01  2.0000E+00  5.0000E+01  8.0000E-01  3.7995E+00 -2.9995E+00 -5.5679E-01
  2.1500E+02  0.0000E+00  1.4000E+06  1.0000E+00  0.0000E+00  1.0000E+00  0.0000E+00  0.0000E+00  0.0000E+00  2.0000E+00  5.0000E+01  0.0000E+00  0.0000E+00  0.0000E+00  0.0000E+00
  2.1500E+02  0.0000E+00  0.0000E+00  1.0000E+00  0.0000E+00  0.0000E+00  0.0000E+00  0.0000E+00  0.0000E+00  2.0000E+00  5.0000E+01  0.0000E+00  0.0000E+00  0.0000E+00  0.0000E+00
  2.1500E+02  2.8000E+01  0.0000E+00  1.0000E+00  4.0000E-01  0.0000E+00  1.7253E+00 -5.4178E-01 -5.4178E-01  2.0000E+00  5.0000E+01  4.0000E-01  1.7253E+00 -1.3253E+00 -5.4178E-01
