TABLE NO.  1
 ID          TIME        AMT         CMT         DV          MDV         IPRED       CWRES       IWRES       ROUTE       DOSE        DV          PRED        RES         WRES
  1.0000E+00  0.0000E+00  2.7680E+05  2.0000E+00  0.0000E+00  1.0000E+00  9.6664E+03  0.0000E+00 -7.2218E-01  1.0000E+00  1.0000E+01  0.0000E+00  9.6664E+03  0.0000E+00  0.0000E+00
  1.0000E+00  3.3000E-02  0.0000E+00  2.0000E+00  7.3336E+03  0.0000E+00  3.2518E+03  9.0652E-01  9.0652E-01  1.0000E+00  1.0000E+01  7.3336E+03  3.2518E+03  4.0818E+03  9.0652E-01
  2.0000E+00  0.0000E+00  2.6980E+05  2.0000E+00  0.0000E+00  1.0000E+00  9.4220E+03  0.0000E+00 -7.2218E-01  1.0000E+00  1.0000E+01  0.0000E+00  9.4220E+03  0.0000E+00  0.0000E+00
  2.0000E+00  3.3000E-02  0.0000E+00  2.0000E+00  4.6639E+03  0.0000E+00  3.1695E+03  3.4049E-01  3.4049E-01  1.0000E+00  1.0000E+01  4.6639E+03  3.1695E+03  1.4944E+03  3.4049E-01
  3.0000E+00  0.0000E+00  2.9570E+05  2.0000E+00  0.0000E+00  1.0000E+00  1.0326E+04  0.0000E+00 -7.2218E-01  1.0000E+00  1.0000E+01  0.0000E+00  1.0326E+04  0.0000E+00  0.0000E+00
  3.0000E+00  3.3000E-02  0.0000E+00  2.0000E+00  3.7945E+03  0.0000E+00  3.4738E+03  6.6665E-02  6.6665E-02  1.0000E+00  1.0000E+01  3.7945E+03  3.4738E+03  3.2067E+02  6.6665E-02
  4.0000E+00  0.0000E+00  2.9840E+05  2.0000E+00  0.0000E+00  1.0000E+00  1.0421E+04  0.0000E+00 -7.2218E-01  1.0000E+00  1.0000E+01  0.0000E+00  1.0421E+04  0.0000E+00  0.0000E+00
  4.0000E+00  8.3000E-02  0.0000E+00  2.0000E+00  1.1915E+03  0.0000E+00  8.0315E+02  3.4920E-01  3.4920E-01  1.0000E+00  1.0000E+01  1.1915E+03  8.0315E+02  3.8835E+02  3.4920E-01
  5.0000E+00  0.0000E+00  2.7970E+05  2.0000E+00  0.0000E+00  1.0000E+00  9.7677E+03  0.0000E+00 -7.2218E-01  1.0000E+00  1.0000E+01  0.0000E+00  9.7677E+03  0.0000E+00  0.0000E+00
  5.0000E+00  8.3000E-02  0.0000E+00  2.0000E+00  1.1788E+03  0.0000E+00  7.5282E+02  4.0866E-01  4.0866E-01  1.0000E+00  1.0000E+01  1.1788E+03  7.5282E+02  4.2599E+02  4.0866E-01
  6.0000E+00  0.0000E+00  3.0520E+05  2.0000E+00  0.0000E+00  1.0000E+00  1.0658E+04  0.0000E+00 -7.2218E-01  1.0000E+00  1.0000E+01  0.0000E+00  1.0658E+04  0.0000E+00  0.0000E+00
  6.0000E+00  8.3000E-02  0.0000E+00  2.0000E+00  1.2588E+03  0.0000E+00  8.2145E+02  3.8449E-01  3.8449E-01  1.0000E+00  1.0000E+01  1.2588E+03  8.2145E+02  4.3734E+02  3.8449E-01
  7.0000E+00  0.0000E+00  2.8200E+05  2.0000E+00  0.0000E+00  1.0000E+00  9.8480E+03  0.0000E+00 -7.2218E-01  1.0000E+00  1.0000E+01  0.0000E+00  9.8480E+03  0.0000E+00  0.0000E+00
  7.0000E+00  2.5000E-01  0.0000E+00  2.0000E+00  8.7932E+02  0.0000E+00  1.9213E+02  2.5830E+00  2.5830E+00  1.0000E+00  1.0000E+01  8.7932E+02  1.9213E+02  6.8719E+02  2.5830E+00
  8.0000E+00  0.0000E+00  2.7560E+05  2.0000E+00  0.0000E+00  1.0000E+00  9.6245E+03  0.0000E+00 -7.2218E-01  1.0000E+00  1.0000E+01  0.0000E+00  9.6245E+03  0.0000E+00  0.0000E+00
  8.0000E+00  2.5000E-01  0.0000E+00  2.0000E+00  5.2594E+02  0.0000E+00  1.8777E+02  1.3006E+00  1.3006E+00  1.0000E+00  1.0000E+01  5.2594E+02  1.8777E+02  3.3817E+02  1.3006E+00
  9.0000E+00  0.0000E+00  2.8240E+05  2.0000E+00  0.0000E+00  1.0000E+00  9.8620E+03  0.0000E+00 -7.2218E-01  1.0000E+00  1.0000E+01  0.0000E+00  9.8620E+03  0.0000E+00  0.0000E+00
  9.0000E+00  2.5000E-01  0.0000E+00  2.0000E+00  5.4645E+02  0.0000E+00  1.9240E+02  1.3289E+00  1.3289E+00  1.0000E+00  1.0000E+01  5.4645E+02  1.9240E+02  3.5405E+02  1.3289E+00
  1.0000E+01  0.0000E+00  2.8360E+05  2.0000E+00  0.0000E+00  1.0000E+00  9.9039E+03  0.0000E+00 -7.2218E-01  1.0000E+00  1.0000E+01  0.0000E+00  9.9039E+03  0.0000E+00  0.0000E+00
  1.0000E+01  5.0000E-01  0.0000E+00  2.0000E+00  1.2562E+03  0.0000E+00  1.7981E+02  4.3232E+00  4.3232E+00  1.0000E+00  1.0000E+01  1.2562E+03  1.7981E+02  1.0764E+03  4.3232E+00
  1.1000E+01  0.0000E+00  3.0380E+05  2.0000E+00  0.0000E+00  1.0000E+00  1.0609E+04  0.0000E+00 -7.2218E-01  1.0000E+00  1.0000E+01  0.0000E+00  1.0609E+04  0.0000E+00  0.0000E+00
  1.1000E+01  5.0000E-01  0.0000E+00  2.0000E+00  3.5647E+02  0.0000E+00  1.9262E+02  6.1431E-01  6.1431E-01  1.0000E+00  1.0000E+01  3.5647E+02  1.9262E+02  1.6385E+02  6.1431E-01
  1.2000E+01  0.0000E+00  2.7610E+05  2.0000E+00  0.0000E+00  1.0000E+00  9.6420E+03  0.0000E+00 -7.2218E-01  1.0000E+00  1.0000E+01  0.0000E+00  9.6420E+03  0.0000E+00  0.0000E+00
  1.2000E+01  5.0000E-01  0.0000E+00  2.0000E+00  4.9880E+01  0.0000E+00  1.7506E+02 -5.1641E-01 -5.1641E-01  1.0000E+00  1.0000E+01  4.9880E+01  1.7506E+02 -1.2518E+02 -5.1641E-01
  1.3000E+01  0.0000E+00  2.8890E+05  2.0000E+00  0.0000E+00  1.0000E+00  1.0089E+04  0.0000E+00 -7.2218E-01  1.0000E+00  1.0000E+01  0.0000E+00  1.0089E+04  0.0000E+00  0.0000E+00
  1.3000E+01  7.5000E-01  0.0000E+00  2.0000E+00  2.3189E+02  0.0000E+00  1.7210E+02  2.5088E-01  2.5088E-01  1.0000E+00  1.0000E+01  2.3189E+02  1.7210E+02  5.9788E+01  2.5088E-01
  1.4000E+01  0.0000E+00  2.7910E+05  2.0000E+00  0.0000E+00  1.0000E+00  9.7467E+03  0.0000E+00 -7.2218E-01  1.0000E+00  1.0000E+01  0.0000E+00  9.7467E+03  0.0000E+00  0.0000E+00
  1.4000E+01  7.5000E-01  0.0000E+00  2.0000E+00  2.1360E+01  0.0000E+00  1.6626E+02 -6.2940E-01 -6.2940E-01  1.0000E+00  1.0000E+01  2.1360E+01  1.6626E+02 -1.4490E+02 -6.2940E-01
  1.5000E+01  0.0000E+00  2.9030E+05  2.0000E+00  0.0000E+00  1.0000E+00  1.0138E+04  0.0000E+00 -7.2218E-01  1.0000E+00  1.0000E+01  0.0000E+00  1.0138E+04  0.0000E+00  0.0000E+00
  1.5000E+01  7.5000E-01  0.0000E+00  2.0000E+00  1.6510E+01  0.0000E+00  1.7294E+02 -6.5324E-01 -6.5324E-01  1.0000E+00  1.0000E+01  1.6510E+01  1.7294E+02 -1.5643E+02 -6.5324E-01
  1.6000E+01  0.0000E+00  2.7740E+05  2.0000E+00  0.0000E+00  1.0000E+00  9.6874E+03  0.0000E+00 -7.2218E-01  1.0000E+00  1.0000E+01  0.0000E+00  9.6874E+03  0.0000E+00  0.0000E+00
  1.6000E+01  1.0000E+00  0.0000E+00  2.0000E+00  3.0794E+02  0.0000E+00  1.5526E+02  7.1015E-01  7.1015E-01  1.0000E+00  1.0000E+01  3.0794E+02  1.5526E+02  1.5268E+02  7.1015E-01
  1.7000E+01  0.0000E+00  2.8000E+05  2.0000E+00  0.0000E+00  1.0000E+00  9.7782E+03  0.0000E+00 -7.2218E-01  1.0000E+00  1.0000E+01  0.0000E+00  9.7782E+03  0.0000E+00  0.0000E+00
  1.7000E+01  1.0000E+00  0.0000E+00  2.0000E+00  5.5186E+02  0.0000E+00  1.5672E+02  1.8209E+00  1.8209E+00  1.0000E+00  1.0000E+01  5.5186E+02  1.5672E+02  3.9514E+02  1.8209E+00
  1.8000E+01  0.0000E+00  2.9030E+05  2.0000E+00  0.0000E+00  1.0000E+00  1.0138E+04  0.0000E+00 -7.2218E-01  1.0000E+00  1.0000E+01  0.0000E+00  1.0138E+04  0.0000E+00  0.0000E+00
  1.8000E+01  1.0000E+00  0.0000E+00  2.0000E+00  6.6900E+00  0.0000E+00  1.6248E+02 -6.9245E-01 -6.9245E-01  1.0000E+00  1.0000E+01  6.6900E+00  1.6248E+02 -1.5579E+02 -6.9245E-01
  1.9000E+01  0.0000E+00  2.8100E+05  2.0000E+00  0.0000E+00  1.0000E+00  9.8131E+03  0.0000E+00 -7.2218E-01  1.0000E+00  1.0000E+01  0.0000E+00  9.8131E+03  0.0000E+00  0.0000E+00
  1.9000E+01  2.0000E+00  0.0000E+00  2.0000E+00  9.0000E-01  0.0000E+00  1.2256E+02 -7.1688E-01 -7.1688E-01  1.0000E+00  1.0000E+01  9.0000E-01  1.2256E+02 -1.2166E+02 -7.1688E-01
  2.0000E+01  0.0000E+00  2.7670E+05  2.0000E+00  0.0000E+00  1.0000E+00  9.6629E+03  0.0000E+00 -7.2218E-01  1.0000E+00  1.0000E+01  0.0000E+00  9.6629E+03  0.0000E+00  0.0000E+00
  2.0000E+01  2.0000E+00  0.0000E+00  2.0000E+00  4.8000E+00  0.0000E+00  1.2069E+02 -6.9346E-01 -6.9346E-01  1.0000E+00  1.0000E+01  4.8000E+00  1.2069E+02 -1.1589E+02 -6.9346E-01
  2.1000E+01  0.0000E+00  2.6520E+05  2.0000E+00  0.0000E+00  1.0000E+00  9.2613E+03  0.0000E+00 -7.2218E-01  1.0000E+00  1.0000E+01  0.0000E+00  9.2613E+03  0.0000E+00  0.0000E+00
  2.1000E+01  2.0000E+00  0.0000E+00  2.0000E+00  3.6000E+00  0.0000E+00  1.1567E+02 -6.9971E-01 -6.9971E-01  1.0000E+00  1.0000E+01  3.6000E+00  1.1567E+02 -1.1207E+02 -6.9971E-01
  2.5000E+01  0.0000E+00  2.7030E+05  2.0000E+00  0.0000E+00  1.0000E+00  9.4394E+03  0.0000E+00 -7.2218E-01  1.0000E+00  1.0000E+01  0.0000E+00  9.4394E+03  0.0000E+00  0.0000E+00
  2.5000E+01  4.0000E+00  0.0000E+00  2.0000E+00  1.0200E+00  0.0000E+00  7.1597E+01 -7.1189E-01 -7.1189E-01  1.0000E+00  1.0000E+01  1.0200E+00  7.1597E+01 -7.0577E+01 -7.1189E-01
  2.6000E+01  0.0000E+00  2.8290E+05  2.0000E+00  0.0000E+00  1.0000E+00  9.8794E+03  0.0000E+00 -7.2218E-01  1.0000E+00  1.0000E+01  0.0000E+00  9.8794E+03  0.0000E+00  0.0000E+00
  2.6000E+01  4.0000E+00  0.0000E+00  2.0000E+00  3.0000E-02  0.0000E+00  7.4935E+01 -7.2189E-01 -7.2189E-01  1.0000E+00  1.0000E+01  3.0000E-02  7.4935E+01 -7.4905E+01 -7.2189E-01
  2.7000E+01  0.0000E+00  2.7840E+05  2.0000E+00  0.0000E+00  1.0000E+00  9.7223E+03  0.0000E+00 -7.2218E-01  1.0000E+00  1.0000E+01  0.0000E+00  9.7223E+03  0.0000E+00  0.0000E+00
  2.7000E+01  4.0000E+00  0.0000E+00  2.0000E+00  1.2000E+00  0.0000E+00  7.3743E+01 -7.1043E-01 -7.1043E-01  1.0000E+00  1.0000E+01  1.2000E+00  7.3743E+01 -7.2543E+01 -7.1043E-01
  2.8000E+01  0.0000E+00  2.7880E+05  2.0000E+00  0.0000E+00  1.0000E+00  9.7363E+03  0.0000E+00 -7.2218E-01  1.0000E+00  1.0000E+01  0.0000E+00  9.7363E+03  0.0000E+00  0.0000E+00
  2.8000E+01  6.0000E+00  0.0000E+00  2.0000E+00  0.0000E+00  1.0000E+00  4.4847E+01  0.0000E+00 -7.2218E-01  1.0000E+00  1.0000E+01  0.0000E+00  4.4847E+01  0.0000E+00  0.0000E+00
  2.9000E+01  0.0000E+00  2.6510E+05  2.0000E+00  0.0000E+00  1.0000E+00  9.2578E+03  0.0000E+00 -7.2218E-01  1.0000E+00  1.0000E+01  0.0000E+00  9.2578E+03  0.0000E+00  0.0000E+00
  2.9000E+01  6.0000E+00  0.0000E+00  2.0000E+00  6.0000E-01  0.0000E+00  4.2644E+01 -7.1202E-01 -7.1202E-01  1.0000E+00  1.0000E+01  6.0000E-01  4.2644E+01 -4.2044E+01 -7.1202E-01
  3.0000E+01  0.0000E+00  2.8940E+05  2.0000E+00  0.0000E+00  1.0000E+00  1.0106E+04  0.0000E+00 -7.2218E-01  1.0000E+00  1.0000E+01  0.0000E+00  1.0106E+04  0.0000E+00  0.0000E+00
  3.0000E+01  6.0000E+00  0.0000E+00  2.0000E+00  3.0500E+00  0.0000E+00  4.6552E+01 -6.7487E-01 -6.7487E-01  1.0000E+00  1.0000E+01  3.0500E+00  4.6552E+01 -4.3502E+01 -6.7487E-01
  3.1000E+01  0.0000E+00  2.8210E+05  2.0000E+00  0.0000E+00  1.0000E+00  9.8515E+03  0.0000E+00 -7.2218E-01  1.0000E+00  1.0000E+01  0.0000E+00  9.8515E+03  0.0000E+00  0.0000E+00
  3.1000E+01  8.0000E+00  0.0000E+00  2.0000E+00  6.1000E-01  0.0000E+00  2.7557E+01 -7.0620E-01 -7.0620E-01  1.0000E+00  1.0000E+01  6.1000E-01  2.7557E+01 -2.6947E+01 -7.0620E-01
  3.2000E+01  0.0000E+00  2.7200E+05  2.0000E+00  0.0000E+00  1.0000E+00  9.4988E+03  0.0000E+00 -7.2218E-01  1.0000E+00  1.0000E+01  0.0000E+00  9.4988E+03  0.0000E+00  0.0000E+00
  3.2000E+01  8.0000E+00  0.0000E+00  2.0000E+00  8.5000E-01  0.0000E+00  2.6571E+01 -6.9908E-01 -6.9908E-01  1.0000E+00  1.0000E+01  8.5000E-01  2.6571E+01 -2.5721E+01 -6.9908E-01
  3.3000E+01  0.0000E+00  2.7720E+05  2.0000E+00  0.0000E+00  1.0000E+00  9.6804E+03  0.0000E+00 -7.2218E-01  1.0000E+00  1.0000E+01  0.0000E+00  9.6804E+03  0.0000E+00  0.0000E+00
  3.3000E+01  8.0000E+00  0.0000E+00  2.0000E+00  3.8000E-01  0.0000E+00  2.7079E+01 -7.1205E-01 -7.1205E-01  1.0000E+00  1.0000E+01  3.8000E-01  2.7079E+01 -2.6699E+01 -7.1205E-01
  3.4000E+01  0.0000E+00  2.7340E+05  1.0000E+00  0.0000E+00  1.0000E+00  0.0000E+00  0.0000E+00  0.0000E+00  2.0000E+00  1.0000E+01  0.0000E+00  0.0000E+00  0.0000E+00  0.0000E+00
  3.4000E+01  0.0000E+00  0.0000E+00  2.0000E+00  0.0000E+00  0.0000E+00  0.0000E+00  0.0000E+00  0.0000E+00  2.0000E+00  1.0000E+01  0.0000E+00  0.0000E+00  0.0000E+00  0.0000E+00
  3.4000E+01  3.3000E-02  0.0000E+00  2.0000E+00  2.1440E+01  0.0000E+00  8.0961E+00  1.1903E+00  1.1903E+00  2.0000E+00  1.0000E+01  2.1440E+01  8.0961E+00  1.3344E+01  1.1903E+00
  3.5000E+01  0.0000E+00  2.7740E+05  1.0000E+00  0.0000E+00  1.0000E+00  0.0000E+00  0.0000E+00  0.0000E+00  2.0000E+00  1.0000E+01  0.0000E+00  0.0000E+00  0.0000E+00  0.0000E+00
  3.5000E+01  0.0000E+00  0.0000E+00  2.0000E+00  0.0000E+00  0.0000E+00  0.0000E+00  0.0000E+00  0.0000E+00  2.0000E+00  1.0000E+01  0.0000E+00  0.0000E+00  0.0000E+00  0.0000E+00
  3.5000E+01  3.3000E-02  0.0000E+00  2.0000E+00  1.6600E+01  0.0000E+00  8.2145E+00  7.3721E-01  7.3721E-01  2.0000E+00  1.0000E+01  1.6600E+01  8.2145E+00  8.3855E+00  7.3721E-01
  3.6000E+01  0.0000E+00  2.7080E+05  1.0000E+00  0.0000E+00  1.0000E+00  0.0000E+00  0.0000E+00  0.0000E+00  2.0000E+00  1.0000E+01  0.0000E+00  0.0000E+00  0.0000E+00  0.0000E+00
  3.6000E+01  0.0000E+00  0.0000E+00  2.0000E+00  0.0000E+00  0.0000E+00  0.0000E+00  0.0000E+00  0.0000E+00  2.0000E+00  1.0000E+01  0.0000E+00  0.0000E+00  0.0000E+00  0.0000E+00
  3.6000E+01  3.3000E-02  0.0000E+00  2.0000E+00  2.2370E+01  0.0000E+00  8.0191E+00  1.2924E+00  1.2924E+00  2.0000E+00  1.0000E+01  2.2370E+01  8.0191E+00  1.4351E+01  1.2924E+00
  3.7000E+01  0.0000E+00  2.7300E+05  1.0000E+00  0.0000E+00  1.0000E+00  0.0000E+00  0.0000E+00  0.0000E+00  2.0000E+00  1.0000E+01  0.0000E+00  0.0000E+00  0.0000E+00  0.0000E+00
  3.7000E+01  0.0000E+00  0.0000E+00  2.0000E+00  0.0000E+00  0.0000E+00  0.0000E+00  0.0000E+00  0.0000E+00  2.0000E+00  1.0000E+01  0.0000E+00  0.0000E+00  0.0000E+00  0.0000E+00
  3.7000E+01  8.3000E-02  0.0000E+00  2.0000E+00  2.5680E+01  0.0000E+00  1.1456E+01  8.9671E-01  8.9671E-01  2.0000E+00  1.0000E+01  2.5680E+01  1.1456E+01  1.4224E+01  8.9671E-01
  3.8000E+01  0.0000E+00  2.9290E+05  1.0000E+00  0.0000E+00  1.0000E+00  0.0000E+00  0.0000E+00  0.0000E+00  2.0000E+00  1.0000E+01  0.0000E+00  0.0000E+00  0.0000E+00  0.0000E+00
  3.8000E+01  0.0000E+00  0.0000E+00  2.0000E+00  0.0000E+00  0.0000E+00  0.0000E+00  0.0000E+00  0.0000E+00  2.0000E+00  1.0000E+01  0.0000E+00  0.0000E+00  0.0000E+00  0.0000E+00
  3.8000E+01  8.3000E-02  0.0000E+00  2.0000E+00  9.5200E+00  0.0000E+00  1.2291E+01 -1.6281E-01 -1.6281E-01  2.0000E+00  1.0000E+01  9.5200E+00  1.2291E+01 -2.7708E+00 -1.6281E-01
  3.9000E+01  0.0000E+00  2.6590E+05  1.0000E+00  0.0000E+00  1.0000E+00  0.0000E+00  0.0000E+00  0.0000E+00  2.0000E+00  1.0000E+01  0.0000E+00  0.0000E+00  0.0000E+00  0.0000E+00
  3.9000E+01  0.0000E+00  0.0000E+00  2.0000E+00  0.0000E+00  0.0000E+00  0.0000E+00  0.0000E+00  0.0000E+00  2.0000E+00  1.0000E+01  0.0000E+00  0.0000E+00  0.0000E+00  0.0000E+00
  3.9000E+01  8.3000E-02  0.0000E+00  2.0000E+00  4.6710E+01  0.0000E+00  1.1158E+01  2.3011E+00  2.3011E+00  2.0000E+00  1.0000E+01  4.6710E+01  1.1158E+01  3.5552E+01  2.3011E+00
  4.0000E+01  0.0000E+00  2.6870E+05  1.0000E+00  0.0000E+00  1.0000E+00  0.0000E+00  0.0000E+00  0.0000E+00  2.0000E+00  1.0000E+01  0.0000E+00  0.0000E+00  0.0000E+00  0.0000E+00
  4.0000E+01  0.0000E+00  0.0000E+00  2.0000E+00  0.0000E+00  0.0000E+00  0.0000E+00  0.0000E+00  0.0000E+00  2.0000E+00  1.0000E+01  0.0000E+00  0.0000E+00  0.0000E+00  0.0000E+00
  4.0000E+01  2.5000E-01  0.0000E+00  2.0000E+00  4.4580E+01  0.0000E+00  1.2841E+01  1.7850E+00  1.7850E+00  2.0000E+00  1.0000E+01  4.4580E+01  1.2841E+01  3.1739E+01  1.7850E+00
  4.1000E+01  0.0000E+00  2.7380E+05  1.0000E+00  0.0000E+00  1.0000E+00  0.0000E+00  0.0000E+00  0.0000E+00  2.0000E+00  1.0000E+01  0.0000E+00  0.0000E+00  0.0000E+00  0.0000E+00
  4.1000E+01  0.0000E+00  0.0000E+00  2.0000E+00  0.0000E+00  0.0000E+00  0.0000E+00  0.0000E+00  0.0000E+00  2.0000E+00  1.0000E+01  0.0000E+00  0.0000E+00  0.0000E+00  0.0000E+00
  4.1000E+01  2.5000E-01  0.0000E+00  2.0000E+00  3.0570E+01  0.0000E+00  1.3085E+01  9.6504E-01  9.6504E-01  2.0000E+00  1.0000E+01  3.0570E+01  1.3085E+01  1.7485E+01  9.6504E-01
  4.2000E+01  0.0000E+00  2.7710E+05  1.0000E+00  0.0000E+00  1.0000E+00  0.0000E+00  0.0000E+00  0.0000E+00  2.0000E+00  1.0000E+01  0.0000E+00  0.0000E+00  0.0000E+00  0.0000E+00
  4.2000E+01  0.0000E+00  0.0000E+00  2.0000E+00  0.0000E+00  0.0000E+00  0.0000E+00  0.0000E+00  0.0000E+00  2.0000E+00  1.0000E+01  0.0000E+00  0.0000E+00  0.0000E+00  0.0000E+00
  4.2000E+01  2.5000E-01  0.0000E+00  2.0000E+00  5.0100E+00  0.0000E+00  1.3243E+01 -4.4896E-01 -4.4896E-01  2.0000E+00  1.0000E+01  5.0100E+00  1.3243E+01 -8.2326E+00 -4.4896E-01
  4.3000E+01  0.0000E+00  2.8320E+05  1.0000E+00  0.0000E+00  1.0000E+00  0.0000E+00  0.0000E+00  0.0000E+00  2.0000E+00  1.0000E+01  0.0000E+00  0.0000E+00  0.0000E+00  0.0000E+00
  4.3000E+01  0.0000E+00  0.0000E+00  2.0000E+00  0.0000E+00  0.0000E+00  0.0000E+00  0.0000E+00  0.0000E+00  2.0000E+00  1.0000E+01  0.0000E+00  0.0000E+00  0.0000E+00  0.0000E+00
  4.3000E+01  5.0000E-01  0.0000E+00  2.0000E+00  2.1490E+01  0.0000E+00  1.4799E+01  3.2651E-01  3.2651E-01  2.0000E+00  1.0000E+01  2.1490E+01  1.4799E+01  6.6909E+00  3.2651E-01
  4.4000E+01  0.0000E+00  2.9510E+05  1.0000E+00  0.0000E+00  1.0000E+00  0.0000E+00  0.0000E+00  0.0000E+00  2.0000E+00  1.0000E+01  0.0000E+00  0.0000E+00  0.0000E+00  0.0000E+00
  4.4000E+01  0.0000E+00  0.0000E+00  2.0000E+00  0.0000E+00  0.0000E+00  0.0000E+00  0.0000E+00  0.0000E+00  2.0000E+00  1.0000E+01  0.0000E+00  0.0000E+00  0.0000E+00  0.0000E+00
  4.4000E+01  5.0000E-01  0.0000E+00  2.0000E+00  4.7160E+01  0.0000E+00  1.5421E+01  1.4864E+00  1.4864E+00  2.0000E+00  1.0000E+01  4.7160E+01  1.5421E+01  3.1739E+01  1.4864E+00
  4.5000E+01  0.0000E+00  3.0100E+05  1.0000E+00  0.0000E+00  1.0000E+00  0.0000E+00  0.0000E+00  0.0000E+00  2.0000E+00  1.0000E+01  0.0000E+00  0.0000E+00  0.0000E+00  0.0000E+00
  4.5000E+01  0.0000E+00  0.0000E+00  2.0000E+00  0.0000E+00  0.0000E+00  0.0000E+00  0.0000E+00  0.0000E+00  2.0000E+00  1.0000E+01  0.0000E+00  0.0000E+00  0.0000E+00  0.0000E+00
  4.5000E+01  5.0000E-01  0.0000E+00  2.0000E+00  4.6160E+01  0.0000E+00  1.5729E+01  1.3972E+00  1.3972E+00  2.0000E+00  1.0000E+01  4.6160E+01  1.5729E+01  3.0431E+01  1.3972E+00
  4.6000E+01  0.0000E+00  2.9830E+05  1.0000E+00  0.0000E+00  1.0000E+00  0.0000E+00  0.0000E+00  0.0000E+00  2.0000E+00  1.0000E+01  0.0000E+00  0.0000E+00  0.0000E+00  0.0000E+00
  4.6000E+01  0.0000E+00  0.0000E+00  2.0000E+00  0.0000E+00  0.0000E+00  0.0000E+00  0.0000E+00  0.0000E+00  2.0000E+00  1.0000E+01  0.0000E+00  0.0000E+00  0.0000E+00  0.0000E+00
  4.6000E+01  7.5000E-01  0.0000E+00  2.0000E+00  7.6970E+01  0.0000E+00  1.6731E+01  2.6001E+00  2.6001E+00  2.0000E+00  1.0000E+01  7.6970E+01  1.6731E+01  6.0239E+01  2.6001E+00
  4.7000E+01  0.0000E+00  2.9610E+05  1.0000E+00  0.0000E+00  1.0000E+00  0.0000E+00  0.0000E+00  0.0000E+00  2.0000E+00  1.0000E+01  0.0000E+00  0.0000E+00  0.0000E+00  0.0000E+00
  4.7000E+01  0.0000E+00  0.0000E+00  2.0000E+00  0.0000E+00  0.0000E+00  0.0000E+00  0.0000E+00  0.0000E+00  2.0000E+00  1.0000E+01  0.0000E+00  0.0000E+00  0.0000E+00  0.0000E+00
  4.7000E+01  7.5000E-01  0.0000E+00  2.0000E+00  1.9560E+01  0.0000E+00  1.6608E+01  1.2836E-01  1.2836E-01  2.0000E+00  1.0000E+01  1.9560E+01  1.6608E+01  2.9519E+00  1.2836E-01
  4.8000E+01  0.0000E+00  2.8730E+05  1.0000E+00  0.0000E+00  1.0000E+00  0.0000E+00  0.0000E+00  0.0000E+00  2.0000E+00  1.0000E+01  0.0000E+00  0.0000E+00  0.0000E+00  0.0000E+00
  4.8000E+01  0.0000E+00  0.0000E+00  2.0000E+00  0.0000E+00  0.0000E+00  0.0000E+00  0.0000E+00  0.0000E+00  2.0000E+00  1.0000E+01  0.0000E+00  0.0000E+00  0.0000E+00  0.0000E+00
  4.8000E+01  7.5000E-01  0.0000E+00  2.0000E+00  1.5360E+01  0.0000E+00  1.6114E+01 -3.3812E-02 -3.3812E-02  2.0000E+00  1.0000E+01  1.5360E+01  1.6114E+01 -7.5448E-01 -3.3812E-02
  4.9000E+01  0.0000E+00  2.7290E+05  1.0000E+00  0.0000E+00  1.0000E+00  0.0000E+00  0.0000E+00  0.0000E+00  2.0000E+00  1.0000E+01  0.0000E+00  0.0000E+00  0.0000E+00  0.0000E+00
  4.9000E+01  0.0000E+00  0.0000E+00  2.0000E+00  0.0000E+00  0.0000E+00  0.0000E+00  0.0000E+00  0.0000E+00  2.0000E+00  1.0000E+01  0.0000E+00  0.0000E+00  0.0000E+00  0.0000E+00
  4.9000E+01  1.0000E+00  0.0000E+00  2.0000E+00  7.4600E+00  0.0000E+00  1.6197E+01 -3.8956E-01 -3.8956E-01  2.0000E+00  1.0000E+01  7.4600E+00  1.6197E+01 -8.7369E+00 -3.8956E-01
  5.0000E+01  0.0000E+00  2.8710E+05  1.0000E+00  0.0000E+00  1.0000E+00  0.0000E+00  0.0000E+00  0.0000E+00  2.0000E+00  1.0000E+01  0.0000E+00  0.0000E+00  0.0000E+00  0.0000E+00
  5.0000E+01  0.0000E+00  0.0000E+00  2.0000E+00  0.0000E+00  0.0000E+00  0.0000E+00  0.0000E+00  0.0000E+00  2.0000E+00  1.0000E+01  0.0000E+00  0.0000E+00  0.0000E+00  0.0000E+00
  5.0000E+01  1.0000E+00  0.0000E+00  2.0000E+00  5.9380E+01  0.0000E+00  1.7040E+01  1.7945E+00  1.7945E+00  2.0000E+00  1.0000E+01  5.9380E+01  1.7040E+01  4.2340E+01  1.7945E+00
  5.1000E+01  0.0000E+00  2.9630E+05  1.0000E+00  0.0000E+00  1.0000E+00  0.0000E+00  0.0000E+00  0.0000E+00  2.0000E+00  1.0000E+01  0.0000E+00  0.0000E+00  0.0000E+00  0.0000E+00
  5.1000E+01  0.0000E+00  0.0000E+00  2.0000E+00  0.0000E+00  0.0000E+00  0.0000E+00  0.0000E+00  0.0000E+00  2.0000E+00  1.0000E+01  0.0000E+00  0.0000E+00  0.0000E+00  0.0000E+00
  5.1000E+01  1.0000E+00  0.0000E+00  2.0000E+00  2.2340E+01  0.0000E+00  1.7586E+01  1.9524E-01  1.9524E-01  2.0000E+00  1.0000E+01  2.2340E+01  1.7586E+01  4.7543E+00  1.9524E-01
  5.2000E+01  0.0000E+00  2.8480E+05  1.0000E+00  0.0000E+00  1.0000E+00  0.0000E+00  0.0000E+00  0.0000E+00  2.0000E+00  1.0000E+01  0.0000E+00  0.0000E+00  0.0000E+00  0.0000E+00
  5.2000E+01  0.0000E+00  0.0000E+00  2.0000E+00  0.0000E+00  0.0000E+00  0.0000E+00  0.0000E+00  0.0000E+00  2.0000E+00  1.0000E+01  0.0000E+00  0.0000E+00  0.0000E+00  0.0000E+00
  5.2000E+01  2.0000E+00  0.0000E+00  2.0000E+00  3.2000E+00  0.0000E+00  1.9267E+01 -6.0223E-01 -6.0223E-01  2.0000E+00  1.0000E+01  3.2000E+00  1.9267E+01 -1.6067E+01 -6.0223E-01
  5.3000E+01  0.0000E+00  2.8510E+05  1.0000E+00  0.0000E+00  1.0000E+00  0.0000E+00  0.0000E+00  0.0000E+00  2.0000E+00  1.0000E+01  0.0000E+00  0.0000E+00  0.0000E+00  0.0000E+00
  5.3000E+01  0.0000E+00  0.0000E+00  2.0000E+00  0.0000E+00  0.0000E+00  0.0000E+00  0.0000E+00  0.0000E+00  2.0000E+00  1.0000E+01  0.0000E+00  0.0000E+00  0.0000E+00  0.0000E+00
  5.3000E+01  2.0000E+00  0.0000E+00  2.0000E+00  1.1500E+00  0.0000E+00  1.9287E+01 -6.7912E-01 -6.7912E-01  2.0000E+00  1.0000E+01  1.1500E+00  1.9287E+01 -1.8137E+01 -6.7912E-01
  5.4000E+01  0.0000E+00  2.7490E+05  1.0000E+00  0.0000E+00  1.0000E+00  0.0000E+00  0.0000E+00  0.0000E+00  2.0000E+00  1.0000E+01  0.0000E+00  0.0000E+00  0.0000E+00  0.0000E+00
  5.4000E+01  0.0000E+00  0.0000E+00  2.0000E+00  0.0000E+00  0.0000E+00  0.0000E+00  0.0000E+00  0.0000E+00  2.0000E+00  1.0000E+01  0.0000E+00  0.0000E+00  0.0000E+00  0.0000E+00
  5.4000E+01  2.0000E+00  0.0000E+00  2.0000E+00  2.4320E+01  0.0000E+00  1.8597E+01  2.2225E-01  2.2225E-01  2.0000E+00  1.0000E+01  2.4320E+01  1.8597E+01  5.7231E+00  2.2225E-01
  5.5000E+01  0.0000E+00  3.0330E+05  1.0000E+00  0.0000E+00  1.0000E+00  0.0000E+00  0.0000E+00  0.0000E+00  2.0000E+00  1.0000E+01  0.0000E+00  0.0000E+00  0.0000E+00  0.0000E+00
  5.5000E+01  0.0000E+00  0.0000E+00  2.0000E+00  0.0000E+00  0.0000E+00  0.0000E+00  0.0000E+00  0.0000E+00  2.0000E+00  1.0000E+01  0.0000E+00  0.0000E+00  0.0000E+00  0.0000E+00
  5.5000E+01  3.0000E+00  0.0000E+00  2.0000E+00  1.6550E+01  0.0000E+00  2.1308E+01 -1.6127E-01 -1.6127E-01  2.0000E+00  1.0000E+01  1.6550E+01  2.1308E+01 -4.7582E+00 -1.6127E-01
  5.6000E+01  0.0000E+00  2.7950E+05  1.0000E+00  0.0000E+00  1.0000E+00  0.0000E+00  0.0000E+00  0.0000E+00  2.0000E+00  1.0000E+01  0.0000E+00  0.0000E+00  0.0000E+00  0.0000E+00
  5.6000E+01  0.0000E+00  0.0000E+00  2.0000E+00  0.0000E+00  0.0000E+00  0.0000E+00  0.0000E+00  0.0000E+00  2.0000E+00  1.0000E+01  0.0000E+00  0.0000E+00  0.0000E+00  0.0000E+00
  5.6000E+01  3.0000E+00  0.0000E+00  2.0000E+00  2.5600E+00  0.0000E+00  1.9636E+01 -6.2803E-01 -6.2803E-01  2.0000E+00  1.0000E+01  2.5600E+00  1.9636E+01 -1.7076E+01 -6.2803E-01
  5.7000E+01  0.0000E+00  2.7500E+05  1.0000E+00  0.0000E+00  1.0000E+00  0.0000E+00  0.0000E+00  0.0000E+00  2.0000E+00  1.0000E+01  0.0000E+00  0.0000E+00  0.0000E+00  0.0000E+00
  5.7000E+01  0.0000E+00  0.0000E+00  2.0000E+00  0.0000E+00  0.0000E+00  0.0000E+00  0.0000E+00  0.0000E+00  2.0000E+00  1.0000E+01  0.0000E+00  0.0000E+00  0.0000E+00  0.0000E+00
  5.7000E+01  3.0000E+00  0.0000E+00  2.0000E+00  1.8400E+00  0.0000E+00  1.9320E+01 -6.5340E-01 -6.5340E-01  2.0000E+00  1.0000E+01  1.8400E+00  1.9320E+01 -1.7480E+01 -6.5340E-01
  5.8000E+01  0.0000E+00  2.7450E+05  1.0000E+00  0.0000E+00  1.0000E+00  0.0000E+00  0.0000E+00  0.0000E+00  2.0000E+00  1.0000E+01  0.0000E+00  0.0000E+00  0.0000E+00  0.0000E+00
  5.8000E+01  0.0000E+00  0.0000E+00  2.0000E+00  0.0000E+00  0.0000E+00  0.0000E+00  0.0000E+00  0.0000E+00  2.0000E+00  1.0000E+01  0.0000E+00  0.0000E+00  0.0000E+00  0.0000E+00
  5.8000E+01  4.0000E+00  0.0000E+00  2.0000E+00  3.8500E+00  0.0000E+00  1.8973E+01 -5.7564E-01 -5.7564E-01  2.0000E+00  1.0000E+01  3.8500E+00  1.8973E+01 -1.5123E+01 -5.7564E-01
  5.9000E+01  0.0000E+00  2.8350E+05  1.0000E+00  0.0000E+00  1.0000E+00  0.0000E+00  0.0000E+00  0.0000E+00  2.0000E+00  1.0000E+01  0.0000E+00  0.0000E+00  0.0000E+00  0.0000E+00
  5.9000E+01  0.0000E+00  0.0000E+00  2.0000E+00  0.0000E+00  0.0000E+00  0.0000E+00  0.0000E+00  0.0000E+00  2.0000E+00  1.0000E+01  0.0000E+00  0.0000E+00  0.0000E+00  0.0000E+00
  5.9000E+01  4.0000E+00  0.0000E+00  2.0000E+00  7.7800E+00  0.0000E+00  1.9595E+01 -4.3545E-01 -4.3545E-01  2.0000E+00  1.0000E+01  7.7800E+00  1.9595E+01 -1.1815E+01 -4.3545E-01
  6.0000E+01  0.0000E+00  2.8850E+05  1.0000E+00  0.0000E+00  1.0000E+00  0.0000E+00  0.0000E+00  0.0000E+00  2.0000E+00  1.0000E+01  0.0000E+00  0.0000E+00  0.0000E+00  0.0000E+00
  6.0000E+01  0.0000E+00  0.0000E+00  2.0000E+00  0.0000E+00  0.0000E+00  0.0000E+00  0.0000E+00  0.0000E+00  2.0000E+00  1.0000E+01  0.0000E+00  0.0000E+00  0.0000E+00  0.0000E+00
  6.0000E+01  4.0000E+00  0.0000E+00  2.0000E+00  2.8000E+00  0.0000E+00  1.9941E+01 -6.2078E-01 -6.2078E-01  2.0000E+00  1.0000E+01  2.8000E+00  1.9941E+01 -1.7141E+01 -6.2078E-01
  6.2000E+01  0.0000E+00  2.9040E+05  1.0000E+00  0.0000E+00  1.0000E+00  0.0000E+00  0.0000E+00  0.0000E+00  2.0000E+00  1.0000E+01  0.0000E+00  0.0000E+00  0.0000E+00  0.0000E+00
  6.2000E+01  0.0000E+00  0.0000E+00  2.0000E+00  0.0000E+00  0.0000E+00  0.0000E+00  0.0000E+00  0.0000E+00  2.0000E+00  1.0000E+01  0.0000E+00  0.0000E+00  0.0000E+00  0.0000E+00
  6.2000E+01  6.0000E+00  0.0000E+00  2.0000E+00  1.6000E-01  0.0000E+00  1.7657E+01 -7.1564E-01 -7.1564E-01  2.0000E+00  1.0000E+01  1.6000E-01  1.7657E+01 -1.7497E+01 -7.1564E-01
  6.3000E+01  0.0000E+00  2.7330E+05  1.0000E+00  0.0000E+00  1.0000E+00  0.0000E+00  0.0000E+00  0.0000E+00  2.0000E+00  1.0000E+01  0.0000E+00  0.0000E+00  0.0000E+00  0.0000E+00
  6.3000E+01  0.0000E+00  0.0000E+00  2.0000E+00  0.0000E+00  0.0000E+00  0.0000E+00  0.0000E+00  0.0000E+00  2.0000E+00  1.0000E+01  0.0000E+00  0.0000E+00  0.0000E+00  0.0000E+00
  6.3000E+01  6.0000E+00  0.0000E+00  2.0000E+00  2.7000E+00  0.0000E+00  1.6618E+01 -6.0484E-01 -6.0484E-01  2.0000E+00  1.0000E+01  2.7000E+00  1.6618E+01 -1.3918E+01 -6.0484E-01
  6.5000E+01  0.0000E+00  2.8560E+05  1.0000E+00  0.0000E+00  1.0000E+00  0.0000E+00  0.0000E+00  0.0000E+00  2.0000E+00  1.0000E+01  0.0000E+00  0.0000E+00  0.0000E+00  0.0000E+00
  6.5000E+01  0.0000E+00  0.0000E+00  2.0000E+00  0.0000E+00  0.0000E+00  0.0000E+00  0.0000E+00  0.0000E+00  2.0000E+00  1.0000E+01  0.0000E+00  0.0000E+00  0.0000E+00  0.0000E+00
  6.5000E+01  8.0000E+00  0.0000E+00  2.0000E+00  5.5000E-01  0.0000E+00  1.4157E+01 -6.9413E-01 -6.9413E-01  2.0000E+00  1.0000E+01  5.5000E-01  1.4157E+01 -1.3607E+01 -6.9413E-01
  6.6000E+01  0.0000E+00  2.7370E+05  1.0000E+00  0.0000E+00  1.0000E+00  0.0000E+00  0.0000E+00  0.0000E+00  2.0000E+00  1.0000E+01  0.0000E+00  0.0000E+00  0.0000E+00  0.0000E+00
  6.6000E+01  0.0000E+00  0.0000E+00  2.0000E+00  0.0000E+00  0.0000E+00  0.0000E+00  0.0000E+00  0.0000E+00  2.0000E+00  1.0000E+01  0.0000E+00  0.0000E+00  0.0000E+00  0.0000E+00
  6.6000E+01  8.0000E+00  0.0000E+00  2.0000E+00  2.4400E+00  0.0000E+00  1.3567E+01 -5.9230E-01 -5.9230E-01  2.0000E+00  1.0000E+01  2.4400E+00  1.3567E+01 -1.1127E+01 -5.9230E-01
  6.7000E+01  0.0000E+00  2.8000E+05  2.0000E+00  0.0000E+00  1.0000E+00  9.7782E+03  0.0000E+00 -7.2218E-01  1.0000E+00  1.0000E+01  0.0000E+00  9.7782E+03  0.0000E+00  0.0000E+00
  6.7000E+01  1.7000E-02  0.0000E+00  2.0000E+00  7.2560E+03  0.0000E+00  5.5477E+03  2.2238E-01  2.2238E-01  1.0000E+00  1.0000E+01  7.2560E+03  5.5477E+03  1.7083E+03  2.2238E-01
  6.8000E+01  0.0000E+00  2.8000E+05  2.0000E+00  0.0000E+00  1.0000E+00  9.7782E+03  0.0000E+00 -7.2218E-01  1.0000E+00  1.0000E+01  0.0000E+00  9.7782E+03  0.0000E+00  0.0000E+00
  6.8000E+01  1.7000E-02  0.0000E+00  2.0000E+00  8.3999E+03  0.0000E+00  5.5477E+03  3.7129E-01  3.7129E-01  1.0000E+00  1.0000E+01  8.3999E+03  5.5477E+03  2.8522E+03  3.7129E-01
  6.9000E+01  0.0000E+00  2.8000E+05  2.0000E+00  0.0000E+00  1.0000E+00  9.7782E+03  0.0000E+00 -7.2218E-01  1.0000E+00  1.0000E+01  0.0000E+00  9.7782E+03  0.0000E+00  0.0000E+00
  6.9000E+01  1.7000E-02  0.0000E+00  2.0000E+00  1.0783E+04  0.0000E+00  5.5477E+03  6.8157E-01  6.8157E-01  1.0000E+00  1.0000E+01  1.0783E+04  5.5477E+03  5.2357E+03  6.8157E-01
  7.0000E+01  0.0000E+00  2.8000E+05  2.0000E+00  0.0000E+00  1.0000E+00  9.7782E+03  0.0000E+00 -7.2218E-01  1.0000E+00  1.0000E+01  0.0000E+00  9.7782E+03  0.0000E+00  0.0000E+00
  7.0000E+01  8.3000E-02  0.0000E+00  2.0000E+00  1.9424E+03  0.0000E+00  7.5362E+02  1.1392E+00  1.1392E+00  1.0000E+00  1.0000E+01  1.9424E+03  7.5362E+02  1.1888E+03  1.1392E+00
  7.1000E+01  0.0000E+00  2.8000E+05  2.0000E+00  0.0000E+00  1.0000E+00  9.7782E+03  0.0000E+00 -7.2218E-01  1.0000E+00  1.0000E+01  0.0000E+00  9.7782E+03  0.0000E+00  0.0000E+00
  7.1000E+01  8.3000E-02  0.0000E+00  2.0000E+00  1.9194E+03  0.0000E+00  7.5362E+02  1.1171E+00  1.1171E+00  1.0000E+00  1.0000E+01  1.9194E+03  7.5362E+02  1.1658E+03  1.1171E+00
  7.2000E+01  0.0000E+00  2.8000E+05  2.0000E+00  0.0000E+00  1.0000E+00  9.7782E+03  0.0000E+00 -7.2218E-01  1.0000E+00  1.0000E+01  0.0000E+00  9.7782E+03  0.0000E+00  0.0000E+00
  7.2000E+01  8.3000E-02  0.0000E+00  2.0000E+00  1.7315E+03  0.0000E+00  7.5362E+02  9.3707E-01  9.3707E-01  1.0000E+00  1.0000E+01  1.7315E+03  7.5362E+02  9.7788E+02  9.3707E-01
  7.3000E+01  0.0000E+00  2.8000E+05  2.0000E+00  0.0000E+00  1.0000E+00  9.7782E+03  0.0000E+00 -7.2218E-01  1.0000E+00  1.0000E+01  0.0000E+00  9.7782E+03  0.0000E+00  0.0000E+00
  7.3000E+01  2.5000E-01  0.0000E+00  2.0000E+00  2.1170E+02  0.0000E+00  1.9077E+02  7.9242E-02  7.9242E-02  1.0000E+00  1.0000E+01  2.1170E+02  1.9077E+02  2.0932E+01  7.9242E-02
  7.4000E+01  0.0000E+00  2.8000E+05  2.0000E+00  0.0000E+00  1.0000E+00  9.7782E+03  0.0000E+00 -7.2218E-01  1.0000E+00  1.0000E+01  0.0000E+00  9.7782E+03  0.0000E+00  0.0000E+00
  7.4000E+01  2.5000E-01  0.0000E+00  2.0000E+00  3.0850E+02  0.0000E+00  1.9077E+02  4.4569E-01  4.4569E-01  1.0000E+00  1.0000E+01  3.0850E+02  1.9077E+02  1.1773E+02  4.4569E-01
  7.5000E+01  0.0000E+00  2.8000E+05  2.0000E+00  0.0000E+00  1.0000E+00  9.7782E+03  0.0000E+00 -7.2218E-01  1.0000E+00  1.0000E+01  0.0000E+00  9.7782E+03  0.0000E+00  0.0000E+00
  7.5000E+01  2.5000E-01  0.0000E+00  2.0000E+00  3.0460E+02  0.0000E+00  1.9077E+02  4.3093E-01  4.3093E-01  1.0000E+00  1.0000E+01  3.0460E+02  1.9077E+02  1.1383E+02  4.3093E-01
  7.6000E+01  0.0000E+00  2.8000E+05  2.0000E+00  0.0000E+00  1.0000E+00  9.7782E+03  0.0000E+00 -7.2218E-01  1.0000E+00  1.0000E+01  0.0000E+00  9.7782E+03  0.0000E+00  0.0000E+00
  7.6000E+01  5.0000E-01  0.0000E+00  2.0000E+00  7.1700E+01  0.0000E+00  1.7753E+02 -4.3051E-01 -4.3051E-01  1.0000E+00  1.0000E+01  7.1700E+01  1.7753E+02 -1.0583E+02 -4.3051E-01
  7.7000E+01  0.0000E+00  2.8000E+05  2.0000E+00  0.0000E+00  1.0000E+00  9.7782E+03  0.0000E+00 -7.2218E-01  1.0000E+00  1.0000E+01  0.0000E+00  9.7782E+03  0.0000E+00  0.0000E+00
  7.7000E+01  5.0000E-01  0.0000E+00  2.0000E+00  1.6950E+02  0.0000E+00  1.7753E+02 -3.2668E-02 -3.2668E-02  1.0000E+00  1.0000E+01  1.6950E+02  1.7753E+02 -8.0307E+00 -3.2668E-02
  7.8000E+01  0.0000E+00  2.8000E+05  2.0000E+00  0.0000E+00  1.0000E+00  9.7782E+03  0.0000E+00 -7.2218E-01  1.0000E+00  1.0000E+01  0.0000E+00  9.7782E+03  0.0000E+00  0.0000E+00
  7.8000E+01  5.0000E-01  0.0000E+00  2.0000E+00  1.9250E+02  0.0000E+00  1.7753E+02  6.0894E-02  6.0894E-02  1.0000E+00  1.0000E+01  1.9250E+02  1.7753E+02  1.4969E+01  6.0894E-02
  7.9000E+01  0.0000E+00  2.8000E+05  2.0000E+00  0.0000E+00  1.0000E+00  9.7782E+03  0.0000E+00 -7.2218E-01  1.0000E+00  1.0000E+01  0.0000E+00  9.7782E+03  0.0000E+00  0.0000E+00
  7.9000E+01  1.0000E+00  0.0000E+00  2.0000E+00  3.0940E+02  0.0000E+00  1.5672E+02  7.0358E-01  7.0358E-01  1.0000E+00  1.0000E+01  3.0940E+02  1.5672E+02  1.5268E+02  7.0358E-01
  8.0000E+01  0.0000E+00  2.8000E+05  2.0000E+00  0.0000E+00  1.0000E+00  9.7782E+03  0.0000E+00 -7.2218E-01  1.0000E+00  1.0000E+01  0.0000E+00  9.7782E+03  0.0000E+00  0.0000E+00
  8.0000E+01  1.0000E+00  0.0000E+00  2.0000E+00  7.2400E+01  0.0000E+00  1.5672E+02 -3.8855E-01 -3.8855E-01  1.0000E+00  1.0000E+01  7.2400E+01  1.5672E+02 -8.4319E+01 -3.8855E-01
  8.1000E+01  0.0000E+00  2.8000E+05  2.0000E+00  0.0000E+00  1.0000E+00  9.7782E+03  0.0000E+00 -7.2218E-01  1.0000E+00  1.0000E+01  0.0000E+00  9.7782E+03  0.0000E+00  0.0000E+00
  8.1000E+01  1.0000E+00  0.0000E+00  2.0000E+00  1.7600E+01  0.0000E+00  1.5672E+02 -6.4108E-01 -6.4108E-01  1.0000E+00  1.0000E+01  1.7600E+01  1.5672E+02 -1.3912E+02 -6.4108E-01
  8.2000E+01  0.0000E+00  2.8000E+05  2.0000E+00  0.0000E+00  1.0000E+00  9.7782E+03  0.0000E+00 -7.2218E-01  1.0000E+00  1.0000E+01  0.0000E+00  9.7782E+03  0.0000E+00  0.0000E+00
  8.2000E+01  2.0000E+00  0.0000E+00  2.0000E+00  4.5000E+00  0.0000E+00  1.2213E+02 -6.9557E-01 -6.9557E-01  1.0000E+00  1.0000E+01  4.5000E+00  1.2213E+02 -1.1763E+02 -6.9557E-01
  8.3000E+01  0.0000E+00  2.8000E+05  2.0000E+00  0.0000E+00  1.0000E+00  9.7782E+03  0.0000E+00 -7.2218E-01  1.0000E+00  1.0000E+01  0.0000E+00  9.7782E+03  0.0000E+00  0.0000E+00
  8.3000E+01  2.0000E+00  0.0000E+00  2.0000E+00  4.5000E+00  0.0000E+00  1.2213E+02 -6.9557E-01 -6.9557E-01  1.0000E+00  1.0000E+01  4.5000E+00  1.2213E+02 -1.1763E+02 -6.9557E-01
  8.4000E+01  0.0000E+00  2.8000E+05  2.0000E+00  0.0000E+00  1.0000E+00  9.7782E+03  0.0000E+00 -7.2218E-01  1.0000E+00  1.0000E+01  0.0000E+00  9.7782E+03  0.0000E+00  0.0000E+00
  8.4000E+01  2.0000E+00  0.0000E+00  2.0000E+00  9.8000E+00  0.0000E+00  1.2213E+02 -6.6423E-01 -6.6423E-01  1.0000E+00  1.0000E+01  9.8000E+00  1.2213E+02 -1.1233E+02 -6.6423E-01
  8.5000E+01  0.0000E+00  2.8000E+05  2.0000E+00  0.0000E+00  1.0000E+00  9.7782E+03  0.0000E+00 -7.2218E-01  1.0000E+00  1.0000E+01  0.0000E+00  9.7782E+03  0.0000E+00  0.0000E+00
  8.5000E+01  4.0000E+00  0.0000E+00  2.0000E+00  5.4000E+00  0.0000E+00  7.4167E+01 -6.6960E-01 -6.6960E-01  1.0000E+00  1.0000E+01  5.4000E+00  7.4167E+01 -6.8767E+01 -6.6960E-01
  8.6000E+01  0.0000E+00  2.8000E+05  2.0000E+00  0.0000E+00  1.0000E+00  9.7782E+03  0.0000E+00 -7.2218E-01  1.0000E+00  1.0000E+01  0.0000E+00  9.7782E+03  0.0000E+00  0.0000E+00
  8.6000E+01  4.0000E+00  0.0000E+00  2.0000E+00  2.0000E-01  0.0000E+00  7.4167E+01 -7.2023E-01 -7.2023E-01  1.0000E+00  1.0000E+01  2.0000E-01  7.4167E+01 -7.3967E+01 -7.2023E-01
  8.7000E+01  0.0000E+00  2.8000E+05  2.0000E+00  0.0000E+00  1.0000E+00  9.7782E+03  0.0000E+00 -7.2218E-01  1.0000E+00  1.0000E+01  0.0000E+00  9.7782E+03  0.0000E+00  0.0000E+00
  8.7000E+01  4.0000E+00  0.0000E+00  2.0000E+00  1.3600E+01  0.0000E+00  7.4167E+01 -5.8975E-01 -5.8975E-01  1.0000E+00  1.0000E+01  1.3600E+01  7.4167E+01 -6.0567E+01 -5.8975E-01
  8.8000E+01  0.0000E+00  2.8000E+05  2.0000E+00  0.0000E+00  1.0000E+00  9.7782E+03  0.0000E+00 -7.2218E-01  1.0000E+00  1.0000E+01  0.0000E+00  9.7782E+03  0.0000E+00  0.0000E+00
  8.8000E+01  6.0000E+00  0.0000E+00  2.0000E+00  1.6100E+01  0.0000E+00  4.5040E+01 -4.6403E-01 -4.6403E-01  1.0000E+00  1.0000E+01  1.6100E+01  4.5040E+01 -2.8940E+01 -4.6403E-01
  8.9000E+01  0.0000E+00  2.8000E+05  2.0000E+00  0.0000E+00  1.0000E+00  9.7782E+03  0.0000E+00 -7.2218E-01  1.0000E+00  1.0000E+01  0.0000E+00  9.7782E+03  0.0000E+00  0.0000E+00
  8.9000E+01  6.0000E+00  0.0000E+00  2.0000E+00  4.0000E-01  0.0000E+00  4.5040E+01 -7.1577E-01 -7.1577E-01  1.0000E+00  1.0000E+01  4.0000E-01  4.5040E+01 -4.4640E+01 -7.1577E-01
  9.0000E+01  0.0000E+00  2.8000E+05  2.0000E+00  0.0000E+00  1.0000E+00  9.7782E+03  0.0000E+00 -7.2218E-01  1.0000E+00  1.0000E+01  0.0000E+00  9.7782E+03  0.0000E+00  0.0000E+00
  9.0000E+01  6.0000E+00  0.0000E+00  2.0000E+00  6.0000E-01  0.0000E+00  4.5040E+01 -7.1256E-01 -7.1256E-01  1.0000E+00  1.0000E+01  6.0000E-01  4.5040E+01 -4.4440E+01 -7.1256E-01
  9.1000E+01  0.0000E+00  2.8000E+05  2.0000E+00  0.0000E+00  1.0000E+00  9.7782E+03  0.0000E+00 -7.2218E-01  1.0000E+00  1.0000E+01  0.0000E+00  9.7782E+03  0.0000E+00  0.0000E+00
  9.1000E+01  8.0000E+00  0.0000E+00  2.0000E+00  5.0000E-01  0.0000E+00  2.7352E+01 -7.0898E-01 -7.0898E-01  1.0000E+00  1.0000E+01  5.0000E-01  2.7352E+01 -2.6852E+01 -7.0898E-01
  9.2000E+01  0.0000E+00  2.8000E+05  2.0000E+00  0.0000E+00  1.0000E+00  9.7782E+03  0.0000E+00 -7.2218E-01  1.0000E+00  1.0000E+01  0.0000E+00  9.7782E+03  0.0000E+00  0.0000E+00
  9.2000E+01  8.0000E+00  0.0000E+00  2.0000E+00  6.0000E-01  0.0000E+00  2.7352E+01 -7.0634E-01 -7.0634E-01  1.0000E+00  1.0000E+01  6.0000E-01  2.7352E+01 -2.6752E+01 -7.0634E-01
  9.3000E+01  0.0000E+00  2.8000E+05  2.0000E+00  0.0000E+00  1.0000E+00  9.7782E+03  0.0000E+00 -7.2218E-01  1.0000E+00  1.0000E+01  0.0000E+00  9.7782E+03  0.0000E+00  0.0000E+00
  9.3000E+01  8.0000E+00  0.0000E+00  2.0000E+00  3.5000E+00  0.0000E+00  2.7352E+01 -6.2977E-01 -6.2977E-01  1.0000E+00  1.0000E+01  3.5000E+00  2.7352E+01 -2.3852E+01 -6.2977E-01
  9.4000E+01  0.0000E+00  2.8000E+05  2.0000E+00  0.0000E+00  1.0000E+00  9.7782E+03  0.0000E+00 -7.2218E-01  1.0000E+00  1.0000E+01  0.0000E+00  9.7782E+03  0.0000E+00  0.0000E+00
  9.4000E+01  1.2000E+01  0.0000E+00  2.0000E+00  4.0000E-01  0.0000E+00  1.0087E+01 -6.9354E-01 -6.9354E-01  1.0000E+00  1.0000E+01  4.0000E-01  1.0087E+01 -9.6874E+00 -6.9354E-01
  9.5000E+01  0.0000E+00  2.8000E+05  2.0000E+00  0.0000E+00  1.0000E+00  9.7782E+03  0.0000E+00 -7.2218E-01  1.0000E+00  1.0000E+01  0.0000E+00  9.7782E+03  0.0000E+00  0.0000E+00
  9.5000E+01  1.2000E+01  0.0000E+00  2.0000E+00  6.0000E-01  0.0000E+00  1.0087E+01 -6.7923E-01 -6.7923E-01  1.0000E+00  1.0000E+01  6.0000E-01  1.0087E+01 -9.4874E+00 -6.7923E-01
  9.6000E+01  0.0000E+00  2.8000E+05  2.0000E+00  0.0000E+00  1.0000E+00  9.7782E+03  0.0000E+00 -7.2218E-01  1.0000E+00  1.0000E+01  0.0000E+00  9.7782E+03  0.0000E+00  0.0000E+00
  9.6000E+01  1.2000E+01  0.0000E+00  2.0000E+00  6.8000E+00  0.0000E+00  1.0087E+01 -2.3535E-01 -2.3535E-01  1.0000E+00  1.0000E+01  6.8000E+00  1.0087E+01 -3.2874E+00 -2.3535E-01
  9.7000E+01  0.0000E+00  2.8000E+05  2.0000E+00  0.0000E+00  1.0000E+00  9.7782E+03  0.0000E+00 -7.2218E-01  1.0000E+00  1.0000E+01  0.0000E+00  9.7782E+03  0.0000E+00  0.0000E+00
  9.7000E+01  2.4000E+01  0.0000E+00  2.0000E+00  4.0000E-01  0.0000E+00  5.0598E-01 -1.5126E-01 -1.5126E-01  1.0000E+00  1.0000E+01  4.0000E-01  5.0598E-01 -1.0598E-01 -1.5126E-01
  9.8000E+01  0.0000E+00  2.8000E+05  2.0000E+00  0.0000E+00  1.0000E+00  9.7782E+03  0.0000E+00 -7.2218E-01  1.0000E+00  1.0000E+01  0.0000E+00  9.7782E+03  0.0000E+00  0.0000E+00
  9.8000E+01  2.4000E+01  0.0000E+00  2.0000E+00  2.2000E+00  0.0000E+00  5.0598E-01  2.4179E+00  2.4179E+00  1.0000E+00  1.0000E+01  2.2000E+00  5.0598E-01  1.6940E+00  2.4179E+00
  9.9000E+01  0.0000E+00  2.8000E+05  2.0000E+00  0.0000E+00  1.0000E+00  9.7782E+03  0.0000E+00 -7.2218E-01  1.0000E+00  1.0000E+01  0.0000E+00  9.7782E+03  0.0000E+00  0.0000E+00
  9.9000E+01  2.4000E+01  0.0000E+00  2.0000E+00  9.0000E-01  0.0000E+00  5.0598E-01  5.6238E-01  5.6238E-01  1.0000E+00  1.0000E+01  9.0000E-01  5.0598E-01  3.9402E-01  5.6238E-01
  1.0300E+02  0.0000E+00  2.8000E+05  1.0000E+00  0.0000E+00  1.0000E+00  0.0000E+00  0.0000E+00  0.0000E+00  2.0000E+00  1.0000E+01  0.0000E+00  0.0000E+00  0.0000E+00  0.0000E+00
  1.0300E+02  0.0000E+00  0.0000E+00  2.0000E+00  0.0000E+00  0.0000E+00  0.0000E+00  0.0000E+00  0.0000E+00  2.0000E+00  1.0000E+01  0.0000E+00  0.0000E+00  0.0000E+00  0.0000E+00
  1.0300E+02  2.5000E-01  0.0000E+00  2.0000E+00  1.7200E+01  0.0000E+00  1.3381E+01  2.0610E-01  2.0610E-01  2.0000E+00  1.0000E+01  1.7200E+01  1.3381E+01  3.8188E+00  2.0610E-01
  1.0400E+02  0.0000E+00  2.8000E+05  1.0000E+00  0.0000E+00  1.0000E+00  0.0000E+00  0.0000E+00  0.0000E+00  2.0000E+00  1.0000E+01  0.0000E+00  0.0000E+00  0.0000E+00  0.0000E+00
  1.0400E+02  0.0000E+00  0.0000E+00  2.0000E+00  0.0000E+00  0.0000E+00  0.0000E+00  0.0000E+00  0.0000E+00  2.0000E+00  1.0000E+01  0.0000E+00  0.0000E+00  0.0000E+00  0.0000E+00
  1.0400E+02  2.5000E-01  0.0000E+00  2.0000E+00  1.2800E+01  0.0000E+00  1.3381E+01 -3.1368E-02 -3.1368E-02  2.0000E+00  1.0000E+01  1.2800E+01  1.3381E+01 -5.8121E-01 -3.1368E-02
  1.0500E+02  0.0000E+00  2.8000E+05  1.0000E+00  0.0000E+00  1.0000E+00  0.0000E+00  0.0000E+00  0.0000E+00  2.0000E+00  1.0000E+01  0.0000E+00  0.0000E+00  0.0000E+00  0.0000E+00
  1.0500E+02  0.0000E+00  0.0000E+00  2.0000E+00  0.0000E+00  0.0000E+00  0.0000E+00  0.0000E+00  0.0000E+00  2.0000E+00  1.0000E+01  0.0000E+00  0.0000E+00  0.0000E+00  0.0000E+00
  1.0500E+02  2.5000E-01  0.0000E+00  2.0000E+00  4.2300E+01  0.0000E+00  1.3381E+01  1.5607E+00  1.5607E+00  2.0000E+00  1.0000E+01  4.2300E+01  1.3381E+01  2.8919E+01  1.5607E+00
  1.0600E+02  0.0000E+00  2.8000E+05  1.0000E+00  0.0000E+00  1.0000E+00  0.0000E+00  0.0000E+00  0.0000E+00  2.0000E+00  1.0000E+01  0.0000E+00  0.0000E+00  0.0000E+00  0.0000E+00
  1.0600E+02  0.0000E+00  0.0000E+00  2.0000E+00  0.0000E+00  0.0000E+00  0.0000E+00  0.0000E+00  0.0000E+00  2.0000E+00  1.0000E+01  0.0000E+00  0.0000E+00  0.0000E+00  0.0000E+00
  1.0600E+02  5.0000E-01  0.0000E+00  2.0000E+00  8.7000E+00  0.0000E+00  1.4632E+01 -2.9278E-01 -2.9278E-01  2.0000E+00  1.0000E+01  8.7000E+00  1.4632E+01 -5.9319E+00 -2.9278E-01
  1.0700E+02  0.0000E+00  2.8000E+05  1.0000E+00  0.0000E+00  1.0000E+00  0.0000E+00  0.0000E+00  0.0000E+00  2.0000E+00  1.0000E+01  0.0000E+00  0.0000E+00  0.0000E+00  0.0000E+00
  1.0700E+02  0.0000E+00  0.0000E+00  2.0000E+00  0.0000E+00  0.0000E+00  0.0000E+00  0.0000E+00  0.0000E+00  2.0000E+00  1.0000E+01  0.0000E+00  0.0000E+00  0.0000E+00  0.0000E+00
  1.0700E+02  5.0000E-01  0.0000E+00  2.0000E+00  1.3400E+01  0.0000E+00  1.4632E+01 -6.0803E-02 -6.0803E-02  2.0000E+00  1.0000E+01  1.3400E+01  1.4632E+01 -1.2319E+00 -6.0803E-02
  1.0800E+02  0.0000E+00  2.8000E+05  1.0000E+00  0.0000E+00  1.0000E+00  0.0000E+00  0.0000E+00  0.0000E+00  2.0000E+00  1.0000E+01  0.0000E+00  0.0000E+00  0.0000E+00  0.0000E+00
  1.0800E+02  0.0000E+00  0.0000E+00  2.0000E+00  0.0000E+00  0.0000E+00  0.0000E+00  0.0000E+00  0.0000E+00  2.0000E+00  1.0000E+01  0.0000E+00  0.0000E+00  0.0000E+00  0.0000E+00
  1.0800E+02  5.0000E-01  0.0000E+00  2.0000E+00  1.2600E+01  0.0000E+00  1.4632E+01 -1.0029E-01 -1.0029E-01  2.0000E+00  1.0000E+01  1.2600E+01  1.4632E+01 -2.0319E+00 -1.0029E-01
  1.0900E+02  0.0000E+00  2.8000E+05  1.0000E+00  0.0000E+00  1.0000E+00  0.0000E+00  0.0000E+00  0.0000E+00  2.0000E+00  1.0000E+01  0.0000E+00  0.0000E+00  0.0000E+00  0.0000E+00
  1.0900E+02  0.0000E+00  0.0000E+00  2.0000E+00  0.0000E+00  0.0000E+00  0.0000E+00  0.0000E+00  0.0000E+00  2.0000E+00  1.0000E+01  0.0000E+00  0.0000E+00  0.0000E+00  0.0000E+00
  1.0900E+02  1.0000E+00  0.0000E+00  2.0000E+00  8.3000E+00  0.0000E+00  1.6618E+01 -3.6149E-01 -3.6149E-01  2.0000E+00  1.0000E+01  8.3000E+00  1.6618E+01 -8.3182E+00 -3.6149E-01
  1.1000E+02  0.0000E+00  2.8000E+05  1.0000E+00  0.0000E+00  1.0000E+00  0.0000E+00  0.0000E+00  0.0000E+00  2.0000E+00  1.0000E+01  0.0000E+00  0.0000E+00  0.0000E+00  0.0000E+00
  1.1000E+02  0.0000E+00  0.0000E+00  2.0000E+00  0.0000E+00  0.0000E+00  0.0000E+00  0.0000E+00  0.0000E+00  2.0000E+00  1.0000E+01  0.0000E+00  0.0000E+00  0.0000E+00  0.0000E+00
  1.1000E+02  1.0000E+00  0.0000E+00  2.0000E+00  5.6000E+00  0.0000E+00  1.6618E+01 -4.7882E-01 -4.7882E-01  2.0000E+00  1.0000E+01  5.6000E+00  1.6618E+01 -1.1018E+01 -4.7882E-01
  1.1100E+02  0.0000E+00  2.8000E+05  1.0000E+00  0.0000E+00  1.0000E+00  0.0000E+00  0.0000E+00  0.0000E+00  2.0000E+00  1.0000E+01  0.0000E+00  0.0000E+00  0.0000E+00  0.0000E+00
  1.1100E+02  0.0000E+00  0.0000E+00  2.0000E+00  0.0000E+00  0.0000E+00  0.0000E+00  0.0000E+00  0.0000E+00  2.0000E+00  1.0000E+01  0.0000E+00  0.0000E+00  0.0000E+00  0.0000E+00
  1.1100E+02  1.0000E+00  0.0000E+00  2.0000E+00  8.9000E+00  0.0000E+00  1.6618E+01 -3.3541E-01 -3.3541E-01  2.0000E+00  1.0000E+01  8.9000E+00  1.6618E+01 -7.7182E+00 -3.3541E-01
  1.1200E+02  0.0000E+00  2.8000E+05  1.0000E+00  0.0000E+00  1.0000E+00  0.0000E+00  0.0000E+00  0.0000E+00  2.0000E+00  1.0000E+01  0.0000E+00  0.0000E+00  0.0000E+00  0.0000E+00
  1.1200E+02  0.0000E+00  0.0000E+00  2.0000E+00  0.0000E+00  0.0000E+00  0.0000E+00  0.0000E+00  0.0000E+00  2.0000E+00  1.0000E+01  0.0000E+00  0.0000E+00  0.0000E+00  0.0000E+00
  1.1200E+02  2.0000E+00  0.0000E+00  2.0000E+00  2.5700E+01  0.0000E+00  1.8942E+01  2.5766E-01  2.5766E-01  2.0000E+00  1.0000E+01  2.5700E+01  1.8942E+01  6.7581E+00  2.5766E-01
  1.1300E+02  0.0000E+00  2.8000E+05  1.0000E+00  0.0000E+00  1.0000E+00  0.0000E+00  0.0000E+00  0.0000E+00  2.0000E+00  1.0000E+01  0.0000E+00  0.0000E+00  0.0000E+00  0.0000E+00
  1.1300E+02  0.0000E+00  0.0000E+00  2.0000E+00  0.0000E+00  0.0000E+00  0.0000E+00  0.0000E+00  0.0000E+00  2.0000E+00  1.0000E+01  0.0000E+00  0.0000E+00  0.0000E+00  0.0000E+00
  1.1300E+02  2.0000E+00  0.0000E+00  2.0000E+00  4.0000E-01  0.0000E+00  1.8942E+01 -7.0693E-01 -7.0693E-01  2.0000E+00  1.0000E+01  4.0000E-01  1.8942E+01 -1.8542E+01 -7.0693E-01
  1.1400E+02  0.0000E+00  2.8000E+05  1.0000E+00  0.0000E+00  1.0000E+00  0.0000E+00  0.0000E+00  0.0000E+00  2.0000E+00  1.0000E+01  0.0000E+00  0.0000E+00  0.0000E+00  0.0000E+00
  1.1400E+02  0.0000E+00  0.0000E+00  2.0000E+00  0.0000E+00  0.0000E+00  0.0000E+00  0.0000E+00  0.0000E+00  2.0000E+00  1.0000E+01  0.0000E+00  0.0000E+00  0.0000E+00  0.0000E+00
  1.1400E+02  2.0000E+00  0.0000E+00  2.0000E+00  2.4000E+01  0.0000E+00  1.8942E+01  1.9284E-01  1.9284E-01  2.0000E+00  1.0000E+01  2.4000E+01  1.8942E+01  5.0581E+00  1.9284E-01
  1.1500E+02  0.0000E+00  2.8000E+05  1.0000E+00  0.0000E+00  1.0000E+00  0.0000E+00  0.0000E+00  0.0000E+00  2.0000E+00  1.0000E+01  0.0000E+00  0.0000E+00  0.0000E+00  0.0000E+00
  1.1500E+02  0.0000E+00  0.0000E+00  2.0000E+00  0.0000E+00  0.0000E+00  0.0000E+00  0.0000E+00  0.0000E+00  2.0000E+00  1.0000E+01  0.0000E+00  0.0000E+00  0.0000E+00  0.0000E+00
  1.1500E+02  4.0000E+00  0.0000E+00  2.0000E+00  1.7000E+00  0.0000E+00  1.9353E+01 -6.5874E-01 -6.5874E-01  2.0000E+00  1.0000E+01  1.7000E+00  1.9353E+01 -1.7653E+01 -6.5874E-01
  1.1600E+02  0.0000E+00  2.8000E+05  1.0000E+00  0.0000E+00  1.0000E+00  0.0000E+00  0.0000E+00  0.0000E+00  2.0000E+00  1.0000E+01  0.0000E+00  0.0000E+00  0.0000E+00  0.0000E+00
  1.1600E+02  0.0000E+00  0.0000E+00  2.0000E+00  0.0000E+00  0.0000E+00  0.0000E+00  0.0000E+00  0.0000E+00  2.0000E+00  1.0000E+01  0.0000E+00  0.0000E+00  0.0000E+00  0.0000E+00
  1.1600E+02  4.0000E+00  0.0000E+00  2.0000E+00  9.0000E-01  0.0000E+00  1.9353E+01 -6.8860E-01 -6.8860E-01  2.0000E+00  1.0000E+01  9.0000E-01  1.9353E+01 -1.8453E+01 -6.8860E-01
  1.1700E+02  0.0000E+00  2.8000E+05  1.0000E+00  0.0000E+00  1.0000E+00  0.0000E+00  0.0000E+00  0.0000E+00  2.0000E+00  1.0000E+01  0.0000E+00  0.0000E+00  0.0000E+00  0.0000E+00
  1.1700E+02  0.0000E+00  0.0000E+00  2.0000E+00  0.0000E+00  0.0000E+00  0.0000E+00  0.0000E+00  0.0000E+00  2.0000E+00  1.0000E+01  0.0000E+00  0.0000E+00  0.0000E+00  0.0000E+00
  1.1700E+02  4.0000E+00  0.0000E+00  2.0000E+00  3.0000E-01  0.0000E+00  1.9353E+01 -7.1099E-01 -7.1099E-01  2.0000E+00  1.0000E+01  3.0000E-01  1.9353E+01 -1.9053E+01 -7.1099E-01
  1.1800E+02  0.0000E+00  2.8000E+05  1.0000E+00  0.0000E+00  1.0000E+00  0.0000E+00  0.0000E+00  0.0000E+00  2.0000E+00  1.0000E+01  0.0000E+00  0.0000E+00  0.0000E+00  0.0000E+00
  1.1800E+02  0.0000E+00  0.0000E+00  2.0000E+00  0.0000E+00  0.0000E+00  0.0000E+00  0.0000E+00  0.0000E+00  2.0000E+00  1.0000E+01  0.0000E+00  0.0000E+00  0.0000E+00  0.0000E+00
  1.1800E+02  6.0000E+00  0.0000E+00  2.0000E+00  9.0000E-01  0.0000E+00  1.7025E+01 -6.8400E-01 -6.8400E-01  2.0000E+00  1.0000E+01  9.0000E-01  1.7025E+01 -1.6125E+01 -6.8400E-01
  1.1900E+02  0.0000E+00  2.8000E+05  1.0000E+00  0.0000E+00  1.0000E+00  0.0000E+00  0.0000E+00  0.0000E+00  2.0000E+00  1.0000E+01  0.0000E+00  0.0000E+00  0.0000E+00  0.0000E+00
  1.1900E+02  0.0000E+00  0.0000E+00  2.0000E+00  0.0000E+00  0.0000E+00  0.0000E+00  0.0000E+00  0.0000E+00  2.0000E+00  1.0000E+01  0.0000E+00  0.0000E+00  0.0000E+00  0.0000E+00
  1.1900E+02  6.0000E+00  0.0000E+00  2.0000E+00  3.0000E+00  0.0000E+00  1.7025E+01 -5.9493E-01 -5.9493E-01  2.0000E+00  1.0000E+01  3.0000E+00  1.7025E+01 -1.4025E+01 -5.9493E-01
  1.2000E+02  0.0000E+00  2.8000E+05  1.0000E+00  0.0000E+00  1.0000E+00  0.0000E+00  0.0000E+00  0.0000E+00  2.0000E+00  1.0000E+01  0.0000E+00  0.0000E+00  0.0000E+00  0.0000E+00
  1.2000E+02  0.0000E+00  0.0000E+00  2.0000E+00  0.0000E+00  0.0000E+00  0.0000E+00  0.0000E+00  0.0000E+00  2.0000E+00  1.0000E+01  0.0000E+00  0.0000E+00  0.0000E+00  0.0000E+00
  1.2000E+02  6.0000E+00  0.0000E+00  2.0000E+00  3.8000E+00  0.0000E+00  1.7025E+01 -5.6099E-01 -5.6099E-01  2.0000E+00  1.0000E+01  3.8000E+00  1.7025E+01 -1.3225E+01 -5.6099E-01
  1.2100E+02  0.0000E+00  2.8000E+05  1.0000E+00  0.0000E+00  1.0000E+00  0.0000E+00  0.0000E+00  0.0000E+00  2.0000E+00  1.0000E+01  0.0000E+00  0.0000E+00  0.0000E+00  0.0000E+00
  1.2100E+02  0.0000E+00  0.0000E+00  2.0000E+00  0.0000E+00  0.0000E+00  0.0000E+00  0.0000E+00  0.0000E+00  2.0000E+00  1.0000E+01  0.0000E+00  0.0000E+00  0.0000E+00  0.0000E+00
  1.2100E+02  8.0000E+00  0.0000E+00  2.0000E+00  8.0000E-01  0.0000E+00  1.3880E+01 -6.8056E-01 -6.8056E-01  2.0000E+00  1.0000E+01  8.0000E-01  1.3880E+01 -1.3080E+01 -6.8056E-01
  1.2200E+02  0.0000E+00  2.8000E+05  1.0000E+00  0.0000E+00  1.0000E+00  0.0000E+00  0.0000E+00  0.0000E+00  2.0000E+00  1.0000E+01  0.0000E+00  0.0000E+00  0.0000E+00  0.0000E+00
  1.2200E+02  0.0000E+00  0.0000E+00  2.0000E+00  0.0000E+00  0.0000E+00  0.0000E+00  0.0000E+00  0.0000E+00  2.0000E+00  1.0000E+01  0.0000E+00  0.0000E+00  0.0000E+00  0.0000E+00
  1.2200E+02  8.0000E+00  0.0000E+00  2.0000E+00  1.2000E+00  0.0000E+00  1.3880E+01 -6.5974E-01 -6.5974E-01  2.0000E+00  1.0000E+01  1.2000E+00  1.3880E+01 -1.2680E+01 -6.5974E-01
  1.2300E+02  0.0000E+00  2.8000E+05  1.0000E+00  0.0000E+00  1.0000E+00  0.0000E+00  0.0000E+00  0.0000E+00  2.0000E+00  1.0000E+01  0.0000E+00  0.0000E+00  0.0000E+00  0.0000E+00
  1.2300E+02  0.0000E+00  0.0000E+00  2.0000E+00  0.0000E+00  0.0000E+00  0.0000E+00  0.0000E+00  0.0000E+00  2.0000E+00  1.0000E+01  0.0000E+00  0.0000E+00  0.0000E+00  0.0000E+00
  1.2300E+02  8.0000E+00  0.0000E+00  2.0000E+00  9.0000E-01  0.0000E+00  1.3880E+01 -6.7535E-01 -6.7535E-01  2.0000E+00  1.0000E+01  9.0000E-01  1.3880E+01 -1.2980E+01 -6.7535E-01
  1.2400E+02  0.0000E+00  2.8000E+05  1.0000E+00  0.0000E+00  1.0000E+00  0.0000E+00  0.0000E+00  0.0000E+00  2.0000E+00  1.0000E+01  0.0000E+00  0.0000E+00  0.0000E+00  0.0000E+00
  1.2400E+02  0.0000E+00  0.0000E+00  2.0000E+00  0.0000E+00  0.0000E+00  0.0000E+00  0.0000E+00  0.0000E+00  2.0000E+00  1.0000E+01  0.0000E+00  0.0000E+00  0.0000E+00  0.0000E+00
  1.2400E+02  1.2000E+01  0.0000E+00  2.0000E+00  2.8000E+00  0.0000E+00  8.1597E+00 -4.7436E-01 -4.7436E-01  2.0000E+00  1.0000E+01  2.8000E+00  8.1597E+00 -5.3597E+00 -4.7436E-01
  1.2500E+02  0.0000E+00  2.8000E+05  1.0000E+00  0.0000E+00  1.0000E+00  0.0000E+00  0.0000E+00  0.0000E+00  2.0000E+00  1.0000E+01  0.0000E+00  0.0000E+00  0.0000E+00  0.0000E+00
  1.2500E+02  0.0000E+00  0.0000E+00  2.0000E+00  0.0000E+00  0.0000E+00  0.0000E+00  0.0000E+00  0.0000E+00  2.0000E+00  1.0000E+01  0.0000E+00  0.0000E+00  0.0000E+00  0.0000E+00
  1.2500E+02  1.2000E+01  0.0000E+00  2.0000E+00  5.6200E+01  0.0000E+00  8.1597E+00  4.2519E+00  4.2519E+00  2.0000E+00  1.0000E+01  5.6200E+01  8.1597E+00  4.8040E+01  4.2519E+00
  1.2600E+02  0.0000E+00  2.8000E+05  1.0000E+00  0.0000E+00  1.0000E+00  0.0000E+00  0.0000E+00  0.0000E+00  2.0000E+00  1.0000E+01  0.0000E+00  0.0000E+00  0.0000E+00  0.0000E+00
  1.2600E+02  0.0000E+00  0.0000E+00  2.0000E+00  0.0000E+00  0.0000E+00  0.0000E+00  0.0000E+00  0.0000E+00  2.0000E+00  1.0000E+01  0.0000E+00  0.0000E+00  0.0000E+00  0.0000E+00
  1.2600E+02  1.2000E+01  0.0000E+00  2.0000E+00  8.0000E-01  0.0000E+00  8.1597E+00 -6.5138E-01 -6.5138E-01  2.0000E+00  1.0000E+01  8.0000E-01  8.1597E+00 -7.3597E+00 -6.5138E-01
  1.2700E+02  0.0000E+00  2.8000E+05  1.0000E+00  0.0000E+00  1.0000E+00  0.0000E+00  0.0000E+00  0.0000E+00  2.0000E+00  1.0000E+01  0.0000E+00  0.0000E+00  0.0000E+00  0.0000E+00
  1.2700E+02  0.0000E+00  0.0000E+00  2.0000E+00  0.0000E+00  0.0000E+00  0.0000E+00  0.0000E+00  0.0000E+00  2.0000E+00  1.0000E+01  0.0000E+00  0.0000E+00  0.0000E+00  0.0000E+00
  1.2700E+02  2.4000E+01  0.0000E+00  2.0000E+00  3.9000E+00  0.0000E+00  1.1030E+00  1.8314E+00  1.8314E+00  2.0000E+00  1.0000E+01  3.9000E+00  1.1030E+00  2.7970E+00  1.8314E+00
  1.2800E+02  0.0000E+00  2.8000E+05  1.0000E+00  0.0000E+00  1.0000E+00  0.0000E+00  0.0000E+00  0.0000E+00  2.0000E+00  1.0000E+01  0.0000E+00  0.0000E+00  0.0000E+00  0.0000E+00
  1.2800E+02  0.0000E+00  0.0000E+00  2.0000E+00  0.0000E+00  0.0000E+00  0.0000E+00  0.0000E+00  0.0000E+00  2.0000E+00  1.0000E+01  0.0000E+00  0.0000E+00  0.0000E+00  0.0000E+00
  1.2800E+02  2.4000E+01  0.0000E+00  2.0000E+00  4.0000E-01  0.0000E+00  1.1030E+00 -4.6027E-01 -4.6027E-01  2.0000E+00  1.0000E+01  4.0000E-01  1.1030E+00 -7.0296E-01 -4.6027E-01
  1.2900E+02  0.0000E+00  2.8000E+05  1.0000E+00  0.0000E+00  1.0000E+00  0.0000E+00  0.0000E+00  0.0000E+00  2.0000E+00  1.0000E+01  0.0000E+00  0.0000E+00  0.0000E+00  0.0000E+00
  1.2900E+02  0.0000E+00  0.0000E+00  2.0000E+00  0.0000E+00  0.0000E+00  0.0000E+00  0.0000E+00  0.0000E+00  2.0000E+00  1.0000E+01  0.0000E+00  0.0000E+00  0.0000E+00  0.0000E+00
  1.2900E+02  2.4000E+01  0.0000E+00  2.0000E+00  1.4000E+00  0.0000E+00  1.1030E+00  1.9449E-01  1.9449E-01  2.0000E+00  1.0000E+01  1.4000E+00  1.1030E+00  2.9704E-01  1.9449E-01
  1.3300E+02  0.0000E+00  7.0000E+05  1.0000E+00  0.0000E+00  1.0000E+00  0.0000E+00  0.0000E+00  0.0000E+00  2.0000E+00  2.5000E+01  0.0000E+00  0.0000E+00  0.0000E+00  0.0000E+00
  1.3300E+02  0.0000E+00  0.0000E+00  2.0000E+00  0.0000E+00  0.0000E+00  0.0000E+00  0.0000E+00  0.0000E+00  2.0000E+00  2.5000E+01  0.0000E+00  0.0000E+00  0.0000E+00  0.0000E+00
  1.3300E+02  2.5000E-01  0.0000E+00  2.0000E+00  7.9800E+01  0.0000E+00  3.3453E+01  1.0005E+00  1.0005E+00  2.0000E+00  2.5000E+01  7.9800E+01  3.3453E+01  4.6347E+01  1.0005E+00
  1.3400E+02  0.0000E+00  7.0000E+05  1.0000E+00  0.0000E+00  1.0000E+00  0.0000E+00  0.0000E+00  0.0000E+00  2.0000E+00  2.5000E+01  0.0000E+00  0.0000E+00  0.0000E+00  0.0000E+00
  1.3400E+02  0.0000E+00  0.0000E+00  2.0000E+00  0.0000E+00  0.0000E+00  0.0000E+00  0.0000E+00  0.0000E+00  2.0000E+00  2.5000E+01  0.0000E+00  0.0000E+00  0.0000E+00  0.0000E+00
  1.3400E+02  2.5000E-01  0.0000E+00  2.0000E+00  6.8500E+01  0.0000E+00  3.3453E+01  7.5659E-01  7.5659E-01  2.0000E+00  2.5000E+01  6.8500E+01  3.3453E+01  3.5047E+01  7.5659E-01
  1.3500E+02  0.0000E+00  7.0000E+05  1.0000E+00  0.0000E+00  1.0000E+00  0.0000E+00  0.0000E+00  0.0000E+00  2.0000E+00  2.5000E+01  0.0000E+00  0.0000E+00  0.0000E+00  0.0000E+00
  1.3500E+02  0.0000E+00  0.0000E+00  2.0000E+00  0.0000E+00  0.0000E+00  0.0000E+00  0.0000E+00  0.0000E+00  2.0000E+00  2.5000E+01  0.0000E+00  0.0000E+00  0.0000E+00  0.0000E+00
  1.3500E+02  2.5000E-01  0.0000E+00  2.0000E+00  6.8200E+01  0.0000E+00  3.3453E+01  7.5012E-01  7.5012E-01  2.0000E+00  2.5000E+01  6.8200E+01  3.3453E+01  3.4747E+01  7.5012E-01
  1.3600E+02  0.0000E+00  7.0000E+05  1.0000E+00  0.0000E+00  1.0000E+00  0.0000E+00  0.0000E+00  0.0000E+00  2.0000E+00  2.5000E+01  0.0000E+00  0.0000E+00  0.0000E+00  0.0000E+00
  1.3600E+02  0.0000E+00  0.0000E+00  2.0000E+00  0.0000E+00  0.0000E+00  0.0000E+00  0.0000E+00  0.0000E+00  2.0000E+00  2.5000E+01  0.0000E+00  0.0000E+00  0.0000E+00  0.0000E+00
  1.3600E+02  5.0000E-01  0.0000E+00  2.0000E+00  5.1000E+01  0.0000E+00  3.6580E+01  2.8469E-01  2.8469E-01  2.0000E+00  2.5000E+01  5.1000E+01  3.6580E+01  1.4420E+01  2.8469E-01
  1.3700E+02  0.0000E+00  7.0000E+05  1.0000E+00  0.0000E+00  1.0000E+00  0.0000E+00  0.0000E+00  0.0000E+00  2.0000E+00  2.5000E+01  0.0000E+00  0.0000E+00  0.0000E+00  0.0000E+00
  1.3700E+02  0.0000E+00  0.0000E+00  2.0000E+00  0.0000E+00  0.0000E+00  0.0000E+00  0.0000E+00  0.0000E+00  2.0000E+00  2.5000E+01  0.0000E+00  0.0000E+00  0.0000E+00  0.0000E+00
  1.3700E+02  5.0000E-01  0.0000E+00  2.0000E+00  3.3700E+01  0.0000E+00  3.6580E+01 -5.6855E-02 -5.6855E-02  2.0000E+00  2.5000E+01  3.3700E+01  3.6580E+01 -2.8798E+00 -5.6855E-02
  1.3800E+02  0.0000E+00  7.0000E+05  1.0000E+00  0.0000E+00  1.0000E+00  0.0000E+00  0.0000E+00  0.0000E+00  2.0000E+00  2.5000E+01  0.0000E+00  0.0000E+00  0.0000E+00  0.0000E+00
  1.3800E+02  0.0000E+00  0.0000E+00  2.0000E+00  0.0000E+00  0.0000E+00  0.0000E+00  0.0000E+00  0.0000E+00  2.0000E+00  2.5000E+01  0.0000E+00  0.0000E+00  0.0000E+00  0.0000E+00
  1.3800E+02  5.0000E-01  0.0000E+00  2.0000E+00  4.6000E+00  0.0000E+00  3.6580E+01 -6.3137E-01 -6.3137E-01  2.0000E+00  2.5000E+01  4.6000E+00  3.6580E+01 -3.1980E+01 -6.3137E-01
  1.3900E+02  0.0000E+00  7.0000E+05  1.0000E+00  0.0000E+00  1.0000E+00  0.0000E+00  0.0000E+00  0.0000E+00  2.0000E+00  2.5000E+01  0.0000E+00  0.0000E+00  0.0000E+00  0.0000E+00
  1.3900E+02  0.0000E+00  0.0000E+00  2.0000E+00  0.0000E+00  0.0000E+00  0.0000E+00  0.0000E+00  0.0000E+00  2.0000E+00  2.5000E+01  0.0000E+00  0.0000E+00  0.0000E+00  0.0000E+00
  1.3900E+02  1.0000E+00  0.0000E+00  2.0000E+00  1.1480E+02  0.0000E+00  4.1546E+01  1.2734E+00  1.2734E+00  2.0000E+00  2.5000E+01  1.1480E+02  4.1546E+01  7.3254E+01  1.2734E+00
  1.4000E+02  0.0000E+00  7.0000E+05  1.0000E+00  0.0000E+00  1.0000E+00  0.0000E+00  0.0000E+00  0.0000E+00  2.0000E+00  2.5000E+01  0.0000E+00  0.0000E+00  0.0000E+00  0.0000E+00
  1.4000E+02  0.0000E+00  0.0000E+00  2.0000E+00  0.0000E+00  0.0000E+00  0.0000E+00  0.0000E+00  0.0000E+00  2.0000E+00  2.5000E+01  0.0000E+00  0.0000E+00  0.0000E+00  0.0000E+00
  1.4000E+02  1.0000E+00  0.0000E+00  2.0000E+00  1.7800E+01  0.0000E+00  4.1546E+01 -4.1277E-01 -4.1277E-01  2.0000E+00  2.5000E+01  1.7800E+01  4.1546E+01 -2.3746E+01 -4.1277E-01
  1.4100E+02  0.0000E+00  7.0000E+05  1.0000E+00  0.0000E+00  1.0000E+00  0.0000E+00  0.0000E+00  0.0000E+00  2.0000E+00  2.5000E+01  0.0000E+00  0.0000E+00  0.0000E+00  0.0000E+00
  1.4100E+02  0.0000E+00  0.0000E+00  2.0000E+00  0.0000E+00  0.0000E+00  0.0000E+00  0.0000E+00  0.0000E+00  2.0000E+00  2.5000E+01  0.0000E+00  0.0000E+00  0.0000E+00  0.0000E+00
  1.4100E+02  1.0000E+00  0.0000E+00  2.0000E+00  3.2700E+01  0.0000E+00  4.1546E+01 -1.5376E-01 -1.5376E-01  2.0000E+00  2.5000E+01  3.2700E+01  4.1546E+01 -8.8456E+00 -1.5376E-01
  1.4200E+02  0.0000E+00  7.0000E+05  1.0000E+00  0.0000E+00  1.0000E+00  0.0000E+00  0.0000E+00  0.0000E+00  2.0000E+00  2.5000E+01  0.0000E+00  0.0000E+00  0.0000E+00  0.0000E+00
  1.4200E+02  0.0000E+00  0.0000E+00  2.0000E+00  0.0000E+00  0.0000E+00  0.0000E+00  0.0000E+00  0.0000E+00  2.0000E+00  2.5000E+01  0.0000E+00  0.0000E+00  0.0000E+00  0.0000E+00
  1.4200E+02  2.0000E+00  0.0000E+00  2.0000E+00  3.6000E+00  0.0000E+00  4.7355E+01 -6.6728E-01 -6.6728E-01  2.0000E+00  2.5000E+01  3.6000E+00  4.7355E+01 -4.3755E+01 -6.6728E-01
  1.4300E+02  0.0000E+00  7.0000E+05  1.0000E+00  0.0000E+00  1.0000E+00  0.0000E+00  0.0000E+00  0.0000E+00  2.0000E+00  2.5000E+01  0.0000E+00  0.0000E+00  0.0000E+00  0.0000E+00
  1.4300E+02  0.0000E+00  0.0000E+00  2.0000E+00  0.0000E+00  0.0000E+00  0.0000E+00  0.0000E+00  0.0000E+00  2.0000E+00  2.5000E+01  0.0000E+00  0.0000E+00  0.0000E+00  0.0000E+00
  1.4300E+02  2.0000E+00  0.0000E+00  2.0000E+00  7.2600E+01  0.0000E+00  4.7355E+01  3.8500E-01  3.8500E-01  2.0000E+00  2.5000E+01  7.2600E+01  4.7355E+01  2.5245E+01  3.8500E-01
  1.4400E+02  0.0000E+00  7.0000E+05  1.0000E+00  0.0000E+00  1.0000E+00  0.0000E+00  0.0000E+00  0.0000E+00  2.0000E+00  2.5000E+01  0.0000E+00  0.0000E+00  0.0000E+00  0.0000E+00
  1.4400E+02  0.0000E+00  0.0000E+00  2.0000E+00  0.0000E+00  0.0000E+00  0.0000E+00  0.0000E+00  0.0000E+00  2.0000E+00  2.5000E+01  0.0000E+00  0.0000E+00  0.0000E+00  0.0000E+00
  1.4400E+02  2.0000E+00  0.0000E+00  2.0000E+00  2.2000E+00  0.0000E+00  4.7355E+01 -6.8863E-01 -6.8863E-01  2.0000E+00  2.5000E+01  2.2000E+00  4.7355E+01 -4.5155E+01 -6.8863E-01
  1.4500E+02  0.0000E+00  7.0000E+05  1.0000E+00  0.0000E+00  1.0000E+00  0.0000E+00  0.0000E+00  0.0000E+00  2.0000E+00  2.5000E+01  0.0000E+00  0.0000E+00  0.0000E+00  0.0000E+00
  1.4500E+02  0.0000E+00  0.0000E+00  2.0000E+00  0.0000E+00  0.0000E+00  0.0000E+00  0.0000E+00  0.0000E+00  2.0000E+00  2.5000E+01  0.0000E+00  0.0000E+00  0.0000E+00  0.0000E+00
  1.4500E+02  4.0000E+00  0.0000E+00  2.0000E+00  2.5000E+00  0.0000E+00  4.8383E+01 -6.8487E-01 -6.8487E-01  2.0000E+00  2.5000E+01  2.5000E+00  4.8383E+01 -4.5883E+01 -6.8487E-01
  1.4600E+02  0.0000E+00  7.0000E+05  1.0000E+00  0.0000E+00  1.0000E+00  0.0000E+00  0.0000E+00  0.0000E+00  2.0000E+00  2.5000E+01  0.0000E+00  0.0000E+00  0.0000E+00  0.0000E+00
  1.4600E+02  0.0000E+00  0.0000E+00  2.0000E+00  0.0000E+00  0.0000E+00  0.0000E+00  0.0000E+00  0.0000E+00  2.0000E+00  2.5000E+01  0.0000E+00  0.0000E+00  0.0000E+00  0.0000E+00
  1.4600E+02  4.0000E+00  0.0000E+00  2.0000E+00  1.4400E+01  0.0000E+00  4.8383E+01 -5.0724E-01 -5.0724E-01  2.0000E+00  2.5000E+01  1.4400E+01  4.8383E+01 -3.3983E+01 -5.0724E-01
  1.4700E+02  0.0000E+00  7.0000E+05  1.0000E+00  0.0000E+00  1.0000E+00  0.0000E+00  0.0000E+00  0.0000E+00  2.0000E+00  2.5000E+01  0.0000E+00  0.0000E+00  0.0000E+00  0.0000E+00
  1.4700E+02  0.0000E+00  0.0000E+00  2.0000E+00  0.0000E+00  0.0000E+00  0.0000E+00  0.0000E+00  0.0000E+00  2.0000E+00  2.5000E+01  0.0000E+00  0.0000E+00  0.0000E+00  0.0000E+00
  1.4700E+02  4.0000E+00  0.0000E+00  2.0000E+00  2.3000E+00  0.0000E+00  4.8383E+01 -6.8785E-01 -6.8785E-01  2.0000E+00  2.5000E+01  2.3000E+00  4.8383E+01 -4.6083E+01 -6.8785E-01
  1.4800E+02  0.0000E+00  7.0000E+05  1.0000E+00  0.0000E+00  1.0000E+00  0.0000E+00  0.0000E+00  0.0000E+00  2.0000E+00  2.5000E+01  0.0000E+00  0.0000E+00  0.0000E+00  0.0000E+00
  1.4800E+02  0.0000E+00  0.0000E+00  2.0000E+00  0.0000E+00  0.0000E+00  0.0000E+00  0.0000E+00  0.0000E+00  2.0000E+00  2.5000E+01  0.0000E+00  0.0000E+00  0.0000E+00  0.0000E+00
  1.4800E+02  6.0000E+00  0.0000E+00  2.0000E+00  1.1000E+00  0.0000E+00  4.2563E+01 -7.0352E-01 -7.0352E-01  2.0000E+00  2.5000E+01  1.1000E+00  4.2563E+01 -4.1463E+01 -7.0352E-01
  1.4900E+02  0.0000E+00  7.0000E+05  1.0000E+00  0.0000E+00  1.0000E+00  0.0000E+00  0.0000E+00  0.0000E+00  2.0000E+00  2.5000E+01  0.0000E+00  0.0000E+00  0.0000E+00  0.0000E+00
  1.4900E+02  0.0000E+00  0.0000E+00  2.0000E+00  0.0000E+00  0.0000E+00  0.0000E+00  0.0000E+00  0.0000E+00  2.0000E+00  2.5000E+01  0.0000E+00  0.0000E+00  0.0000E+00  0.0000E+00
  1.4900E+02  6.0000E+00  0.0000E+00  2.0000E+00  4.8000E+00  0.0000E+00  4.2563E+01 -6.4074E-01 -6.4074E-01  2.0000E+00  2.5000E+01  4.8000E+00  4.2563E+01 -3.7763E+01 -6.4074E-01
  1.5000E+02  0.0000E+00  7.0000E+05  1.0000E+00  0.0000E+00  1.0000E+00  0.0000E+00  0.0000E+00  0.0000E+00  2.0000E+00  2.5000E+01  0.0000E+00  0.0000E+00  0.0000E+00  0.0000E+00
  1.5000E+02  0.0000E+00  0.0000E+00  2.0000E+00  0.0000E+00  0.0000E+00  0.0000E+00  0.0000E+00  0.0000E+00  2.0000E+00  2.5000E+01  0.0000E+00  0.0000E+00  0.0000E+00  0.0000E+00
  1.5000E+02  6.0000E+00  0.0000E+00  2.0000E+00  5.9000E+00  0.0000E+00  4.2563E+01 -6.2207E-01 -6.2207E-01  2.0000E+00  2.5000E+01  5.9000E+00  4.2563E+01 -3.6663E+01 -6.2207E-01
  1.5100E+02  0.0000E+00  7.0000E+05  1.0000E+00  0.0000E+00  1.0000E+00  0.0000E+00  0.0000E+00  0.0000E+00  2.0000E+00  2.5000E+01  0.0000E+00  0.0000E+00  0.0000E+00  0.0000E+00
  1.5100E+02  0.0000E+00  0.0000E+00  2.0000E+00  0.0000E+00  0.0000E+00  0.0000E+00  0.0000E+00  0.0000E+00  2.0000E+00  2.5000E+01  0.0000E+00  0.0000E+00  0.0000E+00  0.0000E+00
  1.5100E+02  8.0000E+00  0.0000E+00  2.0000E+00  7.0000E-01  0.0000E+00  3.4699E+01 -7.0761E-01 -7.0761E-01  2.0000E+00  2.5000E+01  7.0000E-01  3.4699E+01 -3.3999E+01 -7.0761E-01
  1.5200E+02  0.0000E+00  7.0000E+05  1.0000E+00  0.0000E+00  1.0000E+00  0.0000E+00  0.0000E+00  0.0000E+00  2.0000E+00  2.5000E+01  0.0000E+00  0.0000E+00  0.0000E+00  0.0000E+00
  1.5200E+02  0.0000E+00  0.0000E+00  2.0000E+00  0.0000E+00  0.0000E+00  0.0000E+00  0.0000E+00  0.0000E+00  2.0000E+00  2.5000E+01  0.0000E+00  0.0000E+00  0.0000E+00  0.0000E+00
  1.5200E+02  8.0000E+00  0.0000E+00  2.0000E+00  7.0000E-01  0.0000E+00  3.4699E+01 -7.0761E-01 -7.0761E-01  2.0000E+00  2.5000E+01  7.0000E-01  3.4699E+01 -3.3999E+01 -7.0761E-01
  1.5300E+02  0.0000E+00  7.0000E+05  1.0000E+00  0.0000E+00  1.0000E+00  0.0000E+00  0.0000E+00  0.0000E+00  2.0000E+00  2.5000E+01  0.0000E+00  0.0000E+00  0.0000E+00  0.0000E+00
  1.5300E+02  0.0000E+00  0.0000E+00  2.0000E+00  0.0000E+00  0.0000E+00  0.0000E+00  0.0000E+00  0.0000E+00  2.0000E+00  2.5000E+01  0.0000E+00  0.0000E+00  0.0000E+00  0.0000E+00
  1.5300E+02  8.0000E+00  0.0000E+00  2.0000E+00  1.3000E+00  0.0000E+00  3.4699E+01 -6.9512E-01 -6.9512E-01  2.0000E+00  2.5000E+01  1.3000E+00  3.4699E+01 -3.3399E+01 -6.9512E-01
  1.5400E+02  0.0000E+00  7.0000E+05  1.0000E+00  0.0000E+00  1.0000E+00  0.0000E+00  0.0000E+00  0.0000E+00  2.0000E+00  2.5000E+01  0.0000E+00  0.0000E+00  0.0000E+00  0.0000E+00
  1.5400E+02  0.0000E+00  0.0000E+00  2.0000E+00  0.0000E+00  0.0000E+00  0.0000E+00  0.0000E+00  0.0000E+00  2.0000E+00  2.5000E+01  0.0000E+00  0.0000E+00  0.0000E+00  0.0000E+00
  1.5400E+02  1.2000E+01  0.0000E+00  2.0000E+00  3.0000E-01  0.0000E+00  2.0399E+01 -7.1156E-01 -7.1156E-01  2.0000E+00  2.5000E+01  3.0000E-01  2.0399E+01 -2.0099E+01 -7.1156E-01
  1.5500E+02  0.0000E+00  7.0000E+05  1.0000E+00  0.0000E+00  1.0000E+00  0.0000E+00  0.0000E+00  0.0000E+00  2.0000E+00  2.5000E+01  0.0000E+00  0.0000E+00  0.0000E+00  0.0000E+00
  1.5500E+02  0.0000E+00  0.0000E+00  2.0000E+00  0.0000E+00  0.0000E+00  0.0000E+00  0.0000E+00  0.0000E+00  2.0000E+00  2.5000E+01  0.0000E+00  0.0000E+00  0.0000E+00  0.0000E+00
  1.5500E+02  1.2000E+01  0.0000E+00  2.0000E+00  9.9000E+00  0.0000E+00  2.0399E+01 -3.7170E-01 -3.7170E-01  2.0000E+00  2.5000E+01  9.9000E+00  2.0399E+01 -1.0499E+01 -3.7170E-01
  1.5600E+02  0.0000E+00  7.0000E+05  1.0000E+00  0.0000E+00  1.0000E+00  0.0000E+00  0.0000E+00  0.0000E+00  2.0000E+00  2.5000E+01  0.0000E+00  0.0000E+00  0.0000E+00  0.0000E+00
  1.5600E+02  0.0000E+00  0.0000E+00  2.0000E+00  0.0000E+00  0.0000E+00  0.0000E+00  0.0000E+00  0.0000E+00  2.0000E+00  2.5000E+01  0.0000E+00  0.0000E+00  0.0000E+00  0.0000E+00
  1.5600E+02  1.2000E+01  0.0000E+00  2.0000E+00  2.0190E+02  0.0000E+00  2.0399E+01  6.4256E+00  6.4256E+00  2.0000E+00  2.5000E+01  2.0190E+02  2.0399E+01  1.8150E+02  6.4256E+00
  1.5700E+02  0.0000E+00  7.0000E+05  1.0000E+00  0.0000E+00  1.0000E+00  0.0000E+00  0.0000E+00  0.0000E+00  2.0000E+00  2.5000E+01  0.0000E+00  0.0000E+00  0.0000E+00  0.0000E+00
  1.5700E+02  0.0000E+00  0.0000E+00  2.0000E+00  0.0000E+00  0.0000E+00  0.0000E+00  0.0000E+00  0.0000E+00  2.0000E+00  2.5000E+01  0.0000E+00  0.0000E+00  0.0000E+00  0.0000E+00
  1.5700E+02  2.4000E+01  0.0000E+00  2.0000E+00  1.5000E+00  0.0000E+00  2.7574E+00 -3.2932E-01 -3.2932E-01  2.0000E+00  2.5000E+01  1.5000E+00  2.7574E+00 -1.2574E+00 -3.2932E-01
  1.5800E+02  0.0000E+00  7.0000E+05  1.0000E+00  0.0000E+00  1.0000E+00  0.0000E+00  0.0000E+00  0.0000E+00  2.0000E+00  2.5000E+01  0.0000E+00  0.0000E+00  0.0000E+00  0.0000E+00
  1.5800E+02  0.0000E+00  0.0000E+00  2.0000E+00  0.0000E+00  0.0000E+00  0.0000E+00  0.0000E+00  0.0000E+00  2.0000E+00  2.5000E+01  0.0000E+00  0.0000E+00  0.0000E+00  0.0000E+00
  1.5800E+02  2.4000E+01  0.0000E+00  2.0000E+00  8.0000E-01  0.0000E+00  2.7574E+00 -5.1266E-01 -5.1266E-01  2.0000E+00  2.5000E+01  8.0000E-01  2.7574E+00 -1.9574E+00 -5.1266E-01
  1.5900E+02  0.0000E+00  7.0000E+05  1.0000E+00  0.0000E+00  1.0000E+00  0.0000E+00  0.0000E+00  0.0000E+00  2.0000E+00  2.5000E+01  0.0000E+00  0.0000E+00  0.0000E+00  0.0000E+00
  1.5900E+02  0.0000E+00  0.0000E+00  2.0000E+00  0.0000E+00  0.0000E+00  0.0000E+00  0.0000E+00  0.0000E+00  2.0000E+00  2.5000E+01  0.0000E+00  0.0000E+00  0.0000E+00  0.0000E+00
  1.5900E+02  2.4000E+01  0.0000E+00  2.0000E+00  1.7000E+00  0.0000E+00  2.7574E+00 -2.7694E-01 -2.7694E-01  2.0000E+00  2.5000E+01  1.7000E+00  2.7574E+00 -1.0574E+00 -2.7694E-01
  1.6000E+02  0.0000E+00  1.4000E+06  1.0000E+00  0.0000E+00  1.0000E+00  0.0000E+00  0.0000E+00  0.0000E+00  2.0000E+00  5.0000E+01  0.0000E+00  0.0000E+00  0.0000E+00  0.0000E+00
  1.6000E+02  0.0000E+00  0.0000E+00  2.0000E+00  0.0000E+00  0.0000E+00  0.0000E+00  0.0000E+00  0.0000E+00  2.0000E+00  5.0000E+01  0.0000E+00  0.0000E+00  0.0000E+00  0.0000E+00
  1.6000E+02  2.5000E-01  0.0000E+00  2.0000E+00  5.6800E+01  0.0000E+00  6.6906E+01 -1.0908E-01 -1.0908E-01  2.0000E+00  5.0000E+01  5.6800E+01  6.6906E+01 -1.0106E+01 -1.0908E-01
  1.6100E+02  0.0000E+00  1.4000E+06  1.0000E+00  0.0000E+00  1.0000E+00  0.0000E+00  0.0000E+00  0.0000E+00  2.0000E+00  5.0000E+01  0.0000E+00  0.0000E+00  0.0000E+00  0.0000E+00
  1.6100E+02  0.0000E+00  0.0000E+00  2.0000E+00  0.0000E+00  0.0000E+00  0.0000E+00  0.0000E+00  0.0000E+00  2.0000E+00  5.0000E+01  0.0000E+00  0.0000E+00  0.0000E+00  0.0000E+00
  1.6100E+02  5.0000E-01  0.0000E+00  2.0000E+00  3.0300E+01  0.0000E+00  7.3160E+01 -4.2308E-01 -4.2308E-01  2.0000E+00  5.0000E+01  3.0300E+01  7.3160E+01 -4.2860E+01 -4.2308E-01
  1.6200E+02  0.0000E+00  1.4000E+06  1.0000E+00  0.0000E+00  1.0000E+00  0.0000E+00  0.0000E+00  0.0000E+00  2.0000E+00  5.0000E+01  0.0000E+00  0.0000E+00  0.0000E+00  0.0000E+00
  1.6200E+02  0.0000E+00  0.0000E+00  2.0000E+00  0.0000E+00  0.0000E+00  0.0000E+00  0.0000E+00  0.0000E+00  2.0000E+00  5.0000E+01  0.0000E+00  0.0000E+00  0.0000E+00  0.0000E+00
  1.6200E+02  1.0000E+00  0.0000E+00  2.0000E+00  3.0900E+01  0.0000E+00  8.3091E+01 -4.5362E-01 -4.5362E-01  2.0000E+00  5.0000E+01  3.0900E+01  8.3091E+01 -5.2191E+01 -4.5362E-01
  1.6300E+02  0.0000E+00  1.4000E+06  1.0000E+00  0.0000E+00  1.0000E+00  0.0000E+00  0.0000E+00  0.0000E+00  2.0000E+00  5.0000E+01  0.0000E+00  0.0000E+00  0.0000E+00  0.0000E+00
  1.6300E+02  0.0000E+00  0.0000E+00  2.0000E+00  0.0000E+00  0.0000E+00  0.0000E+00  0.0000E+00  0.0000E+00  2.0000E+00  5.0000E+01  0.0000E+00  0.0000E+00  0.0000E+00  0.0000E+00
  1.6300E+02  2.0000E+00  0.0000E+00  2.0000E+00  1.5800E+01  0.0000E+00  9.4710E+01 -6.0170E-01 -6.0170E-01  2.0000E+00  5.0000E+01  1.5800E+01  9.4710E+01 -7.8910E+01 -6.0170E-01
  1.6400E+02  0.0000E+00  1.4000E+06  1.0000E+00  0.0000E+00  1.0000E+00  0.0000E+00  0.0000E+00  0.0000E+00  2.0000E+00  5.0000E+01  0.0000E+00  0.0000E+00  0.0000E+00  0.0000E+00
  1.6400E+02  0.0000E+00  0.0000E+00  2.0000E+00  0.0000E+00  0.0000E+00  0.0000E+00  0.0000E+00  0.0000E+00  2.0000E+00  5.0000E+01  0.0000E+00  0.0000E+00  0.0000E+00  0.0000E+00
  1.6400E+02  4.0000E+00  0.0000E+00  2.0000E+00  3.9800E+02  0.0000E+00  9.6767E+01  2.2481E+00  2.2481E+00  2.0000E+00  5.0000E+01  3.9800E+02  9.6767E+01  3.0123E+02  2.2481E+00
  1.6500E+02  0.0000E+00  1.4000E+06  1.0000E+00  0.0000E+00  1.0000E+00  0.0000E+00  0.0000E+00  0.0000E+00  2.0000E+00  5.0000E+01  0.0000E+00  0.0000E+00  0.0000E+00  0.0000E+00
  1.6500E+02  0.0000E+00  0.0000E+00  2.0000E+00  0.0000E+00  0.0000E+00  0.0000E+00  0.0000E+00  0.0000E+00  2.0000E+00  5.0000E+01  0.0000E+00  0.0000E+00  0.0000E+00  0.0000E+00
  1.6500E+02  6.0000E+00  0.0000E+00  2.0000E+00  2.9600E+01  0.0000E+00  8.5125E+01 -4.7106E-01 -4.7106E-01  2.0000E+00  5.0000E+01  2.9600E+01  8.5125E+01 -5.5525E+01 -4.7106E-01
  1.6600E+02  0.0000E+00  1.4000E+06  1.0000E+00  0.0000E+00  1.0000E+00  0.0000E+00  0.0000E+00  0.0000E+00  2.0000E+00  5.0000E+01  0.0000E+00  0.0000E+00  0.0000E+00  0.0000E+00
  1.6600E+02  0.0000E+00  0.0000E+00  2.0000E+00  0.0000E+00  0.0000E+00  0.0000E+00  0.0000E+00  0.0000E+00  2.0000E+00  5.0000E+01  0.0000E+00  0.0000E+00  0.0000E+00  0.0000E+00
  1.6600E+02  8.0000E+00  0.0000E+00  2.0000E+00  1.4600E+01  0.0000E+00  6.9398E+01 -5.7025E-01 -5.7025E-01  2.0000E+00  5.0000E+01  1.4600E+01  6.9398E+01 -5.4798E+01 -5.7025E-01
  1.6700E+02  0.0000E+00  1.4000E+06  1.0000E+00  0.0000E+00  1.0000E+00  0.0000E+00  0.0000E+00  0.0000E+00  2.0000E+00  5.0000E+01  0.0000E+00  0.0000E+00  0.0000E+00  0.0000E+00
  1.6700E+02  0.0000E+00  0.0000E+00  2.0000E+00  0.0000E+00  0.0000E+00  0.0000E+00  0.0000E+00  0.0000E+00  2.0000E+00  5.0000E+01  0.0000E+00  0.0000E+00  0.0000E+00  0.0000E+00
  1.6700E+02  1.0000E+01  0.0000E+00  2.0000E+00  1.3900E+01  0.0000E+00  5.4034E+01 -5.3640E-01 -5.3640E-01  2.0000E+00  5.0000E+01  1.3900E+01  5.4034E+01 -4.0134E+01 -5.3640E-01
  1.6800E+02  0.0000E+00  1.4000E+06  1.0000E+00  0.0000E+00  1.0000E+00  0.0000E+00  0.0000E+00  0.0000E+00  2.0000E+00  5.0000E+01  0.0000E+00  0.0000E+00  0.0000E+00  0.0000E+00
  1.6800E+02  0.0000E+00  0.0000E+00  2.0000E+00  0.0000E+00  0.0000E+00  0.0000E+00  0.0000E+00  0.0000E+00  2.0000E+00  5.0000E+01  0.0000E+00  0.0000E+00  0.0000E+00  0.0000E+00
  1.6800E+02  1.2000E+01  0.0000E+00  2.0000E+00  1.1000E+00  0.0000E+00  4.0798E+01 -7.0271E-01 -7.0271E-01  2.0000E+00  5.0000E+01  1.1000E+00  4.0798E+01 -3.9698E+01 -7.0271E-01
  1.6900E+02  0.0000E+00  1.4000E+06  1.0000E+00  0.0000E+00  1.0000E+00  0.0000E+00  0.0000E+00  0.0000E+00  2.0000E+00  5.0000E+01  0.0000E+00  0.0000E+00  0.0000E+00  0.0000E+00
  1.6900E+02  0.0000E+00  0.0000E+00  2.0000E+00  0.0000E+00  0.0000E+00  0.0000E+00  0.0000E+00  0.0000E+00  2.0000E+00  5.0000E+01  0.0000E+00  0.0000E+00  0.0000E+00  0.0000E+00
  1.6900E+02  1.4000E+01  0.0000E+00  2.0000E+00  8.9000E+00  0.0000E+00  3.0139E+01 -5.0892E-01 -5.0892E-01  2.0000E+00  5.0000E+01  8.9000E+00  3.0139E+01 -2.1239E+01 -5.0892E-01
  1.7000E+02  0.0000E+00  1.4000E+06  1.0000E+00  0.0000E+00  1.0000E+00  0.0000E+00  0.0000E+00  0.0000E+00  2.0000E+00  5.0000E+01  0.0000E+00  0.0000E+00  0.0000E+00  0.0000E+00
  1.7000E+02  0.0000E+00  0.0000E+00  2.0000E+00  0.0000E+00  0.0000E+00  0.0000E+00  0.0000E+00  0.0000E+00  2.0000E+00  5.0000E+01  0.0000E+00  0.0000E+00  0.0000E+00  0.0000E+00
  1.7000E+02  1.6000E+01  0.0000E+00  2.0000E+00  3.2000E+00  0.0000E+00  2.1904E+01 -6.1668E-01 -6.1668E-01  2.0000E+00  5.0000E+01  3.2000E+00  2.1904E+01 -1.8704E+01 -6.1668E-01
  1.7100E+02  0.0000E+00  1.4000E+06  1.0000E+00  0.0000E+00  1.0000E+00  0.0000E+00  0.0000E+00  0.0000E+00  2.0000E+00  5.0000E+01  0.0000E+00  0.0000E+00  0.0000E+00  0.0000E+00
  1.7100E+02  0.0000E+00  0.0000E+00  2.0000E+00  0.0000E+00  0.0000E+00  0.0000E+00  0.0000E+00  0.0000E+00  2.0000E+00  5.0000E+01  0.0000E+00  0.0000E+00  0.0000E+00  0.0000E+00
  1.7100E+02  2.0000E+01  0.0000E+00  2.0000E+00  6.0000E-01  0.0000E+00  1.1171E+01 -6.8339E-01 -6.8339E-01  2.0000E+00  5.0000E+01  6.0000E-01  1.1171E+01 -1.0571E+01 -6.8339E-01
  1.7200E+02  0.0000E+00  1.4000E+06  1.0000E+00  0.0000E+00  1.0000E+00  0.0000E+00  0.0000E+00  0.0000E+00  2.0000E+00  5.0000E+01  0.0000E+00  0.0000E+00  0.0000E+00  0.0000E+00
  1.7200E+02  0.0000E+00  0.0000E+00  2.0000E+00  0.0000E+00  0.0000E+00  0.0000E+00  0.0000E+00  0.0000E+00  2.0000E+00  5.0000E+01  0.0000E+00  0.0000E+00  0.0000E+00  0.0000E+00
  1.7200E+02  2.4000E+01  0.0000E+00  2.0000E+00  5.2000E+00  0.0000E+00  5.5148E+00 -4.1222E-02 -4.1222E-02  2.0000E+00  5.0000E+01  5.2000E+00  5.5148E+00 -3.1479E-01 -4.1222E-02
  1.7300E+02  0.0000E+00  1.4000E+06  1.0000E+00  0.0000E+00  1.0000E+00  0.0000E+00  0.0000E+00  0.0000E+00  2.0000E+00  5.0000E+01  0.0000E+00  0.0000E+00  0.0000E+00  0.0000E+00
  1.7300E+02  0.0000E+00  0.0000E+00  2.0000E+00  0.0000E+00  0.0000E+00  0.0000E+00  0.0000E+00  0.0000E+00  2.0000E+00  5.0000E+01  0.0000E+00  0.0000E+00  0.0000E+00  0.0000E+00
  1.7300E+02  2.8000E+01  0.0000E+00  2.0000E+00  2.6000E+00  0.0000E+00  2.6630E+00 -1.7084E-02 -1.7084E-02  2.0000E+00  5.0000E+01  2.6000E+00  2.6630E+00 -6.2996E-02 -1.7084E-02
  1.7400E+02  0.0000E+00  1.4000E+06  1.0000E+00  0.0000E+00  1.0000E+00  0.0000E+00  0.0000E+00  0.0000E+00  2.0000E+00  5.0000E+01  0.0000E+00  0.0000E+00  0.0000E+00  0.0000E+00
  1.7400E+02  0.0000E+00  0.0000E+00  2.0000E+00  0.0000E+00  0.0000E+00  0.0000E+00  0.0000E+00  0.0000E+00  2.0000E+00  5.0000E+01  0.0000E+00  0.0000E+00  0.0000E+00  0.0000E+00
  1.7400E+02  2.5000E-01  0.0000E+00  2.0000E+00  4.2400E+01  0.0000E+00  6.6906E+01 -2.6452E-01 -2.6452E-01  2.0000E+00  5.0000E+01  4.2400E+01  6.6906E+01 -2.4506E+01 -2.6452E-01
  1.7500E+02  0.0000E+00  1.4000E+06  1.0000E+00  0.0000E+00  1.0000E+00  0.0000E+00  0.0000E+00  0.0000E+00  2.0000E+00  5.0000E+01  0.0000E+00  0.0000E+00  0.0000E+00  0.0000E+00
  1.7500E+02  0.0000E+00  0.0000E+00  2.0000E+00  0.0000E+00  0.0000E+00  0.0000E+00  0.0000E+00  0.0000E+00  2.0000E+00  5.0000E+01  0.0000E+00  0.0000E+00  0.0000E+00  0.0000E+00
  1.7500E+02  5.0000E-01  0.0000E+00  2.0000E+00  2.5240E+02  0.0000E+00  7.3160E+01  1.7693E+00  1.7693E+00  2.0000E+00  5.0000E+01  2.5240E+02  7.3160E+01  1.7924E+02  1.7693E+00
  1.7600E+02  0.0000E+00  1.4000E+06  1.0000E+00  0.0000E+00  1.0000E+00  0.0000E+00  0.0000E+00  0.0000E+00  2.0000E+00  5.0000E+01  0.0000E+00  0.0000E+00  0.0000E+00  0.0000E+00
  1.7600E+02  0.0000E+00  0.0000E+00  2.0000E+00  0.0000E+00  0.0000E+00  0.0000E+00  0.0000E+00  0.0000E+00  2.0000E+00  5.0000E+01  0.0000E+00  0.0000E+00  0.0000E+00  0.0000E+00
  1.7600E+02  1.0000E+00  0.0000E+00  2.0000E+00  1.6670E+02  0.0000E+00  8.3091E+01  7.2668E-01  7.2668E-01  2.0000E+00  5.0000E+01  1.6670E+02  8.3091E+01  8.3609E+01  7.2668E-01
  1.7700E+02  0.0000E+00  1.4000E+06  1.0000E+00  0.0000E+00  1.0000E+00  0.0000E+00  0.0000E+00  0.0000E+00  2.0000E+00  5.0000E+01  0.0000E+00  0.0000E+00  0.0000E+00  0.0000E+00
  1.7700E+02  0.0000E+00  0.0000E+00  2.0000E+00  0.0000E+00  0.0000E+00  0.0000E+00  0.0000E+00  0.0000E+00  2.0000E+00  5.0000E+01  0.0000E+00  0.0000E+00  0.0000E+00  0.0000E+00
  1.7700E+02  2.0000E+00  0.0000E+00  2.0000E+00  1.7090E+02  0.0000E+00  9.4710E+01  5.8097E-01  5.8097E-01  2.0000E+00  5.0000E+01  1.7090E+02  9.4710E+01  7.6190E+01  5.8097E-01
  1.7800E+02  0.0000E+00  1.4000E+06  1.0000E+00  0.0000E+00  1.0000E+00  0.0000E+00  0.0000E+00  0.0000E+00  2.0000E+00  5.0000E+01  0.0000E+00  0.0000E+00  0.0000E+00  0.0000E+00
  1.7800E+02  0.0000E+00  0.0000E+00  2.0000E+00  0.0000E+00  0.0000E+00  0.0000E+00  0.0000E+00  0.0000E+00  2.0000E+00  5.0000E+01  0.0000E+00  0.0000E+00  0.0000E+00  0.0000E+00
  1.7800E+02  4.0000E+00  0.0000E+00  2.0000E+00  3.2460E+02  0.0000E+00  9.6767E+01  1.7003E+00  1.7003E+00  2.0000E+00  5.0000E+01  3.2460E+02  9.6767E+01  2.2783E+02  1.7003E+00
  1.7900E+02  0.0000E+00  1.4000E+06  1.0000E+00  0.0000E+00  1.0000E+00  0.0000E+00  0.0000E+00  0.0000E+00  2.0000E+00  5.0000E+01  0.0000E+00  0.0000E+00  0.0000E+00  0.0000E+00
  1.7900E+02  0.0000E+00  0.0000E+00  2.0000E+00  0.0000E+00  0.0000E+00  0.0000E+00  0.0000E+00  0.0000E+00  2.0000E+00  5.0000E+01  0.0000E+00  0.0000E+00  0.0000E+00  0.0000E+00
  1.7900E+02  6.0000E+00  0.0000E+00  2.0000E+00  1.8400E+01  0.0000E+00  8.5125E+01 -5.6608E-01 -5.6608E-01  2.0000E+00  5.0000E+01  1.8400E+01  8.5125E+01 -6.6725E+01 -5.6608E-01
  1.8000E+02  0.0000E+00  1.4000E+06  1.0000E+00  0.0000E+00  1.0000E+00  0.0000E+00  0.0000E+00  0.0000E+00  2.0000E+00  5.0000E+01  0.0000E+00  0.0000E+00  0.0000E+00  0.0000E+00
  1.8000E+02  0.0000E+00  0.0000E+00  2.0000E+00  0.0000E+00  0.0000E+00  0.0000E+00  0.0000E+00  0.0000E+00  2.0000E+00  5.0000E+01  0.0000E+00  0.0000E+00  0.0000E+00  0.0000E+00
  1.8000E+02  8.0000E+00  0.0000E+00  2.0000E+00  1.3000E+00  0.0000E+00  6.9398E+01 -7.0865E-01 -7.0865E-01  2.0000E+00  5.0000E+01  1.3000E+00  6.9398E+01 -6.8098E+01 -7.0865E-01
  1.8100E+02  0.0000E+00  1.4000E+06  1.0000E+00  0.0000E+00  1.0000E+00  0.0000E+00  0.0000E+00  0.0000E+00  2.0000E+00  5.0000E+01  0.0000E+00  0.0000E+00  0.0000E+00  0.0000E+00
  1.8100E+02  0.0000E+00  0.0000E+00  2.0000E+00  0.0000E+00  0.0000E+00  0.0000E+00  0.0000E+00  0.0000E+00  2.0000E+00  5.0000E+01  0.0000E+00  0.0000E+00  0.0000E+00  0.0000E+00
  1.8100E+02  1.0000E+01  0.0000E+00  2.0000E+00  3.2000E+00  0.0000E+00  5.4034E+01 -6.7941E-01 -6.7941E-01  2.0000E+00  5.0000E+01  3.2000E+00  5.4034E+01 -5.0834E+01 -6.7941E-01
  1.8200E+02  0.0000E+00  1.4000E+06  1.0000E+00  0.0000E+00  1.0000E+00  0.0000E+00  0.0000E+00  0.0000E+00  2.0000E+00  5.0000E+01  0.0000E+00  0.0000E+00  0.0000E+00  0.0000E+00
  1.8200E+02  0.0000E+00  0.0000E+00  2.0000E+00  0.0000E+00  0.0000E+00  0.0000E+00  0.0000E+00  0.0000E+00  2.0000E+00  5.0000E+01  0.0000E+00  0.0000E+00  0.0000E+00  0.0000E+00
  1.8200E+02  1.2000E+01  0.0000E+00  2.0000E+00  7.0000E-01  0.0000E+00  4.0798E+01 -7.0979E-01 -7.0979E-01  2.0000E+00  5.0000E+01  7.0000E-01  4.0798E+01 -4.0098E+01 -7.0979E-01
  1.8300E+02  0.0000E+00  1.4000E+06  1.0000E+00  0.0000E+00  1.0000E+00  0.0000E+00  0.0000E+00  0.0000E+00  2.0000E+00  5.0000E+01  0.0000E+00  0.0000E+00  0.0000E+00  0.0000E+00
  1.8300E+02  0.0000E+00  0.0000E+00  2.0000E+00  0.0000E+00  0.0000E+00  0.0000E+00  0.0000E+00  0.0000E+00  2.0000E+00  5.0000E+01  0.0000E+00  0.0000E+00  0.0000E+00  0.0000E+00
  1.8300E+02  1.4000E+01  0.0000E+00  2.0000E+00  1.7000E+00  0.0000E+00  3.0139E+01 -6.8145E-01 -6.8145E-01  2.0000E+00  5.0000E+01  1.7000E+00  3.0139E+01 -2.8439E+01 -6.8145E-01
  1.8400E+02  0.0000E+00  1.4000E+06  1.0000E+00  0.0000E+00  1.0000E+00  0.0000E+00  0.0000E+00  0.0000E+00  2.0000E+00  5.0000E+01  0.0000E+00  0.0000E+00  0.0000E+00  0.0000E+00
  1.8400E+02  0.0000E+00  0.0000E+00  2.0000E+00  0.0000E+00  0.0000E+00  0.0000E+00  0.0000E+00  0.0000E+00  2.0000E+00  5.0000E+01  0.0000E+00  0.0000E+00  0.0000E+00  0.0000E+00
  1.8400E+02  1.6000E+01  0.0000E+00  2.0000E+00  1.7000E+00  0.0000E+00  2.1904E+01 -6.6613E-01 -6.6613E-01  2.0000E+00  5.0000E+01  1.7000E+00  2.1904E+01 -2.0204E+01 -6.6613E-01
  1.8500E+02  0.0000E+00  1.4000E+06  1.0000E+00  0.0000E+00  1.0000E+00  0.0000E+00  0.0000E+00  0.0000E+00  2.0000E+00  5.0000E+01  0.0000E+00  0.0000E+00  0.0000E+00  0.0000E+00
  1.8500E+02  0.0000E+00  0.0000E+00  2.0000E+00  0.0000E+00  0.0000E+00  0.0000E+00  0.0000E+00  0.0000E+00  2.0000E+00  5.0000E+01  0.0000E+00  0.0000E+00  0.0000E+00  0.0000E+00
  1.8500E+02  2.0000E+01  0.0000E+00  2.0000E+00  4.0000E-01  0.0000E+00  1.1171E+01 -6.9632E-01 -6.9632E-01  2.0000E+00  5.0000E+01  4.0000E-01  1.1171E+01 -1.0771E+01 -6.9632E-01
  1.8600E+02  0.0000E+00  1.4000E+06  1.0000E+00  0.0000E+00  1.0000E+00  0.0000E+00  0.0000E+00  0.0000E+00  2.0000E+00  5.0000E+01  0.0000E+00  0.0000E+00  0.0000E+00  0.0000E+00
  1.8600E+02  0.0000E+00  0.0000E+00  2.0000E+00  0.0000E+00  0.0000E+00  0.0000E+00  0.0000E+00  0.0000E+00  2.0000E+00  5.0000E+01  0.0000E+00  0.0000E+00  0.0000E+00  0.0000E+00
  1.8600E+02  2.4000E+01  0.0000E+00  2.0000E+00  1.6000E+00  0.0000E+00  5.5148E+00 -5.1266E-01 -5.1266E-01  2.0000E+00  5.0000E+01  1.6000E+00  5.5148E+00 -3.9148E+00 -5.1266E-01
  1.8700E+02  0.0000E+00  1.4000E+06  1.0000E+00  0.0000E+00  1.0000E+00  0.0000E+00  0.0000E+00  0.0000E+00  2.0000E+00  5.0000E+01  0.0000E+00  0.0000E+00  0.0000E+00  0.0000E+00
  1.8700E+02  0.0000E+00  0.0000E+00  2.0000E+00  0.0000E+00  0.0000E+00  0.0000E+00  0.0000E+00  0.0000E+00  2.0000E+00  5.0000E+01  0.0000E+00  0.0000E+00  0.0000E+00  0.0000E+00
  1.8700E+02  2.8000E+01  0.0000E+00  2.0000E+00  1.1000E+00  0.0000E+00  2.6630E+00 -4.2387E-01 -4.2387E-01  2.0000E+00  5.0000E+01  1.1000E+00  2.6630E+00 -1.5630E+00 -4.2387E-01
  1.8800E+02  0.0000E+00  1.4000E+06  1.0000E+00  0.0000E+00  1.0000E+00  0.0000E+00  0.0000E+00  0.0000E+00  2.0000E+00  5.0000E+01  0.0000E+00  0.0000E+00  0.0000E+00  0.0000E+00
  1.8800E+02  0.0000E+00  0.0000E+00  2.0000E+00  0.0000E+00  0.0000E+00  0.0000E+00  0.0000E+00  0.0000E+00  2.0000E+00  5.0000E+01  0.0000E+00  0.0000E+00  0.0000E+00  0.0000E+00
  1.8800E+02  2.5000E-01  0.0000E+00  2.0000E+00  5.1200E+01  0.0000E+00  6.6906E+01 -1.6953E-01 -1.6953E-01  2.0000E+00  5.0000E+01  5.1200E+01  6.6906E+01 -1.5706E+01 -1.6953E-01
  1.8900E+02  0.0000E+00  1.4000E+06  1.0000E+00  0.0000E+00  1.0000E+00  0.0000E+00  0.0000E+00  0.0000E+00  2.0000E+00  5.0000E+01  0.0000E+00  0.0000E+00  0.0000E+00  0.0000E+00
  1.8900E+02  0.0000E+00  0.0000E+00  2.0000E+00  0.0000E+00  0.0000E+00  0.0000E+00  0.0000E+00  0.0000E+00  2.0000E+00  5.0000E+01  0.0000E+00  0.0000E+00  0.0000E+00  0.0000E+00
  1.8900E+02  5.0000E-01  0.0000E+00  2.0000E+00  5.3300E+01  0.0000E+00  7.3160E+01 -1.9604E-01 -1.9604E-01  2.0000E+00  5.0000E+01  5.3300E+01  7.3160E+01 -1.9860E+01 -1.9604E-01
  1.9000E+02  0.0000E+00  1.4000E+06  1.0000E+00  0.0000E+00  1.0000E+00  0.0000E+00  0.0000E+00  0.0000E+00  2.0000E+00  5.0000E+01  0.0000E+00  0.0000E+00  0.0000E+00  0.0000E+00
  1.9000E+02  0.0000E+00  0.0000E+00  2.0000E+00  0.0000E+00  0.0000E+00  0.0000E+00  0.0000E+00  0.0000E+00  2.0000E+00  5.0000E+01  0.0000E+00  0.0000E+00  0.0000E+00  0.0000E+00
  1.9000E+02  1.0000E+00  0.0000E+00  2.0000E+00  6.2000E+01  0.0000E+00  8.3091E+01 -1.8331E-01 -1.8331E-01  2.0000E+00  5.0000E+01  6.2000E+01  8.3091E+01 -2.1091E+01 -1.8331E-01
  1.9100E+02  0.0000E+00  1.4000E+06  1.0000E+00  0.0000E+00  1.0000E+00  0.0000E+00  0.0000E+00  0.0000E+00  2.0000E+00  5.0000E+01  0.0000E+00  0.0000E+00  0.0000E+00  0.0000E+00
  1.9100E+02  0.0000E+00  0.0000E+00  2.0000E+00  0.0000E+00  0.0000E+00  0.0000E+00  0.0000E+00  0.0000E+00  2.0000E+00  5.0000E+01  0.0000E+00  0.0000E+00  0.0000E+00  0.0000E+00
  1.9100E+02  2.0000E+00  0.0000E+00  2.0000E+00  1.8860E+02  0.0000E+00  9.4710E+01  7.1593E-01  7.1593E-01  2.0000E+00  5.0000E+01  1.8860E+02  9.4710E+01  9.3890E+01  7.1593E-01
  1.9200E+02  0.0000E+00  1.4000E+06  1.0000E+00  0.0000E+00  1.0000E+00  0.0000E+00  0.0000E+00  0.0000E+00  2.0000E+00  5.0000E+01  0.0000E+00  0.0000E+00  0.0000E+00  0.0000E+00
  1.9200E+02  0.0000E+00  0.0000E+00  2.0000E+00  0.0000E+00  0.0000E+00  0.0000E+00  0.0000E+00  0.0000E+00  2.0000E+00  5.0000E+01  0.0000E+00  0.0000E+00  0.0000E+00  0.0000E+00
  1.9200E+02  4.0000E+00  0.0000E+00  2.0000E+00  1.2410E+02  0.0000E+00  9.6767E+01  2.0399E-01  2.0399E-01  2.0000E+00  5.0000E+01  1.2410E+02  9.6767E+01  2.7333E+01  2.0399E-01
  1.9300E+02  0.0000E+00  1.4000E+06  1.0000E+00  0.0000E+00  1.0000E+00  0.0000E+00  0.0000E+00  0.0000E+00  2.0000E+00  5.0000E+01  0.0000E+00  0.0000E+00  0.0000E+00  0.0000E+00
  1.9300E+02  0.0000E+00  0.0000E+00  2.0000E+00  0.0000E+00  0.0000E+00  0.0000E+00  0.0000E+00  0.0000E+00  2.0000E+00  5.0000E+01  0.0000E+00  0.0000E+00  0.0000E+00  0.0000E+00
  1.9300E+02  6.0000E+00  0.0000E+00  2.0000E+00  2.5000E+00  0.0000E+00  8.5125E+01 -7.0097E-01 -7.0097E-01  2.0000E+00  5.0000E+01  2.5000E+00  8.5125E+01 -8.2625E+01 -7.0097E-01
  1.9400E+02  0.0000E+00  1.4000E+06  1.0000E+00  0.0000E+00  1.0000E+00  0.0000E+00  0.0000E+00  0.0000E+00  2.0000E+00  5.0000E+01  0.0000E+00  0.0000E+00  0.0000E+00  0.0000E+00
  1.9400E+02  0.0000E+00  0.0000E+00  2.0000E+00  0.0000E+00  0.0000E+00  0.0000E+00  0.0000E+00  0.0000E+00  2.0000E+00  5.0000E+01  0.0000E+00  0.0000E+00  0.0000E+00  0.0000E+00
  1.9400E+02  8.0000E+00  0.0000E+00  2.0000E+00  6.9000E+00  0.0000E+00  6.9398E+01 -6.5038E-01 -6.5038E-01  2.0000E+00  5.0000E+01  6.9000E+00  6.9398E+01 -6.2498E+01 -6.5038E-01
  1.9500E+02  0.0000E+00  1.4000E+06  1.0000E+00  0.0000E+00  1.0000E+00  0.0000E+00  0.0000E+00  0.0000E+00  2.0000E+00  5.0000E+01  0.0000E+00  0.0000E+00  0.0000E+00  0.0000E+00
  1.9500E+02  0.0000E+00  0.0000E+00  2.0000E+00  0.0000E+00  0.0000E+00  0.0000E+00  0.0000E+00  0.0000E+00  2.0000E+00  5.0000E+01  0.0000E+00  0.0000E+00  0.0000E+00  0.0000E+00
  1.9500E+02  1.0000E+01  0.0000E+00  2.0000E+00  1.5800E+01  0.0000E+00  5.4034E+01 -5.1101E-01 -5.1101E-01  2.0000E+00  5.0000E+01  1.5800E+01  5.4034E+01 -3.8234E+01 -5.1101E-01
  1.9600E+02  0.0000E+00  1.4000E+06  1.0000E+00  0.0000E+00  1.0000E+00  0.0000E+00  0.0000E+00  0.0000E+00  2.0000E+00  5.0000E+01  0.0000E+00  0.0000E+00  0.0000E+00  0.0000E+00
  1.9600E+02  0.0000E+00  0.0000E+00  2.0000E+00  0.0000E+00  0.0000E+00  0.0000E+00  0.0000E+00  0.0000E+00  2.0000E+00  5.0000E+01  0.0000E+00  0.0000E+00  0.0000E+00  0.0000E+00
  1.9600E+02  1.2000E+01  0.0000E+00  2.0000E+00  2.2000E+00  0.0000E+00  4.0798E+01 -6.8324E-01 -6.8324E-01  2.0000E+00  5.0000E+01  2.2000E+00  4.0798E+01 -3.8598E+01 -6.8324E-01
  1.9700E+02  0.0000E+00  1.4000E+06  1.0000E+00  0.0000E+00  1.0000E+00  0.0000E+00  0.0000E+00  0.0000E+00  2.0000E+00  5.0000E+01  0.0000E+00  0.0000E+00  0.0000E+00  0.0000E+00
  1.9700E+02  0.0000E+00  0.0000E+00  2.0000E+00  0.0000E+00  0.0000E+00  0.0000E+00  0.0000E+00  0.0000E+00  2.0000E+00  5.0000E+01  0.0000E+00  0.0000E+00  0.0000E+00  0.0000E+00
  1.9700E+02  1.4000E+01  0.0000E+00  2.0000E+00  1.1000E+00  0.0000E+00  3.0139E+01 -6.9582E-01 -6.9582E-01  2.0000E+00  5.0000E+01  1.1000E+00  3.0139E+01 -2.9039E+01 -6.9582E-01
  1.9800E+02  0.0000E+00  1.4000E+06  1.0000E+00  0.0000E+00  1.0000E+00  0.0000E+00  0.0000E+00  0.0000E+00  2.0000E+00  5.0000E+01  0.0000E+00  0.0000E+00  0.0000E+00  0.0000E+00
  1.9800E+02  0.0000E+00  0.0000E+00  2.0000E+00  0.0000E+00  0.0000E+00  0.0000E+00  0.0000E+00  0.0000E+00  2.0000E+00  5.0000E+01  0.0000E+00  0.0000E+00  0.0000E+00  0.0000E+00
  1.9800E+02  1.6000E+01  0.0000E+00  2.0000E+00  4.1500E+01  0.0000E+00  2.1904E+01  6.4609E-01  6.4609E-01  2.0000E+00  5.0000E+01  4.1500E+01  2.1904E+01  1.9596E+01  6.4609E-01
  1.9900E+02  0.0000E+00  1.4000E+06  1.0000E+00  0.0000E+00  1.0000E+00  0.0000E+00  0.0000E+00  0.0000E+00  2.0000E+00  5.0000E+01  0.0000E+00  0.0000E+00  0.0000E+00  0.0000E+00
  1.9900E+02  0.0000E+00  0.0000E+00  2.0000E+00  0.0000E+00  0.0000E+00  0.0000E+00  0.0000E+00  0.0000E+00  2.0000E+00  5.0000E+01  0.0000E+00  0.0000E+00  0.0000E+00  0.0000E+00
  1.9900E+02  2.0000E+01  0.0000E+00  2.0000E+00  7.2000E+00  0.0000E+00  1.1171E+01 -2.5672E-01 -2.5672E-01  2.0000E+00  5.0000E+01  7.2000E+00  1.1171E+01 -3.9710E+00 -2.5672E-01
  2.0000E+02  0.0000E+00  1.4000E+06  1.0000E+00  0.0000E+00  1.0000E+00  0.0000E+00  0.0000E+00  0.0000E+00  2.0000E+00  5.0000E+01  0.0000E+00  0.0000E+00  0.0000E+00  0.0000E+00
  2.0000E+02  0.0000E+00  0.0000E+00  2.0000E+00  0.0000E+00  0.0000E+00  0.0000E+00  0.0000E+00  0.0000E+00  2.0000E+00  5.0000E+01  0.0000E+00  0.0000E+00  0.0000E+00  0.0000E+00
  2.0000E+02  2.4000E+01  0.0000E+00  2.0000E+00  5.0000E-01  0.0000E+00  5.5148E+00 -6.5670E-01 -6.5670E-01  2.0000E+00  5.0000E+01  5.0000E-01  5.5148E+00 -5.0148E+00 -6.5670E-01
  2.0100E+02  0.0000E+00  1.4000E+06  1.0000E+00  0.0000E+00  1.0000E+00  0.0000E+00  0.0000E+00  0.0000E+00  2.0000E+00  5.0000E+01  0.0000E+00  0.0000E+00  0.0000E+00  0.0000E+00
  2.0100E+02  0.0000E+00  0.0000E+00  2.0000E+00  0.0000E+00  0.0000E+00  0.0000E+00  0.0000E+00  0.0000E+00  2.0000E+00  5.0000E+01  0.0000E+00  0.0000E+00  0.0000E+00  0.0000E+00
  2.0100E+02  2.8000E+01  0.0000E+00  2.0000E+00  5.6000E+00  0.0000E+00  2.6630E+00  7.9649E-01  7.9649E-01  2.0000E+00  5.0000E+01  5.6000E+00  2.6630E+00  2.9370E+00  7.9649E-01
  2.0200E+02  0.0000E+00  1.4000E+06  1.0000E+00  0.0000E+00  1.0000E+00  0.0000E+00  0.0000E+00  0.0000E+00  2.0000E+00  5.0000E+01  0.0000E+00  0.0000E+00  0.0000E+00  0.0000E+00
  2.0200E+02  0.0000E+00  0.0000E+00  2.0000E+00  0.0000E+00  0.0000E+00  0.0000E+00  0.0000E+00  0.0000E+00  2.0000E+00  5.0000E+01  0.0000E+00  0.0000E+00  0.0000E+00  0.0000E+00
  2.0200E+02  2.5000E-01  0.0000E+00  2.0000E+00  6.7700E+01  0.0000E+00  6.6906E+01  8.5699E-03  8.5699E-03  2.0000E+00  5.0000E+01  6.7700E+01  6.6906E+01  7.9396E-01  8.5699E-03
  2.0300E+02  0.0000E+00  1.4000E+06  1.0000E+00  0.0000E+00  1.0000E+00  0.0000E+00  0.0000E+00  0.0000E+00  2.0000E+00  5.0000E+01  0.0000E+00  0.0000E+00  0.0000E+00  0.0000E+00
  2.0300E+02  0.0000E+00  0.0000E+00  2.0000E+00  0.0000E+00  0.0000E+00  0.0000E+00  0.0000E+00  0.0000E+00  2.0000E+00  5.0000E+01  0.0000E+00  0.0000E+00  0.0000E+00  0.0000E+00
  2.0300E+02  5.0000E-01  0.0000E+00  2.0000E+00  4.2600E+01  0.0000E+00  7.3160E+01 -3.0166E-01 -3.0166E-01  2.0000E+00  5.0000E+01  4.2600E+01  7.3160E+01 -3.0560E+01 -3.0166E-01
  2.0400E+02  0.0000E+00  1.4000E+06  1.0000E+00  0.0000E+00  1.0000E+00  0.0000E+00  0.0000E+00  0.0000E+00  2.0000E+00  5.0000E+01  0.0000E+00  0.0000E+00  0.0000E+00  0.0000E+00
  2.0400E+02  0.0000E+00  0.0000E+00  2.0000E+00  0.0000E+00  0.0000E+00  0.0000E+00  0.0000E+00  0.0000E+00  2.0000E+00  5.0000E+01  0.0000E+00  0.0000E+00  0.0000E+00  0.0000E+00
  2.0400E+02  1.0000E+00  0.0000E+00  2.0000E+00  3.9900E+01  0.0000E+00  8.3091E+01 -3.7539E-01 -3.7539E-01  2.0000E+00  5.0000E+01  3.9900E+01  8.3091E+01 -4.3191E+01 -3.7539E-01
  2.0500E+02  0.0000E+00  1.4000E+06  1.0000E+00  0.0000E+00  1.0000E+00  0.0000E+00  0.0000E+00  0.0000E+00  2.0000E+00  5.0000E+01  0.0000E+00  0.0000E+00  0.0000E+00  0.0000E+00
  2.0500E+02  0.0000E+00  0.0000E+00  2.0000E+00  0.0000E+00  0.0000E+00  0.0000E+00  0.0000E+00  0.0000E+00  2.0000E+00  5.0000E+01  0.0000E+00  0.0000E+00  0.0000E+00  0.0000E+00
  2.0500E+02  2.0000E+00  0.0000E+00  2.0000E+00  2.4860E+02  0.0000E+00  9.4710E+01  1.1734E+00  1.1734E+00  2.0000E+00  5.0000E+01  2.4860E+02  9.4710E+01  1.5389E+02  1.1734E+00
  2.0600E+02  0.0000E+00  1.4000E+06  1.0000E+00  0.0000E+00  1.0000E+00  0.0000E+00  0.0000E+00  0.0000E+00  2.0000E+00  5.0000E+01  0.0000E+00  0.0000E+00  0.0000E+00  0.0000E+00
  2.0600E+02  0.0000E+00  0.0000E+00  2.0000E+00  0.0000E+00  0.0000E+00  0.0000E+00  0.0000E+00  0.0000E+00  2.0000E+00  5.0000E+01  0.0000E+00  0.0000E+00  0.0000E+00  0.0000E+00
  2.0600E+02  4.0000E+00  0.0000E+00  2.0000E+00  2.2100E+01  0.0000E+00  9.6767E+01 -5.5725E-01 -5.5725E-01  2.0000E+00  5.0000E+01  2.2100E+01  9.6767E+01 -7.4667E+01 -5.5725E-01
  2.0700E+02  0.0000E+00  1.4000E+06  1.0000E+00  0.0000E+00  1.0000E+00  0.0000E+00  0.0000E+00  0.0000E+00  2.0000E+00  5.0000E+01  0.0000E+00  0.0000E+00  0.0000E+00  0.0000E+00
  2.0700E+02  0.0000E+00  0.0000E+00  2.0000E+00  0.0000E+00  0.0000E+00  0.0000E+00  0.0000E+00  0.0000E+00  2.0000E+00  5.0000E+01  0.0000E+00  0.0000E+00  0.0000E+00  0.0000E+00
  2.0700E+02  6.0000E+00  0.0000E+00  2.0000E+00  5.9100E+01  0.0000E+00  8.5125E+01 -2.2079E-01 -2.2079E-01  2.0000E+00  5.0000E+01  5.9100E+01  8.5125E+01 -2.6025E+01 -2.2079E-01
  2.0800E+02  0.0000E+00  1.4000E+06  1.0000E+00  0.0000E+00  1.0000E+00  0.0000E+00  0.0000E+00  0.0000E+00  2.0000E+00  5.0000E+01  0.0000E+00  0.0000E+00  0.0000E+00  0.0000E+00
  2.0800E+02  0.0000E+00  0.0000E+00  2.0000E+00  0.0000E+00  0.0000E+00  0.0000E+00  0.0000E+00  0.0000E+00  2.0000E+00  5.0000E+01  0.0000E+00  0.0000E+00  0.0000E+00  0.0000E+00
  2.0800E+02  8.0000E+00  0.0000E+00  2.0000E+00  8.7000E+00  0.0000E+00  6.9398E+01 -6.3165E-01 -6.3165E-01  2.0000E+00  5.0000E+01  8.7000E+00  6.9398E+01 -6.0698E+01 -6.3165E-01
  2.0900E+02  0.0000E+00  1.4000E+06  1.0000E+00  0.0000E+00  1.0000E+00  0.0000E+00  0.0000E+00  0.0000E+00  2.0000E+00  5.0000E+01  0.0000E+00  0.0000E+00  0.0000E+00  0.0000E+00
  2.0900E+02  0.0000E+00  0.0000E+00  2.0000E+00  0.0000E+00  0.0000E+00  0.0000E+00  0.0000E+00  0.0000E+00  2.0000E+00  5.0000E+01  0.0000E+00  0.0000E+00  0.0000E+00  0.0000E+00
  2.0900E+02  1.0000E+01  0.0000E+00  2.0000E+00  3.4000E+00  0.0000E+00  5.4034E+01 -6.7674E-01 -6.7674E-01  2.0000E+00  5.0000E+01  3.4000E+00  5.4034E+01 -5.0634E+01 -6.7674E-01
  2.1000E+02  0.0000E+00  1.4000E+06  1.0000E+00  0.0000E+00  1.0000E+00  0.0000E+00  0.0000E+00  0.0000E+00  2.0000E+00  5.0000E+01  0.0000E+00  0.0000E+00  0.0000E+00  0.0000E+00
  2.1000E+02  0.0000E+00  0.0000E+00  2.0000E+00  0.0000E+00  0.0000E+00  0.0000E+00  0.0000E+00  0.0000E+00  2.0000E+00  5.0000E+01  0.0000E+00  0.0000E+00  0.0000E+00  0.0000E+00
  2.1000E+02  1.2000E+01  0.0000E+00  2.0000E+00  1.5000E+00  0.0000E+00  4.0798E+01 -6.9563E-01 -6.9563E-01  2.0000E+00  5.0000E+01  1.5000E+00  4.0798E+01 -3.9298E+01 -6.9563E-01
  2.1100E+02  0.0000E+00  1.4000E+06  1.0000E+00  0.0000E+00  1.0000E+00  0.0000E+00  0.0000E+00  0.0000E+00  2.0000E+00  5.0000E+01  0.0000E+00  0.0000E+00  0.0000E+00  0.0000E+00
  2.1100E+02  0.0000E+00  0.0000E+00  2.0000E+00  0.0000E+00  0.0000E+00  0.0000E+00  0.0000E+00  0.0000E+00  2.0000E+00  5.0000E+01  0.0000E+00  0.0000E+00  0.0000E+00  0.0000E+00
  2.1100E+02  1.4000E+01  0.0000E+00  2.0000E+00  1.0000E+00  0.0000E+00  3.0139E+01 -6.9822E-01 -6.9822E-01  2.0000E+00  5.0000E+01  1.0000E+00  3.0139E+01 -2.9139E+01 -6.9822E-01
  2.1200E+02  0.0000E+00  1.4000E+06  1.0000E+00  0.0000E+00  1.0000E+00  0.0000E+00  0.0000E+00  0.0000E+00  2.0000E+00  5.0000E+01  0.0000E+00  0.0000E+00  0.0000E+00  0.0000E+00
  2.1200E+02  0.0000E+00  0.0000E+00  2.0000E+00  0.0000E+00  0.0000E+00  0.0000E+00  0.0000E+00  0.0000E+00  2.0000E+00  5.0000E+01  0.0000E+00  0.0000E+00  0.0000E+00  0.0000E+00
  2.1200E+02  1.6000E+01  0.0000E+00  2.0000E+00  4.2800E+01  0.0000E+00  2.1904E+01  6.8896E-01  6.8896E-01  2.0000E+00  5.0000E+01  4.2800E+01  2.1904E+01  2.0896E+01  6.8896E-01
  2.1300E+02  0.0000E+00  1.4000E+06  1.0000E+00  0.0000E+00  1.0000E+00  0.0000E+00  0.0000E+00  0.0000E+00  2.0000E+00  5.0000E+01  0.0000E+00  0.0000E+00  0.0000E+00  0.0000E+00
  2.1300E+02  0.0000E+00  0.0000E+00  2.0000E+00  0.0000E+00  0.0000E+00  0.0000E+00  0.0000E+00  0.0000E+00  2.0000E+00  5.0000E+01  0.0000E+00  0.0000E+00  0.0000E+00  0.0000E+00
  2.1300E+02  2.0000E+01  0.0000E+00  2.0000E+00  8.0000E-01  0.0000E+00  1.1171E+01 -6.7046E-01 -6.7046E-01  2.0000E+00  5.0000E+01  8.0000E-01  1.1171E+01 -1.0371E+01 -6.7046E-01
  2.1400E+02  0.0000E+00  1.4000E+06  1.0000E+00  0.0000E+00  1.0000E+00  0.0000E+00  0.0000E+00  0.0000E+00  2.0000E+00  5.0000E+01  0.0000E+00  0.0000E+00  0.0000E+00  0.0000E+00
  2.1400E+02  0.0000E+00  0.0000E+00  2.0000E+00  0.0000E+00  0.0000E+00  0.0000E+00  0.0000E+00  0.0000E+00  2.0000E+00  5.0000E+01  0.0000E+00  0.0000E+00  0.0000E+00  0.0000E+00
  2.1400E+02  2.4000E+01  0.0000E+00  2.0000E+00  8.0000E-01  0.0000E+00  5.5148E+00 -6.1742E-01 -6.1742E-01  2.0000E+00  5.0000E+01  8.0000E-01  5.5148E+00 -4.7148E+00 -6.1742E-01
  2.1500E+02  0.0000E+00  1.4000E+06  1.0000E+00  0.0000E+00  1.0000E+00  0.0000E+00  0.0000E+00  0.0000E+00  2.0000E+00  5.0000E+01  0.0000E+00  0.0000E+00  0.0000E+00  0.0000E+00
  2.1500E+02  0.0000E+00  0.0000E+00  2.0000E+00  0.0000E+00  0.0000E+00  0.0000E+00  0.0000E+00  0.0000E+00  2.0000E+00  5.0000E+01  0.0000E+00  0.0000E+00  0.0000E+00  0.0000E+00
  2.1500E+02  2.8000E+01  0.0000E+00  2.0000E+00  4.0000E-01  0.0000E+00  2.6630E+00 -6.1370E-01 -6.1370E-01  2.0000E+00  5.0000E+01  4.0000E-01  2.6630E+00 -2.2630E+00 -6.1370E-01
