TABLE NO.  1
 ID          TIME        AMT         CMT         DV          MDV         IPRED       CWRES       IWRES       DV          PRED        RES         WRES
  1.0000E+00  0.0000E+00  2.7680E+05  1.0000E+00  0.0000E+00  1.0000E+00  0.0000E+00  0.0000E+00  0.0000E+00  0.0000E+00  0.0000E+00  0.0000E+00  0.0000E+00
  1.0000E+00  3.3000E-02  0.0000E+00  1.0000E+00  7.3336E+03  0.0000E+00  0.0000E+00  7.3336E+07  7.3336E+07  7.3336E+03  0.0000E+00  7.3336E+03  7.3336E+07
  2.0000E+00  0.0000E+00  2.6980E+05  1.0000E+00  0.0000E+00  1.0000E+00  0.0000E+00  0.0000E+00  0.0000E+00  0.0000E+00  0.0000E+00  0.0000E+00  0.0000E+00
  2.0000E+00  3.3000E-02  0.0000E+00  1.0000E+00  4.6639E+03  0.0000E+00  0.0000E+00  4.6639E+07  4.6639E+07  4.6639E+03  0.0000E+00  4.6639E+03  4.6639E+07
  3.0000E+00  0.0000E+00  2.9570E+05  1.0000E+00  0.0000E+00  1.0000E+00  0.0000E+00  0.0000E+00  0.0000E+00  0.0000E+00  0.0000E+00  0.0000E+00  0.0000E+00
  3.0000E+00  3.3000E-02  0.0000E+00  1.0000E+00  3.7945E+03  0.0000E+00  0.0000E+00  3.7945E+07  3.7945E+07  3.7945E+03  0.0000E+00  3.7945E+03  3.7945E+07
  4.0000E+00  0.0000E+00  2.9840E+05  1.0000E+00  0.0000E+00  1.0000E+00  0.0000E+00  0.0000E+00  0.0000E+00  0.0000E+00  0.0000E+00  0.0000E+00  0.0000E+00
  4.0000E+00  8.3000E-02  0.0000E+00  1.0000E+00  1.1915E+03  0.0000E+00  0.0000E+00  1.1915E+07  1.1915E+07  1.1915E+03  0.0000E+00  1.1915E+03  1.1915E+07
  5.0000E+00  0.0000E+00  2.7970E+05  1.0000E+00  0.0000E+00  1.0000E+00  0.0000E+00  0.0000E+00  0.0000E+00  0.0000E+00  0.0000E+00  0.0000E+00  0.0000E+00
  5.0000E+00  8.3000E-02  0.0000E+00  1.0000E+00  1.1788E+03  0.0000E+00  0.0000E+00  1.1788E+07  1.1788E+07  1.1788E+03  0.0000E+00  1.1788E+03  1.1788E+07
  6.0000E+00  0.0000E+00  3.0520E+05  1.0000E+00  0.0000E+00  1.0000E+00  0.0000E+00  0.0000E+00  0.0000E+00  0.0000E+00  0.0000E+00  0.0000E+00  0.0000E+00
  6.0000E+00  8.3000E-02  0.0000E+00  1.0000E+00  1.2588E+03  0.0000E+00  0.0000E+00  1.2588E+07  1.2588E+07  1.2588E+03  0.0000E+00  1.2588E+03  1.2588E+07
  7.0000E+00  0.0000E+00  2.8200E+05  1.0000E+00  0.0000E+00  1.0000E+00  0.0000E+00  0.0000E+00  0.0000E+00  0.0000E+00  0.0000E+00  0.0000E+00  0.0000E+00
  7.0000E+00  2.5000E-01  0.0000E+00  1.0000E+00  8.7932E+02  0.0000E+00  0.0000E+00  8.7932E+06  8.7932E+06  8.7932E+02  0.0000E+00  8.7932E+02  8.7932E+06
  8.0000E+00  0.0000E+00  2.7560E+05  1.0000E+00  0.0000E+00  1.0000E+00  0.0000E+00  0.0000E+00  0.0000E+00  0.0000E+00  0.0000E+00  0.0000E+00  0.0000E+00
  8.0000E+00  2.5000E-01  0.0000E+00  1.0000E+00  5.2594E+02  0.0000E+00  0.0000E+00  5.2594E+06  5.2594E+06  5.2594E+02  0.0000E+00  5.2594E+02  5.2594E+06
  9.0000E+00  0.0000E+00  2.8240E+05  1.0000E+00  0.0000E+00  1.0000E+00  0.0000E+00  0.0000E+00  0.0000E+00  0.0000E+00  0.0000E+00  0.0000E+00  0.0000E+00
  9.0000E+00  2.5000E-01  0.0000E+00  1.0000E+00  5.4645E+02  0.0000E+00  0.0000E+00  5.4645E+06  5.4645E+06  5.4645E+02  0.0000E+00  5.4645E+02  5.4645E+06
  1.0000E+01  0.0000E+00  2.8360E+05  1.0000E+00  0.0000E+00  1.0000E+00  0.0000E+00  0.0000E+00  0.0000E+00  0.0000E+00  0.0000E+00  0.0000E+00  0.0000E+00
  1.0000E+01  5.0000E-01  0.0000E+00  1.0000E+00  1.2562E+03  0.0000E+00  0.0000E+00  1.2562E+07  1.2562E+07  1.2562E+03  0.0000E+00  1.2562E+03  1.2562E+07
  1.1000E+01  0.0000E+00  3.0380E+05  1.0000E+00  0.0000E+00  1.0000E+00  0.0000E+00  0.0000E+00  0.0000E+00  0.0000E+00  0.0000E+00  0.0000E+00  0.0000E+00
  1.1000E+01  5.0000E-01  0.0000E+00  1.0000E+00  3.5647E+02  0.0000E+00  0.0000E+00  3.5647E+06  3.5647E+06  3.5647E+02  0.0000E+00  3.5647E+02  3.5647E+06
  1.2000E+01  0.0000E+00  2.7610E+05  1.0000E+00  0.0000E+00  1.0000E+00  0.0000E+00  0.0000E+00  0.0000E+00  0.0000E+00  0.0000E+00  0.0000E+00  0.0000E+00
  1.2000E+01  5.0000E-01  0.0000E+00  1.0000E+00  4.9880E+01  0.0000E+00  0.0000E+00  4.9880E+05  4.9880E+05  4.9880E+01  0.0000E+00  4.9880E+01  4.9880E+05
  1.3000E+01  0.0000E+00  2.8890E+05  1.0000E+00  0.0000E+00  1.0000E+00  0.0000E+00  0.0000E+00  0.0000E+00  0.0000E+00  0.0000E+00  0.0000E+00  0.0000E+00
  1.3000E+01  7.5000E-01  0.0000E+00  1.0000E+00  2.3189E+02  0.0000E+00  0.0000E+00  2.3189E+06  2.3189E+06  2.3189E+02  0.0000E+00  2.3189E+02  2.3189E+06
  1.4000E+01  0.0000E+00  2.7910E+05  1.0000E+00  0.0000E+00  1.0000E+00  0.0000E+00  0.0000E+00  0.0000E+00  0.0000E+00  0.0000E+00  0.0000E+00  0.0000E+00
  1.4000E+01  7.5000E-01  0.0000E+00  1.0000E+00  2.1360E+01  0.0000E+00  0.0000E+00  2.1360E+05  2.1360E+05  2.1360E+01  0.0000E+00  2.1360E+01  2.1360E+05
  1.5000E+01  0.0000E+00  2.9030E+05  1.0000E+00  0.0000E+00  1.0000E+00  0.0000E+00  0.0000E+00  0.0000E+00  0.0000E+00  0.0000E+00  0.0000E+00  0.0000E+00
  1.5000E+01  7.5000E-01  0.0000E+00  1.0000E+00  1.6510E+01  0.0000E+00  0.0000E+00  1.6510E+05  1.6510E+05  1.6510E+01  0.0000E+00  1.6510E+01  1.6510E+05
  1.6000E+01  0.0000E+00  2.7740E+05  1.0000E+00  0.0000E+00  1.0000E+00  0.0000E+00  0.0000E+00  0.0000E+00  0.0000E+00  0.0000E+00  0.0000E+00  0.0000E+00
  1.6000E+01  1.0000E+00  0.0000E+00  1.0000E+00  3.0794E+02  0.0000E+00  0.0000E+00  3.0794E+06  3.0794E+06  3.0794E+02  0.0000E+00  3.0794E+02  3.0794E+06
  1.7000E+01  0.0000E+00  2.8000E+05  1.0000E+00  0.0000E+00  1.0000E+00  0.0000E+00  0.0000E+00  0.0000E+00  0.0000E+00  0.0000E+00  0.0000E+00  0.0000E+00
  1.7000E+01  1.0000E+00  0.0000E+00  1.0000E+00  5.5186E+02  0.0000E+00  0.0000E+00  5.5186E+06  5.5186E+06  5.5186E+02  0.0000E+00  5.5186E+02  5.5186E+06
  1.8000E+01  0.0000E+00  2.9030E+05  1.0000E+00  0.0000E+00  1.0000E+00  0.0000E+00  0.0000E+00  0.0000E+00  0.0000E+00  0.0000E+00  0.0000E+00  0.0000E+00
  1.8000E+01  1.0000E+00  0.0000E+00  1.0000E+00  6.6900E+00  0.0000E+00  0.0000E+00  6.6900E+04  6.6900E+04  6.6900E+00  0.0000E+00  6.6900E+00  6.6900E+04
  1.9000E+01  0.0000E+00  2.8100E+05  1.0000E+00  0.0000E+00  1.0000E+00  0.0000E+00  0.0000E+00  0.0000E+00  0.0000E+00  0.0000E+00  0.0000E+00  0.0000E+00
  1.9000E+01  2.0000E+00  0.0000E+00  1.0000E+00  9.0000E-01  0.0000E+00  0.0000E+00  9.0000E+03  9.0000E+03  9.0000E-01  0.0000E+00  9.0000E-01  9.0000E+03
  2.0000E+01  0.0000E+00  2.7670E+05  1.0000E+00  0.0000E+00  1.0000E+00  0.0000E+00  0.0000E+00  0.0000E+00  0.0000E+00  0.0000E+00  0.0000E+00  0.0000E+00
  2.0000E+01  2.0000E+00  0.0000E+00  1.0000E+00  4.8000E+00  0.0000E+00  0.0000E+00  4.8000E+04  4.8000E+04  4.8000E+00  0.0000E+00  4.8000E+00  4.8000E+04
  2.1000E+01  0.0000E+00  2.6520E+05  1.0000E+00  0.0000E+00  1.0000E+00  0.0000E+00  0.0000E+00  0.0000E+00  0.0000E+00  0.0000E+00  0.0000E+00  0.0000E+00
  2.1000E+01  2.0000E+00  0.0000E+00  1.0000E+00  3.6000E+00  0.0000E+00  0.0000E+00  3.6000E+04  3.6000E+04  3.6000E+00  0.0000E+00  3.6000E+00  3.6000E+04
  2.5000E+01  0.0000E+00  2.7030E+05  1.0000E+00  0.0000E+00  1.0000E+00  0.0000E+00  0.0000E+00  0.0000E+00  0.0000E+00  0.0000E+00  0.0000E+00  0.0000E+00
  2.5000E+01  4.0000E+00  0.0000E+00  1.0000E+00  1.0200E+00  0.0000E+00  0.0000E+00  1.0200E+04  1.0200E+04  1.0200E+00  0.0000E+00  1.0200E+00  1.0200E+04
  2.6000E+01  0.0000E+00  2.8290E+05  1.0000E+00  0.0000E+00  1.0000E+00  0.0000E+00  0.0000E+00  0.0000E+00  0.0000E+00  0.0000E+00  0.0000E+00  0.0000E+00
  2.6000E+01  4.0000E+00  0.0000E+00  1.0000E+00  3.0000E-02  0.0000E+00  0.0000E+00  3.0000E+02  3.0000E+02  3.0000E-02  0.0000E+00  3.0000E-02  3.0000E+02
  2.7000E+01  0.0000E+00  2.7840E+05  1.0000E+00  0.0000E+00  1.0000E+00  0.0000E+00  0.0000E+00  0.0000E+00  0.0000E+00  0.0000E+00  0.0000E+00  0.0000E+00
  2.7000E+01  4.0000E+00  0.0000E+00  1.0000E+00  1.2000E+00  0.0000E+00  0.0000E+00  1.2000E+04  1.2000E+04  1.2000E+00  0.0000E+00  1.2000E+00  1.2000E+04
  2.9000E+01  0.0000E+00  2.6510E+05  1.0000E+00  0.0000E+00  1.0000E+00  0.0000E+00  0.0000E+00  0.0000E+00  0.0000E+00  0.0000E+00  0.0000E+00  0.0000E+00
  2.9000E+01  6.0000E+00  0.0000E+00  1.0000E+00  6.0000E-01  0.0000E+00  0.0000E+00  6.0000E+03  6.0000E+03  6.0000E-01  0.0000E+00  6.0000E-01  6.0000E+03
  3.0000E+01  0.0000E+00  2.8940E+05  1.0000E+00  0.0000E+00  1.0000E+00  0.0000E+00  0.0000E+00  0.0000E+00  0.0000E+00  0.0000E+00  0.0000E+00  0.0000E+00
  3.0000E+01  6.0000E+00  0.0000E+00  1.0000E+00  3.0500E+00  0.0000E+00  0.0000E+00  3.0500E+04  3.0500E+04  3.0500E+00  0.0000E+00  3.0500E+00  3.0500E+04
  3.1000E+01  0.0000E+00  2.8210E+05  1.0000E+00  0.0000E+00  1.0000E+00  0.0000E+00  0.0000E+00  0.0000E+00  0.0000E+00  0.0000E+00  0.0000E+00  0.0000E+00
  3.1000E+01  8.0000E+00  0.0000E+00  1.0000E+00  6.1000E-01  0.0000E+00  0.0000E+00  6.1000E+03  6.1000E+03  6.1000E-01  0.0000E+00  6.1000E-01  6.1000E+03
  3.2000E+01  0.0000E+00  2.7200E+05  1.0000E+00  0.0000E+00  1.0000E+00  0.0000E+00  0.0000E+00  0.0000E+00  0.0000E+00  0.0000E+00  0.0000E+00  0.0000E+00
  3.2000E+01  8.0000E+00  0.0000E+00  1.0000E+00  8.5000E-01  0.0000E+00  0.0000E+00  8.5000E+03  8.5000E+03  8.5000E-01  0.0000E+00  8.5000E-01  8.5000E+03
  3.3000E+01  0.0000E+00  2.7720E+05  1.0000E+00  0.0000E+00  1.0000E+00  0.0000E+00  0.0000E+00  0.0000E+00  0.0000E+00  0.0000E+00  0.0000E+00  0.0000E+00
  3.3000E+01  8.0000E+00  0.0000E+00  1.0000E+00  3.8000E-01  0.0000E+00  0.0000E+00  3.8000E+03  3.8000E+03  3.8000E-01  0.0000E+00  3.8000E-01  3.8000E+03
  6.7000E+01  0.0000E+00  2.8000E+05  1.0000E+00  0.0000E+00  1.0000E+00  0.0000E+00  0.0000E+00  0.0000E+00  0.0000E+00  0.0000E+00  0.0000E+00  0.0000E+00
  6.7000E+01  1.7000E-02  0.0000E+00  1.0000E+00  7.2560E+03  0.0000E+00  0.0000E+00  7.2560E+07  7.2560E+07  7.2560E+03  0.0000E+00  7.2560E+03  7.2560E+07
  6.8000E+01  0.0000E+00  2.8000E+05  1.0000E+00  0.0000E+00  1.0000E+00  0.0000E+00  0.0000E+00  0.0000E+00  0.0000E+00  0.0000E+00  0.0000E+00  0.0000E+00
  6.8000E+01  1.7000E-02  0.0000E+00  1.0000E+00  8.3999E+03  0.0000E+00  0.0000E+00  8.3999E+07  8.3999E+07  8.3999E+03  0.0000E+00  8.3999E+03  8.3999E+07
  6.9000E+01  0.0000E+00  2.8000E+05  1.0000E+00  0.0000E+00  1.0000E+00  0.0000E+00  0.0000E+00  0.0000E+00  0.0000E+00  0.0000E+00  0.0000E+00  0.0000E+00
  6.9000E+01  1.7000E-02  0.0000E+00  1.0000E+00  1.0783E+04  0.0000E+00  0.0000E+00  1.0783E+08  1.0783E+08  1.0783E+04  0.0000E+00  1.0783E+04  1.0783E+08
  7.0000E+01  0.0000E+00  2.8000E+05  1.0000E+00  0.0000E+00  1.0000E+00  0.0000E+00  0.0000E+00  0.0000E+00  0.0000E+00  0.0000E+00  0.0000E+00  0.0000E+00
  7.0000E+01  8.3000E-02  0.0000E+00  1.0000E+00  1.9424E+03  0.0000E+00  0.0000E+00  1.9424E+07  1.9424E+07  1.9424E+03  0.0000E+00  1.9424E+03  1.9424E+07
  7.1000E+01  0.0000E+00  2.8000E+05  1.0000E+00  0.0000E+00  1.0000E+00  0.0000E+00  0.0000E+00  0.0000E+00  0.0000E+00  0.0000E+00  0.0000E+00  0.0000E+00
  7.1000E+01  8.3000E-02  0.0000E+00  1.0000E+00  1.9194E+03  0.0000E+00  0.0000E+00  1.9194E+07  1.9194E+07  1.9194E+03  0.0000E+00  1.9194E+03  1.9194E+07
  7.2000E+01  0.0000E+00  2.8000E+05  1.0000E+00  0.0000E+00  1.0000E+00  0.0000E+00  0.0000E+00  0.0000E+00  0.0000E+00  0.0000E+00  0.0000E+00  0.0000E+00
  7.2000E+01  8.3000E-02  0.0000E+00  1.0000E+00  1.7315E+03  0.0000E+00  0.0000E+00  1.7315E+07  1.7315E+07  1.7315E+03  0.0000E+00  1.7315E+03  1.7315E+07
  7.3000E+01  0.0000E+00  2.8000E+05  1.0000E+00  0.0000E+00  1.0000E+00  0.0000E+00  0.0000E+00  0.0000E+00  0.0000E+00  0.0000E+00  0.0000E+00  0.0000E+00
  7.3000E+01  2.5000E-01  0.0000E+00  1.0000E+00  2.1170E+02  0.0000E+00  0.0000E+00  2.1170E+06  2.1170E+06  2.1170E+02  0.0000E+00  2.1170E+02  2.1170E+06
  7.4000E+01  0.0000E+00  2.8000E+05  1.0000E+00  0.0000E+00  1.0000E+00  0.0000E+00  0.0000E+00  0.0000E+00  0.0000E+00  0.0000E+00  0.0000E+00  0.0000E+00
  7.4000E+01  2.5000E-01  0.0000E+00  1.0000E+00  3.0850E+02  0.0000E+00  0.0000E+00  3.0850E+06  3.0850E+06  3.0850E+02  0.0000E+00  3.0850E+02  3.0850E+06
  7.5000E+01  0.0000E+00  2.8000E+05  1.0000E+00  0.0000E+00  1.0000E+00  0.0000E+00  0.0000E+00  0.0000E+00  0.0000E+00  0.0000E+00  0.0000E+00  0.0000E+00
  7.5000E+01  2.5000E-01  0.0000E+00  1.0000E+00  3.0460E+02  0.0000E+00  0.0000E+00  3.0460E+06  3.0460E+06  3.0460E+02  0.0000E+00  3.0460E+02  3.0460E+06
  7.6000E+01  0.0000E+00  2.8000E+05  1.0000E+00  0.0000E+00  1.0000E+00  0.0000E+00  0.0000E+00  0.0000E+00  0.0000E+00  0.0000E+00  0.0000E+00  0.0000E+00
  7.6000E+01  5.0000E-01  0.0000E+00  1.0000E+00  7.1700E+01  0.0000E+00  0.0000E+00  7.1700E+05  7.1700E+05  7.1700E+01  0.0000E+00  7.1700E+01  7.1700E+05
  7.7000E+01  0.0000E+00  2.8000E+05  1.0000E+00  0.0000E+00  1.0000E+00  0.0000E+00  0.0000E+00  0.0000E+00  0.0000E+00  0.0000E+00  0.0000E+00  0.0000E+00
  7.7000E+01  5.0000E-01  0.0000E+00  1.0000E+00  1.6950E+02  0.0000E+00  0.0000E+00  1.6950E+06  1.6950E+06  1.6950E+02  0.0000E+00  1.6950E+02  1.6950E+06
  7.8000E+01  0.0000E+00  2.8000E+05  1.0000E+00  0.0000E+00  1.0000E+00  0.0000E+00  0.0000E+00  0.0000E+00  0.0000E+00  0.0000E+00  0.0000E+00  0.0000E+00
  7.8000E+01  5.0000E-01  0.0000E+00  1.0000E+00  1.9250E+02  0.0000E+00  0.0000E+00  1.9250E+06  1.9250E+06  1.9250E+02  0.0000E+00  1.9250E+02  1.9250E+06
  7.9000E+01  0.0000E+00  2.8000E+05  1.0000E+00  0.0000E+00  1.0000E+00  0.0000E+00  0.0000E+00  0.0000E+00  0.0000E+00  0.0000E+00  0.0000E+00  0.0000E+00
  7.9000E+01  1.0000E+00  0.0000E+00  1.0000E+00  3.0940E+02  0.0000E+00  0.0000E+00  3.0940E+06  3.0940E+06  3.0940E+02  0.0000E+00  3.0940E+02  3.0940E+06
  8.0000E+01  0.0000E+00  2.8000E+05  1.0000E+00  0.0000E+00  1.0000E+00  0.0000E+00  0.0000E+00  0.0000E+00  0.0000E+00  0.0000E+00  0.0000E+00  0.0000E+00
  8.0000E+01  1.0000E+00  0.0000E+00  1.0000E+00  7.2400E+01  0.0000E+00  0.0000E+00  7.2400E+05  7.2400E+05  7.2400E+01  0.0000E+00  7.2400E+01  7.2400E+05
  8.1000E+01  0.0000E+00  2.8000E+05  1.0000E+00  0.0000E+00  1.0000E+00  0.0000E+00  0.0000E+00  0.0000E+00  0.0000E+00  0.0000E+00  0.0000E+00  0.0000E+00
  8.1000E+01  1.0000E+00  0.0000E+00  1.0000E+00  1.7600E+01  0.0000E+00  0.0000E+00  1.7600E+05  1.7600E+05  1.7600E+01  0.0000E+00  1.7600E+01  1.7600E+05
  8.2000E+01  0.0000E+00  2.8000E+05  1.0000E+00  0.0000E+00  1.0000E+00  0.0000E+00  0.0000E+00  0.0000E+00  0.0000E+00  0.0000E+00  0.0000E+00  0.0000E+00
  8.2000E+01  2.0000E+00  0.0000E+00  1.0000E+00  4.5000E+00  0.0000E+00  0.0000E+00  4.5000E+04  4.5000E+04  4.5000E+00  0.0000E+00  4.5000E+00  4.5000E+04
  8.3000E+01  0.0000E+00  2.8000E+05  1.0000E+00  0.0000E+00  1.0000E+00  0.0000E+00  0.0000E+00  0.0000E+00  0.0000E+00  0.0000E+00  0.0000E+00  0.0000E+00
  8.3000E+01  2.0000E+00  0.0000E+00  1.0000E+00  4.5000E+00  0.0000E+00  0.0000E+00  4.5000E+04  4.5000E+04  4.5000E+00  0.0000E+00  4.5000E+00  4.5000E+04
  8.4000E+01  0.0000E+00  2.8000E+05  1.0000E+00  0.0000E+00  1.0000E+00  0.0000E+00  0.0000E+00  0.0000E+00  0.0000E+00  0.0000E+00  0.0000E+00  0.0000E+00
  8.4000E+01  2.0000E+00  0.0000E+00  1.0000E+00  9.8000E+00  0.0000E+00  0.0000E+00  9.8000E+04  9.8000E+04  9.8000E+00  0.0000E+00  9.8000E+00  9.8000E+04
  8.5000E+01  0.0000E+00  2.8000E+05  1.0000E+00  0.0000E+00  1.0000E+00  0.0000E+00  0.0000E+00  0.0000E+00  0.0000E+00  0.0000E+00  0.0000E+00  0.0000E+00
  8.5000E+01  4.0000E+00  0.0000E+00  1.0000E+00  5.4000E+00  0.0000E+00  0.0000E+00  5.4000E+04  5.4000E+04  5.4000E+00  0.0000E+00  5.4000E+00  5.4000E+04
  8.6000E+01  0.0000E+00  2.8000E+05  1.0000E+00  0.0000E+00  1.0000E+00  0.0000E+00  0.0000E+00  0.0000E+00  0.0000E+00  0.0000E+00  0.0000E+00  0.0000E+00
  8.6000E+01  4.0000E+00  0.0000E+00  1.0000E+00  2.0000E-01  0.0000E+00  0.0000E+00  2.0000E+03  2.0000E+03  2.0000E-01  0.0000E+00  2.0000E-01  2.0000E+03
  8.7000E+01  0.0000E+00  2.8000E+05  1.0000E+00  0.0000E+00  1.0000E+00  0.0000E+00  0.0000E+00  0.0000E+00  0.0000E+00  0.0000E+00  0.0000E+00  0.0000E+00
  8.7000E+01  4.0000E+00  0.0000E+00  1.0000E+00  1.3600E+01  0.0000E+00  0.0000E+00  1.3600E+05  1.3600E+05  1.3600E+01  0.0000E+00  1.3600E+01  1.3600E+05
  8.8000E+01  0.0000E+00  2.8000E+05  1.0000E+00  0.0000E+00  1.0000E+00  0.0000E+00  0.0000E+00  0.0000E+00  0.0000E+00  0.0000E+00  0.0000E+00  0.0000E+00
  8.8000E+01  6.0000E+00  0.0000E+00  1.0000E+00  1.6100E+01  0.0000E+00  0.0000E+00  1.6100E+05  1.6100E+05  1.6100E+01  0.0000E+00  1.6100E+01  1.6100E+05
  8.9000E+01  0.0000E+00  2.8000E+05  1.0000E+00  0.0000E+00  1.0000E+00  0.0000E+00  0.0000E+00  0.0000E+00  0.0000E+00  0.0000E+00  0.0000E+00  0.0000E+00
  8.9000E+01  6.0000E+00  0.0000E+00  1.0000E+00  4.0000E-01  0.0000E+00  0.0000E+00  4.0000E+03  4.0000E+03  4.0000E-01  0.0000E+00  4.0000E-01  4.0000E+03
  9.0000E+01  0.0000E+00  2.8000E+05  1.0000E+00  0.0000E+00  1.0000E+00  0.0000E+00  0.0000E+00  0.0000E+00  0.0000E+00  0.0000E+00  0.0000E+00  0.0000E+00
  9.0000E+01  6.0000E+00  0.0000E+00  1.0000E+00  6.0000E-01  0.0000E+00  0.0000E+00  6.0000E+03  6.0000E+03  6.0000E-01  0.0000E+00  6.0000E-01  6.0000E+03
  9.1000E+01  0.0000E+00  2.8000E+05  1.0000E+00  0.0000E+00  1.0000E+00  0.0000E+00  0.0000E+00  0.0000E+00  0.0000E+00  0.0000E+00  0.0000E+00  0.0000E+00
  9.1000E+01  8.0000E+00  0.0000E+00  1.0000E+00  5.0000E-01  0.0000E+00  0.0000E+00  5.0000E+03  5.0000E+03  5.0000E-01  0.0000E+00  5.0000E-01  5.0000E+03
  9.2000E+01  0.0000E+00  2.8000E+05  1.0000E+00  0.0000E+00  1.0000E+00  0.0000E+00  0.0000E+00  0.0000E+00  0.0000E+00  0.0000E+00  0.0000E+00  0.0000E+00
  9.2000E+01  8.0000E+00  0.0000E+00  1.0000E+00  6.0000E-01  0.0000E+00  0.0000E+00  6.0000E+03  6.0000E+03  6.0000E-01  0.0000E+00  6.0000E-01  6.0000E+03
  9.3000E+01  0.0000E+00  2.8000E+05  1.0000E+00  0.0000E+00  1.0000E+00  0.0000E+00  0.0000E+00  0.0000E+00  0.0000E+00  0.0000E+00  0.0000E+00  0.0000E+00
  9.3000E+01  8.0000E+00  0.0000E+00  1.0000E+00  3.5000E+00  0.0000E+00  0.0000E+00  3.5000E+04  3.5000E+04  3.5000E+00  0.0000E+00  3.5000E+00  3.5000E+04
  9.4000E+01  0.0000E+00  2.8000E+05  1.0000E+00  0.0000E+00  1.0000E+00  0.0000E+00  0.0000E+00  0.0000E+00  0.0000E+00  0.0000E+00  0.0000E+00  0.0000E+00
  9.4000E+01  1.2000E+01  0.0000E+00  1.0000E+00  4.0000E-01  0.0000E+00  0.0000E+00  4.0000E+03  4.0000E+03  4.0000E-01  0.0000E+00  4.0000E-01  4.0000E+03
  9.5000E+01  0.0000E+00  2.8000E+05  1.0000E+00  0.0000E+00  1.0000E+00  0.0000E+00  0.0000E+00  0.0000E+00  0.0000E+00  0.0000E+00  0.0000E+00  0.0000E+00
  9.5000E+01  1.2000E+01  0.0000E+00  1.0000E+00  6.0000E-01  0.0000E+00  0.0000E+00  6.0000E+03  6.0000E+03  6.0000E-01  0.0000E+00  6.0000E-01  6.0000E+03
  9.6000E+01  0.0000E+00  2.8000E+05  1.0000E+00  0.0000E+00  1.0000E+00  0.0000E+00  0.0000E+00  0.0000E+00  0.0000E+00  0.0000E+00  0.0000E+00  0.0000E+00
  9.6000E+01  1.2000E+01  0.0000E+00  1.0000E+00  6.8000E+00  0.0000E+00  0.0000E+00  6.8000E+04  6.8000E+04  6.8000E+00  0.0000E+00  6.8000E+00  6.8000E+04
  9.7000E+01  0.0000E+00  2.8000E+05  1.0000E+00  0.0000E+00  1.0000E+00  0.0000E+00  0.0000E+00  0.0000E+00  0.0000E+00  0.0000E+00  0.0000E+00  0.0000E+00
  9.7000E+01  2.4000E+01  0.0000E+00  1.0000E+00  4.0000E-01  0.0000E+00  0.0000E+00  4.0000E+03  4.0000E+03  4.0000E-01  0.0000E+00  4.0000E-01  4.0000E+03
  9.8000E+01  0.0000E+00  2.8000E+05  1.0000E+00  0.0000E+00  1.0000E+00  0.0000E+00  0.0000E+00  0.0000E+00  0.0000E+00  0.0000E+00  0.0000E+00  0.0000E+00
  9.8000E+01  2.4000E+01  0.0000E+00  1.0000E+00  2.2000E+00  0.0000E+00  0.0000E+00  2.2000E+04  2.2000E+04  2.2000E+00  0.0000E+00  2.2000E+00  2.2000E+04
  9.9000E+01  0.0000E+00  2.8000E+05  1.0000E+00  0.0000E+00  1.0000E+00  0.0000E+00  0.0000E+00  0.0000E+00  0.0000E+00  0.0000E+00  0.0000E+00  0.0000E+00
  9.9000E+01  2.4000E+01  0.0000E+00  1.0000E+00  9.0000E-01  0.0000E+00  0.0000E+00  9.0000E+03  9.0000E+03  9.0000E-01  0.0000E+00  9.0000E-01  9.0000E+03
