TABLE NO.  1
 ID          TIME        AMT         DV          MDV         IPRED       CWRES       IWRES       BQL         ROUTE       DV          PRED        RES         WRES
  1.0000E+00  0.0000E+00  2.9000E+04  0.0000E+00  1.0000E+00  0.0000E+00  0.0000E+00  0.0000E+00  0.0000E+00  1.0000E+00  0.0000E+00  1.0000E+00  0.0000E+00  0.0000E+00
  1.0000E+00  0.0000E+00  2.9000E+04  0.0000E+00  1.0000E+00  0.0000E+00  0.0000E+00  0.0000E+00  0.0000E+00  1.0000E+00  0.0000E+00  1.0000E+00  0.0000E+00  0.0000E+00
  1.0000E+00  0.0000E+00  0.0000E+00  0.0000E+00  0.0000E+00  0.0000E+00  0.0000E+00  0.0000E+00  0.0000E+00  1.0000E+00  0.0000E+00  1.0000E+00  0.0000E+00  0.0000E+00
  1.0000E+00  2.5000E-01  0.0000E+00  7.3000E-01  0.0000E+00  1.8991E+00  0.0000E+00 -1.2121E+00  0.0000E+00  1.0000E+00  7.3000E-01  5.2913E-02  0.0000E+00  0.0000E+00
  1.0000E+00  5.0000E-01  0.0000E+00  2.7500E+00  0.0000E+00  3.3017E+00  0.0000E+00 -3.2899E-01  0.0000E+00  1.0000E+00  2.7500E+00  9.2868E+00  0.0000E+00  0.0000E+00
  1.0000E+00  1.0000E+00  0.0000E+00  7.2700E+00  0.0000E+00  5.0068E+00  0.0000E+00  8.8999E-01  0.0000E+00  1.0000E+00  7.2700E+00  1.2928E+01  0.0000E+00  0.0000E+00
  1.0000E+00  2.0000E+00  0.0000E+00  6.4500E+00  0.0000E+00  5.8365E+00  0.0000E+00  2.0697E-01  0.0000E+00  1.0000E+00  6.4500E+00  1.3107E+01  0.0000E+00  0.0000E+00
  1.0000E+00  3.0000E+00  0.0000E+00  6.8500E+00  0.0000E+00  5.1962E+00  0.0000E+00  6.2665E-01  0.0000E+00  1.0000E+00  6.8500E+00  1.0537E+01  0.0000E+00  0.0000E+00
  1.0000E+00  4.0000E+00  0.0000E+00  4.2300E+00  0.0000E+00  4.1859E+00  0.0000E+00  2.0758E-02  0.0000E+00  1.0000E+00  4.2300E+00  7.9001E+00  0.0000E+00  0.0000E+00
  1.0000E+00  6.0000E+00  0.0000E+00  6.0300E+00  0.0000E+00  5.9545E+00  0.0000E+00  2.4973E-02  0.0000E+00  1.0000E+00  6.0300E+00  1.2488E+01  0.0000E+00  0.0000E+00
  1.0000E+00  8.0000E+00  0.0000E+00  8.1100E+00  0.0000E+00  5.6320E+00  0.0000E+00  8.6631E-01  0.0000E+00  1.0000E+00  8.1100E+00  1.1362E+01  0.0000E+00  0.0000E+00
  1.0000E+00  1.2000E+01  0.0000E+00  5.0000E-01  0.0000E+00  3.9589E+00  0.0000E+00 -1.7203E+00  1.0000E+00  1.0000E+00  5.0000E-01  4.5421E-02  0.0000E+00  0.0000E+00
  1.0000E+00  2.4000E+01  0.0000E+00  5.0000E-01  0.0000E+00  5.2984E-02  0.0000E+00  1.6611E+01  1.0000E+00  1.0000E+00  5.0000E-01  1.0000E+00  0.0000E+00  0.0000E+00
  3.0000E+00  0.0000E+00  5.4500E+03  0.0000E+00  1.0000E+00  1.7726E+03  0.0000E+00 -1.9689E+00  0.0000E+00  2.0000E+00  0.0000E+00  2.4567E-02  0.0000E+00  0.0000E+00
  3.0000E+00  1.7000E-02  0.0000E+00  2.5500E+03  0.0000E+00  1.7247E+03  0.0000E+00  9.4225E-01  0.0000E+00  2.0000E+00  2.5500E+03  1.2865E+03  0.0000E+00  0.0000E+00
  3.0000E+00  8.3500E-02  0.0000E+00  2.1100E+03  0.0000E+00  1.5493E+03  0.0000E+00  7.1263E-01  0.0000E+00  2.0000E+00  2.1100E+03  1.1882E+03  0.0000E+00  0.0000E+00
  3.0000E+00  2.5000E-01  0.0000E+00  1.4600E+03  0.0000E+00  1.1848E+03  0.0000E+00  4.5730E-01  0.0000E+00  2.0000E+00  1.4600E+03  9.7417E+02  0.0000E+00  0.0000E+00
  3.0000E+00  5.0000E-01  0.0000E+00  8.5300E+02  0.0000E+00  7.9294E+02  0.0000E+00  1.4913E-01  0.0000E+00  2.0000E+00  8.5300E+02  7.2345E+02  0.0000E+00  0.0000E+00
  3.0000E+00  1.0000E+00  0.0000E+00  5.5500E+02  0.0000E+00  3.5736E+02  0.0000E+00  1.0889E+00  0.0000E+00  2.0000E+00  5.5500E+02  4.0041E+02  0.0000E+00  0.0000E+00
  3.0000E+00  2.0000E+00  0.0000E+00  1.0300E+02  0.0000E+00  7.6979E+01  0.0000E+00  6.6557E-01  0.0000E+00  2.0000E+00  1.0300E+02  1.2590E+02  0.0000E+00  0.0000E+00
  3.0000E+00  4.0000E+00  0.0000E+00  7.4100E+00  0.0000E+00  8.6913E+00  0.0000E+00 -2.9026E-01  0.0000E+00  2.0000E+00  7.4100E+00  1.7019E+01  0.0000E+00  0.0000E+00
  3.0000E+00  6.0000E+00  0.0000E+00  4.4900E+00  0.0000E+00  4.3955E+00  0.0000E+00  4.2333E-02  0.0000E+00  2.0000E+00  4.4900E+00  5.6021E+00  0.0000E+00  0.0000E+00
  3.0000E+00  8.0000E+00  0.0000E+00  5.2500E+00  0.0000E+00  3.0613E+00  0.0000E+00  1.4077E+00  0.0000E+00  2.0000E+00  5.2500E+00  3.4076E+00  0.0000E+00  0.0000E+00
  3.0000E+00  1.2000E+01  0.0000E+00  2.4600E+00  0.0000E+00  1.5514E+00  0.0000E+00  1.1531E+00  0.0000E+00  2.0000E+00  2.4600E+00  1.6898E+00  0.0000E+00  0.0000E+00
  3.0000E+00  2.4000E+01  0.0000E+00  5.0000E-01  0.0000E+00  2.0273E-01  0.0000E+00  2.8871E+00  1.0000E+00  2.0000E+00  5.0000E-01  1.0000E+00  0.0000E+00  0.0000E+00
  4.0000E+00  0.0000E+00  5.9500E+03  0.0000E+00  1.0000E+00  2.3231E+03  0.0000E+00 -1.9689E+00  0.0000E+00  2.0000E+00  0.0000E+00  2.4560E-02  0.0000E+00  0.0000E+00
  4.0000E+00  1.7000E-02  0.0000E+00  2.3000E+03  0.0000E+00  2.2479E+03  0.0000E+00  4.5649E-02  0.0000E+00  2.0000E+00  2.3000E+03  1.4045E+03  0.0000E+00  0.0000E+00
  4.0000E+00  8.3500E-02  0.0000E+00  2.0000E+03  0.0000E+00  1.9763E+03  0.0000E+00  2.3566E-02  0.0000E+00  2.0000E+00  2.0000E+03  1.2973E+03  0.0000E+00  0.0000E+00
  4.0000E+00  2.5000E-01  0.0000E+00  1.2600E+03  0.0000E+00  1.4324E+03  0.0000E+00 -2.3692E-01  0.0000E+00  2.0000E+00  1.2600E+03  1.0635E+03  0.0000E+00  0.0000E+00
  4.0000E+00  5.0000E-01  0.0000E+00  7.3500E+02  0.0000E+00  8.8460E+02  0.0000E+00 -3.3299E-01  0.0000E+00  2.0000E+00  7.3500E+02  7.8983E+02  0.0000E+00  0.0000E+00
  4.0000E+00  1.0000E+00  0.0000E+00  4.3200E+02  0.0000E+00  3.4047E+02  0.0000E+00  5.2929E-01  0.0000E+00  2.0000E+00  4.3200E+02  4.3715E+02  0.0000E+00  0.0000E+00
  4.0000E+00  2.0000E+00  0.0000E+00  5.4600E+01  0.0000E+00  5.6004E+01  0.0000E+00 -4.9344E-02  0.0000E+00  2.0000E+00  5.4600E+01  1.3745E+02  0.0000E+00  0.0000E+00
  4.0000E+00  4.0000E+00  0.0000E+00  7.2500E+00  0.0000E+00  7.2924E+00  0.0000E+00 -1.1449E-02  0.0000E+00  2.0000E+00  7.2500E+00  1.8580E+01  0.0000E+00  0.0000E+00
  4.0000E+00  6.0000E+00  0.0000E+00  3.6500E+00  0.0000E+00  4.5284E+00  0.0000E+00 -3.8194E-01  0.0000E+00  2.0000E+00  3.6500E+00  6.1161E+00  0.0000E+00  0.0000E+00
  4.0000E+00  8.0000E+00  0.0000E+00  3.3200E+00  0.0000E+00  3.2111E+00  0.0000E+00  6.6758E-02  0.0000E+00  2.0000E+00  3.3200E+00  3.7202E+00  0.0000E+00  0.0000E+00
  4.0000E+00  1.2000E+01  0.0000E+00  1.6100E+00  0.0000E+00  1.6281E+00  0.0000E+00 -2.1866E-02  0.0000E+00  2.0000E+00  1.6100E+00  1.8448E+00  0.0000E+00  0.0000E+00
  4.0000E+00  2.4000E+01  0.0000E+00  5.0000E-01  0.0000E+00  2.1227E-01  0.0000E+00  2.6688E+00  1.0000E+00  2.0000E+00  5.0000E-01  1.0000E+00  0.0000E+00  0.0000E+00
  5.0000E+00  0.0000E+00  6.1000E+03  0.0000E+00  1.0000E+00  2.3087E+03  0.0000E+00 -1.9689E+00  0.0000E+00  2.0000E+00  0.0000E+00  2.4558E-02  0.0000E+00  0.0000E+00
  5.0000E+00  1.7000E-02  0.0000E+00  2.6900E+03  0.0000E+00  2.2362E+03  0.0000E+00  3.9961E-01  0.0000E+00  2.0000E+00  2.6900E+03  1.4399E+03  0.0000E+00  0.0000E+00
  5.0000E+00  8.3500E-02  0.0000E+00  2.0500E+03  0.0000E+00  1.9738E+03  0.0000E+00  7.6006E-02  0.0000E+00  2.0000E+00  2.0500E+03  1.3300E+03  0.0000E+00  0.0000E+00
  5.0000E+00  2.5000E-01  0.0000E+00  1.1600E+03  0.0000E+00  1.4447E+03  0.0000E+00 -3.8800E-01  0.0000E+00  2.0000E+00  1.1600E+03  1.0904E+03  0.0000E+00  0.0000E+00
  5.0000E+00  5.0000E-01  0.0000E+00  8.2000E+02  0.0000E+00  9.0548E+02  0.0000E+00 -1.8588E-01  0.0000E+00  2.0000E+00  8.2000E+02  8.0974E+02  0.0000E+00  0.0000E+00
  5.0000E+00  1.0000E+00  0.0000E+00  4.5600E+02  0.0000E+00  3.5873E+02  0.0000E+00  5.3388E-01  0.0000E+00  2.0000E+00  4.5600E+02  4.4817E+02  0.0000E+00  0.0000E+00
  5.0000E+00  2.0000E+00  0.0000E+00  5.7800E+01  0.0000E+00  6.1879E+01  0.0000E+00 -1.2979E-01  0.0000E+00  2.0000E+00  5.7800E+01  1.4091E+02  0.0000E+00  0.0000E+00
  5.0000E+00  4.0000E+00  0.0000E+00  6.8700E+00  0.0000E+00  7.7404E+00  0.0000E+00 -2.2141E-01  0.0000E+00  2.0000E+00  6.8700E+00  1.9048E+01  0.0000E+00  0.0000E+00
  5.0000E+00  6.0000E+00  0.0000E+00  6.0500E+00  0.0000E+00  4.6782E+00  0.0000E+00  5.7733E-01  0.0000E+00  2.0000E+00  6.0500E+00  6.2702E+00  0.0000E+00  0.0000E+00
  5.0000E+00  8.0000E+00  0.0000E+00  6.1100E+00  0.0000E+00  3.3124E+00  0.0000E+00  1.6629E+00  0.0000E+00  2.0000E+00  6.1100E+00  3.8140E+00  0.0000E+00  0.0000E+00
  5.0000E+00  1.2000E+01  0.0000E+00  1.7100E+00  0.0000E+00  1.6795E+00  0.0000E+00  3.5755E-02  0.0000E+00  2.0000E+00  1.7100E+00  1.8913E+00  0.0000E+00  0.0000E+00
  5.0000E+00  2.4000E+01  0.0000E+00  5.0000E-01  0.0000E+00  2.1905E-01  0.0000E+00  2.5252E+00  1.0000E+00  2.0000E+00  5.0000E-01  1.0000E+00  0.0000E+00  0.0000E+00
  6.0000E+00  0.0000E+00  2.1800E+04  0.0000E+00  1.0000E+00  0.0000E+00  0.0000E+00  0.0000E+00  0.0000E+00  1.0000E+00  0.0000E+00  1.0000E+00  0.0000E+00  0.0000E+00
  6.0000E+00  0.0000E+00  2.1800E+04  0.0000E+00  1.0000E+00  0.0000E+00  0.0000E+00  0.0000E+00  0.0000E+00  1.0000E+00  0.0000E+00  1.0000E+00  0.0000E+00  0.0000E+00
  6.0000E+00  0.0000E+00  0.0000E+00  0.0000E+00  0.0000E+00  0.0000E+00  0.0000E+00  0.0000E+00  0.0000E+00  1.0000E+00  0.0000E+00  1.0000E+00  0.0000E+00  0.0000E+00
  6.0000E+00  2.5000E-01  0.0000E+00  0.0000E+00  0.0000E+00  2.5005E+00  0.0000E+00 -1.9689E+00  0.0000E+00  1.0000E+00  0.0000E+00  6.6667E-02  0.0000E+00  0.0000E+00
  6.0000E+00  5.0000E-01  0.0000E+00  1.3900E+00  0.0000E+00  4.2545E+00  0.0000E+00 -1.3257E+00  0.0000E+00  1.0000E+00  1.3900E+00  6.9811E+00  0.0000E+00  0.0000E+00
  6.0000E+00  1.0000E+00  0.0000E+00  9.5800E+00  0.0000E+00  6.1988E+00  0.0000E+00  1.0740E+00  0.0000E+00  1.0000E+00  9.5800E+00  9.7181E+00  0.0000E+00  0.0000E+00
  6.0000E+00  2.0000E+00  0.0000E+00  9.5100E+00  0.0000E+00  6.7522E+00  0.0000E+00  8.0416E-01  0.0000E+00  1.0000E+00  9.5100E+00  9.8528E+00  0.0000E+00  0.0000E+00
  6.0000E+00  4.0000E+00  0.0000E+00  4.9900E+00  0.0000E+00  4.4147E+00  0.0000E+00  2.5658E-01  0.0000E+00  1.0000E+00  4.9900E+00  5.9387E+00  0.0000E+00  0.0000E+00
  6.0000E+00  6.0000E+00  0.0000E+00  3.2100E+00  0.0000E+00  6.5991E+00  0.0000E+00 -1.0112E+00  0.0000E+00  1.0000E+00  3.2100E+00  9.3877E+00  0.0000E+00  0.0000E+00
  6.0000E+00  8.0000E+00  0.0000E+00  9.1800E+00  0.0000E+00  6.1149E+00  0.0000E+00  9.8692E-01  0.0000E+00  1.0000E+00  9.1800E+00  8.5411E+00  0.0000E+00  0.0000E+00
  6.0000E+00  1.2000E+01  0.0000E+00  3.8300E+00  0.0000E+00  4.0629E+00  0.0000E+00 -1.1286E-01  0.0000E+00  1.0000E+00  3.8300E+00  5.3250E+00  0.0000E+00  0.0000E+00
  6.0000E+00  2.4000E+01  0.0000E+00  5.0000E-01  0.0000E+00  5.1733E-02  0.0000E+00  1.7061E+01  1.0000E+00  1.0000E+00  5.0000E-01  1.0000E+00  0.0000E+00  0.0000E+00
  7.0000E+00  0.0000E+00  2.3800E+04  0.0000E+00  1.0000E+00  0.0000E+00  0.0000E+00  0.0000E+00  0.0000E+00  1.0000E+00  0.0000E+00  1.0000E+00  0.0000E+00  0.0000E+00
  7.0000E+00  0.0000E+00  2.3800E+04  0.0000E+00  1.0000E+00  0.0000E+00  0.0000E+00  0.0000E+00  0.0000E+00  1.0000E+00  0.0000E+00  1.0000E+00  0.0000E+00  0.0000E+00
  7.0000E+00  0.0000E+00  0.0000E+00  0.0000E+00  0.0000E+00  0.0000E+00  0.0000E+00  0.0000E+00  0.0000E+00  1.0000E+00  0.0000E+00  1.0000E+00  0.0000E+00  0.0000E+00
  7.0000E+00  2.5000E-01  0.0000E+00  2.7200E+00  0.0000E+00  3.8252E+00  0.0000E+00 -5.6889E-01  0.0000E+00  1.0000E+00  2.7200E+00  4.5946E+00  0.0000E+00  0.0000E+00
  7.0000E+00  5.0000E-01  0.0000E+00  3.0600E+00  0.0000E+00  6.4825E+00  0.0000E+00 -1.0395E+00  0.0000E+00  1.0000E+00  3.0600E+00  7.6216E+00  0.0000E+00  0.0000E+00
  7.0000E+00  1.0000E+00  0.0000E+00  5.3900E+00  0.0000E+00  9.3766E+00  0.0000E+00 -8.3712E-01  0.0000E+00  1.0000E+00  5.3900E+00  1.0610E+01  0.0000E+00  0.0000E+00
  7.0000E+00  2.0000E+00  0.0000E+00  2.4700E+01  0.0000E+00  1.0093E+01  0.0000E+00  2.8493E+00  0.0000E+00  1.0000E+00  2.4700E+01  1.0757E+01  0.0000E+00  0.0000E+00
  7.0000E+00  4.0000E+00  0.0000E+00  3.7600E+00  0.0000E+00  6.5034E+00  0.0000E+00 -8.3058E-01  0.0000E+00  1.0000E+00  3.7600E+00  6.4835E+00  0.0000E+00  0.0000E+00
  7.0000E+00  6.0000E+00  0.0000E+00  3.1900E+00  0.0000E+00  9.8108E+00  0.0000E+00 -1.3287E+00  0.0000E+00  1.0000E+00  3.1900E+00  1.0249E+01  0.0000E+00  0.0000E+00
  7.0000E+00  8.0000E+00  0.0000E+00  6.4300E+00  0.0000E+00  9.0613E+00  0.0000E+00 -5.7176E-01  0.0000E+00  1.0000E+00  6.4300E+00  9.3246E+00  0.0000E+00  0.0000E+00
  7.0000E+00  1.2000E+01  0.0000E+00  4.9200E+00  0.0000E+00  5.9601E+00  0.0000E+00 -3.4360E-01  0.0000E+00  1.0000E+00  4.9200E+00  5.8135E+00  0.0000E+00  0.0000E+00
  7.0000E+00  2.4000E+01  0.0000E+00  5.0000E-01  0.0000E+00  7.5563E-02  0.0000E+00  1.1059E+01  1.0000E+00  1.0000E+00  5.0000E-01  1.0000E+00  0.0000E+00  0.0000E+00
  8.0000E+00  0.0000E+00  2.4400E+04  0.0000E+00  1.0000E+00  0.0000E+00  0.0000E+00  0.0000E+00  0.0000E+00  1.0000E+00  0.0000E+00  1.0000E+00  0.0000E+00  0.0000E+00
  8.0000E+00  0.0000E+00  2.4400E+04  0.0000E+00  1.0000E+00  0.0000E+00  0.0000E+00  0.0000E+00  0.0000E+00  1.0000E+00  0.0000E+00  1.0000E+00  0.0000E+00  0.0000E+00
  8.0000E+00  0.0000E+00  0.0000E+00  0.0000E+00  0.0000E+00  0.0000E+00  0.0000E+00  0.0000E+00  0.0000E+00  1.0000E+00  0.0000E+00  1.0000E+00  0.0000E+00  0.0000E+00
  8.0000E+00  2.5000E-01  0.0000E+00  4.4400E+00  0.0000E+00  4.6978E+00  0.0000E+00 -1.0805E-01  0.0000E+00  1.0000E+00  4.4400E+00  4.7105E+00  0.0000E+00  0.0000E+00
  8.0000E+00  5.0000E-01  0.0000E+00  9.7200E+00  0.0000E+00  7.4492E+00  0.0000E+00  6.0021E-01  0.0000E+00  1.0000E+00  9.7200E+00  7.8137E+00  0.0000E+00  0.0000E+00
  8.0000E+00  1.0000E+00  0.0000E+00  1.7700E+01  0.0000E+00  9.6030E+00  0.0000E+00  1.6601E+00  0.0000E+00  1.0000E+00  1.7700E+01  1.0877E+01  0.0000E+00  0.0000E+00
  8.0000E+00  2.0000E+00  0.0000E+00  7.3400E+00  0.0000E+00  8.7545E+00  0.0000E+00 -3.1814E-01  0.0000E+00  1.0000E+00  7.3400E+00  1.1028E+01  0.0000E+00  0.0000E+00
  8.0000E+00  4.0000E+00  0.0000E+00  4.9900E+00  0.0000E+00  4.8298E+00  0.0000E+00  6.5292E-02  0.0000E+00  1.0000E+00  4.9900E+00  6.6470E+00  0.0000E+00  0.0000E+00
  8.0000E+00  6.0000E+00  0.0000E+00  6.1800E+00  0.0000E+00  8.2555E+00  0.0000E+00 -4.9500E-01  0.0000E+00  1.0000E+00  6.1800E+00  1.0507E+01  0.0000E+00  0.0000E+00
  8.0000E+00  8.0000E+00  0.0000E+00  4.5600E+00  0.0000E+00  7.3604E+00  0.0000E+00 -7.4911E-01  0.0000E+00  1.0000E+00  4.5600E+00  9.5597E+00  0.0000E+00  0.0000E+00
  8.0000E+00  1.2000E+01  0.0000E+00  5.4200E+00  0.0000E+00  4.0940E+00  0.0000E+00  6.3774E-01  0.0000E+00  1.0000E+00  5.4200E+00  5.9601E+00  0.0000E+00  0.0000E+00
  8.0000E+00  2.4000E+01  0.0000E+00  5.0000E-01  0.0000E+00  5.3445E-02  0.0000E+00  1.6451E+01  1.0000E+00  1.0000E+00  5.0000E-01  1.0000E+00  0.0000E+00  0.0000E+00
  9.0000E+00  0.0000E+00  6.5700E+04  0.0000E+00  1.0000E+00  0.0000E+00  0.0000E+00  0.0000E+00  0.0000E+00  1.0000E+00  0.0000E+00  1.0000E+00  0.0000E+00  0.0000E+00
  9.0000E+00  0.0000E+00  6.5700E+04  0.0000E+00  1.0000E+00  0.0000E+00  0.0000E+00  0.0000E+00  0.0000E+00  1.0000E+00  0.0000E+00  1.0000E+00  0.0000E+00  0.0000E+00
  9.0000E+00  0.0000E+00  0.0000E+00  0.0000E+00  0.0000E+00  0.0000E+00  0.0000E+00  0.0000E+00  0.0000E+00  1.0000E+00  0.0000E+00  1.0000E+00  0.0000E+00  0.0000E+00
  9.0000E+00  2.5000E-01  0.0000E+00  6.1100E+01  0.0000E+00  4.9111E+01  0.0000E+00  4.8065E-01  0.0000E+00  1.0000E+00  6.1100E+01  1.2684E+01  0.0000E+00  0.0000E+00
  9.0000E+00  5.0000E-01  0.0000E+00  1.5100E+02  0.0000E+00  6.6149E+01  0.0000E+00  2.5256E+00  0.0000E+00  1.0000E+00  1.5100E+02  2.1039E+01  0.0000E+00  0.0000E+00
  9.0000E+00  1.0000E+00  0.0000E+00  6.1800E+01  0.0000E+00  6.7975E+01  0.0000E+00 -1.7887E-01  0.0000E+00  1.0000E+00  6.1800E+01  2.9288E+01  0.0000E+00  0.0000E+00
  9.0000E+00  2.0000E+00  0.0000E+00  2.9100E+01  0.0000E+00  5.0792E+01  0.0000E+00 -8.4087E-01  0.0000E+00  1.0000E+00  2.9100E+01  2.9694E+01  0.0000E+00  0.0000E+00
  9.0000E+00  4.0000E+00  0.0000E+00  1.2200E+01  0.0000E+00  2.6083E+01  0.0000E+00 -1.0480E+00  0.0000E+00  1.0000E+00  1.2200E+01  1.7898E+01  0.0000E+00  0.0000E+00
  9.0000E+00  6.0000E+00  0.0000E+00  3.5300E+01  0.0000E+00  5.0015E+01  0.0000E+00 -5.7929E-01  0.0000E+00  1.0000E+00  3.5300E+01  2.8292E+01  0.0000E+00  0.0000E+00
  9.0000E+00  8.0000E+00  0.0000E+00  3.1900E+01  0.0000E+00  4.4066E+01  0.0000E+00 -5.4359E-01  0.0000E+00  1.0000E+00  3.1900E+01  2.5741E+01  0.0000E+00  0.0000E+00
  9.0000E+00  1.2000E+01  0.0000E+00  2.0000E+01  0.0000E+00  1.5324E+01  0.0000E+00  6.0088E-01  0.0000E+00  1.0000E+00  2.0000E+01  1.6048E+01  0.0000E+00  0.0000E+00
  9.0000E+00  2.4000E+01  0.0000E+00  5.0000E-01  0.0000E+00  2.8732E-01  0.0000E+00  1.4575E+00  1.0000E+00  1.0000E+00  5.0000E-01  1.0000E+00  0.0000E+00  0.0000E+00
  1.0000E+01  0.0000E+00  7.0500E+04  0.0000E+00  1.0000E+00  0.0000E+00  0.0000E+00  0.0000E+00  0.0000E+00  1.0000E+00  0.0000E+00  1.0000E+00  0.0000E+00  0.0000E+00
  1.0000E+01  0.0000E+00  7.0500E+04  0.0000E+00  1.0000E+00  0.0000E+00  0.0000E+00  0.0000E+00  0.0000E+00  1.0000E+00  0.0000E+00  1.0000E+00  0.0000E+00  0.0000E+00
  1.0000E+01  0.0000E+00  0.0000E+00  0.0000E+00  0.0000E+00  0.0000E+00  0.0000E+00  0.0000E+00  0.0000E+00  1.0000E+00  0.0000E+00  1.0000E+00  0.0000E+00  0.0000E+00
  1.0000E+01  2.5000E-01  0.0000E+00  7.4900E+00  0.0000E+00  1.1889E+01  0.0000E+00 -7.2853E-01  0.0000E+00  1.0000E+00  7.4900E+00  1.3610E+01  0.0000E+00  0.0000E+00
  1.0000E+01  5.0000E-01  0.0000E+00  1.1400E+01  0.0000E+00  2.1174E+01  0.0000E+00 -9.0888E-01  0.0000E+00  1.0000E+00  1.1400E+01  2.2577E+01  0.0000E+00  0.0000E+00
  1.0000E+01  1.0000E+00  0.0000E+00  4.4700E+01  0.0000E+00  3.3622E+01  0.0000E+00  6.4877E-01  0.0000E+00  1.0000E+00  4.4700E+01  3.1428E+01  0.0000E+00  0.0000E+00
  1.0000E+01  2.0000E+00  0.0000E+00  4.1200E+01  0.0000E+00  4.2593E+01  0.0000E+00 -6.4414E-02  0.0000E+00  1.0000E+00  4.1200E+01  3.1863E+01  0.0000E+00  0.0000E+00
  1.0000E+01  4.0000E+00  0.0000E+00  4.5400E+01  0.0000E+00  3.4886E+01  0.0000E+00  5.9339E-01  0.0000E+00  1.0000E+00  4.5400E+01  1.9205E+01  0.0000E+00  0.0000E+00
  1.0000E+01  6.0000E+00  0.0000E+00  7.5200E+01  0.0000E+00  4.7353E+01  0.0000E+00  1.1579E+00  0.0000E+00  1.0000E+00  7.5200E+01  3.0359E+01  0.0000E+00  0.0000E+00
  1.0000E+01  8.0000E+00  0.0000E+00  7.7200E+01  0.0000E+00  4.6193E+01  0.0000E+00  1.3217E+00  0.0000E+00  1.0000E+00  7.7200E+01  2.7621E+01  0.0000E+00  0.0000E+00
  1.0000E+01  1.2000E+01  0.0000E+00  4.3900E+01  0.0000E+00  3.4879E+01  0.0000E+00  5.0922E-01  0.0000E+00  1.0000E+00  4.3900E+01  1.7221E+01  0.0000E+00  0.0000E+00
  1.0000E+01  2.4000E+01  0.0000E+00  5.0000E-01  0.0000E+00  5.5547E-01  0.0000E+00 -1.9663E-01  1.0000E+00  1.0000E+00  5.0000E-01  1.0000E+00  0.0000E+00  0.0000E+00
  1.1000E+01  0.0000E+00  7.8600E+04  0.0000E+00  1.0000E+00  0.0000E+00  0.0000E+00  0.0000E+00  0.0000E+00  1.0000E+00  0.0000E+00  1.0000E+00  0.0000E+00  0.0000E+00
  1.1000E+01  0.0000E+00  7.8600E+04  0.0000E+00  1.0000E+00  0.0000E+00  0.0000E+00  0.0000E+00  0.0000E+00  1.0000E+00  0.0000E+00  1.0000E+00  0.0000E+00  0.0000E+00
  1.1000E+01  0.0000E+00  0.0000E+00  0.0000E+00  0.0000E+00  0.0000E+00  0.0000E+00  0.0000E+00  0.0000E+00  1.0000E+00  0.0000E+00  1.0000E+00  0.0000E+00  0.0000E+00
  1.1000E+01  2.5000E-01  0.0000E+00  4.7300E+00  0.0000E+00  1.6154E+01  0.0000E+00 -1.3924E+00  0.0000E+00  1.0000E+00  4.7300E+00  1.5174E+01  0.0000E+00  0.0000E+00
  1.1000E+01  5.0000E-01  0.0000E+00  8.1400E+00  0.0000E+00  2.7963E+01  0.0000E+00 -1.3958E+00  0.0000E+00  1.0000E+00  8.1400E+00  2.5170E+01  0.0000E+00  0.0000E+00
  1.1000E+01  1.0000E+00  0.0000E+00  1.2200E+01  0.0000E+00  4.2063E+01  0.0000E+00 -1.3979E+00  0.0000E+00  1.0000E+00  1.2200E+01  3.5039E+01  0.0000E+00  0.0000E+00
  1.1000E+01  2.0000E+00  0.0000E+00  1.1000E+02  0.0000E+00  4.8346E+01  0.0000E+00  2.5109E+00  0.0000E+00  1.0000E+00  1.1000E+02  3.5524E+01  0.0000E+00  0.0000E+00
  1.1000E+01  4.0000E+00  0.0000E+00  1.7000E+01  0.0000E+00  3.3972E+01  0.0000E+00 -9.8366E-01  0.0000E+00  1.0000E+00  1.7000E+01  2.1412E+01  0.0000E+00  0.0000E+00
  1.1000E+01  6.0000E+00  0.0000E+00  1.3500E+01  0.0000E+00  4.8799E+01  0.0000E+00 -1.4242E+00  0.0000E+00  1.0000E+00  1.3500E+01  3.3847E+01  0.0000E+00  0.0000E+00
  1.1000E+01  8.0000E+00  0.0000E+00  4.1300E+01  0.0000E+00  4.5947E+01  0.0000E+00 -1.9912E-01  0.0000E+00  1.0000E+00  4.1300E+01  3.0795E+01  0.0000E+00  0.0000E+00
  1.1000E+01  1.2000E+01  0.0000E+00  4.7700E+01  0.0000E+00  3.1924E+01  0.0000E+00  9.7300E-01  0.0000E+00  1.0000E+00  4.7700E+01  1.9199E+01  0.0000E+00  0.0000E+00
  1.1000E+01  2.4000E+01  0.0000E+00  5.0000E-01  0.0000E+00  4.2103E-01  0.0000E+00  3.6928E-01  1.0000E+00  1.0000E+00  5.0000E-01  1.0000E+00  0.0000E+00  0.0000E+00
  1.5000E+01  0.0000E+00  2.2700E+05  0.0000E+00  1.0000E+00  0.0000E+00  0.0000E+00  0.0000E+00  0.0000E+00  1.0000E+00  0.0000E+00  1.0000E+00  0.0000E+00  0.0000E+00
  1.5000E+01  0.0000E+00  2.2700E+05  0.0000E+00  1.0000E+00  0.0000E+00  0.0000E+00  0.0000E+00  0.0000E+00  1.0000E+00  0.0000E+00  1.0000E+00  0.0000E+00  0.0000E+00
  1.5000E+01  0.0000E+00  0.0000E+00  0.0000E+00  0.0000E+00  0.0000E+00  0.0000E+00  0.0000E+00  0.0000E+00  1.0000E+00  0.0000E+00  1.0000E+00  0.0000E+00  0.0000E+00
  1.5000E+01  2.5000E-01  0.0000E+00  1.1600E+01  0.0000E+00  1.9568E+01  0.0000E+00 -8.0171E-01  0.0000E+00  1.0000E+00  1.1600E+01  4.3823E+01  0.0000E+00  0.0000E+00
  1.5000E+01  5.0000E-01  0.0000E+00  4.0600E+01  0.0000E+00  3.3237E+01  0.0000E+00  4.3620E-01  0.0000E+00  1.0000E+00  4.0600E+01  7.2693E+01  0.0000E+00  0.0000E+00
  1.5000E+01  1.0000E+00  0.0000E+00  7.2100E+01  0.0000E+00  4.8276E+01  0.0000E+00  9.7167E-01  0.0000E+00  1.0000E+00  7.2100E+01  1.0119E+02  0.0000E+00  0.0000E+00
  1.5000E+01  2.0000E+00  0.0000E+00  3.9700E+01  0.0000E+00  5.2320E+01  0.0000E+00 -4.7491E-01  0.0000E+00  1.0000E+00  3.9700E+01  1.0260E+02  0.0000E+00  0.0000E+00
  1.5000E+01  4.0000E+00  0.0000E+00  4.5700E+01  0.0000E+00  3.3992E+01  0.0000E+00  6.7816E-01  0.0000E+00  1.0000E+00  4.5700E+01  6.1839E+01  0.0000E+00  0.0000E+00
  1.5000E+01  6.0000E+00  0.0000E+00  6.1800E+01  0.0000E+00  5.1011E+01  0.0000E+00  4.1645E-01  0.0000E+00  1.0000E+00  6.1800E+01  9.7753E+01  0.0000E+00  0.0000E+00
  1.5000E+01  8.0000E+00  0.0000E+00  5.6100E+01  0.0000E+00  4.7201E+01  0.0000E+00  3.7120E-01  0.0000E+00  1.0000E+00  5.6100E+01  8.8937E+01  0.0000E+00  0.0000E+00
  1.5000E+01  1.2000E+01  0.0000E+00  2.7000E+01  0.0000E+00  3.1227E+01  0.0000E+00 -2.6652E-01  0.0000E+00  1.0000E+00  2.7000E+01  5.5448E+01  0.0000E+00  0.0000E+00
  1.5000E+01  2.4000E+01  0.0000E+00  5.0000E-01  0.0000E+00  3.9683E-01  0.0000E+00  5.1192E-01  1.0000E+00  1.0000E+00  5.0000E-01  8.0311E-01  0.0000E+00  0.0000E+00
  1.6000E+01  0.0000E+00  2.1500E+05  0.0000E+00  1.0000E+00  0.0000E+00  0.0000E+00  0.0000E+00  0.0000E+00  1.0000E+00  0.0000E+00  1.0000E+00  0.0000E+00  0.0000E+00
  1.6000E+01  0.0000E+00  2.1500E+05  0.0000E+00  1.0000E+00  0.0000E+00  0.0000E+00  0.0000E+00  0.0000E+00  1.0000E+00  0.0000E+00  1.0000E+00  0.0000E+00  0.0000E+00
  1.6000E+01  0.0000E+00  0.0000E+00  0.0000E+00  0.0000E+00  0.0000E+00  0.0000E+00  0.0000E+00  0.0000E+00  1.0000E+00  0.0000E+00  1.0000E+00  0.0000E+00  0.0000E+00
  1.6000E+01  2.5000E-01  0.0000E+00  6.4700E+00  0.0000E+00  5.9785E+01  0.0000E+00 -1.7558E+00  0.0000E+00  1.0000E+00  6.4700E+00  4.1506E+01  0.0000E+00  0.0000E+00
  1.6000E+01  5.0000E-01  0.0000E+00  1.1400E+01  0.0000E+00  1.0185E+02  0.0000E+00 -1.7485E+00  0.0000E+00  1.0000E+00  1.1400E+01  6.8850E+01  0.0000E+00  0.0000E+00
  1.6000E+01  1.0000E+00  0.0000E+00  1.5500E+02  0.0000E+00  1.4872E+02  0.0000E+00  8.3165E-02  0.0000E+00  1.0000E+00  1.5500E+02  9.5843E+01  0.0000E+00  0.0000E+00
  1.6000E+01  2.0000E+00  0.0000E+00  1.9400E+02  0.0000E+00  1.6259E+02  0.0000E+00  3.8039E-01  0.0000E+00  1.0000E+00  1.9400E+02  9.7172E+01  0.0000E+00  0.0000E+00
  1.6000E+01  4.0000E+00  0.0000E+00  8.8000E+01  0.0000E+00  1.0679E+02  0.0000E+00 -3.4649E-01  0.0000E+00  1.0000E+00  8.8000E+01  5.8570E+01  0.0000E+00  0.0000E+00
  1.6000E+01  6.0000E+00  0.0000E+00  3.2400E+02  0.0000E+00  1.5919E+02  0.0000E+00  2.0385E+00  0.0000E+00  1.0000E+00  3.2400E+02  9.2585E+01  0.0000E+00  0.0000E+00
  1.6000E+01  8.0000E+00  0.0000E+00  2.5300E+02  0.0000E+00  1.4766E+02  0.0000E+00  1.4046E+00  0.0000E+00  1.0000E+00  2.5300E+02  8.4235E+01  0.0000E+00  0.0000E+00
  1.6000E+01  1.2000E+01  0.0000E+00  7.2500E+01  0.0000E+00  9.8412E+01  0.0000E+00 -5.1841E-01  0.0000E+00  1.0000E+00  7.2500E+01  5.2517E+01  0.0000E+00  0.0000E+00
  1.6000E+01  2.4000E+01  0.0000E+00  5.0000E-01  0.0000E+00  1.2550E+00  0.0000E+00 -1.1845E+00  1.0000E+00  1.0000E+00  5.0000E-01  8.4382E-01  0.0000E+00  0.0000E+00
  1.7000E+01  0.0000E+00  2.4900E+05  0.0000E+00  1.0000E+00  0.0000E+00  0.0000E+00  0.0000E+00  0.0000E+00  1.0000E+00  0.0000E+00  1.0000E+00  0.0000E+00  0.0000E+00
  1.7000E+01  0.0000E+00  2.4900E+05  0.0000E+00  1.0000E+00  0.0000E+00  0.0000E+00  0.0000E+00  0.0000E+00  1.0000E+00  0.0000E+00  1.0000E+00  0.0000E+00  0.0000E+00
  1.7000E+01  0.0000E+00  0.0000E+00  0.0000E+00  0.0000E+00  0.0000E+00  0.0000E+00  0.0000E+00  0.0000E+00  1.0000E+00  0.0000E+00  1.0000E+00  0.0000E+00  0.0000E+00
  1.7000E+01  2.5000E-01  0.0000E+00  1.0800E+01  0.0000E+00  1.6254E+01  0.0000E+00 -6.6065E-01  0.0000E+00  1.0000E+00  1.0800E+01  4.8070E+01  0.0000E+00  0.0000E+00
  1.7000E+01  5.0000E-01  0.0000E+00  1.7400E+01  0.0000E+00  2.8885E+01  0.0000E+00 -7.8286E-01  0.0000E+00  1.0000E+00  1.7400E+01  7.9738E+01  0.0000E+00  0.0000E+00
  1.7000E+01  1.0000E+00  0.0000E+00  4.2300E+01  0.0000E+00  4.5673E+01  0.0000E+00 -1.4542E-01  0.0000E+00  1.0000E+00  4.2300E+01  1.1100E+02  0.0000E+00  0.0000E+00
  1.7000E+01  2.0000E+00  0.0000E+00  4.8500E+01  0.0000E+00  5.7413E+01  0.0000E+00 -3.0566E-01  0.0000E+00  1.0000E+00  4.8500E+01  1.1254E+02  0.0000E+00  0.0000E+00
  1.7000E+01  4.0000E+00  0.0000E+00  5.4500E+01  0.0000E+00  4.6405E+01  0.0000E+00  3.4348E-01  0.0000E+00  1.0000E+00  5.4500E+01  6.7832E+01  0.0000E+00  0.0000E+00
  1.7000E+01  6.0000E+00  0.0000E+00  1.3500E+02  0.0000E+00  6.3203E+01  0.0000E+00  2.2366E+00  0.0000E+00  1.0000E+00  1.3500E+02  1.0723E+02  0.0000E+00  0.0000E+00
  1.7000E+01  8.0000E+00  0.0000E+00  6.3900E+01  0.0000E+00  6.1454E+01  0.0000E+00  7.8373E-02  0.0000E+00  1.0000E+00  6.3900E+01  9.7556E+01  0.0000E+00  0.0000E+00
  1.7000E+01  1.2000E+01  0.0000E+00  3.6300E+01  0.0000E+00  4.6075E+01  0.0000E+00 -4.1771E-01  0.0000E+00  1.0000E+00  3.6300E+01  6.0822E+01  0.0000E+00  0.0000E+00
  1.7000E+01  2.4000E+01  0.0000E+00  5.0000E-01  0.0000E+00  7.1517E-01  0.0000E+00 -5.9238E-01  1.0000E+00  1.0000E+00  5.0000E-01  7.2690E-01  0.0000E+00  0.0000E+00
