TABLE NO.  2
 ID          CL          V2          V3          Q           KA          F1          DOSE
  1.0000E+00  3.6561E+01  7.2954E+00  6.3526E+01  1.6093E+00  9.0049E-02  4.3878E-02  1.2500E+01
  1.0000E+00  3.6561E+01  7.2954E+00  6.3526E+01  1.6093E+00  9.0049E-02  4.3878E-02  1.2500E+01
  1.0000E+00  3.6561E+01  7.2954E+00  6.3526E+01  1.6093E+00  9.0049E-02  4.3878E-02  1.2500E+01
  1.0000E+00  3.6561E+01  7.2954E+00  6.3526E+01  1.6093E+00  9.0049E-02  4.3878E-02  1.2500E+01
  1.0000E+00  3.6561E+01  7.2954E+00  6.3526E+01  1.6093E+00  9.0049E-02  4.3878E-02  1.2500E+01
  1.0000E+00  3.6561E+01  7.2954E+00  6.3526E+01  1.6093E+00  9.0049E-02  4.3878E-02  1.2500E+01
  1.0000E+00  3.6561E+01  7.2954E+00  6.3526E+01  1.6093E+00  9.0049E-02  4.3878E-02  1.2500E+01
  1.0000E+00  3.6561E+01  7.2954E+00  6.3526E+01  1.6093E+00  9.0049E-02  4.3878E-02  1.2500E+01
  1.0000E+00  3.6561E+01  7.2954E+00  6.3526E+01  1.6093E+00  9.0049E-02  4.3878E-02  1.2500E+01
  1.0000E+00  3.6561E+01  7.2954E+00  6.3526E+01  1.6093E+00  9.0049E-02  4.3878E-02  1.2500E+01
  1.0000E+00  3.6561E+01  7.2954E+00  6.3526E+01  1.6093E+00  9.0049E-02  4.3878E-02  1.2500E+01
  1.0000E+00  3.6561E+01  7.2954E+00  6.3526E+01  1.6093E+00  9.0049E-02  4.3878E-02  1.2500E+01
  1.0000E+00  3.6561E+01  7.2954E+00  6.3526E+01  1.6093E+00  9.0049E-02  4.3878E-02  1.2500E+01
  2.0000E+00  2.6175E+01  7.2954E+00  6.3526E+01  1.6093E+00  9.0049E-02  4.3878E-02  1.2500E+01
  2.0000E+00  2.6175E+01  7.2954E+00  6.3526E+01  1.6093E+00  9.0049E-02  4.3878E-02  1.2500E+01
  2.0000E+00  2.6175E+01  7.2954E+00  6.3526E+01  1.6093E+00  9.0049E-02  4.3878E-02  1.2500E+01
  2.0000E+00  2.6175E+01  7.2954E+00  6.3526E+01  1.6093E+00  9.0049E-02  4.3878E-02  1.2500E+01
  2.0000E+00  2.6175E+01  7.2954E+00  6.3526E+01  1.6093E+00  9.0049E-02  4.3878E-02  1.2500E+01
  2.0000E+00  2.6175E+01  7.2954E+00  6.3526E+01  1.6093E+00  9.0049E-02  4.3878E-02  1.2500E+01
  2.0000E+00  2.6175E+01  7.2954E+00  6.3526E+01  1.6093E+00  9.0049E-02  4.3878E-02  1.2500E+01
  2.0000E+00  2.6175E+01  7.2954E+00  6.3526E+01  1.6093E+00  9.0049E-02  4.3878E-02  1.2500E+01
  2.0000E+00  2.6175E+01  7.2954E+00  6.3526E+01  1.6093E+00  9.0049E-02  4.3878E-02  1.2500E+01
  2.0000E+00  2.6175E+01  7.2954E+00  6.3526E+01  1.6093E+00  9.0049E-02  4.3878E-02  1.2500E+01
  2.0000E+00  2.6175E+01  7.2954E+00  6.3526E+01  1.6093E+00  9.0049E-02  4.3878E-02  1.2500E+01
  2.0000E+00  2.6175E+01  7.2954E+00  6.3526E+01  1.6093E+00  9.0049E-02  4.3878E-02  1.2500E+01
  2.0000E+00  2.6175E+01  7.2954E+00  6.3526E+01  1.6093E+00  9.0049E-02  4.3878E-02  1.2500E+01
  3.0000E+00  1.0844E+01  7.2954E+00  6.3526E+01  1.6093E+00  9.0049E-02  1.0000E+00  2.5000E+00
  3.0000E+00  1.0844E+01  7.2954E+00  6.3526E+01  1.6093E+00  9.0049E-02  1.0000E+00  2.5000E+00
  3.0000E+00  1.0844E+01  7.2954E+00  6.3526E+01  1.6093E+00  9.0049E-02  1.0000E+00  2.5000E+00
  3.0000E+00  1.0844E+01  7.2954E+00  6.3526E+01  1.6093E+00  9.0049E-02  1.0000E+00  2.5000E+00
  3.0000E+00  1.0844E+01  7.2954E+00  6.3526E+01  1.6093E+00  9.0049E-02  1.0000E+00  2.5000E+00
  3.0000E+00  1.0844E+01  7.2954E+00  6.3526E+01  1.6093E+00  9.0049E-02  1.0000E+00  2.5000E+00
  3.0000E+00  1.0844E+01  7.2954E+00  6.3526E+01  1.6093E+00  9.0049E-02  1.0000E+00  2.5000E+00
  3.0000E+00  1.0844E+01  7.2954E+00  6.3526E+01  1.6093E+00  9.0049E-02  1.0000E+00  2.5000E+00
  3.0000E+00  1.0844E+01  7.2954E+00  6.3526E+01  1.6093E+00  9.0049E-02  1.0000E+00  2.5000E+00
  3.0000E+00  1.0844E+01  7.2954E+00  6.3526E+01  1.6093E+00  9.0049E-02  1.0000E+00  2.5000E+00
  3.0000E+00  1.0844E+01  7.2954E+00  6.3526E+01  1.6093E+00  9.0049E-02  1.0000E+00  2.5000E+00
  3.0000E+00  1.0844E+01  7.2954E+00  6.3526E+01  1.6093E+00  9.0049E-02  1.0000E+00  2.5000E+00
  4.0000E+00  1.2638E+01  7.2954E+00  6.3526E+01  1.6093E+00  9.0049E-02  1.0000E+00  2.5000E+00
  4.0000E+00  1.2638E+01  7.2954E+00  6.3526E+01  1.6093E+00  9.0049E-02  1.0000E+00  2.5000E+00
  4.0000E+00  1.2638E+01  7.2954E+00  6.3526E+01  1.6093E+00  9.0049E-02  1.0000E+00  2.5000E+00
  4.0000E+00  1.2638E+01  7.2954E+00  6.3526E+01  1.6093E+00  9.0049E-02  1.0000E+00  2.5000E+00
  4.0000E+00  1.2638E+01  7.2954E+00  6.3526E+01  1.6093E+00  9.0049E-02  1.0000E+00  2.5000E+00
  4.0000E+00  1.2638E+01  7.2954E+00  6.3526E+01  1.6093E+00  9.0049E-02  1.0000E+00  2.5000E+00
  4.0000E+00  1.2638E+01  7.2954E+00  6.3526E+01  1.6093E+00  9.0049E-02  1.0000E+00  2.5000E+00
  4.0000E+00  1.2638E+01  7.2954E+00  6.3526E+01  1.6093E+00  9.0049E-02  1.0000E+00  2.5000E+00
  4.0000E+00  1.2638E+01  7.2954E+00  6.3526E+01  1.6093E+00  9.0049E-02  1.0000E+00  2.5000E+00
  4.0000E+00  1.2638E+01  7.2954E+00  6.3526E+01  1.6093E+00  9.0049E-02  1.0000E+00  2.5000E+00
  4.0000E+00  1.2638E+01  7.2954E+00  6.3526E+01  1.6093E+00  9.0049E-02  1.0000E+00  2.5000E+00
  4.0000E+00  1.2638E+01  7.2954E+00  6.3526E+01  1.6093E+00  9.0049E-02  1.0000E+00  2.5000E+00
  5.0000E+00  1.1728E+01  7.2954E+00  6.3526E+01  1.6093E+00  9.0049E-02  1.0000E+00  2.5000E+00
  5.0000E+00  1.1728E+01  7.2954E+00  6.3526E+01  1.6093E+00  9.0049E-02  1.0000E+00  2.5000E+00
  5.0000E+00  1.1728E+01  7.2954E+00  6.3526E+01  1.6093E+00  9.0049E-02  1.0000E+00  2.5000E+00
  5.0000E+00  1.1728E+01  7.2954E+00  6.3526E+01  1.6093E+00  9.0049E-02  1.0000E+00  2.5000E+00
  5.0000E+00  1.1728E+01  7.2954E+00  6.3526E+01  1.6093E+00  9.0049E-02  1.0000E+00  2.5000E+00
  5.0000E+00  1.1728E+01  7.2954E+00  6.3526E+01  1.6093E+00  9.0049E-02  1.0000E+00  2.5000E+00
  5.0000E+00  1.1728E+01  7.2954E+00  6.3526E+01  1.6093E+00  9.0049E-02  1.0000E+00  2.5000E+00
  5.0000E+00  1.1728E+01  7.2954E+00  6.3526E+01  1.6093E+00  9.0049E-02  1.0000E+00  2.5000E+00
  5.0000E+00  1.1728E+01  7.2954E+00  6.3526E+01  1.6093E+00  9.0049E-02  1.0000E+00  2.5000E+00
  5.0000E+00  1.1728E+01  7.2954E+00  6.3526E+01  1.6093E+00  9.0049E-02  1.0000E+00  2.5000E+00
  5.0000E+00  1.1728E+01  7.2954E+00  6.3526E+01  1.6093E+00  9.0049E-02  1.0000E+00  2.5000E+00
  5.0000E+00  1.1728E+01  7.2954E+00  6.3526E+01  1.6093E+00  9.0049E-02  1.0000E+00  2.5000E+00
  6.0000E+00  2.4849E+01  7.2954E+00  6.3526E+01  1.6093E+00  9.0049E-02  4.3878E-02  1.0000E+01
  6.0000E+00  2.4849E+01  7.2954E+00  6.3526E+01  1.6093E+00  9.0049E-02  4.3878E-02  1.0000E+01
  6.0000E+00  2.4849E+01  7.2954E+00  6.3526E+01  1.6093E+00  9.0049E-02  4.3878E-02  1.0000E+01
  6.0000E+00  2.4849E+01  7.2954E+00  6.3526E+01  1.6093E+00  9.0049E-02  4.3878E-02  1.0000E+01
  6.0000E+00  2.4849E+01  7.2954E+00  6.3526E+01  1.6093E+00  9.0049E-02  4.3878E-02  1.0000E+01
  6.0000E+00  2.4849E+01  7.2954E+00  6.3526E+01  1.6093E+00  9.0049E-02  4.3878E-02  1.0000E+01
  6.0000E+00  2.4849E+01  7.2954E+00  6.3526E+01  1.6093E+00  9.0049E-02  4.3878E-02  1.0000E+01
  6.0000E+00  2.4849E+01  7.2954E+00  6.3526E+01  1.6093E+00  9.0049E-02  4.3878E-02  1.0000E+01
  6.0000E+00  2.4849E+01  7.2954E+00  6.3526E+01  1.6093E+00  9.0049E-02  4.3878E-02  1.0000E+01
  6.0000E+00  2.4849E+01  7.2954E+00  6.3526E+01  1.6093E+00  9.0049E-02  4.3878E-02  1.0000E+01
  6.0000E+00  2.4849E+01  7.2954E+00  6.3526E+01  1.6093E+00  9.0049E-02  4.3878E-02  1.0000E+01
  6.0000E+00  2.4849E+01  7.2954E+00  6.3526E+01  1.6093E+00  9.0049E-02  4.3878E-02  1.0000E+01
  7.0000E+00  2.1066E+01  7.2954E+00  6.3526E+01  1.6093E+00  9.0049E-02  4.3878E-02  1.0000E+01
  7.0000E+00  2.1066E+01  7.2954E+00  6.3526E+01  1.6093E+00  9.0049E-02  4.3878E-02  1.0000E+01
  7.0000E+00  2.1066E+01  7.2954E+00  6.3526E+01  1.6093E+00  9.0049E-02  4.3878E-02  1.0000E+01
  7.0000E+00  2.1066E+01  7.2954E+00  6.3526E+01  1.6093E+00  9.0049E-02  4.3878E-02  1.0000E+01
  7.0000E+00  2.1066E+01  7.2954E+00  6.3526E+01  1.6093E+00  9.0049E-02  4.3878E-02  1.0000E+01
  7.0000E+00  2.1066E+01  7.2954E+00  6.3526E+01  1.6093E+00  9.0049E-02  4.3878E-02  1.0000E+01
  7.0000E+00  2.1066E+01  7.2954E+00  6.3526E+01  1.6093E+00  9.0049E-02  4.3878E-02  1.0000E+01
  7.0000E+00  2.1066E+01  7.2954E+00  6.3526E+01  1.6093E+00  9.0049E-02  4.3878E-02  1.0000E+01
  7.0000E+00  2.1066E+01  7.2954E+00  6.3526E+01  1.6093E+00  9.0049E-02  4.3878E-02  1.0000E+01
  7.0000E+00  2.1066E+01  7.2954E+00  6.3526E+01  1.6093E+00  9.0049E-02  4.3878E-02  1.0000E+01
  7.0000E+00  2.1066E+01  7.2954E+00  6.3526E+01  1.6093E+00  9.0049E-02  4.3878E-02  1.0000E+01
  7.0000E+00  2.1066E+01  7.2954E+00  6.3526E+01  1.6093E+00  9.0049E-02  4.3878E-02  1.0000E+01
  8.0000E+00  2.4934E+01  7.2954E+00  6.3526E+01  1.6093E+00  9.0049E-02  4.3878E-02  1.0000E+01
  8.0000E+00  2.4934E+01  7.2954E+00  6.3526E+01  1.6093E+00  9.0049E-02  4.3878E-02  1.0000E+01
  8.0000E+00  2.4934E+01  7.2954E+00  6.3526E+01  1.6093E+00  9.0049E-02  4.3878E-02  1.0000E+01
  8.0000E+00  2.4934E+01  7.2954E+00  6.3526E+01  1.6093E+00  9.0049E-02  4.3878E-02  1.0000E+01
  8.0000E+00  2.4934E+01  7.2954E+00  6.3526E+01  1.6093E+00  9.0049E-02  4.3878E-02  1.0000E+01
  8.0000E+00  2.4934E+01  7.2954E+00  6.3526E+01  1.6093E+00  9.0049E-02  4.3878E-02  1.0000E+01
  8.0000E+00  2.4934E+01  7.2954E+00  6.3526E+01  1.6093E+00  9.0049E-02  4.3878E-02  1.0000E+01
  8.0000E+00  2.4934E+01  7.2954E+00  6.3526E+01  1.6093E+00  9.0049E-02  4.3878E-02  1.0000E+01
  8.0000E+00  2.4934E+01  7.2954E+00  6.3526E+01  1.6093E+00  9.0049E-02  4.3878E-02  1.0000E+01
  8.0000E+00  2.4934E+01  7.2954E+00  6.3526E+01  1.6093E+00  9.0049E-02  4.3878E-02  1.0000E+01
  8.0000E+00  2.4934E+01  7.2954E+00  6.3526E+01  1.6093E+00  9.0049E-02  4.3878E-02  1.0000E+01
  8.0000E+00  2.4934E+01  7.2954E+00  6.3526E+01  1.6093E+00  9.0049E-02  4.3878E-02  1.0000E+01
  9.0000E+00  8.9064E+00  7.2954E+00  6.3526E+01  1.6093E+00  9.0049E-02  4.3878E-02  3.0000E+01
  9.0000E+00  8.9064E+00  7.2954E+00  6.3526E+01  1.6093E+00  9.0049E-02  4.3878E-02  3.0000E+01
  9.0000E+00  8.9064E+00  7.2954E+00  6.3526E+01  1.6093E+00  9.0049E-02  4.3878E-02  3.0000E+01
  9.0000E+00  8.9064E+00  7.2954E+00  6.3526E+01  1.6093E+00  9.0049E-02  4.3878E-02  3.0000E+01
  9.0000E+00  8.9064E+00  7.2954E+00  6.3526E+01  1.6093E+00  9.0049E-02  4.3878E-02  3.0000E+01
  9.0000E+00  8.9064E+00  7.2954E+00  6.3526E+01  1.6093E+00  9.0049E-02  4.3878E-02  3.0000E+01
  9.0000E+00  8.9064E+00  7.2954E+00  6.3526E+01  1.6093E+00  9.0049E-02  4.3878E-02  3.0000E+01
  9.0000E+00  8.9064E+00  7.2954E+00  6.3526E+01  1.6093E+00  9.0049E-02  4.3878E-02  3.0000E+01
  9.0000E+00  8.9064E+00  7.2954E+00  6.3526E+01  1.6093E+00  9.0049E-02  4.3878E-02  3.0000E+01
  9.0000E+00  8.9064E+00  7.2954E+00  6.3526E+01  1.6093E+00  9.0049E-02  4.3878E-02  3.0000E+01
  9.0000E+00  8.9064E+00  7.2954E+00  6.3526E+01  1.6093E+00  9.0049E-02  4.3878E-02  3.0000E+01
  9.0000E+00  8.9064E+00  7.2954E+00  6.3526E+01  1.6093E+00  9.0049E-02  4.3878E-02  3.0000E+01
  1.0000E+01  9.0972E+00  7.2954E+00  6.3526E+01  1.6093E+00  9.0049E-02  4.3878E-02  3.0000E+01
  1.0000E+01  9.0972E+00  7.2954E+00  6.3526E+01  1.6093E+00  9.0049E-02  4.3878E-02  3.0000E+01
  1.0000E+01  9.0972E+00  7.2954E+00  6.3526E+01  1.6093E+00  9.0049E-02  4.3878E-02  3.0000E+01
  1.0000E+01  9.0972E+00  7.2954E+00  6.3526E+01  1.6093E+00  9.0049E-02  4.3878E-02  3.0000E+01
  1.0000E+01  9.0972E+00  7.2954E+00  6.3526E+01  1.6093E+00  9.0049E-02  4.3878E-02  3.0000E+01
  1.0000E+01  9.0972E+00  7.2954E+00  6.3526E+01  1.6093E+00  9.0049E-02  4.3878E-02  3.0000E+01
  1.0000E+01  9.0972E+00  7.2954E+00  6.3526E+01  1.6093E+00  9.0049E-02  4.3878E-02  3.0000E+01
  1.0000E+01  9.0972E+00  7.2954E+00  6.3526E+01  1.6093E+00  9.0049E-02  4.3878E-02  3.0000E+01
  1.0000E+01  9.0972E+00  7.2954E+00  6.3526E+01  1.6093E+00  9.0049E-02  4.3878E-02  3.0000E+01
  1.0000E+01  9.0972E+00  7.2954E+00  6.3526E+01  1.6093E+00  9.0049E-02  4.3878E-02  3.0000E+01
  1.0000E+01  9.0972E+00  7.2954E+00  6.3526E+01  1.6093E+00  9.0049E-02  4.3878E-02  3.0000E+01
  1.0000E+01  9.0972E+00  7.2954E+00  6.3526E+01  1.6093E+00  9.0049E-02  4.3878E-02  3.0000E+01
  1.1000E+01  1.2166E+01  7.2954E+00  6.3526E+01  1.6093E+00  9.0049E-02  4.3878E-02  3.0000E+01
  1.1000E+01  1.2166E+01  7.2954E+00  6.3526E+01  1.6093E+00  9.0049E-02  4.3878E-02  3.0000E+01
  1.1000E+01  1.2166E+01  7.2954E+00  6.3526E+01  1.6093E+00  9.0049E-02  4.3878E-02  3.0000E+01
  1.1000E+01  1.2166E+01  7.2954E+00  6.3526E+01  1.6093E+00  9.0049E-02  4.3878E-02  3.0000E+01
  1.1000E+01  1.2166E+01  7.2954E+00  6.3526E+01  1.6093E+00  9.0049E-02  4.3878E-02  3.0000E+01
  1.1000E+01  1.2166E+01  7.2954E+00  6.3526E+01  1.6093E+00  9.0049E-02  4.3878E-02  3.0000E+01
  1.1000E+01  1.2166E+01  7.2954E+00  6.3526E+01  1.6093E+00  9.0049E-02  4.3878E-02  3.0000E+01
  1.1000E+01  1.2166E+01  7.2954E+00  6.3526E+01  1.6093E+00  9.0049E-02  4.3878E-02  3.0000E+01
  1.1000E+01  1.2166E+01  7.2954E+00  6.3526E+01  1.6093E+00  9.0049E-02  4.3878E-02  3.0000E+01
  1.1000E+01  1.2166E+01  7.2954E+00  6.3526E+01  1.6093E+00  9.0049E-02  4.3878E-02  3.0000E+01
  1.1000E+01  1.2166E+01  7.2954E+00  6.3526E+01  1.6093E+00  9.0049E-02  4.3878E-02  3.0000E+01
  1.1000E+01  1.2166E+01  7.2954E+00  6.3526E+01  1.6093E+00  9.0049E-02  4.3878E-02  3.0000E+01
  1.2000E+01  4.0276E+01  7.2954E+00  6.3526E+01  1.6093E+00  9.0049E-02  4.3878E-02  3.0000E+01
  1.2000E+01  4.0276E+01  7.2954E+00  6.3526E+01  1.6093E+00  9.0049E-02  4.3878E-02  3.0000E+01
  1.2000E+01  4.0276E+01  7.2954E+00  6.3526E+01  1.6093E+00  9.0049E-02  4.3878E-02  3.0000E+01
  1.2000E+01  4.0276E+01  7.2954E+00  6.3526E+01  1.6093E+00  9.0049E-02  4.3878E-02  3.0000E+01
  1.2000E+01  4.0276E+01  7.2954E+00  6.3526E+01  1.6093E+00  9.0049E-02  4.3878E-02  3.0000E+01
  1.2000E+01  4.0276E+01  7.2954E+00  6.3526E+01  1.6093E+00  9.0049E-02  4.3878E-02  3.0000E+01
  1.2000E+01  4.0276E+01  7.2954E+00  6.3526E+01  1.6093E+00  9.0049E-02  4.3878E-02  3.0000E+01
  1.2000E+01  4.0276E+01  7.2954E+00  6.3526E+01  1.6093E+00  9.0049E-02  4.3878E-02  3.0000E+01
  1.2000E+01  4.0276E+01  7.2954E+00  6.3526E+01  1.6093E+00  9.0049E-02  4.3878E-02  3.0000E+01
  1.2000E+01  4.0276E+01  7.2954E+00  6.3526E+01  1.6093E+00  9.0049E-02  4.3878E-02  3.0000E+01
  1.2000E+01  4.0276E+01  7.2954E+00  6.3526E+01  1.6093E+00  9.0049E-02  4.3878E-02  3.0000E+01
  1.2000E+01  4.0276E+01  7.2954E+00  6.3526E+01  1.6093E+00  9.0049E-02  4.3878E-02  3.0000E+01
  1.3000E+01  3.3176E+01  7.2954E+00  6.3526E+01  1.6093E+00  9.0049E-02  4.3878E-02  3.0000E+01
  1.3000E+01  3.3176E+01  7.2954E+00  6.3526E+01  1.6093E+00  9.0049E-02  4.3878E-02  3.0000E+01
  1.3000E+01  3.3176E+01  7.2954E+00  6.3526E+01  1.6093E+00  9.0049E-02  4.3878E-02  3.0000E+01
  1.3000E+01  3.3176E+01  7.2954E+00  6.3526E+01  1.6093E+00  9.0049E-02  4.3878E-02  3.0000E+01
  1.3000E+01  3.3176E+01  7.2954E+00  6.3526E+01  1.6093E+00  9.0049E-02  4.3878E-02  3.0000E+01
  1.3000E+01  3.3176E+01  7.2954E+00  6.3526E+01  1.6093E+00  9.0049E-02  4.3878E-02  3.0000E+01
  1.3000E+01  3.3176E+01  7.2954E+00  6.3526E+01  1.6093E+00  9.0049E-02  4.3878E-02  3.0000E+01
  1.3000E+01  3.3176E+01  7.2954E+00  6.3526E+01  1.6093E+00  9.0049E-02  4.3878E-02  3.0000E+01
  1.3000E+01  3.3176E+01  7.2954E+00  6.3526E+01  1.6093E+00  9.0049E-02  4.3878E-02  3.0000E+01
  1.3000E+01  3.3176E+01  7.2954E+00  6.3526E+01  1.6093E+00  9.0049E-02  4.3878E-02  3.0000E+01
  1.3000E+01  3.3176E+01  7.2954E+00  6.3526E+01  1.6093E+00  9.0049E-02  4.3878E-02  3.0000E+01
  1.3000E+01  3.3176E+01  7.2954E+00  6.3526E+01  1.6093E+00  9.0049E-02  4.3878E-02  3.0000E+01
  1.4000E+01  5.3290E+01  7.2954E+00  6.3526E+01  1.6093E+00  9.0049E-02  4.3878E-02  3.0000E+01
  1.4000E+01  5.3290E+01  7.2954E+00  6.3526E+01  1.6093E+00  9.0049E-02  4.3878E-02  3.0000E+01
  1.4000E+01  5.3290E+01  7.2954E+00  6.3526E+01  1.6093E+00  9.0049E-02  4.3878E-02  3.0000E+01
  1.4000E+01  5.3290E+01  7.2954E+00  6.3526E+01  1.6093E+00  9.0049E-02  4.3878E-02  3.0000E+01
  1.4000E+01  5.3290E+01  7.2954E+00  6.3526E+01  1.6093E+00  9.0049E-02  4.3878E-02  3.0000E+01
  1.4000E+01  5.3290E+01  7.2954E+00  6.3526E+01  1.6093E+00  9.0049E-02  4.3878E-02  3.0000E+01
  1.4000E+01  5.3290E+01  7.2954E+00  6.3526E+01  1.6093E+00  9.0049E-02  4.3878E-02  3.0000E+01
  1.4000E+01  5.3290E+01  7.2954E+00  6.3526E+01  1.6093E+00  9.0049E-02  4.3878E-02  3.0000E+01
  1.4000E+01  5.3290E+01  7.2954E+00  6.3526E+01  1.6093E+00  9.0049E-02  4.3878E-02  3.0000E+01
  1.4000E+01  5.3290E+01  7.2954E+00  6.3526E+01  1.6093E+00  9.0049E-02  4.3878E-02  3.0000E+01
  1.4000E+01  5.3290E+01  7.2954E+00  6.3526E+01  1.6093E+00  9.0049E-02  4.3878E-02  3.0000E+01
  1.4000E+01  5.3290E+01  7.2954E+00  6.3526E+01  1.6093E+00  9.0049E-02  4.3878E-02  3.0000E+01
  1.5000E+01  3.3935E+01  7.2954E+00  6.3526E+01  1.6093E+00  9.0049E-02  4.3878E-02  1.0000E+02
  1.5000E+01  3.3935E+01  7.2954E+00  6.3526E+01  1.6093E+00  9.0049E-02  4.3878E-02  1.0000E+02
  1.5000E+01  3.3935E+01  7.2954E+00  6.3526E+01  1.6093E+00  9.0049E-02  4.3878E-02  1.0000E+02
  1.5000E+01  3.3935E+01  7.2954E+00  6.3526E+01  1.6093E+00  9.0049E-02  4.3878E-02  1.0000E+02
  1.5000E+01  3.3935E+01  7.2954E+00  6.3526E+01  1.6093E+00  9.0049E-02  4.3878E-02  1.0000E+02
  1.5000E+01  3.3935E+01  7.2954E+00  6.3526E+01  1.6093E+00  9.0049E-02  4.3878E-02  1.0000E+02
  1.5000E+01  3.3935E+01  7.2954E+00  6.3526E+01  1.6093E+00  9.0049E-02  4.3878E-02  1.0000E+02
  1.5000E+01  3.3935E+01  7.2954E+00  6.3526E+01  1.6093E+00  9.0049E-02  4.3878E-02  1.0000E+02
  1.5000E+01  3.3935E+01  7.2954E+00  6.3526E+01  1.6093E+00  9.0049E-02  4.3878E-02  1.0000E+02
  1.5000E+01  3.3935E+01  7.2954E+00  6.3526E+01  1.6093E+00  9.0049E-02  4.3878E-02  1.0000E+02
  1.5000E+01  3.3935E+01  7.2954E+00  6.3526E+01  1.6093E+00  9.0049E-02  4.3878E-02  1.0000E+02
  1.5000E+01  3.3935E+01  7.2954E+00  6.3526E+01  1.6093E+00  9.0049E-02  4.3878E-02  1.0000E+02
  1.6000E+01  8.3698E+00  7.2954E+00  6.3526E+01  1.6093E+00  9.0049E-02  4.3878E-02  1.0000E+02
  1.6000E+01  8.3698E+00  7.2954E+00  6.3526E+01  1.6093E+00  9.0049E-02  4.3878E-02  1.0000E+02
  1.6000E+01  8.3698E+00  7.2954E+00  6.3526E+01  1.6093E+00  9.0049E-02  4.3878E-02  1.0000E+02
  1.6000E+01  8.3698E+00  7.2954E+00  6.3526E+01  1.6093E+00  9.0049E-02  4.3878E-02  1.0000E+02
  1.6000E+01  8.3698E+00  7.2954E+00  6.3526E+01  1.6093E+00  9.0049E-02  4.3878E-02  1.0000E+02
  1.6000E+01  8.3698E+00  7.2954E+00  6.3526E+01  1.6093E+00  9.0049E-02  4.3878E-02  1.0000E+02
  1.6000E+01  8.3698E+00  7.2954E+00  6.3526E+01  1.6093E+00  9.0049E-02  4.3878E-02  1.0000E+02
  1.6000E+01  8.3698E+00  7.2954E+00  6.3526E+01  1.6093E+00  9.0049E-02  4.3878E-02  1.0000E+02
  1.6000E+01  8.3698E+00  7.2954E+00  6.3526E+01  1.6093E+00  9.0049E-02  4.3878E-02  1.0000E+02
  1.6000E+01  8.3698E+00  7.2954E+00  6.3526E+01  1.6093E+00  9.0049E-02  4.3878E-02  1.0000E+02
  1.6000E+01  8.3698E+00  7.2954E+00  6.3526E+01  1.6093E+00  9.0049E-02  4.3878E-02  1.0000E+02
  1.6000E+01  8.3698E+00  7.2954E+00  6.3526E+01  1.6093E+00  9.0049E-02  4.3878E-02  1.0000E+02
  1.7000E+01  2.5746E+01  7.2954E+00  6.3526E+01  1.6093E+00  9.0049E-02  4.3878E-02  1.0000E+02
  1.7000E+01  2.5746E+01  7.2954E+00  6.3526E+01  1.6093E+00  9.0049E-02  4.3878E-02  1.0000E+02
  1.7000E+01  2.5746E+01  7.2954E+00  6.3526E+01  1.6093E+00  9.0049E-02  4.3878E-02  1.0000E+02
  1.7000E+01  2.5746E+01  7.2954E+00  6.3526E+01  1.6093E+00  9.0049E-02  4.3878E-02  1.0000E+02
  1.7000E+01  2.5746E+01  7.2954E+00  6.3526E+01  1.6093E+00  9.0049E-02  4.3878E-02  1.0000E+02
  1.7000E+01  2.5746E+01  7.2954E+00  6.3526E+01  1.6093E+00  9.0049E-02  4.3878E-02  1.0000E+02
  1.7000E+01  2.5746E+01  7.2954E+00  6.3526E+01  1.6093E+00  9.0049E-02  4.3878E-02  1.0000E+02
  1.7000E+01  2.5746E+01  7.2954E+00  6.3526E+01  1.6093E+00  9.0049E-02  4.3878E-02  1.0000E+02
  1.7000E+01  2.5746E+01  7.2954E+00  6.3526E+01  1.6093E+00  9.0049E-02  4.3878E-02  1.0000E+02
  1.7000E+01  2.5746E+01  7.2954E+00  6.3526E+01  1.6093E+00  9.0049E-02  4.3878E-02  1.0000E+02
  1.7000E+01  2.5746E+01  7.2954E+00  6.3526E+01  1.6093E+00  9.0049E-02  4.3878E-02  1.0000E+02
  1.7000E+01  2.5746E+01  7.2954E+00  6.3526E+01  1.6093E+00  9.0049E-02  4.3878E-02  1.0000E+02
