TABLE NO.  1
 ID          TIME        AMT         DV          MDV         IPRED       CWRES       IWRES       BQL         DV          PRED        RES         WRES
  1.0000E+00  0.0000E+00  2.9000E+04  0.0000E+00  1.0000E+00  0.0000E+00  0.0000E+00  0.0000E+00  0.0000E+00  0.0000E+00  1.0000E+00  0.0000E+00  0.0000E+00
  1.0000E+00  0.0000E+00  2.9000E+04  0.0000E+00  1.0000E+00  0.0000E+00  0.0000E+00  0.0000E+00  0.0000E+00  0.0000E+00  1.0000E+00  0.0000E+00  0.0000E+00
  1.0000E+00  0.0000E+00  0.0000E+00  0.0000E+00  0.0000E+00  0.0000E+00  0.0000E+00  0.0000E+00  0.0000E+00  0.0000E+00  1.0000E+00  0.0000E+00  0.0000E+00
  1.0000E+00  2.5000E-01  0.0000E+00  7.3000E-01  0.0000E+00  2.1608E+00  0.0000E+00 -2.3034E-01  0.0000E+00  7.3000E-01  4.1072E-01  0.0000E+00  0.0000E+00
  1.0000E+00  5.0000E-01  0.0000E+00  2.7500E+00  0.0000E+00  2.6973E+00  0.0000E+00  6.7932E-03  0.0000E+00  2.7500E+00  4.2665E+00  0.0000E+00  0.0000E+00
  1.0000E+00  1.0000E+00  0.0000E+00  7.2700E+00  0.0000E+00  2.7771E+00  0.0000E+00  5.6279E-01  0.0000E+00  7.2700E+00  5.2371E+00  0.0000E+00  0.0000E+00
  1.0000E+00  2.0000E+00  0.0000E+00  6.4500E+00  0.0000E+00  2.5557E+00  0.0000E+00  5.3005E-01  0.0000E+00  6.4500E+00  5.1803E+00  0.0000E+00  0.0000E+00
  1.0000E+00  3.0000E+00  0.0000E+00  6.8500E+00  0.0000E+00  2.3386E+00  0.0000E+00  6.7105E-01  0.0000E+00  6.8500E+00  4.7740E+00  0.0000E+00  0.0000E+00
  1.0000E+00  4.0000E+00  0.0000E+00  4.2300E+00  0.0000E+00  2.1401E+00  0.0000E+00  3.3971E-01  0.0000E+00  4.2300E+00  4.3764E+00  0.0000E+00  0.0000E+00
  1.0000E+00  6.0000E+00  0.0000E+00  6.0300E+00  0.0000E+00  1.7926E+00  0.0000E+00  8.2227E-01  0.0000E+00  6.0300E+00  3.6766E+00  0.0000E+00  0.0000E+00
  1.0000E+00  8.0000E+00  0.0000E+00  8.1100E+00  0.0000E+00  1.5024E+00  0.0000E+00  1.5298E+00  0.0000E+00  8.1100E+00  3.0915E+00  0.0000E+00  0.0000E+00
  1.0000E+00  1.2000E+01  0.0000E+00  5.0000E-01  0.0000E+00  1.0566E+00  0.0000E+00 -1.8325E-01  1.0000E+00  5.0000E-01  4.2500E-01  0.0000E+00  0.0000E+00
  1.0000E+00  2.4000E+01  0.0000E+00  5.0000E-01  0.0000E+00  3.7381E-01  0.0000E+00  1.1743E-01  1.0000E+00  5.0000E-01  5.3336E-01  0.0000E+00  0.0000E+00
  2.0000E+00  0.0000E+00  2.9000E+04  0.0000E+00  1.0000E+00  0.0000E+00  0.0000E+00  0.0000E+00  0.0000E+00  0.0000E+00  1.0000E+00  0.0000E+00  0.0000E+00
  2.0000E+00  0.0000E+00  2.9000E+04  0.0000E+00  1.0000E+00  0.0000E+00  0.0000E+00  0.0000E+00  0.0000E+00  0.0000E+00  1.0000E+00  0.0000E+00  0.0000E+00
  2.0000E+00  0.0000E+00  0.0000E+00  0.0000E+00  0.0000E+00  0.0000E+00  0.0000E+00  0.0000E+00  0.0000E+00  0.0000E+00  1.0000E+00  0.0000E+00  0.0000E+00
  2.0000E+00  2.5000E-01  0.0000E+00  1.2000E-01  0.0000E+00  2.4999E+00  0.0000E+00 -3.3116E-01  0.0000E+00  1.2000E-01  4.1072E-01  0.0000E+00  0.0000E+00
  2.0000E+00  5.0000E-01  0.0000E+00  1.8000E-01  0.0000E+00  3.4096E+00  0.0000E+00 -3.2949E-01  0.0000E+00  1.8000E-01  3.9500E-01  0.0000E+00  0.0000E+00
  2.0000E+00  1.0000E+00  0.0000E+00  1.4000E-01  0.0000E+00  3.7695E+00  0.0000E+00 -3.3494E-01  0.0000E+00  1.4000E-01  3.8919E-01  0.0000E+00  0.0000E+00
  2.0000E+00  2.0000E+00  0.0000E+00  1.1700E+00  0.0000E+00  3.5339E+00  0.0000E+00 -2.3269E-01  0.0000E+00  1.1700E+00  5.1803E+00  0.0000E+00  0.0000E+00
  2.0000E+00  3.0000E+00  0.0000E+00  8.4000E+00  0.0000E+00  3.2369E+00  0.0000E+00  5.5485E-01  0.0000E+00  8.4000E+00  4.7740E+00  0.0000E+00  0.0000E+00
  2.0000E+00  4.0000E+00  0.0000E+00  1.5500E+01  0.0000E+00  2.9636E+00  0.0000E+00  1.4715E+00  0.0000E+00  1.5500E+01  4.3764E+00  0.0000E+00  0.0000E+00
  2.0000E+00  6.0000E+00  0.0000E+00  8.5100E+00  0.0000E+00  2.4851E+00  0.0000E+00  8.4333E-01  0.0000E+00  8.5100E+00  3.6766E+00  0.0000E+00  0.0000E+00
  2.0000E+00  8.0000E+00  0.0000E+00  6.0400E+00  0.0000E+00  2.0854E+00  0.0000E+00  6.5964E-01  0.0000E+00  6.0400E+00  3.0915E+00  0.0000E+00  0.0000E+00
  2.0000E+00  1.2000E+01  0.0000E+00  5.0000E-01  0.0000E+00  1.4710E+00  0.0000E+00 -2.2962E-01  1.0000E+00  5.0000E-01  4.2500E-01  0.0000E+00  0.0000E+00
  2.0000E+00  2.4000E+01  0.0000E+00  5.0000E-01  0.0000E+00  5.2813E-01  0.0000E+00 -1.8528E-02  1.0000E+00  5.0000E-01  5.3336E-01  0.0000E+00  0.0000E+00
  3.0000E+00  0.0000E+00  5.4500E+03  0.0000E+00  1.0000E+00  7.4705E+02  0.0000E+00 -3.4786E-01  0.0000E+00  0.0000E+00  3.6415E-01  0.0000E+00  0.0000E+00
  3.0000E+00  1.7000E-02  0.0000E+00  2.5500E+03  0.0000E+00  7.2568E+02  0.0000E+00  8.7449E-01  0.0000E+00  2.5500E+03  7.1458E+02  0.0000E+00  0.0000E+00
  3.0000E+00  8.3500E-02  0.0000E+00  2.1100E+03  0.0000E+00  6.4782E+02  0.0000E+00  7.8514E-01  0.0000E+00  2.1100E+03  6.0061E+02  0.0000E+00  0.0000E+00
  3.0000E+00  2.5000E-01  0.0000E+00  1.4600E+03  0.0000E+00  4.8763E+02  0.0000E+00  6.9364E-01  0.0000E+00  1.4600E+03  3.8879E+02  0.0000E+00  0.0000E+00
  3.0000E+00  5.0000E-01  0.0000E+00  8.5300E+02  0.0000E+00  3.1848E+02  0.0000E+00  5.8384E-01  0.0000E+00  8.5300E+02  2.0248E+02  0.0000E+00  0.0000E+00
  3.0000E+00  1.0000E+00  0.0000E+00  5.5500E+02  0.0000E+00  1.3624E+02  0.0000E+00  1.0692E+00  0.0000E+00  5.5500E+02  5.5202E+01  0.0000E+00  0.0000E+00
  3.0000E+00  2.0000E+00  0.0000E+00  1.0300E+02  0.0000E+00  2.5776E+01  0.0000E+00  1.0422E+00  0.0000E+00  1.0300E+02  4.5867E+00  0.0000E+00  0.0000E+00
  3.0000E+00  4.0000E+00  0.0000E+00  7.4100E+00  0.0000E+00  2.1404E+00  0.0000E+00  8.5642E-01  0.0000E+00  7.4100E+00  5.8810E-01  0.0000E+00  0.0000E+00
  3.0000E+00  6.0000E+00  0.0000E+00  4.4900E+00  0.0000E+00  1.3119E+00  0.0000E+00  8.4273E-01  0.0000E+00  4.4900E+00  5.4118E-01  0.0000E+00  0.0000E+00
  3.0000E+00  8.0000E+00  0.0000E+00  5.2500E+00  0.0000E+00  1.2313E+00  0.0000E+00  1.1354E+00  0.0000E+00  5.2500E+00  5.1656E-01  0.0000E+00  0.0000E+00
  3.0000E+00  1.2000E+01  0.0000E+00  2.4600E+00  0.0000E+00  1.1267E+00  0.0000E+00  4.1164E-01  0.0000E+00  2.4600E+00  4.7083E-01  0.0000E+00  0.0000E+00
  3.0000E+00  2.4000E+01  0.0000E+00  5.0000E-01  0.0000E+00  8.6510E-01  0.0000E+00 -1.4681E-01  1.0000E+00  5.0000E-01  7.3494E-01  0.0000E+00  0.0000E+00
  4.0000E+00  0.0000E+00  5.9500E+03  0.0000E+00  1.0000E+00  8.1558E+02  0.0000E+00 -3.4786E-01  0.0000E+00  0.0000E+00  3.6413E-01  0.0000E+00  0.0000E+00
  4.0000E+00  1.7000E-02  0.0000E+00  2.3000E+03  0.0000E+00  7.8895E+02  0.0000E+00  6.6624E-01  0.0000E+00  2.3000E+03  7.8014E+02  0.0000E+00  0.0000E+00
  4.0000E+00  8.3500E-02  0.0000E+00  2.0000E+03  0.0000E+00  6.9288E+02  0.0000E+00  6.5623E-01  0.0000E+00  2.0000E+03  6.5571E+02  0.0000E+00  0.0000E+00
  4.0000E+00  2.5000E-01  0.0000E+00  1.2600E+03  0.0000E+00  5.0064E+02  0.0000E+00  5.2762E-01  0.0000E+00  1.2600E+03  4.2446E+02  0.0000E+00  0.0000E+00
  4.0000E+00  5.0000E-01  0.0000E+00  7.3500E+02  0.0000E+00  3.0749E+02  0.0000E+00  4.8363E-01  0.0000E+00  7.3500E+02  2.2106E+02  0.0000E+00  0.0000E+00
  4.0000E+00  1.0000E+00  0.0000E+00  4.3200E+02  0.0000E+00  1.1639E+02  0.0000E+00  9.4329E-01  0.0000E+00  4.3200E+02  6.0266E+01  0.0000E+00  0.0000E+00
  4.0000E+00  2.0000E+00  0.0000E+00  5.4600E+01  0.0000E+00  1.7462E+01  0.0000E+00  7.3982E-01  0.0000E+00  5.4600E+01  5.0075E+00  0.0000E+00  0.0000E+00
  4.0000E+00  4.0000E+00  0.0000E+00  7.2500E+00  0.0000E+00  1.4423E+00  0.0000E+00  1.4007E+00  0.0000E+00  7.2500E+00  6.4206E-01  0.0000E+00  0.0000E+00
  4.0000E+00  6.0000E+00  0.0000E+00  3.6500E+00  0.0000E+00  1.0738E+00  0.0000E+00  8.3450E-01  0.0000E+00  3.6500E+00  5.9083E-01  0.0000E+00  0.0000E+00
  4.0000E+00  8.0000E+00  0.0000E+00  3.3200E+00  0.0000E+00  1.0206E+00  0.0000E+00  7.8370E-01  0.0000E+00  3.3200E+00  5.6396E-01  0.0000E+00  0.0000E+00
  4.0000E+00  1.2000E+01  0.0000E+00  1.6100E+00  0.0000E+00  9.3289E-01  0.0000E+00  2.5248E-01  0.0000E+00  1.6100E+00  5.1403E-01  0.0000E+00  0.0000E+00
  4.0000E+00  2.4000E+01  0.0000E+00  5.0000E-01  0.0000E+00  7.1268E-01  0.0000E+00 -1.0381E-01  1.0000E+00  5.0000E-01  7.0741E-01  0.0000E+00  0.0000E+00
  5.0000E+00  0.0000E+00  6.1000E+03  0.0000E+00  1.0000E+00  8.3614E+02  0.0000E+00 -3.4786E-01  0.0000E+00  0.0000E+00  3.6413E-01  0.0000E+00  0.0000E+00
  5.0000E+00  1.7000E-02  0.0000E+00  2.6900E+03  0.0000E+00  8.1056E+02  0.0000E+00  8.0658E-01  0.0000E+00  2.6900E+03  7.9981E+02  0.0000E+00  0.0000E+00
  5.0000E+00  8.3500E-02  0.0000E+00  2.0500E+03  0.0000E+00  7.1778E+02  0.0000E+00  6.4563E-01  0.0000E+00  2.0500E+03  6.7224E+02  0.0000E+00  0.0000E+00
  5.0000E+00  2.5000E-01  0.0000E+00  1.1600E+03  0.0000E+00  5.2951E+02  0.0000E+00  4.1419E-01  0.0000E+00  1.1600E+03  4.3516E+02  0.0000E+00  0.0000E+00
  5.0000E+00  5.0000E-01  0.0000E+00  8.2000E+02  0.0000E+00  3.3552E+02  0.0000E+00  5.0230E-01  0.0000E+00  8.2000E+02  2.2663E+02  0.0000E+00  0.0000E+00
  5.0000E+00  1.0000E+00  0.0000E+00  4.5600E+02  0.0000E+00  1.3513E+02  0.0000E+00  8.2601E-01  0.0000E+00  4.5600E+02  6.1785E+01  0.0000E+00  0.0000E+00
  5.0000E+00  2.0000E+00  0.0000E+00  5.7800E+01  0.0000E+00  2.2793E+01  0.0000E+00  5.3427E-01  0.0000E+00  5.7800E+01  5.1337E+00  0.0000E+00  0.0000E+00
  5.0000E+00  4.0000E+00  0.0000E+00  6.8700E+00  0.0000E+00  1.8584E+00  0.0000E+00  9.3808E-01  0.0000E+00  6.8700E+00  6.5824E-01  0.0000E+00  0.0000E+00
  5.0000E+00  6.0000E+00  0.0000E+00  6.0500E+00  0.0000E+00  1.2657E+00  0.0000E+00  1.3149E+00  0.0000E+00  6.0500E+00  6.0573E-01  0.0000E+00  0.0000E+00
  5.0000E+00  8.0000E+00  0.0000E+00  6.1100E+00  0.0000E+00  1.1975E+00  0.0000E+00  1.4270E+00  0.0000E+00  6.1100E+00  5.7817E-01  0.0000E+00  0.0000E+00
  5.0000E+00  1.2000E+01  0.0000E+00  1.7100E+00  0.0000E+00  1.0952E+00  0.0000E+00  1.9526E-01  0.0000E+00  1.7100E+00  5.2698E-01  0.0000E+00  0.0000E+00
  5.0000E+00  2.4000E+01  0.0000E+00  5.0000E-01  0.0000E+00  8.3870E-01  0.0000E+00 -1.4048E-01  1.0000E+00  5.0000E-01  6.9982E-01  0.0000E+00  0.0000E+00
  6.0000E+00  0.0000E+00  2.1800E+04  0.0000E+00  1.0000E+00  0.0000E+00  0.0000E+00  0.0000E+00  0.0000E+00  0.0000E+00  1.0000E+00  0.0000E+00  0.0000E+00
  6.0000E+00  0.0000E+00  2.1800E+04  0.0000E+00  1.0000E+00  0.0000E+00  0.0000E+00  0.0000E+00  0.0000E+00  0.0000E+00  1.0000E+00  0.0000E+00  0.0000E+00
  6.0000E+00  0.0000E+00  0.0000E+00  0.0000E+00  0.0000E+00  0.0000E+00  0.0000E+00  0.0000E+00  0.0000E+00  0.0000E+00  1.0000E+00  0.0000E+00  0.0000E+00
  6.0000E+00  2.5000E-01  0.0000E+00  0.0000E+00  0.0000E+00  1.9159E+00  0.0000E+00 -3.4786E-01  0.0000E+00  0.0000E+00  4.2648E-01  0.0000E+00  0.0000E+00
  6.0000E+00  5.0000E-01  0.0000E+00  1.3900E+00  0.0000E+00  2.6475E+00  0.0000E+00 -1.6522E-01  0.0000E+00  1.3900E+00  3.2072E+00  0.0000E+00  0.0000E+00
  6.0000E+00  1.0000E+00  0.0000E+00  9.5800E+00  0.0000E+00  2.9644E+00  0.0000E+00  7.7629E-01  0.0000E+00  9.5800E+00  3.9368E+00  0.0000E+00  0.0000E+00
  6.0000E+00  2.0000E+00  0.0000E+00  9.5100E+00  0.0000E+00  2.7925E+00  0.0000E+00  8.3680E-01  0.0000E+00  9.5100E+00  3.8942E+00  0.0000E+00  0.0000E+00
  6.0000E+00  4.0000E+00  0.0000E+00  4.9900E+00  0.0000E+00  2.3429E+00  0.0000E+00  3.9304E-01  0.0000E+00  4.9900E+00  3.2899E+00  0.0000E+00  0.0000E+00
  6.0000E+00  6.0000E+00  0.0000E+00  3.2100E+00  0.0000E+00  1.9650E+00  0.0000E+00  2.2040E-01  0.0000E+00  3.2100E+00  2.7638E+00  0.0000E+00  0.0000E+00
  6.0000E+00  8.0000E+00  0.0000E+00  9.1800E+00  0.0000E+00  1.6493E+00  0.0000E+00  1.5883E+00  0.0000E+00  9.1800E+00  2.3239E+00  0.0000E+00  0.0000E+00
  6.0000E+00  1.2000E+01  0.0000E+00  3.8300E+00  0.0000E+00  1.1640E+00  0.0000E+00  7.9674E-01  0.0000E+00  3.8300E+00  1.6473E+00  0.0000E+00  0.0000E+00
  6.0000E+00  2.4000E+01  0.0000E+00  5.0000E-01  0.0000E+00  4.1903E-01  0.0000E+00  6.7214E-02  1.0000E+00  5.0000E-01  5.8950E-01  0.0000E+00  0.0000E+00
  7.0000E+00  0.0000E+00  2.3800E+04  0.0000E+00  1.0000E+00  0.0000E+00  0.0000E+00  0.0000E+00  0.0000E+00  0.0000E+00  1.0000E+00  0.0000E+00  0.0000E+00
  7.0000E+00  0.0000E+00  2.3800E+04  0.0000E+00  1.0000E+00  0.0000E+00  0.0000E+00  0.0000E+00  0.0000E+00  0.0000E+00  1.0000E+00  0.0000E+00  0.0000E+00
  7.0000E+00  0.0000E+00  0.0000E+00  0.0000E+00  0.0000E+00  0.0000E+00  0.0000E+00  0.0000E+00  0.0000E+00  0.0000E+00  1.0000E+00  0.0000E+00  0.0000E+00
  7.0000E+00  2.5000E-01  0.0000E+00  2.7200E+00  0.0000E+00  2.2124E+00  0.0000E+00  7.9818E-02  0.0000E+00  2.7200E+00  2.3369E+00  0.0000E+00  0.0000E+00
  7.0000E+00  5.0000E-01  0.0000E+00  3.0600E+00  0.0000E+00  3.1808E+00  0.0000E+00 -1.3213E-02  0.0000E+00  3.0600E+00  3.5015E+00  0.0000E+00  0.0000E+00
  7.0000E+00  1.0000E+00  0.0000E+00  5.3900E+00  0.0000E+00  3.7154E+00  0.0000E+00  1.5678E-01  0.0000E+00  5.3900E+00  4.2980E+00  0.0000E+00  0.0000E+00
  7.0000E+00  2.0000E+00  0.0000E+00  2.4700E+01  0.0000E+00  3.5679E+00  0.0000E+00  2.0603E+00  0.0000E+00  2.4700E+01  4.2514E+00  0.0000E+00  0.0000E+00
  7.0000E+00  4.0000E+00  0.0000E+00  3.7600E+00  0.0000E+00  2.9998E+00  0.0000E+00  8.8151E-02  0.0000E+00  3.7600E+00  3.5917E+00  0.0000E+00  0.0000E+00
  7.0000E+00  6.0000E+00  0.0000E+00  3.1900E+00  0.0000E+00  2.5177E+00  0.0000E+00  9.2884E-02  0.0000E+00  3.1900E+00  3.0173E+00  0.0000E+00  0.0000E+00
  7.0000E+00  8.0000E+00  0.0000E+00  6.4300E+00  0.0000E+00  2.1149E+00  0.0000E+00  7.0975E-01  0.0000E+00  6.4300E+00  2.5371E+00  0.0000E+00  0.0000E+00
  7.0000E+00  1.2000E+01  0.0000E+00  4.9200E+00  0.0000E+00  1.4954E+00  0.0000E+00  7.9661E-01  0.0000E+00  4.9200E+00  1.7985E+00  0.0000E+00  0.0000E+00
  7.0000E+00  2.4000E+01  0.0000E+00  5.0000E-01  0.0000E+00  5.4338E-01  0.0000E+00 -2.7770E-02  1.0000E+00  5.0000E-01  5.7064E-01  0.0000E+00  0.0000E+00
  8.0000E+00  0.0000E+00  2.4400E+04  0.0000E+00  1.0000E+00  0.0000E+00  0.0000E+00  0.0000E+00  0.0000E+00  0.0000E+00  1.0000E+00  0.0000E+00  0.0000E+00
  8.0000E+00  0.0000E+00  2.4400E+04  0.0000E+00  1.0000E+00  0.0000E+00  0.0000E+00  0.0000E+00  0.0000E+00  0.0000E+00  1.0000E+00  0.0000E+00  0.0000E+00
  8.0000E+00  0.0000E+00  0.0000E+00  0.0000E+00  0.0000E+00  0.0000E+00  0.0000E+00  0.0000E+00  0.0000E+00  0.0000E+00  1.0000E+00  0.0000E+00  0.0000E+00
  8.0000E+00  2.5000E-01  0.0000E+00  4.4400E+00  0.0000E+00  2.1418E+00  0.0000E+00  3.7326E-01  0.0000E+00  4.4400E+00  2.3958E+00  0.0000E+00  0.0000E+00
  8.0000E+00  5.0000E-01  0.0000E+00  9.7200E+00  0.0000E+00  2.9571E+00  0.0000E+00  7.9556E-01  0.0000E+00  9.7200E+00  3.5897E+00  0.0000E+00  0.0000E+00
  8.0000E+00  1.0000E+00  0.0000E+00  1.7700E+01  0.0000E+00  3.3083E+00  0.0000E+00  1.5132E+00  0.0000E+00  1.7700E+01  4.4064E+00  0.0000E+00  0.0000E+00
  8.0000E+00  2.0000E+00  0.0000E+00  7.3400E+00  0.0000E+00  3.1153E+00  0.0000E+00  4.7173E-01  0.0000E+00  7.3400E+00  4.3586E+00  0.0000E+00  0.0000E+00
  8.0000E+00  4.0000E+00  0.0000E+00  4.9900E+00  0.0000E+00  2.6136E+00  0.0000E+00  3.1628E-01  0.0000E+00  4.9900E+00  3.6822E+00  0.0000E+00  0.0000E+00
  8.0000E+00  6.0000E+00  0.0000E+00  6.1800E+00  0.0000E+00  2.1921E+00  0.0000E+00  6.3284E-01  0.0000E+00  6.1800E+00  3.0934E+00  0.0000E+00  0.0000E+00
  8.0000E+00  8.0000E+00  0.0000E+00  4.5600E+00  0.0000E+00  1.8399E+00  0.0000E+00  5.1429E-01  0.0000E+00  4.5600E+00  2.6011E+00  0.0000E+00  0.0000E+00
  8.0000E+00  1.2000E+01  0.0000E+00  5.4200E+00  0.0000E+00  1.2984E+00  0.0000E+00  1.1042E+00  0.0000E+00  5.4200E+00  1.8438E+00  0.0000E+00  0.0000E+00
  8.0000E+00  2.4000E+01  0.0000E+00  5.0000E-01  0.0000E+00  4.6735E-01  0.0000E+00  2.4301E-02  1.0000E+00  5.0000E-01  5.6556E-01  0.0000E+00  0.0000E+00
  9.0000E+00  0.0000E+00  6.5700E+04  0.0000E+00  1.0000E+00  0.0000E+00  0.0000E+00  0.0000E+00  0.0000E+00  0.0000E+00  1.0000E+00  0.0000E+00  0.0000E+00
  9.0000E+00  0.0000E+00  6.5700E+04  0.0000E+00  1.0000E+00  0.0000E+00  0.0000E+00  0.0000E+00  0.0000E+00  0.0000E+00  1.0000E+00  0.0000E+00  0.0000E+00
  9.0000E+00  0.0000E+00  0.0000E+00  0.0000E+00  0.0000E+00  0.0000E+00  0.0000E+00  0.0000E+00  0.0000E+00  0.0000E+00  1.0000E+00  0.0000E+00  0.0000E+00
  9.0000E+00  2.5000E-01  0.0000E+00  6.1100E+01  0.0000E+00  7.3813E+00  0.0000E+00  2.5316E+00  0.0000E+00  6.1100E+01  6.4511E+00  0.0000E+00  0.0000E+00
  9.0000E+00  5.0000E-01  0.0000E+00  1.5100E+02  0.0000E+00  1.2367E+01  0.0000E+00  3.8994E+00  0.0000E+00  1.5100E+02  9.6658E+00  0.0000E+00  0.0000E+00
  9.0000E+00  1.0000E+00  0.0000E+00  6.1800E+01  0.0000E+00  1.7850E+01  0.0000E+00  8.5646E-01  0.0000E+00  6.1800E+01  1.1865E+01  0.0000E+00  0.0000E+00
  9.0000E+00  2.0000E+00  0.0000E+00  2.9100E+01  0.0000E+00  2.0589E+01  0.0000E+00  1.4379E-01  0.0000E+00  2.9100E+01  1.1736E+01  0.0000E+00  0.0000E+00
  9.0000E+00  4.0000E+00  0.0000E+00  1.2200E+01  0.0000E+00  1.8498E+01  0.0000E+00 -1.1844E-01  0.0000E+00  1.2200E+01  9.9149E+00  0.0000E+00  0.0000E+00
  9.0000E+00  6.0000E+00  0.0000E+00  3.5300E+01  0.0000E+00  1.5674E+01  0.0000E+00  4.3556E-01  0.0000E+00  3.5300E+01  8.3294E+00  0.0000E+00  0.0000E+00
  9.0000E+00  8.0000E+00  0.0000E+00  3.1900E+01  0.0000E+00  1.3251E+01  0.0000E+00  4.8958E-01  0.0000E+00  3.1900E+01  7.0038E+00  0.0000E+00  0.0000E+00
  9.0000E+00  1.2000E+01  0.0000E+00  2.0000E+01  0.0000E+00  9.5105E+00  0.0000E+00  3.8366E-01  0.0000E+00  2.0000E+01  4.9647E+00  0.0000E+00  0.0000E+00
  9.0000E+00  2.4000E+01  0.0000E+00  5.0000E-01  0.0000E+00  3.7106E+00  0.0000E+00 -3.0098E-01  1.0000E+00  5.0000E-01  4.3748E-01  0.0000E+00  0.0000E+00
  1.0000E+01  0.0000E+00  7.0500E+04  0.0000E+00  1.0000E+00  0.0000E+00  0.0000E+00  0.0000E+00  0.0000E+00  0.0000E+00  1.0000E+00  0.0000E+00  0.0000E+00
  1.0000E+01  0.0000E+00  7.0500E+04  0.0000E+00  1.0000E+00  0.0000E+00  0.0000E+00  0.0000E+00  0.0000E+00  0.0000E+00  1.0000E+00  0.0000E+00  0.0000E+00
  1.0000E+01  0.0000E+00  0.0000E+00  0.0000E+00  0.0000E+00  0.0000E+00  0.0000E+00  0.0000E+00  0.0000E+00  0.0000E+00  1.0000E+00  0.0000E+00  0.0000E+00
  1.0000E+01  2.5000E-01  0.0000E+00  7.4900E+00  0.0000E+00  7.8962E+00  0.0000E+00 -1.7895E-02  0.0000E+00  7.4900E+00  6.9224E+00  0.0000E+00  0.0000E+00
  1.0000E+01  5.0000E-01  0.0000E+00  1.1400E+01  0.0000E+00  1.3194E+01  0.0000E+00 -4.7297E-02  0.0000E+00  1.1400E+01  1.0372E+01  0.0000E+00  0.0000E+00
  1.0000E+01  1.0000E+00  0.0000E+00  4.4700E+01  0.0000E+00  1.8960E+01  0.0000E+00  4.7223E-01  0.0000E+00  4.4700E+01  1.2732E+01  0.0000E+00  0.0000E+00
  1.0000E+01  2.0000E+00  0.0000E+00  4.1200E+01  0.0000E+00  2.1753E+01  0.0000E+00  3.1098E-01  0.0000E+00  4.1200E+01  1.2594E+01  0.0000E+00  0.0000E+00
  1.0000E+01  4.0000E+00  0.0000E+00  4.5400E+01  0.0000E+00  1.9480E+01  0.0000E+00  4.6288E-01  0.0000E+00  4.5400E+01  1.0639E+01  0.0000E+00  0.0000E+00
  1.0000E+01  6.0000E+00  0.0000E+00  7.5200E+01  0.0000E+00  1.6496E+01  0.0000E+00  1.2379E+00  0.0000E+00  7.5200E+01  8.9379E+00  0.0000E+00  0.0000E+00
  1.0000E+01  8.0000E+00  0.0000E+00  7.7200E+01  0.0000E+00  1.3942E+01  0.0000E+00  1.5782E+00  0.0000E+00  7.7200E+01  7.5155E+00  0.0000E+00  0.0000E+00
  1.0000E+01  1.2000E+01  0.0000E+00  4.3900E+01  0.0000E+00  1.0002E+01  0.0000E+00  1.1789E+00  0.0000E+00  4.3900E+01  5.3274E+00  0.0000E+00  0.0000E+00
  1.0000E+01  2.4000E+01  0.0000E+00  5.0000E-01  0.0000E+00  3.8937E+00  0.0000E+00 -3.0319E-01  1.0000E+00  5.0000E-01  4.3238E-01  0.0000E+00  0.0000E+00
  1.1000E+01  0.0000E+00  7.8600E+04  0.0000E+00  1.0000E+00  0.0000E+00  0.0000E+00  0.0000E+00  0.0000E+00  0.0000E+00  1.0000E+00  0.0000E+00  0.0000E+00
  1.1000E+01  0.0000E+00  7.8600E+04  0.0000E+00  1.0000E+00  0.0000E+00  0.0000E+00  0.0000E+00  0.0000E+00  0.0000E+00  1.0000E+00  0.0000E+00  0.0000E+00
  1.1000E+01  0.0000E+00  0.0000E+00  0.0000E+00  0.0000E+00  0.0000E+00  0.0000E+00  0.0000E+00  0.0000E+00  0.0000E+00  1.0000E+00  0.0000E+00  0.0000E+00
  1.1000E+01  2.5000E-01  0.0000E+00  4.7300E+00  0.0000E+00  8.3815E+00  0.0000E+00 -1.5155E-01  0.0000E+00  4.7300E+00  7.7178E+00  0.0000E+00  0.0000E+00
  1.1000E+01  5.0000E-01  0.0000E+00  8.1400E+00  0.0000E+00  1.3425E+01  0.0000E+00 -1.3694E-01  0.0000E+00  8.1400E+00  1.1564E+01  0.0000E+00  0.0000E+00
  1.1000E+01  1.0000E+00  0.0000E+00  1.2200E+01  0.0000E+00  1.8069E+01  0.0000E+00 -1.1298E-01  0.0000E+00  1.2200E+01  1.4194E+01  0.0000E+00  0.0000E+00
  1.1000E+01  2.0000E+00  0.0000E+00  1.1000E+02  0.0000E+00  1.9292E+01  0.0000E+00  1.6355E+00  0.0000E+00  1.1000E+02  1.4040E+01  0.0000E+00  0.0000E+00
  1.1000E+01  4.0000E+00  0.0000E+00  1.7000E+01  0.0000E+00  1.6666E+01  0.0000E+00  6.9748E-03  0.0000E+00  1.7000E+01  1.1862E+01  0.0000E+00  0.0000E+00
  1.1000E+01  6.0000E+00  0.0000E+00  1.3500E+01  0.0000E+00  1.4041E+01  0.0000E+00 -1.3395E-02  0.0000E+00  1.3500E+01  9.9648E+00  0.0000E+00  0.0000E+00
  1.1000E+01  8.0000E+00  0.0000E+00  4.1300E+01  0.0000E+00  1.1835E+01  0.0000E+00  8.6602E-01  0.0000E+00  4.1300E+01  8.3790E+00  0.0000E+00  0.0000E+00
  1.1000E+01  1.2000E+01  0.0000E+00  4.7700E+01  0.0000E+00  8.4395E+00  0.0000E+00  1.6182E+00  0.0000E+00  4.7700E+01  5.9395E+00  0.0000E+00  0.0000E+00
  1.1000E+01  2.4000E+01  0.0000E+00  5.0000E-01  0.0000E+00  3.1937E+00  0.0000E+00 -2.9340E-01  1.0000E+00  5.0000E-01  4.2519E-01  0.0000E+00  0.0000E+00
  1.2000E+01  0.0000E+00  6.4500E+04  0.0000E+00  1.0000E+00  0.0000E+00  0.0000E+00  0.0000E+00  0.0000E+00  0.0000E+00  1.0000E+00  0.0000E+00  0.0000E+00
  1.2000E+01  0.0000E+00  6.4500E+04  0.0000E+00  1.0000E+00  0.0000E+00  0.0000E+00  0.0000E+00  0.0000E+00  0.0000E+00  1.0000E+00  0.0000E+00  0.0000E+00
  1.2000E+01  0.0000E+00  0.0000E+00  0.0000E+00  0.0000E+00  0.0000E+00  0.0000E+00  0.0000E+00  0.0000E+00  0.0000E+00  1.0000E+00  0.0000E+00  0.0000E+00
  1.2000E+01  2.5000E-01  0.0000E+00  0.0000E+00  0.0000E+00  4.5727E+00  0.0000E+00 -3.4786E-01  0.0000E+00  0.0000E+00  3.8479E-01  0.0000E+00  0.0000E+00
  1.2000E+01  5.0000E-01  0.0000E+00  0.0000E+00  0.0000E+00  5.5602E+00  0.0000E+00 -3.4786E-01  0.0000E+00  0.0000E+00  3.7783E-01  0.0000E+00  0.0000E+00
  1.2000E+01  1.0000E+00  0.0000E+00  1.6800E+00  0.0000E+00  5.6330E+00  0.0000E+00 -2.4411E-01  0.0000E+00  1.6800E+00  1.1648E+01  0.0000E+00  0.0000E+00
  1.2000E+01  2.0000E+00  0.0000E+00  4.5500E+00  0.0000E+00  5.1715E+00  0.0000E+00 -4.1802E-02  0.0000E+00  4.5500E+00  1.1522E+01  0.0000E+00  0.0000E+00
  1.2000E+01  4.0000E+00  0.0000E+00  8.0700E+00  0.0000E+00  4.3293E+00  0.0000E+00  3.0056E-01  0.0000E+00  8.0700E+00  9.7338E+00  0.0000E+00  0.0000E+00
  1.2000E+01  6.0000E+00  0.0000E+00  1.6500E+01  0.0000E+00  3.6255E+00  0.0000E+00  1.2353E+00  0.0000E+00  1.6500E+01  8.1772E+00  0.0000E+00  0.0000E+00
  1.2000E+01  8.0000E+00  0.0000E+00  8.9500E+00  0.0000E+00  3.0378E+00  0.0000E+00  6.7701E-01  0.0000E+00  8.9500E+00  6.8759E+00  0.0000E+00  0.0000E+00
  1.2000E+01  1.2000E+01  0.0000E+00  9.3700E+00  0.0000E+00  2.1348E+00  0.0000E+00  1.1789E+00  0.0000E+00  9.3700E+00  4.8740E+00  0.0000E+00  0.0000E+00
  1.2000E+01  2.4000E+01  0.0000E+00  1.8200E+00  0.0000E+00  7.5259E-01  0.0000E+00  4.9336E-01  0.0000E+00  1.8200E+00  1.7927E+00  0.0000E+00  0.0000E+00
  1.3000E+01  0.0000E+00  6.6900E+04  0.0000E+00  1.0000E+00  0.0000E+00  0.0000E+00  0.0000E+00  0.0000E+00  0.0000E+00  1.0000E+00  0.0000E+00  0.0000E+00
  1.3000E+01  0.0000E+00  6.6900E+04  0.0000E+00  1.0000E+00  0.0000E+00  0.0000E+00  0.0000E+00  0.0000E+00  0.0000E+00  1.0000E+00  0.0000E+00  0.0000E+00
  1.3000E+01  0.0000E+00  0.0000E+00  0.0000E+00  0.0000E+00  0.0000E+00  0.0000E+00  0.0000E+00  0.0000E+00  0.0000E+00  1.0000E+00  0.0000E+00  0.0000E+00
  1.3000E+01  2.5000E-01  0.0000E+00  2.8600E+00  0.0000E+00  5.2217E+00  0.0000E+00 -1.5733E-01  0.0000E+00  2.8600E+00  6.5689E+00  0.0000E+00  0.0000E+00
  1.3000E+01  5.0000E-01  0.0000E+00  5.9700E+00  0.0000E+00  6.6918E+00  0.0000E+00 -3.7521E-02  0.0000E+00  5.9700E+00  9.8424E+00  0.0000E+00  0.0000E+00
  1.3000E+01  1.0000E+00  0.0000E+00  9.6700E+00  0.0000E+00  7.0176E+00  0.0000E+00  1.3148E-01  0.0000E+00  9.6700E+00  1.2081E+01  0.0000E+00  0.0000E+00
  1.3000E+01  2.0000E+00  0.0000E+00  8.9800E+00  0.0000E+00  6.4810E+00  0.0000E+00  1.3413E-01  0.0000E+00  8.9800E+00  1.1950E+01  0.0000E+00  0.0000E+00
  1.3000E+01  4.0000E+00  0.0000E+00  1.7100E+01  0.0000E+00  5.4287E+00  0.0000E+00  7.4787E-01  0.0000E+00  1.7100E+01  1.0096E+01  0.0000E+00  0.0000E+00
  1.3000E+01  6.0000E+00  0.0000E+00  2.7500E+01  0.0000E+00  4.5485E+00  0.0000E+00  1.7552E+00  0.0000E+00  2.7500E+01  8.4815E+00  0.0000E+00  0.0000E+00
  1.3000E+01  8.0000E+00  0.0000E+00  1.5000E+01  0.0000E+00  3.8135E+00  0.0000E+00  1.0204E+00  0.0000E+00  1.5000E+01  7.1317E+00  0.0000E+00  0.0000E+00
  1.3000E+01  1.2000E+01  0.0000E+00  7.1400E+00  0.0000E+00  2.6840E+00  0.0000E+00  5.7752E-01  0.0000E+00  7.1400E+00  5.0554E+00  0.0000E+00  0.0000E+00
  1.3000E+01  2.4000E+01  0.0000E+00  1.4000E+00  0.0000E+00  9.5322E-01  0.0000E+00  1.6304E-01  0.0000E+00  1.4000E+00  1.8594E+00  0.0000E+00  0.0000E+00
  1.4000E+01  0.0000E+00  7.7400E+04  0.0000E+00  1.0000E+00  0.0000E+00  0.0000E+00  0.0000E+00  0.0000E+00  0.0000E+00  1.0000E+00  0.0000E+00  0.0000E+00
  1.4000E+01  0.0000E+00  7.7400E+04  0.0000E+00  1.0000E+00  0.0000E+00  0.0000E+00  0.0000E+00  0.0000E+00  0.0000E+00  1.0000E+00  0.0000E+00  0.0000E+00
  1.4000E+01  0.0000E+00  0.0000E+00  0.0000E+00  0.0000E+00  0.0000E+00  0.0000E+00  0.0000E+00  0.0000E+00  0.0000E+00  1.0000E+00  0.0000E+00  0.0000E+00
  1.4000E+01  2.5000E-01  0.0000E+00  0.0000E+00  0.0000E+00  4.6536E+00  0.0000E+00 -3.4786E-01  0.0000E+00  0.0000E+00  3.8129E-01  0.0000E+00  0.0000E+00
  1.4000E+01  5.0000E-01  0.0000E+00  0.0000E+00  0.0000E+00  5.2599E+00  0.0000E+00 -3.4786E-01  0.0000E+00  0.0000E+00  3.7551E-01  0.0000E+00  0.0000E+00
  1.4000E+01  1.0000E+00  0.0000E+00  5.9400E+00  0.0000E+00  5.1524E+00  0.0000E+00  5.3173E-02  0.0000E+00  5.9400E+00  1.3978E+01  0.0000E+00  0.0000E+00
  1.4000E+01  2.0000E+00  0.0000E+00  9.3600E+00  0.0000E+00  4.7153E+00  0.0000E+00  3.4264E-01  0.0000E+00  9.3600E+00  1.3826E+01  0.0000E+00  0.0000E+00
  1.4000E+01  4.0000E+00  0.0000E+00  8.7400E+00  0.0000E+00  3.9453E+00  0.0000E+00  4.2275E-01  0.0000E+00  8.7400E+00  1.1681E+01  0.0000E+00  0.0000E+00
  1.4000E+01  6.0000E+00  0.0000E+00  1.6700E+01  0.0000E+00  3.3018E+00  0.0000E+00  1.4116E+00  0.0000E+00  1.6700E+01  9.8127E+00  0.0000E+00  0.0000E+00
  1.4000E+01  8.0000E+00  0.0000E+00  8.7500E+00  0.0000E+00  2.7646E+00  0.0000E+00  7.5313E-01  0.0000E+00  8.7500E+00  8.2510E+00  0.0000E+00  0.0000E+00
  1.4000E+01  1.2000E+01  0.0000E+00  3.6200E+00  0.0000E+00  1.9395E+00  0.0000E+00  3.0141E-01  0.0000E+00  3.6200E+00  5.8488E+00  0.0000E+00  0.0000E+00
  1.4000E+01  2.4000E+01  0.0000E+00  1.4600E+00  0.0000E+00  6.7780E-01  0.0000E+00  4.0143E-01  0.0000E+00  1.4600E+00  2.1512E+00  0.0000E+00  0.0000E+00
  1.5000E+01  0.0000E+00  2.2700E+05  0.0000E+00  1.0000E+00  0.0000E+00  0.0000E+00  0.0000E+00  0.0000E+00  0.0000E+00  1.0000E+00  0.0000E+00  0.0000E+00
  1.5000E+01  0.0000E+00  2.2700E+05  0.0000E+00  1.0000E+00  0.0000E+00  0.0000E+00  0.0000E+00  0.0000E+00  0.0000E+00  1.0000E+00  0.0000E+00  0.0000E+00
  1.5000E+01  0.0000E+00  0.0000E+00  0.0000E+00  0.0000E+00  0.0000E+00  0.0000E+00  0.0000E+00  0.0000E+00  0.0000E+00  1.0000E+00  0.0000E+00  0.0000E+00
  1.5000E+01  2.5000E-01  0.0000E+00  1.1600E+01  0.0000E+00  1.7533E+01  0.0000E+00 -1.1771E-01  0.0000E+00  1.1600E+01  2.2289E+01  0.0000E+00  0.0000E+00
  1.5000E+01  5.0000E-01  0.0000E+00  4.0600E+01  0.0000E+00  2.2332E+01  0.0000E+00  2.8454E-01  0.0000E+00  4.0600E+01  3.3396E+01  0.0000E+00  0.0000E+00
  1.5000E+01  1.0000E+00  0.0000E+00  7.2100E+01  0.0000E+00  2.3315E+01  0.0000E+00  7.2786E-01  0.0000E+00  7.2100E+01  4.0994E+01  0.0000E+00  0.0000E+00
  1.5000E+01  2.0000E+00  0.0000E+00  3.9700E+01  0.0000E+00  2.1512E+01  0.0000E+00  2.9410E-01  0.0000E+00  3.9700E+01  4.0549E+01  0.0000E+00  0.0000E+00
  1.5000E+01  4.0000E+00  0.0000E+00  4.5700E+01  0.0000E+00  1.8018E+01  0.0000E+00  5.3444E-01  0.0000E+00  4.5700E+01  3.4257E+01  0.0000E+00  0.0000E+00
  1.5000E+01  6.0000E+00  0.0000E+00  6.1800E+01  0.0000E+00  1.5096E+01  0.0000E+00  1.0762E+00  0.0000E+00  6.1800E+01  2.8779E+01  0.0000E+00  0.0000E+00
  1.5000E+01  8.0000E+00  0.0000E+00  5.6100E+01  0.0000E+00  1.2655E+01  0.0000E+00  1.1942E+00  0.0000E+00  5.6100E+01  2.4199E+01  0.0000E+00  0.0000E+00
  1.5000E+01  1.2000E+01  0.0000E+00  2.7000E+01  0.0000E+00  8.9053E+00  0.0000E+00  7.0681E-01  0.0000E+00  2.7000E+01  1.7154E+01  0.0000E+00  0.0000E+00
  1.5000E+01  2.4000E+01  0.0000E+00  5.0000E-01  0.0000E+00  3.1598E+00  0.0000E+00 -2.9281E-01  1.0000E+00  5.0000E-01  3.8487E-01  0.0000E+00  0.0000E+00
  1.6000E+01  0.0000E+00  2.1500E+05  0.0000E+00  1.0000E+00  0.0000E+00  0.0000E+00  0.0000E+00  0.0000E+00  0.0000E+00  1.0000E+00  0.0000E+00  0.0000E+00
  1.6000E+01  0.0000E+00  2.1500E+05  0.0000E+00  1.0000E+00  0.0000E+00  0.0000E+00  0.0000E+00  0.0000E+00  0.0000E+00  1.0000E+00  0.0000E+00  0.0000E+00
  1.6000E+01  0.0000E+00  0.0000E+00  0.0000E+00  0.0000E+00  0.0000E+00  0.0000E+00  0.0000E+00  0.0000E+00  0.0000E+00  1.0000E+00  0.0000E+00  0.0000E+00
  1.6000E+01  2.5000E-01  0.0000E+00  6.4700E+00  0.0000E+00  2.4366E+01  0.0000E+00 -2.5549E-01  0.0000E+00  6.4700E+00  2.1111E+01  0.0000E+00  0.0000E+00
  1.6000E+01  5.0000E-01  0.0000E+00  1.1400E+01  0.0000E+00  4.1140E+01  0.0000E+00 -2.5146E-01  0.0000E+00  1.1400E+01  3.1631E+01  0.0000E+00  0.0000E+00
  1.6000E+01  1.0000E+00  0.0000E+00  1.5500E+02  0.0000E+00  6.0130E+01  0.0000E+00  5.4883E-01  0.0000E+00  1.5500E+02  3.8827E+01  0.0000E+00  0.0000E+00
  1.6000E+01  2.0000E+00  0.0000E+00  1.9400E+02  0.0000E+00  7.0446E+01  0.0000E+00  6.1009E-01  0.0000E+00  1.9400E+02  3.8406E+01  0.0000E+00  0.0000E+00
  1.6000E+01  4.0000E+00  0.0000E+00  8.8000E+01  0.0000E+00  6.3939E+01  0.0000E+00  1.3090E-01  0.0000E+00  8.8000E+01  3.2446E+01  0.0000E+00  0.0000E+00
  1.6000E+01  6.0000E+00  0.0000E+00  3.2400E+02  0.0000E+00  5.4279E+01  0.0000E+00  1.7286E+00  0.0000E+00  3.2400E+02  2.7257E+01  0.0000E+00  0.0000E+00
  1.6000E+01  8.0000E+00  0.0000E+00  2.5300E+02  0.0000E+00  4.5921E+01  0.0000E+00  1.5686E+00  0.0000E+00  2.5300E+02  2.2920E+01  0.0000E+00  0.0000E+00
  1.6000E+01  1.2000E+01  0.0000E+00  7.2500E+01  0.0000E+00  3.3008E+01  0.0000E+00  4.1620E-01  0.0000E+00  7.2500E+01  1.6247E+01  0.0000E+00  0.0000E+00
  1.6000E+01  2.4000E+01  0.0000E+00  5.0000E-01  0.0000E+00  1.2966E+01  0.0000E+00 -3.3444E-01  1.0000E+00  5.0000E-01  3.8604E-01  0.0000E+00  0.0000E+00
  1.7000E+01  0.0000E+00  2.4900E+05  0.0000E+00  1.0000E+00  0.0000E+00  0.0000E+00  0.0000E+00  0.0000E+00  0.0000E+00  1.0000E+00  0.0000E+00  0.0000E+00
  1.7000E+01  0.0000E+00  2.4900E+05  0.0000E+00  1.0000E+00  0.0000E+00  0.0000E+00  0.0000E+00  0.0000E+00  0.0000E+00  1.0000E+00  0.0000E+00  0.0000E+00
  1.7000E+01  0.0000E+00  0.0000E+00  0.0000E+00  0.0000E+00  0.0000E+00  0.0000E+00  0.0000E+00  0.0000E+00  0.0000E+00  1.0000E+00  0.0000E+00  0.0000E+00
  1.7000E+01  2.5000E-01  0.0000E+00  1.0800E+01  0.0000E+00  2.1599E+01  0.0000E+00 -1.7392E-01  0.0000E+00  1.0800E+01  2.4449E+01  0.0000E+00  0.0000E+00
  1.7000E+01  5.0000E-01  0.0000E+00  1.7400E+01  0.0000E+00  2.9583E+01  0.0000E+00 -1.4325E-01  0.0000E+00  1.7400E+01  3.6633E+01  0.0000E+00  0.0000E+00
  1.7000E+01  1.0000E+00  0.0000E+00  4.2300E+01  0.0000E+00  3.2836E+01  0.0000E+00  1.0026E-01  0.0000E+00  4.2300E+01  4.4967E+01  0.0000E+00  0.0000E+00
  1.7000E+01  2.0000E+00  0.0000E+00  4.8500E+01  0.0000E+00  3.0829E+01  0.0000E+00  1.9939E-01  0.0000E+00  4.8500E+01  4.4479E+01  0.0000E+00  0.0000E+00
  1.7000E+01  4.0000E+00  0.0000E+00  5.4500E+01  0.0000E+00  2.5857E+01  0.0000E+00  3.8533E-01  0.0000E+00  5.4500E+01  3.7577E+01  0.0000E+00  0.0000E+00
  1.7000E+01  6.0000E+00  0.0000E+00  1.3500E+02  0.0000E+00  2.1684E+01  0.0000E+00  1.8178E+00  0.0000E+00  1.3500E+02  3.1568E+01  0.0000E+00  0.0000E+00
  1.7000E+01  8.0000E+00  0.0000E+00  6.3900E+01  0.0000E+00  1.8197E+01  0.0000E+00  8.7364E-01  0.0000E+00  6.3900E+01  2.6544E+01  0.0000E+00  0.0000E+00
  1.7000E+01  1.2000E+01  0.0000E+00  3.6300E+01  0.0000E+00  1.2838E+01  0.0000E+00  6.3573E-01  0.0000E+00  3.6300E+01  1.8816E+01  0.0000E+00  0.0000E+00
  1.7000E+01  2.4000E+01  0.0000E+00  5.0000E-01  0.0000E+00  4.6131E+00  0.0000E+00 -3.1015E-01  1.0000E+00  5.0000E-01  3.8301E-01  0.0000E+00  0.0000E+00
