TABLE NO.  2
 ID          CL          V2          V3          Q           KA          F1          DOSE
  1.0000E+00  7.6493E+00  2.1570E+01  1.4278E+00  2.4617E-01  3.0685E-01  1.3996E-02  1.2500E+01
  1.0000E+00  7.6493E+00  2.1570E+01  1.4278E+00  2.4617E-01  3.0685E-01  1.3996E-02  1.2500E+01
  1.0000E+00  7.6493E+00  2.1570E+01  1.4278E+00  2.4617E-01  3.0685E-01  1.3996E-02  1.2500E+01
  1.0000E+00  7.6493E+00  2.1570E+01  1.4278E+00  2.4617E-01  3.0685E-01  1.3996E-02  1.2500E+01
  1.0000E+00  7.6493E+00  2.1570E+01  1.4278E+00  2.4617E-01  3.0685E-01  1.3996E-02  1.2500E+01
  1.0000E+00  7.6493E+00  2.1570E+01  1.4278E+00  2.4617E-01  3.0685E-01  1.3996E-02  1.2500E+01
  1.0000E+00  7.6493E+00  2.1570E+01  1.4278E+00  2.4617E-01  3.0685E-01  1.3996E-02  1.2500E+01
  1.0000E+00  7.6493E+00  2.1570E+01  1.4278E+00  2.4617E-01  3.0685E-01  1.3996E-02  1.2500E+01
  1.0000E+00  7.6493E+00  2.1570E+01  1.4278E+00  2.4617E-01  3.0685E-01  1.3996E-02  1.2500E+01
  1.0000E+00  7.6493E+00  2.1570E+01  1.4278E+00  2.4617E-01  3.0685E-01  1.3996E-02  1.2500E+01
  1.0000E+00  7.6493E+00  2.1570E+01  1.4278E+00  2.4617E-01  3.0685E-01  1.3996E-02  1.2500E+01
  1.0000E+00  7.6493E+00  2.1570E+01  1.4278E+00  2.4617E-01  3.0685E-01  1.3996E-02  1.2500E+01
  1.0000E+00  7.6493E+00  2.1570E+01  1.4278E+00  2.4617E-01  3.0685E-01  1.3996E-02  1.2500E+01
  2.0000E+00  5.5784E+00  2.3288E+01  1.4278E+00  2.4617E-01  3.0685E-01  1.3996E-02  1.2500E+01
  2.0000E+00  5.5784E+00  2.3288E+01  1.4278E+00  2.4617E-01  3.0685E-01  1.3996E-02  1.2500E+01
  2.0000E+00  5.5784E+00  2.3288E+01  1.4278E+00  2.4617E-01  3.0685E-01  1.3996E-02  1.2500E+01
  2.0000E+00  5.5784E+00  2.3288E+01  1.4278E+00  2.4617E-01  3.0685E-01  1.3996E-02  1.2500E+01
  2.0000E+00  5.5784E+00  2.3288E+01  1.4278E+00  2.4617E-01  3.0685E-01  1.3996E-02  1.2500E+01
  2.0000E+00  5.5784E+00  2.3288E+01  1.4278E+00  2.4617E-01  3.0685E-01  1.3996E-02  1.2500E+01
  2.0000E+00  5.5784E+00  2.3288E+01  1.4278E+00  2.4617E-01  3.0685E-01  1.3996E-02  1.2500E+01
  2.0000E+00  5.5784E+00  2.3288E+01  1.4278E+00  2.4617E-01  3.0685E-01  1.3996E-02  1.2500E+01
  2.0000E+00  5.5784E+00  2.3288E+01  1.4278E+00  2.4617E-01  3.0685E-01  1.3996E-02  1.2500E+01
  2.0000E+00  5.5784E+00  2.3288E+01  1.4278E+00  2.4617E-01  3.0685E-01  1.3996E-02  1.2500E+01
  2.0000E+00  5.5784E+00  2.3288E+01  1.4278E+00  2.4617E-01  3.0685E-01  1.3996E-02  1.2500E+01
  2.0000E+00  5.5784E+00  2.3288E+01  1.4278E+00  2.4617E-01  3.0685E-01  1.3996E-02  1.2500E+01
  2.0000E+00  5.5784E+00  2.3288E+01  1.4278E+00  2.4617E-01  3.0685E-01  1.3996E-02  1.2500E+01
  3.0000E+00  4.5063E+00  2.8691E+00  1.4278E+00  2.4617E-01  3.0685E-01  1.0000E+00  2.5000E+00
  3.0000E+00  4.5063E+00  2.8691E+00  1.4278E+00  2.4617E-01  3.0685E-01  1.0000E+00  2.5000E+00
  3.0000E+00  4.5063E+00  2.8691E+00  1.4278E+00  2.4617E-01  3.0685E-01  1.0000E+00  2.5000E+00
  3.0000E+00  4.5063E+00  2.8691E+00  1.4278E+00  2.4617E-01  3.0685E-01  1.0000E+00  2.5000E+00
  3.0000E+00  4.5063E+00  2.8691E+00  1.4278E+00  2.4617E-01  3.0685E-01  1.0000E+00  2.5000E+00
  3.0000E+00  4.5063E+00  2.8691E+00  1.4278E+00  2.4617E-01  3.0685E-01  1.0000E+00  2.5000E+00
  3.0000E+00  4.5063E+00  2.8691E+00  1.4278E+00  2.4617E-01  3.0685E-01  1.0000E+00  2.5000E+00
  3.0000E+00  4.5063E+00  2.8691E+00  1.4278E+00  2.4617E-01  3.0685E-01  1.0000E+00  2.5000E+00
  3.0000E+00  4.5063E+00  2.8691E+00  1.4278E+00  2.4617E-01  3.0685E-01  1.0000E+00  2.5000E+00
  3.0000E+00  4.5063E+00  2.8691E+00  1.4278E+00  2.4617E-01  3.0685E-01  1.0000E+00  2.5000E+00
  3.0000E+00  4.5063E+00  2.8691E+00  1.4278E+00  2.4617E-01  3.0685E-01  1.0000E+00  2.5000E+00
  3.0000E+00  4.5063E+00  2.8691E+00  1.4278E+00  2.4617E-01  3.0685E-01  1.0000E+00  2.5000E+00
  4.0000E+00  5.6334E+00  3.2030E+00  1.4278E+00  2.4617E-01  3.0685E-01  1.0000E+00  2.5000E+00
  4.0000E+00  5.6334E+00  3.2030E+00  1.4278E+00  2.4617E-01  3.0685E-01  1.0000E+00  2.5000E+00
  4.0000E+00  5.6334E+00  3.2030E+00  1.4278E+00  2.4617E-01  3.0685E-01  1.0000E+00  2.5000E+00
  4.0000E+00  5.6334E+00  3.2030E+00  1.4278E+00  2.4617E-01  3.0685E-01  1.0000E+00  2.5000E+00
  4.0000E+00  5.6334E+00  3.2030E+00  1.4278E+00  2.4617E-01  3.0685E-01  1.0000E+00  2.5000E+00
  4.0000E+00  5.6334E+00  3.2030E+00  1.4278E+00  2.4617E-01  3.0685E-01  1.0000E+00  2.5000E+00
  4.0000E+00  5.6334E+00  3.2030E+00  1.4278E+00  2.4617E-01  3.0685E-01  1.0000E+00  2.5000E+00
  4.0000E+00  5.6334E+00  3.2030E+00  1.4278E+00  2.4617E-01  3.0685E-01  1.0000E+00  2.5000E+00
  4.0000E+00  5.6334E+00  3.2030E+00  1.4278E+00  2.4617E-01  3.0685E-01  1.0000E+00  2.5000E+00
  4.0000E+00  5.6334E+00  3.2030E+00  1.4278E+00  2.4617E-01  3.0685E-01  1.0000E+00  2.5000E+00
  4.0000E+00  5.6334E+00  3.2030E+00  1.4278E+00  2.4617E-01  3.0685E-01  1.0000E+00  2.5000E+00
  4.0000E+00  5.6334E+00  3.2030E+00  1.4278E+00  2.4617E-01  3.0685E-01  1.0000E+00  2.5000E+00
  5.0000E+00  4.8200E+00  2.6395E+00  1.4278E+00  2.4617E-01  3.0685E-01  1.0000E+00  2.5000E+00
  5.0000E+00  4.8200E+00  2.6395E+00  1.4278E+00  2.4617E-01  3.0685E-01  1.0000E+00  2.5000E+00
  5.0000E+00  4.8200E+00  2.6395E+00  1.4278E+00  2.4617E-01  3.0685E-01  1.0000E+00  2.5000E+00
  5.0000E+00  4.8200E+00  2.6395E+00  1.4278E+00  2.4617E-01  3.0685E-01  1.0000E+00  2.5000E+00
  5.0000E+00  4.8200E+00  2.6395E+00  1.4278E+00  2.4617E-01  3.0685E-01  1.0000E+00  2.5000E+00
  5.0000E+00  4.8200E+00  2.6395E+00  1.4278E+00  2.4617E-01  3.0685E-01  1.0000E+00  2.5000E+00
  5.0000E+00  4.8200E+00  2.6395E+00  1.4278E+00  2.4617E-01  3.0685E-01  1.0000E+00  2.5000E+00
  5.0000E+00  4.8200E+00  2.6395E+00  1.4278E+00  2.4617E-01  3.0685E-01  1.0000E+00  2.5000E+00
  5.0000E+00  4.8200E+00  2.6395E+00  1.4278E+00  2.4617E-01  3.0685E-01  1.0000E+00  2.5000E+00
  5.0000E+00  4.8200E+00  2.6395E+00  1.4278E+00  2.4617E-01  3.0685E-01  1.0000E+00  2.5000E+00
  5.0000E+00  4.8200E+00  2.6395E+00  1.4278E+00  2.4617E-01  3.0685E-01  1.0000E+00  2.5000E+00
  5.0000E+00  4.8200E+00  2.6395E+00  1.4278E+00  2.4617E-01  3.0685E-01  1.0000E+00  2.5000E+00
  6.0000E+00  6.1508E+00  1.1251E+01  1.4278E+00  2.4617E-01  3.0685E-01  1.3996E-02  1.0000E+01
  6.0000E+00  6.1508E+00  1.1251E+01  1.4278E+00  2.4617E-01  3.0685E-01  1.3996E-02  1.0000E+01
  6.0000E+00  6.1508E+00  1.1251E+01  1.4278E+00  2.4617E-01  3.0685E-01  1.3996E-02  1.0000E+01
  6.0000E+00  6.1508E+00  1.1251E+01  1.4278E+00  2.4617E-01  3.0685E-01  1.3996E-02  1.0000E+01
  6.0000E+00  6.1508E+00  1.1251E+01  1.4278E+00  2.4617E-01  3.0685E-01  1.3996E-02  1.0000E+01
  6.0000E+00  6.1508E+00  1.1251E+01  1.4278E+00  2.4617E-01  3.0685E-01  1.3996E-02  1.0000E+01
  6.0000E+00  6.1508E+00  1.1251E+01  1.4278E+00  2.4617E-01  3.0685E-01  1.3996E-02  1.0000E+01
  6.0000E+00  6.1508E+00  1.1251E+01  1.4278E+00  2.4617E-01  3.0685E-01  1.3996E-02  1.0000E+01
  6.0000E+00  6.1508E+00  1.1251E+01  1.4278E+00  2.4617E-01  3.0685E-01  1.3996E-02  1.0000E+01
  6.0000E+00  6.1508E+00  1.1251E+01  1.4278E+00  2.4617E-01  3.0685E-01  1.3996E-02  1.0000E+01
  6.0000E+00  6.1508E+00  1.1251E+01  1.4278E+00  2.4617E-01  3.0685E-01  1.3996E-02  1.0000E+01
  6.0000E+00  6.1508E+00  1.1251E+01  1.4278E+00  2.4617E-01  3.0685E-01  1.3996E-02  1.0000E+01
  7.0000E+00  5.4002E+00  7.0411E+00  1.4278E+00  2.4617E-01  3.0685E-01  1.3996E-02  1.0000E+01
  7.0000E+00  5.4002E+00  7.0411E+00  1.4278E+00  2.4617E-01  3.0685E-01  1.3996E-02  1.0000E+01
  7.0000E+00  5.4002E+00  7.0411E+00  1.4278E+00  2.4617E-01  3.0685E-01  1.3996E-02  1.0000E+01
  7.0000E+00  5.4002E+00  7.0411E+00  1.4278E+00  2.4617E-01  3.0685E-01  1.3996E-02  1.0000E+01
  7.0000E+00  5.4002E+00  7.0411E+00  1.4278E+00  2.4617E-01  3.0685E-01  1.3996E-02  1.0000E+01
  7.0000E+00  5.4002E+00  7.0411E+00  1.4278E+00  2.4617E-01  3.0685E-01  1.3996E-02  1.0000E+01
  7.0000E+00  5.4002E+00  7.0411E+00  1.4278E+00  2.4617E-01  3.0685E-01  1.3996E-02  1.0000E+01
  7.0000E+00  5.4002E+00  7.0411E+00  1.4278E+00  2.4617E-01  3.0685E-01  1.3996E-02  1.0000E+01
  7.0000E+00  5.4002E+00  7.0411E+00  1.4278E+00  2.4617E-01  3.0685E-01  1.3996E-02  1.0000E+01
  7.0000E+00  5.4002E+00  7.0411E+00  1.4278E+00  2.4617E-01  3.0685E-01  1.3996E-02  1.0000E+01
  7.0000E+00  5.4002E+00  7.0411E+00  1.4278E+00  2.4617E-01  3.0685E-01  1.3996E-02  1.0000E+01
  7.0000E+00  5.4002E+00  7.0411E+00  1.4278E+00  2.4617E-01  3.0685E-01  1.3996E-02  1.0000E+01
  8.0000E+00  6.9829E+00  4.1830E+00  1.4278E+00  2.4617E-01  3.0685E-01  1.3996E-02  1.0000E+01
  8.0000E+00  6.9829E+00  4.1830E+00  1.4278E+00  2.4617E-01  3.0685E-01  1.3996E-02  1.0000E+01
  8.0000E+00  6.9829E+00  4.1830E+00  1.4278E+00  2.4617E-01  3.0685E-01  1.3996E-02  1.0000E+01
  8.0000E+00  6.9829E+00  4.1830E+00  1.4278E+00  2.4617E-01  3.0685E-01  1.3996E-02  1.0000E+01
  8.0000E+00  6.9829E+00  4.1830E+00  1.4278E+00  2.4617E-01  3.0685E-01  1.3996E-02  1.0000E+01
  8.0000E+00  6.9829E+00  4.1830E+00  1.4278E+00  2.4617E-01  3.0685E-01  1.3996E-02  1.0000E+01
  8.0000E+00  6.9829E+00  4.1830E+00  1.4278E+00  2.4617E-01  3.0685E-01  1.3996E-02  1.0000E+01
  8.0000E+00  6.9829E+00  4.1830E+00  1.4278E+00  2.4617E-01  3.0685E-01  1.3996E-02  1.0000E+01
  8.0000E+00  6.9829E+00  4.1830E+00  1.4278E+00  2.4617E-01  3.0685E-01  1.3996E-02  1.0000E+01
  8.0000E+00  6.9829E+00  4.1830E+00  1.4278E+00  2.4617E-01  3.0685E-01  1.3996E-02  1.0000E+01
  8.0000E+00  6.9829E+00  4.1830E+00  1.4278E+00  2.4617E-01  3.0685E-01  1.3996E-02  1.0000E+01
  8.0000E+00  6.9829E+00  4.1830E+00  1.4278E+00  2.4617E-01  3.0685E-01  1.3996E-02  1.0000E+01
  9.0000E+00  3.5793E+00  6.8240E-01  1.4278E+00  2.4617E-01  3.0685E-01  1.3996E-02  3.0000E+01
  9.0000E+00  3.5793E+00  6.8240E-01  1.4278E+00  2.4617E-01  3.0685E-01  1.3996E-02  3.0000E+01
  9.0000E+00  3.5793E+00  6.8240E-01  1.4278E+00  2.4617E-01  3.0685E-01  1.3996E-02  3.0000E+01
  9.0000E+00  3.5793E+00  6.8240E-01  1.4278E+00  2.4617E-01  3.0685E-01  1.3996E-02  3.0000E+01
  9.0000E+00  3.5793E+00  6.8240E-01  1.4278E+00  2.4617E-01  3.0685E-01  1.3996E-02  3.0000E+01
  9.0000E+00  3.5793E+00  6.8240E-01  1.4278E+00  2.4617E-01  3.0685E-01  1.3996E-02  3.0000E+01
  9.0000E+00  3.5793E+00  6.8240E-01  1.4278E+00  2.4617E-01  3.0685E-01  1.3996E-02  3.0000E+01
  9.0000E+00  3.5793E+00  6.8240E-01  1.4278E+00  2.4617E-01  3.0685E-01  1.3996E-02  3.0000E+01
  9.0000E+00  3.5793E+00  6.8240E-01  1.4278E+00  2.4617E-01  3.0685E-01  1.3996E-02  3.0000E+01
  9.0000E+00  3.5793E+00  6.8240E-01  1.4278E+00  2.4617E-01  3.0685E-01  1.3996E-02  3.0000E+01
  9.0000E+00  3.5793E+00  6.8240E-01  1.4278E+00  2.4617E-01  3.0685E-01  1.3996E-02  3.0000E+01
  9.0000E+00  3.5793E+00  6.8240E-01  1.4278E+00  2.4617E-01  3.0685E-01  1.3996E-02  3.0000E+01
  1.0000E+01  2.8584E+00  7.2640E+00  1.4278E+00  2.4617E-01  3.0685E-01  1.3996E-02  3.0000E+01
  1.0000E+01  2.8584E+00  7.2640E+00  1.4278E+00  2.4617E-01  3.0685E-01  1.3996E-02  3.0000E+01
  1.0000E+01  2.8584E+00  7.2640E+00  1.4278E+00  2.4617E-01  3.0685E-01  1.3996E-02  3.0000E+01
  1.0000E+01  2.8584E+00  7.2640E+00  1.4278E+00  2.4617E-01  3.0685E-01  1.3996E-02  3.0000E+01
  1.0000E+01  2.8584E+00  7.2640E+00  1.4278E+00  2.4617E-01  3.0685E-01  1.3996E-02  3.0000E+01
  1.0000E+01  2.8584E+00  7.2640E+00  1.4278E+00  2.4617E-01  3.0685E-01  1.3996E-02  3.0000E+01
  1.0000E+01  2.8584E+00  7.2640E+00  1.4278E+00  2.4617E-01  3.0685E-01  1.3996E-02  3.0000E+01
  1.0000E+01  2.8584E+00  7.2640E+00  1.4278E+00  2.4617E-01  3.0685E-01  1.3996E-02  3.0000E+01
  1.0000E+01  2.8584E+00  7.2640E+00  1.4278E+00  2.4617E-01  3.0685E-01  1.3996E-02  3.0000E+01
  1.0000E+01  2.8584E+00  7.2640E+00  1.4278E+00  2.4617E-01  3.0685E-01  1.3996E-02  3.0000E+01
  1.0000E+01  2.8584E+00  7.2640E+00  1.4278E+00  2.4617E-01  3.0685E-01  1.3996E-02  3.0000E+01
  1.0000E+01  2.8584E+00  7.2640E+00  1.4278E+00  2.4617E-01  3.0685E-01  1.3996E-02  3.0000E+01
  1.1000E+01  3.4996E+00  5.8896E+00  1.4278E+00  2.4617E-01  3.0685E-01  1.3996E-02  3.0000E+01
  1.1000E+01  3.4996E+00  5.8896E+00  1.4278E+00  2.4617E-01  3.0685E-01  1.3996E-02  3.0000E+01
  1.1000E+01  3.4996E+00  5.8896E+00  1.4278E+00  2.4617E-01  3.0685E-01  1.3996E-02  3.0000E+01
  1.1000E+01  3.4996E+00  5.8896E+00  1.4278E+00  2.4617E-01  3.0685E-01  1.3996E-02  3.0000E+01
  1.1000E+01  3.4996E+00  5.8896E+00  1.4278E+00  2.4617E-01  3.0685E-01  1.3996E-02  3.0000E+01
  1.1000E+01  3.4996E+00  5.8896E+00  1.4278E+00  2.4617E-01  3.0685E-01  1.3996E-02  3.0000E+01
  1.1000E+01  3.4996E+00  5.8896E+00  1.4278E+00  2.4617E-01  3.0685E-01  1.3996E-02  3.0000E+01
  1.1000E+01  3.4996E+00  5.8896E+00  1.4278E+00  2.4617E-01  3.0685E-01  1.3996E-02  3.0000E+01
  1.1000E+01  3.4996E+00  5.8896E+00  1.4278E+00  2.4617E-01  3.0685E-01  1.3996E-02  3.0000E+01
  1.1000E+01  3.4996E+00  5.8896E+00  1.4278E+00  2.4617E-01  3.0685E-01  1.3996E-02  3.0000E+01
  1.1000E+01  3.4996E+00  5.8896E+00  1.4278E+00  2.4617E-01  3.0685E-01  1.3996E-02  3.0000E+01
  1.1000E+01  3.4996E+00  5.8896E+00  1.4278E+00  2.4617E-01  3.0685E-01  1.3996E-02  3.0000E+01
  1.2000E+01  7.5347E+00  7.8001E+01  1.4278E+00  2.4617E-01  3.0685E-01  1.3996E-02  3.0000E+01
  1.2000E+01  7.5347E+00  7.8001E+01  1.4278E+00  2.4617E-01  3.0685E-01  1.3996E-02  3.0000E+01
  1.2000E+01  7.5347E+00  7.8001E+01  1.4278E+00  2.4617E-01  3.0685E-01  1.3996E-02  3.0000E+01
  1.2000E+01  7.5347E+00  7.8001E+01  1.4278E+00  2.4617E-01  3.0685E-01  1.3996E-02  3.0000E+01
  1.2000E+01  7.5347E+00  7.8001E+01  1.4278E+00  2.4617E-01  3.0685E-01  1.3996E-02  3.0000E+01
  1.2000E+01  7.5347E+00  7.8001E+01  1.4278E+00  2.4617E-01  3.0685E-01  1.3996E-02  3.0000E+01
  1.2000E+01  7.5347E+00  7.8001E+01  1.4278E+00  2.4617E-01  3.0685E-01  1.3996E-02  3.0000E+01
  1.2000E+01  7.5347E+00  7.8001E+01  1.4278E+00  2.4617E-01  3.0685E-01  1.3996E-02  3.0000E+01
  1.2000E+01  7.5347E+00  7.8001E+01  1.4278E+00  2.4617E-01  3.0685E-01  1.3996E-02  3.0000E+01
  1.2000E+01  7.5347E+00  7.8001E+01  1.4278E+00  2.4617E-01  3.0685E-01  1.3996E-02  3.0000E+01
  1.2000E+01  7.5347E+00  7.8001E+01  1.4278E+00  2.4617E-01  3.0685E-01  1.3996E-02  3.0000E+01
  1.2000E+01  7.5347E+00  7.8001E+01  1.4278E+00  2.4617E-01  3.0685E-01  1.3996E-02  3.0000E+01
  1.3000E+01  6.3831E+00  2.7392E+01  1.4278E+00  2.4617E-01  3.0685E-01  1.3996E-02  3.0000E+01
  1.3000E+01  6.3831E+00  2.7392E+01  1.4278E+00  2.4617E-01  3.0685E-01  1.3996E-02  3.0000E+01
  1.3000E+01  6.3831E+00  2.7392E+01  1.4278E+00  2.4617E-01  3.0685E-01  1.3996E-02  3.0000E+01
  1.3000E+01  6.3831E+00  2.7392E+01  1.4278E+00  2.4617E-01  3.0685E-01  1.3996E-02  3.0000E+01
  1.3000E+01  6.3831E+00  2.7392E+01  1.4278E+00  2.4617E-01  3.0685E-01  1.3996E-02  3.0000E+01
  1.3000E+01  6.3831E+00  2.7392E+01  1.4278E+00  2.4617E-01  3.0685E-01  1.3996E-02  3.0000E+01
  1.3000E+01  6.3831E+00  2.7392E+01  1.4278E+00  2.4617E-01  3.0685E-01  1.3996E-02  3.0000E+01
  1.3000E+01  6.3831E+00  2.7392E+01  1.4278E+00  2.4617E-01  3.0685E-01  1.3996E-02  3.0000E+01
  1.3000E+01  6.3831E+00  2.7392E+01  1.4278E+00  2.4617E-01  3.0685E-01  1.3996E-02  3.0000E+01
  1.3000E+01  6.3831E+00  2.7392E+01  1.4278E+00  2.4617E-01  3.0685E-01  1.3996E-02  3.0000E+01
  1.3000E+01  6.3831E+00  2.7392E+01  1.4278E+00  2.4617E-01  3.0685E-01  1.3996E-02  3.0000E+01
  1.3000E+01  6.3831E+00  2.7392E+01  1.4278E+00  2.4617E-01  3.0685E-01  1.3996E-02  3.0000E+01
  1.4000E+01  9.9295E+00  5.6524E+01  1.4278E+00  2.4617E-01  3.0685E-01  1.3996E-02  3.0000E+01
  1.4000E+01  9.9295E+00  5.6524E+01  1.4278E+00  2.4617E-01  3.0685E-01  1.3996E-02  3.0000E+01
  1.4000E+01  9.9295E+00  5.6524E+01  1.4278E+00  2.4617E-01  3.0685E-01  1.3996E-02  3.0000E+01
  1.4000E+01  9.9295E+00  5.6524E+01  1.4278E+00  2.4617E-01  3.0685E-01  1.3996E-02  3.0000E+01
  1.4000E+01  9.9295E+00  5.6524E+01  1.4278E+00  2.4617E-01  3.0685E-01  1.3996E-02  3.0000E+01
  1.4000E+01  9.9295E+00  5.6524E+01  1.4278E+00  2.4617E-01  3.0685E-01  1.3996E-02  3.0000E+01
  1.4000E+01  9.9295E+00  5.6524E+01  1.4278E+00  2.4617E-01  3.0685E-01  1.3996E-02  3.0000E+01
  1.4000E+01  9.9295E+00  5.6524E+01  1.4278E+00  2.4617E-01  3.0685E-01  1.3996E-02  3.0000E+01
  1.4000E+01  9.9295E+00  5.6524E+01  1.4278E+00  2.4617E-01  3.0685E-01  1.3996E-02  3.0000E+01
  1.4000E+01  9.9295E+00  5.6524E+01  1.4278E+00  2.4617E-01  3.0685E-01  1.3996E-02  3.0000E+01
  1.4000E+01  9.9295E+00  5.6524E+01  1.4278E+00  2.4617E-01  3.0685E-01  1.3996E-02  3.0000E+01
  1.4000E+01  9.9295E+00  5.6524E+01  1.4278E+00  2.4617E-01  3.0685E-01  1.3996E-02  3.0000E+01
  1.5000E+01  8.2834E+00  1.3026E+01  1.4278E+00  2.4617E-01  3.0685E-01  1.3996E-02  1.0000E+02
  1.5000E+01  8.2834E+00  1.3026E+01  1.4278E+00  2.4617E-01  3.0685E-01  1.3996E-02  1.0000E+02
  1.5000E+01  8.2834E+00  1.3026E+01  1.4278E+00  2.4617E-01  3.0685E-01  1.3996E-02  1.0000E+02
  1.5000E+01  8.2834E+00  1.3026E+01  1.4278E+00  2.4617E-01  3.0685E-01  1.3996E-02  1.0000E+02
  1.5000E+01  8.2834E+00  1.3026E+01  1.4278E+00  2.4617E-01  3.0685E-01  1.3996E-02  1.0000E+02
  1.5000E+01  8.2834E+00  1.3026E+01  1.4278E+00  2.4617E-01  3.0685E-01  1.3996E-02  1.0000E+02
  1.5000E+01  8.2834E+00  1.3026E+01  1.4278E+00  2.4617E-01  3.0685E-01  1.3996E-02  1.0000E+02
  1.5000E+01  8.2834E+00  1.3026E+01  1.4278E+00  2.4617E-01  3.0685E-01  1.3996E-02  1.0000E+02
  1.5000E+01  8.2834E+00  1.3026E+01  1.4278E+00  2.4617E-01  3.0685E-01  1.3996E-02  1.0000E+02
  1.5000E+01  8.2834E+00  1.3026E+01  1.4278E+00  2.4617E-01  3.0685E-01  1.3996E-02  1.0000E+02
  1.5000E+01  8.2834E+00  1.3026E+01  1.4278E+00  2.4617E-01  3.0685E-01  1.3996E-02  1.0000E+02
  1.5000E+01  8.2834E+00  1.3026E+01  1.4278E+00  2.4617E-01  3.0685E-01  1.3996E-02  1.0000E+02
  1.6000E+01  2.4673E+00  6.1305E+00  1.4278E+00  2.4617E-01  3.0685E-01  1.3996E-02  1.0000E+02
  1.6000E+01  2.4673E+00  6.1305E+00  1.4278E+00  2.4617E-01  3.0685E-01  1.3996E-02  1.0000E+02
  1.6000E+01  2.4673E+00  6.1305E+00  1.4278E+00  2.4617E-01  3.0685E-01  1.3996E-02  1.0000E+02
  1.6000E+01  2.4673E+00  6.1305E+00  1.4278E+00  2.4617E-01  3.0685E-01  1.3996E-02  1.0000E+02
  1.6000E+01  2.4673E+00  6.1305E+00  1.4278E+00  2.4617E-01  3.0685E-01  1.3996E-02  1.0000E+02
  1.6000E+01  2.4673E+00  6.1305E+00  1.4278E+00  2.4617E-01  3.0685E-01  1.3996E-02  1.0000E+02
  1.6000E+01  2.4673E+00  6.1305E+00  1.4278E+00  2.4617E-01  3.0685E-01  1.3996E-02  1.0000E+02
  1.6000E+01  2.4673E+00  6.1305E+00  1.4278E+00  2.4617E-01  3.0685E-01  1.3996E-02  1.0000E+02
  1.6000E+01  2.4673E+00  6.1305E+00  1.4278E+00  2.4617E-01  3.0685E-01  1.3996E-02  1.0000E+02
  1.6000E+01  2.4673E+00  6.1305E+00  1.4278E+00  2.4617E-01  3.0685E-01  1.3996E-02  1.0000E+02
  1.6000E+01  2.4673E+00  6.1305E+00  1.4278E+00  2.4617E-01  3.0685E-01  1.3996E-02  1.0000E+02
  1.6000E+01  2.4673E+00  6.1305E+00  1.4278E+00  2.4617E-01  3.0685E-01  1.3996E-02  1.0000E+02
  1.7000E+01  7.2720E+00  1.8319E+01  1.4278E+00  2.4617E-01  3.0685E-01  1.3996E-02  1.0000E+02
  1.7000E+01  7.2720E+00  1.8319E+01  1.4278E+00  2.4617E-01  3.0685E-01  1.3996E-02  1.0000E+02
  1.7000E+01  7.2720E+00  1.8319E+01  1.4278E+00  2.4617E-01  3.0685E-01  1.3996E-02  1.0000E+02
  1.7000E+01  7.2720E+00  1.8319E+01  1.4278E+00  2.4617E-01  3.0685E-01  1.3996E-02  1.0000E+02
  1.7000E+01  7.2720E+00  1.8319E+01  1.4278E+00  2.4617E-01  3.0685E-01  1.3996E-02  1.0000E+02
  1.7000E+01  7.2720E+00  1.8319E+01  1.4278E+00  2.4617E-01  3.0685E-01  1.3996E-02  1.0000E+02
  1.7000E+01  7.2720E+00  1.8319E+01  1.4278E+00  2.4617E-01  3.0685E-01  1.3996E-02  1.0000E+02
  1.7000E+01  7.2720E+00  1.8319E+01  1.4278E+00  2.4617E-01  3.0685E-01  1.3996E-02  1.0000E+02
  1.7000E+01  7.2720E+00  1.8319E+01  1.4278E+00  2.4617E-01  3.0685E-01  1.3996E-02  1.0000E+02
  1.7000E+01  7.2720E+00  1.8319E+01  1.4278E+00  2.4617E-01  3.0685E-01  1.3996E-02  1.0000E+02
  1.7000E+01  7.2720E+00  1.8319E+01  1.4278E+00  2.4617E-01  3.0685E-01  1.3996E-02  1.0000E+02
  1.7000E+01  7.2720E+00  1.8319E+01  1.4278E+00  2.4617E-01  3.0685E-01  1.3996E-02  1.0000E+02
