TABLE NO.  1
 ID          TIME        AMT         DV          MDV         IPRED       CWRES       IWRES       BQL         DV          PRED        RES         WRES
  1.0000E+00  0.0000E+00  2.9000E+04  0.0000E+00  1.0000E+00  0.0000E+00  0.0000E+00  0.0000E+00  0.0000E+00  0.0000E+00  1.0000E+00  0.0000E+00  0.0000E+00
  1.0000E+00  0.0000E+00  2.9000E+04  0.0000E+00  1.0000E+00  0.0000E+00  0.0000E+00  0.0000E+00  0.0000E+00  0.0000E+00  1.0000E+00  0.0000E+00  0.0000E+00
  1.0000E+00  0.0000E+00  0.0000E+00  0.0000E+00  0.0000E+00  0.0000E+00  0.0000E+00  0.0000E+00  0.0000E+00  0.0000E+00  1.0000E+00  0.0000E+00  0.0000E+00
  1.0000E+00  2.5000E-01  0.0000E+00  7.3000E-01  0.0000E+00  1.3271E+00  0.0000E+00 -8.0690E-01  0.0000E+00  7.3000E-01  1.0848E-01  0.0000E+00  0.0000E+00
  1.0000E+00  5.0000E-01  0.0000E+00  2.7500E+00  0.0000E+00  2.4403E+00  0.0000E+00  2.2762E-01  0.0000E+00  2.7500E+00  5.7263E+00  0.0000E+00  0.0000E+00
  1.0000E+00  1.0000E+00  0.0000E+00  7.2700E+00  0.0000E+00  4.1264E+00  0.0000E+00  1.3663E+00  0.0000E+00  7.2700E+00  9.1307E+00  0.0000E+00  0.0000E+00
  1.0000E+00  2.0000E+00  0.0000E+00  6.4500E+00  0.0000E+00  5.9039E+00  0.0000E+00  1.6589E-01  0.0000E+00  6.4500E+00  1.1691E+01  0.0000E+00  0.0000E+00
  1.0000E+00  3.0000E+00  0.0000E+00  6.8500E+00  0.0000E+00  6.3422E+00  0.0000E+00  1.4358E-01  0.0000E+00  6.8500E+00  1.1337E+01  0.0000E+00  0.0000E+00
  1.0000E+00  4.0000E+00  0.0000E+00  4.2300E+00  0.0000E+00  6.0633E+00  0.0000E+00 -5.4226E-01  0.0000E+00  4.2300E+00  9.8663E+00  0.0000E+00  0.0000E+00
  1.0000E+00  6.0000E+00  0.0000E+00  6.0300E+00  0.0000E+00  6.6269E+00  0.0000E+00 -1.6153E-01  0.0000E+00  6.0300E+00  1.0411E+01  0.0000E+00  0.0000E+00
  1.0000E+00  8.0000E+00  0.0000E+00  8.1100E+00  0.0000E+00  6.1214E+00  0.0000E+00  5.8260E-01  0.0000E+00  8.1100E+00  9.0455E+00  0.0000E+00  0.0000E+00
  1.0000E+00  1.2000E+01  0.0000E+00  5.0000E-01  0.0000E+00  4.8583E+00  0.0000E+00 -1.6088E+00  1.0000E+00  5.0000E-01  6.2733E-02  0.0000E+00  0.0000E+00
  1.0000E+00  2.4000E+01  0.0000E+00  5.0000E-01  0.0000E+00  1.5108E-01  0.0000E+00  4.1419E+00  1.0000E+00  5.0000E-01  1.0000E+00  0.0000E+00  0.0000E+00
  2.0000E+00  0.0000E+00  2.9000E+04  0.0000E+00  1.0000E+00  0.0000E+00  0.0000E+00  0.0000E+00  0.0000E+00  0.0000E+00  1.0000E+00  0.0000E+00  0.0000E+00
  2.0000E+00  0.0000E+00  2.9000E+04  0.0000E+00  1.0000E+00  0.0000E+00  0.0000E+00  0.0000E+00  0.0000E+00  0.0000E+00  1.0000E+00  0.0000E+00  0.0000E+00
  2.0000E+00  0.0000E+00  0.0000E+00  0.0000E+00  0.0000E+00  0.0000E+00  0.0000E+00  0.0000E+00  0.0000E+00  0.0000E+00  1.0000E+00  0.0000E+00  0.0000E+00
  2.0000E+00  2.5000E-01  0.0000E+00  1.2000E-01  0.0000E+00  1.2471E+00  0.0000E+00 -1.6208E+00  0.0000E+00  1.2000E-01  1.0848E-01  0.0000E+00  0.0000E+00
  2.0000E+00  5.0000E-01  0.0000E+00  1.8000E-01  0.0000E+00  2.3267E+00  0.0000E+00 -1.6547E+00  0.0000E+00  1.8000E-01  6.9407E-02  0.0000E+00  0.0000E+00
  2.0000E+00  1.0000E+00  0.0000E+00  1.4000E-01  0.0000E+00  4.0499E+00  0.0000E+00 -1.7314E+00  0.0000E+00  1.4000E-01  5.5133E-02  0.0000E+00  0.0000E+00
  2.0000E+00  2.0000E+00  0.0000E+00  1.1700E+00  0.0000E+00  6.1395E+00  0.0000E+00 -1.4516E+00  0.0000E+00  1.1700E+00  1.1691E+01  0.0000E+00  0.0000E+00
  2.0000E+00  3.0000E+00  0.0000E+00  8.4000E+00  0.0000E+00  6.9875E+00  0.0000E+00  3.6252E-01  0.0000E+00  8.4000E+00  1.1337E+01  0.0000E+00  0.0000E+00
  2.0000E+00  4.0000E+00  0.0000E+00  1.5500E+01  0.0000E+00  7.0767E+00  0.0000E+00  2.1347E+00  0.0000E+00  1.5500E+01  9.8663E+00  0.0000E+00  0.0000E+00
  2.0000E+00  6.0000E+00  0.0000E+00  8.5100E+00  0.0000E+00  8.1321E+00  0.0000E+00  8.3331E-02  0.0000E+00  8.5100E+00  1.0411E+01  0.0000E+00  0.0000E+00
  2.0000E+00  8.0000E+00  0.0000E+00  6.0400E+00  0.0000E+00  7.9703E+00  0.0000E+00 -4.3434E-01  0.0000E+00  6.0400E+00  9.0455E+00  0.0000E+00  0.0000E+00
  2.0000E+00  1.2000E+01  0.0000E+00  5.0000E-01  0.0000E+00  6.8378E+00  0.0000E+00 -1.6623E+00  1.0000E+00  5.0000E-01  6.2733E-02  0.0000E+00  0.0000E+00
  2.0000E+00  2.4000E+01  0.0000E+00  5.0000E-01  0.0000E+00  5.3539E-01  0.0000E+00 -1.1855E-01  1.0000E+00  5.0000E-01  1.0000E+00  0.0000E+00  0.0000E+00
  3.0000E+00  0.0000E+00  5.4500E+03  0.0000E+00  1.0000E+00  1.8995E+03  0.0000E+00 -1.7934E+00  0.0000E+00  0.0000E+00  3.6681E-02  0.0000E+00  0.0000E+00
  3.0000E+00  1.7000E-02  0.0000E+00  2.5500E+03  0.0000E+00  1.8468E+03  0.0000E+00  6.8286E-01  0.0000E+00  2.5500E+03  6.2357E+02  0.0000E+00  0.0000E+00
  3.0000E+00  8.3500E-02  0.0000E+00  2.1100E+03  0.0000E+00  1.6543E+03  0.0000E+00  4.9407E-01  0.0000E+00  2.1100E+03  5.9864E+02  0.0000E+00  0.0000E+00
  3.0000E+00  2.5000E-01  0.0000E+00  1.4600E+03  0.0000E+00  1.2561E+03  0.0000E+00  2.9107E-01  0.0000E+00  1.4600E+03  5.4056E+02  0.0000E+00  0.0000E+00
  3.0000E+00  5.0000E-01  0.0000E+00  8.5300E+02  0.0000E+00  8.3178E+02  0.0000E+00  4.5760E-02  0.0000E+00  8.5300E+02  4.6390E+02  0.0000E+00  0.0000E+00
  3.0000E+00  1.0000E+00  0.0000E+00  5.5500E+02  0.0000E+00  3.6717E+02  0.0000E+00  9.1744E-01  0.0000E+00  5.5500E+02  3.4205E+02  0.0000E+00  0.0000E+00
  3.0000E+00  2.0000E+00  0.0000E+00  1.0300E+02  0.0000E+00  7.6401E+01  0.0000E+00  6.2436E-01  0.0000E+00  1.0300E+02  1.8711E+02  0.0000E+00  0.0000E+00
  3.0000E+00  4.0000E+00  0.0000E+00  7.4100E+00  0.0000E+00  8.9341E+00  0.0000E+00 -3.0595E-01  0.0000E+00  7.4100E+00  5.8319E+01  0.0000E+00  0.0000E+00
  3.0000E+00  6.0000E+00  0.0000E+00  4.4900E+00  0.0000E+00  4.8034E+00  0.0000E+00 -1.1701E-01  0.0000E+00  4.4900E+00  2.0103E+01  0.0000E+00  0.0000E+00
  3.0000E+00  8.0000E+00  0.0000E+00  5.2500E+00  0.0000E+00  3.4116E+00  0.0000E+00  9.6641E-01  0.0000E+00  5.2500E+00  8.2119E+00  0.0000E+00  0.0000E+00
  3.0000E+00  1.2000E+01  0.0000E+00  2.4600E+00  0.0000E+00  1.7794E+00  0.0000E+00  6.8597E-01  0.0000E+00  2.4600E+00  2.4662E+00  0.0000E+00  0.0000E+00
  3.0000E+00  2.4000E+01  0.0000E+00  5.0000E-01  0.0000E+00  2.5315E-01  0.0000E+00  1.7488E+00  1.0000E+00  5.0000E-01  9.9998E-01  0.0000E+00  0.0000E+00
  4.0000E+00  0.0000E+00  5.9500E+03  0.0000E+00  1.0000E+00  1.8577E+03  0.0000E+00 -1.7934E+00  0.0000E+00  0.0000E+00  3.6662E-02  0.0000E+00  0.0000E+00
  4.0000E+00  1.7000E-02  0.0000E+00  2.3000E+03  0.0000E+00  1.8006E+03  0.0000E+00  4.9743E-01  0.0000E+00  2.3000E+03  6.8078E+02  0.0000E+00  0.0000E+00
  4.0000E+00  8.3500E-02  0.0000E+00  2.0000E+03  0.0000E+00  1.5937E+03  0.0000E+00  4.5716E-01  0.0000E+00  2.0000E+03  6.5356E+02  0.0000E+00  0.0000E+00
  4.0000E+00  2.5000E-01  0.0000E+00  1.2600E+03  0.0000E+00  1.1745E+03  0.0000E+00  1.3050E-01  0.0000E+00  1.2600E+03  5.9016E+02  0.0000E+00  0.0000E+00
  4.0000E+00  5.0000E-01  0.0000E+00  7.3500E+02  0.0000E+00  7.4357E+02  0.0000E+00 -2.0661E-02  0.0000E+00  7.3500E+02  5.0646E+02  0.0000E+00  0.0000E+00
  4.0000E+00  1.0000E+00  0.0000E+00  4.3200E+02  0.0000E+00  3.0002E+02  0.0000E+00  7.8894E-01  0.0000E+00  4.3200E+02  3.7343E+02  0.0000E+00  0.0000E+00
  4.0000E+00  2.0000E+00  0.0000E+00  5.4600E+01  0.0000E+00  5.2612E+01  0.0000E+00  6.7774E-02  0.0000E+00  5.4600E+01  2.0428E+02  0.0000E+00  0.0000E+00
  4.0000E+00  4.0000E+00  0.0000E+00  7.2500E+00  0.0000E+00  5.7026E+00  0.0000E+00  4.8666E-01  0.0000E+00  7.2500E+00  6.3669E+01  0.0000E+00  0.0000E+00
  4.0000E+00  6.0000E+00  0.0000E+00  3.6500E+00  0.0000E+00  3.2986E+00  0.0000E+00  1.9103E-01  0.0000E+00  3.6500E+00  2.1947E+01  0.0000E+00  0.0000E+00
  4.0000E+00  8.0000E+00  0.0000E+00  3.3200E+00  0.0000E+00  2.3538E+00  0.0000E+00  7.3620E-01  0.0000E+00  3.3200E+00  8.9653E+00  0.0000E+00  0.0000E+00
  4.0000E+00  1.2000E+01  0.0000E+00  1.6100E+00  0.0000E+00  1.2187E+00  0.0000E+00  5.7580E-01  0.0000E+00  1.6100E+00  2.6924E+00  0.0000E+00  0.0000E+00
  4.0000E+00  2.4000E+01  0.0000E+00  5.0000E-01  0.0000E+00  1.6932E-01  0.0000E+00  3.5024E+00  1.0000E+00  5.0000E-01  9.9983E-01  0.0000E+00  0.0000E+00
  5.0000E+00  0.0000E+00  6.1000E+03  0.0000E+00  1.0000E+00  2.3111E+03  0.0000E+00 -1.7934E+00  0.0000E+00  0.0000E+00  3.6657E-02  0.0000E+00  0.0000E+00
  5.0000E+00  1.7000E-02  0.0000E+00  2.6900E+03  0.0000E+00  2.2369E+03  0.0000E+00  3.6328E-01  0.0000E+00  2.6900E+03  6.9794E+02  0.0000E+00  0.0000E+00
  5.0000E+00  8.3500E-02  0.0000E+00  2.0500E+03  0.0000E+00  1.9690E+03  0.0000E+00  7.3817E-02  0.0000E+00  2.0500E+03  6.7004E+02  0.0000E+00  0.0000E+00
  5.0000E+00  2.5000E-01  0.0000E+00  1.1600E+03  0.0000E+00  1.4311E+03  0.0000E+00 -3.3975E-01  0.0000E+00  1.1600E+03  6.0503E+02  0.0000E+00  0.0000E+00
  5.0000E+00  5.0000E-01  0.0000E+00  8.2000E+02  0.0000E+00  8.8760E+02  0.0000E+00 -1.3659E-01  0.0000E+00  8.2000E+02  5.1922E+02  0.0000E+00  0.0000E+00
  5.0000E+00  1.0000E+00  0.0000E+00  4.5600E+02  0.0000E+00  3.4438E+02  0.0000E+00  5.8130E-01  0.0000E+00  4.5600E+02  3.8285E+02  0.0000E+00  0.0000E+00
  5.0000E+00  2.0000E+00  0.0000E+00  5.7800E+01  0.0000E+00  5.7227E+01  0.0000E+00  1.7966E-02  0.0000E+00  5.7800E+01  2.0943E+02  0.0000E+00  0.0000E+00
  5.0000E+00  4.0000E+00  0.0000E+00  6.8700E+00  0.0000E+00  7.2655E+00  0.0000E+00 -9.7616E-02  0.0000E+00  6.8700E+00  6.5274E+01  0.0000E+00  0.0000E+00
  5.0000E+00  6.0000E+00  0.0000E+00  6.0500E+00  0.0000E+00  4.5228E+00  0.0000E+00  6.0559E-01  0.0000E+00  6.0500E+00  2.2500E+01  0.0000E+00  0.0000E+00
  5.0000E+00  8.0000E+00  0.0000E+00  6.1100E+00  0.0000E+00  3.2477E+00  0.0000E+00  1.5806E+00  0.0000E+00  6.1100E+00  9.1913E+00  0.0000E+00  0.0000E+00
  5.0000E+00  1.2000E+01  0.0000E+00  1.7100E+00  0.0000E+00  1.6901E+00  0.0000E+00  2.1070E-02  0.0000E+00  1.7100E+00  2.7603E+00  0.0000E+00  0.0000E+00
  5.0000E+00  2.4000E+01  0.0000E+00  5.0000E-01  0.0000E+00  2.3831E-01  0.0000E+00  1.9694E+00  1.0000E+00  5.0000E-01  9.9971E-01  0.0000E+00  0.0000E+00
  6.0000E+00  0.0000E+00  2.1800E+04  0.0000E+00  1.0000E+00  0.0000E+00  0.0000E+00  0.0000E+00  0.0000E+00  0.0000E+00  1.0000E+00  0.0000E+00  0.0000E+00
  6.0000E+00  0.0000E+00  2.1800E+04  0.0000E+00  1.0000E+00  0.0000E+00  0.0000E+00  0.0000E+00  0.0000E+00  0.0000E+00  1.0000E+00  0.0000E+00  0.0000E+00
  6.0000E+00  0.0000E+00  0.0000E+00  0.0000E+00  0.0000E+00  0.0000E+00  0.0000E+00  0.0000E+00  0.0000E+00  0.0000E+00  1.0000E+00  0.0000E+00  0.0000E+00
  6.0000E+00  2.5000E-01  0.0000E+00  0.0000E+00  0.0000E+00  1.8651E+00  0.0000E+00 -1.7934E+00  0.0000E+00  0.0000E+00  1.4684E-01  0.0000E+00  0.0000E+00
  6.0000E+00  5.0000E-01  0.0000E+00  1.3900E+00  0.0000E+00  3.3458E+00  0.0000E+00 -1.0483E+00  0.0000E+00  1.3900E+00  4.3046E+00  0.0000E+00  0.0000E+00
  6.0000E+00  1.0000E+00  0.0000E+00  9.5800E+00  0.0000E+00  5.3904E+00  0.0000E+00  1.3939E+00  0.0000E+00  9.5800E+00  6.8638E+00  0.0000E+00  0.0000E+00
  6.0000E+00  2.0000E+00  0.0000E+00  9.5100E+00  0.0000E+00  7.0331E+00  0.0000E+00  6.3159E-01  0.0000E+00  9.5100E+00  8.7886E+00  0.0000E+00  0.0000E+00
  6.0000E+00  4.0000E+00  0.0000E+00  4.9900E+00  0.0000E+00  6.1168E+00  0.0000E+00 -3.3037E-01  0.0000E+00  4.9900E+00  7.4168E+00  0.0000E+00  0.0000E+00
  6.0000E+00  6.0000E+00  0.0000E+00  3.2100E+00  0.0000E+00  6.4560E+00  0.0000E+00 -9.0170E-01  0.0000E+00  3.2100E+00  7.8261E+00  0.0000E+00  0.0000E+00
  6.0000E+00  8.0000E+00  0.0000E+00  9.1800E+00  0.0000E+00  5.6430E+00  0.0000E+00  1.1241E+00  0.0000E+00  9.1800E+00  6.7997E+00  0.0000E+00  0.0000E+00
  6.0000E+00  1.2000E+01  0.0000E+00  3.8300E+00  0.0000E+00  4.2862E+00  0.0000E+00 -1.9090E-01  0.0000E+00  3.8300E+00  5.1617E+00  0.0000E+00  0.0000E+00
  6.0000E+00  2.4000E+01  0.0000E+00  5.0000E-01  0.0000E+00  7.4735E-02  0.0000E+00  1.0205E+01  1.0000E+00  5.0000E-01  1.0000E+00  0.0000E+00  0.0000E+00
  7.0000E+00  0.0000E+00  2.3800E+04  0.0000E+00  1.0000E+00  0.0000E+00  0.0000E+00  0.0000E+00  0.0000E+00  0.0000E+00  1.0000E+00  0.0000E+00  0.0000E+00
  7.0000E+00  0.0000E+00  2.3800E+04  0.0000E+00  1.0000E+00  0.0000E+00  0.0000E+00  0.0000E+00  0.0000E+00  0.0000E+00  1.0000E+00  0.0000E+00  0.0000E+00
  7.0000E+00  0.0000E+00  0.0000E+00  0.0000E+00  0.0000E+00  0.0000E+00  0.0000E+00  0.0000E+00  0.0000E+00  0.0000E+00  1.0000E+00  0.0000E+00  0.0000E+00
  7.0000E+00  2.5000E-01  0.0000E+00  2.7200E+00  0.0000E+00  3.1617E+00  0.0000E+00 -2.5053E-01  0.0000E+00  2.7200E+00  2.6340E+00  0.0000E+00  0.0000E+00
  7.0000E+00  5.0000E-01  0.0000E+00  3.0600E+00  0.0000E+00  5.5166E+00  0.0000E+00 -7.9862E-01  0.0000E+00  3.0600E+00  4.6995E+00  0.0000E+00  0.0000E+00
  7.0000E+00  1.0000E+00  0.0000E+00  5.3900E+00  0.0000E+00  8.4329E+00  0.0000E+00 -6.4712E-01  0.0000E+00  5.3900E+00  7.4935E+00  0.0000E+00  0.0000E+00
  7.0000E+00  2.0000E+00  0.0000E+00  2.4700E+01  0.0000E+00  1.0019E+01  0.0000E+00  2.6281E+00  0.0000E+00  2.4700E+01  9.5949E+00  0.0000E+00  0.0000E+00
  7.0000E+00  4.0000E+00  0.0000E+00  3.7600E+00  0.0000E+00  7.5399E+00  0.0000E+00 -8.9907E-01  0.0000E+00  3.7600E+00  8.0972E+00  0.0000E+00  0.0000E+00
  7.0000E+00  6.0000E+00  0.0000E+00  3.1900E+00  0.0000E+00  8.0210E+00  0.0000E+00 -1.0802E+00  0.0000E+00  3.1900E+00  8.5441E+00  0.0000E+00  0.0000E+00
  7.0000E+00  8.0000E+00  0.0000E+00  6.4300E+00  0.0000E+00  6.8065E+00  0.0000E+00 -9.9193E-02  0.0000E+00  6.4300E+00  7.4235E+00  0.0000E+00  0.0000E+00
  7.0000E+00  1.2000E+01  0.0000E+00  4.9200E+00  0.0000E+00  5.1280E+00  0.0000E+00 -7.2727E-02  0.0000E+00  4.9200E+00  5.6352E+00  0.0000E+00  0.0000E+00
  7.0000E+00  2.4000E+01  0.0000E+00  5.0000E-01  0.0000E+00  7.7873E-02  0.0000E+00  9.7216E+00  1.0000E+00  5.0000E-01  1.0000E+00  0.0000E+00  0.0000E+00
  8.0000E+00  0.0000E+00  2.4400E+04  0.0000E+00  1.0000E+00  0.0000E+00  0.0000E+00  0.0000E+00  0.0000E+00  0.0000E+00  1.0000E+00  0.0000E+00  0.0000E+00
  8.0000E+00  0.0000E+00  2.4400E+04  0.0000E+00  1.0000E+00  0.0000E+00  0.0000E+00  0.0000E+00  0.0000E+00  0.0000E+00  1.0000E+00  0.0000E+00  0.0000E+00
  8.0000E+00  0.0000E+00  0.0000E+00  0.0000E+00  0.0000E+00  0.0000E+00  0.0000E+00  0.0000E+00  0.0000E+00  0.0000E+00  1.0000E+00  0.0000E+00  0.0000E+00
  8.0000E+00  2.5000E-01  0.0000E+00  4.4400E+00  0.0000E+00  4.8823E+00  0.0000E+00 -1.6247E-01  0.0000E+00  4.4400E+00  2.7004E+00  0.0000E+00  0.0000E+00
  8.0000E+00  5.0000E-01  0.0000E+00  9.7200E+00  0.0000E+00  7.6937E+00  0.0000E+00  4.7233E-01  0.0000E+00  9.7200E+00  4.8180E+00  0.0000E+00  0.0000E+00
  8.0000E+00  1.0000E+00  0.0000E+00  1.7700E+01  0.0000E+00  9.8543E+00  0.0000E+00  1.4279E+00  0.0000E+00  1.7700E+01  7.6824E+00  0.0000E+00  0.0000E+00
  8.0000E+00  2.0000E+00  0.0000E+00  7.3400E+00  0.0000E+00  9.0441E+00  0.0000E+00 -3.3792E-01  0.0000E+00  7.3400E+00  9.8368E+00  0.0000E+00  0.0000E+00
  8.0000E+00  4.0000E+00  0.0000E+00  4.9900E+00  0.0000E+00  5.2666E+00  0.0000E+00 -9.4191E-02  0.0000E+00  4.9900E+00  8.3013E+00  0.0000E+00  0.0000E+00
  8.0000E+00  6.0000E+00  0.0000E+00  6.1800E+00  0.0000E+00  6.2535E+00  0.0000E+00 -2.1081E-02  0.0000E+00  6.1800E+00  8.7595E+00  0.0000E+00  0.0000E+00
  8.0000E+00  8.0000E+00  0.0000E+00  4.5600E+00  0.0000E+00  5.0918E+00  0.0000E+00 -1.8731E-01  0.0000E+00  4.5600E+00  7.6107E+00  0.0000E+00  0.0000E+00
  8.0000E+00  1.2000E+01  0.0000E+00  5.4200E+00  0.0000E+00  3.8031E+00  0.0000E+00  7.6246E-01  0.0000E+00  5.4200E+00  5.7773E+00  0.0000E+00  0.0000E+00
  8.0000E+00  2.4000E+01  0.0000E+00  5.0000E-01  0.0000E+00  3.8987E-02  0.0000E+00  2.1207E+01  1.0000E+00  5.0000E-01  1.0000E+00  0.0000E+00  0.0000E+00
  9.0000E+00  0.0000E+00  6.5700E+04  0.0000E+00  1.0000E+00  0.0000E+00  0.0000E+00  0.0000E+00  0.0000E+00  0.0000E+00  1.0000E+00  0.0000E+00  0.0000E+00
  9.0000E+00  0.0000E+00  6.5700E+04  0.0000E+00  1.0000E+00  0.0000E+00  0.0000E+00  0.0000E+00  0.0000E+00  0.0000E+00  1.0000E+00  0.0000E+00  0.0000E+00
  9.0000E+00  0.0000E+00  0.0000E+00  0.0000E+00  0.0000E+00  0.0000E+00  0.0000E+00  0.0000E+00  0.0000E+00  0.0000E+00  1.0000E+00  0.0000E+00  0.0000E+00
  9.0000E+00  2.5000E-01  0.0000E+00  6.1100E+01  0.0000E+00  5.3088E+01  0.0000E+00  2.7067E-01  0.0000E+00  6.1100E+01  7.2712E+00  0.0000E+00  0.0000E+00
  9.0000E+00  5.0000E-01  0.0000E+00  1.5100E+02  0.0000E+00  6.2348E+01  0.0000E+00  2.5500E+00  0.0000E+00  1.5100E+02  1.2973E+01  0.0000E+00  0.0000E+00
  9.0000E+00  1.0000E+00  0.0000E+00  6.1800E+01  0.0000E+00  5.7571E+01  0.0000E+00  1.3174E-01  0.0000E+00  6.1800E+01  2.0686E+01  0.0000E+00  0.0000E+00
  9.0000E+00  2.0000E+00  0.0000E+00  2.9100E+01  0.0000E+00  4.3149E+01  0.0000E+00 -5.8392E-01  0.0000E+00  2.9100E+01  2.6487E+01  0.0000E+00  0.0000E+00
  9.0000E+00  4.0000E+00  0.0000E+00  1.2200E+01  0.0000E+00  2.4148E+01  0.0000E+00 -8.8734E-01  0.0000E+00  1.2200E+01  2.2352E+01  0.0000E+00  0.0000E+00
  9.0000E+00  6.0000E+00  0.0000E+00  3.5300E+01  0.0000E+00  3.1313E+01  0.0000E+00  2.2835E-01  0.0000E+00  3.5300E+01  2.3586E+01  0.0000E+00  0.0000E+00
  9.0000E+00  8.0000E+00  0.0000E+00  3.1900E+01  0.0000E+00  2.5723E+01  0.0000E+00  4.3069E-01  0.0000E+00  3.1900E+01  2.0493E+01  0.0000E+00  0.0000E+00
  9.0000E+00  1.2000E+01  0.0000E+00  2.0000E+01  0.0000E+00  1.7556E+01  0.0000E+00  2.4961E-01  0.0000E+00  2.0000E+01  1.5556E+01  0.0000E+00  0.0000E+00
  9.0000E+00  2.4000E+01  0.0000E+00  5.0000E-01  0.0000E+00  3.0191E-01  0.0000E+00  1.1767E+00  1.0000E+00  5.0000E-01  9.9999E-01  0.0000E+00  0.0000E+00
  1.0000E+01  0.0000E+00  7.0500E+04  0.0000E+00  1.0000E+00  0.0000E+00  0.0000E+00  0.0000E+00  0.0000E+00  0.0000E+00  1.0000E+00  0.0000E+00  0.0000E+00
  1.0000E+01  0.0000E+00  7.0500E+04  0.0000E+00  1.0000E+00  0.0000E+00  0.0000E+00  0.0000E+00  0.0000E+00  0.0000E+00  1.0000E+00  0.0000E+00  0.0000E+00
  1.0000E+01  0.0000E+00  0.0000E+00  0.0000E+00  0.0000E+00  0.0000E+00  0.0000E+00  0.0000E+00  0.0000E+00  0.0000E+00  1.0000E+00  0.0000E+00  0.0000E+00
  1.0000E+01  2.5000E-01  0.0000E+00  7.4900E+00  0.0000E+00  9.5075E+00  0.0000E+00 -3.8056E-01  0.0000E+00  7.4900E+00  7.8024E+00  0.0000E+00  0.0000E+00
  1.0000E+01  5.0000E-01  0.0000E+00  1.1400E+01  0.0000E+00  1.7353E+01  0.0000E+00 -6.1522E-01  0.0000E+00  1.1400E+01  1.3921E+01  0.0000E+00  0.0000E+00
  1.0000E+01  1.0000E+00  0.0000E+00  4.4700E+01  0.0000E+00  2.8920E+01  0.0000E+00  9.7852E-01  0.0000E+00  4.4700E+01  2.2197E+01  0.0000E+00  0.0000E+00
  1.0000E+01  2.0000E+00  0.0000E+00  4.1200E+01  0.0000E+00  4.0268E+01  0.0000E+00  4.1510E-02  0.0000E+00  4.1200E+01  2.8422E+01  0.0000E+00  0.0000E+00
  1.0000E+01  4.0000E+00  0.0000E+00  4.5400E+01  0.0000E+00  3.9466E+01  0.0000E+00  2.6965E-01  0.0000E+00  4.5400E+01  2.3985E+01  0.0000E+00  0.0000E+00
  1.0000E+01  6.0000E+00  0.0000E+00  7.5200E+01  0.0000E+00  4.2748E+01  0.0000E+00  1.3615E+00  0.0000E+00  7.5200E+01  2.5309E+01  0.0000E+00  0.0000E+00
  1.0000E+01  8.0000E+00  0.0000E+00  7.7200E+01  0.0000E+00  3.9026E+01  0.0000E+00  1.7543E+00  0.0000E+00  7.7200E+01  2.1990E+01  0.0000E+00  0.0000E+00
  1.0000E+01  1.2000E+01  0.0000E+00  4.3900E+01  0.0000E+00  3.0909E+01  0.0000E+00  7.5381E-01  0.0000E+00  4.3900E+01  1.6693E+01  0.0000E+00  0.0000E+00
  1.0000E+01  2.4000E+01  0.0000E+00  5.0000E-01  0.0000E+00  1.2743E+00  0.0000E+00 -1.0897E+00  1.0000E+00  5.0000E-01  9.9996E-01  0.0000E+00  0.0000E+00
  1.1000E+01  0.0000E+00  7.8600E+04  0.0000E+00  1.0000E+00  0.0000E+00  0.0000E+00  0.0000E+00  0.0000E+00  0.0000E+00  1.0000E+00  0.0000E+00  0.0000E+00
  1.1000E+01  0.0000E+00  7.8600E+04  0.0000E+00  1.0000E+00  0.0000E+00  0.0000E+00  0.0000E+00  0.0000E+00  0.0000E+00  1.0000E+00  0.0000E+00  0.0000E+00
  1.1000E+01  0.0000E+00  0.0000E+00  0.0000E+00  0.0000E+00  0.0000E+00  0.0000E+00  0.0000E+00  0.0000E+00  0.0000E+00  1.0000E+00  0.0000E+00  0.0000E+00
  1.1000E+01  2.5000E-01  0.0000E+00  4.7300E+00  0.0000E+00  1.2740E+01  0.0000E+00 -1.1276E+00  0.0000E+00  4.7300E+00  8.6989E+00  0.0000E+00  0.0000E+00
  1.1000E+01  5.0000E-01  0.0000E+00  8.1400E+00  0.0000E+00  2.2672E+01  0.0000E+00 -1.1495E+00  0.0000E+00  8.1400E+00  1.5520E+01  0.0000E+00  0.0000E+00
  1.1000E+01  1.0000E+00  0.0000E+00  1.2200E+01  0.0000E+00  3.5977E+01  0.0000E+00 -1.1853E+00  0.0000E+00  1.2200E+01  2.4747E+01  0.0000E+00  0.0000E+00
  1.1000E+01  2.0000E+00  0.0000E+00  1.1000E+02  0.0000E+00  4.5694E+01  0.0000E+00  2.5239E+00  0.0000E+00  1.1000E+02  3.1687E+01  0.0000E+00  0.0000E+00
  1.1000E+01  4.0000E+00  0.0000E+00  1.7000E+01  0.0000E+00  3.8173E+01  0.0000E+00 -9.9474E-01  0.0000E+00  1.7000E+01  2.6741E+01  0.0000E+00  0.0000E+00
  1.1000E+01  6.0000E+00  0.0000E+00  1.3500E+01  0.0000E+00  4.0413E+01  0.0000E+00 -1.1943E+00  0.0000E+00  1.3500E+01  2.8217E+01  0.0000E+00  0.0000E+00
  1.1000E+01  8.0000E+00  0.0000E+00  4.1300E+01  0.0000E+00  3.5156E+01  0.0000E+00  3.1340E-01  0.0000E+00  4.1300E+01  2.4516E+01  0.0000E+00  0.0000E+00
  1.1000E+01  1.2000E+01  0.0000E+00  4.7700E+01  0.0000E+00  2.6854E+01  0.0000E+00  1.3922E+00  0.0000E+00  4.7700E+01  1.8610E+01  0.0000E+00  0.0000E+00
  1.1000E+01  2.4000E+01  0.0000E+00  5.0000E-01  0.0000E+00  6.5191E-01  0.0000E+00 -4.1790E-01  1.0000E+00  5.0000E-01  9.9961E-01  0.0000E+00  0.0000E+00
  1.2000E+01  0.0000E+00  6.4500E+04  0.0000E+00  1.0000E+00  0.0000E+00  0.0000E+00  0.0000E+00  0.0000E+00  0.0000E+00  1.0000E+00  0.0000E+00  0.0000E+00
  1.2000E+01  0.0000E+00  6.4500E+04  0.0000E+00  1.0000E+00  0.0000E+00  0.0000E+00  0.0000E+00  0.0000E+00  0.0000E+00  1.0000E+00  0.0000E+00  0.0000E+00
  1.2000E+01  0.0000E+00  0.0000E+00  0.0000E+00  0.0000E+00  0.0000E+00  0.0000E+00  0.0000E+00  0.0000E+00  0.0000E+00  1.0000E+00  0.0000E+00  0.0000E+00
  1.2000E+01  2.5000E-01  0.0000E+00  0.0000E+00  0.0000E+00  8.4393E-01  0.0000E+00 -1.7934E+00  0.0000E+00  0.0000E+00  6.1515E-02  0.0000E+00  0.0000E+00
  1.2000E+01  5.0000E-01  0.0000E+00  0.0000E+00  0.0000E+00  1.6048E+00  0.0000E+00 -1.7934E+00  0.0000E+00  0.0000E+00  4.9206E-02  0.0000E+00  0.0000E+00
  1.2000E+01  1.0000E+00  0.0000E+00  1.6800E+00  0.0000E+00  2.9034E+00  0.0000E+00 -7.5570E-01  0.0000E+00  1.6800E+00  2.0308E+01  0.0000E+00  0.0000E+00
  1.2000E+01  2.0000E+00  0.0000E+00  4.5500E+00  0.0000E+00  4.7654E+00  0.0000E+00 -8.1074E-02  0.0000E+00  4.5500E+00  2.6003E+01  0.0000E+00  0.0000E+00
  1.2000E+01  4.0000E+00  0.0000E+00  8.0700E+00  0.0000E+00  6.4913E+00  0.0000E+00  4.3615E-01  0.0000E+00  8.0700E+00  2.1944E+01  0.0000E+00  0.0000E+00
  1.2000E+01  6.0000E+00  0.0000E+00  1.6500E+01  0.0000E+00  8.2486E+00  0.0000E+00  1.7940E+00  0.0000E+00  1.6500E+01  2.3155E+01  0.0000E+00  0.0000E+00
  1.2000E+01  8.0000E+00  0.0000E+00  8.9500E+00  0.0000E+00  9.0569E+00  0.0000E+00 -2.1175E-02  0.0000E+00  8.9500E+00  2.0118E+01  0.0000E+00  0.0000E+00
  1.2000E+01  1.2000E+01  0.0000E+00  9.3700E+00  0.0000E+00  9.4308E+00  0.0000E+00 -1.1562E-02  0.0000E+00  9.3700E+00  1.5272E+01  0.0000E+00  0.0000E+00
  1.2000E+01  2.4000E+01  0.0000E+00  1.8200E+00  0.0000E+00  3.1126E+00  0.0000E+00 -7.4477E-01  0.0000E+00  1.8200E+00  2.8568E-01  0.0000E+00  0.0000E+00
  1.3000E+01  0.0000E+00  6.6900E+04  0.0000E+00  1.0000E+00  0.0000E+00  0.0000E+00  0.0000E+00  0.0000E+00  0.0000E+00  1.0000E+00  0.0000E+00  0.0000E+00
  1.3000E+01  0.0000E+00  6.6900E+04  0.0000E+00  1.0000E+00  0.0000E+00  0.0000E+00  0.0000E+00  0.0000E+00  0.0000E+00  1.0000E+00  0.0000E+00  0.0000E+00
  1.3000E+01  0.0000E+00  0.0000E+00  0.0000E+00  0.0000E+00  0.0000E+00  0.0000E+00  0.0000E+00  0.0000E+00  0.0000E+00  1.0000E+00  0.0000E+00  0.0000E+00
  1.3000E+01  2.5000E-01  0.0000E+00  2.8600E+00  0.0000E+00  2.4484E+00  0.0000E+00  3.0147E-01  0.0000E+00  2.8600E+00  7.4040E+00  0.0000E+00  0.0000E+00
  1.3000E+01  5.0000E-01  0.0000E+00  5.9700E+00  0.0000E+00  4.5725E+00  0.0000E+00  5.4811E-01  0.0000E+00  5.9700E+00  1.3210E+01  0.0000E+00  0.0000E+00
  1.3000E+01  1.0000E+00  0.0000E+00  9.6700E+00  0.0000E+00  7.9751E+00  0.0000E+00  3.8113E-01  0.0000E+00  9.6700E+00  2.1064E+01  0.0000E+00  0.0000E+00
  1.3000E+01  2.0000E+00  0.0000E+00  8.9800E+00  0.0000E+00  1.2139E+01  0.0000E+00 -4.6669E-01  0.0000E+00  8.9800E+00  2.6971E+01  0.0000E+00  0.0000E+00
  1.3000E+01  4.0000E+00  0.0000E+00  1.7100E+01  0.0000E+00  1.4103E+01  0.0000E+00  3.8106E-01  0.0000E+00  1.7100E+01  2.2761E+01  0.0000E+00  0.0000E+00
  1.3000E+01  6.0000E+00  0.0000E+00  2.7500E+01  0.0000E+00  1.6267E+01  0.0000E+00  1.2384E+00  0.0000E+00  2.7500E+01  2.4017E+01  0.0000E+00  0.0000E+00
  1.3000E+01  8.0000E+00  0.0000E+00  1.5000E+01  0.0000E+00  1.6010E+01  0.0000E+00 -1.1312E-01  0.0000E+00  1.5000E+01  2.0867E+01  0.0000E+00  0.0000E+00
  1.3000E+01  1.2000E+01  0.0000E+00  7.1400E+00  0.0000E+00  1.3811E+01  0.0000E+00 -8.6624E-01  0.0000E+00  7.1400E+00  1.5840E+01  0.0000E+00  0.0000E+00
  1.3000E+01  2.4000E+01  0.0000E+00  1.4000E+00  0.0000E+00  1.1228E+00  0.0000E+00  4.4272E-01  0.0000E+00  1.4000E+00  2.9631E-01  0.0000E+00  0.0000E+00
  1.4000E+01  0.0000E+00  7.7400E+04  0.0000E+00  1.0000E+00  0.0000E+00  0.0000E+00  0.0000E+00  0.0000E+00  0.0000E+00  1.0000E+00  0.0000E+00  0.0000E+00
  1.4000E+01  0.0000E+00  7.7400E+04  0.0000E+00  1.0000E+00  0.0000E+00  0.0000E+00  0.0000E+00  0.0000E+00  0.0000E+00  1.0000E+00  0.0000E+00  0.0000E+00
  1.4000E+01  0.0000E+00  0.0000E+00  0.0000E+00  0.0000E+00  0.0000E+00  0.0000E+00  0.0000E+00  0.0000E+00  0.0000E+00  1.0000E+00  0.0000E+00  0.0000E+00
  1.4000E+01  2.5000E-01  0.0000E+00  0.0000E+00  0.0000E+00  1.3835E+00  0.0000E+00 -1.7934E+00  0.0000E+00  0.0000E+00  5.6591E-02  0.0000E+00  0.0000E+00
  1.4000E+01  5.0000E-01  0.0000E+00  0.0000E+00  0.0000E+00  2.6039E+00  0.0000E+00 -1.7934E+00  0.0000E+00  0.0000E+00  4.6862E-02  0.0000E+00  0.0000E+00
  1.4000E+01  1.0000E+00  0.0000E+00  5.9400E+00  0.0000E+00  4.6138E+00  0.0000E+00  5.1549E-01  0.0000E+00  5.9400E+00  2.4369E+01  0.0000E+00  0.0000E+00
  1.4000E+01  2.0000E+00  0.0000E+00  9.3600E+00  0.0000E+00  7.2513E+00  0.0000E+00  5.2153E-01  0.0000E+00  9.3600E+00  3.1204E+01  0.0000E+00  0.0000E+00
  1.4000E+01  4.0000E+00  0.0000E+00  8.7400E+00  0.0000E+00  8.9999E+00  0.0000E+00 -5.1798E-02  0.0000E+00  8.7400E+00  2.6333E+01  0.0000E+00  0.0000E+00
  1.4000E+01  6.0000E+00  0.0000E+00  1.6700E+01  0.0000E+00  1.0763E+01  0.0000E+00  9.8921E-01  0.0000E+00  1.6700E+01  2.7786E+01  0.0000E+00  0.0000E+00
  1.4000E+01  8.0000E+00  0.0000E+00  8.7500E+00  0.0000E+00  1.1034E+01  0.0000E+00 -3.7117E-01  0.0000E+00  8.7500E+00  2.4142E+01  0.0000E+00  0.0000E+00
  1.4000E+01  1.2000E+01  0.0000E+00  3.6200E+00  0.0000E+00  1.0144E+01  0.0000E+00 -1.1534E+00  0.0000E+00  3.6200E+00  1.8326E+01  0.0000E+00  0.0000E+00
  1.4000E+01  2.4000E+01  0.0000E+00  1.4600E+00  0.0000E+00  1.3997E+00  0.0000E+00  7.7235E-02  0.0000E+00  1.4600E+00  3.4281E-01  0.0000E+00  0.0000E+00
  1.5000E+01  0.0000E+00  2.2700E+05  0.0000E+00  1.0000E+00  0.0000E+00  0.0000E+00  0.0000E+00  0.0000E+00  0.0000E+00  1.0000E+00  0.0000E+00  0.0000E+00
  1.5000E+01  0.0000E+00  2.2700E+05  0.0000E+00  1.0000E+00  0.0000E+00  0.0000E+00  0.0000E+00  0.0000E+00  0.0000E+00  1.0000E+00  0.0000E+00  0.0000E+00
  1.5000E+01  0.0000E+00  0.0000E+00  0.0000E+00  0.0000E+00  0.0000E+00  0.0000E+00  0.0000E+00  0.0000E+00  0.0000E+00  1.0000E+00  0.0000E+00  0.0000E+00
  1.5000E+01  2.5000E-01  0.0000E+00  1.1600E+01  0.0000E+00  1.6597E+01  0.0000E+00 -5.3998E-01  0.0000E+00  1.1600E+01  2.5123E+01  0.0000E+00  0.0000E+00
  1.5000E+01  5.0000E-01  0.0000E+00  4.0600E+01  0.0000E+00  2.9466E+01  0.0000E+00  6.7768E-01  0.0000E+00  4.0600E+01  4.4823E+01  0.0000E+00  0.0000E+00
  1.5000E+01  1.0000E+00  0.0000E+00  7.2100E+01  0.0000E+00  4.6533E+01  0.0000E+00  9.8538E-01  0.0000E+00  7.2100E+01  7.1471E+01  0.0000E+00  0.0000E+00
  1.5000E+01  2.0000E+00  0.0000E+00  3.9700E+01  0.0000E+00  5.8515E+01  0.0000E+00 -5.7666E-01  0.0000E+00  3.9700E+01  9.1515E+01  0.0000E+00  0.0000E+00
  1.5000E+01  4.0000E+00  0.0000E+00  4.5700E+01  0.0000E+00  4.7830E+01  0.0000E+00 -7.9859E-02  0.0000E+00  4.5700E+01  7.7230E+01  0.0000E+00  0.0000E+00
  1.5000E+01  6.0000E+00  0.0000E+00  6.1800E+01  0.0000E+00  5.0312E+01  0.0000E+00  4.0949E-01  0.0000E+00  6.1800E+01  8.1492E+01  0.0000E+00  0.0000E+00
  1.5000E+01  8.0000E+00  0.0000E+00  5.6100E+01  0.0000E+00  4.3260E+01  0.0000E+00  5.3232E-01  0.0000E+00  5.6100E+01  7.0804E+01  0.0000E+00  0.0000E+00
  1.5000E+01  1.2000E+01  0.0000E+00  2.7000E+01  0.0000E+00  3.2536E+01  0.0000E+00 -3.0515E-01  0.0000E+00  2.7000E+01  5.3748E+01  0.0000E+00  0.0000E+00
  1.5000E+01  2.4000E+01  0.0000E+00  5.0000E-01  0.0000E+00  4.1249E-01  0.0000E+00  3.8049E-01  1.0000E+00  5.0000E-01  4.9615E-01  0.0000E+00  0.0000E+00
  1.6000E+01  0.0000E+00  2.1500E+05  0.0000E+00  1.0000E+00  0.0000E+00  0.0000E+00  0.0000E+00  0.0000E+00  0.0000E+00  1.0000E+00  0.0000E+00  0.0000E+00
  1.6000E+01  0.0000E+00  2.1500E+05  0.0000E+00  1.0000E+00  0.0000E+00  0.0000E+00  0.0000E+00  0.0000E+00  0.0000E+00  1.0000E+00  0.0000E+00  0.0000E+00
  1.6000E+01  0.0000E+00  0.0000E+00  0.0000E+00  0.0000E+00  0.0000E+00  0.0000E+00  0.0000E+00  0.0000E+00  0.0000E+00  1.0000E+00  0.0000E+00  0.0000E+00
  1.6000E+01  2.5000E-01  0.0000E+00  6.4700E+00  0.0000E+00  3.4291E+01  0.0000E+00 -1.4550E+00  0.0000E+00  6.4700E+00  2.3795E+01  0.0000E+00  0.0000E+00
  1.6000E+01  5.0000E-01  0.0000E+00  1.1400E+01  0.0000E+00  6.2471E+01  0.0000E+00 -1.4661E+00  0.0000E+00  1.1400E+01  4.2454E+01  0.0000E+00  0.0000E+00
  1.6000E+01  1.0000E+00  0.0000E+00  1.5500E+02  0.0000E+00  1.0375E+02  0.0000E+00  8.8597E-01  0.0000E+00  1.5500E+02  6.7693E+01  0.0000E+00  0.0000E+00
  1.6000E+01  2.0000E+00  0.0000E+00  1.9400E+02  0.0000E+00  1.4351E+02  0.0000E+00  6.3092E-01  0.0000E+00  1.9400E+02  8.6677E+01  0.0000E+00  0.0000E+00
  1.6000E+01  4.0000E+00  0.0000E+00  8.8000E+01  0.0000E+00  1.3915E+02  0.0000E+00 -6.5922E-01  0.0000E+00  8.8000E+01  7.3147E+01  0.0000E+00  0.0000E+00
  1.6000E+01  6.0000E+00  0.0000E+00  3.2400E+02  0.0000E+00  1.5052E+02  0.0000E+00  2.0669E+00  0.0000E+00  3.2400E+02  7.7184E+01  0.0000E+00  0.0000E+00
  1.6000E+01  8.0000E+00  0.0000E+00  2.5300E+02  0.0000E+00  1.3713E+02  0.0000E+00  1.5154E+00  0.0000E+00  2.5300E+02  6.7061E+01  0.0000E+00  0.0000E+00
  1.6000E+01  1.2000E+01  0.0000E+00  7.2500E+01  0.0000E+00  1.0867E+02  0.0000E+00 -5.9695E-01  0.0000E+00  7.2500E+01  5.0907E+01  0.0000E+00  0.0000E+00
  1.6000E+01  2.4000E+01  0.0000E+00  5.0000E-01  0.0000E+00  4.7874E+00  0.0000E+00 -1.6061E+00  1.0000E+00  5.0000E-01  5.3582E-01  0.0000E+00  0.0000E+00
  1.7000E+01  0.0000E+00  2.4900E+05  0.0000E+00  1.0000E+00  0.0000E+00  0.0000E+00  0.0000E+00  0.0000E+00  0.0000E+00  1.0000E+00  0.0000E+00  0.0000E+00
  1.7000E+01  0.0000E+00  2.4900E+05  0.0000E+00  1.0000E+00  0.0000E+00  0.0000E+00  0.0000E+00  0.0000E+00  0.0000E+00  1.0000E+00  0.0000E+00  0.0000E+00
  1.7000E+01  0.0000E+00  0.0000E+00  0.0000E+00  0.0000E+00  0.0000E+00  0.0000E+00  0.0000E+00  0.0000E+00  0.0000E+00  1.0000E+00  0.0000E+00  0.0000E+00
  1.7000E+01  2.5000E-01  0.0000E+00  1.0800E+01  0.0000E+00  1.3343E+01  0.0000E+00 -3.4177E-01  0.0000E+00  1.0800E+01  2.7558E+01  0.0000E+00  0.0000E+00
  1.7000E+01  5.0000E-01  0.0000E+00  1.7400E+01  0.0000E+00  2.4401E+01  0.0000E+00 -5.1455E-01  0.0000E+00  1.7400E+01  4.9168E+01  0.0000E+00  0.0000E+00
  1.7000E+01  1.0000E+00  0.0000E+00  4.2300E+01  0.0000E+00  4.0817E+01  0.0000E+00  6.5178E-02  0.0000E+00  4.2300E+01  7.8398E+01  0.0000E+00  0.0000E+00
  1.7000E+01  2.0000E+00  0.0000E+00  4.8500E+01  0.0000E+00  5.7180E+01  0.0000E+00 -2.7225E-01  0.0000E+00  4.8500E+01  1.0038E+02  0.0000E+00  0.0000E+00
  1.7000E+01  4.0000E+00  0.0000E+00  5.4500E+01  0.0000E+00  5.6426E+01  0.0000E+00 -6.1205E-02  0.0000E+00  5.4500E+01  8.4714E+01  0.0000E+00  0.0000E+00
  1.7000E+01  6.0000E+00  0.0000E+00  1.3500E+02  0.0000E+00  6.0906E+01  0.0000E+00  2.1817E+00  0.0000E+00  1.3500E+02  8.9390E+01  0.0000E+00  0.0000E+00
  1.7000E+01  8.0000E+00  0.0000E+00  6.3900E+01  0.0000E+00  5.5365E+01  0.0000E+00  2.7649E-01  0.0000E+00  6.3900E+01  7.7666E+01  0.0000E+00  0.0000E+00
  1.7000E+01  1.2000E+01  0.0000E+00  3.6300E+01  0.0000E+00  4.3242E+01  0.0000E+00 -2.8790E-01  0.0000E+00  3.6300E+01  5.8957E+01  0.0000E+00  0.0000E+00
  1.7000E+01  2.4000E+01  0.0000E+00  5.0000E-01  0.0000E+00  1.0903E+00  0.0000E+00 -9.7096E-01  1.0000E+00  5.0000E-01  4.3359E-01  0.0000E+00  0.0000E+00
