TABLE NO.  2
 ID          CL          V2          V3          Q           KA          DOSE
  1.0000E+00  2.5577E+03  2.0022E+01  3.1247E+01  1.0731E+01  4.5613E-02  1.0000E+02
  1.0000E+00  2.5577E+03  2.0022E+01  3.1247E+01  1.0731E+01  4.5613E-02  1.0000E+02
  1.0000E+00  2.5577E+03  2.0022E+01  3.1247E+01  1.0731E+01  4.5613E-02  1.0000E+02
  1.0000E+00  2.5577E+03  2.0022E+01  3.1247E+01  1.0731E+01  4.5613E-02  1.0000E+02
  1.0000E+00  2.5577E+03  2.0022E+01  3.1247E+01  1.0731E+01  4.5613E-02  1.0000E+02
  1.0000E+00  2.5577E+03  2.0022E+01  3.1247E+01  1.0731E+01  4.5613E-02  1.0000E+02
  1.0000E+00  2.5577E+03  2.0022E+01  3.1247E+01  1.0731E+01  4.5613E-02  1.0000E+02
  1.0000E+00  2.5577E+03  2.0022E+01  3.1247E+01  1.0731E+01  4.5613E-02  1.0000E+02
  1.0000E+00  2.5577E+03  2.0022E+01  3.1247E+01  1.0731E+01  4.5613E-02  1.0000E+02
  1.0000E+00  2.5577E+03  2.0022E+01  3.1247E+01  1.0731E+01  4.5613E-02  1.0000E+02
  1.0000E+00  2.5577E+03  2.0022E+01  3.1247E+01  1.0731E+01  4.5613E-02  1.0000E+02
  1.0000E+00  2.5577E+03  2.0022E+01  3.1247E+01  1.0731E+01  4.5613E-02  1.0000E+02
  1.0000E+00  2.5577E+03  2.0022E+01  3.1247E+01  1.0731E+01  4.5613E-02  1.0000E+02
  2.0000E+00  2.4631E+03  2.0022E+01  3.1249E+01  1.0731E+01  3.4759E-02  1.0000E+02
  2.0000E+00  2.4631E+03  2.0022E+01  3.1249E+01  1.0731E+01  3.4759E-02  1.0000E+02
  2.0000E+00  2.4631E+03  2.0022E+01  3.1249E+01  1.0731E+01  3.4759E-02  1.0000E+02
  2.0000E+00  2.4631E+03  2.0022E+01  3.1249E+01  1.0731E+01  3.4759E-02  1.0000E+02
  2.0000E+00  2.4631E+03  2.0022E+01  3.1249E+01  1.0731E+01  3.4759E-02  1.0000E+02
  2.0000E+00  2.4631E+03  2.0022E+01  3.1249E+01  1.0731E+01  3.4759E-02  1.0000E+02
  2.0000E+00  2.4631E+03  2.0022E+01  3.1249E+01  1.0731E+01  3.4759E-02  1.0000E+02
  2.0000E+00  2.4631E+03  2.0022E+01  3.1249E+01  1.0731E+01  3.4759E-02  1.0000E+02
  2.0000E+00  2.4631E+03  2.0022E+01  3.1249E+01  1.0731E+01  3.4759E-02  1.0000E+02
  2.0000E+00  2.4631E+03  2.0022E+01  3.1249E+01  1.0731E+01  3.4759E-02  1.0000E+02
  2.0000E+00  2.4631E+03  2.0022E+01  3.1249E+01  1.0731E+01  3.4759E-02  1.0000E+02
  2.0000E+00  2.4631E+03  2.0022E+01  3.1249E+01  1.0731E+01  3.4759E-02  1.0000E+02
  2.0000E+00  2.4631E+03  2.0022E+01  3.1249E+01  1.0731E+01  3.4759E-02  1.0000E+02
  3.0000E+00  1.5128E+03  2.0022E+01  3.1236E+01  1.0731E+01  5.6787E-02  1.0000E+02
  3.0000E+00  1.5128E+03  2.0022E+01  3.1236E+01  1.0731E+01  5.6787E-02  1.0000E+02
  3.0000E+00  1.5128E+03  2.0022E+01  3.1236E+01  1.0731E+01  5.6787E-02  1.0000E+02
  3.0000E+00  1.5128E+03  2.0022E+01  3.1236E+01  1.0731E+01  5.6787E-02  1.0000E+02
  3.0000E+00  1.5128E+03  2.0022E+01  3.1236E+01  1.0731E+01  5.6787E-02  1.0000E+02
  3.0000E+00  1.5128E+03  2.0022E+01  3.1236E+01  1.0731E+01  5.6787E-02  1.0000E+02
  3.0000E+00  1.5128E+03  2.0022E+01  3.1236E+01  1.0731E+01  5.6787E-02  1.0000E+02
  3.0000E+00  1.5128E+03  2.0022E+01  3.1236E+01  1.0731E+01  5.6787E-02  1.0000E+02
  3.0000E+00  1.5128E+03  2.0022E+01  3.1236E+01  1.0731E+01  5.6787E-02  1.0000E+02
  3.0000E+00  1.5128E+03  2.0022E+01  3.1236E+01  1.0731E+01  5.6787E-02  1.0000E+02
  3.0000E+00  1.5128E+03  2.0022E+01  3.1236E+01  1.0731E+01  5.6787E-02  1.0000E+02
  3.0000E+00  1.5128E+03  2.0022E+01  3.1236E+01  1.0731E+01  5.6787E-02  1.0000E+02
  3.0000E+00  1.5128E+03  2.0022E+01  3.1236E+01  1.0731E+01  5.6787E-02  1.0000E+02
  4.0000E+00  4.1634E+03  2.0022E+01  3.1243E+01  1.0731E+01  4.0356E-02  3.0000E+02
  4.0000E+00  4.1634E+03  2.0022E+01  3.1243E+01  1.0731E+01  4.0356E-02  3.0000E+02
  4.0000E+00  4.1634E+03  2.0022E+01  3.1243E+01  1.0731E+01  4.0356E-02  3.0000E+02
  4.0000E+00  4.1634E+03  2.0022E+01  3.1243E+01  1.0731E+01  4.0356E-02  3.0000E+02
  4.0000E+00  4.1634E+03  2.0022E+01  3.1243E+01  1.0731E+01  4.0356E-02  3.0000E+02
  4.0000E+00  4.1634E+03  2.0022E+01  3.1243E+01  1.0731E+01  4.0356E-02  3.0000E+02
  4.0000E+00  4.1634E+03  2.0022E+01  3.1243E+01  1.0731E+01  4.0356E-02  3.0000E+02
  4.0000E+00  4.1634E+03  2.0022E+01  3.1243E+01  1.0731E+01  4.0356E-02  3.0000E+02
  4.0000E+00  4.1634E+03  2.0022E+01  3.1243E+01  1.0731E+01  4.0356E-02  3.0000E+02
  4.0000E+00  4.1634E+03  2.0022E+01  3.1243E+01  1.0731E+01  4.0356E-02  3.0000E+02
  4.0000E+00  4.1634E+03  2.0022E+01  3.1243E+01  1.0731E+01  4.0356E-02  3.0000E+02
  4.0000E+00  4.1634E+03  2.0022E+01  3.1243E+01  1.0731E+01  4.0356E-02  3.0000E+02
  4.0000E+00  4.1634E+03  2.0022E+01  3.1243E+01  1.0731E+01  4.0356E-02  3.0000E+02
  5.0000E+00  1.2751E+03  2.0022E+01  3.1205E+01  1.0731E+01  2.9257E-02  3.0000E+02
  5.0000E+00  1.2751E+03  2.0022E+01  3.1205E+01  1.0731E+01  2.9257E-02  3.0000E+02
  5.0000E+00  1.2751E+03  2.0022E+01  3.1205E+01  1.0731E+01  2.9257E-02  3.0000E+02
  5.0000E+00  1.2751E+03  2.0022E+01  3.1205E+01  1.0731E+01  2.9257E-02  3.0000E+02
  5.0000E+00  1.2751E+03  2.0022E+01  3.1205E+01  1.0731E+01  2.9257E-02  3.0000E+02
  5.0000E+00  1.2751E+03  2.0022E+01  3.1205E+01  1.0731E+01  2.9257E-02  3.0000E+02
  5.0000E+00  1.2751E+03  2.0022E+01  3.1205E+01  1.0731E+01  2.9257E-02  3.0000E+02
  5.0000E+00  1.2751E+03  2.0022E+01  3.1205E+01  1.0731E+01  2.9257E-02  3.0000E+02
  5.0000E+00  1.2751E+03  2.0022E+01  3.1205E+01  1.0731E+01  2.9257E-02  3.0000E+02
  5.0000E+00  1.2751E+03  2.0022E+01  3.1205E+01  1.0731E+01  2.9257E-02  3.0000E+02
  5.0000E+00  1.2751E+03  2.0022E+01  3.1205E+01  1.0731E+01  2.9257E-02  3.0000E+02
  5.0000E+00  1.2751E+03  2.0022E+01  3.1205E+01  1.0731E+01  2.9257E-02  3.0000E+02
  5.0000E+00  1.2751E+03  2.0022E+01  3.1205E+01  1.0731E+01  2.9257E-02  3.0000E+02
  6.0000E+00  3.8526E+03  2.0022E+01  3.1241E+01  1.0731E+01  1.9016E-02  3.0000E+02
  6.0000E+00  3.8526E+03  2.0022E+01  3.1241E+01  1.0731E+01  1.9016E-02  3.0000E+02
  6.0000E+00  3.8526E+03  2.0022E+01  3.1241E+01  1.0731E+01  1.9016E-02  3.0000E+02
  6.0000E+00  3.8526E+03  2.0022E+01  3.1241E+01  1.0731E+01  1.9016E-02  3.0000E+02
  6.0000E+00  3.8526E+03  2.0022E+01  3.1241E+01  1.0731E+01  1.9016E-02  3.0000E+02
  6.0000E+00  3.8526E+03  2.0022E+01  3.1241E+01  1.0731E+01  1.9016E-02  3.0000E+02
  6.0000E+00  3.8526E+03  2.0022E+01  3.1241E+01  1.0731E+01  1.9016E-02  3.0000E+02
  6.0000E+00  3.8526E+03  2.0022E+01  3.1241E+01  1.0731E+01  1.9016E-02  3.0000E+02
  6.0000E+00  3.8526E+03  2.0022E+01  3.1241E+01  1.0731E+01  1.9016E-02  3.0000E+02
  6.0000E+00  3.8526E+03  2.0022E+01  3.1241E+01  1.0731E+01  1.9016E-02  3.0000E+02
  6.0000E+00  3.8526E+03  2.0022E+01  3.1241E+01  1.0731E+01  1.9016E-02  3.0000E+02
  6.0000E+00  3.8526E+03  2.0022E+01  3.1241E+01  1.0731E+01  1.9016E-02  3.0000E+02
  6.0000E+00  3.8526E+03  2.0022E+01  3.1241E+01  1.0731E+01  1.9016E-02  3.0000E+02
  7.0000E+00  9.7738E+03  2.0022E+01  3.1239E+01  1.0731E+01  6.0588E-02  1.0000E+03
  7.0000E+00  9.7738E+03  2.0022E+01  3.1239E+01  1.0731E+01  6.0588E-02  1.0000E+03
  7.0000E+00  9.7738E+03  2.0022E+01  3.1239E+01  1.0731E+01  6.0588E-02  1.0000E+03
  7.0000E+00  9.7738E+03  2.0022E+01  3.1239E+01  1.0731E+01  6.0588E-02  1.0000E+03
  7.0000E+00  9.7738E+03  2.0022E+01  3.1239E+01  1.0731E+01  6.0588E-02  1.0000E+03
  7.0000E+00  9.7738E+03  2.0022E+01  3.1239E+01  1.0731E+01  6.0588E-02  1.0000E+03
  7.0000E+00  9.7738E+03  2.0022E+01  3.1239E+01  1.0731E+01  6.0588E-02  1.0000E+03
  7.0000E+00  9.7738E+03  2.0022E+01  3.1239E+01  1.0731E+01  6.0588E-02  1.0000E+03
  7.0000E+00  9.7738E+03  2.0022E+01  3.1239E+01  1.0731E+01  6.0588E-02  1.0000E+03
  7.0000E+00  9.7738E+03  2.0022E+01  3.1239E+01  1.0731E+01  6.0588E-02  1.0000E+03
  7.0000E+00  9.7738E+03  2.0022E+01  3.1239E+01  1.0731E+01  6.0588E-02  1.0000E+03
  7.0000E+00  9.7738E+03  2.0022E+01  3.1239E+01  1.0731E+01  6.0588E-02  1.0000E+03
  7.0000E+00  9.7738E+03  2.0022E+01  3.1239E+01  1.0731E+01  6.0588E-02  1.0000E+03
  8.0000E+00  1.1372E+04  2.0022E+01  3.1242E+01  1.0731E+01  5.3808E-02  1.0000E+03
  8.0000E+00  1.1372E+04  2.0022E+01  3.1242E+01  1.0731E+01  5.3808E-02  1.0000E+03
  8.0000E+00  1.1372E+04  2.0022E+01  3.1242E+01  1.0731E+01  5.3808E-02  1.0000E+03
  8.0000E+00  1.1372E+04  2.0022E+01  3.1242E+01  1.0731E+01  5.3808E-02  1.0000E+03
  8.0000E+00  1.1372E+04  2.0022E+01  3.1242E+01  1.0731E+01  5.3808E-02  1.0000E+03
  8.0000E+00  1.1372E+04  2.0022E+01  3.1242E+01  1.0731E+01  5.3808E-02  1.0000E+03
  8.0000E+00  1.1372E+04  2.0022E+01  3.1242E+01  1.0731E+01  5.3808E-02  1.0000E+03
  8.0000E+00  1.1372E+04  2.0022E+01  3.1242E+01  1.0731E+01  5.3808E-02  1.0000E+03
  8.0000E+00  1.1372E+04  2.0022E+01  3.1242E+01  1.0731E+01  5.3808E-02  1.0000E+03
  8.0000E+00  1.1372E+04  2.0022E+01  3.1242E+01  1.0731E+01  5.3808E-02  1.0000E+03
  8.0000E+00  1.1372E+04  2.0022E+01  3.1242E+01  1.0731E+01  5.3808E-02  1.0000E+03
  8.0000E+00  1.1372E+04  2.0022E+01  3.1242E+01  1.0731E+01  5.3808E-02  1.0000E+03
  8.0000E+00  1.1372E+04  2.0022E+01  3.1242E+01  1.0731E+01  5.3808E-02  1.0000E+03
  9.0000E+00  8.3452E+03  2.0022E+01  3.1239E+01  1.0731E+01  4.5553E-02  1.0000E+03
  9.0000E+00  8.3452E+03  2.0022E+01  3.1239E+01  1.0731E+01  4.5553E-02  1.0000E+03
  9.0000E+00  8.3452E+03  2.0022E+01  3.1239E+01  1.0731E+01  4.5553E-02  1.0000E+03
  9.0000E+00  8.3452E+03  2.0022E+01  3.1239E+01  1.0731E+01  4.5553E-02  1.0000E+03
  9.0000E+00  8.3452E+03  2.0022E+01  3.1239E+01  1.0731E+01  4.5553E-02  1.0000E+03
  9.0000E+00  8.3452E+03  2.0022E+01  3.1239E+01  1.0731E+01  4.5553E-02  1.0000E+03
  9.0000E+00  8.3452E+03  2.0022E+01  3.1239E+01  1.0731E+01  4.5553E-02  1.0000E+03
  9.0000E+00  8.3452E+03  2.0022E+01  3.1239E+01  1.0731E+01  4.5553E-02  1.0000E+03
  9.0000E+00  8.3452E+03  2.0022E+01  3.1239E+01  1.0731E+01  4.5553E-02  1.0000E+03
  9.0000E+00  8.3452E+03  2.0022E+01  3.1239E+01  1.0731E+01  4.5553E-02  1.0000E+03
  9.0000E+00  8.3452E+03  2.0022E+01  3.1239E+01  1.0731E+01  4.5553E-02  1.0000E+03
  9.0000E+00  8.3452E+03  2.0022E+01  3.1239E+01  1.0731E+01  4.5553E-02  1.0000E+03
  9.0000E+00  8.3452E+03  2.0022E+01  3.1239E+01  1.0731E+01  4.5553E-02  1.0000E+03
  1.0000E+01  6.1319E+03  2.0022E+01  3.1242E+01  1.0731E+01  3.9854E-02  1.0000E+03
  1.0000E+01  6.1319E+03  2.0022E+01  3.1242E+01  1.0731E+01  3.9854E-02  1.0000E+03
  1.0000E+01  6.1319E+03  2.0022E+01  3.1242E+01  1.0731E+01  3.9854E-02  1.0000E+03
  1.0000E+01  6.1319E+03  2.0022E+01  3.1242E+01  1.0731E+01  3.9854E-02  1.0000E+03
  1.0000E+01  6.1319E+03  2.0022E+01  3.1242E+01  1.0731E+01  3.9854E-02  1.0000E+03
  1.0000E+01  6.1319E+03  2.0022E+01  3.1242E+01  1.0731E+01  3.9854E-02  1.0000E+03
  1.0000E+01  6.1319E+03  2.0022E+01  3.1242E+01  1.0731E+01  3.9854E-02  1.0000E+03
  1.0000E+01  6.1319E+03  2.0022E+01  3.1242E+01  1.0731E+01  3.9854E-02  1.0000E+03
  1.0000E+01  6.1319E+03  2.0022E+01  3.1242E+01  1.0731E+01  3.9854E-02  1.0000E+03
  1.0000E+01  6.1319E+03  2.0022E+01  3.1242E+01  1.0731E+01  3.9854E-02  1.0000E+03
  1.0000E+01  6.1319E+03  2.0022E+01  3.1242E+01  1.0731E+01  3.9854E-02  1.0000E+03
  1.0000E+01  6.1319E+03  2.0022E+01  3.1242E+01  1.0731E+01  3.9854E-02  1.0000E+03
  1.0000E+01  6.1319E+03  2.0022E+01  3.1242E+01  1.0731E+01  3.9854E-02  1.0000E+03
  1.1000E+01  1.2765E+04  2.0022E+01  3.1241E+01  1.0731E+01  7.1597E-02  1.0000E+03
  1.1000E+01  1.2765E+04  2.0022E+01  3.1241E+01  1.0731E+01  7.1597E-02  1.0000E+03
  1.1000E+01  1.2765E+04  2.0022E+01  3.1241E+01  1.0731E+01  7.1597E-02  1.0000E+03
  1.1000E+01  1.2765E+04  2.0022E+01  3.1241E+01  1.0731E+01  7.1597E-02  1.0000E+03
  1.1000E+01  1.2765E+04  2.0022E+01  3.1241E+01  1.0731E+01  7.1597E-02  1.0000E+03
  1.1000E+01  1.2765E+04  2.0022E+01  3.1241E+01  1.0731E+01  7.1597E-02  1.0000E+03
  1.1000E+01  1.2765E+04  2.0022E+01  3.1241E+01  1.0731E+01  7.1597E-02  1.0000E+03
  1.1000E+01  1.2765E+04  2.0022E+01  3.1241E+01  1.0731E+01  7.1597E-02  1.0000E+03
  1.1000E+01  1.2765E+04  2.0022E+01  3.1241E+01  1.0731E+01  7.1597E-02  1.0000E+03
  1.1000E+01  1.2765E+04  2.0022E+01  3.1241E+01  1.0731E+01  7.1597E-02  1.0000E+03
  1.1000E+01  1.2765E+04  2.0022E+01  3.1241E+01  1.0731E+01  7.1597E-02  1.0000E+03
  1.1000E+01  1.2765E+04  2.0022E+01  3.1241E+01  1.0731E+01  7.1597E-02  1.0000E+03
  1.1000E+01  1.2765E+04  2.0022E+01  3.1241E+01  1.0731E+01  7.1597E-02  1.0000E+03
  1.2000E+01  3.7411E+03  2.0022E+01  3.1240E+01  1.0731E+01  6.3333E-02  1.0000E+02
  1.2000E+01  3.7411E+03  2.0022E+01  3.1240E+01  1.0731E+01  6.3333E-02  1.0000E+02
  1.2000E+01  3.7411E+03  2.0022E+01  3.1240E+01  1.0731E+01  6.3333E-02  1.0000E+02
  1.2000E+01  3.7411E+03  2.0022E+01  3.1240E+01  1.0731E+01  6.3333E-02  1.0000E+02
  1.2000E+01  3.7411E+03  2.0022E+01  3.1240E+01  1.0731E+01  6.3333E-02  1.0000E+02
  1.2000E+01  3.7411E+03  2.0022E+01  3.1240E+01  1.0731E+01  6.3333E-02  1.0000E+02
  1.2000E+01  3.7411E+03  2.0022E+01  3.1240E+01  1.0731E+01  6.3333E-02  1.0000E+02
  1.2000E+01  3.7411E+03  2.0022E+01  3.1240E+01  1.0731E+01  6.3333E-02  1.0000E+02
  1.2000E+01  3.7411E+03  2.0022E+01  3.1240E+01  1.0731E+01  6.3333E-02  1.0000E+02
  1.2000E+01  3.7411E+03  2.0022E+01  3.1240E+01  1.0731E+01  6.3333E-02  1.0000E+02
  1.2000E+01  3.7411E+03  2.0022E+01  3.1240E+01  1.0731E+01  6.3333E-02  1.0000E+02
  1.2000E+01  3.7411E+03  2.0022E+01  3.1240E+01  1.0731E+01  6.3333E-02  1.0000E+02
  1.2000E+01  3.7411E+03  2.0022E+01  3.1240E+01  1.0731E+01  6.3333E-02  1.0000E+02
  1.3000E+01  2.0016E+03  2.0022E+01  3.1247E+01  1.0731E+01  4.8683E-02  1.0000E+02
  1.3000E+01  2.0016E+03  2.0022E+01  3.1247E+01  1.0731E+01  4.8683E-02  1.0000E+02
  1.3000E+01  2.0016E+03  2.0022E+01  3.1247E+01  1.0731E+01  4.8683E-02  1.0000E+02
  1.3000E+01  2.0016E+03  2.0022E+01  3.1247E+01  1.0731E+01  4.8683E-02  1.0000E+02
  1.3000E+01  2.0016E+03  2.0022E+01  3.1247E+01  1.0731E+01  4.8683E-02  1.0000E+02
  1.3000E+01  2.0016E+03  2.0022E+01  3.1247E+01  1.0731E+01  4.8683E-02  1.0000E+02
  1.3000E+01  2.0016E+03  2.0022E+01  3.1247E+01  1.0731E+01  4.8683E-02  1.0000E+02
  1.3000E+01  2.0016E+03  2.0022E+01  3.1247E+01  1.0731E+01  4.8683E-02  1.0000E+02
  1.3000E+01  2.0016E+03  2.0022E+01  3.1247E+01  1.0731E+01  4.8683E-02  1.0000E+02
  1.3000E+01  2.0016E+03  2.0022E+01  3.1247E+01  1.0731E+01  4.8683E-02  1.0000E+02
  1.3000E+01  2.0016E+03  2.0022E+01  3.1247E+01  1.0731E+01  4.8683E-02  1.0000E+02
  1.3000E+01  2.0016E+03  2.0022E+01  3.1247E+01  1.0731E+01  4.8683E-02  1.0000E+02
  1.3000E+01  2.0016E+03  2.0022E+01  3.1247E+01  1.0731E+01  4.8683E-02  1.0000E+02
  1.4000E+01  2.5552E+03  2.0022E+01  3.1210E+01  1.0731E+01  8.3477E-02  1.0000E+02
  1.4000E+01  2.5552E+03  2.0022E+01  3.1210E+01  1.0731E+01  8.3477E-02  1.0000E+02
  1.4000E+01  2.5552E+03  2.0022E+01  3.1210E+01  1.0731E+01  8.3477E-02  1.0000E+02
  1.4000E+01  2.5552E+03  2.0022E+01  3.1210E+01  1.0731E+01  8.3477E-02  1.0000E+02
  1.4000E+01  2.5552E+03  2.0022E+01  3.1210E+01  1.0731E+01  8.3477E-02  1.0000E+02
  1.4000E+01  2.5552E+03  2.0022E+01  3.1210E+01  1.0731E+01  8.3477E-02  1.0000E+02
  1.4000E+01  2.5552E+03  2.0022E+01  3.1210E+01  1.0731E+01  8.3477E-02  1.0000E+02
  1.4000E+01  2.5552E+03  2.0022E+01  3.1210E+01  1.0731E+01  8.3477E-02  1.0000E+02
  1.4000E+01  2.5552E+03  2.0022E+01  3.1210E+01  1.0731E+01  8.3477E-02  1.0000E+02
  1.4000E+01  2.5552E+03  2.0022E+01  3.1210E+01  1.0731E+01  8.3477E-02  1.0000E+02
  1.4000E+01  2.5552E+03  2.0022E+01  3.1210E+01  1.0731E+01  8.3477E-02  1.0000E+02
  1.4000E+01  2.5552E+03  2.0022E+01  3.1210E+01  1.0731E+01  8.3477E-02  1.0000E+02
  1.4000E+01  2.5552E+03  2.0022E+01  3.1210E+01  1.0731E+01  8.3477E-02  1.0000E+02
  1.5000E+01  5.6579E+03  2.0022E+01  3.1244E+01  1.0731E+01  2.7519E-02  3.0000E+02
  1.5000E+01  5.6579E+03  2.0022E+01  3.1244E+01  1.0731E+01  2.7519E-02  3.0000E+02
  1.5000E+01  5.6579E+03  2.0022E+01  3.1244E+01  1.0731E+01  2.7519E-02  3.0000E+02
  1.5000E+01  5.6579E+03  2.0022E+01  3.1244E+01  1.0731E+01  2.7519E-02  3.0000E+02
  1.5000E+01  5.6579E+03  2.0022E+01  3.1244E+01  1.0731E+01  2.7519E-02  3.0000E+02
  1.5000E+01  5.6579E+03  2.0022E+01  3.1244E+01  1.0731E+01  2.7519E-02  3.0000E+02
  1.5000E+01  5.6579E+03  2.0022E+01  3.1244E+01  1.0731E+01  2.7519E-02  3.0000E+02
  1.5000E+01  5.6579E+03  2.0022E+01  3.1244E+01  1.0731E+01  2.7519E-02  3.0000E+02
  1.5000E+01  5.6579E+03  2.0022E+01  3.1244E+01  1.0731E+01  2.7519E-02  3.0000E+02
  1.5000E+01  5.6579E+03  2.0022E+01  3.1244E+01  1.0731E+01  2.7519E-02  3.0000E+02
  1.5000E+01  5.6579E+03  2.0022E+01  3.1244E+01  1.0731E+01  2.7519E-02  3.0000E+02
  1.5000E+01  5.6579E+03  2.0022E+01  3.1244E+01  1.0731E+01  2.7519E-02  3.0000E+02
  1.5000E+01  5.6579E+03  2.0022E+01  3.1244E+01  1.0731E+01  2.7519E-02  3.0000E+02
  1.6000E+01  5.1458E+03  2.0022E+01  3.1240E+01  1.0731E+01  2.5755E-02  3.0000E+02
  1.6000E+01  5.1458E+03  2.0022E+01  3.1240E+01  1.0731E+01  2.5755E-02  3.0000E+02
  1.6000E+01  5.1458E+03  2.0022E+01  3.1240E+01  1.0731E+01  2.5755E-02  3.0000E+02
  1.6000E+01  5.1458E+03  2.0022E+01  3.1240E+01  1.0731E+01  2.5755E-02  3.0000E+02
  1.6000E+01  5.1458E+03  2.0022E+01  3.1240E+01  1.0731E+01  2.5755E-02  3.0000E+02
  1.6000E+01  5.1458E+03  2.0022E+01  3.1240E+01  1.0731E+01  2.5755E-02  3.0000E+02
  1.6000E+01  5.1458E+03  2.0022E+01  3.1240E+01  1.0731E+01  2.5755E-02  3.0000E+02
  1.6000E+01  5.1458E+03  2.0022E+01  3.1240E+01  1.0731E+01  2.5755E-02  3.0000E+02
  1.6000E+01  5.1458E+03  2.0022E+01  3.1240E+01  1.0731E+01  2.5755E-02  3.0000E+02
  1.6000E+01  5.1458E+03  2.0022E+01  3.1240E+01  1.0731E+01  2.5755E-02  3.0000E+02
  1.6000E+01  5.1458E+03  2.0022E+01  3.1240E+01  1.0731E+01  2.5755E-02  3.0000E+02
  1.6000E+01  5.1458E+03  2.0022E+01  3.1240E+01  1.0731E+01  2.5755E-02  3.0000E+02
  1.6000E+01  5.1458E+03  2.0022E+01  3.1240E+01  1.0731E+01  2.5755E-02  3.0000E+02
  1.7000E+01  4.3352E+03  2.0022E+01  3.1241E+01  1.0731E+01  5.1858E-02  3.0000E+02
  1.7000E+01  4.3352E+03  2.0022E+01  3.1241E+01  1.0731E+01  5.1858E-02  3.0000E+02
  1.7000E+01  4.3352E+03  2.0022E+01  3.1241E+01  1.0731E+01  5.1858E-02  3.0000E+02
  1.7000E+01  4.3352E+03  2.0022E+01  3.1241E+01  1.0731E+01  5.1858E-02  3.0000E+02
  1.7000E+01  4.3352E+03  2.0022E+01  3.1241E+01  1.0731E+01  5.1858E-02  3.0000E+02
  1.7000E+01  4.3352E+03  2.0022E+01  3.1241E+01  1.0731E+01  5.1858E-02  3.0000E+02
  1.7000E+01  4.3352E+03  2.0022E+01  3.1241E+01  1.0731E+01  5.1858E-02  3.0000E+02
  1.7000E+01  4.3352E+03  2.0022E+01  3.1241E+01  1.0731E+01  5.1858E-02  3.0000E+02
  1.7000E+01  4.3352E+03  2.0022E+01  3.1241E+01  1.0731E+01  5.1858E-02  3.0000E+02
  1.7000E+01  4.3352E+03  2.0022E+01  3.1241E+01  1.0731E+01  5.1858E-02  3.0000E+02
  1.7000E+01  4.3352E+03  2.0022E+01  3.1241E+01  1.0731E+01  5.1858E-02  3.0000E+02
  1.7000E+01  4.3352E+03  2.0022E+01  3.1241E+01  1.0731E+01  5.1858E-02  3.0000E+02
  1.7000E+01  4.3352E+03  2.0022E+01  3.1241E+01  1.0731E+01  5.1858E-02  3.0000E+02
  1.8000E+01  3.9277E+03  2.0022E+01  3.1252E+01  1.0731E+01  1.1978E-01  1.0000E+03
  1.8000E+01  3.9277E+03  2.0022E+01  3.1252E+01  1.0731E+01  1.1978E-01  1.0000E+03
  1.8000E+01  3.9277E+03  2.0022E+01  3.1252E+01  1.0731E+01  1.1978E-01  1.0000E+03
  1.8000E+01  3.9277E+03  2.0022E+01  3.1252E+01  1.0731E+01  1.1978E-01  1.0000E+03
  1.8000E+01  3.9277E+03  2.0022E+01  3.1252E+01  1.0731E+01  1.1978E-01  1.0000E+03
  1.8000E+01  3.9277E+03  2.0022E+01  3.1252E+01  1.0731E+01  1.1978E-01  1.0000E+03
  1.8000E+01  3.9277E+03  2.0022E+01  3.1252E+01  1.0731E+01  1.1978E-01  1.0000E+03
  1.8000E+01  3.9277E+03  2.0022E+01  3.1252E+01  1.0731E+01  1.1978E-01  1.0000E+03
  1.8000E+01  3.9277E+03  2.0022E+01  3.1252E+01  1.0731E+01  1.1978E-01  1.0000E+03
  1.8000E+01  3.9277E+03  2.0022E+01  3.1252E+01  1.0731E+01  1.1978E-01  1.0000E+03
  1.8000E+01  3.9277E+03  2.0022E+01  3.1252E+01  1.0731E+01  1.1978E-01  1.0000E+03
  1.8000E+01  3.9277E+03  2.0022E+01  3.1252E+01  1.0731E+01  1.1978E-01  1.0000E+03
  1.8000E+01  3.9277E+03  2.0022E+01  3.1252E+01  1.0731E+01  1.1978E-01  1.0000E+03
  1.9000E+01  2.0353E+04  2.0022E+01  3.1238E+01  1.0731E+01  7.8017E-02  1.0000E+03
  1.9000E+01  2.0353E+04  2.0022E+01  3.1238E+01  1.0731E+01  7.8017E-02  1.0000E+03
  1.9000E+01  2.0353E+04  2.0022E+01  3.1238E+01  1.0731E+01  7.8017E-02  1.0000E+03
  1.9000E+01  2.0353E+04  2.0022E+01  3.1238E+01  1.0731E+01  7.8017E-02  1.0000E+03
  1.9000E+01  2.0353E+04  2.0022E+01  3.1238E+01  1.0731E+01  7.8017E-02  1.0000E+03
  1.9000E+01  2.0353E+04  2.0022E+01  3.1238E+01  1.0731E+01  7.8017E-02  1.0000E+03
  1.9000E+01  2.0353E+04  2.0022E+01  3.1238E+01  1.0731E+01  7.8017E-02  1.0000E+03
  1.9000E+01  2.0353E+04  2.0022E+01  3.1238E+01  1.0731E+01  7.8017E-02  1.0000E+03
  1.9000E+01  2.0353E+04  2.0022E+01  3.1238E+01  1.0731E+01  7.8017E-02  1.0000E+03
  1.9000E+01  2.0353E+04  2.0022E+01  3.1238E+01  1.0731E+01  7.8017E-02  1.0000E+03
  1.9000E+01  2.0353E+04  2.0022E+01  3.1238E+01  1.0731E+01  7.8017E-02  1.0000E+03
  1.9000E+01  2.0353E+04  2.0022E+01  3.1238E+01  1.0731E+01  7.8017E-02  1.0000E+03
  1.9000E+01  2.0353E+04  2.0022E+01  3.1238E+01  1.0731E+01  7.8017E-02  1.0000E+03
  2.0000E+01  1.0855E+04  2.0022E+01  3.1241E+01  1.0731E+01  5.8662E-02  1.0000E+03
  2.0000E+01  1.0855E+04  2.0022E+01  3.1241E+01  1.0731E+01  5.8662E-02  1.0000E+03
  2.0000E+01  1.0855E+04  2.0022E+01  3.1241E+01  1.0731E+01  5.8662E-02  1.0000E+03
  2.0000E+01  1.0855E+04  2.0022E+01  3.1241E+01  1.0731E+01  5.8662E-02  1.0000E+03
  2.0000E+01  1.0855E+04  2.0022E+01  3.1241E+01  1.0731E+01  5.8662E-02  1.0000E+03
  2.0000E+01  1.0855E+04  2.0022E+01  3.1241E+01  1.0731E+01  5.8662E-02  1.0000E+03
  2.0000E+01  1.0855E+04  2.0022E+01  3.1241E+01  1.0731E+01  5.8662E-02  1.0000E+03
  2.0000E+01  1.0855E+04  2.0022E+01  3.1241E+01  1.0731E+01  5.8662E-02  1.0000E+03
  2.0000E+01  1.0855E+04  2.0022E+01  3.1241E+01  1.0731E+01  5.8662E-02  1.0000E+03
  2.0000E+01  1.0855E+04  2.0022E+01  3.1241E+01  1.0731E+01  5.8662E-02  1.0000E+03
  2.0000E+01  1.0855E+04  2.0022E+01  3.1241E+01  1.0731E+01  5.8662E-02  1.0000E+03
  2.0000E+01  1.0855E+04  2.0022E+01  3.1241E+01  1.0731E+01  5.8662E-02  1.0000E+03
  2.0000E+01  1.0855E+04  2.0022E+01  3.1241E+01  1.0731E+01  5.8662E-02  1.0000E+03
  2.1000E+01  9.6007E+03  2.0022E+01  3.1241E+01  1.0731E+01  2.9014E-02  1.0000E+03
  2.1000E+01  9.6007E+03  2.0022E+01  3.1241E+01  1.0731E+01  2.9014E-02  1.0000E+03
  2.1000E+01  9.6007E+03  2.0022E+01  3.1241E+01  1.0731E+01  2.9014E-02  1.0000E+03
  2.1000E+01  9.6007E+03  2.0022E+01  3.1241E+01  1.0731E+01  2.9014E-02  1.0000E+03
  2.1000E+01  9.6007E+03  2.0022E+01  3.1241E+01  1.0731E+01  2.9014E-02  1.0000E+03
  2.1000E+01  9.6007E+03  2.0022E+01  3.1241E+01  1.0731E+01  2.9014E-02  1.0000E+03
  2.1000E+01  9.6007E+03  2.0022E+01  3.1241E+01  1.0731E+01  2.9014E-02  1.0000E+03
  2.1000E+01  9.6007E+03  2.0022E+01  3.1241E+01  1.0731E+01  2.9014E-02  1.0000E+03
  2.1000E+01  9.6007E+03  2.0022E+01  3.1241E+01  1.0731E+01  2.9014E-02  1.0000E+03
  2.1000E+01  9.6007E+03  2.0022E+01  3.1241E+01  1.0731E+01  2.9014E-02  1.0000E+03
  2.1000E+01  9.6007E+03  2.0022E+01  3.1241E+01  1.0731E+01  2.9014E-02  1.0000E+03
  2.1000E+01  9.6007E+03  2.0022E+01  3.1241E+01  1.0731E+01  2.9014E-02  1.0000E+03
  2.1000E+01  9.6007E+03  2.0022E+01  3.1241E+01  1.0731E+01  2.9014E-02  1.0000E+03
  2.2000E+01  1.6194E+04  2.0022E+01  3.1241E+01  1.0731E+01  5.8834E-02  1.0000E+03
  2.2000E+01  1.6194E+04  2.0022E+01  3.1241E+01  1.0731E+01  5.8834E-02  1.0000E+03
  2.2000E+01  1.6194E+04  2.0022E+01  3.1241E+01  1.0731E+01  5.8834E-02  1.0000E+03
  2.2000E+01  1.6194E+04  2.0022E+01  3.1241E+01  1.0731E+01  5.8834E-02  1.0000E+03
  2.2000E+01  1.6194E+04  2.0022E+01  3.1241E+01  1.0731E+01  5.8834E-02  1.0000E+03
  2.2000E+01  1.6194E+04  2.0022E+01  3.1241E+01  1.0731E+01  5.8834E-02  1.0000E+03
  2.2000E+01  1.6194E+04  2.0022E+01  3.1241E+01  1.0731E+01  5.8834E-02  1.0000E+03
  2.2000E+01  1.6194E+04  2.0022E+01  3.1241E+01  1.0731E+01  5.8834E-02  1.0000E+03
  2.2000E+01  1.6194E+04  2.0022E+01  3.1241E+01  1.0731E+01  5.8834E-02  1.0000E+03
  2.2000E+01  1.6194E+04  2.0022E+01  3.1241E+01  1.0731E+01  5.8834E-02  1.0000E+03
  2.2000E+01  1.6194E+04  2.0022E+01  3.1241E+01  1.0731E+01  5.8834E-02  1.0000E+03
  2.2000E+01  1.6194E+04  2.0022E+01  3.1241E+01  1.0731E+01  5.8834E-02  1.0000E+03
  2.2000E+01  1.6194E+04  2.0022E+01  3.1241E+01  1.0731E+01  5.8834E-02  1.0000E+03
