TABLE NO.  1
 ID          TIME        AMT         DV          MDV         IPRED       CWRES       IWRES       BQL         DV          PRED        RES         WRES
  1.0000E+00  0.0000E+00  1.0000E+05  0.0000E+00  1.0000E+00  0.0000E+00  0.0000E+00  0.0000E+00  0.0000E+00  0.0000E+00  0.0000E+00  0.0000E+00  0.0000E+00
  1.0000E+00  5.0000E-01  0.0000E+00  2.3860E+00  0.0000E+00  1.7376E+00  1.1600E+00  7.4295E-01  0.0000E+00  2.3860E+00  2.9795E-01  2.0881E+00  4.1224E+00
  1.0000E+00  1.0000E+00  0.0000E+00  1.1160E+00  0.0000E+00  1.6994E+00 -2.8109E-01 -6.8360E-01  0.0000E+00  1.1160E+00  2.9581E-01  8.2019E-01 -6.1038E-01
  1.0000E+00  2.0000E+00  0.0000E+00  0.0000E+00  1.0000E+00  1.6252E+00  0.0000E+00 -1.9912E+00  1.0000E+00  0.0000E+00  2.9154E-01  0.0000E+00  0.0000E+00
  1.0000E+00  4.0000E+00  0.0000E+00  0.0000E+00  1.0000E+00  1.4853E+00  0.0000E+00 -1.9912E+00  1.0000E+00  0.0000E+00  2.8308E-01  0.0000E+00  0.0000E+00
  1.0000E+00  8.0000E+00  0.0000E+00  0.0000E+00  1.0000E+00  1.2388E+00  0.0000E+00 -1.9912E+00  1.0000E+00  0.0000E+00  2.6671E-01  0.0000E+00  0.0000E+00
  1.0000E+00  2.4000E+01  0.0000E+00  0.0000E+00  1.0000E+00  5.9738E-01  0.0000E+00 -1.9912E+00  1.0000E+00  0.0000E+00  2.0984E-01  0.0000E+00  0.0000E+00
  1.0000E+00  6.4850E+02  0.0000E+00  5.2040E+00  0.0000E+00  2.6152E+00  2.3750E+00  1.9710E+00  0.0000E+00  5.2040E+00  9.8681E-01  4.2172E+00  4.7281E+00
  1.0000E+00  6.4900E+02  0.0000E+00  2.2370E+00  0.0000E+00  2.5572E+00  1.3857E-01 -2.4935E-01  0.0000E+00  2.2370E+00  9.7952E-01  1.2575E+00  7.2773E-02
  1.0000E+00  6.5000E+02  0.0000E+00  1.2830E+00  0.0000E+00  2.4447E+00 -5.8893E-01 -9.4620E-01  0.0000E+00  1.2830E+00  9.6507E-01  3.1793E-01 -1.3932E+00
  1.0000E+00  6.5200E+02  0.0000E+00  0.0000E+00  1.0000E+00  2.2333E+00  0.0000E+00 -1.9912E+00  1.0000E+00  0.0000E+00  9.3670E-01  0.0000E+00  0.0000E+00
  1.0000E+00  6.5600E+02  0.0000E+00  1.6670E+00  0.0000E+00  1.8621E+00  7.7676E-04 -2.0867E-01  0.0000E+00  1.6670E+00  8.8227E-01  7.8473E-01 -3.2606E-01
  1.0000E+00  6.7200E+02  0.0000E+00  0.0000E+00  1.0000E+00  8.9782E-01  0.0000E+00 -1.9912E+00  1.0000E+00  0.0000E+00  6.9405E-01  0.0000E+00  0.0000E+00
  2.0000E+00  0.0000E+00  1.0000E+05  0.0000E+00  1.0000E+00  0.0000E+00  0.0000E+00  0.0000E+00  0.0000E+00  0.0000E+00  0.0000E+00  0.0000E+00  0.0000E+00
  2.0000E+00  5.0000E-01  0.0000E+00  1.7110E+00  0.0000E+00  1.3821E+00  6.4433E-01  4.7377E-01  0.0000E+00  1.7110E+00  2.9795E-01  1.4131E+00  1.6156E+00
  2.0000E+00  1.0000E+00  0.0000E+00  0.0000E+00  1.0000E+00  1.3591E+00  0.0000E+00 -1.9912E+00  1.0000E+00  0.0000E+00  2.9581E-01  0.0000E+00  0.0000E+00
  2.0000E+00  2.0000E+00  0.0000E+00  1.6390E+00  0.0000E+00  1.3140E+00  6.5615E-01  4.9258E-01  0.0000E+00  1.6390E+00  2.9154E-01  1.3475E+00  1.5360E+00
  2.0000E+00  4.0000E+00  0.0000E+00  1.6460E+00  0.0000E+00  1.2272E+00  8.3621E-01  6.7954E-01  0.0000E+00  1.6460E+00  2.8308E-01  1.3629E+00  1.8355E+00
  2.0000E+00  8.0000E+00  0.0000E+00  0.0000E+00  1.0000E+00  1.0690E+00  0.0000E+00 -1.9912E+00  1.0000E+00  0.0000E+00  2.6671E-01  0.0000E+00  0.0000E+00
  2.0000E+00  2.4000E+01  0.0000E+00  1.1400E+00  0.0000E+00  6.1322E-01  1.9393E+00  1.7105E+00  0.0000E+00  1.1400E+00  2.0984E-01  9.3016E-01  2.4378E+00
  2.0000E+00  6.4850E+02  0.0000E+00  2.7240E+00  0.0000E+00  2.4473E+00  7.2802E-01  2.2511E-01  0.0000E+00  2.7240E+00  9.8681E-01  1.7372E+00  1.3887E+00
  2.0000E+00  6.4900E+02  0.0000E+00  1.5690E+00  0.0000E+00  2.4060E+00 -1.9414E-01 -6.9268E-01  0.0000E+00  1.5690E+00  9.7952E-01  5.8948E-01 -4.0215E-01
  2.0000E+00  6.5000E+02  0.0000E+00  1.0670E+00  0.0000E+00  2.3250E+00 -5.8687E-01 -1.0774E+00  0.0000E+00  1.0670E+00  9.6507E-01  1.0193E-01 -1.1412E+00
  2.0000E+00  6.5200E+02  0.0000E+00  0.0000E+00  1.0000E+00  2.1704E+00  0.0000E+00 -1.9912E+00  1.0000E+00  0.0000E+00  9.3670E-01  0.0000E+00  0.0000E+00
  2.0000E+00  6.5600E+02  0.0000E+00  1.9130E+00  0.0000E+00  1.8897E+00  4.8737E-01  2.4528E-02  0.0000E+00  1.9130E+00  8.8227E-01  1.0307E+00  7.8467E-01
  2.0000E+00  6.7200E+02  0.0000E+00  0.0000E+00  1.0000E+00  1.0839E+00  0.0000E+00 -1.9912E+00  1.0000E+00  0.0000E+00  6.9405E-01  0.0000E+00  0.0000E+00
  3.0000E+00  0.0000E+00  1.0000E+05  0.0000E+00  1.0000E+00  0.0000E+00  0.0000E+00  0.0000E+00  0.0000E+00  0.0000E+00  0.0000E+00  0.0000E+00  0.0000E+00
  3.0000E+00  5.0000E-01  0.0000E+00  2.6130E+00  0.0000E+00  3.6295E+00  2.6334E-01 -5.5766E-01  0.0000E+00  2.6130E+00  2.9795E-01  2.3151E+00 -3.1254E-02
  3.0000E+00  1.0000E+00  0.0000E+00  6.9720E+00  0.0000E+00  3.5314E+00  2.7406E+00  1.9400E+00  0.0000E+00  6.9720E+00  2.9581E-01  6.6762E+00  1.6621E+01
  3.0000E+00  2.0000E+00  0.0000E+00  1.7190E+00  0.0000E+00  3.3417E+00 -2.0590E-01 -9.6691E-01  0.0000E+00  1.7190E+00  2.9154E-01  1.4275E+00 -3.2008E+00
  3.0000E+00  4.0000E+00  0.0000E+00  0.0000E+00  1.0000E+00  2.9892E+00  0.0000E+00 -1.9912E+00  1.0000E+00  0.0000E+00  2.8308E-01  0.0000E+00  0.0000E+00
  3.0000E+00  8.0000E+00  0.0000E+00  0.0000E+00  1.0000E+00  2.3863E+00  0.0000E+00 -1.9912E+00  1.0000E+00  0.0000E+00  2.6671E-01  0.0000E+00  0.0000E+00
  3.0000E+00  2.4000E+01  0.0000E+00  0.0000E+00  1.0000E+00  9.6272E-01  0.0000E+00 -1.9912E+00  1.0000E+00  0.0000E+00  2.0984E-01  0.0000E+00  0.0000E+00
  3.0000E+00  6.4850E+02  0.0000E+00  4.9500E+00  0.0000E+00  4.8871E+00  8.8436E-01  2.5623E-02  0.0000E+00  4.9500E+00  9.8681E-01  3.9632E+00  2.4682E+00
  3.0000E+00  6.4900E+02  0.0000E+00  2.5150E+00  0.0000E+00  4.7538E+00 -1.0131E-01 -9.3774E-01  0.0000E+00  2.5150E+00  9.7952E-01  1.5355E+00 -1.3174E+00
  3.0000E+00  6.5000E+02  0.0000E+00  1.8390E+00  0.0000E+00  4.4967E+00 -3.8338E-01 -1.1768E+00  0.0000E+00  1.8390E+00  9.6507E-01  8.7393E-01 -2.2751E+00
  3.0000E+00  6.5200E+02  0.0000E+00  0.0000E+00  1.0000E+00  4.0202E+00  0.0000E+00 -1.9912E+00  1.0000E+00  0.0000E+00  9.3670E-01  0.0000E+00  0.0000E+00
  3.0000E+00  6.5600E+02  0.0000E+00  5.5790E+00  0.0000E+00  3.2077E+00  2.0519E+00  1.4720E+00  0.0000E+00  5.5790E+00  8.8227E-01  4.6967E+00  5.2278E+00
  3.0000E+00  6.7200E+02  0.0000E+00  0.0000E+00  1.0000E+00  1.2938E+00  0.0000E+00 -1.9912E+00  1.0000E+00  0.0000E+00  6.9405E-01  0.0000E+00  0.0000E+00
  4.0000E+00  0.0000E+00  3.0000E+05  0.0000E+00  1.0000E+00  0.0000E+00  0.0000E+00  0.0000E+00  0.0000E+00  0.0000E+00  0.0000E+00  0.0000E+00  0.0000E+00
  4.0000E+00  5.0000E-01  0.0000E+00  3.7870E+00  0.0000E+00  2.8441E+00  8.9431E-01  6.6009E-01  0.0000E+00  3.7870E+00  8.9385E-01  2.8932E+00  1.6101E+00
  4.0000E+00  1.0000E+00  0.0000E+00  2.0520E+00  0.0000E+00  2.7883E+00 -3.0445E-01 -5.2582E-01  0.0000E+00  2.0520E+00  8.8743E-01  1.1646E+00 -5.3759E-01
  4.0000E+00  2.0000E+00  0.0000E+00  2.5490E+00  0.0000E+00  2.6795E+00  9.9525E-02 -9.7009E-02  0.0000E+00  2.5490E+00  8.7461E-01  1.6744E+00  1.5648E-01
  4.0000E+00  4.0000E+00  0.0000E+00  2.6340E+00  0.0000E+00  2.4736E+00  2.7953E-01  1.2915E-01  0.0000E+00  2.6340E+00  8.4924E-01  1.7848E+00  4.0869E-01
  4.0000E+00  8.0000E+00  0.0000E+00  3.9660E+00  0.0000E+00  2.1061E+00  1.8298E+00  1.7584E+00  0.0000E+00  3.9660E+00  8.0014E-01  3.1659E+00  2.6938E+00
  4.0000E+00  2.4000E+01  0.0000E+00  0.0000E+00  1.0000E+00  1.1045E+00  0.0000E+00 -1.9912E+00  1.0000E+00  0.0000E+00  6.2951E-01  0.0000E+00  0.0000E+00
  4.0000E+00  6.4850E+02  0.0000E+00  5.0970E+00  0.0000E+00  4.5890E+00  3.3220E-01  2.2040E-01  0.0000E+00  5.0970E+00  2.9604E+00  2.1366E+00  4.5506E-01
  4.0000E+00  6.4900E+02  0.0000E+00  3.7370E+00  0.0000E+00  4.4984E+00 -2.3864E-01 -3.3701E-01  0.0000E+00  3.7370E+00  2.9386E+00  7.9845E-01 -2.3619E-01
  4.0000E+00  6.5000E+02  0.0000E+00  3.6830E+00  0.0000E+00  4.3220E+00 -2.2190E-01 -2.9438E-01  0.0000E+00  3.6830E+00  2.8952E+00  7.8780E-01 -2.1188E-01
  4.0000E+00  6.5200E+02  0.0000E+00  1.9290E+00  0.0000E+00  3.9886E+00 -1.0037E+00 -1.0282E+00  0.0000E+00  1.9290E+00  2.8101E+00 -8.8111E-01 -1.0836E+00
  4.0000E+00  6.5600E+02  0.0000E+00  6.1060E+00  0.0000E+00  3.3953E+00  1.5331E+00  1.5896E+00  0.0000E+00  6.1060E+00  2.6468E+00  3.4592E+00  1.5780E+00
  4.0000E+00  6.7200E+02  0.0000E+00  1.5210E+00  0.0000E+00  1.7805E+00 -5.0888E-01 -2.9018E-01  0.0000E+00  1.5210E+00  2.0822E+00 -5.6116E-01 -4.2266E-01
  5.0000E+00  0.0000E+00  3.0000E+05  0.0000E+00  1.0000E+00  0.0000E+00  0.0000E+00  0.0000E+00  0.0000E+00  0.0000E+00  0.0000E+00  0.0000E+00  0.0000E+00
  5.0000E+00  5.0000E-01  0.0000E+00  4.3600E+00  0.0000E+00  6.7384E+00  2.7706E-01 -7.0280E-01  0.0000E+00  4.3600E+00  8.9385E-01  3.4662E+00  1.0837E-01
  5.0000E+00  1.0000E+00  0.0000E+00  2.0230E+00  0.0000E+00  6.6481E+00 -4.1624E-01 -1.3853E+00  0.0000E+00  2.0230E+00  8.8743E-01  1.1356E+00 -2.8054E+00
  5.0000E+00  2.0000E+00  0.0000E+00  1.1060E+00  0.0000E+00  6.4682E+00 -7.0369E-01 -1.6507E+00  0.0000E+00  1.1060E+00  8.7461E-01  2.3139E-01 -3.9656E+00
  5.0000E+00  4.0000E+00  0.0000E+00  1.4190E+01  0.0000E+00  6.1146E+00  3.5317E+00  2.6297E+00  0.0000E+00  1.4190E+01  8.4924E-01  1.3341E+01  1.3740E+01
  5.0000E+00  8.0000E+00  0.0000E+00  2.8690E+00  0.0000E+00  5.4496E+00 -1.3258E-01 -9.4291E-01  0.0000E+00  2.8690E+00  8.0014E-01  2.0689E+00 -1.3270E+00
  5.0000E+00  2.4000E+01  0.0000E+00  5.0580E+00  0.0000E+00  3.4151E+00  1.3977E+00  9.5792E-01  0.0000E+00  5.0580E+00  6.2951E-01  4.4285E+00  4.7407E+00
  5.0000E+00  6.4850E+02  0.0000E+00  1.1390E+01  0.0000E+00  1.3409E+01  6.0481E-01 -2.9987E-01  0.0000E+00  1.1390E+01  2.9604E+00  8.4296E+00  1.2828E+00
  5.0000E+00  6.4900E+02  0.0000E+00  8.4540E+00  0.0000E+00  1.3222E+01  1.7348E-01 -7.1808E-01  0.0000E+00  8.4540E+00  2.9386E+00  5.5154E+00 -2.2641E-01
  5.0000E+00  6.5000E+02  0.0000E+00  1.0680E+01  0.0000E+00  1.2853E+01  5.2840E-01 -3.3662E-01  0.0000E+00  1.0680E+01  2.8952E+00  7.7848E+00  1.0597E+00
  5.0000E+00  6.5200E+02  0.0000E+00  4.0440E+00  0.0000E+00  1.2136E+01 -5.1643E-01 -1.3277E+00  0.0000E+00  4.0440E+00  2.8101E+00  1.2339E+00 -2.4435E+00
  5.0000E+00  6.5600E+02  0.0000E+00  1.2050E+01  0.0000E+00  1.0806E+01  9.3206E-01  2.2914E-01  0.0000E+00  1.2050E+01  2.6468E+00  9.4032E+00  2.5354E+00
  5.0000E+00  6.7200E+02  0.0000E+00  1.1690E+01  0.0000E+00  6.7694E+00  1.7220E+00  1.4474E+00  0.0000E+00  1.1690E+01  2.0822E+00  9.6078E+00  4.5077E+00
  6.0000E+00  0.0000E+00  3.0000E+05  0.0000E+00  1.0000E+00  0.0000E+00  0.0000E+00  0.0000E+00  0.0000E+00  0.0000E+00  0.0000E+00  0.0000E+00  0.0000E+00
  6.0000E+00  5.0000E-01  0.0000E+00  1.9440E+00  0.0000E+00  1.4635E+00  6.0000E-01  6.5381E-01  0.0000E+00  1.9440E+00  8.9385E-01  1.0502E+00  6.5452E-01
  6.0000E+00  1.0000E+00  0.0000E+00  0.0000E+00  1.0000E+00  1.4502E+00  0.0000E+00 -1.9912E+00  1.0000E+00  0.0000E+00  8.8743E-01  0.0000E+00  0.0000E+00
  6.0000E+00  2.0000E+00  0.0000E+00  0.0000E+00  1.0000E+00  1.4237E+00  0.0000E+00 -1.9912E+00  1.0000E+00  0.0000E+00  8.7461E-01  0.0000E+00  0.0000E+00
  6.0000E+00  4.0000E+00  0.0000E+00  0.0000E+00  1.0000E+00  1.3716E+00  0.0000E+00 -1.9912E+00  1.0000E+00  0.0000E+00  8.4924E-01  0.0000E+00  0.0000E+00
  6.0000E+00  8.0000E+00  0.0000E+00  0.0000E+00  1.0000E+00  1.2719E+00  0.0000E+00 -1.9912E+00  1.0000E+00  0.0000E+00  8.0014E-01  0.0000E+00  0.0000E+00
  6.0000E+00  2.4000E+01  0.0000E+00  1.0970E+00  0.0000E+00  9.3842E-01  2.1574E-01  3.3648E-01  0.0000E+00  1.0970E+00  6.2951E-01  4.6749E-01  2.6049E-01
  6.0000E+00  6.4850E+02  0.0000E+00  6.0540E+00  0.0000E+00  4.0002E+00  1.0579E+00  1.0223E+00  0.0000E+00  6.0540E+00  2.9604E+00  3.0936E+00  1.1509E+00
  6.0000E+00  6.4900E+02  0.0000E+00  4.0210E+00  0.0000E+00  3.9629E+00  6.1945E-02  2.9186E-02  0.0000E+00  4.0210E+00  2.9386E+00  1.0824E+00  9.5136E-02
  6.0000E+00  6.5000E+02  0.0000E+00  2.3110E+00  0.0000E+00  3.8891E+00 -7.8083E-01 -8.0797E-01  0.0000E+00  2.3110E+00  2.8952E+00 -5.8420E-01 -7.9614E-01
  6.0000E+00  6.5200E+02  0.0000E+00  1.9590E+00  0.0000E+00  3.7450E+00 -9.3340E-01 -9.4959E-01  0.0000E+00  1.9590E+00  2.8101E+00 -8.5111E-01 -9.5383E-01
  6.0000E+00  6.5600E+02  0.0000E+00  5.1810E+00  0.0000E+00  3.4714E+00  9.7612E-01  9.8058E-01  0.0000E+00  5.1810E+00  2.6468E+00  2.5342E+00  1.0430E+00
  6.0000E+00  6.7200E+02  0.0000E+00  3.4380E+00  0.0000E+00  2.5610E+00  6.1240E-01  6.8187E-01  0.0000E+00  3.4380E+00  2.0822E+00  1.3558E+00  6.0470E-01
  7.0000E+00  0.0000E+00  1.0000E+06  0.0000E+00  1.0000E+00  0.0000E+00  0.0000E+00  0.0000E+00  0.0000E+00  0.0000E+00  0.0000E+00  0.0000E+00  0.0000E+00
  7.0000E+00  5.0000E-01  0.0000E+00  8.3920E+00  0.0000E+00  6.0092E+00  1.1561E+00  7.8954E-01  0.0000E+00  8.3920E+00  2.9795E+00  5.4125E+00  1.1768E+00
  7.0000E+00  1.0000E+00  0.0000E+00  6.6990E+00  0.0000E+00  5.8308E+00  6.3128E-01  2.9648E-01  0.0000E+00  6.6990E+00  2.9581E+00  3.7409E+00  5.6858E-01
  7.0000E+00  2.0000E+00  0.0000E+00  9.2370E+00  0.0000E+00  5.4894E+00  1.6341E+00  1.3594E+00  0.0000E+00  9.2370E+00  2.9154E+00  6.3216E+00  1.6108E+00
  7.0000E+00  4.0000E+00  0.0000E+00  4.1550E+00  0.0000E+00  4.8645E+00 -1.2312E-01 -2.9043E-01  0.0000E+00  4.1550E+00  2.8308E+00  1.3242E+00 -2.8747E-01
  7.0000E+00  8.0000E+00  0.0000E+00  5.8250E+00  0.0000E+00  3.8187E+00  1.0449E+00  1.0461E+00  0.0000E+00  5.8250E+00  2.6671E+00  3.1579E+00  6.1936E-01
  7.0000E+00  2.4000E+01  0.0000E+00  2.2210E+00  0.0000E+00  1.4487E+00  7.8044E-01  1.0616E+00  0.0000E+00  2.2210E+00  2.0984E+00  1.2262E-01 -4.4474E-01
  7.0000E+00  6.4850E+02  0.0000E+00  3.6530E+00  0.0000E+00  7.8431E+00 -1.0401E+00 -1.0638E+00  0.0000E+00  3.6530E+00  9.8681E+00 -6.2151E+00 -6.2036E-01
  7.0000E+00  6.4900E+02  0.0000E+00  2.6300E+00  0.0000E+00  7.6099E+00 -1.3082E+00 -1.3030E+00  0.0000E+00  2.6300E+00  9.7952E+00 -7.1652E+00 -7.6895E-01
  7.0000E+00  6.5000E+02  0.0000E+00  5.2900E+00  0.0000E+00  7.1639E+00 -5.8027E-01 -5.2085E-01  0.0000E+00  5.2900E+00  9.6507E+00 -4.3607E+00 -3.0986E-01
  7.0000E+00  6.5200E+02  0.0000E+00  2.4400E+00  0.0000E+00  6.3479E+00 -1.3806E+00 -1.2258E+00  0.0000E+00  2.4400E+00  9.3670E+00 -6.9270E+00 -7.1717E-01
  7.0000E+00  6.5600E+02  0.0000E+00  6.4160E+00  0.0000E+00  4.9829E+00  2.7442E-01  5.7269E-01  0.0000E+00  6.4160E+00  8.8227E+00 -2.4067E+00  1.1348E-01
  7.0000E+00  6.7200E+02  0.0000E+00  1.6830E+00  0.0000E+00  1.8902E+00 -6.8850E-01 -2.1831E-01  0.0000E+00  1.6830E+00  6.9405E+00 -5.2575E+00 -2.2331E-01
  8.0000E+00  0.0000E+00  1.0000E+06  0.0000E+00  1.0000E+00  0.0000E+00  0.0000E+00  0.0000E+00  0.0000E+00  0.0000E+00  0.0000E+00  0.0000E+00  0.0000E+00
  8.0000E+00  5.0000E-01  0.0000E+00  8.4680E+00  0.0000E+00  4.6028E+00  1.8531E+00  1.6721E+00  0.0000E+00  8.4680E+00  2.9795E+00  5.4885E+00  1.6236E+00
  8.0000E+00  1.0000E+00  0.0000E+00  5.9020E+00  0.0000E+00  4.4812E+00  7.8558E-01  6.3129E-01  0.0000E+00  5.9020E+00  2.9581E+00  2.9439E+00  6.8330E-01
  8.0000E+00  2.0000E+00  0.0000E+00  3.8070E+00  0.0000E+00  4.2474E+00 -1.0325E-01 -2.0645E-01  0.0000E+00  3.8070E+00  2.9154E+00  8.9163E-01 -8.1692E-02
  8.0000E+00  4.0000E+00  0.0000E+00  3.1940E+00  0.0000E+00  3.8151E+00 -3.1399E-01 -3.2416E-01  0.0000E+00  3.1940E+00  2.8308E+00  3.6320E-01 -2.6597E-01
  8.0000E+00  8.0000E+00  0.0000E+00  3.7570E+00  0.0000E+00  3.0771E+00  2.9722E-01  4.3999E-01  0.0000E+00  3.7570E+00  2.6671E+00  1.0899E+00  1.0301E-01
  8.0000E+00  2.4000E+01  0.0000E+00  0.0000E+00  1.0000E+00  1.3010E+00  0.0000E+00 -1.9912E+00  1.0000E+00  0.0000E+00  2.0984E+00  0.0000E+00  0.0000E+00
  8.0000E+00  6.4850E+02  0.0000E+00  7.6600E+00  0.0000E+00  6.3495E+00  1.8426E-01  4.1098E-01  0.0000E+00  7.6600E+00  9.8681E+00 -2.2081E+00  3.8412E-02
  8.0000E+00  6.4900E+02  0.0000E+00  3.7570E+00  0.0000E+00  6.1815E+00 -1.0321E+00 -7.8098E-01  0.0000E+00  3.7570E+00  9.7952E+00 -6.0382E+00 -5.6800E-01
  8.0000E+00  6.5000E+02  0.0000E+00  3.5340E+00  0.0000E+00  5.8586E+00 -1.0876E+00 -7.9006E-01  0.0000E+00  3.5340E+00  9.6507E+00 -6.1167E+00 -5.8112E-01
  8.0000E+00  6.5200E+02  0.0000E+00  2.4110E+00  0.0000E+00  5.2619E+00 -1.4599E+00 -1.0788E+00  0.0000E+00  2.4110E+00  9.3670E+00 -6.9560E+00 -7.2303E-01
  8.0000E+00  6.5600E+02  0.0000E+00  5.9370E+00  0.0000E+00  4.2437E+00  2.8089E-01  7.9451E-01  0.0000E+00  5.9370E+00  8.8227E+00 -2.8857E+00 -4.6336E-03
  8.0000E+00  6.7200E+02  0.0000E+00  2.2690E+00  0.0000E+00  1.7943E+00 -2.0031E-01  5.2684E-01  0.0000E+00  2.2690E+00  6.9405E+00 -4.6715E+00 -2.6156E-01
  9.0000E+00  0.0000E+00  1.0000E+06  0.0000E+00  1.0000E+00  0.0000E+00  0.0000E+00  0.0000E+00  0.0000E+00  0.0000E+00  0.0000E+00  0.0000E+00  0.0000E+00
  9.0000E+00  5.0000E-01  0.0000E+00  8.4950E+00  0.0000E+00  5.3305E+00  1.3309E+00  1.1821E+00  0.0000E+00  8.4950E+00  2.9795E+00  5.5155E+00  1.3569E+00
  9.0000E+00  1.0000E+00  0.0000E+00  8.5100E+00  0.0000E+00  5.2114E+00  1.3980E+00  1.2603E+00  0.0000E+00  8.5100E+00  2.9581E+00  5.5519E+00  1.3972E+00
  9.0000E+00  2.0000E+00  0.0000E+00  7.1830E+00  0.0000E+00  4.9807E+00  9.9721E-01  8.8041E-01  0.0000E+00  7.1830E+00  2.9154E+00  4.2676E+00  9.5314E-01
  9.0000E+00  4.0000E+00  0.0000E+00  3.3050E+00  0.0000E+00  4.5487E+00 -4.6355E-01 -5.4442E-01  0.0000E+00  3.3050E+00  2.8308E+00  4.7420E-01 -4.9496E-01
  9.0000E+00  8.0000E+00  0.0000E+00  4.9460E+00  0.0000E+00  3.7922E+00  6.3565E-01  6.0584E-01  0.0000E+00  4.9460E+00  2.6671E+00  2.2789E+00  3.6130E-01
  9.0000E+00  2.4000E+01  0.0000E+00  1.3090E+00  0.0000E+00  1.8298E+00 -5.5834E-01 -5.6676E-01  0.0000E+00  1.3090E+00  2.0984E+00 -7.8938E-01 -9.2528E-01
  9.0000E+00  6.4850E+02  0.0000E+00  4.4860E+00  0.0000E+00  8.0207E+00 -8.7601E-01 -8.7750E-01  0.0000E+00  4.4860E+00  9.8681E+00 -5.3821E+00 -5.2511E-01
  9.0000E+00  6.4900E+02  0.0000E+00  5.1090E+00  0.0000E+00  7.8410E+00 -7.0229E-01 -6.9377E-01  0.0000E+00  5.1090E+00  9.7952E+00 -4.6862E+00 -4.1146E-01
  9.0000E+00  6.5000E+02  0.0000E+00  6.1660E+00  0.0000E+00  7.4932E+00 -3.7960E-01 -3.5268E-01  0.0000E+00  6.1660E+00  9.6507E+00 -3.4847E+00 -2.0920E-01
  9.0000E+00  6.5200E+02  0.0000E+00  2.0330E+00  0.0000E+00  6.8424E+00 -1.4570E+00 -1.3996E+00  0.0000E+00  2.0330E+00  9.3670E+00 -7.3340E+00 -8.3392E-01
  9.0000E+00  6.5600E+02  0.0000E+00  3.2870E+00  0.0000E+00  5.7038E+00 -9.3940E-01 -8.4370E-01  0.0000E+00  3.2870E+00  8.8227E+00 -5.5357E+00 -5.0959E-01
  9.0000E+00  6.7200E+02  0.0000E+00  4.7640E+00  0.0000E+00  2.7521E+00  1.4089E+00  1.4556E+00  0.0000E+00  4.7640E+00  6.9405E+00 -2.1765E+00  3.4386E-01
  1.0000E+01  0.0000E+00  1.0000E+06  0.0000E+00  1.0000E+00  0.0000E+00  0.0000E+00  0.0000E+00  0.0000E+00  0.0000E+00  0.0000E+00  0.0000E+00  0.0000E+00
  1.0000E+01  5.0000E-01  0.0000E+00  5.6650E+00  0.0000E+00  6.3627E+00 -4.2932E-02 -2.1836E-01  0.0000E+00  5.6650E+00  2.9795E+00  2.6855E+00 -2.3056E-02
  1.0000E+01  1.0000E+00  0.0000E+00  6.5750E+00  0.0000E+00  6.2387E+00  2.7654E-01  1.0733E-01  0.0000E+00  6.5750E+00  2.9581E+00  3.6169E+00  3.4487E-01
  1.0000E+01  2.0000E+00  0.0000E+00  1.1520E+01  0.0000E+00  5.9973E+00  1.9915E+00  1.8336E+00  0.0000E+00  1.1520E+01  2.9154E+00  8.6046E+00  2.3182E+00
  1.0000E+01  4.0000E+00  0.0000E+00  4.2500E+00  0.0000E+00  5.5405E+00 -3.2419E-01 -4.6379E-01  0.0000E+00  4.2500E+00  2.8308E+00  1.4192E+00 -4.3219E-01
  1.0000E+01  8.0000E+00  0.0000E+00  5.1700E+00  0.0000E+00  4.7260E+00  3.0646E-01  1.8706E-01  0.0000E+00  5.1700E+00  2.6671E+00  2.5029E+00  1.3613E-01
  1.0000E+01  2.4000E+01  0.0000E+00  5.2190E+00  0.0000E+00  2.4982E+00  2.3713E+00  2.1685E+00  0.0000E+00  5.2190E+00  2.0984E+00  3.1206E+00  1.2208E+00
  1.0000E+01  6.4850E+02  0.0000E+00  8.1460E+00  0.0000E+00  1.0340E+01 -2.5474E-01 -4.2247E-01  0.0000E+00  8.1460E+00  9.8681E+00 -1.7221E+00 -1.5333E-01
  1.0000E+01  6.4900E+02  0.0000E+00  6.7610E+00  0.0000E+00  1.0137E+01 -5.0123E-01 -6.6318E-01  0.0000E+00  6.7610E+00  9.7952E+00 -3.0342E+00 -3.5454E-01
  1.0000E+01  6.5000E+02  0.0000E+00  8.1080E+00  0.0000E+00  9.7435E+00 -1.8263E-01 -3.3424E-01  0.0000E+00  8.1080E+00  9.6507E+00 -1.5427E+00 -9.9180E-02
  1.0000E+01  6.5200E+02  0.0000E+00  3.4420E+00  0.0000E+00  8.9998E+00 -1.0938E+00 -1.2296E+00  0.0000E+00  3.4420E+00  9.3670E+00 -5.9250E+00 -7.9935E-01
  1.0000E+01  6.5600E+02  0.0000E+00  7.6620E+00  0.0000E+00  7.6755E+00  1.1906E-01 -3.5070E-03  0.0000E+00  7.6620E+00  8.8227E+00 -1.1607E+00  7.9804E-02
  1.0000E+01  6.7200E+02  0.0000E+00  1.3720E+00  0.0000E+00  4.0571E+00 -1.0600E+00 -1.3178E+00  0.0000E+00  1.3720E+00  6.9405E+00 -5.5685E+00 -5.6552E-01
  1.1000E+01  0.0000E+00  1.0000E+06  0.0000E+00  1.0000E+00  0.0000E+00  0.0000E+00  0.0000E+00  0.0000E+00  0.0000E+00  0.0000E+00  0.0000E+00  0.0000E+00
  1.1000E+01  5.0000E-01  0.0000E+00  9.6980E+00  0.0000E+00  5.4086E+00  1.9014E+00  1.5792E+00  0.0000E+00  9.6980E+00  2.9795E+00  6.7185E+00  2.1897E+00
  1.1000E+01  1.0000E+00  0.0000E+00  5.9360E+00  0.0000E+00  5.2190E+00  5.3805E-01  2.7355E-01  0.0000E+00  5.9360E+00  2.9581E+00  2.9779E+00  7.9963E-01
  1.1000E+01  2.0000E+00  0.0000E+00  1.9540E+00  0.0000E+00  4.8593E+00 -1.0367E+00 -1.1905E+00  0.0000E+00  1.9540E+00  2.9154E+00 -9.6137E-01 -6.9883E-01
  1.1000E+01  4.0000E+00  0.0000E+00  1.8670E+00  0.0000E+00  4.2121E+00 -1.1572E+00 -1.1086E+00  0.0000E+00  1.8670E+00  2.8308E+00 -9.6380E-01 -7.0487E-01
  1.1000E+01  8.0000E+00  0.0000E+00  1.7470E+00  0.0000E+00  3.1639E+00 -1.2735E+00 -8.9173E-01  0.0000E+00  1.7470E+00  2.6671E+00 -9.2013E-01 -6.9561E-01
  1.1000E+01  2.4000E+01  0.0000E+00  0.0000E+00  1.0000E+00  1.0064E+00  0.0000E+00 -1.9912E+00  1.0000E+00  0.0000E+00  2.0984E+00  0.0000E+00  0.0000E+00
  1.1000E+01  6.4850E+02  0.0000E+00  8.1710E+00  0.0000E+00  6.5918E+00  2.5148E-01  4.7702E-01  0.0000E+00  8.1710E+00  9.8681E+00 -1.6971E+00  3.4723E-03
  1.1000E+01  6.4900E+02  0.0000E+00  6.5220E+00  0.0000E+00  6.3606E+00 -2.2923E-01  5.0515E-02  0.0000E+00  6.5220E+00  9.7952E+00 -3.2732E+00 -2.4426E-01
  1.1000E+01  6.5000E+02  0.0000E+00  7.5040E+00  0.0000E+00  5.9221E+00  1.4860E-01  5.3189E-01  0.0000E+00  7.5040E+00  9.6507E+00 -2.1467E+00 -5.7845E-02
  1.1000E+01  6.5200E+02  0.0000E+00  5.9880E+00  0.0000E+00  5.1331E+00 -2.3961E-01  3.3163E-01  0.0000E+00  5.9880E+00  9.3670E+00 -3.3790E+00 -2.5129E-01
  1.1000E+01  6.5600E+02  0.0000E+00  5.5850E+00  0.0000E+00  3.8555E+00  1.8339E-02  8.9317E-01  0.0000E+00  5.5850E+00  8.8227E+00 -3.2377E+00 -2.1191E-01
  1.1000E+01  6.7200E+02  0.0000E+00  1.2500E+00  0.0000E+00  1.2264E+00 -1.3336E+00  3.8378E-02  0.0000E+00  1.2500E+00  6.9405E+00 -5.6905E+00 -6.9699E-01
  1.2000E+01  0.0000E+00  1.0000E+05  0.0000E+00  1.0000E+00  0.0000E+00  0.0000E+00  0.0000E+00  0.0000E+00  0.0000E+00  0.0000E+00  0.0000E+00  0.0000E+00
  1.2000E+01  5.0000E-01  0.0000E+00  2.3240E+00  0.0000E+00  1.6367E+00  1.0352E+00  8.3611E-01  0.0000E+00  2.3240E+00  2.9795E-01  2.0261E+00  3.3246E+00
  1.2000E+01  1.0000E+00  0.0000E+00  1.7960E+00  0.0000E+00  1.5863E+00  4.3386E-01  2.6316E-01  0.0000E+00  1.7960E+00  2.9581E-01  1.5002E+00  1.4099E+00
  1.2000E+01  2.0000E+00  0.0000E+00  1.8330E+00  0.0000E+00  1.4900E+00  5.7564E-01  4.5844E-01  0.0000E+00  1.8330E+00  2.9154E-01  1.5415E+00  1.6949E+00
  1.2000E+01  4.0000E+00  0.0000E+00  0.0000E+00  1.0000E+00  1.3138E+00  0.0000E+00 -1.9912E+00  1.0000E+00  0.0000E+00  2.8308E-01  0.0000E+00  0.0000E+00
  1.2000E+01  8.0000E+00  0.0000E+00  0.0000E+00  1.0000E+00  1.0206E+00  0.0000E+00 -1.9912E+00  1.0000E+00  0.0000E+00  2.6671E-01  0.0000E+00  0.0000E+00
  1.2000E+01  2.4000E+01  0.0000E+00  0.0000E+00  1.0000E+00  3.7062E-01  0.0000E+00 -1.9912E+00  1.0000E+00  0.0000E+00  2.0984E-01  0.0000E+00  0.0000E+00
  1.2000E+01  6.4850E+02  0.0000E+00  3.0780E+00  0.0000E+00  2.0963E+00  1.0100E+00  9.3245E-01  0.0000E+00  3.0780E+00  9.8681E-01  2.0912E+00  1.6142E+00
  1.2000E+01  6.4900E+02  0.0000E+00  2.1100E+00  0.0000E+00  2.0316E+00  1.2640E-01  7.6835E-02  0.0000E+00  2.1100E+00  9.7952E-01  1.1305E+00  1.2873E-01
  1.2000E+01  6.5000E+02  0.0000E+00  1.6460E+00  0.0000E+00  1.9079E+00 -2.7622E-01 -2.7333E-01  0.0000E+00  1.6460E+00  9.6507E-01  6.8093E-01 -5.2966E-01
  1.2000E+01  6.5200E+02  0.0000E+00  0.0000E+00  1.0000E+00  1.6820E+00  0.0000E+00 -1.9912E+00  1.0000E+00  0.0000E+00  9.3670E-01  0.0000E+00  0.0000E+00
  1.2000E+01  6.5600E+02  0.0000E+00  0.0000E+00  1.0000E+00  1.3064E+00  0.0000E+00 -1.9912E+00  1.0000E+00  0.0000E+00  8.8227E-01  0.0000E+00  0.0000E+00
  1.2000E+01  6.7200E+02  0.0000E+00  0.0000E+00  1.0000E+00  4.7437E-01  0.0000E+00 -1.9912E+00  1.0000E+00  0.0000E+00  6.9405E-01  0.0000E+00  0.0000E+00
  1.3000E+01  0.0000E+00  1.0000E+05  0.0000E+00  1.0000E+00  0.0000E+00  0.0000E+00  0.0000E+00  0.0000E+00  0.0000E+00  0.0000E+00  0.0000E+00  0.0000E+00
  1.3000E+01  5.0000E-01  0.0000E+00  3.4840E+00  0.0000E+00  2.3642E+00  1.2599E+00  9.4315E-01  0.0000E+00  3.4840E+00  2.9795E-01  3.1861E+00  5.8078E+00
  1.3000E+01  1.0000E+00  0.0000E+00  2.9830E+00  0.0000E+00  2.3090E+00  8.8158E-01  5.8120E-01  0.0000E+00  2.9830E+00  2.9581E-01  2.6872E+00  4.0380E+00
  1.3000E+01  2.0000E+00  0.0000E+00  1.1380E+00  0.0000E+00  2.2019E+00 -6.9341E-01 -9.6210E-01  0.0000E+00  1.1380E+00  2.9154E-01  8.4646E-01 -2.8941E+00
  1.3000E+01  4.0000E+00  0.0000E+00  0.0000E+00  1.0000E+00  2.0007E+00  0.0000E+00 -1.9912E+00  1.0000E+00  0.0000E+00  2.8308E-01  0.0000E+00  0.0000E+00
  1.3000E+01  8.0000E+00  0.0000E+00  0.0000E+00  1.0000E+00  1.6489E+00  0.0000E+00 -1.9912E+00  1.0000E+00  0.0000E+00  2.6671E-01  0.0000E+00  0.0000E+00
  1.3000E+01  2.4000E+01  0.0000E+00  0.0000E+00  1.0000E+00  7.5714E-01  0.0000E+00 -1.9912E+00  1.0000E+00  0.0000E+00  2.0984E-01  0.0000E+00  0.0000E+00
  1.3000E+01  6.4850E+02  0.0000E+00  5.2360E+00  0.0000E+00  3.4364E+00  1.3838E+00  1.0427E+00  0.0000E+00  5.2360E+00  9.8681E-01  4.2492E+00  3.3290E+00
  1.3000E+01  6.4900E+02  0.0000E+00  3.5540E+00  0.0000E+00  3.3555E+00  4.4037E-01  1.1779E-01  0.0000E+00  3.5540E+00  9.7952E-01  2.5745E+00  7.3222E-01
  1.3000E+01  6.5000E+02  0.0000E+00  3.1530E+00  0.0000E+00  3.1987E+00  2.5830E-01 -2.8434E-02  0.0000E+00  3.1530E+00  9.6507E-01  2.1879E+00  2.1446E-01
  1.3000E+01  6.5200E+02  0.0000E+00  0.0000E+00  1.0000E+00  2.9050E+00  0.0000E+00 -1.9912E+00  1.0000E+00  0.0000E+00  9.3670E-01  0.0000E+00  0.0000E+00
  1.3000E+01  6.5600E+02  0.0000E+00  3.2550E+00  0.0000E+00  2.3932E+00  8.2071E-01  7.1704E-01  0.0000E+00  3.2550E+00  8.8227E-01  2.3727E+00  1.1923E+00
  1.3000E+01  6.7200E+02  0.0000E+00  0.0000E+00  1.0000E+00  1.0987E+00  0.0000E+00 -1.9912E+00  1.0000E+00  0.0000E+00  6.9405E-01  0.0000E+00  0.0000E+00
  1.4000E+01  0.0000E+00  1.0000E+05  0.0000E+00  1.0000E+00  0.0000E+00  0.0000E+00  0.0000E+00  0.0000E+00  0.0000E+00  0.0000E+00  0.0000E+00  0.0000E+00
  1.4000E+01  5.0000E-01  0.0000E+00  3.6470E+00  0.0000E+00  3.1243E+00  1.4557E+00  3.3311E-01  0.0000E+00  3.6470E+00  2.9795E-01  3.3491E+00  5.7327E+00
  1.4000E+01  1.0000E+00  0.0000E+00  1.0560E+00  0.0000E+00  2.9984E+00 -2.2926E-01 -1.2899E+00  0.0000E+00  1.0560E+00  2.9581E-01  7.6019E-01 -3.9579E+00
  1.4000E+01  2.0000E+00  0.0000E+00  0.0000E+00  1.0000E+00  2.7610E+00  0.0000E+00 -1.9912E+00  1.0000E+00  0.0000E+00  2.9154E-01  0.0000E+00  0.0000E+00
  1.4000E+01  4.0000E+00  0.0000E+00  5.2170E+00  0.0000E+00  2.3396E+00  3.1748E+00  2.4490E+00  0.0000E+00  5.2170E+00  2.8308E-01  4.9339E+00  1.3204E+01
  1.4000E+01  8.0000E+00  0.0000E+00  1.5460E+00  0.0000E+00  1.6775E+00  2.0699E-01 -1.5613E-01  0.0000E+00  1.5460E+00  2.6671E-01  1.2793E+00 -1.0807E+00
  1.4000E+01  2.4000E+01  0.0000E+00  0.0000E+00  1.0000E+00  4.4149E-01  0.0000E+00 -1.9912E+00  1.0000E+00  0.0000E+00  2.0984E-01  0.0000E+00  0.0000E+00
  1.4000E+01  6.4850E+02  0.0000E+00  2.2030E+00  0.0000E+00  3.6138E+00  1.0991E-01 -7.7733E-01  0.0000E+00  2.2030E+00  9.8681E-01  1.2162E+00 -1.5473E-02
  1.4000E+01  6.4900E+02  0.0000E+00  1.5880E+00  0.0000E+00  3.4678E+00 -2.5298E-01 -1.0794E+00  0.0000E+00  1.5880E+00  9.7952E-01  6.0848E-01 -9.2913E-01
  1.4000E+01  6.5000E+02  0.0000E+00  0.0000E+00  1.0000E+00  3.1928E+00  0.0000E+00 -1.9912E+00  1.0000E+00  0.0000E+00  9.6507E-01  0.0000E+00  0.0000E+00
  1.4000E+01  6.5200E+02  0.0000E+00  1.0290E+00  0.0000E+00  2.7050E+00 -7.3544E-01 -1.2337E+00  0.0000E+00  1.0290E+00  9.3670E-01  9.2296E-02 -1.4925E+00
  1.4000E+01  6.5600E+02  0.0000E+00  2.5190E+00  0.0000E+00  1.9392E+00  7.4017E-01  5.9528E-01  0.0000E+00  2.5190E+00  8.8227E-01  1.6367E+00  1.6540E+00
  1.4000E+01  6.7200E+02  0.0000E+00  0.0000E+00  1.0000E+00  5.1031E-01  0.0000E+00 -1.9912E+00  1.0000E+00  0.0000E+00  6.9405E-01  0.0000E+00  0.0000E+00
  1.5000E+01  0.0000E+00  3.0000E+05  0.0000E+00  1.0000E+00  0.0000E+00  0.0000E+00  0.0000E+00  0.0000E+00  0.0000E+00  0.0000E+00  0.0000E+00  0.0000E+00
  1.5000E+01  5.0000E-01  0.0000E+00  2.4380E+00  0.0000E+00  1.4370E+00  1.3804E+00  1.3869E+00  0.0000E+00  2.4380E+00  8.9385E-01  1.5442E+00  1.3879E+00
  1.5000E+01  1.0000E+00  0.0000E+00  1.0740E+00  0.0000E+00  1.4178E+00 -4.9308E-01 -4.8281E-01  0.0000E+00  1.0740E+00  8.8743E-01  1.8657E-01 -3.0843E-01
  1.5000E+01  2.0000E+00  0.0000E+00  1.1540E+00  0.0000E+00  1.3799E+00 -3.4329E-01 -3.2591E-01  0.0000E+00  1.1540E+00  8.7461E-01  2.7939E-01 -1.8118E-01
  1.5000E+01  4.0000E+00  0.0000E+00  0.0000E+00  1.0000E+00  1.3066E+00  0.0000E+00 -1.9912E+00  1.0000E+00  0.0000E+00  8.4924E-01  0.0000E+00  0.0000E+00
  1.5000E+01  8.0000E+00  0.0000E+00  1.1250E+00  0.0000E+00  1.1709E+00 -1.3055E-01 -7.8098E-02  0.0000E+00  1.1250E+00  8.0014E-01  3.2486E-01 -4.7108E-02
  1.5000E+01  2.4000E+01  0.0000E+00  0.0000E+00  1.0000E+00  7.5401E-01  0.0000E+00 -1.9912E+00  1.0000E+00  0.0000E+00  6.2951E-01  0.0000E+00  0.0000E+00
  1.5000E+01  6.4850E+02  0.0000E+00  5.8430E+00  0.0000E+00  2.9756E+00  1.8159E+00  1.9188E+00  0.0000E+00  5.8430E+00  2.9604E+00  2.8826E+00  1.4257E+00
  1.5000E+01  6.4900E+02  0.0000E+00  2.9660E+00  0.0000E+00  2.9353E+00 -8.6501E-02  2.0828E-02  0.0000E+00  2.9660E+00  2.9386E+00  2.7447E-02 -7.6320E-02
  1.5000E+01  6.5000E+02  0.0000E+00  2.7040E+00  0.0000E+00  2.8562E+00 -2.2192E-01 -1.0609E-01  0.0000E+00  2.7040E+00  2.8952E+00 -1.9120E-01 -1.8601E-01
  1.5000E+01  6.5200E+02  0.0000E+00  1.5230E+00  0.0000E+00  2.7039E+00 -1.0011E+00 -8.6963E-01  0.0000E+00  1.5230E+00  2.8101E+00 -1.2871E+00 -7.8546E-01
  1.5000E+01  6.5600E+02  0.0000E+00  1.6780E+00  0.0000E+00  2.4226E+00 -7.6949E-01 -6.1198E-01  0.0000E+00  1.6780E+00  2.6468E+00 -9.6882E-01 -6.0657E-01
  1.5000E+01  6.7200E+02  0.0000E+00  0.0000E+00  1.0000E+00  1.5599E+00  0.0000E+00 -1.9912E+00  1.0000E+00  0.0000E+00  2.0822E+00  0.0000E+00  0.0000E+00
  1.6000E+01  0.0000E+00  3.0000E+05  0.0000E+00  1.0000E+00  0.0000E+00  0.0000E+00  0.0000E+00  0.0000E+00  0.0000E+00  0.0000E+00  0.0000E+00  0.0000E+00
  1.6000E+01  5.0000E-01  0.0000E+00  1.7430E+00  0.0000E+00  1.4798E+00  4.1077E-01  3.5413E-01  0.0000E+00  1.7430E+00  8.9385E-01  8.4915E-01  5.8093E-01
  1.6000E+01  1.0000E+00  0.0000E+00  0.0000E+00  1.0000E+00  1.4613E+00  0.0000E+00 -1.9912E+00  1.0000E+00  0.0000E+00  8.8743E-01  0.0000E+00  0.0000E+00
  1.6000E+01  2.0000E+00  0.0000E+00  0.0000E+00  1.0000E+00  1.4248E+00  0.0000E+00 -1.9912E+00  1.0000E+00  0.0000E+00  8.7461E-01  0.0000E+00  0.0000E+00
  1.6000E+01  4.0000E+00  0.0000E+00  0.0000E+00  1.0000E+00  1.3540E+00  0.0000E+00 -1.9912E+00  1.0000E+00  0.0000E+00  8.4924E-01  0.0000E+00  0.0000E+00
  1.6000E+01  8.0000E+00  0.0000E+00  0.0000E+00  1.0000E+00  1.2220E+00  0.0000E+00 -1.9912E+00  1.0000E+00  0.0000E+00  8.0014E-01  0.0000E+00  0.0000E+00
  1.6000E+01  2.4000E+01  0.0000E+00  0.0000E+00  1.0000E+00  8.0946E-01  0.0000E+00 -1.9912E+00  1.0000E+00  0.0000E+00  6.2951E-01  0.0000E+00  0.0000E+00
  1.6000E+01  6.4850E+02  0.0000E+00  6.0450E+00  0.0000E+00  3.2131E+00  1.8412E+00  1.7550E+00  0.0000E+00  6.0450E+00  2.9604E+00  3.0846E+00  1.5722E+00
  1.6000E+01  6.4900E+02  0.0000E+00  2.6470E+00  0.0000E+00  3.1724E+00 -2.4676E-01 -3.2976E-01  0.0000E+00  2.6470E+00  2.9386E+00 -2.9155E-01 -2.0677E-01
  1.6000E+01  6.5000E+02  0.0000E+00  1.2130E+00  0.0000E+00  3.0924E+00 -1.1332E+00 -1.2101E+00  0.0000E+00  1.2130E+00  2.8952E+00 -1.6822E+00 -9.5496E-01
  1.6000E+01  6.5200E+02  0.0000E+00  0.0000E+00  1.0000E+00  2.9379E+00  0.0000E+00 -1.9912E+00  1.0000E+00  0.0000E+00  2.8101E+00  0.0000E+00  0.0000E+00
  1.6000E+01  6.5600E+02  0.0000E+00  1.5490E+00  0.0000E+00  2.6508E+00 -7.7710E-01 -8.2765E-01  0.0000E+00  1.5490E+00  2.6468E+00 -1.0978E+00 -6.5344E-01
  1.6000E+01  6.7200E+02  0.0000E+00  0.0000E+00  1.0000E+00  1.7557E+00  0.0000E+00 -1.9912E+00  1.0000E+00  0.0000E+00  2.0822E+00  0.0000E+00  0.0000E+00
  1.7000E+01  0.0000E+00  3.0000E+05  0.0000E+00  1.0000E+00  0.0000E+00  0.0000E+00  0.0000E+00  0.0000E+00  0.0000E+00  0.0000E+00  0.0000E+00  0.0000E+00
  1.7000E+01  5.0000E-01  0.0000E+00  3.9570E+00  0.0000E+00  3.4903E+00  5.9157E-01  2.6624E-01  0.0000E+00  3.9570E+00  8.9385E-01  3.0632E+00  1.7998E+00
  1.7000E+01  1.0000E+00  0.0000E+00  1.5950E+00  0.0000E+00  3.4021E+00 -7.6063E-01 -1.0577E+00  0.0000E+00  1.5950E+00  8.8743E-01  7.0757E-01 -1.1405E+00
  1.7000E+01  2.0000E+00  0.0000E+00  0.0000E+00  1.0000E+00  3.2320E+00  0.0000E+00 -1.9912E+00  1.0000E+00  0.0000E+00  8.7461E-01  0.0000E+00  0.0000E+00
  1.7000E+01  4.0000E+00  0.0000E+00  3.1760E+00  0.0000E+00  2.9157E+00  3.1744E-01  1.7779E-01  0.0000E+00  3.1760E+00  8.4924E-01  2.3268E+00  1.1100E+00
  1.7000E+01  8.0000E+00  0.0000E+00  2.7820E+00  0.0000E+00  2.3710E+00  3.0612E-01  3.4521E-01  0.0000E+00  2.7820E+00  8.0014E-01  1.9819E+00  8.9867E-01
  1.7000E+01  2.4000E+01  0.0000E+00  1.0020E+00  0.0000E+00  1.0344E+00 -5.2930E-01 -6.2407E-02  0.0000E+00  1.0020E+00  6.2951E-01  3.7249E-01 -1.1490E+00
  1.7000E+01  6.4850E+02  0.0000E+00  9.6510E+00  0.0000E+00  4.9061E+00  1.9284E+00  1.9258E+00  0.0000E+00  9.6510E+00  2.9604E+00  6.6906E+00  2.4973E+00
  1.7000E+01  6.4900E+02  0.0000E+00  4.6940E+00  0.0000E+00  4.7817E+00 -6.2194E-02 -3.6503E-02  0.0000E+00  4.6940E+00  2.9386E+00  1.7554E+00 -9.0092E-02
  1.7000E+01  6.5000E+02  0.0000E+00  4.3830E+00  0.0000E+00  4.5418E+00 -1.5012E-01 -6.9616E-02  0.0000E+00  4.3830E+00  2.8952E+00  1.4878E+00 -2.0171E-01
  1.7000E+01  6.5200E+02  0.0000E+00  4.7630E+00  0.0000E+00  4.0964E+00  1.4111E-01  3.2400E-01  0.0000E+00  4.7630E+00  2.8101E+00  1.9529E+00  1.2260E-01
  1.7000E+01  6.5600E+02  0.0000E+00  4.9980E+00  0.0000E+00  3.3305E+00  6.3696E-01  9.9691E-01  0.0000E+00  4.9980E+00  2.6468E+00  2.3512E+00  5.1451E-01
  1.7000E+01  6.7200E+02  0.0000E+00  1.2330E+00  0.0000E+00  1.4530E+00 -1.0612E+00 -3.0143E-01  0.0000E+00  1.2330E+00  2.0822E+00 -8.4916E-01 -1.1215E+00
  1.8000E+01  0.0000E+00  1.0000E+06  0.0000E+00  1.0000E+00  0.0000E+00  0.0000E+00  0.0000E+00  0.0000E+00  0.0000E+00  0.0000E+00  0.0000E+00  0.0000E+00
  1.8000E+01  5.0000E-01  0.0000E+00  4.8630E+01  0.0000E+00  2.8674E+01  2.1103E+00  1.3858E+00  0.0000E+00  4.8630E+01  2.9795E+00  4.5651E+01  1.1892E+01
  1.8000E+01  1.0000E+00  0.0000E+00  5.2690E+01  0.0000E+00  2.7018E+01  2.5693E+00  1.8920E+00  0.0000E+00  5.2690E+01  2.9581E+00  4.9732E+01  1.3638E+01
  1.8000E+01  2.0000E+00  0.0000E+00  7.6740E+00  0.0000E+00  2.3984E+01 -7.5176E-01 -1.3541E+00  0.0000E+00  7.6740E+00  2.9154E+00  4.7586E+00 -3.3843E+00
  1.8000E+01  4.0000E+00  0.0000E+00  2.3200E+00  0.0000E+00  1.8893E+01 -1.2267E+00 -1.7467E+00  0.0000E+00  2.3200E+00  2.8308E+00 -5.1080E-01 -5.4019E+00
  1.8000E+01  8.0000E+00  0.0000E+00  2.7000E+00  0.0000E+00  1.1713E+01 -9.9559E-01 -1.5322E+00  0.0000E+00  2.7000E+00  2.6671E+00  3.2872E-02 -5.0866E+00
  1.8000E+01  2.4000E+01  0.0000E+00  1.4890E+00  0.0000E+00  1.7246E+00  2.3959E-01 -2.7201E-01  0.0000E+00  1.4890E+00  2.0984E+00 -6.0938E-01 -4.8110E+00
  1.8000E+01  6.4850E+02  0.0000E+00  3.8020E+01  0.0000E+00  3.0396E+01  1.1829E+00  4.9947E-01  0.0000E+00  3.8020E+01  9.8681E+00  2.8152E+01  3.1789E+00
  1.8000E+01  6.4900E+02  0.0000E+00  2.4830E+01  0.0000E+00  2.8639E+01  3.7520E-01 -2.6485E-01  0.0000E+00  2.4830E+01  9.7952E+00  1.5035E+01  1.1599E+00
  1.8000E+01  6.5000E+02  0.0000E+00  4.4600E+00  0.0000E+00  2.5423E+01 -1.0692E+00 -1.6419E+00  0.0000E+00  4.4600E+00  9.6507E+00 -5.1907E+00 -2.0081E+00
  1.8000E+01  6.5200E+02  0.0000E+00  2.7170E+00  0.0000E+00  2.0025E+01 -1.2164E+00 -1.7210E+00  0.0000E+00  2.7170E+00  9.3670E+00 -6.6500E+00 -2.1265E+00
  1.8000E+01  6.5600E+02  0.0000E+00  7.5980E+00  0.0000E+00  1.2414E+01 -2.2642E-01 -7.7251E-01  0.0000E+00  7.5980E+00  8.8227E+00 -1.2247E+00 -8.9838E-01
  1.8000E+01  6.7200E+02  0.0000E+00  2.9750E+00  0.0000E+00  1.8277E+00  1.7891E+00  1.2498E+00  0.0000E+00  2.9750E+00  6.9405E+00 -3.9655E+00 -8.2619E-02
  1.9000E+01  0.0000E+00  1.0000E+06  0.0000E+00  1.0000E+00  0.0000E+00  0.0000E+00  0.0000E+00  0.0000E+00  0.0000E+00  0.0000E+00  0.0000E+00  0.0000E+00
  1.9000E+01  5.0000E-01  0.0000E+00  4.0840E+00  0.0000E+00  3.6852E+00  5.8086E-01  2.1546E-01  0.0000E+00  4.0840E+00  2.9795E+00  1.1045E+00  3.3368E-01
  1.9000E+01  1.0000E+00  0.0000E+00  5.3380E+00  0.0000E+00  3.5445E+00  1.3026E+00  1.0075E+00  0.0000E+00  5.3380E+00  2.9581E+00  2.3799E+00  8.2640E-01
  1.9000E+01  2.0000E+00  0.0000E+00  6.2710E+00  0.0000E+00  3.2789E+00  1.9786E+00  1.8170E+00  0.0000E+00  6.2710E+00  2.9154E+00  3.3556E+00  1.2331E+00
  1.9000E+01  4.0000E+00  0.0000E+00  1.4680E+00  0.0000E+00  2.8056E+00 -1.0266E+00 -9.4933E-01  0.0000E+00  1.4680E+00  2.8308E+00 -1.3628E+00 -6.0664E-01
  1.9000E+01  8.0000E+00  0.0000E+00  2.3750E+00  0.0000E+00  2.0539E+00 -1.3844E-01  3.1134E-01  0.0000E+00  2.3750E+00  2.6671E+00 -2.9213E-01 -1.4783E-01
  1.9000E+01  2.4000E+01  0.0000E+00  0.0000E+00  1.0000E+00  5.8950E-01  0.0000E+00 -1.9912E+00  1.0000E+00  0.0000E+00  2.0984E+00  0.0000E+00  0.0000E+00
  1.9000E+01  6.4850E+02  0.0000E+00  3.2050E+00  0.0000E+00  4.3552E+00 -7.4651E-01 -5.2586E-01  0.0000E+00  3.2050E+00  9.8681E+00 -6.6631E+00 -4.5639E-01
  1.9000E+01  6.4900E+02  0.0000E+00  2.6530E+00  0.0000E+00  4.1888E+00 -1.0153E+00 -7.3006E-01  0.0000E+00  2.6530E+00  9.7952E+00 -7.1422E+00 -5.3484E-01
  1.9000E+01  6.5000E+02  0.0000E+00  2.5370E+00  0.0000E+00  3.8749E+00 -1.0949E+00 -6.8749E-01  0.0000E+00  2.5370E+00  9.6507E+00 -7.1137E+00 -5.3551E-01
  1.9000E+01  6.5200E+02  0.0000E+00  1.3890E+00  0.0000E+00  3.3155E+00 -1.7806E+00 -1.1570E+00  0.0000E+00  1.3890E+00  9.3670E+00 -7.9780E+00 -6.9127E-01
  1.9000E+01  6.5600E+02  0.0000E+00  0.0000E+00  1.0000E+00  2.4270E+00  0.0000E+00 -1.9912E+00  1.0000E+00  0.0000E+00  8.8227E+00  0.0000E+00  0.0000E+00
  1.9000E+01  6.7200E+02  0.0000E+00  0.0000E+00  1.0000E+00  6.9661E-01  0.0000E+00 -1.9912E+00  1.0000E+00  0.0000E+00  6.9405E+00  0.0000E+00  0.0000E+00
  2.0000E+01  0.0000E+00  1.0000E+06  0.0000E+00  1.0000E+00  0.0000E+00  0.0000E+00  0.0000E+00  0.0000E+00  0.0000E+00  0.0000E+00  0.0000E+00  0.0000E+00
  2.0000E+01  5.0000E-01  0.0000E+00  9.0400E+00  0.0000E+00  5.2441E+00  1.7596E+00  1.4413E+00  0.0000E+00  9.0400E+00  2.9795E+00  6.0605E+00  1.8155E+00
  2.0000E+01  1.0000E+00  0.0000E+00  8.5490E+00  0.0000E+00  5.0932E+00  1.6365E+00  1.3510E+00  0.0000E+00  8.5490E+00  2.9581E+00  5.5909E+00  1.6655E+00
  2.0000E+01  2.0000E+00  0.0000E+00  4.3910E+00  0.0000E+00  4.8041E+00  5.1688E-02 -1.7122E-01  0.0000E+00  4.3910E+00  2.9154E+00  1.4756E+00  1.2178E-01
  2.0000E+01  4.0000E+00  0.0000E+00  2.0170E+00  0.0000E+00  4.2735E+00 -9.4256E-01 -1.0514E+00  0.0000E+00  2.0170E+00  2.8308E+00 -8.1380E-01 -7.6730E-01
  2.0000E+01  8.0000E+00  0.0000E+00  1.0560E+00  0.0000E+00  3.3806E+00 -1.4483E+00 -1.3692E+00  0.0000E+00  1.0560E+00  2.6671E+00 -1.6111E+00 -1.1204E+00
  2.0000E+01  2.4000E+01  0.0000E+00  0.0000E+00  1.0000E+00  1.3226E+00  0.0000E+00 -1.9912E+00  1.0000E+00  0.0000E+00  2.0984E+00  0.0000E+00  0.0000E+00
  2.0000E+01  6.4850E+02  0.0000E+00  5.6730E+00  0.0000E+00  6.9444E+00 -4.8804E-01 -3.6456E-01  0.0000E+00  5.6730E+00  9.8681E+00 -4.1951E+00 -3.2818E-01
  2.0000E+01  6.4900E+02  0.0000E+00  6.2360E+00  0.0000E+00  6.7444E+00 -3.0385E-01 -1.5010E-01  0.0000E+00  6.2360E+00  9.7952E+00 -3.5592E+00 -2.2459E-01
  2.0000E+01  6.5000E+02  0.0000E+00  4.6220E+00  0.0000E+00  6.3612E+00 -7.5575E-01 -5.4441E-01  0.0000E+00  4.6220E+00  9.6507E+00 -5.0287E+00 -4.5719E-01
  2.0000E+01  6.5200E+02  0.0000E+00  2.9330E+00  0.0000E+00  5.6583E+00 -1.2742E+00 -9.5904E-01  0.0000E+00  2.9330E+00  9.3670E+00 -6.4340E+00 -6.8891E-01
  2.0000E+01  6.5600E+02  0.0000E+00  7.2420E+00  0.0000E+00  4.4757E+00  7.4936E-01  1.2307E+00  0.0000E+00  7.2420E+00  8.8227E+00 -1.5807E+00  1.7406E-01
  2.0000E+01  6.7200E+02  0.0000E+00  2.1290E+00  0.0000E+00  1.7510E+00 -3.4819E-01  4.2988E-01  0.0000E+00  2.1290E+00  6.9405E+00 -4.8115E+00 -3.5268E-01
  2.1000E+01  0.0000E+00  1.0000E+06  0.0000E+00  1.0000E+00  0.0000E+00  0.0000E+00  0.0000E+00  0.0000E+00  0.0000E+00  0.0000E+00  0.0000E+00  0.0000E+00
  2.1000E+01  5.0000E-01  0.0000E+00  2.4170E+00  0.0000E+00  2.9759E+00 -5.1164E-01 -3.7397E-01  0.0000E+00  2.4170E+00  2.9795E+00 -5.6249E-01 -2.2407E-01
  2.1000E+01  1.0000E+00  0.0000E+00  3.6900E+00  0.0000E+00  2.9335E+00  3.7137E-01  5.1349E-01  0.0000E+00  3.6900E+00  2.9581E+00  7.3191E-01  2.6755E-01
  2.1000E+01  2.0000E+00  0.0000E+00  3.8790E+00  0.0000E+00  2.8503E+00  5.6806E-01  7.1864E-01  0.0000E+00  3.8790E+00  2.9154E+00  9.6363E-01  3.6849E-01
  2.1000E+01  4.0000E+00  0.0000E+00  0.0000E+00  1.0000E+00  2.6904E+00  0.0000E+00 -1.9912E+00  1.0000E+00  0.0000E+00  2.8308E+00  0.0000E+00  0.0000E+00
  2.1000E+01  8.0000E+00  0.0000E+00  2.3560E+00  0.0000E+00  2.3962E+00 -2.2338E-01 -3.3422E-02  0.0000E+00  2.3560E+00  2.6671E+00 -3.1113E-01 -1.1213E-01
  2.1000E+01  2.4000E+01  0.0000E+00  2.8220E+00  0.0000E+00  1.5065E+00  1.5230E+00  1.7388E+00  0.0000E+00  2.8220E+00  2.0984E+00  7.2362E-01  5.9968E-01
  2.1000E+01  6.4850E+02  0.0000E+00  6.7530E+00  0.0000E+00  5.9360E+00 -5.0614E-02  2.7404E-01  0.0000E+00  6.7530E+00  9.8681E+00 -3.1151E+00 -9.6347E-02
  2.1000E+01  6.4900E+02  0.0000E+00  5.7560E+00  0.0000E+00  5.8510E+00 -3.6118E-01 -3.2331E-02  0.0000E+00  5.7560E+00  9.7952E+00 -4.0392E+00 -2.4385E-01
  2.1000E+01  6.5000E+02  0.0000E+00  6.6380E+00  0.0000E+00  5.6844E+00 -2.7113E-03  3.3405E-01  0.0000E+00  6.6380E+00  9.6507E+00 -3.0127E+00 -7.9706E-02
  2.1000E+01  6.5200E+02  0.0000E+00  3.4840E+00  0.0000E+00  5.3647E+00 -1.0488E+00 -6.9805E-01  0.0000E+00  3.4840E+00  9.3670E+00 -5.8830E+00 -5.6117E-01
  2.1000E+01  6.5600E+02  0.0000E+00  6.0890E+00  0.0000E+00  4.7775E+00  1.7512E-01  5.4662E-01  0.0000E+00  6.0890E+00  8.8227E+00 -2.7337E+00 -2.8770E-02
  2.1000E+01  6.7200E+02  0.0000E+00  1.4990E+00  0.0000E+00  3.0034E+00 -1.3681E+00 -9.9738E-01  0.0000E+00  1.4990E+00  6.9405E+00 -5.4415E+00 -6.2913E-01
  2.2000E+01  0.0000E+00  1.0000E+06  0.0000E+00  1.0000E+00  0.0000E+00  0.0000E+00  0.0000E+00  0.0000E+00  0.0000E+00  0.0000E+00  0.0000E+00  0.0000E+00
  2.2000E+01  5.0000E-01  0.0000E+00  6.3560E+00  0.0000E+00  3.5261E+00  1.7452E+00  1.5981E+00  0.0000E+00  6.3560E+00  2.9795E+00  3.3765E+00  1.2109E+00
  2.2000E+01  1.0000E+00  0.0000E+00  4.9260E+00  0.0000E+00  3.4242E+00  9.8693E-01  8.7333E-01  0.0000E+00  4.9260E+00  2.9581E+00  1.9679E+00  6.9362E-01
  2.2000E+01  2.0000E+00  0.0000E+00  3.5240E+00  0.0000E+00  3.2290E+00  2.3161E-01  1.8191E-01  0.0000E+00  3.5240E+00  2.9154E+00  6.0863E-01  1.9018E-01
  2.2000E+01  4.0000E+00  0.0000E+00  1.9160E+00  0.0000E+00  2.8711E+00 -7.2820E-01 -6.6239E-01  0.0000E+00  1.9160E+00  2.8308E+00 -9.1480E-01 -4.0159E-01
  2.2000E+01  8.0000E+00  0.0000E+00  2.4160E+00  0.0000E+00  2.2694E+00 -1.2363E-01  1.2858E-01  0.0000E+00  2.4160E+00  2.6671E+00 -2.5113E-01 -1.0745E-01
  2.2000E+01  2.4000E+01  0.0000E+00  1.1720E+00  0.0000E+00  8.8539E-01  4.2750E-02  6.4458E-01  0.0000E+00  1.1720E+00  2.0984E+00 -9.2638E-01 -4.0065E-01
  2.2000E+01  6.4850E+02  0.0000E+00  4.6300E+00  0.0000E+00  4.6627E+00 -3.5223E-01 -1.3980E-02  0.0000E+00  4.6300E+00  9.8681E+00 -5.2381E+00 -2.4587E-01
  2.2000E+01  6.4900E+02  0.0000E+00  2.9760E+00  0.0000E+00  4.5279E+00 -1.0508E+00 -6.8246E-01  0.0000E+00  2.9760E+00  9.7952E+00 -6.8192E+00 -4.9869E-01
  2.2000E+01  6.5000E+02  0.0000E+00  3.3170E+00  0.0000E+00  4.2697E+00 -8.6955E-01 -4.4428E-01  0.0000E+00  3.3170E+00  9.6507E+00 -6.3337E+00 -4.2508E-01
  2.2000E+01  6.5200E+02  0.0000E+00  1.5630E+00  0.0000E+00  3.7962E+00 -1.6981E+00 -1.1714E+00  0.0000E+00  1.5630E+00  9.3670E+00 -7.8040E+00 -6.7994E-01
  2.2000E+01  6.5600E+02  0.0000E+00  4.1250E+00  0.0000E+00  3.0006E+00  6.2261E-02  7.4616E-01  0.0000E+00  4.1250E+00  8.8227E+00 -4.6977E+00 -1.5680E-01
  2.2000E+01  6.7200E+02  0.0000E+00  1.3690E+00  0.0000E+00  1.1706E+00 -5.6900E-01  3.3747E-01  0.0000E+00  1.3690E+00  6.9405E+00 -5.5715E+00 -3.5815E-01
