TABLE NO.  2
 ID          CL          V2          V3          Q           KA          F1          DOSE
  1.0000E+00  9.6269E+00  1.5212E+01  1.3588E+00  2.7237E-01  2.9496E-01  1.2514E-02  1.2500E+01
  1.0000E+00  9.6269E+00  1.5212E+01  1.3588E+00  2.7237E-01  2.9496E-01  1.2514E-02  1.2500E+01
  1.0000E+00  9.6269E+00  1.5212E+01  1.3588E+00  2.7237E-01  2.9496E-01  1.2514E-02  1.2500E+01
  1.0000E+00  9.6269E+00  1.5212E+01  1.3588E+00  2.7237E-01  2.9496E-01  1.2514E-02  1.2500E+01
  1.0000E+00  9.6269E+00  1.5212E+01  1.3588E+00  2.7237E-01  2.9496E-01  1.2514E-02  1.2500E+01
  1.0000E+00  9.6269E+00  1.5212E+01  1.3588E+00  2.7237E-01  2.9496E-01  1.2514E-02  1.2500E+01
  1.0000E+00  9.6269E+00  1.5212E+01  1.3588E+00  2.7237E-01  2.9496E-01  1.2514E-02  1.2500E+01
  1.0000E+00  9.6269E+00  1.5212E+01  1.3588E+00  2.7237E-01  2.9496E-01  1.2514E-02  1.2500E+01
  1.0000E+00  9.6269E+00  1.5212E+01  1.3588E+00  2.7237E-01  2.9496E-01  1.2514E-02  1.2500E+01
  1.0000E+00  9.6269E+00  1.5212E+01  1.3588E+00  2.7237E-01  2.9496E-01  1.2514E-02  1.2500E+01
  1.0000E+00  9.6269E+00  1.5212E+01  1.3588E+00  2.7237E-01  2.9496E-01  1.2514E-02  1.2500E+01
  1.0000E+00  9.6269E+00  1.5212E+01  1.3588E+00  2.7237E-01  2.9496E-01  1.2514E-02  1.2500E+01
  1.0000E+00  9.6269E+00  1.5212E+01  1.3588E+00  2.7237E-01  2.9496E-01  1.2514E-02  1.2500E+01
  2.0000E+00  5.7977E+00  2.3964E+01  1.3588E+00  2.7237E-01  2.9496E-01  1.2514E-02  1.2500E+01
  2.0000E+00  5.7977E+00  2.3964E+01  1.3588E+00  2.7237E-01  2.9496E-01  1.2514E-02  1.2500E+01
  2.0000E+00  5.7977E+00  2.3964E+01  1.3588E+00  2.7237E-01  2.9496E-01  1.2514E-02  1.2500E+01
  2.0000E+00  5.7977E+00  2.3964E+01  1.3588E+00  2.7237E-01  2.9496E-01  1.2514E-02  1.2500E+01
  2.0000E+00  5.7977E+00  2.3964E+01  1.3588E+00  2.7237E-01  2.9496E-01  1.2514E-02  1.2500E+01
  2.0000E+00  5.7977E+00  2.3964E+01  1.3588E+00  2.7237E-01  2.9496E-01  1.2514E-02  1.2500E+01
  2.0000E+00  5.7977E+00  2.3964E+01  1.3588E+00  2.7237E-01  2.9496E-01  1.2514E-02  1.2500E+01
  2.0000E+00  5.7977E+00  2.3964E+01  1.3588E+00  2.7237E-01  2.9496E-01  1.2514E-02  1.2500E+01
  2.0000E+00  5.7977E+00  2.3964E+01  1.3588E+00  2.7237E-01  2.9496E-01  1.2514E-02  1.2500E+01
  2.0000E+00  5.7977E+00  2.3964E+01  1.3588E+00  2.7237E-01  2.9496E-01  1.2514E-02  1.2500E+01
  2.0000E+00  5.7977E+00  2.3964E+01  1.3588E+00  2.7237E-01  2.9496E-01  1.2514E-02  1.2500E+01
  2.0000E+00  5.7977E+00  2.3964E+01  1.3588E+00  2.7237E-01  2.9496E-01  1.2514E-02  1.2500E+01
  2.0000E+00  5.7977E+00  2.3964E+01  1.3588E+00  2.7237E-01  2.9496E-01  1.2514E-02  1.2500E+01
  3.0000E+00  4.5437E+00  2.8917E+00  1.3588E+00  2.7237E-01  2.9496E-01  1.0000E+00  2.5000E+00
  3.0000E+00  4.5437E+00  2.8917E+00  1.3588E+00  2.7237E-01  2.9496E-01  1.0000E+00  2.5000E+00
  3.0000E+00  4.5437E+00  2.8917E+00  1.3588E+00  2.7237E-01  2.9496E-01  1.0000E+00  2.5000E+00
  3.0000E+00  4.5437E+00  2.8917E+00  1.3588E+00  2.7237E-01  2.9496E-01  1.0000E+00  2.5000E+00
  3.0000E+00  4.5437E+00  2.8917E+00  1.3588E+00  2.7237E-01  2.9496E-01  1.0000E+00  2.5000E+00
  3.0000E+00  4.5437E+00  2.8917E+00  1.3588E+00  2.7237E-01  2.9496E-01  1.0000E+00  2.5000E+00
  3.0000E+00  4.5437E+00  2.8917E+00  1.3588E+00  2.7237E-01  2.9496E-01  1.0000E+00  2.5000E+00
  3.0000E+00  4.5437E+00  2.8917E+00  1.3588E+00  2.7237E-01  2.9496E-01  1.0000E+00  2.5000E+00
  3.0000E+00  4.5437E+00  2.8917E+00  1.3588E+00  2.7237E-01  2.9496E-01  1.0000E+00  2.5000E+00
  3.0000E+00  4.5437E+00  2.8917E+00  1.3588E+00  2.7237E-01  2.9496E-01  1.0000E+00  2.5000E+00
  3.0000E+00  4.5437E+00  2.8917E+00  1.3588E+00  2.7237E-01  2.9496E-01  1.0000E+00  2.5000E+00
  3.0000E+00  4.5437E+00  2.8917E+00  1.3588E+00  2.7237E-01  2.9496E-01  1.0000E+00  2.5000E+00
  4.0000E+00  5.7131E+00  3.1999E+00  1.3588E+00  2.7237E-01  2.9496E-01  1.0000E+00  2.5000E+00
  4.0000E+00  5.7131E+00  3.1999E+00  1.3588E+00  2.7237E-01  2.9496E-01  1.0000E+00  2.5000E+00
  4.0000E+00  5.7131E+00  3.1999E+00  1.3588E+00  2.7237E-01  2.9496E-01  1.0000E+00  2.5000E+00
  4.0000E+00  5.7131E+00  3.1999E+00  1.3588E+00  2.7237E-01  2.9496E-01  1.0000E+00  2.5000E+00
  4.0000E+00  5.7131E+00  3.1999E+00  1.3588E+00  2.7237E-01  2.9496E-01  1.0000E+00  2.5000E+00
  4.0000E+00  5.7131E+00  3.1999E+00  1.3588E+00  2.7237E-01  2.9496E-01  1.0000E+00  2.5000E+00
  4.0000E+00  5.7131E+00  3.1999E+00  1.3588E+00  2.7237E-01  2.9496E-01  1.0000E+00  2.5000E+00
  4.0000E+00  5.7131E+00  3.1999E+00  1.3588E+00  2.7237E-01  2.9496E-01  1.0000E+00  2.5000E+00
  4.0000E+00  5.7131E+00  3.1999E+00  1.3588E+00  2.7237E-01  2.9496E-01  1.0000E+00  2.5000E+00
  4.0000E+00  5.7131E+00  3.1999E+00  1.3588E+00  2.7237E-01  2.9496E-01  1.0000E+00  2.5000E+00
  4.0000E+00  5.7131E+00  3.1999E+00  1.3588E+00  2.7237E-01  2.9496E-01  1.0000E+00  2.5000E+00
  4.0000E+00  5.7131E+00  3.1999E+00  1.3588E+00  2.7237E-01  2.9496E-01  1.0000E+00  2.5000E+00
  5.0000E+00  4.9390E+00  2.7070E+00  1.3588E+00  2.7237E-01  2.9496E-01  1.0000E+00  2.5000E+00
  5.0000E+00  4.9390E+00  2.7070E+00  1.3588E+00  2.7237E-01  2.9496E-01  1.0000E+00  2.5000E+00
  5.0000E+00  4.9390E+00  2.7070E+00  1.3588E+00  2.7237E-01  2.9496E-01  1.0000E+00  2.5000E+00
  5.0000E+00  4.9390E+00  2.7070E+00  1.3588E+00  2.7237E-01  2.9496E-01  1.0000E+00  2.5000E+00
  5.0000E+00  4.9390E+00  2.7070E+00  1.3588E+00  2.7237E-01  2.9496E-01  1.0000E+00  2.5000E+00
  5.0000E+00  4.9390E+00  2.7070E+00  1.3588E+00  2.7237E-01  2.9496E-01  1.0000E+00  2.5000E+00
  5.0000E+00  4.9390E+00  2.7070E+00  1.3588E+00  2.7237E-01  2.9496E-01  1.0000E+00  2.5000E+00
  5.0000E+00  4.9390E+00  2.7070E+00  1.3588E+00  2.7237E-01  2.9496E-01  1.0000E+00  2.5000E+00
  5.0000E+00  4.9390E+00  2.7070E+00  1.3588E+00  2.7237E-01  2.9496E-01  1.0000E+00  2.5000E+00
  5.0000E+00  4.9390E+00  2.7070E+00  1.3588E+00  2.7237E-01  2.9496E-01  1.0000E+00  2.5000E+00
  5.0000E+00  4.9390E+00  2.7070E+00  1.3588E+00  2.7237E-01  2.9496E-01  1.0000E+00  2.5000E+00
  5.0000E+00  4.9390E+00  2.7070E+00  1.3588E+00  2.7237E-01  2.9496E-01  1.0000E+00  2.5000E+00
  6.0000E+00  5.8243E+00  9.9258E+00  1.3588E+00  2.7237E-01  2.9496E-01  1.2514E-02  1.0000E+01
  6.0000E+00  5.8243E+00  9.9258E+00  1.3588E+00  2.7237E-01  2.9496E-01  1.2514E-02  1.0000E+01
  6.0000E+00  5.8243E+00  9.9258E+00  1.3588E+00  2.7237E-01  2.9496E-01  1.2514E-02  1.0000E+01
  6.0000E+00  5.8243E+00  9.9258E+00  1.3588E+00  2.7237E-01  2.9496E-01  1.2514E-02  1.0000E+01
  6.0000E+00  5.8243E+00  9.9258E+00  1.3588E+00  2.7237E-01  2.9496E-01  1.2514E-02  1.0000E+01
  6.0000E+00  5.8243E+00  9.9258E+00  1.3588E+00  2.7237E-01  2.9496E-01  1.2514E-02  1.0000E+01
  6.0000E+00  5.8243E+00  9.9258E+00  1.3588E+00  2.7237E-01  2.9496E-01  1.2514E-02  1.0000E+01
  6.0000E+00  5.8243E+00  9.9258E+00  1.3588E+00  2.7237E-01  2.9496E-01  1.2514E-02  1.0000E+01
  6.0000E+00  5.8243E+00  9.9258E+00  1.3588E+00  2.7237E-01  2.9496E-01  1.2514E-02  1.0000E+01
  6.0000E+00  5.8243E+00  9.9258E+00  1.3588E+00  2.7237E-01  2.9496E-01  1.2514E-02  1.0000E+01
  6.0000E+00  5.8243E+00  9.9258E+00  1.3588E+00  2.7237E-01  2.9496E-01  1.2514E-02  1.0000E+01
  6.0000E+00  5.8243E+00  9.9258E+00  1.3588E+00  2.7237E-01  2.9496E-01  1.2514E-02  1.0000E+01
  7.0000E+00  4.9472E+00  6.7892E+00  1.3588E+00  2.7237E-01  2.9496E-01  1.2514E-02  1.0000E+01
  7.0000E+00  4.9472E+00  6.7892E+00  1.3588E+00  2.7237E-01  2.9496E-01  1.2514E-02  1.0000E+01
  7.0000E+00  4.9472E+00  6.7892E+00  1.3588E+00  2.7237E-01  2.9496E-01  1.2514E-02  1.0000E+01
  7.0000E+00  4.9472E+00  6.7892E+00  1.3588E+00  2.7237E-01  2.9496E-01  1.2514E-02  1.0000E+01
  7.0000E+00  4.9472E+00  6.7892E+00  1.3588E+00  2.7237E-01  2.9496E-01  1.2514E-02  1.0000E+01
  7.0000E+00  4.9472E+00  6.7892E+00  1.3588E+00  2.7237E-01  2.9496E-01  1.2514E-02  1.0000E+01
  7.0000E+00  4.9472E+00  6.7892E+00  1.3588E+00  2.7237E-01  2.9496E-01  1.2514E-02  1.0000E+01
  7.0000E+00  4.9472E+00  6.7892E+00  1.3588E+00  2.7237E-01  2.9496E-01  1.2514E-02  1.0000E+01
  7.0000E+00  4.9472E+00  6.7892E+00  1.3588E+00  2.7237E-01  2.9496E-01  1.2514E-02  1.0000E+01
  7.0000E+00  4.9472E+00  6.7892E+00  1.3588E+00  2.7237E-01  2.9496E-01  1.2514E-02  1.0000E+01
  7.0000E+00  4.9472E+00  6.7892E+00  1.3588E+00  2.7237E-01  2.9496E-01  1.2514E-02  1.0000E+01
  7.0000E+00  4.9472E+00  6.7892E+00  1.3588E+00  2.7237E-01  2.9496E-01  1.2514E-02  1.0000E+01
  8.0000E+00  4.8852E+00  3.8838E+00  1.3588E+00  2.7237E-01  2.9496E-01  1.2514E-02  1.0000E+01
  8.0000E+00  4.8852E+00  3.8838E+00  1.3588E+00  2.7237E-01  2.9496E-01  1.2514E-02  1.0000E+01
  8.0000E+00  4.8852E+00  3.8838E+00  1.3588E+00  2.7237E-01  2.9496E-01  1.2514E-02  1.0000E+01
  8.0000E+00  4.8852E+00  3.8838E+00  1.3588E+00  2.7237E-01  2.9496E-01  1.2514E-02  1.0000E+01
  8.0000E+00  4.8852E+00  3.8838E+00  1.3588E+00  2.7237E-01  2.9496E-01  1.2514E-02  1.0000E+01
  8.0000E+00  4.8852E+00  3.8838E+00  1.3588E+00  2.7237E-01  2.9496E-01  1.2514E-02  1.0000E+01
  8.0000E+00  4.8852E+00  3.8838E+00  1.3588E+00  2.7237E-01  2.9496E-01  1.2514E-02  1.0000E+01
  8.0000E+00  4.8852E+00  3.8838E+00  1.3588E+00  2.7237E-01  2.9496E-01  1.2514E-02  1.0000E+01
  8.0000E+00  4.8852E+00  3.8838E+00  1.3588E+00  2.7237E-01  2.9496E-01  1.2514E-02  1.0000E+01
  8.0000E+00  4.8852E+00  3.8838E+00  1.3588E+00  2.7237E-01  2.9496E-01  1.2514E-02  1.0000E+01
  8.0000E+00  4.8852E+00  3.8838E+00  1.3588E+00  2.7237E-01  2.9496E-01  1.2514E-02  1.0000E+01
  8.0000E+00  4.8852E+00  3.8838E+00  1.3588E+00  2.7237E-01  2.9496E-01  1.2514E-02  1.0000E+01
  9.0000E+00  2.4920E+00  7.6986E-01  1.3588E+00  2.7237E-01  2.9496E-01  1.2514E-02  3.0000E+01
  9.0000E+00  2.4920E+00  7.6986E-01  1.3588E+00  2.7237E-01  2.9496E-01  1.2514E-02  3.0000E+01
  9.0000E+00  2.4920E+00  7.6986E-01  1.3588E+00  2.7237E-01  2.9496E-01  1.2514E-02  3.0000E+01
  9.0000E+00  2.4920E+00  7.6986E-01  1.3588E+00  2.7237E-01  2.9496E-01  1.2514E-02  3.0000E+01
  9.0000E+00  2.4920E+00  7.6986E-01  1.3588E+00  2.7237E-01  2.9496E-01  1.2514E-02  3.0000E+01
  9.0000E+00  2.4920E+00  7.6986E-01  1.3588E+00  2.7237E-01  2.9496E-01  1.2514E-02  3.0000E+01
  9.0000E+00  2.4920E+00  7.6986E-01  1.3588E+00  2.7237E-01  2.9496E-01  1.2514E-02  3.0000E+01
  9.0000E+00  2.4920E+00  7.6986E-01  1.3588E+00  2.7237E-01  2.9496E-01  1.2514E-02  3.0000E+01
  9.0000E+00  2.4920E+00  7.6986E-01  1.3588E+00  2.7237E-01  2.9496E-01  1.2514E-02  3.0000E+01
  9.0000E+00  2.4920E+00  7.6986E-01  1.3588E+00  2.7237E-01  2.9496E-01  1.2514E-02  3.0000E+01
  9.0000E+00  2.4920E+00  7.6986E-01  1.3588E+00  2.7237E-01  2.9496E-01  1.2514E-02  3.0000E+01
  9.0000E+00  2.4920E+00  7.6986E-01  1.3588E+00  2.7237E-01  2.9496E-01  1.2514E-02  3.0000E+01
  1.0000E+01  2.6314E+00  6.9862E+00  1.3588E+00  2.7237E-01  2.9496E-01  1.2514E-02  3.0000E+01
  1.0000E+01  2.6314E+00  6.9862E+00  1.3588E+00  2.7237E-01  2.9496E-01  1.2514E-02  3.0000E+01
  1.0000E+01  2.6314E+00  6.9862E+00  1.3588E+00  2.7237E-01  2.9496E-01  1.2514E-02  3.0000E+01
  1.0000E+01  2.6314E+00  6.9862E+00  1.3588E+00  2.7237E-01  2.9496E-01  1.2514E-02  3.0000E+01
  1.0000E+01  2.6314E+00  6.9862E+00  1.3588E+00  2.7237E-01  2.9496E-01  1.2514E-02  3.0000E+01
  1.0000E+01  2.6314E+00  6.9862E+00  1.3588E+00  2.7237E-01  2.9496E-01  1.2514E-02  3.0000E+01
  1.0000E+01  2.6314E+00  6.9862E+00  1.3588E+00  2.7237E-01  2.9496E-01  1.2514E-02  3.0000E+01
  1.0000E+01  2.6314E+00  6.9862E+00  1.3588E+00  2.7237E-01  2.9496E-01  1.2514E-02  3.0000E+01
  1.0000E+01  2.6314E+00  6.9862E+00  1.3588E+00  2.7237E-01  2.9496E-01  1.2514E-02  3.0000E+01
  1.0000E+01  2.6314E+00  6.9862E+00  1.3588E+00  2.7237E-01  2.9496E-01  1.2514E-02  3.0000E+01
  1.0000E+01  2.6314E+00  6.9862E+00  1.3588E+00  2.7237E-01  2.9496E-01  1.2514E-02  3.0000E+01
  1.0000E+01  2.6314E+00  6.9862E+00  1.3588E+00  2.7237E-01  2.9496E-01  1.2514E-02  3.0000E+01
  1.1000E+01  2.9253E+00  7.0344E+00  1.3588E+00  2.7237E-01  2.9496E-01  1.2514E-02  3.0000E+01
  1.1000E+01  2.9253E+00  7.0344E+00  1.3588E+00  2.7237E-01  2.9496E-01  1.2514E-02  3.0000E+01
  1.1000E+01  2.9253E+00  7.0344E+00  1.3588E+00  2.7237E-01  2.9496E-01  1.2514E-02  3.0000E+01
  1.1000E+01  2.9253E+00  7.0344E+00  1.3588E+00  2.7237E-01  2.9496E-01  1.2514E-02  3.0000E+01
  1.1000E+01  2.9253E+00  7.0344E+00  1.3588E+00  2.7237E-01  2.9496E-01  1.2514E-02  3.0000E+01
  1.1000E+01  2.9253E+00  7.0344E+00  1.3588E+00  2.7237E-01  2.9496E-01  1.2514E-02  3.0000E+01
  1.1000E+01  2.9253E+00  7.0344E+00  1.3588E+00  2.7237E-01  2.9496E-01  1.2514E-02  3.0000E+01
  1.1000E+01  2.9253E+00  7.0344E+00  1.3588E+00  2.7237E-01  2.9496E-01  1.2514E-02  3.0000E+01
  1.1000E+01  2.9253E+00  7.0344E+00  1.3588E+00  2.7237E-01  2.9496E-01  1.2514E-02  3.0000E+01
  1.1000E+01  2.9253E+00  7.0344E+00  1.3588E+00  2.7237E-01  2.9496E-01  1.2514E-02  3.0000E+01
  1.1000E+01  2.9253E+00  7.0344E+00  1.3588E+00  2.7237E-01  2.9496E-01  1.2514E-02  3.0000E+01
  1.1000E+01  2.9253E+00  7.0344E+00  1.3588E+00  2.7237E-01  2.9496E-01  1.2514E-02  3.0000E+01
  1.2000E+01  7.8026E+00  7.6473E+01  1.3588E+00  2.7237E-01  2.9496E-01  1.2514E-02  3.0000E+01
  1.2000E+01  7.8026E+00  7.6473E+01  1.3588E+00  2.7237E-01  2.9496E-01  1.2514E-02  3.0000E+01
  1.2000E+01  7.8026E+00  7.6473E+01  1.3588E+00  2.7237E-01  2.9496E-01  1.2514E-02  3.0000E+01
  1.2000E+01  7.8026E+00  7.6473E+01  1.3588E+00  2.7237E-01  2.9496E-01  1.2514E-02  3.0000E+01
  1.2000E+01  7.8026E+00  7.6473E+01  1.3588E+00  2.7237E-01  2.9496E-01  1.2514E-02  3.0000E+01
  1.2000E+01  7.8026E+00  7.6473E+01  1.3588E+00  2.7237E-01  2.9496E-01  1.2514E-02  3.0000E+01
  1.2000E+01  7.8026E+00  7.6473E+01  1.3588E+00  2.7237E-01  2.9496E-01  1.2514E-02  3.0000E+01
  1.2000E+01  7.8026E+00  7.6473E+01  1.3588E+00  2.7237E-01  2.9496E-01  1.2514E-02  3.0000E+01
  1.2000E+01  7.8026E+00  7.6473E+01  1.3588E+00  2.7237E-01  2.9496E-01  1.2514E-02  3.0000E+01
  1.2000E+01  7.8026E+00  7.6473E+01  1.3588E+00  2.7237E-01  2.9496E-01  1.2514E-02  3.0000E+01
  1.2000E+01  7.8026E+00  7.6473E+01  1.3588E+00  2.7237E-01  2.9496E-01  1.2514E-02  3.0000E+01
  1.2000E+01  7.8026E+00  7.6473E+01  1.3588E+00  2.7237E-01  2.9496E-01  1.2514E-02  3.0000E+01
  1.3000E+01  6.3564E+00  2.2975E+01  1.3588E+00  2.7237E-01  2.9496E-01  1.2514E-02  3.0000E+01
  1.3000E+01  6.3564E+00  2.2975E+01  1.3588E+00  2.7237E-01  2.9496E-01  1.2514E-02  3.0000E+01
  1.3000E+01  6.3564E+00  2.2975E+01  1.3588E+00  2.7237E-01  2.9496E-01  1.2514E-02  3.0000E+01
  1.3000E+01  6.3564E+00  2.2975E+01  1.3588E+00  2.7237E-01  2.9496E-01  1.2514E-02  3.0000E+01
  1.3000E+01  6.3564E+00  2.2975E+01  1.3588E+00  2.7237E-01  2.9496E-01  1.2514E-02  3.0000E+01
  1.3000E+01  6.3564E+00  2.2975E+01  1.3588E+00  2.7237E-01  2.9496E-01  1.2514E-02  3.0000E+01
  1.3000E+01  6.3564E+00  2.2975E+01  1.3588E+00  2.7237E-01  2.9496E-01  1.2514E-02  3.0000E+01
  1.3000E+01  6.3564E+00  2.2975E+01  1.3588E+00  2.7237E-01  2.9496E-01  1.2514E-02  3.0000E+01
  1.3000E+01  6.3564E+00  2.2975E+01  1.3588E+00  2.7237E-01  2.9496E-01  1.2514E-02  3.0000E+01
  1.3000E+01  6.3564E+00  2.2975E+01  1.3588E+00  2.7237E-01  2.9496E-01  1.2514E-02  3.0000E+01
  1.3000E+01  6.3564E+00  2.2975E+01  1.3588E+00  2.7237E-01  2.9496E-01  1.2514E-02  3.0000E+01
  1.3000E+01  6.3564E+00  2.2975E+01  1.3588E+00  2.7237E-01  2.9496E-01  1.2514E-02  3.0000E+01
  1.4000E+01  1.0270E+01  5.2851E+01  1.3588E+00  2.7237E-01  2.9496E-01  1.2514E-02  3.0000E+01
  1.4000E+01  1.0270E+01  5.2851E+01  1.3588E+00  2.7237E-01  2.9496E-01  1.2514E-02  3.0000E+01
  1.4000E+01  1.0270E+01  5.2851E+01  1.3588E+00  2.7237E-01  2.9496E-01  1.2514E-02  3.0000E+01
  1.4000E+01  1.0270E+01  5.2851E+01  1.3588E+00  2.7237E-01  2.9496E-01  1.2514E-02  3.0000E+01
  1.4000E+01  1.0270E+01  5.2851E+01  1.3588E+00  2.7237E-01  2.9496E-01  1.2514E-02  3.0000E+01
  1.4000E+01  1.0270E+01  5.2851E+01  1.3588E+00  2.7237E-01  2.9496E-01  1.2514E-02  3.0000E+01
  1.4000E+01  1.0270E+01  5.2851E+01  1.3588E+00  2.7237E-01  2.9496E-01  1.2514E-02  3.0000E+01
  1.4000E+01  1.0270E+01  5.2851E+01  1.3588E+00  2.7237E-01  2.9496E-01  1.2514E-02  3.0000E+01
  1.4000E+01  1.0270E+01  5.2851E+01  1.3588E+00  2.7237E-01  2.9496E-01  1.2514E-02  3.0000E+01
  1.4000E+01  1.0270E+01  5.2851E+01  1.3588E+00  2.7237E-01  2.9496E-01  1.2514E-02  3.0000E+01
  1.4000E+01  1.0270E+01  5.2851E+01  1.3588E+00  2.7237E-01  2.9496E-01  1.2514E-02  3.0000E+01
  1.4000E+01  1.0270E+01  5.2851E+01  1.3588E+00  2.7237E-01  2.9496E-01  1.2514E-02  3.0000E+01
  1.5000E+01  8.1256E+00  1.0092E+01  1.3588E+00  2.7237E-01  2.9496E-01  1.2514E-02  1.0000E+02
  1.5000E+01  8.1256E+00  1.0092E+01  1.3588E+00  2.7237E-01  2.9496E-01  1.2514E-02  1.0000E+02
  1.5000E+01  8.1256E+00  1.0092E+01  1.3588E+00  2.7237E-01  2.9496E-01  1.2514E-02  1.0000E+02
  1.5000E+01  8.1256E+00  1.0092E+01  1.3588E+00  2.7237E-01  2.9496E-01  1.2514E-02  1.0000E+02
  1.5000E+01  8.1256E+00  1.0092E+01  1.3588E+00  2.7237E-01  2.9496E-01  1.2514E-02  1.0000E+02
  1.5000E+01  8.1256E+00  1.0092E+01  1.3588E+00  2.7237E-01  2.9496E-01  1.2514E-02  1.0000E+02
  1.5000E+01  8.1256E+00  1.0092E+01  1.3588E+00  2.7237E-01  2.9496E-01  1.2514E-02  1.0000E+02
  1.5000E+01  8.1256E+00  1.0092E+01  1.3588E+00  2.7237E-01  2.9496E-01  1.2514E-02  1.0000E+02
  1.5000E+01  8.1256E+00  1.0092E+01  1.3588E+00  2.7237E-01  2.9496E-01  1.2514E-02  1.0000E+02
  1.5000E+01  8.1256E+00  1.0092E+01  1.3588E+00  2.7237E-01  2.9496E-01  1.2514E-02  1.0000E+02
  1.5000E+01  8.1256E+00  1.0092E+01  1.3588E+00  2.7237E-01  2.9496E-01  1.2514E-02  1.0000E+02
  1.5000E+01  8.1256E+00  1.0092E+01  1.3588E+00  2.7237E-01  2.9496E-01  1.2514E-02  1.0000E+02
  1.6000E+01  2.7010E+00  5.0514E+00  1.3588E+00  2.7237E-01  2.9496E-01  1.2514E-02  1.0000E+02
  1.6000E+01  2.7010E+00  5.0514E+00  1.3588E+00  2.7237E-01  2.9496E-01  1.2514E-02  1.0000E+02
  1.6000E+01  2.7010E+00  5.0514E+00  1.3588E+00  2.7237E-01  2.9496E-01  1.2514E-02  1.0000E+02
  1.6000E+01  2.7010E+00  5.0514E+00  1.3588E+00  2.7237E-01  2.9496E-01  1.2514E-02  1.0000E+02
  1.6000E+01  2.7010E+00  5.0514E+00  1.3588E+00  2.7237E-01  2.9496E-01  1.2514E-02  1.0000E+02
  1.6000E+01  2.7010E+00  5.0514E+00  1.3588E+00  2.7237E-01  2.9496E-01  1.2514E-02  1.0000E+02
  1.6000E+01  2.7010E+00  5.0514E+00  1.3588E+00  2.7237E-01  2.9496E-01  1.2514E-02  1.0000E+02
  1.6000E+01  2.7010E+00  5.0514E+00  1.3588E+00  2.7237E-01  2.9496E-01  1.2514E-02  1.0000E+02
  1.6000E+01  2.7010E+00  5.0514E+00  1.3588E+00  2.7237E-01  2.9496E-01  1.2514E-02  1.0000E+02
  1.6000E+01  2.7010E+00  5.0514E+00  1.3588E+00  2.7237E-01  2.9496E-01  1.2514E-02  1.0000E+02
  1.6000E+01  2.7010E+00  5.0514E+00  1.3588E+00  2.7237E-01  2.9496E-01  1.2514E-02  1.0000E+02
  1.6000E+01  2.7010E+00  5.0514E+00  1.3588E+00  2.7237E-01  2.9496E-01  1.2514E-02  1.0000E+02
  1.7000E+01  7.3554E+00  1.7039E+01  1.3588E+00  2.7237E-01  2.9496E-01  1.2514E-02  1.0000E+02
  1.7000E+01  7.3554E+00  1.7039E+01  1.3588E+00  2.7237E-01  2.9496E-01  1.2514E-02  1.0000E+02
  1.7000E+01  7.3554E+00  1.7039E+01  1.3588E+00  2.7237E-01  2.9496E-01  1.2514E-02  1.0000E+02
  1.7000E+01  7.3554E+00  1.7039E+01  1.3588E+00  2.7237E-01  2.9496E-01  1.2514E-02  1.0000E+02
  1.7000E+01  7.3554E+00  1.7039E+01  1.3588E+00  2.7237E-01  2.9496E-01  1.2514E-02  1.0000E+02
  1.7000E+01  7.3554E+00  1.7039E+01  1.3588E+00  2.7237E-01  2.9496E-01  1.2514E-02  1.0000E+02
  1.7000E+01  7.3554E+00  1.7039E+01  1.3588E+00  2.7237E-01  2.9496E-01  1.2514E-02  1.0000E+02
  1.7000E+01  7.3554E+00  1.7039E+01  1.3588E+00  2.7237E-01  2.9496E-01  1.2514E-02  1.0000E+02
  1.7000E+01  7.3554E+00  1.7039E+01  1.3588E+00  2.7237E-01  2.9496E-01  1.2514E-02  1.0000E+02
  1.7000E+01  7.3554E+00  1.7039E+01  1.3588E+00  2.7237E-01  2.9496E-01  1.2514E-02  1.0000E+02
  1.7000E+01  7.3554E+00  1.7039E+01  1.3588E+00  2.7237E-01  2.9496E-01  1.2514E-02  1.0000E+02
  1.7000E+01  7.3554E+00  1.7039E+01  1.3588E+00  2.7237E-01  2.9496E-01  1.2514E-02  1.0000E+02
