TABLE NO.  1
 ID          TIME        AMT         DV          MDV         IPRED       CWRES       IWRES       BQL         DV          PRED        RES         WRES
  1.0000E+00  0.0000E+00  2.9000E+04  0.0000E+00  1.0000E+00  0.0000E+00  0.0000E+00  0.0000E+00  0.0000E+00  0.0000E+00  1.0000E+00  0.0000E+00  0.0000E+00
  1.0000E+00  0.0000E+00  2.9000E+04  0.0000E+00  1.0000E+00  0.0000E+00  0.0000E+00  0.0000E+00  0.0000E+00  0.0000E+00  1.0000E+00  0.0000E+00  0.0000E+00
  1.0000E+00  0.0000E+00  0.0000E+00  0.0000E+00  0.0000E+00  0.0000E+00  0.0000E+00  0.0000E+00  0.0000E+00  0.0000E+00  1.0000E+00  0.0000E+00  0.0000E+00
  1.0000E+00  2.5000E-01  0.0000E+00  7.3000E-01  0.0000E+00  1.3627E+00  0.0000E+00 -8.3699E-01  0.0000E+00  7.3000E-01  1.4015E-01  0.0000E+00  0.0000E+00
  1.0000E+00  5.0000E-01  0.0000E+00  2.7500E+00  0.0000E+00  2.5211E+00  0.0000E+00  1.6368E-01  0.0000E+00  2.7500E+00  4.6397E+00  0.0000E+00  0.0000E+00
  1.0000E+00  1.0000E+00  0.0000E+00  7.2700E+00  0.0000E+00  4.3438E+00  0.0000E+00  1.2144E+00  0.0000E+00  7.2700E+00  8.0820E+00  0.0000E+00  0.0000E+00
  1.0000E+00  2.0000E+00  0.0000E+00  6.4500E+00  0.0000E+00  6.6198E+00  0.0000E+00 -4.6236E-02  0.0000E+00  6.4500E+00  1.2550E+01  0.0000E+00  0.0000E+00
  1.0000E+00  3.0000E+00  0.0000E+00  6.8500E+00  0.0000E+00  7.8207E+00  0.0000E+00 -2.2375E-01  0.0000E+00  6.8500E+00  1.5048E+01  0.0000E+00  0.0000E+00
  1.0000E+00  4.0000E+00  0.0000E+00  4.2300E+00  0.0000E+00  4.8926E+00  0.0000E+00 -2.4415E-01  0.0000E+00  4.2300E+00  9.8625E+00  0.0000E+00  0.0000E+00
  1.0000E+00  6.0000E+00  0.0000E+00  6.0300E+00  0.0000E+00  6.5606E+00  0.0000E+00 -1.4581E-01  0.0000E+00  6.0300E+00  1.2920E+01  0.0000E+00  0.0000E+00
  1.0000E+00  8.0000E+00  0.0000E+00  8.1100E+00  0.0000E+00  5.5467E+00  0.0000E+00  8.3307E-01  0.0000E+00  8.1100E+00  1.1198E+01  0.0000E+00  0.0000E+00
  1.0000E+00  1.2000E+01  0.0000E+00  5.0000E-01  0.0000E+00  2.2049E+00  0.0000E+00 -1.3939E+00  1.0000E+00  5.0000E-01  7.7258E-02  0.0000E+00  0.0000E+00
  1.0000E+00  2.4000E+01  0.0000E+00  5.0000E-01  0.0000E+00  8.9932E-02  0.0000E+00  8.2198E+00  1.0000E+00  5.0000E-01  1.0000E+00  0.0000E+00  0.0000E+00
  2.0000E+00  0.0000E+00  2.9000E+04  0.0000E+00  1.0000E+00  0.0000E+00  0.0000E+00  0.0000E+00  0.0000E+00  0.0000E+00  1.0000E+00  0.0000E+00  0.0000E+00
  2.0000E+00  0.0000E+00  2.9000E+04  0.0000E+00  1.0000E+00  0.0000E+00  0.0000E+00  0.0000E+00  0.0000E+00  0.0000E+00  1.0000E+00  0.0000E+00  0.0000E+00
  2.0000E+00  0.0000E+00  0.0000E+00  0.0000E+00  0.0000E+00  0.0000E+00  0.0000E+00  0.0000E+00  0.0000E+00  0.0000E+00  1.0000E+00  0.0000E+00  0.0000E+00
  2.0000E+00  2.5000E-01  0.0000E+00  1.2000E-01  0.0000E+00  9.0822E-01  0.0000E+00 -1.5645E+00  0.0000E+00  1.2000E-01  1.4015E-01  0.0000E+00  0.0000E+00
  2.0000E+00  5.0000E-01  0.0000E+00  1.8000E-01  0.0000E+00  1.7608E+00  0.0000E+00 -1.6184E+00  0.0000E+00  1.8000E-01  7.8659E-02  0.0000E+00  0.0000E+00
  2.0000E+00  1.0000E+00  0.0000E+00  1.4000E-01  0.0000E+00  3.3131E+00  0.0000E+00 -1.7265E+00  0.0000E+00  1.4000E-01  5.7095E-02  0.0000E+00  0.0000E+00
  2.0000E+00  2.0000E+00  0.0000E+00  1.1700E+00  0.0000E+00  5.8907E+00  0.0000E+00 -1.4446E+00  0.0000E+00  1.1700E+00  1.2550E+01  0.0000E+00  0.0000E+00
  2.0000E+00  3.0000E+00  0.0000E+00  8.4000E+00  0.0000E+00  7.9011E+00  0.0000E+00  1.1382E-01  0.0000E+00  8.4000E+00  1.5048E+01  0.0000E+00  0.0000E+00
  2.0000E+00  4.0000E+00  0.0000E+00  1.5500E+01  0.0000E+00  6.8582E+00  0.0000E+00  2.2715E+00  0.0000E+00  1.5500E+01  9.8625E+00  0.0000E+00  0.0000E+00
  2.0000E+00  6.0000E+00  0.0000E+00  8.5100E+00  0.0000E+00  8.4973E+00  0.0000E+00  2.6948E-03  0.0000E+00  8.5100E+00  1.2920E+01  0.0000E+00  0.0000E+00
  2.0000E+00  8.0000E+00  0.0000E+00  6.0400E+00  0.0000E+00  8.6134E+00  0.0000E+00 -5.3858E-01  0.0000E+00  6.0400E+00  1.1198E+01  0.0000E+00  0.0000E+00
  2.0000E+00  1.2000E+01  0.0000E+00  5.0000E-01  0.0000E+00  5.4924E+00  0.0000E+00 -1.6386E+00  1.0000E+00  5.0000E-01  7.7258E-02  0.0000E+00  0.0000E+00
  2.0000E+00  2.4000E+01  0.0000E+00  5.0000E-01  0.0000E+00  6.2372E-01  0.0000E+00 -3.5758E-01  1.0000E+00  5.0000E-01  1.0000E+00  0.0000E+00  0.0000E+00
  3.0000E+00  0.0000E+00  5.4500E+03  0.0000E+00  1.0000E+00  1.8847E+03  0.0000E+00 -1.8027E+00  0.0000E+00  0.0000E+00  3.5937E-02  0.0000E+00  0.0000E+00
  3.0000E+00  1.7000E-02  0.0000E+00  2.5500E+03  0.0000E+00  1.8321E+03  0.0000E+00  7.0636E-01  0.0000E+00  2.5500E+03  6.4486E+02  0.0000E+00  0.0000E+00
  3.0000E+00  8.3500E-02  0.0000E+00  2.1100E+03  0.0000E+00  1.6401E+03  0.0000E+00  5.1643E-01  0.0000E+00  2.1100E+03  6.1963E+02  0.0000E+00  0.0000E+00
  3.0000E+00  2.5000E-01  0.0000E+00  1.4600E+03  0.0000E+00  1.2437E+03  0.0000E+00  3.1355E-01  0.0000E+00  1.4600E+03  5.6077E+02  0.0000E+00  0.0000E+00
  3.0000E+00  5.0000E-01  0.0000E+00  8.5300E+02  0.0000E+00  8.2208E+02  0.0000E+00  6.7796E-02  0.0000E+00  8.5300E+02  4.8290E+02  0.0000E+00  0.0000E+00
  3.0000E+00  1.0000E+00  0.0000E+00  5.5500E+02  0.0000E+00  3.6224E+02  0.0000E+00  9.5924E-01  0.0000E+00  5.5500E+02  3.5866E+02  0.0000E+00  0.0000E+00
  3.0000E+00  2.0000E+00  0.0000E+00  1.0300E+02  0.0000E+00  7.6228E+01  0.0000E+00  6.3312E-01  0.0000E+00  1.0300E+02  1.9939E+02  0.0000E+00  0.0000E+00
  3.0000E+00  4.0000E+00  0.0000E+00  7.4100E+00  0.0000E+00  9.8955E+00  0.0000E+00 -4.5278E-01  0.0000E+00  7.4100E+00  6.4670E+01  0.0000E+00  0.0000E+00
  3.0000E+00  6.0000E+00  0.0000E+00  4.4900E+00  0.0000E+00  5.3181E+00  0.0000E+00 -2.8070E-01  0.0000E+00  4.4900E+00  2.3374E+01  0.0000E+00  0.0000E+00
  3.0000E+00  8.0000E+00  0.0000E+00  5.2500E+00  0.0000E+00  3.6022E+00  0.0000E+00  8.2464E-01  0.0000E+00  5.2500E+00  9.9382E+00  0.0000E+00  0.0000E+00
  3.0000E+00  1.2000E+01  0.0000E+00  2.4600E+00  0.0000E+00  1.6990E+00  0.0000E+00  8.0736E-01  0.0000E+00  2.4600E+00  2.9660E+00  0.0000E+00  0.0000E+00
  3.0000E+00  2.4000E+01  0.0000E+00  5.0000E-01  0.0000E+00  1.7870E-01  0.0000E+00  3.2412E+00  1.0000E+00  5.0000E-01  1.0000E+00  0.0000E+00  0.0000E+00
  4.0000E+00  0.0000E+00  5.9500E+03  0.0000E+00  1.0000E+00  1.8594E+03  0.0000E+00 -1.8027E+00  0.0000E+00  0.0000E+00  3.5919E-02  0.0000E+00  0.0000E+00
  4.0000E+00  1.7000E-02  0.0000E+00  2.3000E+03  0.0000E+00  1.8012E+03  0.0000E+00  4.9916E-01  0.0000E+00  2.3000E+03  7.0403E+02  0.0000E+00  0.0000E+00
  4.0000E+00  8.3500E-02  0.0000E+00  2.0000E+03  0.0000E+00  1.5907E+03  0.0000E+00  4.6391E-01  0.0000E+00  2.0000E+03  6.7648E+02  0.0000E+00  0.0000E+00
  4.0000E+00  2.5000E-01  0.0000E+00  1.2600E+03  0.0000E+00  1.1656E+03  0.0000E+00  1.4595E-01  0.0000E+00  1.2600E+03  6.1221E+02  0.0000E+00  0.0000E+00
  4.0000E+00  5.0000E-01  0.0000E+00  7.3500E+02  0.0000E+00  7.3190E+02  0.0000E+00  7.6393E-03  0.0000E+00  7.3500E+02  5.2721E+02  0.0000E+00  0.0000E+00
  4.0000E+00  1.0000E+00  0.0000E+00  4.3200E+02  0.0000E+00  2.9107E+02  0.0000E+00  8.7279E-01  0.0000E+00  4.3200E+02  3.9156E+02  0.0000E+00  0.0000E+00
  4.0000E+00  2.0000E+00  0.0000E+00  5.4600E+01  0.0000E+00  5.0611E+01  0.0000E+00  1.4206E-01  0.0000E+00  5.4600E+01  2.1768E+02  0.0000E+00  0.0000E+00
  4.0000E+00  4.0000E+00  0.0000E+00  7.2500E+00  0.0000E+00  6.2172E+00  0.0000E+00  2.9947E-01  0.0000E+00  7.2500E+00  7.0603E+01  0.0000E+00  0.0000E+00
  4.0000E+00  6.0000E+00  0.0000E+00  3.6500E+00  0.0000E+00  3.5894E+00  0.0000E+00  3.0440E-02  0.0000E+00  3.6500E+00  2.5518E+01  0.0000E+00  0.0000E+00
  4.0000E+00  8.0000E+00  0.0000E+00  3.3200E+00  0.0000E+00  2.4378E+00  0.0000E+00  6.5232E-01  0.0000E+00  3.3200E+00  1.0850E+01  0.0000E+00  0.0000E+00
  4.0000E+00  1.2000E+01  0.0000E+00  1.6100E+00  0.0000E+00  1.1385E+00  0.0000E+00  7.4660E-01  0.0000E+00  1.6100E+00  3.2382E+00  0.0000E+00  0.0000E+00
  4.0000E+00  2.4000E+01  0.0000E+00  5.0000E-01  0.0000E+00  1.1603E-01  0.0000E+00  5.9653E+00  1.0000E+00  5.0000E-01  9.9998E-01  0.0000E+00  0.0000E+00
  5.0000E+00  0.0000E+00  6.1000E+03  0.0000E+00  1.0000E+00  2.2534E+03  0.0000E+00 -1.8027E+00  0.0000E+00  0.0000E+00  3.5914E-02  0.0000E+00  0.0000E+00
  5.0000E+00  1.7000E-02  0.0000E+00  2.6900E+03  0.0000E+00  2.1808E+03  0.0000E+00  4.2086E-01  0.0000E+00  2.6900E+03  7.2177E+02  0.0000E+00  0.0000E+00
  5.0000E+00  8.3500E-02  0.0000E+00  2.0500E+03  0.0000E+00  1.9189E+03  0.0000E+00  1.2314E-01  0.0000E+00  2.0500E+03  6.9353E+02  0.0000E+00  0.0000E+00
  5.0000E+00  2.5000E-01  0.0000E+00  1.1600E+03  0.0000E+00  1.3936E+03  0.0000E+00 -3.0217E-01  0.0000E+00  1.1600E+03  6.2765E+02  0.0000E+00  0.0000E+00
  5.0000E+00  5.0000E-01  0.0000E+00  8.2000E+02  0.0000E+00  8.6356E+02  0.0000E+00 -9.0934E-02  0.0000E+00  8.2000E+02  5.4050E+02  0.0000E+00  0.0000E+00
  5.0000E+00  1.0000E+00  0.0000E+00  4.5600E+02  0.0000E+00  3.3512E+02  0.0000E+00  6.5023E-01  0.0000E+00  4.5600E+02  4.0144E+02  0.0000E+00  0.0000E+00
  5.0000E+00  2.0000E+00  0.0000E+00  5.7800E+01  0.0000E+00  5.6794E+01  0.0000E+00  3.1946E-02  0.0000E+00  5.7800E+01  2.2317E+02  0.0000E+00  0.0000E+00
  5.0000E+00  4.0000E+00  0.0000E+00  6.8700E+00  0.0000E+00  8.0034E+00  0.0000E+00 -2.5529E-01  0.0000E+00  6.8700E+00  7.2383E+01  0.0000E+00  0.0000E+00
  5.0000E+00  6.0000E+00  0.0000E+00  6.0500E+00  0.0000E+00  4.8431E+00  0.0000E+00  4.4921E-01  0.0000E+00  6.0500E+00  2.6161E+01  0.0000E+00  0.0000E+00
  5.0000E+00  8.0000E+00  0.0000E+00  6.1100E+00  0.0000E+00  3.3064E+00  0.0000E+00  1.5286E+00  0.0000E+00  6.1100E+00  1.1124E+01  0.0000E+00  0.0000E+00
  5.0000E+00  1.2000E+01  0.0000E+00  1.7100E+00  0.0000E+00  1.5533E+00  0.0000E+00  1.8186E-01  0.0000E+00  1.7100E+00  3.3198E+00  0.0000E+00  0.0000E+00
  5.0000E+00  2.4000E+01  0.0000E+00  5.0000E-01  0.0000E+00  1.6111E-01  0.0000E+00  3.7918E+00  1.0000E+00  5.0000E-01  9.9996E-01  0.0000E+00  0.0000E+00
  6.0000E+00  0.0000E+00  2.1800E+04  0.0000E+00  1.0000E+00  0.0000E+00  0.0000E+00  0.0000E+00  0.0000E+00  0.0000E+00  1.0000E+00  0.0000E+00  0.0000E+00
  6.0000E+00  0.0000E+00  2.1800E+04  0.0000E+00  1.0000E+00  0.0000E+00  0.0000E+00  0.0000E+00  0.0000E+00  0.0000E+00  1.0000E+00  0.0000E+00  0.0000E+00
  6.0000E+00  0.0000E+00  0.0000E+00  0.0000E+00  0.0000E+00  0.0000E+00  0.0000E+00  0.0000E+00  0.0000E+00  0.0000E+00  1.0000E+00  0.0000E+00  0.0000E+00
  6.0000E+00  2.5000E-01  0.0000E+00  0.0000E+00  0.0000E+00  1.5770E+00  0.0000E+00 -1.8027E+00  0.0000E+00  0.0000E+00  2.0022E-01  0.0000E+00  0.0000E+00
  6.0000E+00  5.0000E-01  0.0000E+00  1.3900E+00  0.0000E+00  2.9299E+00  0.0000E+00 -9.4747E-01  0.0000E+00  1.3900E+00  3.4878E+00  0.0000E+00  0.0000E+00
  6.0000E+00  1.0000E+00  0.0000E+00  9.5800E+00  0.0000E+00  5.0884E+00  0.0000E+00  1.5913E+00  0.0000E+00  9.5800E+00  6.0754E+00  0.0000E+00  0.0000E+00
  6.0000E+00  2.0000E+00  0.0000E+00  9.5100E+00  0.0000E+00  7.8599E+00  0.0000E+00  3.7846E-01  0.0000E+00  9.5100E+00  9.4339E+00  0.0000E+00  0.0000E+00
  6.0000E+00  4.0000E+00  0.0000E+00  4.9900E+00  0.0000E+00  6.0708E+00  0.0000E+00 -3.2094E-01  0.0000E+00  4.9900E+00  7.4138E+00  0.0000E+00  0.0000E+00
  6.0000E+00  6.0000E+00  0.0000E+00  3.2100E+00  0.0000E+00  7.9984E+00  0.0000E+00 -1.0792E+00  0.0000E+00  3.2100E+00  9.7121E+00  0.0000E+00  0.0000E+00
  6.0000E+00  8.0000E+00  0.0000E+00  9.1800E+00  0.0000E+00  6.8821E+00  0.0000E+00  6.0191E-01  0.0000E+00  9.1800E+00  8.4180E+00  0.0000E+00  0.0000E+00
  6.0000E+00  1.2000E+01  0.0000E+00  3.8300E+00  0.0000E+00  2.8633E+00  0.0000E+00  6.0865E-01  0.0000E+00  3.8300E+00  3.5762E+00  0.0000E+00  0.0000E+00
  6.0000E+00  2.4000E+01  0.0000E+00  5.0000E-01  0.0000E+00  1.3762E-01  0.0000E+00  4.7467E+00  1.0000E+00  5.0000E-01  1.0000E+00  0.0000E+00  0.0000E+00
  7.0000E+00  0.0000E+00  2.3800E+04  0.0000E+00  1.0000E+00  0.0000E+00  0.0000E+00  0.0000E+00  0.0000E+00  0.0000E+00  1.0000E+00  0.0000E+00  0.0000E+00
  7.0000E+00  0.0000E+00  2.3800E+04  0.0000E+00  1.0000E+00  0.0000E+00  0.0000E+00  0.0000E+00  0.0000E+00  0.0000E+00  1.0000E+00  0.0000E+00  0.0000E+00
  7.0000E+00  0.0000E+00  0.0000E+00  0.0000E+00  0.0000E+00  0.0000E+00  0.0000E+00  0.0000E+00  0.0000E+00  0.0000E+00  1.0000E+00  0.0000E+00  0.0000E+00
  7.0000E+00  2.5000E-01  0.0000E+00  2.7200E+00  0.0000E+00  2.4703E+00  0.0000E+00  1.8222E-01  0.0000E+00  2.7200E+00  2.0462E+00  0.0000E+00  0.0000E+00
  7.0000E+00  5.0000E-01  0.0000E+00  3.0600E+00  0.0000E+00  4.5097E+00  0.0000E+00 -5.7950E-01  0.0000E+00  3.0600E+00  3.8078E+00  0.0000E+00  0.0000E+00
  7.0000E+00  1.0000E+00  0.0000E+00  5.3900E+00  0.0000E+00  7.5873E+00  0.0000E+00 -5.2206E-01  0.0000E+00  5.3900E+00  6.6328E+00  0.0000E+00  0.0000E+00
  7.0000E+00  2.0000E+00  0.0000E+00  2.4700E+01  0.0000E+00  1.1142E+01  0.0000E+00  2.1937E+00  0.0000E+00  2.4700E+01  1.0299E+01  0.0000E+00  0.0000E+00
  7.0000E+00  4.0000E+00  0.0000E+00  3.7600E+00  0.0000E+00  7.3726E+00  0.0000E+00 -8.8332E-01  0.0000E+00  3.7600E+00  8.0940E+00  0.0000E+00  0.0000E+00
  7.0000E+00  6.0000E+00  0.0000E+00  3.1900E+00  0.0000E+00  1.0615E+01  0.0000E+00 -1.2609E+00  0.0000E+00  3.1900E+00  1.0603E+01  0.0000E+00  0.0000E+00
  7.0000E+00  8.0000E+00  0.0000E+00  6.4300E+00  0.0000E+00  8.6726E+00  0.0000E+00 -4.6614E-01  0.0000E+00  6.4300E+00  9.1903E+00  0.0000E+00  0.0000E+00
  7.0000E+00  1.2000E+01  0.0000E+00  4.9200E+00  0.0000E+00  3.3426E+00  0.0000E+00  8.5069E-01  0.0000E+00  4.9200E+00  3.9043E+00  0.0000E+00  0.0000E+00
  7.0000E+00  2.4000E+01  0.0000E+00  5.0000E-01  0.0000E+00  1.6183E-01  0.0000E+00  3.7670E+00  1.0000E+00  5.0000E-01  1.0000E+00  0.0000E+00  0.0000E+00
  8.0000E+00  0.0000E+00  2.4400E+04  0.0000E+00  1.0000E+00  0.0000E+00  0.0000E+00  0.0000E+00  0.0000E+00  0.0000E+00  1.0000E+00  0.0000E+00  0.0000E+00
  8.0000E+00  0.0000E+00  2.4400E+04  0.0000E+00  1.0000E+00  0.0000E+00  0.0000E+00  0.0000E+00  0.0000E+00  0.0000E+00  1.0000E+00  0.0000E+00  0.0000E+00
  8.0000E+00  0.0000E+00  0.0000E+00  0.0000E+00  0.0000E+00  0.0000E+00  0.0000E+00  0.0000E+00  0.0000E+00  0.0000E+00  1.0000E+00  0.0000E+00  0.0000E+00
  8.0000E+00  2.5000E-01  0.0000E+00  4.4400E+00  0.0000E+00  4.1412E+00  0.0000E+00  1.3008E-01  0.0000E+00  4.4400E+00  2.0977E+00  0.0000E+00  0.0000E+00
  8.0000E+00  5.0000E-01  0.0000E+00  9.7200E+00  0.0000E+00  7.1154E+00  0.0000E+00  6.5986E-01  0.0000E+00  9.7200E+00  3.9038E+00  0.0000E+00  0.0000E+00
  8.0000E+00  1.0000E+00  0.0000E+00  1.7700E+01  0.0000E+00  1.0795E+01  0.0000E+00  1.1529E+00  0.0000E+00  1.7700E+01  6.8000E+00  0.0000E+00  0.0000E+00
  8.0000E+00  2.0000E+00  0.0000E+00  7.3400E+00  0.0000E+00  1.3729E+01  0.0000E+00 -8.3890E-01  0.0000E+00  7.3400E+00  1.0559E+01  0.0000E+00  0.0000E+00
  8.0000E+00  4.0000E+00  0.0000E+00  4.9900E+00  0.0000E+00  5.5061E+00  0.0000E+00 -1.6897E-01  0.0000E+00  4.9900E+00  8.2981E+00  0.0000E+00  0.0000E+00
  8.0000E+00  6.0000E+00  0.0000E+00  6.1800E+00  0.0000E+00  1.2061E+01  0.0000E+00 -8.7903E-01  0.0000E+00  6.1800E+00  1.0870E+01  0.0000E+00  0.0000E+00
  8.0000E+00  8.0000E+00  0.0000E+00  4.5600E+00  0.0000E+00  8.3842E+00  0.0000E+00 -8.2224E-01  0.0000E+00  4.5600E+00  9.4220E+00  0.0000E+00  0.0000E+00
  8.0000E+00  1.2000E+01  0.0000E+00  5.4200E+00  0.0000E+00  2.8713E+00  0.0000E+00  1.6002E+00  0.0000E+00  5.4200E+00  4.0028E+00  0.0000E+00  0.0000E+00
  8.0000E+00  2.4000E+01  0.0000E+00  5.0000E-01  0.0000E+00  1.3420E-01  0.0000E+00  4.9137E+00  1.0000E+00  5.0000E-01  1.0000E+00  0.0000E+00  0.0000E+00
  9.0000E+00  0.0000E+00  6.5700E+04  0.0000E+00  1.0000E+00  0.0000E+00  0.0000E+00  0.0000E+00  0.0000E+00  0.0000E+00  1.0000E+00  0.0000E+00  0.0000E+00
  9.0000E+00  0.0000E+00  6.5700E+04  0.0000E+00  1.0000E+00  0.0000E+00  0.0000E+00  0.0000E+00  0.0000E+00  0.0000E+00  1.0000E+00  0.0000E+00  0.0000E+00
  9.0000E+00  0.0000E+00  0.0000E+00  0.0000E+00  0.0000E+00  0.0000E+00  0.0000E+00  0.0000E+00  0.0000E+00  0.0000E+00  1.0000E+00  0.0000E+00  0.0000E+00
  9.0000E+00  2.5000E-01  0.0000E+00  6.1100E+01  0.0000E+00  4.3656E+01  0.0000E+00  7.2031E-01  0.0000E+00  6.1100E+01  5.6484E+00  0.0000E+00  0.0000E+00
  9.0000E+00  5.0000E-01  0.0000E+00  1.5100E+02  0.0000E+00  6.1570E+01  0.0000E+00  2.6184E+00  0.0000E+00  1.5100E+02  1.0511E+01  0.0000E+00  0.0000E+00
  9.0000E+00  1.0000E+00  0.0000E+00  6.1800E+01  0.0000E+00  7.2263E+01  0.0000E+00 -2.6100E-01  0.0000E+00  6.1800E+01  1.8310E+01  0.0000E+00  0.0000E+00
  9.0000E+00  2.0000E+00  0.0000E+00  2.9100E+01  0.0000E+00  7.5400E+01  0.0000E+00 -1.1070E+00  0.0000E+00  2.9100E+01  2.8431E+01  0.0000E+00  0.0000E+00
  9.0000E+00  4.0000E+00  0.0000E+00  1.2200E+01  0.0000E+00  7.9757E+00  0.0000E+00  9.5477E-01  0.0000E+00  1.2200E+01  2.2344E+01  0.0000E+00  0.0000E+00
  9.0000E+00  6.0000E+00  0.0000E+00  3.5300E+01  0.0000E+00  6.5883E+01  0.0000E+00 -8.3681E-01  0.0000E+00  3.5300E+01  2.9270E+01  0.0000E+00  0.0000E+00
  9.0000E+00  8.0000E+00  0.0000E+00  3.1900E+01  0.0000E+00  3.9021E+01  0.0000E+00 -3.2896E-01  0.0000E+00  3.1900E+01  2.5370E+01  0.0000E+00  0.0000E+00
  9.0000E+00  1.2000E+01  0.0000E+00  2.0000E+01  0.0000E+00  1.3905E+01  0.0000E+00  7.9013E-01  0.0000E+00  2.0000E+01  1.0778E+01  0.0000E+00  0.0000E+00
  9.0000E+00  2.4000E+01  0.0000E+00  5.0000E-01  0.0000E+00  8.5287E-01  0.0000E+00 -7.4585E-01  1.0000E+00  5.0000E-01  9.1971E-01  0.0000E+00  0.0000E+00
  1.0000E+01  0.0000E+00  7.0500E+04  0.0000E+00  1.0000E+00  0.0000E+00  0.0000E+00  0.0000E+00  0.0000E+00  0.0000E+00  1.0000E+00  0.0000E+00  0.0000E+00
  1.0000E+01  0.0000E+00  7.0500E+04  0.0000E+00  1.0000E+00  0.0000E+00  0.0000E+00  0.0000E+00  0.0000E+00  0.0000E+00  1.0000E+00  0.0000E+00  0.0000E+00
  1.0000E+01  0.0000E+00  0.0000E+00  0.0000E+00  0.0000E+00  0.0000E+00  0.0000E+00  0.0000E+00  0.0000E+00  0.0000E+00  1.0000E+00  0.0000E+00  0.0000E+00
  1.0000E+01  2.5000E-01  0.0000E+00  7.4900E+00  0.0000E+00  7.4240E+00  0.0000E+00  1.6037E-02  0.0000E+00  7.4900E+00  6.0611E+00  0.0000E+00  0.0000E+00
  1.0000E+01  5.0000E-01  0.0000E+00  1.1400E+01  0.0000E+00  1.4119E+01  0.0000E+00 -3.4711E-01  0.0000E+00  1.1400E+01  1.1279E+01  0.0000E+00  0.0000E+00
  1.0000E+01  1.0000E+00  0.0000E+00  4.4700E+01  0.0000E+00  2.5611E+01  0.0000E+00  1.3436E+00  0.0000E+00  4.4700E+01  1.9648E+01  0.0000E+00  0.0000E+00
  1.0000E+01  2.0000E+00  0.0000E+00  4.1200E+01  0.0000E+00  4.2657E+01  0.0000E+00 -6.1587E-02  0.0000E+00  4.1200E+01  3.0509E+01  0.0000E+00  0.0000E+00
  1.0000E+01  4.0000E+00  0.0000E+00  4.5400E+01  0.0000E+00  4.1378E+01  0.0000E+00  1.7521E-01  0.0000E+00  4.5400E+01  2.3976E+01  0.0000E+00  0.0000E+00
  1.0000E+01  6.0000E+00  0.0000E+00  7.5200E+01  0.0000E+00  5.1333E+01  0.0000E+00  8.3815E-01  0.0000E+00  7.5200E+01  3.1409E+01  0.0000E+00  0.0000E+00
  1.0000E+01  8.0000E+00  0.0000E+00  7.7200E+01  0.0000E+00  4.8270E+01  0.0000E+00  1.0804E+00  0.0000E+00  7.7200E+01  2.7223E+01  0.0000E+00  0.0000E+00
  1.0000E+01  1.2000E+01  0.0000E+00  4.3900E+01  0.0000E+00  2.5233E+01  0.0000E+00  1.3336E+00  0.0000E+00  4.3900E+01  1.1565E+01  0.0000E+00  0.0000E+00
  1.0000E+01  2.4000E+01  0.0000E+00  5.0000E-01  0.0000E+00  2.0953E+00  0.0000E+00 -1.3725E+00  1.0000E+00  5.0000E-01  8.8196E-01  0.0000E+00  0.0000E+00
  1.1000E+01  0.0000E+00  7.8600E+04  0.0000E+00  1.0000E+00  0.0000E+00  0.0000E+00  0.0000E+00  0.0000E+00  0.0000E+00  1.0000E+00  0.0000E+00  0.0000E+00
  1.1000E+01  0.0000E+00  7.8600E+04  0.0000E+00  1.0000E+00  0.0000E+00  0.0000E+00  0.0000E+00  0.0000E+00  0.0000E+00  1.0000E+00  0.0000E+00  0.0000E+00
  1.1000E+01  0.0000E+00  0.0000E+00  0.0000E+00  0.0000E+00  0.0000E+00  0.0000E+00  0.0000E+00  0.0000E+00  0.0000E+00  1.0000E+00  0.0000E+00  0.0000E+00
  1.1000E+01  2.5000E-01  0.0000E+00  4.7300E+00  0.0000E+00  8.1811E+00  0.0000E+00 -7.6044E-01  0.0000E+00  4.7300E+00  6.7575E+00  0.0000E+00  0.0000E+00
  1.1000E+01  5.0000E-01  0.0000E+00  8.1400E+00  0.0000E+00  1.5487E+01  0.0000E+00 -8.5518E-01  0.0000E+00  8.1400E+00  1.2575E+01  0.0000E+00  0.0000E+00
  1.1000E+01  1.0000E+00  0.0000E+00  1.2200E+01  0.0000E+00  2.7851E+01  0.0000E+00 -1.0130E+00  0.0000E+00  1.2200E+01  2.1905E+01  0.0000E+00  0.0000E+00
  1.1000E+01  2.0000E+00  0.0000E+00  1.1000E+02  0.0000E+00  4.5681E+01  0.0000E+00  2.5382E+00  0.0000E+00  1.1000E+02  3.4014E+01  0.0000E+00  0.0000E+00
  1.1000E+01  4.0000E+00  0.0000E+00  1.7000E+01  0.0000E+00  4.2360E+01  0.0000E+00 -1.0792E+00  0.0000E+00  1.7000E+01  2.6731E+01  0.0000E+00  0.0000E+00
  1.1000E+01  6.0000E+00  0.0000E+00  1.3500E+01  0.0000E+00  5.2884E+01  0.0000E+00 -1.3425E+00  0.0000E+00  1.3500E+01  3.5017E+01  0.0000E+00  0.0000E+00
  1.1000E+01  8.0000E+00  0.0000E+00  4.1300E+01  0.0000E+00  4.8831E+01  0.0000E+00 -2.7801E-01  0.0000E+00  4.1300E+01  3.0351E+01  0.0000E+00  0.0000E+00
  1.1000E+01  1.2000E+01  0.0000E+00  4.7700E+01  0.0000E+00  2.4294E+01  0.0000E+00  1.7368E+00  0.0000E+00  4.7700E+01  1.2894E+01  0.0000E+00  0.0000E+00
  1.1000E+01  2.4000E+01  0.0000E+00  5.0000E-01  0.0000E+00  1.7994E+00  0.0000E+00 -1.3018E+00  1.0000E+00  5.0000E-01  8.0975E-01  0.0000E+00  0.0000E+00
  1.2000E+01  0.0000E+00  6.4500E+04  0.0000E+00  1.0000E+00  0.0000E+00  0.0000E+00  0.0000E+00  0.0000E+00  0.0000E+00  1.0000E+00  0.0000E+00  0.0000E+00
  1.2000E+01  0.0000E+00  6.4500E+04  0.0000E+00  1.0000E+00  0.0000E+00  0.0000E+00  0.0000E+00  0.0000E+00  0.0000E+00  1.0000E+00  0.0000E+00  0.0000E+00
  1.2000E+01  0.0000E+00  0.0000E+00  0.0000E+00  0.0000E+00  0.0000E+00  0.0000E+00  0.0000E+00  0.0000E+00  0.0000E+00  1.0000E+00  0.0000E+00  0.0000E+00
  1.2000E+01  2.5000E-01  0.0000E+00  0.0000E+00  0.0000E+00  6.4470E-01  0.0000E+00 -1.8027E+00  0.0000E+00  0.0000E+00  6.9758E-02  0.0000E+00  0.0000E+00
  1.2000E+01  5.0000E-01  0.0000E+00  0.0000E+00  0.0000E+00  1.2726E+00  0.0000E+00 -1.8027E+00  0.0000E+00  0.0000E+00  5.1763E-02  0.0000E+00  0.0000E+00
  1.2000E+01  1.0000E+00  0.0000E+00  1.6800E+00  0.0000E+00  2.4800E+00  0.0000E+00 -5.8153E-01  0.0000E+00  1.6800E+00  1.7975E+01  0.0000E+00  0.0000E+00
  1.2000E+01  2.0000E+00  0.0000E+00  4.5500E+00  0.0000E+00  4.7131E+00  0.0000E+00 -6.2366E-02  0.0000E+00  4.5500E+00  2.7912E+01  0.0000E+00  0.0000E+00
  1.2000E+01  4.0000E+00  0.0000E+00  8.0700E+00  0.0000E+00  6.6125E+00  0.0000E+00  3.9735E-01  0.0000E+00  8.0700E+00  2.1935E+01  0.0000E+00  0.0000E+00
  1.2000E+01  6.0000E+00  0.0000E+00  1.6500E+01  0.0000E+00  8.7103E+00  0.0000E+00  1.6122E+00  0.0000E+00  1.6500E+01  2.8735E+01  0.0000E+00  0.0000E+00
  1.2000E+01  8.0000E+00  0.0000E+00  8.9500E+00  0.0000E+00  9.8464E+00  0.0000E+00 -1.6411E-01  0.0000E+00  8.9500E+00  2.4906E+01  0.0000E+00  0.0000E+00
  1.2000E+01  1.2000E+01  0.0000E+00  9.3700E+00  0.0000E+00  8.6256E+00  0.0000E+00  1.5557E-01  0.0000E+00  9.3700E+00  1.0581E+01  0.0000E+00  0.0000E+00
  1.2000E+01  2.4000E+01  0.0000E+00  1.8200E+00  0.0000E+00  3.0507E+00  0.0000E+00 -7.2725E-01  0.0000E+00  1.8200E+00  5.5205E-01  0.0000E+00  0.0000E+00
  1.3000E+01  0.0000E+00  6.6900E+04  0.0000E+00  1.0000E+00  0.0000E+00  0.0000E+00  0.0000E+00  0.0000E+00  0.0000E+00  1.0000E+00  0.0000E+00  0.0000E+00
  1.3000E+01  0.0000E+00  6.6900E+04  0.0000E+00  1.0000E+00  0.0000E+00  0.0000E+00  0.0000E+00  0.0000E+00  0.0000E+00  1.0000E+00  0.0000E+00  0.0000E+00
  1.3000E+01  0.0000E+00  0.0000E+00  0.0000E+00  0.0000E+00  0.0000E+00  0.0000E+00  0.0000E+00  0.0000E+00  0.0000E+00  1.0000E+00  0.0000E+00  0.0000E+00
  1.3000E+01  2.5000E-01  0.0000E+00  2.8600E+00  0.0000E+00  2.1759E+00  0.0000E+00  5.6675E-01  0.0000E+00  2.8600E+00  5.7516E+00  0.0000E+00  0.0000E+00
  1.3000E+01  5.0000E-01  0.0000E+00  5.9700E+00  0.0000E+00  4.2007E+00  0.0000E+00  7.5928E-01  0.0000E+00  5.9700E+00  1.0703E+01  0.0000E+00  0.0000E+00
  1.3000E+01  1.0000E+00  0.0000E+00  9.6700E+00  0.0000E+00  7.8393E+00  0.0000E+00  4.2099E-01  0.0000E+00  9.6700E+00  1.8644E+01  0.0000E+00  0.0000E+00
  1.3000E+01  2.0000E+00  0.0000E+00  8.9800E+00  0.0000E+00  1.3728E+01  0.0000E+00 -6.2349E-01  0.0000E+00  8.9800E+00  2.8951E+01  0.0000E+00  0.0000E+00
  1.3000E+01  4.0000E+00  0.0000E+00  1.7100E+01  0.0000E+00  1.5304E+01  0.0000E+00  2.1158E-01  0.0000E+00  1.7100E+01  2.2752E+01  0.0000E+00  0.0000E+00
  1.3000E+01  6.0000E+00  0.0000E+00  2.7500E+01  0.0000E+00  1.8833E+01  0.0000E+00  8.2959E-01  0.0000E+00  2.7500E+01  2.9805E+01  0.0000E+00  0.0000E+00
  1.3000E+01  8.0000E+00  0.0000E+00  1.5000E+01  0.0000E+00  1.8683E+01  0.0000E+00 -3.5537E-01  0.0000E+00  1.5000E+01  2.5833E+01  0.0000E+00  0.0000E+00
  1.3000E+01  1.2000E+01  0.0000E+00  7.1400E+00  0.0000E+00  1.1173E+01  0.0000E+00 -6.5066E-01  0.0000E+00  7.1400E+00  1.0975E+01  0.0000E+00  0.0000E+00
  1.3000E+01  2.4000E+01  0.0000E+00  1.4000E+00  0.0000E+00  1.0287E+00  0.0000E+00  6.5073E-01  0.0000E+00  1.4000E+00  5.7259E-01  0.0000E+00  0.0000E+00
  1.4000E+01  0.0000E+00  7.7400E+04  0.0000E+00  1.0000E+00  0.0000E+00  0.0000E+00  0.0000E+00  0.0000E+00  0.0000E+00  1.0000E+00  0.0000E+00  0.0000E+00
  1.4000E+01  0.0000E+00  7.7400E+04  0.0000E+00  1.0000E+00  0.0000E+00  0.0000E+00  0.0000E+00  0.0000E+00  0.0000E+00  1.0000E+00  0.0000E+00  0.0000E+00
  1.4000E+01  0.0000E+00  0.0000E+00  0.0000E+00  0.0000E+00  0.0000E+00  0.0000E+00  0.0000E+00  0.0000E+00  0.0000E+00  1.0000E+00  0.0000E+00  0.0000E+00
  1.4000E+01  2.5000E-01  0.0000E+00  0.0000E+00  0.0000E+00  1.1064E+00  0.0000E+00 -1.8027E+00  0.0000E+00  0.0000E+00  6.2789E-02  0.0000E+00  0.0000E+00
  1.4000E+01  5.0000E-01  0.0000E+00  0.0000E+00  0.0000E+00  2.1591E+00  0.0000E+00 -1.8027E+00  0.0000E+00  0.0000E+00  4.8749E-02  0.0000E+00  0.0000E+00
  1.4000E+01  1.0000E+00  0.0000E+00  5.9400E+00  0.0000E+00  4.1138E+00  0.0000E+00  8.0024E-01  0.0000E+00  5.9400E+00  2.1571E+01  0.0000E+00  0.0000E+00
  1.4000E+01  2.0000E+00  0.0000E+00  9.3600E+00  0.0000E+00  7.4871E+00  0.0000E+00  4.5094E-01  0.0000E+00  9.3600E+00  3.3495E+01  0.0000E+00  0.0000E+00
  1.4000E+01  4.0000E+00  0.0000E+00  8.7400E+00  0.0000E+00  9.3029E+00  0.0000E+00 -1.0908E-01  0.0000E+00  8.7400E+00  2.6323E+01  0.0000E+00  0.0000E+00
  1.4000E+01  6.0000E+00  0.0000E+00  1.6700E+01  0.0000E+00  1.1690E+01  0.0000E+00  7.7249E-01  0.0000E+00  1.6700E+01  3.4483E+01  0.0000E+00  0.0000E+00
  1.4000E+01  8.0000E+00  0.0000E+00  8.7500E+00  0.0000E+00  1.2251E+01  0.0000E+00 -5.1517E-01  0.0000E+00  8.7500E+00  2.9888E+01  0.0000E+00  0.0000E+00
  1.4000E+01  1.2000E+01  0.0000E+00  3.6200E+00  0.0000E+00  8.5980E+00  0.0000E+00 -1.0437E+00  0.0000E+00  3.6200E+00  1.2697E+01  0.0000E+00  0.0000E+00
  1.4000E+01  2.4000E+01  0.0000E+00  1.4600E+00  0.0000E+00  1.3054E+00  0.0000E+00  2.1344E-01  0.0000E+00  1.4600E+00  6.6246E-01  0.0000E+00  0.0000E+00
  1.5000E+01  0.0000E+00  2.2700E+05  0.0000E+00  1.0000E+00  0.0000E+00  0.0000E+00  0.0000E+00  0.0000E+00  0.0000E+00  1.0000E+00  0.0000E+00  0.0000E+00
  1.5000E+01  0.0000E+00  2.2700E+05  0.0000E+00  1.0000E+00  0.0000E+00  0.0000E+00  0.0000E+00  0.0000E+00  0.0000E+00  1.0000E+00  0.0000E+00  0.0000E+00
  1.5000E+01  0.0000E+00  0.0000E+00  0.0000E+00  0.0000E+00  0.0000E+00  0.0000E+00  0.0000E+00  0.0000E+00  0.0000E+00  1.0000E+00  0.0000E+00  0.0000E+00
  1.5000E+01  2.5000E-01  0.0000E+00  1.1600E+01  0.0000E+00  1.5730E+01  0.0000E+00 -4.7328E-01  0.0000E+00  1.1600E+01  1.9516E+01  0.0000E+00  0.0000E+00
  1.5000E+01  5.0000E-01  0.0000E+00  4.0600E+01  0.0000E+00  2.8510E+01  0.0000E+00  7.6448E-01  0.0000E+00  4.0600E+01  3.6318E+01  0.0000E+00  0.0000E+00
  1.5000E+01  1.0000E+00  0.0000E+00  7.2100E+01  0.0000E+00  4.7345E+01  0.0000E+00  9.4257E-01  0.0000E+00  7.2100E+01  6.3263E+01  0.0000E+00  0.0000E+00
  1.5000E+01  2.0000E+00  0.0000E+00  3.9700E+01  0.0000E+00  6.8097E+01  0.0000E+00 -7.5173E-01  0.0000E+00  3.9700E+01  9.8233E+01  0.0000E+00  0.0000E+00
  1.5000E+01  4.0000E+00  0.0000E+00  4.5700E+01  0.0000E+00  4.1979E+01  0.0000E+00  1.5981E-01  0.0000E+00  4.5700E+01  7.7199E+01  0.0000E+00  0.0000E+00
  1.5000E+01  6.0000E+00  0.0000E+00  6.1800E+01  0.0000E+00  6.3092E+01  0.0000E+00 -3.6925E-02  0.0000E+00  6.1800E+01  1.0113E+02  0.0000E+00  0.0000E+00
  1.5000E+01  8.0000E+00  0.0000E+00  5.6100E+01  0.0000E+00  5.0182E+01  0.0000E+00  2.1258E-01  0.0000E+00  5.6100E+01  8.7655E+01  0.0000E+00  0.0000E+00
  1.5000E+01  1.2000E+01  0.0000E+00  2.7000E+01  0.0000E+00  1.8347E+01  0.0000E+00  8.5022E-01  0.0000E+00  2.7000E+01  3.7239E+01  0.0000E+00  0.0000E+00
  1.5000E+01  2.4000E+01  0.0000E+00  5.0000E-01  0.0000E+00  7.4755E-01  0.0000E+00 -5.9695E-01  1.0000E+00  5.0000E-01  1.9083E-01  0.0000E+00  0.0000E+00
  1.6000E+01  0.0000E+00  2.1500E+05  0.0000E+00  1.0000E+00  0.0000E+00  0.0000E+00  0.0000E+00  0.0000E+00  0.0000E+00  1.0000E+00  0.0000E+00  0.0000E+00
  1.6000E+01  0.0000E+00  2.1500E+05  0.0000E+00  1.0000E+00  0.0000E+00  0.0000E+00  0.0000E+00  0.0000E+00  0.0000E+00  1.0000E+00  0.0000E+00  0.0000E+00
  1.6000E+01  0.0000E+00  0.0000E+00  0.0000E+00  0.0000E+00  0.0000E+00  0.0000E+00  0.0000E+00  0.0000E+00  0.0000E+00  1.0000E+00  0.0000E+00  0.0000E+00
  1.6000E+01  2.5000E-01  0.0000E+00  6.4700E+00  0.0000E+00  3.0658E+01  0.0000E+00 -1.4222E+00  0.0000E+00  6.4700E+00  1.8484E+01  0.0000E+00  0.0000E+00
  1.6000E+01  5.0000E-01  0.0000E+00  1.1400E+01  0.0000E+00  5.7139E+01  0.0000E+00 -1.4430E+00  0.0000E+00  1.1400E+01  3.4398E+01  0.0000E+00  0.0000E+00
  1.6000E+01  1.0000E+00  0.0000E+00  1.5500E+02  0.0000E+00  9.9835E+01  0.0000E+00  9.9609E-01  0.0000E+00  1.5500E+02  5.9918E+01  0.0000E+00  0.0000E+00
  1.6000E+01  2.0000E+00  0.0000E+00  1.9400E+02  0.0000E+00  1.5597E+02  0.0000E+00  4.3954E-01  0.0000E+00  1.9400E+02  9.3041E+01  0.0000E+00  0.0000E+00
  1.6000E+01  4.0000E+00  0.0000E+00  8.8000E+01  0.0000E+00  1.2554E+02  0.0000E+00 -5.3905E-01  0.0000E+00  8.8000E+01  7.3118E+01  0.0000E+00  0.0000E+00
  1.6000E+01  6.0000E+00  0.0000E+00  3.2400E+02  0.0000E+00  1.6410E+02  0.0000E+00  1.7566E+00  0.0000E+00  3.2400E+02  9.5785E+01  0.0000E+00  0.0000E+00
  1.6000E+01  8.0000E+00  0.0000E+00  2.5300E+02  0.0000E+00  1.4417E+02  0.0000E+00  1.3608E+00  0.0000E+00  2.5300E+02  8.3021E+01  0.0000E+00  0.0000E+00
  1.6000E+01  1.2000E+01  0.0000E+00  7.2500E+01  0.0000E+00  6.4482E+01  0.0000E+00  2.2415E-01  0.0000E+00  7.2500E+01  3.5270E+01  0.0000E+00  0.0000E+00
  1.6000E+01  2.4000E+01  0.0000E+00  5.0000E-01  0.0000E+00  4.3793E+00  0.0000E+00 -1.5969E+00  1.0000E+00  5.0000E-01  2.0524E-01  0.0000E+00  0.0000E+00
  1.7000E+01  0.0000E+00  2.4900E+05  0.0000E+00  1.0000E+00  0.0000E+00  0.0000E+00  0.0000E+00  0.0000E+00  0.0000E+00  1.0000E+00  0.0000E+00  0.0000E+00
  1.7000E+01  0.0000E+00  2.4900E+05  0.0000E+00  1.0000E+00  0.0000E+00  0.0000E+00  0.0000E+00  0.0000E+00  0.0000E+00  1.0000E+00  0.0000E+00  0.0000E+00
  1.7000E+01  0.0000E+00  0.0000E+00  0.0000E+00  0.0000E+00  0.0000E+00  0.0000E+00  0.0000E+00  0.0000E+00  0.0000E+00  1.0000E+00  0.0000E+00  0.0000E+00
  1.7000E+01  2.5000E-01  0.0000E+00  1.0800E+01  0.0000E+00  1.0708E+01  0.0000E+00  1.5463E-02  0.0000E+00  1.0800E+01  2.1407E+01  0.0000E+00  0.0000E+00
  1.7000E+01  5.0000E-01  0.0000E+00  1.7400E+01  0.0000E+00  2.0284E+01  0.0000E+00 -2.5634E-01  0.0000E+00  1.7400E+01  3.9838E+01  0.0000E+00  0.0000E+00
  1.7000E+01  1.0000E+00  0.0000E+00  4.2300E+01  0.0000E+00  3.6515E+01  0.0000E+00  2.8562E-01  0.0000E+00  4.2300E+01  6.9394E+01  0.0000E+00  0.0000E+00
  1.7000E+01  2.0000E+00  0.0000E+00  4.8500E+01  0.0000E+00  5.9935E+01  0.0000E+00 -3.4394E-01  0.0000E+00  4.8500E+01  1.0775E+02  0.0000E+00  0.0000E+00
  1.7000E+01  4.0000E+00  0.0000E+00  5.4500E+01  0.0000E+00  5.5398E+01  0.0000E+00 -2.9213E-02  0.0000E+00  5.4500E+01  8.4681E+01  0.0000E+00  0.0000E+00
  1.7000E+01  6.0000E+00  0.0000E+00  1.3500E+02  0.0000E+00  6.8646E+01  0.0000E+00  1.7425E+00  0.0000E+00  1.3500E+02  1.1093E+02  0.0000E+00  0.0000E+00
  1.7000E+01  8.0000E+00  0.0000E+00  6.3900E+01  0.0000E+00  6.2906E+01  0.0000E+00  2.8481E-02  0.0000E+00  6.3900E+01  9.6150E+01  0.0000E+00  0.0000E+00
  1.7000E+01  1.2000E+01  0.0000E+00  3.6300E+01  0.0000E+00  3.0048E+01  0.0000E+00  3.7506E-01  0.0000E+00  3.6300E+01  4.0848E+01  0.0000E+00  0.0000E+00
  1.7000E+01  2.4000E+01  0.0000E+00  5.0000E-01  0.0000E+00  1.5988E+00  0.0000E+00 -1.2389E+00  1.0000E+00  5.0000E-01  1.6933E-01  0.0000E+00  0.0000E+00
