TABLE NO.  2
 ID          CL          V2          V3          Q           KA          F1          DOSE
  1.0000E+00  6.8263E+00  3.9200E+00  2.1393E+00  3.7933E-01  1.8163E-01  2.6084E-02  1.2500E+01
  1.0000E+00  6.8263E+00  3.9200E+00  2.1393E+00  3.7933E-01  1.8163E-01  2.6084E-02  1.2500E+01
  1.0000E+00  6.8263E+00  3.9200E+00  2.1393E+00  3.7933E-01  1.8163E-01  2.6084E-02  1.2500E+01
  1.0000E+00  6.8263E+00  3.9200E+00  2.1393E+00  3.7933E-01  1.8163E-01  2.6084E-02  1.2500E+01
  1.0000E+00  6.8263E+00  3.9200E+00  2.1393E+00  3.7933E-01  1.8163E-01  2.6084E-02  1.2500E+01
  1.0000E+00  6.8263E+00  3.9200E+00  2.1393E+00  3.7933E-01  1.8163E-01  2.6084E-02  1.2500E+01
  1.0000E+00  6.8263E+00  3.9200E+00  2.1393E+00  3.7933E-01  1.8163E-01  2.6084E-02  1.2500E+01
  1.0000E+00  6.8263E+00  3.9200E+00  2.1393E+00  3.7933E-01  1.8163E-01  2.6084E-02  1.2500E+01
  1.0000E+00  6.8263E+00  3.9200E+00  2.1393E+00  3.7933E-01  1.8163E-01  2.6084E-02  1.2500E+01
  1.0000E+00  6.8263E+00  3.9200E+00  2.1393E+00  3.7933E-01  1.8163E-01  2.6084E-02  1.2500E+01
  1.0000E+00  6.8263E+00  3.9200E+00  2.1393E+00  3.7933E-01  1.8163E-01  2.6084E-02  1.2500E+01
  1.0000E+00  6.8263E+00  3.9200E+00  2.1393E+00  3.7933E-01  1.8163E-01  2.6084E-02  1.2500E+01
  1.0000E+00  6.8263E+00  3.9200E+00  2.1393E+00  3.7933E-01  1.8163E-01  2.6084E-02  1.2500E+01
  2.0000E+00  6.8263E+00  3.9200E+00  2.1393E+00  3.7933E-01  1.8163E-01  2.6084E-02  1.2500E+01
  2.0000E+00  6.8263E+00  3.9200E+00  2.1393E+00  3.7933E-01  1.8163E-01  2.6084E-02  1.2500E+01
  2.0000E+00  6.8263E+00  3.9200E+00  2.1393E+00  3.7933E-01  1.8163E-01  2.6084E-02  1.2500E+01
  2.0000E+00  6.8263E+00  3.9200E+00  2.1393E+00  3.7933E-01  1.8163E-01  2.6084E-02  1.2500E+01
  2.0000E+00  6.8263E+00  3.9200E+00  2.1393E+00  3.7933E-01  1.8163E-01  2.6084E-02  1.2500E+01
  2.0000E+00  6.8263E+00  3.9200E+00  2.1393E+00  3.7933E-01  1.8163E-01  2.6084E-02  1.2500E+01
  2.0000E+00  6.8263E+00  3.9200E+00  2.1393E+00  3.7933E-01  1.8163E-01  2.6084E-02  1.2500E+01
  2.0000E+00  6.8263E+00  3.9200E+00  2.1393E+00  3.7933E-01  1.8163E-01  2.6084E-02  1.2500E+01
  2.0000E+00  6.8263E+00  3.9200E+00  2.1393E+00  3.7933E-01  1.8163E-01  2.6084E-02  1.2500E+01
  2.0000E+00  6.8263E+00  3.9200E+00  2.1393E+00  3.7933E-01  1.8163E-01  2.6084E-02  1.2500E+01
  2.0000E+00  6.8263E+00  3.9200E+00  2.1393E+00  3.7933E-01  1.8163E-01  2.6084E-02  1.2500E+01
  2.0000E+00  6.8263E+00  3.9200E+00  2.1393E+00  3.7933E-01  1.8163E-01  2.6084E-02  1.2500E+01
  2.0000E+00  6.8263E+00  3.9200E+00  2.1393E+00  3.7933E-01  1.8163E-01  2.6084E-02  1.2500E+01
  3.0000E+00  6.8263E+00  3.9200E+00  2.1393E+00  3.7933E-01  1.8163E-01  1.0000E+00  2.5000E+00
  3.0000E+00  6.8263E+00  3.9200E+00  2.1393E+00  3.7933E-01  1.8163E-01  1.0000E+00  2.5000E+00
  3.0000E+00  6.8263E+00  3.9200E+00  2.1393E+00  3.7933E-01  1.8163E-01  1.0000E+00  2.5000E+00
  3.0000E+00  6.8263E+00  3.9200E+00  2.1393E+00  3.7933E-01  1.8163E-01  1.0000E+00  2.5000E+00
  3.0000E+00  6.8263E+00  3.9200E+00  2.1393E+00  3.7933E-01  1.8163E-01  1.0000E+00  2.5000E+00
  3.0000E+00  6.8263E+00  3.9200E+00  2.1393E+00  3.7933E-01  1.8163E-01  1.0000E+00  2.5000E+00
  3.0000E+00  6.8263E+00  3.9200E+00  2.1393E+00  3.7933E-01  1.8163E-01  1.0000E+00  2.5000E+00
  3.0000E+00  6.8263E+00  3.9200E+00  2.1393E+00  3.7933E-01  1.8163E-01  1.0000E+00  2.5000E+00
  3.0000E+00  6.8263E+00  3.9200E+00  2.1393E+00  3.7933E-01  1.8163E-01  1.0000E+00  2.5000E+00
  3.0000E+00  6.8263E+00  3.9200E+00  2.1393E+00  3.7933E-01  1.8163E-01  1.0000E+00  2.5000E+00
  3.0000E+00  6.8263E+00  3.9200E+00  2.1393E+00  3.7933E-01  1.8163E-01  1.0000E+00  2.5000E+00
  3.0000E+00  6.8263E+00  3.9200E+00  2.1393E+00  3.7933E-01  1.8163E-01  1.0000E+00  2.5000E+00
  4.0000E+00  6.8263E+00  3.9200E+00  2.1393E+00  3.7933E-01  1.8163E-01  1.0000E+00  2.5000E+00
  4.0000E+00  6.8263E+00  3.9200E+00  2.1393E+00  3.7933E-01  1.8163E-01  1.0000E+00  2.5000E+00
  4.0000E+00  6.8263E+00  3.9200E+00  2.1393E+00  3.7933E-01  1.8163E-01  1.0000E+00  2.5000E+00
  4.0000E+00  6.8263E+00  3.9200E+00  2.1393E+00  3.7933E-01  1.8163E-01  1.0000E+00  2.5000E+00
  4.0000E+00  6.8263E+00  3.9200E+00  2.1393E+00  3.7933E-01  1.8163E-01  1.0000E+00  2.5000E+00
  4.0000E+00  6.8263E+00  3.9200E+00  2.1393E+00  3.7933E-01  1.8163E-01  1.0000E+00  2.5000E+00
  4.0000E+00  6.8263E+00  3.9200E+00  2.1393E+00  3.7933E-01  1.8163E-01  1.0000E+00  2.5000E+00
  4.0000E+00  6.8263E+00  3.9200E+00  2.1393E+00  3.7933E-01  1.8163E-01  1.0000E+00  2.5000E+00
  4.0000E+00  6.8263E+00  3.9200E+00  2.1393E+00  3.7933E-01  1.8163E-01  1.0000E+00  2.5000E+00
  4.0000E+00  6.8263E+00  3.9200E+00  2.1393E+00  3.7933E-01  1.8163E-01  1.0000E+00  2.5000E+00
  4.0000E+00  6.8263E+00  3.9200E+00  2.1393E+00  3.7933E-01  1.8163E-01  1.0000E+00  2.5000E+00
  4.0000E+00  6.8263E+00  3.9200E+00  2.1393E+00  3.7933E-01  1.8163E-01  1.0000E+00  2.5000E+00
  5.0000E+00  6.8263E+00  3.9200E+00  2.1393E+00  3.7933E-01  1.8163E-01  1.0000E+00  2.5000E+00
  5.0000E+00  6.8263E+00  3.9200E+00  2.1393E+00  3.7933E-01  1.8163E-01  1.0000E+00  2.5000E+00
  5.0000E+00  6.8263E+00  3.9200E+00  2.1393E+00  3.7933E-01  1.8163E-01  1.0000E+00  2.5000E+00
  5.0000E+00  6.8263E+00  3.9200E+00  2.1393E+00  3.7933E-01  1.8163E-01  1.0000E+00  2.5000E+00
  5.0000E+00  6.8263E+00  3.9200E+00  2.1393E+00  3.7933E-01  1.8163E-01  1.0000E+00  2.5000E+00
  5.0000E+00  6.8263E+00  3.9200E+00  2.1393E+00  3.7933E-01  1.8163E-01  1.0000E+00  2.5000E+00
  5.0000E+00  6.8263E+00  3.9200E+00  2.1393E+00  3.7933E-01  1.8163E-01  1.0000E+00  2.5000E+00
  5.0000E+00  6.8263E+00  3.9200E+00  2.1393E+00  3.7933E-01  1.8163E-01  1.0000E+00  2.5000E+00
  5.0000E+00  6.8263E+00  3.9200E+00  2.1393E+00  3.7933E-01  1.8163E-01  1.0000E+00  2.5000E+00
  5.0000E+00  6.8263E+00  3.9200E+00  2.1393E+00  3.7933E-01  1.8163E-01  1.0000E+00  2.5000E+00
  5.0000E+00  6.8263E+00  3.9200E+00  2.1393E+00  3.7933E-01  1.8163E-01  1.0000E+00  2.5000E+00
  5.0000E+00  6.8263E+00  3.9200E+00  2.1393E+00  3.7933E-01  1.8163E-01  1.0000E+00  2.5000E+00
  6.0000E+00  6.8263E+00  3.9200E+00  2.1393E+00  3.7933E-01  1.8163E-01  2.6084E-02  1.0000E+01
  6.0000E+00  6.8263E+00  3.9200E+00  2.1393E+00  3.7933E-01  1.8163E-01  2.6084E-02  1.0000E+01
  6.0000E+00  6.8263E+00  3.9200E+00  2.1393E+00  3.7933E-01  1.8163E-01  2.6084E-02  1.0000E+01
  6.0000E+00  6.8263E+00  3.9200E+00  2.1393E+00  3.7933E-01  1.8163E-01  2.6084E-02  1.0000E+01
  6.0000E+00  6.8263E+00  3.9200E+00  2.1393E+00  3.7933E-01  1.8163E-01  2.6084E-02  1.0000E+01
  6.0000E+00  6.8263E+00  3.9200E+00  2.1393E+00  3.7933E-01  1.8163E-01  2.6084E-02  1.0000E+01
  6.0000E+00  6.8263E+00  3.9200E+00  2.1393E+00  3.7933E-01  1.8163E-01  2.6084E-02  1.0000E+01
  6.0000E+00  6.8263E+00  3.9200E+00  2.1393E+00  3.7933E-01  1.8163E-01  2.6084E-02  1.0000E+01
  6.0000E+00  6.8263E+00  3.9200E+00  2.1393E+00  3.7933E-01  1.8163E-01  2.6084E-02  1.0000E+01
  6.0000E+00  6.8263E+00  3.9200E+00  2.1393E+00  3.7933E-01  1.8163E-01  2.6084E-02  1.0000E+01
  6.0000E+00  6.8263E+00  3.9200E+00  2.1393E+00  3.7933E-01  1.8163E-01  2.6084E-02  1.0000E+01
  6.0000E+00  6.8263E+00  3.9200E+00  2.1393E+00  3.7933E-01  1.8163E-01  2.6084E-02  1.0000E+01
  7.0000E+00  6.8263E+00  3.9200E+00  2.1393E+00  3.7933E-01  1.8163E-01  2.6084E-02  1.0000E+01
  7.0000E+00  6.8263E+00  3.9200E+00  2.1393E+00  3.7933E-01  1.8163E-01  2.6084E-02  1.0000E+01
  7.0000E+00  6.8263E+00  3.9200E+00  2.1393E+00  3.7933E-01  1.8163E-01  2.6084E-02  1.0000E+01
  7.0000E+00  6.8263E+00  3.9200E+00  2.1393E+00  3.7933E-01  1.8163E-01  2.6084E-02  1.0000E+01
  7.0000E+00  6.8263E+00  3.9200E+00  2.1393E+00  3.7933E-01  1.8163E-01  2.6084E-02  1.0000E+01
  7.0000E+00  6.8263E+00  3.9200E+00  2.1393E+00  3.7933E-01  1.8163E-01  2.6084E-02  1.0000E+01
  7.0000E+00  6.8263E+00  3.9200E+00  2.1393E+00  3.7933E-01  1.8163E-01  2.6084E-02  1.0000E+01
  7.0000E+00  6.8263E+00  3.9200E+00  2.1393E+00  3.7933E-01  1.8163E-01  2.6084E-02  1.0000E+01
  7.0000E+00  6.8263E+00  3.9200E+00  2.1393E+00  3.7933E-01  1.8163E-01  2.6084E-02  1.0000E+01
  7.0000E+00  6.8263E+00  3.9200E+00  2.1393E+00  3.7933E-01  1.8163E-01  2.6084E-02  1.0000E+01
  7.0000E+00  6.8263E+00  3.9200E+00  2.1393E+00  3.7933E-01  1.8163E-01  2.6084E-02  1.0000E+01
  7.0000E+00  6.8263E+00  3.9200E+00  2.1393E+00  3.7933E-01  1.8163E-01  2.6084E-02  1.0000E+01
  8.0000E+00  6.8263E+00  3.9200E+00  2.1393E+00  3.7933E-01  1.8163E-01  2.6084E-02  1.0000E+01
  8.0000E+00  6.8263E+00  3.9200E+00  2.1393E+00  3.7933E-01  1.8163E-01  2.6084E-02  1.0000E+01
  8.0000E+00  6.8263E+00  3.9200E+00  2.1393E+00  3.7933E-01  1.8163E-01  2.6084E-02  1.0000E+01
  8.0000E+00  6.8263E+00  3.9200E+00  2.1393E+00  3.7933E-01  1.8163E-01  2.6084E-02  1.0000E+01
  8.0000E+00  6.8263E+00  3.9200E+00  2.1393E+00  3.7933E-01  1.8163E-01  2.6084E-02  1.0000E+01
  8.0000E+00  6.8263E+00  3.9200E+00  2.1393E+00  3.7933E-01  1.8163E-01  2.6084E-02  1.0000E+01
  8.0000E+00  6.8263E+00  3.9200E+00  2.1393E+00  3.7933E-01  1.8163E-01  2.6084E-02  1.0000E+01
  8.0000E+00  6.8263E+00  3.9200E+00  2.1393E+00  3.7933E-01  1.8163E-01  2.6084E-02  1.0000E+01
  8.0000E+00  6.8263E+00  3.9200E+00  2.1393E+00  3.7933E-01  1.8163E-01  2.6084E-02  1.0000E+01
  8.0000E+00  6.8263E+00  3.9200E+00  2.1393E+00  3.7933E-01  1.8163E-01  2.6084E-02  1.0000E+01
  8.0000E+00  6.8263E+00  3.9200E+00  2.1393E+00  3.7933E-01  1.8163E-01  2.6084E-02  1.0000E+01
  8.0000E+00  6.8263E+00  3.9200E+00  2.1393E+00  3.7933E-01  1.8163E-01  2.6084E-02  1.0000E+01
  9.0000E+00  6.8263E+00  3.9200E+00  2.1393E+00  3.7933E-01  1.8163E-01  2.6084E-02  3.0000E+01
  9.0000E+00  6.8263E+00  3.9200E+00  2.1393E+00  3.7933E-01  1.8163E-01  2.6084E-02  3.0000E+01
  9.0000E+00  6.8263E+00  3.9200E+00  2.1393E+00  3.7933E-01  1.8163E-01  2.6084E-02  3.0000E+01
  9.0000E+00  6.8263E+00  3.9200E+00  2.1393E+00  3.7933E-01  1.8163E-01  2.6084E-02  3.0000E+01
  9.0000E+00  6.8263E+00  3.9200E+00  2.1393E+00  3.7933E-01  1.8163E-01  2.6084E-02  3.0000E+01
  9.0000E+00  6.8263E+00  3.9200E+00  2.1393E+00  3.7933E-01  1.8163E-01  2.6084E-02  3.0000E+01
  9.0000E+00  6.8263E+00  3.9200E+00  2.1393E+00  3.7933E-01  1.8163E-01  2.6084E-02  3.0000E+01
  9.0000E+00  6.8263E+00  3.9200E+00  2.1393E+00  3.7933E-01  1.8163E-01  2.6084E-02  3.0000E+01
  9.0000E+00  6.8263E+00  3.9200E+00  2.1393E+00  3.7933E-01  1.8163E-01  2.6084E-02  3.0000E+01
  9.0000E+00  6.8263E+00  3.9200E+00  2.1393E+00  3.7933E-01  1.8163E-01  2.6084E-02  3.0000E+01
  9.0000E+00  6.8263E+00  3.9200E+00  2.1393E+00  3.7933E-01  1.8163E-01  2.6084E-02  3.0000E+01
  9.0000E+00  6.8263E+00  3.9200E+00  2.1393E+00  3.7933E-01  1.8163E-01  2.6084E-02  3.0000E+01
  1.0000E+01  6.8263E+00  3.9200E+00  2.1393E+00  3.7933E-01  1.8163E-01  2.6084E-02  3.0000E+01
  1.0000E+01  6.8263E+00  3.9200E+00  2.1393E+00  3.7933E-01  1.8163E-01  2.6084E-02  3.0000E+01
  1.0000E+01  6.8263E+00  3.9200E+00  2.1393E+00  3.7933E-01  1.8163E-01  2.6084E-02  3.0000E+01
  1.0000E+01  6.8263E+00  3.9200E+00  2.1393E+00  3.7933E-01  1.8163E-01  2.6084E-02  3.0000E+01
  1.0000E+01  6.8263E+00  3.9200E+00  2.1393E+00  3.7933E-01  1.8163E-01  2.6084E-02  3.0000E+01
  1.0000E+01  6.8263E+00  3.9200E+00  2.1393E+00  3.7933E-01  1.8163E-01  2.6084E-02  3.0000E+01
  1.0000E+01  6.8263E+00  3.9200E+00  2.1393E+00  3.7933E-01  1.8163E-01  2.6084E-02  3.0000E+01
  1.0000E+01  6.8263E+00  3.9200E+00  2.1393E+00  3.7933E-01  1.8163E-01  2.6084E-02  3.0000E+01
  1.0000E+01  6.8263E+00  3.9200E+00  2.1393E+00  3.7933E-01  1.8163E-01  2.6084E-02  3.0000E+01
  1.0000E+01  6.8263E+00  3.9200E+00  2.1393E+00  3.7933E-01  1.8163E-01  2.6084E-02  3.0000E+01
  1.0000E+01  6.8263E+00  3.9200E+00  2.1393E+00  3.7933E-01  1.8163E-01  2.6084E-02  3.0000E+01
  1.0000E+01  6.8263E+00  3.9200E+00  2.1393E+00  3.7933E-01  1.8163E-01  2.6084E-02  3.0000E+01
  1.1000E+01  6.8263E+00  3.9200E+00  2.1393E+00  3.7933E-01  1.8163E-01  2.6084E-02  3.0000E+01
  1.1000E+01  6.8263E+00  3.9200E+00  2.1393E+00  3.7933E-01  1.8163E-01  2.6084E-02  3.0000E+01
  1.1000E+01  6.8263E+00  3.9200E+00  2.1393E+00  3.7933E-01  1.8163E-01  2.6084E-02  3.0000E+01
  1.1000E+01  6.8263E+00  3.9200E+00  2.1393E+00  3.7933E-01  1.8163E-01  2.6084E-02  3.0000E+01
  1.1000E+01  6.8263E+00  3.9200E+00  2.1393E+00  3.7933E-01  1.8163E-01  2.6084E-02  3.0000E+01
  1.1000E+01  6.8263E+00  3.9200E+00  2.1393E+00  3.7933E-01  1.8163E-01  2.6084E-02  3.0000E+01
  1.1000E+01  6.8263E+00  3.9200E+00  2.1393E+00  3.7933E-01  1.8163E-01  2.6084E-02  3.0000E+01
  1.1000E+01  6.8263E+00  3.9200E+00  2.1393E+00  3.7933E-01  1.8163E-01  2.6084E-02  3.0000E+01
  1.1000E+01  6.8263E+00  3.9200E+00  2.1393E+00  3.7933E-01  1.8163E-01  2.6084E-02  3.0000E+01
  1.1000E+01  6.8263E+00  3.9200E+00  2.1393E+00  3.7933E-01  1.8163E-01  2.6084E-02  3.0000E+01
  1.1000E+01  6.8263E+00  3.9200E+00  2.1393E+00  3.7933E-01  1.8163E-01  2.6084E-02  3.0000E+01
  1.1000E+01  6.8263E+00  3.9200E+00  2.1393E+00  3.7933E-01  1.8163E-01  2.6084E-02  3.0000E+01
  1.2000E+01  6.8263E+00  3.9200E+00  2.1393E+00  3.7933E-01  1.8163E-01  2.6084E-02  3.0000E+01
  1.2000E+01  6.8263E+00  3.9200E+00  2.1393E+00  3.7933E-01  1.8163E-01  2.6084E-02  3.0000E+01
  1.2000E+01  6.8263E+00  3.9200E+00  2.1393E+00  3.7933E-01  1.8163E-01  2.6084E-02  3.0000E+01
  1.2000E+01  6.8263E+00  3.9200E+00  2.1393E+00  3.7933E-01  1.8163E-01  2.6084E-02  3.0000E+01
  1.2000E+01  6.8263E+00  3.9200E+00  2.1393E+00  3.7933E-01  1.8163E-01  2.6084E-02  3.0000E+01
  1.2000E+01  6.8263E+00  3.9200E+00  2.1393E+00  3.7933E-01  1.8163E-01  2.6084E-02  3.0000E+01
  1.2000E+01  6.8263E+00  3.9200E+00  2.1393E+00  3.7933E-01  1.8163E-01  2.6084E-02  3.0000E+01
  1.2000E+01  6.8263E+00  3.9200E+00  2.1393E+00  3.7933E-01  1.8163E-01  2.6084E-02  3.0000E+01
  1.2000E+01  6.8263E+00  3.9200E+00  2.1393E+00  3.7933E-01  1.8163E-01  2.6084E-02  3.0000E+01
  1.2000E+01  6.8263E+00  3.9200E+00  2.1393E+00  3.7933E-01  1.8163E-01  2.6084E-02  3.0000E+01
  1.2000E+01  6.8263E+00  3.9200E+00  2.1393E+00  3.7933E-01  1.8163E-01  2.6084E-02  3.0000E+01
  1.2000E+01  6.8263E+00  3.9200E+00  2.1393E+00  3.7933E-01  1.8163E-01  2.6084E-02  3.0000E+01
  1.3000E+01  6.8263E+00  3.9200E+00  2.1393E+00  3.7933E-01  1.8163E-01  2.6084E-02  3.0000E+01
  1.3000E+01  6.8263E+00  3.9200E+00  2.1393E+00  3.7933E-01  1.8163E-01  2.6084E-02  3.0000E+01
  1.3000E+01  6.8263E+00  3.9200E+00  2.1393E+00  3.7933E-01  1.8163E-01  2.6084E-02  3.0000E+01
  1.3000E+01  6.8263E+00  3.9200E+00  2.1393E+00  3.7933E-01  1.8163E-01  2.6084E-02  3.0000E+01
  1.3000E+01  6.8263E+00  3.9200E+00  2.1393E+00  3.7933E-01  1.8163E-01  2.6084E-02  3.0000E+01
  1.3000E+01  6.8263E+00  3.9200E+00  2.1393E+00  3.7933E-01  1.8163E-01  2.6084E-02  3.0000E+01
  1.3000E+01  6.8263E+00  3.9200E+00  2.1393E+00  3.7933E-01  1.8163E-01  2.6084E-02  3.0000E+01
  1.3000E+01  6.8263E+00  3.9200E+00  2.1393E+00  3.7933E-01  1.8163E-01  2.6084E-02  3.0000E+01
  1.3000E+01  6.8263E+00  3.9200E+00  2.1393E+00  3.7933E-01  1.8163E-01  2.6084E-02  3.0000E+01
  1.3000E+01  6.8263E+00  3.9200E+00  2.1393E+00  3.7933E-01  1.8163E-01  2.6084E-02  3.0000E+01
  1.3000E+01  6.8263E+00  3.9200E+00  2.1393E+00  3.7933E-01  1.8163E-01  2.6084E-02  3.0000E+01
  1.3000E+01  6.8263E+00  3.9200E+00  2.1393E+00  3.7933E-01  1.8163E-01  2.6084E-02  3.0000E+01
  1.4000E+01  6.8263E+00  3.9200E+00  2.1393E+00  3.7933E-01  1.8163E-01  2.6084E-02  3.0000E+01
  1.4000E+01  6.8263E+00  3.9200E+00  2.1393E+00  3.7933E-01  1.8163E-01  2.6084E-02  3.0000E+01
  1.4000E+01  6.8263E+00  3.9200E+00  2.1393E+00  3.7933E-01  1.8163E-01  2.6084E-02  3.0000E+01
  1.4000E+01  6.8263E+00  3.9200E+00  2.1393E+00  3.7933E-01  1.8163E-01  2.6084E-02  3.0000E+01
  1.4000E+01  6.8263E+00  3.9200E+00  2.1393E+00  3.7933E-01  1.8163E-01  2.6084E-02  3.0000E+01
  1.4000E+01  6.8263E+00  3.9200E+00  2.1393E+00  3.7933E-01  1.8163E-01  2.6084E-02  3.0000E+01
  1.4000E+01  6.8263E+00  3.9200E+00  2.1393E+00  3.7933E-01  1.8163E-01  2.6084E-02  3.0000E+01
  1.4000E+01  6.8263E+00  3.9200E+00  2.1393E+00  3.7933E-01  1.8163E-01  2.6084E-02  3.0000E+01
  1.4000E+01  6.8263E+00  3.9200E+00  2.1393E+00  3.7933E-01  1.8163E-01  2.6084E-02  3.0000E+01
  1.4000E+01  6.8263E+00  3.9200E+00  2.1393E+00  3.7933E-01  1.8163E-01  2.6084E-02  3.0000E+01
  1.4000E+01  6.8263E+00  3.9200E+00  2.1393E+00  3.7933E-01  1.8163E-01  2.6084E-02  3.0000E+01
  1.4000E+01  6.8263E+00  3.9200E+00  2.1393E+00  3.7933E-01  1.8163E-01  2.6084E-02  3.0000E+01
  1.5000E+01  6.8263E+00  3.9200E+00  2.1393E+00  3.7933E-01  1.8163E-01  2.6084E-02  1.0000E+02
  1.5000E+01  6.8263E+00  3.9200E+00  2.1393E+00  3.7933E-01  1.8163E-01  2.6084E-02  1.0000E+02
  1.5000E+01  6.8263E+00  3.9200E+00  2.1393E+00  3.7933E-01  1.8163E-01  2.6084E-02  1.0000E+02
  1.5000E+01  6.8263E+00  3.9200E+00  2.1393E+00  3.7933E-01  1.8163E-01  2.6084E-02  1.0000E+02
  1.5000E+01  6.8263E+00  3.9200E+00  2.1393E+00  3.7933E-01  1.8163E-01  2.6084E-02  1.0000E+02
  1.5000E+01  6.8263E+00  3.9200E+00  2.1393E+00  3.7933E-01  1.8163E-01  2.6084E-02  1.0000E+02
  1.5000E+01  6.8263E+00  3.9200E+00  2.1393E+00  3.7933E-01  1.8163E-01  2.6084E-02  1.0000E+02
  1.5000E+01  6.8263E+00  3.9200E+00  2.1393E+00  3.7933E-01  1.8163E-01  2.6084E-02  1.0000E+02
  1.5000E+01  6.8263E+00  3.9200E+00  2.1393E+00  3.7933E-01  1.8163E-01  2.6084E-02  1.0000E+02
  1.5000E+01  6.8263E+00  3.9200E+00  2.1393E+00  3.7933E-01  1.8163E-01  2.6084E-02  1.0000E+02
  1.5000E+01  6.8263E+00  3.9200E+00  2.1393E+00  3.7933E-01  1.8163E-01  2.6084E-02  1.0000E+02
  1.5000E+01  6.8263E+00  3.9200E+00  2.1393E+00  3.7933E-01  1.8163E-01  2.6084E-02  1.0000E+02
  1.6000E+01  6.8263E+00  3.9200E+00  2.1393E+00  3.7933E-01  1.8163E-01  2.6084E-02  1.0000E+02
  1.6000E+01  6.8263E+00  3.9200E+00  2.1393E+00  3.7933E-01  1.8163E-01  2.6084E-02  1.0000E+02
  1.6000E+01  6.8263E+00  3.9200E+00  2.1393E+00  3.7933E-01  1.8163E-01  2.6084E-02  1.0000E+02
  1.6000E+01  6.8263E+00  3.9200E+00  2.1393E+00  3.7933E-01  1.8163E-01  2.6084E-02  1.0000E+02
  1.6000E+01  6.8263E+00  3.9200E+00  2.1393E+00  3.7933E-01  1.8163E-01  2.6084E-02  1.0000E+02
  1.6000E+01  6.8263E+00  3.9200E+00  2.1393E+00  3.7933E-01  1.8163E-01  2.6084E-02  1.0000E+02
  1.6000E+01  6.8263E+00  3.9200E+00  2.1393E+00  3.7933E-01  1.8163E-01  2.6084E-02  1.0000E+02
  1.6000E+01  6.8263E+00  3.9200E+00  2.1393E+00  3.7933E-01  1.8163E-01  2.6084E-02  1.0000E+02
  1.6000E+01  6.8263E+00  3.9200E+00  2.1393E+00  3.7933E-01  1.8163E-01  2.6084E-02  1.0000E+02
  1.6000E+01  6.8263E+00  3.9200E+00  2.1393E+00  3.7933E-01  1.8163E-01  2.6084E-02  1.0000E+02
  1.6000E+01  6.8263E+00  3.9200E+00  2.1393E+00  3.7933E-01  1.8163E-01  2.6084E-02  1.0000E+02
  1.6000E+01  6.8263E+00  3.9200E+00  2.1393E+00  3.7933E-01  1.8163E-01  2.6084E-02  1.0000E+02
  1.7000E+01  6.8263E+00  3.9200E+00  2.1393E+00  3.7933E-01  1.8163E-01  2.6084E-02  1.0000E+02
  1.7000E+01  6.8263E+00  3.9200E+00  2.1393E+00  3.7933E-01  1.8163E-01  2.6084E-02  1.0000E+02
  1.7000E+01  6.8263E+00  3.9200E+00  2.1393E+00  3.7933E-01  1.8163E-01  2.6084E-02  1.0000E+02
  1.7000E+01  6.8263E+00  3.9200E+00  2.1393E+00  3.7933E-01  1.8163E-01  2.6084E-02  1.0000E+02
  1.7000E+01  6.8263E+00  3.9200E+00  2.1393E+00  3.7933E-01  1.8163E-01  2.6084E-02  1.0000E+02
  1.7000E+01  6.8263E+00  3.9200E+00  2.1393E+00  3.7933E-01  1.8163E-01  2.6084E-02  1.0000E+02
  1.7000E+01  6.8263E+00  3.9200E+00  2.1393E+00  3.7933E-01  1.8163E-01  2.6084E-02  1.0000E+02
  1.7000E+01  6.8263E+00  3.9200E+00  2.1393E+00  3.7933E-01  1.8163E-01  2.6084E-02  1.0000E+02
  1.7000E+01  6.8263E+00  3.9200E+00  2.1393E+00  3.7933E-01  1.8163E-01  2.6084E-02  1.0000E+02
  1.7000E+01  6.8263E+00  3.9200E+00  2.1393E+00  3.7933E-01  1.8163E-01  2.6084E-02  1.0000E+02
  1.7000E+01  6.8263E+00  3.9200E+00  2.1393E+00  3.7933E-01  1.8163E-01  2.6084E-02  1.0000E+02
  1.7000E+01  6.8263E+00  3.9200E+00  2.1393E+00  3.7933E-01  1.8163E-01  2.6084E-02  1.0000E+02
