TABLE NO.  1
 ID          TIME        AMT         DV          MDV         IPRED       CWRES       IWRES       BQL         DV          PRED        RES         WRES
  1.0000E+00  0.0000E+00  2.9000E+04  0.0000E+00  1.0000E+00  0.0000E+00  0.0000E+00  0.0000E+00  0.0000E+00  0.0000E+00  1.0000E+00  0.0000E+00  0.0000E+00
  1.0000E+00  0.0000E+00  2.9000E+04  0.0000E+00  1.0000E+00  0.0000E+00  0.0000E+00  0.0000E+00  0.0000E+00  0.0000E+00  1.0000E+00  0.0000E+00  0.0000E+00
  1.0000E+00  0.0000E+00  0.0000E+00  0.0000E+00  0.0000E+00  0.0000E+00  0.0000E+00  0.0000E+00  0.0000E+00  0.0000E+00  1.0000E+00  0.0000E+00  0.0000E+00
  1.0000E+00  2.5000E-01  0.0000E+00  7.3000E-01  0.0000E+00  6.8569E+00  0.0000E+00 -8.2895E-01  0.0000E+00  7.3000E-01  2.1406E-01  0.0000E+00  0.0000E+00
  1.0000E+00  5.0000E-01  0.0000E+00  2.7500E+00  0.0000E+00  1.0889E+01  0.0000E+00 -6.9342E-01  0.0000E+00  2.7500E+00  1.0889E+01  0.0000E+00  0.0000E+00
  1.0000E+00  1.0000E+00  0.0000E+00  7.2700E+00  0.0000E+00  1.4316E+01  0.0000E+00 -4.5660E-01  0.0000E+00  7.2700E+00  1.4316E+01  0.0000E+00  0.0000E+00
  1.0000E+00  2.0000E+00  0.0000E+00  6.4500E+00  0.0000E+00  1.4317E+01  0.0000E+00 -5.0976E-01  0.0000E+00  6.4500E+00  1.4317E+01  0.0000E+00  0.0000E+00
  1.0000E+00  3.0000E+00  0.0000E+00  6.8500E+00  0.0000E+00  1.2418E+01  0.0000E+00 -4.1598E-01  0.0000E+00  6.8500E+00  1.2418E+01  0.0000E+00  0.0000E+00
  1.0000E+00  4.0000E+00  0.0000E+00  4.2300E+00  0.0000E+00  1.0520E+01  0.0000E+00 -5.5468E-01  0.0000E+00  4.2300E+00  1.0520E+01  0.0000E+00  0.0000E+00
  1.0000E+00  6.0000E+00  0.0000E+00  6.0300E+00  0.0000E+00  7.4790E+00  0.0000E+00 -1.7974E-01  0.0000E+00  6.0300E+00  7.4790E+00  0.0000E+00  0.0000E+00
  1.0000E+00  8.0000E+00  0.0000E+00  8.1100E+00  0.0000E+00  9.6230E+00  0.0000E+00 -1.4586E-01  0.0000E+00  8.1100E+00  9.6230E+00  0.0000E+00  0.0000E+00
  1.0000E+00  1.2000E+01  0.0000E+00  5.0000E-01  0.0000E+00  5.6892E+00  0.0000E+00 -8.4619E-01  1.0000E+00  5.0000E-01  2.2224E-01  0.0000E+00  0.0000E+00
  1.0000E+00  2.4000E+01  0.0000E+00  5.0000E-01  0.0000E+00  3.6915E-01  0.0000E+00  3.2883E-01  1.0000E+00  5.0000E-01  9.4356E-01  0.0000E+00  0.0000E+00
  2.0000E+00  0.0000E+00  2.9000E+04  0.0000E+00  1.0000E+00  0.0000E+00  0.0000E+00  0.0000E+00  0.0000E+00  0.0000E+00  1.0000E+00  0.0000E+00  0.0000E+00
  2.0000E+00  0.0000E+00  2.9000E+04  0.0000E+00  1.0000E+00  0.0000E+00  0.0000E+00  0.0000E+00  0.0000E+00  0.0000E+00  1.0000E+00  0.0000E+00  0.0000E+00
  2.0000E+00  0.0000E+00  0.0000E+00  0.0000E+00  0.0000E+00  0.0000E+00  0.0000E+00  0.0000E+00  0.0000E+00  0.0000E+00  1.0000E+00  0.0000E+00  0.0000E+00
  2.0000E+00  2.5000E-01  0.0000E+00  1.2000E-01  0.0000E+00  6.8569E+00  0.0000E+00 -9.1148E-01  0.0000E+00  1.2000E-01  2.1406E-01  0.0000E+00  0.0000E+00
  2.0000E+00  5.0000E-01  0.0000E+00  1.8000E-01  0.0000E+00  1.0889E+01  0.0000E+00 -9.1238E-01  0.0000E+00  1.8000E-01  1.9975E-01  0.0000E+00  0.0000E+00
  2.0000E+00  1.0000E+00  0.0000E+00  1.4000E-01  0.0000E+00  1.4316E+01  0.0000E+00 -9.1865E-01  0.0000E+00  1.4000E-01  1.9409E-01  0.0000E+00  0.0000E+00
  2.0000E+00  2.0000E+00  0.0000E+00  1.1700E+00  0.0000E+00  1.4317E+01  0.0000E+00 -8.5190E-01  0.0000E+00  1.1700E+00  1.4317E+01  0.0000E+00  0.0000E+00
  2.0000E+00  3.0000E+00  0.0000E+00  8.4000E+00  0.0000E+00  1.2418E+01  0.0000E+00 -3.0018E-01  0.0000E+00  8.4000E+00  1.2418E+01  0.0000E+00  0.0000E+00
  2.0000E+00  4.0000E+00  0.0000E+00  1.5500E+01  0.0000E+00  1.0520E+01  0.0000E+00  4.3920E-01  0.0000E+00  1.5500E+01  1.0520E+01  0.0000E+00  0.0000E+00
  2.0000E+00  6.0000E+00  0.0000E+00  8.5100E+00  0.0000E+00  7.4790E+00  0.0000E+00  1.2789E-01  0.0000E+00  8.5100E+00  7.4790E+00  0.0000E+00  0.0000E+00
  2.0000E+00  8.0000E+00  0.0000E+00  6.0400E+00  0.0000E+00  9.6230E+00  0.0000E+00 -3.4543E-01  0.0000E+00  6.0400E+00  9.6230E+00  0.0000E+00  0.0000E+00
  2.0000E+00  1.2000E+01  0.0000E+00  5.0000E-01  0.0000E+00  5.6892E+00  0.0000E+00 -8.4619E-01  1.0000E+00  5.0000E-01  2.2224E-01  0.0000E+00  0.0000E+00
  2.0000E+00  2.4000E+01  0.0000E+00  5.0000E-01  0.0000E+00  3.6915E-01  0.0000E+00  3.2883E-01  1.0000E+00  5.0000E-01  9.4356E-01  0.0000E+00  0.0000E+00
  3.0000E+00  0.0000E+00  5.4500E+03  0.0000E+00  1.0000E+00  1.3903E+03  0.0000E+00 -9.2772E-01  0.0000E+00  0.0000E+00  1.7695E-01  0.0000E+00  0.0000E+00
  3.0000E+00  1.7000E-02  0.0000E+00  2.5500E+03  0.0000E+00  1.3475E+03  0.0000E+00  8.2784E-01  0.0000E+00  2.5500E+03  1.3475E+03  0.0000E+00  0.0000E+00
  3.0000E+00  8.3500E-02  0.0000E+00  2.1100E+03  0.0000E+00  1.1926E+03  0.0000E+00  7.1370E-01  0.0000E+00  2.1100E+03  1.1926E+03  0.0000E+00  0.0000E+00
  3.0000E+00  2.5000E-01  0.0000E+00  1.4600E+03  0.0000E+00  8.7862E+02  0.0000E+00  6.1387E-01  0.0000E+00  1.4600E+03  8.7862E+02  0.0000E+00  0.0000E+00
  3.0000E+00  5.0000E-01  0.0000E+00  8.5300E+02  0.0000E+00  5.5617E+02  0.0000E+00  4.9513E-01  0.0000E+00  8.5300E+02  5.5617E+02  0.0000E+00  0.0000E+00
  3.0000E+00  1.0000E+00  0.0000E+00  5.5500E+02  0.0000E+00  2.2479E+02  0.0000E+00  1.3628E+00  0.0000E+00  5.5500E+02  2.2479E+02  0.0000E+00  0.0000E+00
  3.0000E+00  2.0000E+00  0.0000E+00  1.0300E+02  0.0000E+00  4.0348E+01  0.0000E+00  1.4405E+00  0.0000E+00  1.0300E+02  4.0348E+01  0.0000E+00  0.0000E+00
  3.0000E+00  4.0000E+00  0.0000E+00  7.4100E+00  0.0000E+00  5.2021E+00  0.0000E+00  3.9374E-01  0.0000E+00  7.4100E+00  5.2021E+00  0.0000E+00  0.0000E+00
  3.0000E+00  6.0000E+00  0.0000E+00  4.4900E+00  0.0000E+00  3.1372E+00  0.0000E+00  4.0003E-01  0.0000E+00  4.4900E+00  3.1372E+00  0.0000E+00  0.0000E+00
  3.0000E+00  8.0000E+00  0.0000E+00  5.2500E+00  0.0000E+00  2.2317E+00  0.0000E+00  1.2548E+00  0.0000E+00  5.2500E+00  2.2317E+00  0.0000E+00  0.0000E+00
  3.0000E+00  1.2000E+01  0.0000E+00  2.4600E+00  0.0000E+00  1.1438E+00  0.0000E+00  1.0676E+00  0.0000E+00  2.4600E+00  1.1438E+00  0.0000E+00  0.0000E+00
  3.0000E+00  2.4000E+01  0.0000E+00  5.0000E-01  0.0000E+00  1.5409E-01  0.0000E+00  2.0826E+00  1.0000E+00  5.0000E-01  1.0000E+00  0.0000E+00  0.0000E+00
  4.0000E+00  0.0000E+00  5.9500E+03  0.0000E+00  1.0000E+00  1.5179E+03  0.0000E+00 -9.2772E-01  0.0000E+00  0.0000E+00  1.7694E-01  0.0000E+00  0.0000E+00
  4.0000E+00  1.7000E-02  0.0000E+00  2.3000E+03  0.0000E+00  1.4712E+03  0.0000E+00  5.2267E-01  0.0000E+00  2.3000E+03  1.4712E+03  0.0000E+00  0.0000E+00
  4.0000E+00  8.3500E-02  0.0000E+00  2.0000E+03  0.0000E+00  1.3020E+03  0.0000E+00  4.9739E-01  0.0000E+00  2.0000E+03  1.3020E+03  0.0000E+00  0.0000E+00
  4.0000E+00  2.5000E-01  0.0000E+00  1.2600E+03  0.0000E+00  9.5923E+02  0.0000E+00  2.9089E-01  0.0000E+00  1.2600E+03  9.5923E+02  0.0000E+00  0.0000E+00
  4.0000E+00  5.0000E-01  0.0000E+00  7.3500E+02  0.0000E+00  6.0719E+02  0.0000E+00  1.9527E-01  0.0000E+00  7.3500E+02  6.0719E+02  0.0000E+00  0.0000E+00
  4.0000E+00  1.0000E+00  0.0000E+00  4.3200E+02  0.0000E+00  2.4542E+02  0.0000E+00  7.0531E-01  0.0000E+00  4.3200E+02  2.4542E+02  0.0000E+00  0.0000E+00
  4.0000E+00  2.0000E+00  0.0000E+00  5.4600E+01  0.0000E+00  4.4050E+01  0.0000E+00  2.2219E-01  0.0000E+00  5.4600E+01  4.4050E+01  0.0000E+00  0.0000E+00
  4.0000E+00  4.0000E+00  0.0000E+00  7.2500E+00  0.0000E+00  5.6794E+00  0.0000E+00  2.5655E-01  0.0000E+00  7.2500E+00  5.6794E+00  0.0000E+00  0.0000E+00
  4.0000E+00  6.0000E+00  0.0000E+00  3.6500E+00  0.0000E+00  3.4251E+00  0.0000E+00  6.0929E-02  0.0000E+00  3.6500E+00  3.4251E+00  0.0000E+00  0.0000E+00
  4.0000E+00  8.0000E+00  0.0000E+00  3.3200E+00  0.0000E+00  2.4364E+00  0.0000E+00  3.3646E-01  0.0000E+00  3.3200E+00  2.4364E+00  0.0000E+00  0.0000E+00
  4.0000E+00  1.2000E+01  0.0000E+00  1.6100E+00  0.0000E+00  1.2487E+00  0.0000E+00  2.6843E-01  0.0000E+00  1.6100E+00  1.2487E+00  0.0000E+00  0.0000E+00
  4.0000E+00  2.4000E+01  0.0000E+00  5.0000E-01  0.0000E+00  1.6823E-01  0.0000E+00  1.8296E+00  1.0000E+00  5.0000E-01  1.0000E+00  0.0000E+00  0.0000E+00
  5.0000E+00  0.0000E+00  6.1000E+03  0.0000E+00  1.0000E+00  1.5561E+03  0.0000E+00 -9.2772E-01  0.0000E+00  0.0000E+00  1.7693E-01  0.0000E+00  0.0000E+00
  5.0000E+00  1.7000E-02  0.0000E+00  2.6900E+03  0.0000E+00  1.5083E+03  0.0000E+00  7.2689E-01  0.0000E+00  2.6900E+03  1.5083E+03  0.0000E+00  0.0000E+00
  5.0000E+00  8.3500E-02  0.0000E+00  2.0500E+03  0.0000E+00  1.3348E+03  0.0000E+00  4.9709E-01  0.0000E+00  2.0500E+03  1.3348E+03  0.0000E+00  0.0000E+00
  5.0000E+00  2.5000E-01  0.0000E+00  1.1600E+03  0.0000E+00  9.8341E+02  0.0000E+00  1.6659E-01  0.0000E+00  1.1600E+03  9.8341E+02  0.0000E+00  0.0000E+00
  5.0000E+00  5.0000E-01  0.0000E+00  8.2000E+02  0.0000E+00  6.2250E+02  0.0000E+00  2.9434E-01  0.0000E+00  8.2000E+02  6.2250E+02  0.0000E+00  0.0000E+00
  5.0000E+00  1.0000E+00  0.0000E+00  4.5600E+02  0.0000E+00  2.5160E+02  0.0000E+00  7.5365E-01  0.0000E+00  4.5600E+02  2.5160E+02  0.0000E+00  0.0000E+00
  5.0000E+00  2.0000E+00  0.0000E+00  5.7800E+01  0.0000E+00  4.5160E+01  0.0000E+00  2.5965E-01  0.0000E+00  5.7800E+01  4.5160E+01  0.0000E+00  0.0000E+00
  5.0000E+00  4.0000E+00  0.0000E+00  6.8700E+00  0.0000E+00  5.8226E+00  0.0000E+00  1.6689E-01  0.0000E+00  6.8700E+00  5.8226E+00  0.0000E+00  0.0000E+00
  5.0000E+00  6.0000E+00  0.0000E+00  6.0500E+00  0.0000E+00  3.5114E+00  0.0000E+00  6.7070E-01  0.0000E+00  6.0500E+00  3.5114E+00  0.0000E+00  0.0000E+00
  5.0000E+00  8.0000E+00  0.0000E+00  6.1100E+00  0.0000E+00  2.4978E+00  0.0000E+00  1.3416E+00  0.0000E+00  6.1100E+00  2.4978E+00  0.0000E+00  0.0000E+00
  5.0000E+00  1.2000E+01  0.0000E+00  1.7100E+00  0.0000E+00  1.2802E+00  0.0000E+00  3.1148E-01  0.0000E+00  1.7100E+00  1.2802E+00  0.0000E+00  0.0000E+00
  5.0000E+00  2.4000E+01  0.0000E+00  5.0000E-01  0.0000E+00  1.7247E-01  0.0000E+00  1.7618E+00  1.0000E+00  5.0000E-01  1.0000E+00  0.0000E+00  0.0000E+00
  6.0000E+00  0.0000E+00  2.1800E+04  0.0000E+00  1.0000E+00  0.0000E+00  0.0000E+00  0.0000E+00  0.0000E+00  0.0000E+00  1.0000E+00  0.0000E+00  0.0000E+00
  6.0000E+00  0.0000E+00  2.1800E+04  0.0000E+00  1.0000E+00  0.0000E+00  0.0000E+00  0.0000E+00  0.0000E+00  0.0000E+00  1.0000E+00  0.0000E+00  0.0000E+00
  6.0000E+00  0.0000E+00  0.0000E+00  0.0000E+00  0.0000E+00  0.0000E+00  0.0000E+00  0.0000E+00  0.0000E+00  0.0000E+00  1.0000E+00  0.0000E+00  0.0000E+00
  6.0000E+00  2.5000E-01  0.0000E+00  0.0000E+00  0.0000E+00  5.1545E+00  0.0000E+00 -9.2772E-01  0.0000E+00  0.0000E+00  2.2731E-01  0.0000E+00  0.0000E+00
  6.0000E+00  5.0000E-01  0.0000E+00  1.3900E+00  0.0000E+00  8.1855E+00  0.0000E+00 -7.7018E-01  0.0000E+00  1.3900E+00  8.1855E+00  0.0000E+00  0.0000E+00
  6.0000E+00  1.0000E+00  0.0000E+00  9.5800E+00  0.0000E+00  1.0762E+01  0.0000E+00 -1.0187E-01  0.0000E+00  9.5800E+00  1.0762E+01  0.0000E+00  0.0000E+00
  6.0000E+00  2.0000E+00  0.0000E+00  9.5100E+00  0.0000E+00  1.0762E+01  0.0000E+00 -1.0794E-01  0.0000E+00  9.5100E+00  1.0762E+01  0.0000E+00  0.0000E+00
  6.0000E+00  4.0000E+00  0.0000E+00  4.9900E+00  0.0000E+00  7.9080E+00  0.0000E+00 -3.4232E-01  0.0000E+00  4.9900E+00  7.9080E+00  0.0000E+00  0.0000E+00
  6.0000E+00  6.0000E+00  0.0000E+00  3.2100E+00  0.0000E+00  5.6221E+00  0.0000E+00 -3.9803E-01  0.0000E+00  3.2100E+00  5.6221E+00  0.0000E+00  0.0000E+00
  6.0000E+00  8.0000E+00  0.0000E+00  9.1800E+00  0.0000E+00  7.2339E+00  0.0000E+00  2.4959E-01  0.0000E+00  9.1800E+00  7.2339E+00  0.0000E+00  0.0000E+00
  6.0000E+00  1.2000E+01  0.0000E+00  3.8300E+00  0.0000E+00  4.2767E+00  0.0000E+00 -9.6902E-02  0.0000E+00  3.8300E+00  4.2767E+00  0.0000E+00  0.0000E+00
  6.0000E+00  2.4000E+01  0.0000E+00  5.0000E-01  0.0000E+00  2.7750E-01  0.0000E+00  7.4384E-01  1.0000E+00  5.0000E-01  9.9214E-01  0.0000E+00  0.0000E+00
  7.0000E+00  0.0000E+00  2.3800E+04  0.0000E+00  1.0000E+00  0.0000E+00  0.0000E+00  0.0000E+00  0.0000E+00  0.0000E+00  1.0000E+00  0.0000E+00  0.0000E+00
  7.0000E+00  0.0000E+00  2.3800E+04  0.0000E+00  1.0000E+00  0.0000E+00  0.0000E+00  0.0000E+00  0.0000E+00  0.0000E+00  1.0000E+00  0.0000E+00  0.0000E+00
  7.0000E+00  0.0000E+00  0.0000E+00  0.0000E+00  0.0000E+00  0.0000E+00  0.0000E+00  0.0000E+00  0.0000E+00  0.0000E+00  1.0000E+00  0.0000E+00  0.0000E+00
  7.0000E+00  2.5000E-01  0.0000E+00  2.7200E+00  0.0000E+00  5.6274E+00  0.0000E+00 -4.7931E-01  0.0000E+00  2.7200E+00  5.6274E+00  0.0000E+00  0.0000E+00
  7.0000E+00  5.0000E-01  0.0000E+00  3.0600E+00  0.0000E+00  8.9364E+00  0.0000E+00 -6.1005E-01  0.0000E+00  3.0600E+00  8.9364E+00  0.0000E+00  0.0000E+00
  7.0000E+00  1.0000E+00  0.0000E+00  5.3900E+00  0.0000E+00  1.1749E+01  0.0000E+00 -5.0212E-01  0.0000E+00  5.3900E+00  1.1749E+01  0.0000E+00  0.0000E+00
  7.0000E+00  2.0000E+00  0.0000E+00  2.4700E+01  0.0000E+00  1.1750E+01  0.0000E+00  1.0225E+00  0.0000E+00  2.4700E+01  1.1750E+01  0.0000E+00  0.0000E+00
  7.0000E+00  4.0000E+00  0.0000E+00  3.7600E+00  0.0000E+00  8.6335E+00  0.0000E+00 -5.2368E-01  0.0000E+00  3.7600E+00  8.6335E+00  0.0000E+00  0.0000E+00
  7.0000E+00  6.0000E+00  0.0000E+00  3.1900E+00  0.0000E+00  6.1379E+00  0.0000E+00 -4.4557E-01  0.0000E+00  3.1900E+00  6.1379E+00  0.0000E+00  0.0000E+00
  7.0000E+00  8.0000E+00  0.0000E+00  6.4300E+00  0.0000E+00  7.8975E+00  0.0000E+00 -1.7239E-01  0.0000E+00  6.4300E+00  7.8975E+00  0.0000E+00  0.0000E+00
  7.0000E+00  1.2000E+01  0.0000E+00  4.9200E+00  0.0000E+00  4.6691E+00  0.0000E+00  4.9859E-02  0.0000E+00  4.9200E+00  4.6691E+00  0.0000E+00  0.0000E+00
  7.0000E+00  2.4000E+01  0.0000E+00  5.0000E-01  0.0000E+00  3.0296E-01  0.0000E+00  6.0337E-01  1.0000E+00  5.0000E-01  9.8360E-01  0.0000E+00  0.0000E+00
  8.0000E+00  0.0000E+00  2.4400E+04  0.0000E+00  1.0000E+00  0.0000E+00  0.0000E+00  0.0000E+00  0.0000E+00  0.0000E+00  1.0000E+00  0.0000E+00  0.0000E+00
  8.0000E+00  0.0000E+00  2.4400E+04  0.0000E+00  1.0000E+00  0.0000E+00  0.0000E+00  0.0000E+00  0.0000E+00  0.0000E+00  1.0000E+00  0.0000E+00  0.0000E+00
  8.0000E+00  0.0000E+00  0.0000E+00  0.0000E+00  0.0000E+00  0.0000E+00  0.0000E+00  0.0000E+00  0.0000E+00  0.0000E+00  1.0000E+00  0.0000E+00  0.0000E+00
  8.0000E+00  2.5000E-01  0.0000E+00  4.4400E+00  0.0000E+00  5.7693E+00  0.0000E+00 -2.1375E-01  0.0000E+00  4.4400E+00  5.7693E+00  0.0000E+00  0.0000E+00
  8.0000E+00  5.0000E-01  0.0000E+00  9.7200E+00  0.0000E+00  9.1617E+00  0.0000E+00  5.6534E-02  0.0000E+00  9.7200E+00  9.1617E+00  0.0000E+00  0.0000E+00
  8.0000E+00  1.0000E+00  0.0000E+00  1.7700E+01  0.0000E+00  1.2045E+01  0.0000E+00  4.3553E-01  0.0000E+00  1.7700E+01  1.2045E+01  0.0000E+00  0.0000E+00
  8.0000E+00  2.0000E+00  0.0000E+00  7.3400E+00  0.0000E+00  1.2046E+01  0.0000E+00 -3.6242E-01  0.0000E+00  7.3400E+00  1.2046E+01  0.0000E+00  0.0000E+00
  8.0000E+00  4.0000E+00  0.0000E+00  4.9900E+00  0.0000E+00  8.8511E+00  0.0000E+00 -4.0470E-01  0.0000E+00  4.9900E+00  8.8511E+00  0.0000E+00  0.0000E+00
  8.0000E+00  6.0000E+00  0.0000E+00  6.1800E+00  0.0000E+00  6.2927E+00  0.0000E+00 -1.6612E-02  0.0000E+00  6.1800E+00  6.2927E+00  0.0000E+00  0.0000E+00
  8.0000E+00  8.0000E+00  0.0000E+00  4.5600E+00  0.0000E+00  8.0966E+00  0.0000E+00 -4.0523E-01  0.0000E+00  4.5600E+00  8.0966E+00  0.0000E+00  0.0000E+00
  8.0000E+00  1.2000E+01  0.0000E+00  5.4200E+00  0.0000E+00  4.7868E+00  0.0000E+00  1.2272E-01  0.0000E+00  5.4200E+00  4.7868E+00  0.0000E+00  0.0000E+00
  8.0000E+00  2.4000E+01  0.0000E+00  5.0000E-01  0.0000E+00  3.1060E-01  0.0000E+00  5.6572E-01  1.0000E+00  5.0000E-01  9.8026E-01  0.0000E+00  0.0000E+00
  9.0000E+00  0.0000E+00  6.5700E+04  0.0000E+00  1.0000E+00  0.0000E+00  0.0000E+00  0.0000E+00  0.0000E+00  0.0000E+00  1.0000E+00  0.0000E+00  0.0000E+00
  9.0000E+00  0.0000E+00  6.5700E+04  0.0000E+00  1.0000E+00  0.0000E+00  0.0000E+00  0.0000E+00  0.0000E+00  0.0000E+00  1.0000E+00  0.0000E+00  0.0000E+00
  9.0000E+00  0.0000E+00  0.0000E+00  0.0000E+00  0.0000E+00  0.0000E+00  0.0000E+00  0.0000E+00  0.0000E+00  0.0000E+00  1.0000E+00  0.0000E+00  0.0000E+00
  9.0000E+00  2.5000E-01  0.0000E+00  6.1100E+01  0.0000E+00  1.5534E+01  0.0000E+00  2.7212E+00  0.0000E+00  6.1100E+01  1.5534E+01  0.0000E+00  0.0000E+00
  9.0000E+00  5.0000E-01  0.0000E+00  1.5100E+02  0.0000E+00  2.4669E+01  0.0000E+00  4.7509E+00  0.0000E+00  1.5100E+02  2.4669E+01  0.0000E+00  0.0000E+00
  9.0000E+00  1.0000E+00  0.0000E+00  6.1800E+01  0.0000E+00  3.2433E+01  0.0000E+00  8.4000E-01  0.0000E+00  6.1800E+01  3.2433E+01  0.0000E+00  0.0000E+00
  9.0000E+00  2.0000E+00  0.0000E+00  2.9100E+01  0.0000E+00  3.2435E+01  0.0000E+00 -9.5379E-02  0.0000E+00  2.9100E+01  3.2435E+01  0.0000E+00  0.0000E+00
  9.0000E+00  4.0000E+00  0.0000E+00  1.2200E+01  0.0000E+00  2.3833E+01  0.0000E+00 -4.5282E-01  0.0000E+00  1.2200E+01  2.3833E+01  0.0000E+00  0.0000E+00
  9.0000E+00  6.0000E+00  0.0000E+00  3.5300E+01  0.0000E+00  1.6944E+01  0.0000E+00  1.0051E+00  0.0000E+00  3.5300E+01  1.6944E+01  0.0000E+00  0.0000E+00
  9.0000E+00  8.0000E+00  0.0000E+00  3.1900E+01  0.0000E+00  2.1801E+01  0.0000E+00  4.2974E-01  0.0000E+00  3.1900E+01  2.1801E+01  0.0000E+00  0.0000E+00
  9.0000E+00  1.2000E+01  0.0000E+00  2.0000E+01  0.0000E+00  1.2889E+01  0.0000E+00  5.1183E-01  0.0000E+00  2.0000E+01  1.2889E+01  0.0000E+00  0.0000E+00
  9.0000E+00  2.4000E+01  0.0000E+00  5.0000E-01  0.0000E+00  8.3632E-01  0.0000E+00 -3.7308E-01  1.0000E+00  5.0000E-01  5.7204E-01  0.0000E+00  0.0000E+00
  1.0000E+01  0.0000E+00  7.0500E+04  0.0000E+00  1.0000E+00  0.0000E+00  0.0000E+00  0.0000E+00  0.0000E+00  0.0000E+00  1.0000E+00  0.0000E+00  0.0000E+00
  1.0000E+01  0.0000E+00  7.0500E+04  0.0000E+00  1.0000E+00  0.0000E+00  0.0000E+00  0.0000E+00  0.0000E+00  0.0000E+00  1.0000E+00  0.0000E+00  0.0000E+00
  1.0000E+01  0.0000E+00  0.0000E+00  0.0000E+00  0.0000E+00  0.0000E+00  0.0000E+00  0.0000E+00  0.0000E+00  0.0000E+00  1.0000E+00  0.0000E+00  0.0000E+00
  1.0000E+01  2.5000E-01  0.0000E+00  7.4900E+00  0.0000E+00  1.6669E+01  0.0000E+00 -5.1087E-01  0.0000E+00  7.4900E+00  1.6669E+01  0.0000E+00  0.0000E+00
  1.0000E+01  5.0000E-01  0.0000E+00  1.1400E+01  0.0000E+00  2.6471E+01  0.0000E+00 -5.2819E-01  0.0000E+00  1.1400E+01  2.6471E+01  0.0000E+00  0.0000E+00
  1.0000E+01  1.0000E+00  0.0000E+00  4.4700E+01  0.0000E+00  3.4803E+01  0.0000E+00  2.6382E-01  0.0000E+00  4.4700E+01  3.4803E+01  0.0000E+00  0.0000E+00
  1.0000E+01  2.0000E+00  0.0000E+00  4.1200E+01  0.0000E+00  3.4804E+01  0.0000E+00  1.7048E-01  0.0000E+00  4.1200E+01  3.4804E+01  0.0000E+00  0.0000E+00
  1.0000E+01  4.0000E+00  0.0000E+00  4.5400E+01  0.0000E+00  2.5574E+01  0.0000E+00  7.1921E-01  0.0000E+00  4.5400E+01  2.5574E+01  0.0000E+00  0.0000E+00
  1.0000E+01  6.0000E+00  0.0000E+00  7.5200E+01  0.0000E+00  1.8182E+01  0.0000E+00  2.9093E+00  0.0000E+00  7.5200E+01  1.8182E+01  0.0000E+00  0.0000E+00
  1.0000E+01  8.0000E+00  0.0000E+00  7.7200E+01  0.0000E+00  2.3394E+01  0.0000E+00  2.1338E+00  0.0000E+00  7.7200E+01  2.3394E+01  0.0000E+00  0.0000E+00
  1.0000E+01  1.2000E+01  0.0000E+00  4.3900E+01  0.0000E+00  1.3831E+01  0.0000E+00  2.0170E+00  0.0000E+00  4.3900E+01  1.3831E+01  0.0000E+00  0.0000E+00
  1.0000E+01  2.4000E+01  0.0000E+00  5.0000E-01  0.0000E+00  8.9742E-01  0.0000E+00 -4.1084E-01  1.0000E+00  5.0000E-01  5.4222E-01  0.0000E+00  0.0000E+00
  1.1000E+01  0.0000E+00  7.8600E+04  0.0000E+00  1.0000E+00  0.0000E+00  0.0000E+00  0.0000E+00  0.0000E+00  0.0000E+00  1.0000E+00  0.0000E+00  0.0000E+00
  1.1000E+01  0.0000E+00  7.8600E+04  0.0000E+00  1.0000E+00  0.0000E+00  0.0000E+00  0.0000E+00  0.0000E+00  0.0000E+00  1.0000E+00  0.0000E+00  0.0000E+00
  1.1000E+01  0.0000E+00  0.0000E+00  0.0000E+00  0.0000E+00  0.0000E+00  0.0000E+00  0.0000E+00  0.0000E+00  0.0000E+00  1.0000E+00  0.0000E+00  0.0000E+00
  1.1000E+01  2.5000E-01  0.0000E+00  4.7300E+00  0.0000E+00  1.8585E+01  0.0000E+00 -6.9160E-01  0.0000E+00  4.7300E+00  1.8585E+01  0.0000E+00  0.0000E+00
  1.1000E+01  5.0000E-01  0.0000E+00  8.1400E+00  0.0000E+00  2.9513E+01  0.0000E+00 -6.7184E-01  0.0000E+00  8.1400E+00  2.9513E+01  0.0000E+00  0.0000E+00
  1.1000E+01  1.0000E+00  0.0000E+00  1.2200E+01  0.0000E+00  3.8801E+01  0.0000E+00 -6.3602E-01  0.0000E+00  1.2200E+01  3.8801E+01  0.0000E+00  0.0000E+00
  1.1000E+01  2.0000E+00  0.0000E+00  1.1000E+02  0.0000E+00  3.8803E+01  0.0000E+00  1.7022E+00  0.0000E+00  1.1000E+02  3.8803E+01  0.0000E+00  0.0000E+00
  1.1000E+01  4.0000E+00  0.0000E+00  1.7000E+01  0.0000E+00  2.8512E+01  0.0000E+00 -3.7458E-01  0.0000E+00  1.7000E+01  2.8512E+01  0.0000E+00  0.0000E+00
  1.1000E+01  6.0000E+00  0.0000E+00  1.3500E+01  0.0000E+00  2.0271E+01  0.0000E+00 -3.0987E-01  0.0000E+00  1.3500E+01  2.0271E+01  0.0000E+00  0.0000E+00
  1.1000E+01  8.0000E+00  0.0000E+00  4.1300E+01  0.0000E+00  2.6082E+01  0.0000E+00  5.4131E-01  0.0000E+00  4.1300E+01  2.6082E+01  0.0000E+00  0.0000E+00
  1.1000E+01  1.2000E+01  0.0000E+00  4.7700E+01  0.0000E+00  1.5420E+01  0.0000E+00  1.9421E+00  0.0000E+00  4.7700E+01  1.5420E+01  0.0000E+00  0.0000E+00
  1.1000E+01  2.4000E+01  0.0000E+00  5.0000E-01  0.0000E+00  1.0005E+00  0.0000E+00 -4.6411E-01  1.0000E+00  5.0000E-01  4.9980E-01  0.0000E+00  0.0000E+00
  1.2000E+01  0.0000E+00  6.4500E+04  0.0000E+00  1.0000E+00  0.0000E+00  0.0000E+00  0.0000E+00  0.0000E+00  0.0000E+00  1.0000E+00  0.0000E+00  0.0000E+00
  1.2000E+01  0.0000E+00  6.4500E+04  0.0000E+00  1.0000E+00  0.0000E+00  0.0000E+00  0.0000E+00  0.0000E+00  0.0000E+00  1.0000E+00  0.0000E+00  0.0000E+00
  1.2000E+01  0.0000E+00  0.0000E+00  0.0000E+00  0.0000E+00  0.0000E+00  0.0000E+00  0.0000E+00  0.0000E+00  0.0000E+00  1.0000E+00  0.0000E+00  0.0000E+00
  1.2000E+01  2.5000E-01  0.0000E+00  0.0000E+00  0.0000E+00  1.5251E+01  0.0000E+00 -9.2772E-01  0.0000E+00  0.0000E+00  1.9300E-01  0.0000E+00  0.0000E+00
  1.2000E+01  5.0000E-01  0.0000E+00  0.0000E+00  0.0000E+00  2.4218E+01  0.0000E+00 -9.2772E-01  0.0000E+00  0.0000E+00  1.8689E-01  0.0000E+00  0.0000E+00
  1.2000E+01  1.0000E+00  0.0000E+00  1.6800E+00  0.0000E+00  3.1841E+01  0.0000E+00 -8.7877E-01  0.0000E+00  1.6800E+00  3.1841E+01  0.0000E+00  0.0000E+00
  1.2000E+01  2.0000E+00  0.0000E+00  4.5500E+00  0.0000E+00  3.1842E+01  0.0000E+00 -7.9515E-01  0.0000E+00  4.5500E+00  3.1842E+01  0.0000E+00  0.0000E+00
  1.2000E+01  4.0000E+00  0.0000E+00  8.0700E+00  0.0000E+00  2.3397E+01  0.0000E+00 -6.0774E-01  0.0000E+00  8.0700E+00  2.3397E+01  0.0000E+00  0.0000E+00
  1.2000E+01  6.0000E+00  0.0000E+00  1.6500E+01  0.0000E+00  1.6634E+01  0.0000E+00 -7.4918E-03  0.0000E+00  1.6500E+01  1.6634E+01  0.0000E+00  0.0000E+00
  1.2000E+01  8.0000E+00  0.0000E+00  8.9500E+00  0.0000E+00  2.1403E+01  0.0000E+00 -5.3978E-01  0.0000E+00  8.9500E+00  2.1403E+01  0.0000E+00  0.0000E+00
  1.2000E+01  1.2000E+01  0.0000E+00  9.3700E+00  0.0000E+00  1.2654E+01  0.0000E+00 -2.4074E-01  0.0000E+00  9.3700E+00  1.2654E+01  0.0000E+00  0.0000E+00
  1.2000E+01  2.4000E+01  0.0000E+00  1.8200E+00  0.0000E+00  8.2105E-01  0.0000E+00  1.1287E+00  0.0000E+00  1.8200E+00  8.2105E-01  0.0000E+00  0.0000E+00
  1.3000E+01  0.0000E+00  6.6900E+04  0.0000E+00  1.0000E+00  0.0000E+00  0.0000E+00  0.0000E+00  0.0000E+00  0.0000E+00  1.0000E+00  0.0000E+00  0.0000E+00
  1.3000E+01  0.0000E+00  6.6900E+04  0.0000E+00  1.0000E+00  0.0000E+00  0.0000E+00  0.0000E+00  0.0000E+00  0.0000E+00  1.0000E+00  0.0000E+00  0.0000E+00
  1.3000E+01  0.0000E+00  0.0000E+00  0.0000E+00  0.0000E+00  0.0000E+00  0.0000E+00  0.0000E+00  0.0000E+00  0.0000E+00  1.0000E+00  0.0000E+00  0.0000E+00
  1.3000E+01  2.5000E-01  0.0000E+00  2.8600E+00  0.0000E+00  1.5818E+01  0.0000E+00 -7.5998E-01  0.0000E+00  2.8600E+00  1.5818E+01  0.0000E+00  0.0000E+00
  1.3000E+01  5.0000E-01  0.0000E+00  5.9700E+00  0.0000E+00  2.5120E+01  0.0000E+00 -7.0723E-01  0.0000E+00  5.9700E+00  2.5120E+01  0.0000E+00  0.0000E+00
  1.3000E+01  1.0000E+00  0.0000E+00  9.6700E+00  0.0000E+00  3.3026E+01  0.0000E+00 -6.5608E-01  0.0000E+00  9.6700E+00  3.3026E+01  0.0000E+00  0.0000E+00
  1.3000E+01  2.0000E+00  0.0000E+00  8.9800E+00  0.0000E+00  3.3027E+01  0.0000E+00 -6.7547E-01  0.0000E+00  8.9800E+00  3.3027E+01  0.0000E+00  0.0000E+00
  1.3000E+01  4.0000E+00  0.0000E+00  1.7100E+01  0.0000E+00  2.4268E+01  0.0000E+00 -2.7402E-01  0.0000E+00  1.7100E+01  2.4268E+01  0.0000E+00  0.0000E+00
  1.3000E+01  6.0000E+00  0.0000E+00  2.7500E+01  0.0000E+00  1.7253E+01  0.0000E+00  5.5097E-01  0.0000E+00  2.7500E+01  1.7253E+01  0.0000E+00  0.0000E+00
  1.3000E+01  8.0000E+00  0.0000E+00  1.5000E+01  0.0000E+00  2.2199E+01  0.0000E+00 -3.0086E-01  0.0000E+00  1.5000E+01  2.2199E+01  0.0000E+00  0.0000E+00
  1.3000E+01  1.2000E+01  0.0000E+00  7.1400E+00  0.0000E+00  1.3124E+01  0.0000E+00 -4.2302E-01  0.0000E+00  7.1400E+00  1.3124E+01  0.0000E+00  0.0000E+00
  1.3000E+01  2.4000E+01  0.0000E+00  1.4000E+00  0.0000E+00  8.5160E-01  0.0000E+00  5.9742E-01  0.0000E+00  1.4000E+00  8.5160E-01  0.0000E+00  0.0000E+00
  1.4000E+01  0.0000E+00  7.7400E+04  0.0000E+00  1.0000E+00  0.0000E+00  0.0000E+00  0.0000E+00  0.0000E+00  0.0000E+00  1.0000E+00  0.0000E+00  0.0000E+00
  1.4000E+01  0.0000E+00  7.7400E+04  0.0000E+00  1.0000E+00  0.0000E+00  0.0000E+00  0.0000E+00  0.0000E+00  0.0000E+00  1.0000E+00  0.0000E+00  0.0000E+00
  1.4000E+01  0.0000E+00  0.0000E+00  0.0000E+00  0.0000E+00  0.0000E+00  0.0000E+00  0.0000E+00  0.0000E+00  0.0000E+00  1.0000E+00  0.0000E+00  0.0000E+00
  1.4000E+01  2.5000E-01  0.0000E+00  0.0000E+00  0.0000E+00  1.8301E+01  0.0000E+00 -9.2772E-01  0.0000E+00  0.0000E+00  1.9024E-01  0.0000E+00  0.0000E+00
  1.4000E+01  5.0000E-01  0.0000E+00  0.0000E+00  0.0000E+00  2.9062E+01  0.0000E+00 -9.2772E-01  0.0000E+00  0.0000E+00  1.8518E-01  0.0000E+00  0.0000E+00
  1.4000E+01  1.0000E+00  0.0000E+00  5.9400E+00  0.0000E+00  3.8209E+01  0.0000E+00 -7.8349E-01  0.0000E+00  5.9400E+00  3.8209E+01  0.0000E+00  0.0000E+00
  1.4000E+01  2.0000E+00  0.0000E+00  9.3600E+00  0.0000E+00  3.8211E+01  0.0000E+00 -7.0047E-01  0.0000E+00  9.3600E+00  3.8211E+01  0.0000E+00  0.0000E+00
  1.4000E+01  4.0000E+00  0.0000E+00  8.7400E+00  0.0000E+00  2.8077E+01  0.0000E+00 -6.3893E-01  0.0000E+00  8.7400E+00  2.8077E+01  0.0000E+00  0.0000E+00
  1.4000E+01  6.0000E+00  0.0000E+00  1.6700E+01  0.0000E+00  1.9961E+01  0.0000E+00 -1.5157E-01  0.0000E+00  1.6700E+01  1.9961E+01  0.0000E+00  0.0000E+00
  1.4000E+01  8.0000E+00  0.0000E+00  8.7500E+00  0.0000E+00  2.5684E+01  0.0000E+00 -6.1166E-01  0.0000E+00  8.7500E+00  2.5684E+01  0.0000E+00  0.0000E+00
  1.4000E+01  1.2000E+01  0.0000E+00  3.6200E+00  0.0000E+00  1.5184E+01  0.0000E+00 -7.0655E-01  0.0000E+00  3.6200E+00  1.5184E+01  0.0000E+00  0.0000E+00
  1.4000E+01  2.4000E+01  0.0000E+00  1.4600E+00  0.0000E+00  9.8526E-01  0.0000E+00  4.4702E-01  0.0000E+00  1.4600E+00  9.8526E-01  0.0000E+00  0.0000E+00
  1.5000E+01  0.0000E+00  2.2700E+05  0.0000E+00  1.0000E+00  0.0000E+00  0.0000E+00  0.0000E+00  0.0000E+00  0.0000E+00  1.0000E+00  0.0000E+00  0.0000E+00
  1.5000E+01  0.0000E+00  2.2700E+05  0.0000E+00  1.0000E+00  0.0000E+00  0.0000E+00  0.0000E+00  0.0000E+00  0.0000E+00  1.0000E+00  0.0000E+00  0.0000E+00
  1.5000E+01  0.0000E+00  0.0000E+00  0.0000E+00  0.0000E+00  0.0000E+00  0.0000E+00  0.0000E+00  0.0000E+00  0.0000E+00  1.0000E+00  0.0000E+00  0.0000E+00
  1.5000E+01  2.5000E-01  0.0000E+00  1.1600E+01  0.0000E+00  5.3673E+01  0.0000E+00 -7.2722E-01  0.0000E+00  1.1600E+01  5.3673E+01  0.0000E+00  0.0000E+00
  1.5000E+01  5.0000E-01  0.0000E+00  4.0600E+01  0.0000E+00  8.5234E+01  0.0000E+00 -4.8581E-01  0.0000E+00  4.0600E+01  8.5234E+01  0.0000E+00  0.0000E+00
  1.5000E+01  1.0000E+00  0.0000E+00  7.2100E+01  0.0000E+00  1.1206E+02  0.0000E+00 -3.3082E-01  0.0000E+00  7.2100E+01  1.1206E+02  0.0000E+00  0.0000E+00
  1.5000E+01  2.0000E+00  0.0000E+00  3.9700E+01  0.0000E+00  1.1206E+02  0.0000E+00 -5.9907E-01  0.0000E+00  3.9700E+01  1.1206E+02  0.0000E+00  0.0000E+00
  1.5000E+01  4.0000E+00  0.0000E+00  4.5700E+01  0.0000E+00  8.2344E+01  0.0000E+00 -4.1285E-01  0.0000E+00  4.5700E+01  8.2344E+01  0.0000E+00  0.0000E+00
  1.5000E+01  6.0000E+00  0.0000E+00  6.1800E+01  0.0000E+00  5.8543E+01  0.0000E+00  5.1621E-02  0.0000E+00  6.1800E+01  5.8543E+01  0.0000E+00  0.0000E+00
  1.5000E+01  8.0000E+00  0.0000E+00  5.6100E+01  0.0000E+00  7.5325E+01  0.0000E+00 -2.3678E-01  0.0000E+00  5.6100E+01  7.5325E+01  0.0000E+00  0.0000E+00
  1.5000E+01  1.2000E+01  0.0000E+00  2.7000E+01  0.0000E+00  4.4533E+01  0.0000E+00 -3.6525E-01  0.0000E+00  2.7000E+01  4.4533E+01  0.0000E+00  0.0000E+00
  1.5000E+01  2.4000E+01  0.0000E+00  5.0000E-01  0.0000E+00  2.8896E+00  0.0000E+00 -7.6719E-01  1.0000E+00  5.0000E-01  2.7204E-01  0.0000E+00  0.0000E+00
  1.6000E+01  0.0000E+00  2.1500E+05  0.0000E+00  1.0000E+00  0.0000E+00  0.0000E+00  0.0000E+00  0.0000E+00  0.0000E+00  1.0000E+00  0.0000E+00  0.0000E+00
  1.6000E+01  0.0000E+00  2.1500E+05  0.0000E+00  1.0000E+00  0.0000E+00  0.0000E+00  0.0000E+00  0.0000E+00  0.0000E+00  1.0000E+00  0.0000E+00  0.0000E+00
  1.6000E+01  0.0000E+00  0.0000E+00  0.0000E+00  0.0000E+00  0.0000E+00  0.0000E+00  0.0000E+00  0.0000E+00  0.0000E+00  1.0000E+00  0.0000E+00  0.0000E+00
  1.6000E+01  2.5000E-01  0.0000E+00  6.4700E+00  0.0000E+00  5.0836E+01  0.0000E+00 -8.0965E-01  0.0000E+00  6.4700E+00  5.0836E+01  0.0000E+00  0.0000E+00
  1.6000E+01  5.0000E-01  0.0000E+00  1.1400E+01  0.0000E+00  8.0728E+01  0.0000E+00 -7.9671E-01  0.0000E+00  1.1400E+01  8.0728E+01  0.0000E+00  0.0000E+00
  1.6000E+01  1.0000E+00  0.0000E+00  1.5500E+02  0.0000E+00  1.0614E+02  0.0000E+00  4.2711E-01  0.0000E+00  1.5500E+02  1.0614E+02  0.0000E+00  0.0000E+00
  1.6000E+01  2.0000E+00  0.0000E+00  1.9400E+02  0.0000E+00  1.0614E+02  0.0000E+00  7.6793E-01  0.0000E+00  1.9400E+02  1.0614E+02  0.0000E+00  0.0000E+00
  1.6000E+01  4.0000E+00  0.0000E+00  8.8000E+01  0.0000E+00  7.7991E+01  0.0000E+00  1.1905E-01  0.0000E+00  8.8000E+01  7.7991E+01  0.0000E+00  0.0000E+00
  1.6000E+01  6.0000E+00  0.0000E+00  3.2400E+02  0.0000E+00  5.5448E+01  0.0000E+00  4.4933E+00  0.0000E+00  3.2400E+02  5.5448E+01  0.0000E+00  0.0000E+00
  1.6000E+01  8.0000E+00  0.0000E+00  2.5300E+02  0.0000E+00  7.1343E+01  0.0000E+00  2.3622E+00  0.0000E+00  2.5300E+02  7.1343E+01  0.0000E+00  0.0000E+00
  1.6000E+01  1.2000E+01  0.0000E+00  7.2500E+01  0.0000E+00  4.2179E+01  0.0000E+00  6.6692E-01  0.0000E+00  7.2500E+01  4.2179E+01  0.0000E+00  0.0000E+00
  1.6000E+01  2.4000E+01  0.0000E+00  5.0000E-01  0.0000E+00  2.7368E+00  0.0000E+00 -7.5823E-01  1.0000E+00  5.0000E-01  2.7802E-01  0.0000E+00  0.0000E+00
  1.7000E+01  0.0000E+00  2.4900E+05  0.0000E+00  1.0000E+00  0.0000E+00  0.0000E+00  0.0000E+00  0.0000E+00  0.0000E+00  1.0000E+00  0.0000E+00  0.0000E+00
  1.7000E+01  0.0000E+00  2.4900E+05  0.0000E+00  1.0000E+00  0.0000E+00  0.0000E+00  0.0000E+00  0.0000E+00  0.0000E+00  1.0000E+00  0.0000E+00  0.0000E+00
  1.7000E+01  0.0000E+00  0.0000E+00  0.0000E+00  0.0000E+00  0.0000E+00  0.0000E+00  0.0000E+00  0.0000E+00  0.0000E+00  1.0000E+00  0.0000E+00  0.0000E+00
  1.7000E+01  2.5000E-01  0.0000E+00  1.0800E+01  0.0000E+00  5.8875E+01  0.0000E+00 -7.5754E-01  0.0000E+00  1.0800E+01  5.8875E+01  0.0000E+00  0.0000E+00
  1.7000E+01  5.0000E-01  0.0000E+00  1.7400E+01  0.0000E+00  9.3494E+01  0.0000E+00 -7.5506E-01  0.0000E+00  1.7400E+01  9.3494E+01  0.0000E+00  0.0000E+00
  1.7000E+01  1.0000E+00  0.0000E+00  4.2300E+01  0.0000E+00  1.2292E+02  0.0000E+00 -6.0847E-01  0.0000E+00  4.2300E+01  1.2292E+02  0.0000E+00  0.0000E+00
  1.7000E+01  2.0000E+00  0.0000E+00  4.8500E+01  0.0000E+00  1.2293E+02  0.0000E+00 -5.6169E-01  0.0000E+00  4.8500E+01  1.2293E+02  0.0000E+00  0.0000E+00
  1.7000E+01  4.0000E+00  0.0000E+00  5.4500E+01  0.0000E+00  9.0325E+01  0.0000E+00 -3.6795E-01  0.0000E+00  5.4500E+01  9.0325E+01  0.0000E+00  0.0000E+00
  1.7000E+01  6.0000E+00  0.0000E+00  1.3500E+02  0.0000E+00  6.4216E+01  0.0000E+00  1.0226E+00  0.0000E+00  1.3500E+02  6.4216E+01  0.0000E+00  0.0000E+00
  1.7000E+01  8.0000E+00  0.0000E+00  6.3900E+01  0.0000E+00  8.2625E+01  0.0000E+00 -2.1025E-01  0.0000E+00  6.3900E+01  8.2625E+01  0.0000E+00  0.0000E+00
  1.7000E+01  1.2000E+01  0.0000E+00  3.6300E+01  0.0000E+00  4.8849E+01  0.0000E+00 -2.3832E-01  0.0000E+00  3.6300E+01  4.8849E+01  0.0000E+00  0.0000E+00
  1.7000E+01  2.4000E+01  0.0000E+00  5.0000E-01  0.0000E+00  3.1696E+00  0.0000E+00 -7.8137E-01  1.0000E+00  5.0000E-01  2.6271E-01  0.0000E+00  0.0000E+00
