TABLE NO.  2
 ID          CL          V2          V3          Q           KA          F1          DOSE
  1.0000E+00  4.8330E+00  7.8107E+00  1.4743E+00  2.3655E-01  2.5625E-01  6.7599E-03  1.2500E+01
  1.0000E+00  4.8330E+00  7.8107E+00  1.4743E+00  2.3655E-01  2.5625E-01  6.7599E-03  1.2500E+01
  1.0000E+00  4.8330E+00  7.8107E+00  1.4743E+00  2.3655E-01  2.5625E-01  6.7599E-03  1.2500E+01
  1.0000E+00  4.8330E+00  7.8107E+00  1.4743E+00  2.3655E-01  2.5625E-01  6.7599E-03  1.2500E+01
  1.0000E+00  4.8330E+00  7.8107E+00  1.4743E+00  2.3655E-01  2.5625E-01  6.7599E-03  1.2500E+01
  1.0000E+00  4.8330E+00  7.8107E+00  1.4743E+00  2.3655E-01  2.5625E-01  6.7599E-03  1.2500E+01
  1.0000E+00  4.8330E+00  7.8107E+00  1.4743E+00  2.3655E-01  2.5625E-01  6.7599E-03  1.2500E+01
  1.0000E+00  4.8330E+00  7.8107E+00  1.4743E+00  2.3655E-01  2.5625E-01  6.7599E-03  1.2500E+01
  1.0000E+00  4.8330E+00  7.8107E+00  1.4743E+00  2.3655E-01  2.5625E-01  6.7599E-03  1.2500E+01
  1.0000E+00  4.8330E+00  7.8107E+00  1.4743E+00  2.3655E-01  2.5625E-01  6.7599E-03  1.2500E+01
  1.0000E+00  4.8330E+00  7.8107E+00  1.4743E+00  2.3655E-01  2.5625E-01  6.7599E-03  1.2500E+01
  1.0000E+00  4.8330E+00  7.8107E+00  1.4743E+00  2.3655E-01  2.5625E-01  6.7599E-03  1.2500E+01
  1.0000E+00  4.8330E+00  7.8107E+00  1.4743E+00  2.3655E-01  2.5625E-01  6.7599E-03  1.2500E+01
  2.0000E+00  4.8330E+00  1.8037E+01  1.4743E+00  2.3655E-01  2.5625E-01  1.1339E-02  1.2500E+01
  2.0000E+00  4.8330E+00  1.8037E+01  1.4743E+00  2.3655E-01  2.5625E-01  1.1339E-02  1.2500E+01
  2.0000E+00  4.8330E+00  1.8037E+01  1.4743E+00  2.3655E-01  2.5625E-01  1.1339E-02  1.2500E+01
  2.0000E+00  4.8330E+00  1.8037E+01  1.4743E+00  2.3655E-01  2.5625E-01  1.1339E-02  1.2500E+01
  2.0000E+00  4.8330E+00  1.8037E+01  1.4743E+00  2.3655E-01  2.5625E-01  1.1339E-02  1.2500E+01
  2.0000E+00  4.8330E+00  1.8037E+01  1.4743E+00  2.3655E-01  2.5625E-01  1.1339E-02  1.2500E+01
  2.0000E+00  4.8330E+00  1.8037E+01  1.4743E+00  2.3655E-01  2.5625E-01  1.1339E-02  1.2500E+01
  2.0000E+00  4.8330E+00  1.8037E+01  1.4743E+00  2.3655E-01  2.5625E-01  1.1339E-02  1.2500E+01
  2.0000E+00  4.8330E+00  1.8037E+01  1.4743E+00  2.3655E-01  2.5625E-01  1.1339E-02  1.2500E+01
  2.0000E+00  4.8330E+00  1.8037E+01  1.4743E+00  2.3655E-01  2.5625E-01  1.1339E-02  1.2500E+01
  2.0000E+00  4.8330E+00  1.8037E+01  1.4743E+00  2.3655E-01  2.5625E-01  1.1339E-02  1.2500E+01
  2.0000E+00  4.8330E+00  1.8037E+01  1.4743E+00  2.3655E-01  2.5625E-01  1.1339E-02  1.2500E+01
  2.0000E+00  4.8330E+00  1.8037E+01  1.4743E+00  2.3655E-01  2.5625E-01  1.1339E-02  1.2500E+01
  3.0000E+00  4.8330E+00  3.1581E+00  1.4743E+00  2.3655E-01  2.5625E-01  1.0000E+00  2.5000E+00
  3.0000E+00  4.8330E+00  3.1581E+00  1.4743E+00  2.3655E-01  2.5625E-01  1.0000E+00  2.5000E+00
  3.0000E+00  4.8330E+00  3.1581E+00  1.4743E+00  2.3655E-01  2.5625E-01  1.0000E+00  2.5000E+00
  3.0000E+00  4.8330E+00  3.1581E+00  1.4743E+00  2.3655E-01  2.5625E-01  1.0000E+00  2.5000E+00
  3.0000E+00  4.8330E+00  3.1581E+00  1.4743E+00  2.3655E-01  2.5625E-01  1.0000E+00  2.5000E+00
  3.0000E+00  4.8330E+00  3.1581E+00  1.4743E+00  2.3655E-01  2.5625E-01  1.0000E+00  2.5000E+00
  3.0000E+00  4.8330E+00  3.1581E+00  1.4743E+00  2.3655E-01  2.5625E-01  1.0000E+00  2.5000E+00
  3.0000E+00  4.8330E+00  3.1581E+00  1.4743E+00  2.3655E-01  2.5625E-01  1.0000E+00  2.5000E+00
  3.0000E+00  4.8330E+00  3.1581E+00  1.4743E+00  2.3655E-01  2.5625E-01  1.0000E+00  2.5000E+00
  3.0000E+00  4.8330E+00  3.1581E+00  1.4743E+00  2.3655E-01  2.5625E-01  1.0000E+00  2.5000E+00
  3.0000E+00  4.8330E+00  3.1581E+00  1.4743E+00  2.3655E-01  2.5625E-01  1.0000E+00  2.5000E+00
  3.0000E+00  4.8330E+00  3.1581E+00  1.4743E+00  2.3655E-01  2.5625E-01  1.0000E+00  2.5000E+00
  4.0000E+00  4.8330E+00  2.6261E+00  1.4743E+00  2.3655E-01  2.5625E-01  1.0000E+00  2.5000E+00
  4.0000E+00  4.8330E+00  2.6261E+00  1.4743E+00  2.3655E-01  2.5625E-01  1.0000E+00  2.5000E+00
  4.0000E+00  4.8330E+00  2.6261E+00  1.4743E+00  2.3655E-01  2.5625E-01  1.0000E+00  2.5000E+00
  4.0000E+00  4.8330E+00  2.6261E+00  1.4743E+00  2.3655E-01  2.5625E-01  1.0000E+00  2.5000E+00
  4.0000E+00  4.8330E+00  2.6261E+00  1.4743E+00  2.3655E-01  2.5625E-01  1.0000E+00  2.5000E+00
  4.0000E+00  4.8330E+00  2.6261E+00  1.4743E+00  2.3655E-01  2.5625E-01  1.0000E+00  2.5000E+00
  4.0000E+00  4.8330E+00  2.6261E+00  1.4743E+00  2.3655E-01  2.5625E-01  1.0000E+00  2.5000E+00
  4.0000E+00  4.8330E+00  2.6261E+00  1.4743E+00  2.3655E-01  2.5625E-01  1.0000E+00  2.5000E+00
  4.0000E+00  4.8330E+00  2.6261E+00  1.4743E+00  2.3655E-01  2.5625E-01  1.0000E+00  2.5000E+00
  4.0000E+00  4.8330E+00  2.6261E+00  1.4743E+00  2.3655E-01  2.5625E-01  1.0000E+00  2.5000E+00
  4.0000E+00  4.8330E+00  2.6261E+00  1.4743E+00  2.3655E-01  2.5625E-01  1.0000E+00  2.5000E+00
  4.0000E+00  4.8330E+00  2.6261E+00  1.4743E+00  2.3655E-01  2.5625E-01  1.0000E+00  2.5000E+00
  5.0000E+00  4.8330E+00  2.7044E+00  1.4743E+00  2.3655E-01  2.5625E-01  1.0000E+00  2.5000E+00
  5.0000E+00  4.8330E+00  2.7044E+00  1.4743E+00  2.3655E-01  2.5625E-01  1.0000E+00  2.5000E+00
  5.0000E+00  4.8330E+00  2.7044E+00  1.4743E+00  2.3655E-01  2.5625E-01  1.0000E+00  2.5000E+00
  5.0000E+00  4.8330E+00  2.7044E+00  1.4743E+00  2.3655E-01  2.5625E-01  1.0000E+00  2.5000E+00
  5.0000E+00  4.8330E+00  2.7044E+00  1.4743E+00  2.3655E-01  2.5625E-01  1.0000E+00  2.5000E+00
  5.0000E+00  4.8330E+00  2.7044E+00  1.4743E+00  2.3655E-01  2.5625E-01  1.0000E+00  2.5000E+00
  5.0000E+00  4.8330E+00  2.7044E+00  1.4743E+00  2.3655E-01  2.5625E-01  1.0000E+00  2.5000E+00
  5.0000E+00  4.8330E+00  2.7044E+00  1.4743E+00  2.3655E-01  2.5625E-01  1.0000E+00  2.5000E+00
  5.0000E+00  4.8330E+00  2.7044E+00  1.4743E+00  2.3655E-01  2.5625E-01  1.0000E+00  2.5000E+00
  5.0000E+00  4.8330E+00  2.7044E+00  1.4743E+00  2.3655E-01  2.5625E-01  1.0000E+00  2.5000E+00
  5.0000E+00  4.8330E+00  2.7044E+00  1.4743E+00  2.3655E-01  2.5625E-01  1.0000E+00  2.5000E+00
  5.0000E+00  4.8330E+00  2.7044E+00  1.4743E+00  2.3655E-01  2.5625E-01  1.0000E+00  2.5000E+00
  6.0000E+00  4.8330E+00  8.1798E+00  1.4743E+00  2.3655E-01  2.5625E-01  1.1351E-02  1.0000E+01
  6.0000E+00  4.8330E+00  8.1798E+00  1.4743E+00  2.3655E-01  2.5625E-01  1.1351E-02  1.0000E+01
  6.0000E+00  4.8330E+00  8.1798E+00  1.4743E+00  2.3655E-01  2.5625E-01  1.1351E-02  1.0000E+01
  6.0000E+00  4.8330E+00  8.1798E+00  1.4743E+00  2.3655E-01  2.5625E-01  1.1351E-02  1.0000E+01
  6.0000E+00  4.8330E+00  8.1798E+00  1.4743E+00  2.3655E-01  2.5625E-01  1.1351E-02  1.0000E+01
  6.0000E+00  4.8330E+00  8.1798E+00  1.4743E+00  2.3655E-01  2.5625E-01  1.1351E-02  1.0000E+01
  6.0000E+00  4.8330E+00  8.1798E+00  1.4743E+00  2.3655E-01  2.5625E-01  1.1351E-02  1.0000E+01
  6.0000E+00  4.8330E+00  8.1798E+00  1.4743E+00  2.3655E-01  2.5625E-01  1.1351E-02  1.0000E+01
  6.0000E+00  4.8330E+00  8.1798E+00  1.4743E+00  2.3655E-01  2.5625E-01  1.1351E-02  1.0000E+01
  6.0000E+00  4.8330E+00  8.1798E+00  1.4743E+00  2.3655E-01  2.5625E-01  1.1351E-02  1.0000E+01
  6.0000E+00  4.8330E+00  8.1798E+00  1.4743E+00  2.3655E-01  2.5625E-01  1.1351E-02  1.0000E+01
  6.0000E+00  4.8330E+00  8.1798E+00  1.4743E+00  2.3655E-01  2.5625E-01  1.1351E-02  1.0000E+01
  7.0000E+00  4.8330E+00  6.2441E+00  1.4743E+00  2.3655E-01  2.5625E-01  1.3158E-02  1.0000E+01
  7.0000E+00  4.8330E+00  6.2441E+00  1.4743E+00  2.3655E-01  2.5625E-01  1.3158E-02  1.0000E+01
  7.0000E+00  4.8330E+00  6.2441E+00  1.4743E+00  2.3655E-01  2.5625E-01  1.3158E-02  1.0000E+01
  7.0000E+00  4.8330E+00  6.2441E+00  1.4743E+00  2.3655E-01  2.5625E-01  1.3158E-02  1.0000E+01
  7.0000E+00  4.8330E+00  6.2441E+00  1.4743E+00  2.3655E-01  2.5625E-01  1.3158E-02  1.0000E+01
  7.0000E+00  4.8330E+00  6.2441E+00  1.4743E+00  2.3655E-01  2.5625E-01  1.3158E-02  1.0000E+01
  7.0000E+00  4.8330E+00  6.2441E+00  1.4743E+00  2.3655E-01  2.5625E-01  1.3158E-02  1.0000E+01
  7.0000E+00  4.8330E+00  6.2441E+00  1.4743E+00  2.3655E-01  2.5625E-01  1.3158E-02  1.0000E+01
  7.0000E+00  4.8330E+00  6.2441E+00  1.4743E+00  2.3655E-01  2.5625E-01  1.3158E-02  1.0000E+01
  7.0000E+00  4.8330E+00  6.2441E+00  1.4743E+00  2.3655E-01  2.5625E-01  1.3158E-02  1.0000E+01
  7.0000E+00  4.8330E+00  6.2441E+00  1.4743E+00  2.3655E-01  2.5625E-01  1.3158E-02  1.0000E+01
  7.0000E+00  4.8330E+00  6.2441E+00  1.4743E+00  2.3655E-01  2.5625E-01  1.3158E-02  1.0000E+01
  8.0000E+00  4.8330E+00  3.9192E+00  1.4743E+00  2.3655E-01  2.5625E-01  1.3646E-02  1.0000E+01
  8.0000E+00  4.8330E+00  3.9192E+00  1.4743E+00  2.3655E-01  2.5625E-01  1.3646E-02  1.0000E+01
  8.0000E+00  4.8330E+00  3.9192E+00  1.4743E+00  2.3655E-01  2.5625E-01  1.3646E-02  1.0000E+01
  8.0000E+00  4.8330E+00  3.9192E+00  1.4743E+00  2.3655E-01  2.5625E-01  1.3646E-02  1.0000E+01
  8.0000E+00  4.8330E+00  3.9192E+00  1.4743E+00  2.3655E-01  2.5625E-01  1.3646E-02  1.0000E+01
  8.0000E+00  4.8330E+00  3.9192E+00  1.4743E+00  2.3655E-01  2.5625E-01  1.3646E-02  1.0000E+01
  8.0000E+00  4.8330E+00  3.9192E+00  1.4743E+00  2.3655E-01  2.5625E-01  1.3646E-02  1.0000E+01
  8.0000E+00  4.8330E+00  3.9192E+00  1.4743E+00  2.3655E-01  2.5625E-01  1.3646E-02  1.0000E+01
  8.0000E+00  4.8330E+00  3.9192E+00  1.4743E+00  2.3655E-01  2.5625E-01  1.3646E-02  1.0000E+01
  8.0000E+00  4.8330E+00  3.9192E+00  1.4743E+00  2.3655E-01  2.5625E-01  1.3646E-02  1.0000E+01
  8.0000E+00  4.8330E+00  3.9192E+00  1.4743E+00  2.3655E-01  2.5625E-01  1.3646E-02  1.0000E+01
  8.0000E+00  4.8330E+00  3.9192E+00  1.4743E+00  2.3655E-01  2.5625E-01  1.3646E-02  1.0000E+01
  9.0000E+00  4.8330E+00  1.1391E+00  1.4743E+00  2.3655E-01  2.5625E-01  2.6718E-02  3.0000E+01
  9.0000E+00  4.8330E+00  1.1391E+00  1.4743E+00  2.3655E-01  2.5625E-01  2.6718E-02  3.0000E+01
  9.0000E+00  4.8330E+00  1.1391E+00  1.4743E+00  2.3655E-01  2.5625E-01  2.6718E-02  3.0000E+01
  9.0000E+00  4.8330E+00  1.1391E+00  1.4743E+00  2.3655E-01  2.5625E-01  2.6718E-02  3.0000E+01
  9.0000E+00  4.8330E+00  1.1391E+00  1.4743E+00  2.3655E-01  2.5625E-01  2.6718E-02  3.0000E+01
  9.0000E+00  4.8330E+00  1.1391E+00  1.4743E+00  2.3655E-01  2.5625E-01  2.6718E-02  3.0000E+01
  9.0000E+00  4.8330E+00  1.1391E+00  1.4743E+00  2.3655E-01  2.5625E-01  2.6718E-02  3.0000E+01
  9.0000E+00  4.8330E+00  1.1391E+00  1.4743E+00  2.3655E-01  2.5625E-01  2.6718E-02  3.0000E+01
  9.0000E+00  4.8330E+00  1.1391E+00  1.4743E+00  2.3655E-01  2.5625E-01  2.6718E-02  3.0000E+01
  9.0000E+00  4.8330E+00  1.1391E+00  1.4743E+00  2.3655E-01  2.5625E-01  2.6718E-02  3.0000E+01
  9.0000E+00  4.8330E+00  1.1391E+00  1.4743E+00  2.3655E-01  2.5625E-01  2.6718E-02  3.0000E+01
  9.0000E+00  4.8330E+00  1.1391E+00  1.4743E+00  2.3655E-01  2.5625E-01  2.6718E-02  3.0000E+01
  1.0000E+01  4.8330E+00  1.3018E+01  1.4743E+00  2.3655E-01  2.5625E-01  2.6044E-02  3.0000E+01
  1.0000E+01  4.8330E+00  1.3018E+01  1.4743E+00  2.3655E-01  2.5625E-01  2.6044E-02  3.0000E+01
  1.0000E+01  4.8330E+00  1.3018E+01  1.4743E+00  2.3655E-01  2.5625E-01  2.6044E-02  3.0000E+01
  1.0000E+01  4.8330E+00  1.3018E+01  1.4743E+00  2.3655E-01  2.5625E-01  2.6044E-02  3.0000E+01
  1.0000E+01  4.8330E+00  1.3018E+01  1.4743E+00  2.3655E-01  2.5625E-01  2.6044E-02  3.0000E+01
  1.0000E+01  4.8330E+00  1.3018E+01  1.4743E+00  2.3655E-01  2.5625E-01  2.6044E-02  3.0000E+01
  1.0000E+01  4.8330E+00  1.3018E+01  1.4743E+00  2.3655E-01  2.5625E-01  2.6044E-02  3.0000E+01
  1.0000E+01  4.8330E+00  1.3018E+01  1.4743E+00  2.3655E-01  2.5625E-01  2.6044E-02  3.0000E+01
  1.0000E+01  4.8330E+00  1.3018E+01  1.4743E+00  2.3655E-01  2.5625E-01  2.6044E-02  3.0000E+01
  1.0000E+01  4.8330E+00  1.3018E+01  1.4743E+00  2.3655E-01  2.5625E-01  2.6044E-02  3.0000E+01
  1.0000E+01  4.8330E+00  1.3018E+01  1.4743E+00  2.3655E-01  2.5625E-01  2.6044E-02  3.0000E+01
  1.0000E+01  4.8330E+00  1.3018E+01  1.4743E+00  2.3655E-01  2.5625E-01  2.6044E-02  3.0000E+01
  1.1000E+01  4.8330E+00  1.1632E+01  1.4743E+00  2.3655E-01  2.5625E-01  2.3384E-02  3.0000E+01
  1.1000E+01  4.8330E+00  1.1632E+01  1.4743E+00  2.3655E-01  2.5625E-01  2.3384E-02  3.0000E+01
  1.1000E+01  4.8330E+00  1.1632E+01  1.4743E+00  2.3655E-01  2.5625E-01  2.3384E-02  3.0000E+01
  1.1000E+01  4.8330E+00  1.1632E+01  1.4743E+00  2.3655E-01  2.5625E-01  2.3384E-02  3.0000E+01
  1.1000E+01  4.8330E+00  1.1632E+01  1.4743E+00  2.3655E-01  2.5625E-01  2.3384E-02  3.0000E+01
  1.1000E+01  4.8330E+00  1.1632E+01  1.4743E+00  2.3655E-01  2.5625E-01  2.3384E-02  3.0000E+01
  1.1000E+01  4.8330E+00  1.1632E+01  1.4743E+00  2.3655E-01  2.5625E-01  2.3384E-02  3.0000E+01
  1.1000E+01  4.8330E+00  1.1632E+01  1.4743E+00  2.3655E-01  2.5625E-01  2.3384E-02  3.0000E+01
  1.1000E+01  4.8330E+00  1.1632E+01  1.4743E+00  2.3655E-01  2.5625E-01  2.3384E-02  3.0000E+01
  1.1000E+01  4.8330E+00  1.1632E+01  1.4743E+00  2.3655E-01  2.5625E-01  2.3384E-02  3.0000E+01
  1.1000E+01  4.8330E+00  1.1632E+01  1.4743E+00  2.3655E-01  2.5625E-01  2.3384E-02  3.0000E+01
  1.1000E+01  4.8330E+00  1.1632E+01  1.4743E+00  2.3655E-01  2.5625E-01  2.3384E-02  3.0000E+01
  1.2000E+01  4.8330E+00  3.3254E+01  1.4743E+00  2.3655E-01  2.5625E-01  6.5745E-03  3.0000E+01
  1.2000E+01  4.8330E+00  3.3254E+01  1.4743E+00  2.3655E-01  2.5625E-01  6.5745E-03  3.0000E+01
  1.2000E+01  4.8330E+00  3.3254E+01  1.4743E+00  2.3655E-01  2.5625E-01  6.5745E-03  3.0000E+01
  1.2000E+01  4.8330E+00  3.3254E+01  1.4743E+00  2.3655E-01  2.5625E-01  6.5745E-03  3.0000E+01
  1.2000E+01  4.8330E+00  3.3254E+01  1.4743E+00  2.3655E-01  2.5625E-01  6.5745E-03  3.0000E+01
  1.2000E+01  4.8330E+00  3.3254E+01  1.4743E+00  2.3655E-01  2.5625E-01  6.5745E-03  3.0000E+01
  1.2000E+01  4.8330E+00  3.3254E+01  1.4743E+00  2.3655E-01  2.5625E-01  6.5745E-03  3.0000E+01
  1.2000E+01  4.8330E+00  3.3254E+01  1.4743E+00  2.3655E-01  2.5625E-01  6.5745E-03  3.0000E+01
  1.2000E+01  4.8330E+00  3.3254E+01  1.4743E+00  2.3655E-01  2.5625E-01  6.5745E-03  3.0000E+01
  1.2000E+01  4.8330E+00  3.3254E+01  1.4743E+00  2.3655E-01  2.5625E-01  6.5745E-03  3.0000E+01
  1.2000E+01  4.8330E+00  3.3254E+01  1.4743E+00  2.3655E-01  2.5625E-01  6.5745E-03  3.0000E+01
  1.2000E+01  4.8330E+00  3.3254E+01  1.4743E+00  2.3655E-01  2.5625E-01  6.5745E-03  3.0000E+01
  1.3000E+01  4.8330E+00  1.5692E+01  1.4743E+00  2.3655E-01  2.5625E-01  9.5464E-03  3.0000E+01
  1.3000E+01  4.8330E+00  1.5692E+01  1.4743E+00  2.3655E-01  2.5625E-01  9.5464E-03  3.0000E+01
  1.3000E+01  4.8330E+00  1.5692E+01  1.4743E+00  2.3655E-01  2.5625E-01  9.5464E-03  3.0000E+01
  1.3000E+01  4.8330E+00  1.5692E+01  1.4743E+00  2.3655E-01  2.5625E-01  9.5464E-03  3.0000E+01
  1.3000E+01  4.8330E+00  1.5692E+01  1.4743E+00  2.3655E-01  2.5625E-01  9.5464E-03  3.0000E+01
  1.3000E+01  4.8330E+00  1.5692E+01  1.4743E+00  2.3655E-01  2.5625E-01  9.5464E-03  3.0000E+01
  1.3000E+01  4.8330E+00  1.5692E+01  1.4743E+00  2.3655E-01  2.5625E-01  9.5464E-03  3.0000E+01
  1.3000E+01  4.8330E+00  1.5692E+01  1.4743E+00  2.3655E-01  2.5625E-01  9.5464E-03  3.0000E+01
  1.3000E+01  4.8330E+00  1.5692E+01  1.4743E+00  2.3655E-01  2.5625E-01  9.5464E-03  3.0000E+01
  1.3000E+01  4.8330E+00  1.5692E+01  1.4743E+00  2.3655E-01  2.5625E-01  9.5464E-03  3.0000E+01
  1.3000E+01  4.8330E+00  1.5692E+01  1.4743E+00  2.3655E-01  2.5625E-01  9.5464E-03  3.0000E+01
  1.3000E+01  4.8330E+00  1.5692E+01  1.4743E+00  2.3655E-01  2.5625E-01  9.5464E-03  3.0000E+01
  1.4000E+01  4.8330E+00  2.2468E+01  1.4743E+00  2.3655E-01  2.5625E-01  5.6369E-03  3.0000E+01
  1.4000E+01  4.8330E+00  2.2468E+01  1.4743E+00  2.3655E-01  2.5625E-01  5.6369E-03  3.0000E+01
  1.4000E+01  4.8330E+00  2.2468E+01  1.4743E+00  2.3655E-01  2.5625E-01  5.6369E-03  3.0000E+01
  1.4000E+01  4.8330E+00  2.2468E+01  1.4743E+00  2.3655E-01  2.5625E-01  5.6369E-03  3.0000E+01
  1.4000E+01  4.8330E+00  2.2468E+01  1.4743E+00  2.3655E-01  2.5625E-01  5.6369E-03  3.0000E+01
  1.4000E+01  4.8330E+00  2.2468E+01  1.4743E+00  2.3655E-01  2.5625E-01  5.6369E-03  3.0000E+01
  1.4000E+01  4.8330E+00  2.2468E+01  1.4743E+00  2.3655E-01  2.5625E-01  5.6369E-03  3.0000E+01
  1.4000E+01  4.8330E+00  2.2468E+01  1.4743E+00  2.3655E-01  2.5625E-01  5.6369E-03  3.0000E+01
  1.4000E+01  4.8330E+00  2.2468E+01  1.4743E+00  2.3655E-01  2.5625E-01  5.6369E-03  3.0000E+01
  1.4000E+01  4.8330E+00  2.2468E+01  1.4743E+00  2.3655E-01  2.5625E-01  5.6369E-03  3.0000E+01
  1.4000E+01  4.8330E+00  2.2468E+01  1.4743E+00  2.3655E-01  2.5625E-01  5.6369E-03  3.0000E+01
  1.4000E+01  4.8330E+00  2.2468E+01  1.4743E+00  2.3655E-01  2.5625E-01  5.6369E-03  3.0000E+01
  1.5000E+01  4.8330E+00  6.1864E+00  1.4743E+00  2.3655E-01  2.5625E-01  8.1175E-03  1.0000E+02
  1.5000E+01  4.8330E+00  6.1864E+00  1.4743E+00  2.3655E-01  2.5625E-01  8.1175E-03  1.0000E+02
  1.5000E+01  4.8330E+00  6.1864E+00  1.4743E+00  2.3655E-01  2.5625E-01  8.1175E-03  1.0000E+02
  1.5000E+01  4.8330E+00  6.1864E+00  1.4743E+00  2.3655E-01  2.5625E-01  8.1175E-03  1.0000E+02
  1.5000E+01  4.8330E+00  6.1864E+00  1.4743E+00  2.3655E-01  2.5625E-01  8.1175E-03  1.0000E+02
  1.5000E+01  4.8330E+00  6.1864E+00  1.4743E+00  2.3655E-01  2.5625E-01  8.1175E-03  1.0000E+02
  1.5000E+01  4.8330E+00  6.1864E+00  1.4743E+00  2.3655E-01  2.5625E-01  8.1175E-03  1.0000E+02
  1.5000E+01  4.8330E+00  6.1864E+00  1.4743E+00  2.3655E-01  2.5625E-01  8.1175E-03  1.0000E+02
  1.5000E+01  4.8330E+00  6.1864E+00  1.4743E+00  2.3655E-01  2.5625E-01  8.1175E-03  1.0000E+02
  1.5000E+01  4.8330E+00  6.1864E+00  1.4743E+00  2.3655E-01  2.5625E-01  8.1175E-03  1.0000E+02
  1.5000E+01  4.8330E+00  6.1864E+00  1.4743E+00  2.3655E-01  2.5625E-01  8.1175E-03  1.0000E+02
  1.5000E+01  4.8330E+00  6.1864E+00  1.4743E+00  2.3655E-01  2.5625E-01  8.1175E-03  1.0000E+02
  1.6000E+01  4.8330E+00  9.5933E+00  1.4743E+00  2.3655E-01  2.5625E-01  2.5589E-02  1.0000E+02
  1.6000E+01  4.8330E+00  9.5933E+00  1.4743E+00  2.3655E-01  2.5625E-01  2.5589E-02  1.0000E+02
  1.6000E+01  4.8330E+00  9.5933E+00  1.4743E+00  2.3655E-01  2.5625E-01  2.5589E-02  1.0000E+02
  1.6000E+01  4.8330E+00  9.5933E+00  1.4743E+00  2.3655E-01  2.5625E-01  2.5589E-02  1.0000E+02
  1.6000E+01  4.8330E+00  9.5933E+00  1.4743E+00  2.3655E-01  2.5625E-01  2.5589E-02  1.0000E+02
  1.6000E+01  4.8330E+00  9.5933E+00  1.4743E+00  2.3655E-01  2.5625E-01  2.5589E-02  1.0000E+02
  1.6000E+01  4.8330E+00  9.5933E+00  1.4743E+00  2.3655E-01  2.5625E-01  2.5589E-02  1.0000E+02
  1.6000E+01  4.8330E+00  9.5933E+00  1.4743E+00  2.3655E-01  2.5625E-01  2.5589E-02  1.0000E+02
  1.6000E+01  4.8330E+00  9.5933E+00  1.4743E+00  2.3655E-01  2.5625E-01  2.5589E-02  1.0000E+02
  1.6000E+01  4.8330E+00  9.5933E+00  1.4743E+00  2.3655E-01  2.5625E-01  2.5589E-02  1.0000E+02
  1.6000E+01  4.8330E+00  9.5933E+00  1.4743E+00  2.3655E-01  2.5625E-01  2.5589E-02  1.0000E+02
  1.6000E+01  4.8330E+00  9.5933E+00  1.4743E+00  2.3655E-01  2.5625E-01  2.5589E-02  1.0000E+02
  1.7000E+01  4.8330E+00  1.1932E+01  1.4743E+00  2.3655E-01  2.5625E-01  8.9660E-03  1.0000E+02
  1.7000E+01  4.8330E+00  1.1932E+01  1.4743E+00  2.3655E-01  2.5625E-01  8.9660E-03  1.0000E+02
  1.7000E+01  4.8330E+00  1.1932E+01  1.4743E+00  2.3655E-01  2.5625E-01  8.9660E-03  1.0000E+02
  1.7000E+01  4.8330E+00  1.1932E+01  1.4743E+00  2.3655E-01  2.5625E-01  8.9660E-03  1.0000E+02
  1.7000E+01  4.8330E+00  1.1932E+01  1.4743E+00  2.3655E-01  2.5625E-01  8.9660E-03  1.0000E+02
  1.7000E+01  4.8330E+00  1.1932E+01  1.4743E+00  2.3655E-01  2.5625E-01  8.9660E-03  1.0000E+02
  1.7000E+01  4.8330E+00  1.1932E+01  1.4743E+00  2.3655E-01  2.5625E-01  8.9660E-03  1.0000E+02
  1.7000E+01  4.8330E+00  1.1932E+01  1.4743E+00  2.3655E-01  2.5625E-01  8.9660E-03  1.0000E+02
  1.7000E+01  4.8330E+00  1.1932E+01  1.4743E+00  2.3655E-01  2.5625E-01  8.9660E-03  1.0000E+02
  1.7000E+01  4.8330E+00  1.1932E+01  1.4743E+00  2.3655E-01  2.5625E-01  8.9660E-03  1.0000E+02
  1.7000E+01  4.8330E+00  1.1932E+01  1.4743E+00  2.3655E-01  2.5625E-01  8.9660E-03  1.0000E+02
  1.7000E+01  4.8330E+00  1.1932E+01  1.4743E+00  2.3655E-01  2.5625E-01  8.9660E-03  1.0000E+02
