TABLE NO.  1
 ID          TIME        AMT         DV          MDV         IPRED       CWRES       IWRES       BQL         DV          PRED        RES         WRES
  1.0000E+00  0.0000E+00  2.9000E+04  0.0000E+00  1.0000E+00  0.0000E+00  0.0000E+00  0.0000E+00  0.0000E+00  0.0000E+00  1.0000E+00  0.0000E+00  0.0000E+00
  1.0000E+00  0.0000E+00  2.9000E+04  0.0000E+00  1.0000E+00  0.0000E+00  0.0000E+00  0.0000E+00  0.0000E+00  0.0000E+00  1.0000E+00  0.0000E+00  0.0000E+00
  1.0000E+00  0.0000E+00  0.0000E+00  0.0000E+00  0.0000E+00  0.0000E+00  0.0000E+00  0.0000E+00  0.0000E+00  0.0000E+00  1.0000E+00  0.0000E+00  0.0000E+00
  1.0000E+00  2.5000E-01  0.0000E+00  7.3000E-01  0.0000E+00  1.3267E+00  0.0000E+00 -8.3911E-01  0.0000E+00  7.3000E-01  1.2102E-01  0.0000E+00  0.0000E+00
  1.0000E+00  5.0000E-01  0.0000E+00  2.7500E+00  0.0000E+00  2.4550E+00  0.0000E+00  2.2420E-01  0.0000E+00  2.7500E+00  4.9363E+00  0.0000E+00  0.0000E+00
  1.0000E+00  1.0000E+00  0.0000E+00  7.2700E+00  0.0000E+00  4.2320E+00  0.0000E+00  1.3393E+00  0.0000E+00  7.2700E+00  8.4305E+00  0.0000E+00  0.0000E+00
  1.0000E+00  2.0000E+00  0.0000E+00  6.4500E+00  0.0000E+00  6.4571E+00  0.0000E+00 -2.0440E-03  0.0000E+00  6.4500E+00  1.2671E+01  0.0000E+00  0.0000E+00
  1.0000E+00  3.0000E+00  0.0000E+00  6.8500E+00  0.0000E+00  7.6386E+00  0.0000E+00 -1.9262E-01  0.0000E+00  6.8500E+00  1.4827E+01  0.0000E+00  0.0000E+00
  1.0000E+00  4.0000E+00  0.0000E+00  4.2300E+00  0.0000E+00  4.1772E+00  0.0000E+00  2.3597E-02  0.0000E+00  4.2300E+00  7.7818E+00  0.0000E+00  0.0000E+00
  1.0000E+00  6.0000E+00  0.0000E+00  6.0300E+00  0.0000E+00  6.5637E+00  0.0000E+00 -1.5170E-01  0.0000E+00  6.0300E+00  1.2548E+01  0.0000E+00  0.0000E+00
  1.0000E+00  8.0000E+00  0.0000E+00  8.1100E+00  0.0000E+00  5.1120E+00  0.0000E+00  1.0942E+00  0.0000E+00  8.1100E+00  9.6255E+00  0.0000E+00  0.0000E+00
  1.0000E+00  1.2000E+01  0.0000E+00  5.0000E-01  0.0000E+00  2.2185E+00  0.0000E+00 -1.4452E+00  1.0000E+00  5.0000E-01  7.9202E-02  0.0000E+00  0.0000E+00
  1.0000E+00  2.4000E+01  0.0000E+00  5.0000E-01  0.0000E+00  1.5449E-01  0.0000E+00  4.1726E+00  1.0000E+00  5.0000E-01  1.0000E+00  0.0000E+00  0.0000E+00
  2.0000E+00  0.0000E+00  2.9000E+04  0.0000E+00  1.0000E+00  0.0000E+00  0.0000E+00  0.0000E+00  0.0000E+00  0.0000E+00  1.0000E+00  0.0000E+00  0.0000E+00
  2.0000E+00  0.0000E+00  2.9000E+04  0.0000E+00  1.0000E+00  0.0000E+00  0.0000E+00  0.0000E+00  0.0000E+00  0.0000E+00  1.0000E+00  0.0000E+00  0.0000E+00
  2.0000E+00  0.0000E+00  0.0000E+00  0.0000E+00  0.0000E+00  0.0000E+00  0.0000E+00  0.0000E+00  0.0000E+00  0.0000E+00  1.0000E+00  0.0000E+00  0.0000E+00
  2.0000E+00  2.5000E-01  0.0000E+00  1.2000E-01  0.0000E+00  1.0081E+00  0.0000E+00 -1.6436E+00  0.0000E+00  1.2000E-01  1.2102E-01  0.0000E+00  0.0000E+00
  2.0000E+00  5.0000E-01  0.0000E+00  1.8000E-01  0.0000E+00  1.9479E+00  0.0000E+00 -1.6933E+00  0.0000E+00  1.8000E-01  6.8406E-02  0.0000E+00  0.0000E+00
  2.0000E+00  1.0000E+00  0.0000E+00  1.4000E-01  0.0000E+00  3.6413E+00  0.0000E+00 -1.7940E+00  0.0000E+00  1.4000E-01  5.0045E-02  0.0000E+00  0.0000E+00
  2.0000E+00  2.0000E+00  0.0000E+00  1.1700E+00  0.0000E+00  6.3965E+00  0.0000E+00 -1.5245E+00  0.0000E+00  1.1700E+00  1.2671E+01  0.0000E+00  0.0000E+00
  2.0000E+00  3.0000E+00  0.0000E+00  8.4000E+00  0.0000E+00  8.4864E+00  0.0000E+00 -1.9002E-02  0.0000E+00  8.4000E+00  1.4827E+01  0.0000E+00  0.0000E+00
  2.0000E+00  4.0000E+00  0.0000E+00  1.5500E+01  0.0000E+00  6.5455E+00  0.0000E+00  2.5524E+00  0.0000E+00  1.5500E+01  7.7818E+00  0.0000E+00  0.0000E+00
  2.0000E+00  6.0000E+00  0.0000E+00  8.5100E+00  0.0000E+00  9.2434E+00  0.0000E+00 -1.4803E-01  0.0000E+00  8.5100E+00  1.2548E+01  0.0000E+00  0.0000E+00
  2.0000E+00  8.0000E+00  0.0000E+00  6.0400E+00  0.0000E+00  8.6295E+00  0.0000E+00 -5.5986E-01  0.0000E+00  6.0400E+00  9.6255E+00  0.0000E+00  0.0000E+00
  2.0000E+00  1.2000E+01  0.0000E+00  5.0000E-01  0.0000E+00  5.2796E+00  0.0000E+00 -1.6890E+00  1.0000E+00  5.0000E-01  7.9202E-02  0.0000E+00  0.0000E+00
  2.0000E+00  2.4000E+01  0.0000E+00  5.0000E-01  0.0000E+00  6.1592E-01  0.0000E+00 -3.5115E-01  1.0000E+00  5.0000E-01  1.0000E+00  0.0000E+00  0.0000E+00
  3.0000E+00  0.0000E+00  5.4500E+03  0.0000E+00  1.0000E+00  1.7257E+03  0.0000E+00 -1.8657E+00  0.0000E+00  0.0000E+00  3.1215E-02  0.0000E+00  0.0000E+00
  3.0000E+00  1.7000E-02  0.0000E+00  2.5500E+03  0.0000E+00  1.6793E+03  0.0000E+00  9.6743E-01  0.0000E+00  2.5500E+03  7.3734E+02  0.0000E+00  0.0000E+00
  3.0000E+00  8.3500E-02  0.0000E+00  2.1100E+03  0.0000E+00  1.5093E+03  0.0000E+00  7.4256E-01  0.0000E+00  2.1100E+03  7.0410E+02  0.0000E+00  0.0000E+00
  3.0000E+00  2.5000E-01  0.0000E+00  1.4600E+03  0.0000E+00  1.1558E+03  0.0000E+00  4.9114E-01  0.0000E+00  1.4600E+03  6.2736E+02  0.0000E+00  0.0000E+00
  3.0000E+00  5.0000E-01  0.0000E+00  8.5300E+02  0.0000E+00  7.7488E+02  0.0000E+00  1.8809E-01  0.0000E+00  8.5300E+02  5.2771E+02  0.0000E+00  0.0000E+00
  3.0000E+00  1.0000E+00  0.0000E+00  5.5500E+02  0.0000E+00  3.5018E+02  0.0000E+00  1.0913E+00  0.0000E+00  5.5500E+02  3.7389E+02  0.0000E+00  0.0000E+00
  3.0000E+00  2.0000E+00  0.0000E+00  1.0300E+02  0.0000E+00  7.5283E+01  0.0000E+00  6.8689E-01  0.0000E+00  1.0300E+02  1.8906E+02  0.0000E+00  0.0000E+00
  3.0000E+00  4.0000E+00  0.0000E+00  7.4100E+00  0.0000E+00  8.0147E+00  0.0000E+00 -1.4077E-01  0.0000E+00  7.4100E+00  5.1013E+01  0.0000E+00  0.0000E+00
  3.0000E+00  6.0000E+00  0.0000E+00  4.4900E+00  0.0000E+00  4.0266E+00  0.0000E+00  2.1473E-01  0.0000E+00  4.4900E+00  1.5983E+01  0.0000E+00  0.0000E+00
  3.0000E+00  8.0000E+00  0.0000E+00  5.2500E+00  0.0000E+00  2.8952E+00  0.0000E+00  1.5175E+00  0.0000E+00  5.2500E+00  6.4969E+00  0.0000E+00  0.0000E+00
  3.0000E+00  1.2000E+01  0.0000E+00  2.4600E+00  0.0000E+00  1.5729E+00  0.0000E+00  1.0523E+00  0.0000E+00  2.4600E+00  2.2701E+00  0.0000E+00  0.0000E+00
  3.0000E+00  2.4000E+01  0.0000E+00  5.0000E-01  0.0000E+00  2.5329E-01  0.0000E+00  1.8172E+00  1.0000E+00  5.0000E-01  9.9980E-01  0.0000E+00  0.0000E+00
  4.0000E+00  0.0000E+00  5.9500E+03  0.0000E+00  1.0000E+00  2.2657E+03  0.0000E+00 -1.8657E+00  0.0000E+00  0.0000E+00  3.1201E-02  0.0000E+00  0.0000E+00
  4.0000E+00  1.7000E-02  0.0000E+00  2.3000E+03  0.0000E+00  2.1926E+03  0.0000E+00  9.1427E-02  0.0000E+00  2.3000E+03  8.0499E+02  0.0000E+00  0.0000E+00
  4.0000E+00  8.3500E-02  0.0000E+00  2.0000E+03  0.0000E+00  1.9285E+03  0.0000E+00  6.9168E-02  0.0000E+00  2.0000E+03  7.6870E+02  0.0000E+00  0.0000E+00
  4.0000E+00  2.5000E-01  0.0000E+00  1.2600E+03  0.0000E+00  1.3991E+03  0.0000E+00 -1.8544E-01  0.0000E+00  1.2600E+03  6.8491E+02  0.0000E+00  0.0000E+00
  4.0000E+00  5.0000E-01  0.0000E+00  7.3500E+02  0.0000E+00  8.6515E+02  0.0000E+00 -2.8066E-01  0.0000E+00  7.3500E+02  5.7613E+02  0.0000E+00  0.0000E+00
  4.0000E+00  1.0000E+00  0.0000E+00  4.3200E+02  0.0000E+00  3.3343E+02  0.0000E+00  5.5159E-01  0.0000E+00  4.3200E+02  4.0819E+02  0.0000E+00  0.0000E+00
  4.0000E+00  2.0000E+00  0.0000E+00  5.4600E+01  0.0000E+00  5.4311E+01  0.0000E+00  9.9211E-03  0.0000E+00  5.4600E+01  2.0640E+02  0.0000E+00  0.0000E+00
  4.0000E+00  4.0000E+00  0.0000E+00  7.2500E+00  0.0000E+00  6.5731E+00  0.0000E+00  1.9213E-01  0.0000E+00  7.2500E+00  5.5693E+01  0.0000E+00  0.0000E+00
  4.0000E+00  6.0000E+00  0.0000E+00  3.6500E+00  0.0000E+00  4.1537E+00  0.0000E+00 -2.2624E-01  0.0000E+00  3.6500E+00  1.7450E+01  0.0000E+00  0.0000E+00
  4.0000E+00  8.0000E+00  0.0000E+00  3.3200E+00  0.0000E+00  3.0485E+00  0.0000E+00  1.6614E-01  0.0000E+00  3.3200E+00  7.0929E+00  0.0000E+00  0.0000E+00
  4.0000E+00  1.2000E+01  0.0000E+00  1.6100E+00  0.0000E+00  1.6574E+00  0.0000E+00 -5.3364E-02  0.0000E+00  1.6100E+00  2.4784E+00  0.0000E+00  0.0000E+00
  4.0000E+00  2.4000E+01  0.0000E+00  5.0000E-01  0.0000E+00  2.6645E-01  0.0000E+00  1.6353E+00  1.0000E+00  5.0000E-01  9.9897E-01  0.0000E+00  0.0000E+00
  5.0000E+00  0.0000E+00  6.1000E+03  0.0000E+00  1.0000E+00  2.2556E+03  0.0000E+00 -1.8657E+00  0.0000E+00  0.0000E+00  3.1197E-02  0.0000E+00  0.0000E+00
  5.0000E+00  1.7000E-02  0.0000E+00  2.6900E+03  0.0000E+00  2.1848E+03  0.0000E+00  4.3140E-01  0.0000E+00  2.6900E+03  8.2528E+02  0.0000E+00  0.0000E+00
  5.0000E+00  8.3500E-02  0.0000E+00  2.0500E+03  0.0000E+00  1.9288E+03  0.0000E+00  1.1719E-01  0.0000E+00  2.0500E+03  7.8807E+02  0.0000E+00  0.0000E+00
  5.0000E+00  2.5000E-01  0.0000E+00  1.1600E+03  0.0000E+00  1.4124E+03  0.0000E+00 -3.3338E-01  0.0000E+00  1.1600E+03  7.0218E+02  0.0000E+00  0.0000E+00
  5.0000E+00  5.0000E-01  0.0000E+00  8.2000E+02  0.0000E+00  8.8560E+02  0.0000E+00 -1.3820E-01  0.0000E+00  8.2000E+02  5.9065E+02  0.0000E+00  0.0000E+00
  5.0000E+00  1.0000E+00  0.0000E+00  4.5600E+02  0.0000E+00  3.5076E+02  0.0000E+00  5.5981E-01  0.0000E+00  4.5600E+02  4.1848E+02  0.0000E+00  0.0000E+00
  5.0000E+00  2.0000E+00  0.0000E+00  5.7800E+01  0.0000E+00  5.9823E+01  0.0000E+00 -6.3084E-02  0.0000E+00  5.7800E+01  2.1161E+02  0.0000E+00  0.0000E+00
  5.0000E+00  4.0000E+00  0.0000E+00  6.8700E+00  0.0000E+00  6.9800E+00  0.0000E+00 -2.9405E-02  0.0000E+00  6.8700E+00  5.7097E+01  0.0000E+00  0.0000E+00
  5.0000E+00  6.0000E+00  0.0000E+00  6.0500E+00  0.0000E+00  4.2872E+00  0.0000E+00  7.6713E-01  0.0000E+00  6.0500E+00  1.7890E+01  0.0000E+00  0.0000E+00
  5.0000E+00  8.0000E+00  0.0000E+00  6.1100E+00  0.0000E+00  3.1416E+00  0.0000E+00  1.7629E+00  0.0000E+00  6.1100E+00  7.2717E+00  0.0000E+00  0.0000E+00
  5.0000E+00  1.2000E+01  0.0000E+00  1.7100E+00  0.0000E+00  1.7080E+00  0.0000E+00  2.1683E-03  0.0000E+00  1.7100E+00  2.5409E+00  0.0000E+00  0.0000E+00
  5.0000E+00  2.4000E+01  0.0000E+00  5.0000E-01  0.0000E+00  2.7466E-01  0.0000E+00  1.5307E+00  1.0000E+00  5.0000E-01  9.9846E-01  0.0000E+00  0.0000E+00
  6.0000E+00  0.0000E+00  2.1800E+04  0.0000E+00  1.0000E+00  0.0000E+00  0.0000E+00  0.0000E+00  0.0000E+00  0.0000E+00  1.0000E+00  0.0000E+00  0.0000E+00
  6.0000E+00  0.0000E+00  2.1800E+04  0.0000E+00  1.0000E+00  0.0000E+00  0.0000E+00  0.0000E+00  0.0000E+00  0.0000E+00  1.0000E+00  0.0000E+00  0.0000E+00
  6.0000E+00  0.0000E+00  0.0000E+00  0.0000E+00  0.0000E+00  0.0000E+00  0.0000E+00  0.0000E+00  0.0000E+00  0.0000E+00  1.0000E+00  0.0000E+00  0.0000E+00
  6.0000E+00  2.5000E-01  0.0000E+00  0.0000E+00  0.0000E+00  1.6047E+00  0.0000E+00 -1.8657E+00  0.0000E+00  0.0000E+00  1.7359E-01  0.0000E+00  0.0000E+00
  6.0000E+00  5.0000E-01  0.0000E+00  1.3900E+00  0.0000E+00  2.9795E+00  0.0000E+00 -9.9533E-01  0.0000E+00  1.3900E+00  3.7108E+00  0.0000E+00  0.0000E+00
  6.0000E+00  1.0000E+00  0.0000E+00  9.5800E+00  0.0000E+00  5.1679E+00  0.0000E+00  1.5928E+00  0.0000E+00  9.5800E+00  6.3374E+00  0.0000E+00  0.0000E+00
  6.0000E+00  2.0000E+00  0.0000E+00  9.5100E+00  0.0000E+00  7.9648E+00  0.0000E+00  3.6197E-01  0.0000E+00  9.5100E+00  9.5248E+00  0.0000E+00  0.0000E+00
  6.0000E+00  4.0000E+00  0.0000E+00  4.9900E+00  0.0000E+00  5.3323E+00  0.0000E+00 -1.1978E-01  0.0000E+00  4.9900E+00  5.8497E+00  0.0000E+00  0.0000E+00
  6.0000E+00  6.0000E+00  0.0000E+00  3.2100E+00  0.0000E+00  8.2478E+00  0.0000E+00 -1.1396E+00  0.0000E+00  3.2100E+00  9.4327E+00  0.0000E+00  0.0000E+00
  6.0000E+00  8.0000E+00  0.0000E+00  9.1800E+00  0.0000E+00  6.4913E+00  0.0000E+00  7.7280E-01  0.0000E+00  9.1800E+00  7.2357E+00  0.0000E+00  0.0000E+00
  6.0000E+00  1.2000E+01  0.0000E+00  3.8300E+00  0.0000E+00  2.8574E+00  0.0000E+00  6.3502E-01  0.0000E+00  3.8300E+00  3.0807E+00  0.0000E+00  0.0000E+00
  6.0000E+00  2.4000E+01  0.0000E+00  5.0000E-01  0.0000E+00  2.0052E-01  0.0000E+00  2.7864E+00  1.0000E+00  5.0000E-01  1.0000E+00  0.0000E+00  0.0000E+00
  7.0000E+00  0.0000E+00  2.3800E+04  0.0000E+00  1.0000E+00  0.0000E+00  0.0000E+00  0.0000E+00  0.0000E+00  0.0000E+00  1.0000E+00  0.0000E+00  0.0000E+00
  7.0000E+00  0.0000E+00  2.3800E+04  0.0000E+00  1.0000E+00  0.0000E+00  0.0000E+00  0.0000E+00  0.0000E+00  0.0000E+00  1.0000E+00  0.0000E+00  0.0000E+00
  7.0000E+00  0.0000E+00  0.0000E+00  0.0000E+00  0.0000E+00  0.0000E+00  0.0000E+00  0.0000E+00  0.0000E+00  0.0000E+00  1.0000E+00  0.0000E+00  0.0000E+00
  7.0000E+00  2.5000E-01  0.0000E+00  2.7200E+00  0.0000E+00  2.5992E+00  0.0000E+00  8.6678E-02  0.0000E+00  2.7200E+00  2.2005E+00  0.0000E+00  0.0000E+00
  7.0000E+00  5.0000E-01  0.0000E+00  3.0600E+00  0.0000E+00  4.7219E+00  0.0000E+00 -6.5665E-01  0.0000E+00  3.0600E+00  4.0512E+00  0.0000E+00  0.0000E+00
  7.0000E+00  1.0000E+00  0.0000E+00  5.3900E+00  0.0000E+00  7.8739E+00  0.0000E+00 -5.8856E-01  0.0000E+00  5.3900E+00  6.9188E+00  0.0000E+00  0.0000E+00
  7.0000E+00  2.0000E+00  0.0000E+00  2.4700E+01  0.0000E+00  1.1399E+01  0.0000E+00  2.1769E+00  0.0000E+00  2.4700E+01  1.0399E+01  0.0000E+00  0.0000E+00
  7.0000E+00  4.0000E+00  0.0000E+00  3.7600E+00  0.0000E+00  6.1337E+00  0.0000E+00 -7.2202E-01  0.0000E+00  3.7600E+00  6.3864E+00  0.0000E+00  0.0000E+00
  7.0000E+00  6.0000E+00  0.0000E+00  3.1900E+00  0.0000E+00  1.0668E+01  0.0000E+00 -1.3078E+00  0.0000E+00  3.1900E+00  1.0298E+01  0.0000E+00  0.0000E+00
  7.0000E+00  8.0000E+00  0.0000E+00  6.4300E+00  0.0000E+00  7.8969E+00  0.0000E+00 -3.4658E-01  0.0000E+00  6.4300E+00  7.8996E+00  0.0000E+00  0.0000E+00
  7.0000E+00  1.2000E+01  0.0000E+00  4.9200E+00  0.0000E+00  3.2380E+00  0.0000E+00  9.6921E-01  0.0000E+00  4.9200E+00  3.3633E+00  0.0000E+00  0.0000E+00
  7.0000E+00  2.4000E+01  0.0000E+00  5.0000E-01  0.0000E+00  2.2044E-01  0.0000E+00  2.3661E+00  1.0000E+00  5.0000E-01  1.0000E+00  0.0000E+00  0.0000E+00
  8.0000E+00  0.0000E+00  2.4400E+04  0.0000E+00  1.0000E+00  0.0000E+00  0.0000E+00  0.0000E+00  0.0000E+00  0.0000E+00  1.0000E+00  0.0000E+00  0.0000E+00
  8.0000E+00  0.0000E+00  2.4400E+04  0.0000E+00  1.0000E+00  0.0000E+00  0.0000E+00  0.0000E+00  0.0000E+00  0.0000E+00  1.0000E+00  0.0000E+00  0.0000E+00
  8.0000E+00  0.0000E+00  0.0000E+00  0.0000E+00  0.0000E+00  0.0000E+00  0.0000E+00  0.0000E+00  0.0000E+00  0.0000E+00  1.0000E+00  0.0000E+00  0.0000E+00
  8.0000E+00  2.5000E-01  0.0000E+00  4.4400E+00  0.0000E+00  4.1569E+00  0.0000E+00  1.2708E-01  0.0000E+00  4.4400E+00  2.2560E+00  0.0000E+00  0.0000E+00
  8.0000E+00  5.0000E-01  0.0000E+00  9.7200E+00  0.0000E+00  7.1673E+00  0.0000E+00  6.6451E-01  0.0000E+00  9.7200E+00  4.1533E+00  0.0000E+00  0.0000E+00
  8.0000E+00  1.0000E+00  0.0000E+00  1.7700E+01  0.0000E+00  1.0933E+01  0.0000E+00  1.1547E+00  0.0000E+00  1.7700E+01  7.0933E+00  0.0000E+00  0.0000E+00
  8.0000E+00  2.0000E+00  0.0000E+00  7.3400E+00  0.0000E+00  1.3985E+01  0.0000E+00 -8.8650E-01  0.0000E+00  7.3400E+00  1.0661E+01  0.0000E+00  0.0000E+00
  8.0000E+00  4.0000E+00  0.0000E+00  4.9900E+00  0.0000E+00  4.6317E+00  0.0000E+00  1.4432E-01  0.0000E+00  4.9900E+00  6.5474E+00  0.0000E+00  0.0000E+00
  8.0000E+00  6.0000E+00  0.0000E+00  6.1800E+00  0.0000E+00  1.1566E+01  0.0000E+00 -8.6880E-01  0.0000E+00  6.1800E+00  1.0558E+01  0.0000E+00  0.0000E+00
  8.0000E+00  8.0000E+00  0.0000E+00  4.5600E+00  0.0000E+00  7.7475E+00  0.0000E+00 -7.6760E-01  0.0000E+00  4.5600E+00  8.0987E+00  0.0000E+00  0.0000E+00
  8.0000E+00  1.2000E+01  0.0000E+00  5.4200E+00  0.0000E+00  2.9968E+00  0.0000E+00  1.5086E+00  0.0000E+00  5.4200E+00  3.4481E+00  0.0000E+00  0.0000E+00
  8.0000E+00  2.4000E+01  0.0000E+00  5.0000E-01  0.0000E+00  2.0117E-01  0.0000E+00  2.7714E+00  1.0000E+00  5.0000E-01  1.0000E+00  0.0000E+00  0.0000E+00
  9.0000E+00  0.0000E+00  6.5700E+04  0.0000E+00  1.0000E+00  0.0000E+00  0.0000E+00  0.0000E+00  0.0000E+00  0.0000E+00  1.0000E+00  0.0000E+00  0.0000E+00
  9.0000E+00  0.0000E+00  6.5700E+04  0.0000E+00  1.0000E+00  0.0000E+00  0.0000E+00  0.0000E+00  0.0000E+00  0.0000E+00  1.0000E+00  0.0000E+00  0.0000E+00
  9.0000E+00  0.0000E+00  0.0000E+00  0.0000E+00  0.0000E+00  0.0000E+00  0.0000E+00  0.0000E+00  0.0000E+00  0.0000E+00  1.0000E+00  0.0000E+00  0.0000E+00
  9.0000E+00  2.5000E-01  0.0000E+00  6.1100E+01  0.0000E+00  5.3256E+01  0.0000E+00  2.7482E-01  0.0000E+00  6.1100E+01  6.0746E+00  0.0000E+00  0.0000E+00
  9.0000E+00  5.0000E-01  0.0000E+00  1.5100E+02  0.0000E+00  7.0826E+01  0.0000E+00  2.1120E+00  0.0000E+00  1.5100E+02  1.1183E+01  0.0000E+00  0.0000E+00
  9.0000E+00  1.0000E+00  0.0000E+00  6.1800E+01  0.0000E+00  7.8699E+01  0.0000E+00 -4.0062E-01  0.0000E+00  6.1800E+01  1.9099E+01  0.0000E+00  0.0000E+00
  9.0000E+00  2.0000E+00  0.0000E+00  2.9100E+01  0.0000E+00  8.0110E+01  0.0000E+00 -1.1880E+00  0.0000E+00  2.9100E+01  2.8705E+01  0.0000E+00  0.0000E+00
  9.0000E+00  4.0000E+00  0.0000E+00  1.2200E+01  0.0000E+00  7.6861E+00  0.0000E+00  1.0957E+00  0.0000E+00  1.2200E+01  1.7630E+01  0.0000E+00  0.0000E+00
  9.0000E+00  6.0000E+00  0.0000E+00  3.5300E+01  0.0000E+00  5.7898E+01  0.0000E+00 -7.2821E-01  0.0000E+00  3.5300E+01  2.8428E+01  0.0000E+00  0.0000E+00
  9.0000E+00  8.0000E+00  0.0000E+00  3.1900E+01  0.0000E+00  3.5518E+01  0.0000E+00 -1.9005E-01  0.0000E+00  3.1900E+01  2.1807E+01  0.0000E+00  0.0000E+00
  9.0000E+00  1.2000E+01  0.0000E+00  2.0000E+01  0.0000E+00  1.3561E+01  0.0000E+00  8.8593E-01  0.0000E+00  2.0000E+01  9.2844E+00  0.0000E+00  0.0000E+00
  9.0000E+00  2.4000E+01  0.0000E+00  5.0000E-01  0.0000E+00  9.0064E-01  0.0000E+00 -8.2994E-01  1.0000E+00  5.0000E-01  8.5224E-01  0.0000E+00  0.0000E+00
  1.0000E+01  0.0000E+00  7.0500E+04  0.0000E+00  1.0000E+00  0.0000E+00  0.0000E+00  0.0000E+00  0.0000E+00  0.0000E+00  1.0000E+00  0.0000E+00  0.0000E+00
  1.0000E+01  0.0000E+00  7.0500E+04  0.0000E+00  1.0000E+00  0.0000E+00  0.0000E+00  0.0000E+00  0.0000E+00  0.0000E+00  1.0000E+00  0.0000E+00  0.0000E+00
  1.0000E+01  0.0000E+00  0.0000E+00  0.0000E+00  0.0000E+00  0.0000E+00  0.0000E+00  0.0000E+00  0.0000E+00  0.0000E+00  1.0000E+00  0.0000E+00  0.0000E+00
  1.0000E+01  2.5000E-01  0.0000E+00  7.4900E+00  0.0000E+00  7.6955E+00  0.0000E+00 -4.9811E-02  0.0000E+00  7.4900E+00  6.5184E+00  0.0000E+00  0.0000E+00
  1.0000E+01  5.0000E-01  0.0000E+00  1.1400E+01  0.0000E+00  1.4678E+01  0.0000E+00 -4.1670E-01  0.0000E+00  1.1400E+01  1.2000E+01  0.0000E+00  0.0000E+00
  1.0000E+01  1.0000E+00  0.0000E+00  4.4700E+01  0.0000E+00  2.6769E+01  0.0000E+00  1.2497E+00  0.0000E+00  4.4700E+01  2.0495E+01  0.0000E+00  0.0000E+00
  1.0000E+01  2.0000E+00  0.0000E+00  4.1200E+01  0.0000E+00  4.4962E+01  0.0000E+00 -1.5611E-01  0.0000E+00  4.1200E+01  3.0803E+01  0.0000E+00  0.0000E+00
  1.0000E+01  4.0000E+00  0.0000E+00  4.5400E+01  0.0000E+00  3.9944E+01  0.0000E+00  2.5485E-01  0.0000E+00  4.5400E+01  1.8918E+01  0.0000E+00  0.0000E+00
  1.0000E+01  6.0000E+00  0.0000E+00  7.5200E+01  0.0000E+00  5.6809E+01  0.0000E+00  6.0400E-01  0.0000E+00  7.5200E+01  3.0505E+01  0.0000E+00  0.0000E+00
  1.0000E+01  8.0000E+00  0.0000E+00  7.7200E+01  0.0000E+00  4.9577E+01  0.0000E+00  1.0395E+00  0.0000E+00  7.7200E+01  2.3400E+01  0.0000E+00  0.0000E+00
  1.0000E+01  1.2000E+01  0.0000E+00  4.3900E+01  0.0000E+00  2.6170E+01  0.0000E+00  1.2640E+00  0.0000E+00  4.3900E+01  9.9627E+00  0.0000E+00  0.0000E+00
  1.0000E+01  2.4000E+01  0.0000E+00  5.0000E-01  0.0000E+00  2.2324E+00  0.0000E+00 -1.4478E+00  1.0000E+00  5.0000E-01  8.0173E-01  0.0000E+00  0.0000E+00
  1.1000E+01  0.0000E+00  7.8600E+04  0.0000E+00  1.0000E+00  0.0000E+00  0.0000E+00  0.0000E+00  0.0000E+00  0.0000E+00  1.0000E+00  0.0000E+00  0.0000E+00
  1.1000E+01  0.0000E+00  7.8600E+04  0.0000E+00  1.0000E+00  0.0000E+00  0.0000E+00  0.0000E+00  0.0000E+00  0.0000E+00  1.0000E+00  0.0000E+00  0.0000E+00
  1.1000E+01  0.0000E+00  0.0000E+00  0.0000E+00  0.0000E+00  0.0000E+00  0.0000E+00  0.0000E+00  0.0000E+00  0.0000E+00  1.0000E+00  0.0000E+00  0.0000E+00
  1.1000E+01  2.5000E-01  0.0000E+00  4.7300E+00  0.0000E+00  8.5723E+00  0.0000E+00 -8.3626E-01  0.0000E+00  4.7300E+00  7.2673E+00  0.0000E+00  0.0000E+00
  1.1000E+01  5.0000E-01  0.0000E+00  8.1400E+00  0.0000E+00  1.6261E+01  0.0000E+00 -9.3179E-01  0.0000E+00  8.1400E+00  1.3379E+01  0.0000E+00  0.0000E+00
  1.1000E+01  1.0000E+00  0.0000E+00  1.2200E+01  0.0000E+00  2.9350E+01  0.0000E+00 -1.0902E+00  0.0000E+00  1.2200E+01  2.2850E+01  0.0000E+00  0.0000E+00
  1.1000E+01  2.0000E+00  0.0000E+00  1.1000E+02  0.0000E+00  4.8402E+01  0.0000E+00  2.3744E+00  0.0000E+00  1.1000E+02  3.4342E+01  0.0000E+00  0.0000E+00
  1.1000E+01  4.0000E+00  0.0000E+00  1.7000E+01  0.0000E+00  4.0540E+01  0.0000E+00 -1.0834E+00  0.0000E+00  1.7000E+01  2.1091E+01  0.0000E+00  0.0000E+00
  1.1000E+01  6.0000E+00  0.0000E+00  1.3500E+01  0.0000E+00  5.8244E+01  0.0000E+00 -1.4333E+00  0.0000E+00  1.3500E+01  3.4010E+01  0.0000E+00  0.0000E+00
  1.1000E+01  8.0000E+00  0.0000E+00  4.1300E+01  0.0000E+00  4.9598E+01  0.0000E+00 -3.1215E-01  0.0000E+00  4.1300E+01  2.6089E+01  0.0000E+00  0.0000E+00
  1.1000E+01  1.2000E+01  0.0000E+00  4.7700E+01  0.0000E+00  2.4929E+01  0.0000E+00  1.7042E+00  0.0000E+00  4.7700E+01  1.1107E+01  0.0000E+00  0.0000E+00
  1.1000E+01  2.4000E+01  0.0000E+00  5.0000E-01  0.0000E+00  1.9780E+00  0.0000E+00 -1.3941E+00  1.0000E+00  5.0000E-01  7.1505E-01  0.0000E+00  0.0000E+00
  1.2000E+01  0.0000E+00  6.4500E+04  0.0000E+00  1.0000E+00  0.0000E+00  0.0000E+00  0.0000E+00  0.0000E+00  0.0000E+00  1.0000E+00  0.0000E+00  0.0000E+00
  1.2000E+01  0.0000E+00  6.4500E+04  0.0000E+00  1.0000E+00  0.0000E+00  0.0000E+00  0.0000E+00  0.0000E+00  0.0000E+00  1.0000E+00  0.0000E+00  0.0000E+00
  1.2000E+01  0.0000E+00  0.0000E+00  0.0000E+00  0.0000E+00  0.0000E+00  0.0000E+00  0.0000E+00  0.0000E+00  0.0000E+00  1.0000E+00  0.0000E+00  0.0000E+00
  1.2000E+01  2.5000E-01  0.0000E+00  0.0000E+00  0.0000E+00  7.1645E-01  0.0000E+00 -1.8657E+00  0.0000E+00  0.0000E+00  6.0227E-02  0.0000E+00  0.0000E+00
  1.2000E+01  5.0000E-01  0.0000E+00  0.0000E+00  0.0000E+00  1.4062E+00  0.0000E+00 -1.8657E+00  0.0000E+00  0.0000E+00  4.4963E-02  0.0000E+00  0.0000E+00
  1.2000E+01  1.0000E+00  0.0000E+00  1.6800E+00  0.0000E+00  2.7095E+00  0.0000E+00 -7.0889E-01  0.0000E+00  1.6800E+00  1.8751E+01  0.0000E+00  0.0000E+00
  1.2000E+01  2.0000E+00  0.0000E+00  4.5500E+00  0.0000E+00  5.0385E+00  0.0000E+00 -1.8088E-01  0.0000E+00  4.5500E+00  2.8181E+01  0.0000E+00  0.0000E+00
  1.2000E+01  4.0000E+00  0.0000E+00  8.0700E+00  0.0000E+00  6.1414E+00  0.0000E+00  5.8590E-01  0.0000E+00  8.0700E+00  1.7308E+01  0.0000E+00  0.0000E+00
  1.2000E+01  6.0000E+00  0.0000E+00  1.6500E+01  0.0000E+00  8.9001E+00  0.0000E+00  1.5932E+00  0.0000E+00  1.6500E+01  2.7909E+01  0.0000E+00  0.0000E+00
  1.2000E+01  8.0000E+00  0.0000E+00  8.9500E+00  0.0000E+00  9.2146E+00  0.0000E+00 -5.3568E-02  0.0000E+00  8.9500E+00  2.1409E+01  0.0000E+00  0.0000E+00
  1.2000E+01  1.2000E+01  0.0000E+00  9.3700E+00  0.0000E+00  7.2192E+00  0.0000E+00  5.5584E-01  0.0000E+00  9.3700E+00  9.1148E+00  0.0000E+00  0.0000E+00
  1.2000E+01  2.4000E+01  0.0000E+00  1.8200E+00  0.0000E+00  1.8202E+00  0.0000E+00 -1.5721E-04  0.0000E+00  1.8200E+00  6.2904E-01  0.0000E+00  0.0000E+00
  1.3000E+01  0.0000E+00  6.6900E+04  0.0000E+00  1.0000E+00  0.0000E+00  0.0000E+00  0.0000E+00  0.0000E+00  0.0000E+00  1.0000E+00  0.0000E+00  0.0000E+00
  1.3000E+01  0.0000E+00  6.6900E+04  0.0000E+00  1.0000E+00  0.0000E+00  0.0000E+00  0.0000E+00  0.0000E+00  0.0000E+00  1.0000E+00  0.0000E+00  0.0000E+00
  1.3000E+01  0.0000E+00  0.0000E+00  0.0000E+00  0.0000E+00  0.0000E+00  0.0000E+00  0.0000E+00  0.0000E+00  0.0000E+00  1.0000E+00  0.0000E+00  0.0000E+00
  1.3000E+01  2.5000E-01  0.0000E+00  2.8600E+00  0.0000E+00  2.2388E+00  0.0000E+00  5.1764E-01  0.0000E+00  2.8600E+00  6.1856E+00  0.0000E+00  0.0000E+00
  1.3000E+01  5.0000E-01  0.0000E+00  5.9700E+00  0.0000E+00  4.3043E+00  0.0000E+00  7.2201E-01  0.0000E+00  5.9700E+00  1.1388E+01  0.0000E+00  0.0000E+00
  1.3000E+01  1.0000E+00  0.0000E+00  9.6700E+00  0.0000E+00  7.9688E+00  0.0000E+00  3.9829E-01  0.0000E+00  9.6700E+00  1.9448E+01  0.0000E+00  0.0000E+00
  1.3000E+01  2.0000E+00  0.0000E+00  8.9800E+00  0.0000E+00  1.3753E+01  0.0000E+00 -6.4747E-01  0.0000E+00  8.9800E+00  2.9230E+01  0.0000E+00  0.0000E+00
  1.3000E+01  4.0000E+00  0.0000E+00  1.7100E+01  0.0000E+00  1.3314E+01  0.0000E+00  5.3057E-01  0.0000E+00  1.7100E+01  1.7952E+01  0.0000E+00  0.0000E+00
  1.3000E+01  6.0000E+00  0.0000E+00  2.7500E+01  0.0000E+00  1.8798E+01  0.0000E+00  8.6366E-01  0.0000E+00  2.7500E+01  2.8947E+01  0.0000E+00  0.0000E+00
  1.3000E+01  8.0000E+00  0.0000E+00  1.5000E+01  0.0000E+00  1.7065E+01  0.0000E+00 -2.2576E-01  0.0000E+00  1.5000E+01  2.2205E+01  0.0000E+00  0.0000E+00
  1.3000E+01  1.2000E+01  0.0000E+00  7.1400E+00  0.0000E+00  9.8008E+00  0.0000E+00 -5.0653E-01  0.0000E+00  7.1400E+00  9.4539E+00  0.0000E+00  0.0000E+00
  1.3000E+01  2.4000E+01  0.0000E+00  1.4000E+00  0.0000E+00  9.8300E-01  0.0000E+00  7.9145E-01  0.0000E+00  1.4000E+00  6.5245E-01  0.0000E+00  0.0000E+00
  1.4000E+01  0.0000E+00  7.7400E+04  0.0000E+00  1.0000E+00  0.0000E+00  0.0000E+00  0.0000E+00  0.0000E+00  0.0000E+00  1.0000E+00  0.0000E+00  0.0000E+00
  1.4000E+01  0.0000E+00  7.7400E+04  0.0000E+00  1.0000E+00  0.0000E+00  0.0000E+00  0.0000E+00  0.0000E+00  0.0000E+00  1.0000E+00  0.0000E+00  0.0000E+00
  1.4000E+01  0.0000E+00  0.0000E+00  0.0000E+00  0.0000E+00  0.0000E+00  0.0000E+00  0.0000E+00  0.0000E+00  0.0000E+00  1.0000E+00  0.0000E+00  0.0000E+00
  1.4000E+01  2.5000E-01  0.0000E+00  0.0000E+00  0.0000E+00  1.0811E+00  0.0000E+00 -1.8657E+00  0.0000E+00  0.0000E+00  5.4245E-02  0.0000E+00  0.0000E+00
  1.4000E+01  5.0000E-01  0.0000E+00  0.0000E+00  0.0000E+00  2.1031E+00  0.0000E+00 -1.8657E+00  0.0000E+00  0.0000E+00  4.2344E-02  0.0000E+00  0.0000E+00
  1.4000E+01  1.0000E+00  0.0000E+00  5.9400E+00  0.0000E+00  3.9825E+00  0.0000E+00  9.1702E-01  0.0000E+00  5.9400E+00  2.2501E+01  0.0000E+00  0.0000E+00
  1.4000E+01  2.0000E+00  0.0000E+00  9.3600E+00  0.0000E+00  7.1661E+00  0.0000E+00  5.7118E-01  0.0000E+00  9.3600E+00  3.3817E+01  0.0000E+00  0.0000E+00
  1.4000E+01  4.0000E+00  0.0000E+00  8.7400E+00  0.0000E+00  7.8997E+00  0.0000E+00  1.9845E-01  0.0000E+00  8.7400E+00  2.0769E+01  0.0000E+00  0.0000E+00
  1.4000E+01  6.0000E+00  0.0000E+00  1.6700E+01  0.0000E+00  1.1227E+01  0.0000E+00  9.0963E-01  0.0000E+00  1.6700E+01  3.3490E+01  0.0000E+00  0.0000E+00
  1.4000E+01  8.0000E+00  0.0000E+00  8.7500E+00  0.0000E+00  1.0921E+01  0.0000E+00 -3.7085E-01  0.0000E+00  8.7500E+00  2.5690E+01  0.0000E+00  0.0000E+00
  1.4000E+01  1.2000E+01  0.0000E+00  3.6200E+00  0.0000E+00  7.3566E+00  0.0000E+00 -9.4765E-01  0.0000E+00  3.6200E+00  1.0938E+01  0.0000E+00  0.0000E+00
  1.4000E+01  2.4000E+01  0.0000E+00  1.4600E+00  0.0000E+00  1.1268E+00  0.0000E+00  5.5181E-01  0.0000E+00  1.4600E+00  7.5485E-01  0.0000E+00  0.0000E+00
  1.5000E+01  0.0000E+00  2.2700E+05  0.0000E+00  1.0000E+00  0.0000E+00  0.0000E+00  0.0000E+00  0.0000E+00  0.0000E+00  1.0000E+00  0.0000E+00  0.0000E+00
  1.5000E+01  0.0000E+00  2.2700E+05  0.0000E+00  1.0000E+00  0.0000E+00  0.0000E+00  0.0000E+00  0.0000E+00  0.0000E+00  1.0000E+00  0.0000E+00  0.0000E+00
  1.5000E+01  0.0000E+00  0.0000E+00  0.0000E+00  0.0000E+00  0.0000E+00  0.0000E+00  0.0000E+00  0.0000E+00  0.0000E+00  1.0000E+00  0.0000E+00  0.0000E+00
  1.5000E+01  2.5000E-01  0.0000E+00  1.1600E+01  0.0000E+00  1.5423E+01  0.0000E+00 -4.6243E-01  0.0000E+00  1.1600E+01  2.0988E+01  0.0000E+00  0.0000E+00
  1.5000E+01  5.0000E-01  0.0000E+00  4.0600E+01  0.0000E+00  2.7993E+01  0.0000E+00  8.4022E-01  0.0000E+00  4.0600E+01  3.8640E+01  0.0000E+00  0.0000E+00
  1.5000E+01  1.0000E+00  0.0000E+00  7.2100E+01  0.0000E+00  4.6610E+01  0.0000E+00  1.0204E+00  0.0000E+00  7.2100E+01  6.5991E+01  0.0000E+00  0.0000E+00
  1.5000E+01  2.0000E+00  0.0000E+00  3.9700E+01  0.0000E+00  6.7324E+01  0.0000E+00 -7.6553E-01  0.0000E+00  3.9700E+01  9.9180E+01  0.0000E+00  0.0000E+00
  1.5000E+01  4.0000E+00  0.0000E+00  4.5700E+01  0.0000E+00  3.5925E+01  0.0000E+00  5.0763E-01  0.0000E+00  4.5700E+01  6.0912E+01  0.0000E+00  0.0000E+00
  1.5000E+01  6.0000E+00  0.0000E+00  6.1800E+01  0.0000E+00  6.2807E+01  0.0000E+00 -2.9902E-02  0.0000E+00  6.1800E+01  9.8221E+01  0.0000E+00  0.0000E+00
  1.5000E+01  8.0000E+00  0.0000E+00  5.6100E+01  0.0000E+00  4.6395E+01  0.0000E+00  3.9027E-01  0.0000E+00  5.6100E+01  7.5345E+01  0.0000E+00  0.0000E+00
  1.5000E+01  1.2000E+01  0.0000E+00  2.7000E+01  0.0000E+00  1.8987E+01  0.0000E+00  7.8741E-01  0.0000E+00  2.7000E+01  3.2078E+01  0.0000E+00  0.0000E+00
  1.5000E+01  2.4000E+01  0.0000E+00  5.0000E-01  0.0000E+00  1.2919E+00  0.0000E+00 -1.1436E+00  1.0000E+00  5.0000E-01  1.5316E-01  0.0000E+00  0.0000E+00
  1.6000E+01  0.0000E+00  2.1500E+05  0.0000E+00  1.0000E+00  0.0000E+00  0.0000E+00  0.0000E+00  0.0000E+00  0.0000E+00  1.0000E+00  0.0000E+00  0.0000E+00
  1.6000E+01  0.0000E+00  2.1500E+05  0.0000E+00  1.0000E+00  0.0000E+00  0.0000E+00  0.0000E+00  0.0000E+00  0.0000E+00  1.0000E+00  0.0000E+00  0.0000E+00
  1.6000E+01  0.0000E+00  0.0000E+00  0.0000E+00  0.0000E+00  0.0000E+00  0.0000E+00  0.0000E+00  0.0000E+00  0.0000E+00  1.0000E+00  0.0000E+00  0.0000E+00
  1.6000E+01  2.5000E-01  0.0000E+00  6.4700E+00  0.0000E+00  3.0762E+01  0.0000E+00 -1.4733E+00  0.0000E+00  6.4700E+00  1.9879E+01  0.0000E+00  0.0000E+00
  1.6000E+01  5.0000E-01  0.0000E+00  1.1400E+01  0.0000E+00  5.7724E+01  0.0000E+00 -1.4973E+00  0.0000E+00  1.1400E+01  3.6597E+01  0.0000E+00  0.0000E+00
  1.6000E+01  1.0000E+00  0.0000E+00  1.5500E+02  0.0000E+00  1.0209E+02  0.0000E+00  9.6689E-01  0.0000E+00  1.5500E+02  6.2502E+01  0.0000E+00  0.0000E+00
  1.6000E+01  2.0000E+00  0.0000E+00  1.9400E+02  0.0000E+00  1.6256E+02  0.0000E+00  3.6083E-01  0.0000E+00  1.9400E+02  9.3937E+01  0.0000E+00  0.0000E+00
  1.6000E+01  4.0000E+00  0.0000E+00  8.8000E+01  0.0000E+00  1.2141E+02  0.0000E+00 -5.1339E-01  0.0000E+00  8.8000E+01  5.7692E+01  0.0000E+00  0.0000E+00
  1.6000E+01  6.0000E+00  0.0000E+00  3.2400E+02  0.0000E+00  1.7994E+02  0.0000E+00  1.4936E+00  0.0000E+00  3.2400E+02  9.3029E+01  0.0000E+00  0.0000E+00
  1.6000E+01  8.0000E+00  0.0000E+00  2.5300E+02  0.0000E+00  1.4680E+02  0.0000E+00  1.3496E+00  0.0000E+00  2.5300E+02  7.1362E+01  0.0000E+00  0.0000E+00
  1.6000E+01  1.2000E+01  0.0000E+00  7.2500E+01  0.0000E+00  6.8292E+01  0.0000E+00  1.1495E-01  0.0000E+00  7.2500E+01  3.0383E+01  0.0000E+00  0.0000E+00
  1.6000E+01  2.4000E+01  0.0000E+00  5.0000E-01  0.0000E+00  4.9842E+00  0.0000E+00 -1.6786E+00  1.0000E+00  5.0000E-01  1.6455E-01  0.0000E+00  0.0000E+00
  1.7000E+01  0.0000E+00  2.4900E+05  0.0000E+00  1.0000E+00  0.0000E+00  0.0000E+00  0.0000E+00  0.0000E+00  0.0000E+00  1.0000E+00  0.0000E+00  0.0000E+00
  1.7000E+01  0.0000E+00  2.4900E+05  0.0000E+00  1.0000E+00  0.0000E+00  0.0000E+00  0.0000E+00  0.0000E+00  0.0000E+00  1.0000E+00  0.0000E+00  0.0000E+00
  1.7000E+01  0.0000E+00  0.0000E+00  0.0000E+00  0.0000E+00  0.0000E+00  0.0000E+00  0.0000E+00  0.0000E+00  0.0000E+00  1.0000E+00  0.0000E+00  0.0000E+00
  1.7000E+01  2.5000E-01  0.0000E+00  1.0800E+01  0.0000E+00  1.0165E+01  0.0000E+00  1.1664E-01  0.0000E+00  1.0800E+01  2.3022E+01  0.0000E+00  0.0000E+00
  1.7000E+01  5.0000E-01  0.0000E+00  1.7400E+01  0.0000E+00  1.9307E+01  0.0000E+00 -1.8425E-01  0.0000E+00  1.7400E+01  4.2384E+01  0.0000E+00  0.0000E+00
  1.7000E+01  1.0000E+00  0.0000E+00  4.2300E+01  0.0000E+00  3.4931E+01  0.0000E+00  3.9356E-01  0.0000E+00  4.2300E+01  7.2386E+01  0.0000E+00  0.0000E+00
  1.7000E+01  2.0000E+00  0.0000E+00  4.8500E+01  0.0000E+00  5.7853E+01  0.0000E+00 -3.0164E-01  0.0000E+00  4.8500E+01  1.0879E+02  0.0000E+00  0.0000E+00
  1.7000E+01  4.0000E+00  0.0000E+00  5.4500E+01  0.0000E+00  4.9130E+01  0.0000E+00  2.0391E-01  0.0000E+00  5.4500E+01  6.6816E+01  0.0000E+00  0.0000E+00
  1.7000E+01  6.0000E+00  0.0000E+00  1.3500E+02  0.0000E+00  7.0392E+01  0.0000E+00  1.7124E+00  0.0000E+00  1.3500E+02  1.0774E+02  0.0000E+00  0.0000E+00
  1.7000E+01  8.0000E+00  0.0000E+00  6.3900E+01  0.0000E+00  6.0279E+01  0.0000E+00  1.1209E-01  0.0000E+00  6.3900E+01  8.2647E+01  0.0000E+00  0.0000E+00
  1.7000E+01  1.2000E+01  0.0000E+00  3.6300E+01  0.0000E+00  3.0628E+01  0.0000E+00  3.4548E-01  0.0000E+00  3.6300E+01  3.5187E+01  0.0000E+00  0.0000E+00
  1.7000E+01  2.4000E+01  0.0000E+00  5.0000E-01  0.0000E+00  2.4663E+00  0.0000E+00 -1.4875E+00  1.0000E+00  5.0000E-01  1.3623E-01  0.0000E+00  0.0000E+00
