TABLE NO.  1
 ID          TIME        AMT         DV          MDV         IPRED       CWRES       IWRES       BQL         DV          PRED        RES         WRES
  1.0000E+00  0.0000E+00  2.9000E+04  0.0000E+00  1.0000E+00  0.0000E+00  0.0000E+00  0.0000E+00  0.0000E+00  0.0000E+00  1.0000E+00  0.0000E+00  0.0000E+00
  1.0000E+00  0.0000E+00  2.9000E+04  0.0000E+00  1.0000E+00  0.0000E+00  0.0000E+00  0.0000E+00  0.0000E+00  0.0000E+00  1.0000E+00  0.0000E+00  0.0000E+00
  1.0000E+00  0.0000E+00  0.0000E+00  0.0000E+00  0.0000E+00  0.0000E+00  0.0000E+00  0.0000E+00  0.0000E+00  0.0000E+00  1.0000E+00  0.0000E+00  0.0000E+00
  1.0000E+00  2.5000E-01  0.0000E+00  7.3000E-01  0.0000E+00  6.9596E+00  0.0000E+00 -8.8773E-01  0.0000E+00  7.3000E-01  1.9787E-01  0.0000E+00  0.0000E+00
  1.0000E+00  5.0000E-01  0.0000E+00  2.7500E+00  0.0000E+00  1.4921E+01  0.0000E+00 -8.0897E-01  0.0000E+00  2.7500E+00  1.4921E+01  0.0000E+00  0.0000E+00
  1.0000E+00  1.0000E+00  0.0000E+00  7.2700E+00  0.0000E+00  1.0292E+01  0.0000E+00 -2.9122E-01  0.0000E+00  7.2700E+00  1.0292E+01  0.0000E+00  0.0000E+00
  1.0000E+00  2.0000E+00  0.0000E+00  6.4500E+00  0.0000E+00  9.6082E+00  0.0000E+00 -3.2599E-01  0.0000E+00  6.4500E+00  9.6082E+00  0.0000E+00  0.0000E+00
  1.0000E+00  3.0000E+00  0.0000E+00  6.8500E+00  0.0000E+00  9.2000E+00  0.0000E+00 -2.5333E-01  0.0000E+00  6.8500E+00  9.2000E+00  0.0000E+00  0.0000E+00
  1.0000E+00  4.0000E+00  0.0000E+00  4.2300E+00  0.0000E+00  9.1591E+00  0.0000E+00 -5.3373E-01  0.0000E+00  4.2300E+00  9.1591E+00  0.0000E+00  0.0000E+00
  1.0000E+00  6.0000E+00  0.0000E+00  6.0300E+00  0.0000E+00  9.2125E+00  0.0000E+00 -3.4261E-01  0.0000E+00  6.0300E+00  9.2125E+00  0.0000E+00  0.0000E+00
  1.0000E+00  8.0000E+00  0.0000E+00  8.1100E+00  0.0000E+00  9.2650E+00  0.0000E+00 -1.2364E-01  0.0000E+00  8.1100E+00  9.2650E+00  0.0000E+00  0.0000E+00
  1.0000E+00  1.2000E+01  0.0000E+00  5.0000E-01  0.0000E+00  9.3358E+00  0.0000E+00 -9.3864E-01  1.0000E+00  5.0000E-01  1.8794E-01  0.0000E+00  0.0000E+00
  1.0000E+00  2.4000E+01  0.0000E+00  5.0000E-01  0.0000E+00  3.1429E-01  0.0000E+00  5.8603E-01  1.0000E+00  5.0000E-01  9.8476E-01  0.0000E+00  0.0000E+00
  2.0000E+00  0.0000E+00  2.9000E+04  0.0000E+00  1.0000E+00  0.0000E+00  0.0000E+00  0.0000E+00  0.0000E+00  0.0000E+00  1.0000E+00  0.0000E+00  0.0000E+00
  2.0000E+00  0.0000E+00  2.9000E+04  0.0000E+00  1.0000E+00  0.0000E+00  0.0000E+00  0.0000E+00  0.0000E+00  0.0000E+00  1.0000E+00  0.0000E+00  0.0000E+00
  2.0000E+00  0.0000E+00  0.0000E+00  0.0000E+00  0.0000E+00  0.0000E+00  0.0000E+00  0.0000E+00  0.0000E+00  0.0000E+00  1.0000E+00  0.0000E+00  0.0000E+00
  2.0000E+00  2.5000E-01  0.0000E+00  1.2000E-01  0.0000E+00  6.9596E+00  0.0000E+00 -9.7466E-01  0.0000E+00  1.2000E-01  1.9787E-01  0.0000E+00  0.0000E+00
  2.0000E+00  5.0000E-01  0.0000E+00  1.8000E-01  0.0000E+00  1.4921E+01  0.0000E+00 -9.7979E-01  0.0000E+00  1.8000E-01  1.7741E-01  0.0000E+00  0.0000E+00
  2.0000E+00  1.0000E+00  0.0000E+00  1.4000E-01  0.0000E+00  1.0292E+01  0.0000E+00 -9.7827E-01  0.0000E+00  1.4000E-01  1.8529E-01  0.0000E+00  0.0000E+00
  2.0000E+00  2.0000E+00  0.0000E+00  1.1700E+00  0.0000E+00  9.6082E+00  0.0000E+00 -8.7099E-01  0.0000E+00  1.1700E+00  9.6082E+00  0.0000E+00  0.0000E+00
  2.0000E+00  3.0000E+00  0.0000E+00  8.4000E+00  0.0000E+00  9.2000E+00  0.0000E+00 -8.6236E-02  0.0000E+00  8.4000E+00  9.2000E+00  0.0000E+00  0.0000E+00
  2.0000E+00  4.0000E+00  0.0000E+00  1.5500E+01  0.0000E+00  9.1591E+00  0.0000E+00  6.8660E-01  0.0000E+00  1.5500E+01  9.1591E+00  0.0000E+00  0.0000E+00
  2.0000E+00  6.0000E+00  0.0000E+00  8.5100E+00  0.0000E+00  9.2125E+00  0.0000E+00 -7.5625E-02  0.0000E+00  8.5100E+00  9.2125E+00  0.0000E+00  0.0000E+00
  2.0000E+00  8.0000E+00  0.0000E+00  6.0400E+00  0.0000E+00  9.2650E+00  0.0000E+00 -3.4522E-01  0.0000E+00  6.0400E+00  9.2650E+00  0.0000E+00  0.0000E+00
  2.0000E+00  1.2000E+01  0.0000E+00  5.0000E-01  0.0000E+00  9.3358E+00  0.0000E+00 -9.3864E-01  1.0000E+00  5.0000E-01  1.8794E-01  0.0000E+00  0.0000E+00
  2.0000E+00  2.4000E+01  0.0000E+00  5.0000E-01  0.0000E+00  3.1429E-01  0.0000E+00  5.8603E-01  1.0000E+00  5.0000E-01  9.8476E-01  0.0000E+00  0.0000E+00
  3.0000E+00  0.0000E+00  5.4500E+03  0.0000E+00  1.0000E+00  1.3978E+03  0.0000E+00 -9.9176E-01  0.0000E+00  0.0000E+00  1.6083E-01  0.0000E+00  0.0000E+00
  3.0000E+00  1.7000E-02  0.0000E+00  2.5500E+03  0.0000E+00  1.3561E+03  0.0000E+00  8.7318E-01  0.0000E+00  2.5500E+03  1.3561E+03  0.0000E+00  0.0000E+00
  3.0000E+00  8.3500E-02  0.0000E+00  2.1100E+03  0.0000E+00  1.2045E+03  0.0000E+00  7.4555E-01  0.0000E+00  2.1100E+03  1.2045E+03  0.0000E+00  0.0000E+00
  3.0000E+00  2.5000E-01  0.0000E+00  1.4600E+03  0.0000E+00  8.9553E+02  0.0000E+00  6.2513E-01  0.0000E+00  1.4600E+03  8.9553E+02  0.0000E+00  0.0000E+00
  3.0000E+00  5.0000E-01  0.0000E+00  8.5300E+02  0.0000E+00  5.7448E+02  0.0000E+00  4.8083E-01  0.0000E+00  8.5300E+02  5.7448E+02  0.0000E+00  0.0000E+00
  3.0000E+00  1.0000E+00  0.0000E+00  5.5500E+02  0.0000E+00  2.3800E+02  0.0000E+00  1.3209E+00  0.0000E+00  5.5500E+02  2.3800E+02  0.0000E+00  0.0000E+00
  3.0000E+00  2.0000E+00  0.0000E+00  1.0300E+02  0.0000E+00  4.3945E+01  0.0000E+00  1.3328E+00  0.0000E+00  1.0300E+02  4.3945E+01  0.0000E+00  0.0000E+00
  3.0000E+00  4.0000E+00  0.0000E+00  7.4100E+00  0.0000E+00  5.0657E+00  0.0000E+00  4.5896E-01  0.0000E+00  7.4100E+00  5.0657E+00  0.0000E+00  0.0000E+00
  3.0000E+00  6.0000E+00  0.0000E+00  4.4900E+00  0.0000E+00  3.0573E+00  0.0000E+00  4.6476E-01  0.0000E+00  4.4900E+00  3.0573E+00  0.0000E+00  0.0000E+00
  3.0000E+00  8.0000E+00  0.0000E+00  5.2500E+00  0.0000E+00  2.2980E+00  0.0000E+00  1.2740E+00  0.0000E+00  5.2500E+00  2.2980E+00  0.0000E+00  0.0000E+00
  3.0000E+00  1.2000E+01  0.0000E+00  2.4600E+00  0.0000E+00  1.3227E+00  0.0000E+00  8.5272E-01  0.0000E+00  2.4600E+00  1.3227E+00  0.0000E+00  0.0000E+00
  3.0000E+00  2.4000E+01  0.0000E+00  5.0000E-01  0.0000E+00  2.5251E-01  0.0000E+00  9.7207E-01  1.0000E+00  5.0000E-01  9.9834E-01  0.0000E+00  0.0000E+00
  4.0000E+00  0.0000E+00  5.9500E+03  0.0000E+00  1.0000E+00  1.5260E+03  0.0000E+00 -9.9176E-01  0.0000E+00  0.0000E+00  1.6082E-01  0.0000E+00  0.0000E+00
  4.0000E+00  1.7000E-02  0.0000E+00  2.3000E+03  0.0000E+00  1.4805E+03  0.0000E+00  5.4899E-01  0.0000E+00  2.3000E+03  1.4805E+03  0.0000E+00  0.0000E+00
  4.0000E+00  8.3500E-02  0.0000E+00  2.0000E+03  0.0000E+00  1.3150E+03  0.0000E+00  5.1660E-01  0.0000E+00  2.0000E+03  1.3150E+03  0.0000E+00  0.0000E+00
  4.0000E+00  2.5000E-01  0.0000E+00  1.2600E+03  0.0000E+00  9.7769E+02  0.0000E+00  2.8638E-01  0.0000E+00  1.2600E+03  9.7769E+02  0.0000E+00  0.0000E+00
  4.0000E+00  5.0000E-01  0.0000E+00  7.3500E+02  0.0000E+00  6.2718E+02  0.0000E+00  1.7049E-01  0.0000E+00  7.3500E+02  6.2718E+02  0.0000E+00  0.0000E+00
  4.0000E+00  1.0000E+00  0.0000E+00  4.3200E+02  0.0000E+00  2.5984E+02  0.0000E+00  6.5711E-01  0.0000E+00  4.3200E+02  2.5984E+02  0.0000E+00  0.0000E+00
  4.0000E+00  2.0000E+00  0.0000E+00  5.4600E+01  0.0000E+00  4.7977E+01  0.0000E+00  1.3691E-01  0.0000E+00  5.4600E+01  4.7977E+01  0.0000E+00  0.0000E+00
  4.0000E+00  4.0000E+00  0.0000E+00  7.2500E+00  0.0000E+00  5.5305E+00  0.0000E+00  3.0836E-01  0.0000E+00  7.2500E+00  5.5305E+00  0.0000E+00  0.0000E+00
  4.0000E+00  6.0000E+00  0.0000E+00  3.6500E+00  0.0000E+00  3.3378E+00  0.0000E+00  9.2769E-02  0.0000E+00  3.6500E+00  3.3378E+00  0.0000E+00  0.0000E+00
  4.0000E+00  8.0000E+00  0.0000E+00  3.3200E+00  0.0000E+00  2.5089E+00  0.0000E+00  3.2064E-01  0.0000E+00  3.3200E+00  2.5089E+00  0.0000E+00  0.0000E+00
  4.0000E+00  1.2000E+01  0.0000E+00  1.6100E+00  0.0000E+00  1.4441E+00  0.0000E+00  1.1396E-01  0.0000E+00  1.6100E+00  1.4441E+00  0.0000E+00  0.0000E+00
  4.0000E+00  2.4000E+01  0.0000E+00  5.0000E-01  0.0000E+00  2.7567E-01  0.0000E+00  8.0704E-01  1.0000E+00  5.0000E-01  9.9542E-01  0.0000E+00  0.0000E+00
  5.0000E+00  0.0000E+00  6.1000E+03  0.0000E+00  1.0000E+00  1.5645E+03  0.0000E+00 -9.9176E-01  0.0000E+00  0.0000E+00  1.6081E-01  0.0000E+00  0.0000E+00
  5.0000E+00  1.7000E-02  0.0000E+00  2.6900E+03  0.0000E+00  1.5178E+03  0.0000E+00  7.6594E-01  0.0000E+00  2.6900E+03  1.5178E+03  0.0000E+00  0.0000E+00
  5.0000E+00  8.3500E-02  0.0000E+00  2.0500E+03  0.0000E+00  1.3482E+03  0.0000E+00  5.1629E-01  0.0000E+00  2.0500E+03  1.3482E+03  0.0000E+00  0.0000E+00
  5.0000E+00  2.5000E-01  0.0000E+00  1.1600E+03  0.0000E+00  1.0023E+03  0.0000E+00  1.5600E-01  0.0000E+00  1.1600E+03  1.0023E+03  0.0000E+00  0.0000E+00
  5.0000E+00  5.0000E-01  0.0000E+00  8.2000E+02  0.0000E+00  6.4299E+02  0.0000E+00  2.7302E-01  0.0000E+00  8.2000E+02  6.4299E+02  0.0000E+00  0.0000E+00
  5.0000E+00  1.0000E+00  0.0000E+00  4.5600E+02  0.0000E+00  2.6639E+02  0.0000E+00  7.0591E-01  0.0000E+00  4.5600E+02  2.6639E+02  0.0000E+00  0.0000E+00
  5.0000E+00  2.0000E+00  0.0000E+00  5.7800E+01  0.0000E+00  4.9186E+01  0.0000E+00  1.7368E-01  0.0000E+00  5.7800E+01  4.9186E+01  0.0000E+00  0.0000E+00
  5.0000E+00  4.0000E+00  0.0000E+00  6.8700E+00  0.0000E+00  5.6699E+00  0.0000E+00  2.0992E-01  0.0000E+00  6.8700E+00  5.6699E+00  0.0000E+00  0.0000E+00
  5.0000E+00  6.0000E+00  0.0000E+00  6.0500E+00  0.0000E+00  3.4219E+00  0.0000E+00  7.6168E-01  0.0000E+00  6.0500E+00  3.4219E+00  0.0000E+00  0.0000E+00
  5.0000E+00  8.0000E+00  0.0000E+00  6.1100E+00  0.0000E+00  2.5721E+00  0.0000E+00  1.3641E+00  0.0000E+00  6.1100E+00  2.5721E+00  0.0000E+00  0.0000E+00
  5.0000E+00  1.2000E+01  0.0000E+00  1.7100E+00  0.0000E+00  1.4805E+00  0.0000E+00  1.5376E-01  0.0000E+00  1.7100E+00  1.4805E+00  0.0000E+00  0.0000E+00
  5.0000E+00  2.4000E+01  0.0000E+00  5.0000E-01  0.0000E+00  2.8262E-01  0.0000E+00  7.6281E-01  1.0000E+00  5.0000E-01  9.9409E-01  0.0000E+00  0.0000E+00
  6.0000E+00  0.0000E+00  2.1800E+04  0.0000E+00  1.0000E+00  0.0000E+00  0.0000E+00  0.0000E+00  0.0000E+00  0.0000E+00  1.0000E+00  0.0000E+00  0.0000E+00
  6.0000E+00  0.0000E+00  2.1800E+04  0.0000E+00  1.0000E+00  0.0000E+00  0.0000E+00  0.0000E+00  0.0000E+00  0.0000E+00  1.0000E+00  0.0000E+00  0.0000E+00
  6.0000E+00  0.0000E+00  0.0000E+00  0.0000E+00  0.0000E+00  0.0000E+00  0.0000E+00  0.0000E+00  0.0000E+00  0.0000E+00  1.0000E+00  0.0000E+00  0.0000E+00
  6.0000E+00  2.5000E-01  0.0000E+00  0.0000E+00  0.0000E+00  5.2317E+00  0.0000E+00 -9.9176E-01  0.0000E+00  0.0000E+00  2.1122E-01  0.0000E+00  0.0000E+00
  6.0000E+00  5.0000E-01  0.0000E+00  1.3900E+00  0.0000E+00  1.1216E+01  0.0000E+00 -8.6885E-01  0.0000E+00  1.3900E+00  1.1216E+01  0.0000E+00  0.0000E+00
  6.0000E+00  1.0000E+00  0.0000E+00  9.5800E+00  0.0000E+00  7.7369E+00  0.0000E+00  2.3625E-01  0.0000E+00  9.5800E+00  7.7369E+00  0.0000E+00  0.0000E+00
  6.0000E+00  2.0000E+00  0.0000E+00  9.5100E+00  0.0000E+00  7.2227E+00  0.0000E+00  3.1407E-01  0.0000E+00  9.5100E+00  7.2227E+00  0.0000E+00  0.0000E+00
  6.0000E+00  4.0000E+00  0.0000E+00  4.9900E+00  0.0000E+00  6.8851E+00  0.0000E+00 -2.7298E-01  0.0000E+00  4.9900E+00  6.8851E+00  0.0000E+00  0.0000E+00
  6.0000E+00  6.0000E+00  0.0000E+00  3.2100E+00  0.0000E+00  6.9252E+00  0.0000E+00 -5.3206E-01  0.0000E+00  3.2100E+00  6.9252E+00  0.0000E+00  0.0000E+00
  6.0000E+00  8.0000E+00  0.0000E+00  9.1800E+00  0.0000E+00  6.9648E+00  0.0000E+00  3.1544E-01  0.0000E+00  9.1800E+00  6.9648E+00  0.0000E+00  0.0000E+00
  6.0000E+00  1.2000E+01  0.0000E+00  3.8300E+00  0.0000E+00  7.0179E+00  0.0000E+00 -4.5051E-01  0.0000E+00  3.8300E+00  7.0179E+00  0.0000E+00  0.0000E+00
  6.0000E+00  2.4000E+01  0.0000E+00  5.0000E-01  0.0000E+00  2.3626E-01  0.0000E+00  1.1071E+00  1.0000E+00  5.0000E-01  9.9933E-01  0.0000E+00  0.0000E+00
  7.0000E+00  0.0000E+00  2.3800E+04  0.0000E+00  1.0000E+00  0.0000E+00  0.0000E+00  0.0000E+00  0.0000E+00  0.0000E+00  1.0000E+00  0.0000E+00  0.0000E+00
  7.0000E+00  0.0000E+00  2.3800E+04  0.0000E+00  1.0000E+00  0.0000E+00  0.0000E+00  0.0000E+00  0.0000E+00  0.0000E+00  1.0000E+00  0.0000E+00  0.0000E+00
  7.0000E+00  0.0000E+00  0.0000E+00  0.0000E+00  0.0000E+00  0.0000E+00  0.0000E+00  0.0000E+00  0.0000E+00  0.0000E+00  1.0000E+00  0.0000E+00  0.0000E+00
  7.0000E+00  2.5000E-01  0.0000E+00  2.7200E+00  0.0000E+00  5.7116E+00  0.0000E+00 -5.1946E-01  0.0000E+00  2.7200E+00  5.7116E+00  0.0000E+00  0.0000E+00
  7.0000E+00  5.0000E-01  0.0000E+00  3.0600E+00  0.0000E+00  1.2245E+01  0.0000E+00 -7.4393E-01  0.0000E+00  3.0600E+00  1.2245E+01  0.0000E+00  0.0000E+00
  7.0000E+00  1.0000E+00  0.0000E+00  5.3900E+00  0.0000E+00  8.4467E+00  0.0000E+00 -3.5890E-01  0.0000E+00  5.3900E+00  8.4467E+00  0.0000E+00  0.0000E+00
  7.0000E+00  2.0000E+00  0.0000E+00  2.4700E+01  0.0000E+00  7.8854E+00  0.0000E+00  2.1148E+00  0.0000E+00  2.4700E+01  7.8854E+00  0.0000E+00  0.0000E+00
  7.0000E+00  4.0000E+00  0.0000E+00  3.7600E+00  0.0000E+00  7.5168E+00  0.0000E+00 -4.9567E-01  0.0000E+00  3.7600E+00  7.5168E+00  0.0000E+00  0.0000E+00
  7.0000E+00  6.0000E+00  0.0000E+00  3.1900E+00  0.0000E+00  7.5606E+00  0.0000E+00 -5.7331E-01  0.0000E+00  3.1900E+00  7.5606E+00  0.0000E+00  0.0000E+00
  7.0000E+00  8.0000E+00  0.0000E+00  6.4300E+00  0.0000E+00  7.6037E+00  0.0000E+00 -1.5309E-01  0.0000E+00  6.4300E+00  7.6037E+00  0.0000E+00  0.0000E+00
  7.0000E+00  1.2000E+01  0.0000E+00  4.9200E+00  0.0000E+00  7.6618E+00  0.0000E+00 -3.5490E-01  0.0000E+00  4.9200E+00  7.6618E+00  0.0000E+00  0.0000E+00
  7.0000E+00  2.4000E+01  0.0000E+00  5.0000E-01  0.0000E+00  2.5793E-01  0.0000E+00  9.3076E-01  1.0000E+00  5.0000E-01  9.9784E-01  0.0000E+00  0.0000E+00
  8.0000E+00  0.0000E+00  2.4400E+04  0.0000E+00  1.0000E+00  0.0000E+00  0.0000E+00  0.0000E+00  0.0000E+00  0.0000E+00  1.0000E+00  0.0000E+00  0.0000E+00
  8.0000E+00  0.0000E+00  2.4400E+04  0.0000E+00  1.0000E+00  0.0000E+00  0.0000E+00  0.0000E+00  0.0000E+00  0.0000E+00  1.0000E+00  0.0000E+00  0.0000E+00
  8.0000E+00  0.0000E+00  0.0000E+00  0.0000E+00  0.0000E+00  0.0000E+00  0.0000E+00  0.0000E+00  0.0000E+00  0.0000E+00  1.0000E+00  0.0000E+00  0.0000E+00
  8.0000E+00  2.5000E-01  0.0000E+00  4.4400E+00  0.0000E+00  5.8556E+00  0.0000E+00 -2.3976E-01  0.0000E+00  4.4400E+00  5.8556E+00  0.0000E+00  0.0000E+00
  8.0000E+00  5.0000E-01  0.0000E+00  9.7200E+00  0.0000E+00  1.2554E+01  0.0000E+00 -2.2389E-01  0.0000E+00  9.7200E+00  1.2554E+01  0.0000E+00  0.0000E+00
  8.0000E+00  1.0000E+00  0.0000E+00  1.7700E+01  0.0000E+00  8.6597E+00  0.0000E+00  1.0354E+00  0.0000E+00  1.7700E+01  8.6597E+00  0.0000E+00  0.0000E+00
  8.0000E+00  2.0000E+00  0.0000E+00  7.3400E+00  0.0000E+00  8.0841E+00  0.0000E+00 -9.1291E-02  0.0000E+00  7.3400E+00  8.0841E+00  0.0000E+00  0.0000E+00
  8.0000E+00  4.0000E+00  0.0000E+00  4.9900E+00  0.0000E+00  7.7063E+00  0.0000E+00 -3.4957E-01  0.0000E+00  4.9900E+00  7.7063E+00  0.0000E+00  0.0000E+00
  8.0000E+00  6.0000E+00  0.0000E+00  6.1800E+00  0.0000E+00  7.7512E+00  0.0000E+00 -2.0103E-01  0.0000E+00  6.1800E+00  7.7512E+00  0.0000E+00  0.0000E+00
  8.0000E+00  8.0000E+00  0.0000E+00  4.5600E+00  0.0000E+00  7.7954E+00  0.0000E+00 -4.1162E-01  0.0000E+00  4.5600E+00  7.7954E+00  0.0000E+00  0.0000E+00
  8.0000E+00  1.2000E+01  0.0000E+00  5.4200E+00  0.0000E+00  7.8549E+00  0.0000E+00 -3.0743E-01  0.0000E+00  5.4200E+00  7.8549E+00  0.0000E+00  0.0000E+00
  8.0000E+00  2.4000E+01  0.0000E+00  5.0000E-01  0.0000E+00  2.6443E-01  0.0000E+00  8.8349E-01  1.0000E+00  5.0000E-01  9.9710E-01  0.0000E+00  0.0000E+00
  9.0000E+00  0.0000E+00  6.5700E+04  0.0000E+00  1.0000E+00  0.0000E+00  0.0000E+00  0.0000E+00  0.0000E+00  0.0000E+00  1.0000E+00  0.0000E+00  0.0000E+00
  9.0000E+00  0.0000E+00  6.5700E+04  0.0000E+00  1.0000E+00  0.0000E+00  0.0000E+00  0.0000E+00  0.0000E+00  0.0000E+00  1.0000E+00  0.0000E+00  0.0000E+00
  9.0000E+00  0.0000E+00  0.0000E+00  0.0000E+00  0.0000E+00  0.0000E+00  0.0000E+00  0.0000E+00  0.0000E+00  0.0000E+00  1.0000E+00  0.0000E+00  0.0000E+00
  9.0000E+00  2.5000E-01  0.0000E+00  6.1100E+01  0.0000E+00  1.5767E+01  0.0000E+00  2.8515E+00  0.0000E+00  6.1100E+01  1.5767E+01  0.0000E+00  0.0000E+00
  9.0000E+00  5.0000E-01  0.0000E+00  1.5100E+02  0.0000E+00  3.3803E+01  0.0000E+00  3.4384E+00  0.0000E+00  1.5100E+02  3.3803E+01  0.0000E+00  0.0000E+00
  9.0000E+00  1.0000E+00  0.0000E+00  6.1800E+01  0.0000E+00  2.3317E+01  0.0000E+00  1.6368E+00  0.0000E+00  6.1800E+01  2.3317E+01  0.0000E+00  0.0000E+00
  9.0000E+00  2.0000E+00  0.0000E+00  2.9100E+01  0.0000E+00  2.1768E+01  0.0000E+00  3.3408E-01  0.0000E+00  2.9100E+01  2.1768E+01  0.0000E+00  0.0000E+00
  9.0000E+00  4.0000E+00  0.0000E+00  1.2200E+01  0.0000E+00  2.0750E+01  0.0000E+00 -4.0866E-01  0.0000E+00  1.2200E+01  2.0750E+01  0.0000E+00  0.0000E+00
  9.0000E+00  6.0000E+00  0.0000E+00  3.5300E+01  0.0000E+00  2.0871E+01  0.0000E+00  6.8564E-01  0.0000E+00  3.5300E+01  2.0871E+01  0.0000E+00  0.0000E+00
  9.0000E+00  8.0000E+00  0.0000E+00  3.1900E+01  0.0000E+00  2.0990E+01  0.0000E+00  5.1548E-01  0.0000E+00  3.1900E+01  2.0990E+01  0.0000E+00  0.0000E+00
  9.0000E+00  1.2000E+01  0.0000E+00  2.0000E+01  0.0000E+00  2.1150E+01  0.0000E+00 -5.3941E-02  0.0000E+00  2.0000E+01  2.1150E+01  0.0000E+00  0.0000E+00
  9.0000E+00  2.4000E+01  0.0000E+00  5.0000E-01  0.0000E+00  7.1202E-01  0.0000E+00 -2.9532E-01  1.0000E+00  5.0000E-01  6.5583E-01  0.0000E+00  0.0000E+00
  1.0000E+01  0.0000E+00  7.0500E+04  0.0000E+00  1.0000E+00  0.0000E+00  0.0000E+00  0.0000E+00  0.0000E+00  0.0000E+00  1.0000E+00  0.0000E+00  0.0000E+00
  1.0000E+01  0.0000E+00  7.0500E+04  0.0000E+00  1.0000E+00  0.0000E+00  0.0000E+00  0.0000E+00  0.0000E+00  0.0000E+00  1.0000E+00  0.0000E+00  0.0000E+00
  1.0000E+01  0.0000E+00  0.0000E+00  0.0000E+00  0.0000E+00  0.0000E+00  0.0000E+00  0.0000E+00  0.0000E+00  0.0000E+00  1.0000E+00  0.0000E+00  0.0000E+00
  1.0000E+01  2.5000E-01  0.0000E+00  7.4900E+00  0.0000E+00  1.6919E+01  0.0000E+00 -5.5271E-01  0.0000E+00  7.4900E+00  1.6919E+01  0.0000E+00  0.0000E+00
  1.0000E+01  5.0000E-01  0.0000E+00  1.1400E+01  0.0000E+00  3.6273E+01  0.0000E+00 -6.8007E-01  0.0000E+00  1.1400E+01  3.6273E+01  0.0000E+00  0.0000E+00
  1.0000E+01  1.0000E+00  0.0000E+00  4.4700E+01  0.0000E+00  2.5021E+01  0.0000E+00  7.8003E-01  0.0000E+00  4.4700E+01  2.5021E+01  0.0000E+00  0.0000E+00
  1.0000E+01  2.0000E+00  0.0000E+00  4.1200E+01  0.0000E+00  2.3358E+01  0.0000E+00  7.5756E-01  0.0000E+00  4.1200E+01  2.3358E+01  0.0000E+00  0.0000E+00
  1.0000E+01  4.0000E+00  0.0000E+00  4.5400E+01  0.0000E+00  2.2266E+01  0.0000E+00  1.0304E+00  0.0000E+00  4.5400E+01  2.2266E+01  0.0000E+00  0.0000E+00
  1.0000E+01  6.0000E+00  0.0000E+00  7.5200E+01  0.0000E+00  2.2396E+01  0.0000E+00  2.3383E+00  0.0000E+00  7.5200E+01  2.2396E+01  0.0000E+00  0.0000E+00
  1.0000E+01  8.0000E+00  0.0000E+00  7.7200E+01  0.0000E+00  2.2524E+01  0.0000E+00  2.4075E+00  0.0000E+00  7.7200E+01  2.2524E+01  0.0000E+00  0.0000E+00
  1.0000E+01  1.2000E+01  0.0000E+00  4.3900E+01  0.0000E+00  2.2696E+01  0.0000E+00  9.2660E-01  0.0000E+00  4.3900E+01  2.2696E+01  0.0000E+00  0.0000E+00
  1.0000E+01  2.4000E+01  0.0000E+00  5.0000E-01  0.0000E+00  7.6404E-01  0.0000E+00 -3.4274E-01  1.0000E+00  5.0000E-01  6.2031E-01  0.0000E+00  0.0000E+00
  1.1000E+01  0.0000E+00  7.8600E+04  0.0000E+00  1.0000E+00  0.0000E+00  0.0000E+00  0.0000E+00  0.0000E+00  0.0000E+00  1.0000E+00  0.0000E+00  0.0000E+00
  1.1000E+01  0.0000E+00  7.8600E+04  0.0000E+00  1.0000E+00  0.0000E+00  0.0000E+00  0.0000E+00  0.0000E+00  0.0000E+00  1.0000E+00  0.0000E+00  0.0000E+00
  1.1000E+01  0.0000E+00  0.0000E+00  0.0000E+00  0.0000E+00  0.0000E+00  0.0000E+00  0.0000E+00  0.0000E+00  0.0000E+00  1.0000E+00  0.0000E+00  0.0000E+00
  1.1000E+01  2.5000E-01  0.0000E+00  4.7300E+00  0.0000E+00  1.8863E+01  0.0000E+00 -7.4307E-01  0.0000E+00  4.7300E+00  1.8863E+01  0.0000E+00  0.0000E+00
  1.1000E+01  5.0000E-01  0.0000E+00  8.1400E+00  0.0000E+00  4.0441E+01  0.0000E+00 -7.9213E-01  0.0000E+00  8.1400E+00  4.0441E+01  0.0000E+00  0.0000E+00
  1.1000E+01  1.0000E+00  0.0000E+00  1.2200E+01  0.0000E+00  2.7896E+01  0.0000E+00 -5.5802E-01  0.0000E+00  1.2200E+01  2.7896E+01  0.0000E+00  0.0000E+00
  1.1000E+01  2.0000E+00  0.0000E+00  1.1000E+02  0.0000E+00  2.6042E+01  0.0000E+00  3.1974E+00  0.0000E+00  1.1000E+02  2.6042E+01  0.0000E+00  0.0000E+00
  1.1000E+01  4.0000E+00  0.0000E+00  1.7000E+01  0.0000E+00  2.4824E+01  0.0000E+00 -3.1259E-01  0.0000E+00  1.7000E+01  2.4824E+01  0.0000E+00  0.0000E+00
  1.1000E+01  6.0000E+00  0.0000E+00  1.3500E+01  0.0000E+00  2.4969E+01  0.0000E+00 -4.5554E-01  0.0000E+00  1.3500E+01  2.4969E+01  0.0000E+00  0.0000E+00
  1.1000E+01  8.0000E+00  0.0000E+00  4.1300E+01  0.0000E+00  2.5111E+01  0.0000E+00  6.3936E-01  0.0000E+00  4.1300E+01  2.5111E+01  0.0000E+00  0.0000E+00
  1.1000E+01  1.2000E+01  0.0000E+00  4.7700E+01  0.0000E+00  2.5303E+01  0.0000E+00  8.7785E-01  0.0000E+00  4.7700E+01  2.5303E+01  0.0000E+00  0.0000E+00
  1.1000E+01  2.4000E+01  0.0000E+00  5.0000E-01  0.0000E+00  8.5183E-01  0.0000E+00 -4.0962E-01  1.0000E+00  5.0000E-01  5.6848E-01  0.0000E+00  0.0000E+00
  1.2000E+01  0.0000E+00  6.4500E+04  0.0000E+00  1.0000E+00  0.0000E+00  0.0000E+00  0.0000E+00  0.0000E+00  0.0000E+00  1.0000E+00  0.0000E+00  0.0000E+00
  1.2000E+01  0.0000E+00  6.4500E+04  0.0000E+00  1.0000E+00  0.0000E+00  0.0000E+00  0.0000E+00  0.0000E+00  0.0000E+00  1.0000E+00  0.0000E+00  0.0000E+00
  1.2000E+01  0.0000E+00  0.0000E+00  0.0000E+00  0.0000E+00  0.0000E+00  0.0000E+00  0.0000E+00  0.0000E+00  0.0000E+00  1.0000E+00  0.0000E+00  0.0000E+00
  1.2000E+01  2.5000E-01  0.0000E+00  0.0000E+00  0.0000E+00  1.5479E+01  0.0000E+00 -9.9176E-01  0.0000E+00  0.0000E+00  1.7678E-01  0.0000E+00  0.0000E+00
  1.2000E+01  5.0000E-01  0.0000E+00  0.0000E+00  0.0000E+00  3.3186E+01  0.0000E+00 -9.9176E-01  0.0000E+00  0.0000E+00  1.6806E-01  0.0000E+00  0.0000E+00
  1.2000E+01  1.0000E+00  0.0000E+00  1.6800E+00  0.0000E+00  2.2891E+01  0.0000E+00 -9.1897E-01  0.0000E+00  1.6800E+00  2.2891E+01  0.0000E+00  0.0000E+00
  1.2000E+01  2.0000E+00  0.0000E+00  4.5500E+00  0.0000E+00  2.1370E+01  0.0000E+00 -7.8060E-01  0.0000E+00  4.5500E+00  2.1370E+01  0.0000E+00  0.0000E+00
  1.2000E+01  4.0000E+00  0.0000E+00  8.0700E+00  0.0000E+00  2.0371E+01  0.0000E+00 -5.9887E-01  0.0000E+00  8.0700E+00  2.0371E+01  0.0000E+00  0.0000E+00
  1.2000E+01  6.0000E+00  0.0000E+00  1.6500E+01  0.0000E+00  2.0490E+01  0.0000E+00 -1.9312E-01  0.0000E+00  1.6500E+01  2.0490E+01  0.0000E+00  0.0000E+00
  1.2000E+01  8.0000E+00  0.0000E+00  8.9500E+00  0.0000E+00  2.0607E+01  0.0000E+00 -5.6101E-01  0.0000E+00  8.9500E+00  2.0607E+01  0.0000E+00  0.0000E+00
  1.2000E+01  1.2000E+01  0.0000E+00  9.3700E+00  0.0000E+00  2.0764E+01  0.0000E+00 -5.4422E-01  0.0000E+00  9.3700E+00  2.0764E+01  0.0000E+00  0.0000E+00
  1.2000E+01  2.4000E+01  0.0000E+00  1.8200E+00  0.0000E+00  6.9902E-01  0.0000E+00  1.5904E+00  0.0000E+00  1.8200E+00  6.9902E-01  0.0000E+00  0.0000E+00
  1.3000E+01  0.0000E+00  6.6900E+04  0.0000E+00  1.0000E+00  0.0000E+00  0.0000E+00  0.0000E+00  0.0000E+00  0.0000E+00  1.0000E+00  0.0000E+00  0.0000E+00
  1.3000E+01  0.0000E+00  6.6900E+04  0.0000E+00  1.0000E+00  0.0000E+00  0.0000E+00  0.0000E+00  0.0000E+00  0.0000E+00  1.0000E+00  0.0000E+00  0.0000E+00
  1.3000E+01  0.0000E+00  0.0000E+00  0.0000E+00  0.0000E+00  0.0000E+00  0.0000E+00  0.0000E+00  0.0000E+00  0.0000E+00  1.0000E+00  0.0000E+00  0.0000E+00
  1.3000E+01  2.5000E-01  0.0000E+00  2.8600E+00  0.0000E+00  1.6055E+01  0.0000E+00 -8.1509E-01  0.0000E+00  2.8600E+00  1.6055E+01  0.0000E+00  0.0000E+00
  1.3000E+01  5.0000E-01  0.0000E+00  5.9700E+00  0.0000E+00  3.4421E+01  0.0000E+00 -8.1975E-01  0.0000E+00  5.9700E+00  3.4421E+01  0.0000E+00  0.0000E+00
  1.3000E+01  1.0000E+00  0.0000E+00  9.6700E+00  0.0000E+00  2.3743E+01  0.0000E+00 -5.8784E-01  0.0000E+00  9.6700E+00  2.3743E+01  0.0000E+00  0.0000E+00
  1.3000E+01  2.0000E+00  0.0000E+00  8.9800E+00  0.0000E+00  2.2165E+01  0.0000E+00 -5.8996E-01  0.0000E+00  8.9800E+00  2.2165E+01  0.0000E+00  0.0000E+00
  1.3000E+01  4.0000E+00  0.0000E+00  1.7100E+01  0.0000E+00  2.1129E+01  0.0000E+00 -1.8912E-01  0.0000E+00  1.7100E+01  2.1129E+01  0.0000E+00  0.0000E+00
  1.3000E+01  6.0000E+00  0.0000E+00  2.7500E+01  0.0000E+00  2.1252E+01  0.0000E+00  2.9156E-01  0.0000E+00  2.7500E+01  2.1252E+01  0.0000E+00  0.0000E+00
  1.3000E+01  8.0000E+00  0.0000E+00  1.5000E+01  0.0000E+00  2.1373E+01  0.0000E+00 -2.9574E-01  0.0000E+00  1.5000E+01  2.1373E+01  0.0000E+00  0.0000E+00
  1.3000E+01  1.2000E+01  0.0000E+00  7.1400E+00  0.0000E+00  2.1537E+01  0.0000E+00 -6.6296E-01  0.0000E+00  7.1400E+00  2.1537E+01  0.0000E+00  0.0000E+00
  1.3000E+01  2.4000E+01  0.0000E+00  1.4000E+00  0.0000E+00  7.2503E-01  0.0000E+00  9.2329E-01  0.0000E+00  1.4000E+00  7.2503E-01  0.0000E+00  0.0000E+00
  1.4000E+01  0.0000E+00  7.7400E+04  0.0000E+00  1.0000E+00  0.0000E+00  0.0000E+00  0.0000E+00  0.0000E+00  0.0000E+00  1.0000E+00  0.0000E+00  0.0000E+00
  1.4000E+01  0.0000E+00  7.7400E+04  0.0000E+00  1.0000E+00  0.0000E+00  0.0000E+00  0.0000E+00  0.0000E+00  0.0000E+00  1.0000E+00  0.0000E+00  0.0000E+00
  1.4000E+01  0.0000E+00  0.0000E+00  0.0000E+00  0.0000E+00  0.0000E+00  0.0000E+00  0.0000E+00  0.0000E+00  0.0000E+00  1.0000E+00  0.0000E+00  0.0000E+00
  1.4000E+01  2.5000E-01  0.0000E+00  0.0000E+00  0.0000E+00  1.8575E+01  0.0000E+00 -9.9176E-01  0.0000E+00  0.0000E+00  1.7403E-01  0.0000E+00  0.0000E+00
  1.4000E+01  5.0000E-01  0.0000E+00  0.0000E+00  0.0000E+00  3.9823E+01  0.0000E+00 -9.9176E-01  0.0000E+00  0.0000E+00  1.6681E-01  0.0000E+00  0.0000E+00
  1.4000E+01  1.0000E+00  0.0000E+00  5.9400E+00  0.0000E+00  2.7470E+01  0.0000E+00 -7.7730E-01  0.0000E+00  5.9400E+00  2.7470E+01  0.0000E+00  0.0000E+00
  1.4000E+01  2.0000E+00  0.0000E+00  9.3600E+00  0.0000E+00  2.5644E+01  0.0000E+00 -6.2977E-01  0.0000E+00  9.3600E+00  2.5644E+01  0.0000E+00  0.0000E+00
  1.4000E+01  4.0000E+00  0.0000E+00  8.7400E+00  0.0000E+00  2.4445E+01  0.0000E+00 -6.3717E-01  0.0000E+00  8.7400E+00  2.4445E+01  0.0000E+00  0.0000E+00
  1.4000E+01  6.0000E+00  0.0000E+00  1.6700E+01  0.0000E+00  2.4588E+01  0.0000E+00 -3.1816E-01  0.0000E+00  1.6700E+01  2.4588E+01  0.0000E+00  0.0000E+00
  1.4000E+01  8.0000E+00  0.0000E+00  8.7500E+00  0.0000E+00  2.4728E+01  0.0000E+00 -6.4083E-01  0.0000E+00  8.7500E+00  2.4728E+01  0.0000E+00  0.0000E+00
  1.4000E+01  1.2000E+01  0.0000E+00  3.6200E+00  0.0000E+00  2.4917E+01  0.0000E+00 -8.4767E-01  0.0000E+00  3.6200E+00  2.4917E+01  0.0000E+00  0.0000E+00
  1.4000E+01  2.4000E+01  0.0000E+00  1.4600E+00  0.0000E+00  8.3882E-01  0.0000E+00  7.3444E-01  0.0000E+00  1.4600E+00  8.3882E-01  0.0000E+00  0.0000E+00
  1.5000E+01  0.0000E+00  2.2700E+05  0.0000E+00  1.0000E+00  0.0000E+00  0.0000E+00  0.0000E+00  0.0000E+00  0.0000E+00  1.0000E+00  0.0000E+00  0.0000E+00
  1.5000E+01  0.0000E+00  2.2700E+05  0.0000E+00  1.0000E+00  0.0000E+00  0.0000E+00  0.0000E+00  0.0000E+00  0.0000E+00  1.0000E+00  0.0000E+00  0.0000E+00
  1.5000E+01  0.0000E+00  0.0000E+00  0.0000E+00  0.0000E+00  0.0000E+00  0.0000E+00  0.0000E+00  0.0000E+00  0.0000E+00  1.0000E+00  0.0000E+00  0.0000E+00
  1.5000E+01  2.5000E-01  0.0000E+00  1.1600E+01  0.0000E+00  5.4477E+01  0.0000E+00 -7.8058E-01  0.0000E+00  1.1600E+01  5.4477E+01  0.0000E+00  0.0000E+00
  1.5000E+01  5.0000E-01  0.0000E+00  4.0600E+01  0.0000E+00  1.1679E+02  0.0000E+00 -6.4700E-01  0.0000E+00  4.0600E+01  1.1679E+02  0.0000E+00  0.0000E+00
  1.5000E+01  1.0000E+00  0.0000E+00  7.2100E+01  0.0000E+00  8.0563E+01  0.0000E+00 -1.0419E-01  0.0000E+00  7.2100E+01  8.0563E+01  0.0000E+00  0.0000E+00
  1.5000E+01  2.0000E+00  0.0000E+00  3.9700E+01  0.0000E+00  7.5209E+01  0.0000E+00 -4.6825E-01  0.0000E+00  3.9700E+01  7.5209E+01  0.0000E+00  0.0000E+00
  1.5000E+01  4.0000E+00  0.0000E+00  4.5700E+01  0.0000E+00  7.1694E+01  0.0000E+00 -3.5958E-01  0.0000E+00  4.5700E+01  7.1694E+01  0.0000E+00  0.0000E+00
  1.5000E+01  6.0000E+00  0.0000E+00  6.1800E+01  0.0000E+00  7.2112E+01  0.0000E+00 -1.4182E-01  0.0000E+00  6.1800E+01  7.2112E+01  0.0000E+00  0.0000E+00
  1.5000E+01  8.0000E+00  0.0000E+00  5.6100E+01  0.0000E+00  7.2523E+01  0.0000E+00 -2.2458E-01  0.0000E+00  5.6100E+01  7.2523E+01  0.0000E+00  0.0000E+00
  1.5000E+01  1.2000E+01  0.0000E+00  2.7000E+01  0.0000E+00  7.3077E+01  0.0000E+00 -6.2533E-01  0.0000E+00  2.7000E+01  7.3077E+01  0.0000E+00  0.0000E+00
  1.5000E+01  2.4000E+01  0.0000E+00  5.0000E-01  0.0000E+00  2.4601E+00  0.0000E+00 -7.9019E-01  1.0000E+00  5.0000E-01  2.7806E-01  0.0000E+00  0.0000E+00
  1.6000E+01  0.0000E+00  2.1500E+05  0.0000E+00  1.0000E+00  0.0000E+00  0.0000E+00  0.0000E+00  0.0000E+00  0.0000E+00  1.0000E+00  0.0000E+00  0.0000E+00
  1.6000E+01  0.0000E+00  2.1500E+05  0.0000E+00  1.0000E+00  0.0000E+00  0.0000E+00  0.0000E+00  0.0000E+00  0.0000E+00  1.0000E+00  0.0000E+00  0.0000E+00
  1.6000E+01  0.0000E+00  0.0000E+00  0.0000E+00  0.0000E+00  0.0000E+00  0.0000E+00  0.0000E+00  0.0000E+00  0.0000E+00  1.0000E+00  0.0000E+00  0.0000E+00
  1.6000E+01  2.5000E-01  0.0000E+00  6.4700E+00  0.0000E+00  5.1597E+01  0.0000E+00 -8.6740E-01  0.0000E+00  6.4700E+00  5.1597E+01  0.0000E+00  0.0000E+00
  1.6000E+01  5.0000E-01  0.0000E+00  1.1400E+01  0.0000E+00  1.1062E+02  0.0000E+00 -8.8955E-01  0.0000E+00  1.1400E+01  1.1062E+02  0.0000E+00  0.0000E+00
  1.6000E+01  1.0000E+00  0.0000E+00  1.5500E+02  0.0000E+00  7.6305E+01  0.0000E+00  1.0228E+00  0.0000E+00  1.5500E+02  7.6305E+01  0.0000E+00  0.0000E+00
  1.6000E+01  2.0000E+00  0.0000E+00  1.9400E+02  0.0000E+00  7.1233E+01  0.0000E+00  1.7092E+00  0.0000E+00  1.9400E+02  7.1233E+01  0.0000E+00  0.0000E+00
  1.6000E+01  4.0000E+00  0.0000E+00  8.8000E+01  0.0000E+00  6.7904E+01  0.0000E+00  2.9351E-01  0.0000E+00  8.8000E+01  6.7904E+01  0.0000E+00  0.0000E+00
  1.6000E+01  6.0000E+00  0.0000E+00  3.2400E+02  0.0000E+00  6.8299E+01  0.0000E+00  3.7130E+00  0.0000E+00  3.2400E+02  6.8299E+01  0.0000E+00  0.0000E+00
  1.6000E+01  8.0000E+00  0.0000E+00  2.5300E+02  0.0000E+00  6.8689E+01  0.0000E+00  2.6612E+00  0.0000E+00  2.5300E+02  6.8689E+01  0.0000E+00  0.0000E+00
  1.6000E+01  1.2000E+01  0.0000E+00  7.2500E+01  0.0000E+00  6.9213E+01  0.0000E+00  4.7093E-02  0.0000E+00  7.2500E+01  6.9213E+01  0.0000E+00  0.0000E+00
  1.6000E+01  2.4000E+01  0.0000E+00  5.0000E-01  0.0000E+00  2.3301E+00  0.0000E+00 -7.7894E-01  1.0000E+00  5.0000E-01  2.8566E-01  0.0000E+00  0.0000E+00
  1.7000E+01  0.0000E+00  2.4900E+05  0.0000E+00  1.0000E+00  0.0000E+00  0.0000E+00  0.0000E+00  0.0000E+00  0.0000E+00  1.0000E+00  0.0000E+00  0.0000E+00
  1.7000E+01  0.0000E+00  2.4900E+05  0.0000E+00  1.0000E+00  0.0000E+00  0.0000E+00  0.0000E+00  0.0000E+00  0.0000E+00  1.0000E+00  0.0000E+00  0.0000E+00
  1.7000E+01  0.0000E+00  0.0000E+00  0.0000E+00  0.0000E+00  0.0000E+00  0.0000E+00  0.0000E+00  0.0000E+00  0.0000E+00  1.0000E+00  0.0000E+00  0.0000E+00
  1.7000E+01  2.5000E-01  0.0000E+00  1.0800E+01  0.0000E+00  5.9756E+01  0.0000E+00 -8.1251E-01  0.0000E+00  1.0800E+01  5.9756E+01  0.0000E+00  0.0000E+00
  1.7000E+01  5.0000E-01  0.0000E+00  1.7400E+01  0.0000E+00  1.2811E+02  0.0000E+00 -8.5706E-01  0.0000E+00  1.7400E+01  1.2811E+02  0.0000E+00  0.0000E+00
  1.7000E+01  1.0000E+00  0.0000E+00  4.2300E+01  0.0000E+00  8.8371E+01  0.0000E+00 -5.1704E-01  0.0000E+00  4.2300E+01  8.8371E+01  0.0000E+00  0.0000E+00
  1.7000E+01  2.0000E+00  0.0000E+00  4.8500E+01  0.0000E+00  8.2498E+01  0.0000E+00 -4.0871E-01  0.0000E+00  4.8500E+01  8.2498E+01  0.0000E+00  0.0000E+00
  1.7000E+01  4.0000E+00  0.0000E+00  5.4500E+01  0.0000E+00  7.8642E+01  0.0000E+00 -3.0446E-01  0.0000E+00  5.4500E+01  7.8642E+01  0.0000E+00  0.0000E+00
  1.7000E+01  6.0000E+00  0.0000E+00  1.3500E+02  0.0000E+00  7.9100E+01  0.0000E+00  7.0087E-01  0.0000E+00  1.3500E+02  7.9100E+01  0.0000E+00  0.0000E+00
  1.7000E+01  8.0000E+00  0.0000E+00  6.3900E+01  0.0000E+00  7.9552E+01  0.0000E+00 -1.9513E-01  0.0000E+00  6.3900E+01  7.9552E+01  0.0000E+00  0.0000E+00
  1.7000E+01  1.2000E+01  0.0000E+00  3.6300E+01  0.0000E+00  8.0159E+01  0.0000E+00 -5.4264E-01  0.0000E+00  3.6300E+01  8.0159E+01  0.0000E+00  0.0000E+00
  1.7000E+01  2.4000E+01  0.0000E+00  5.0000E-01  0.0000E+00  2.6985E+00  0.0000E+00 -8.0800E-01  1.0000E+00  5.0000E-01  2.6623E-01  0.0000E+00  0.0000E+00
