TABLE NO.  2
 ID          CL          V2          V3          Q           KA          F1          DOSE
  1.0000E+00  6.3616E+00  7.3362E+00  2.1220E+00  6.5517E-01  6.8783E-01  6.3472E-03  1.2500E+01
  1.0000E+00  6.3616E+00  7.3362E+00  2.1220E+00  6.5517E-01  6.8783E-01  6.3472E-03  1.2500E+01
  1.0000E+00  6.3616E+00  7.3362E+00  2.1220E+00  6.5517E-01  6.8783E-01  6.3472E-03  1.2500E+01
  1.0000E+00  6.3616E+00  7.3362E+00  2.1220E+00  6.5517E-01  6.8783E-01  6.3472E-03  1.2500E+01
  1.0000E+00  6.3616E+00  7.3362E+00  2.1220E+00  6.5517E-01  6.8783E-01  6.3472E-03  1.2500E+01
  1.0000E+00  6.3616E+00  7.3362E+00  2.1220E+00  6.5517E-01  6.8783E-01  6.3472E-03  1.2500E+01
  1.0000E+00  6.3616E+00  7.3362E+00  2.1220E+00  6.5517E-01  6.8783E-01  6.3472E-03  1.2500E+01
  1.0000E+00  6.3616E+00  7.3362E+00  2.1220E+00  6.5517E-01  6.8783E-01  6.3472E-03  1.2500E+01
  1.0000E+00  6.3616E+00  7.3362E+00  2.1220E+00  6.5517E-01  6.8783E-01  6.3472E-03  1.2500E+01
  1.0000E+00  6.3616E+00  7.3362E+00  2.1220E+00  6.5517E-01  6.8783E-01  6.3472E-03  1.2500E+01
  1.0000E+00  6.3616E+00  7.3362E+00  2.1220E+00  6.5517E-01  6.8783E-01  6.3472E-03  1.2500E+01
  1.0000E+00  6.3616E+00  7.3362E+00  2.1220E+00  6.5517E-01  6.8783E-01  6.3472E-03  1.2500E+01
  1.0000E+00  6.3616E+00  7.3362E+00  2.1220E+00  6.5517E-01  6.8783E-01  6.3472E-03  1.2500E+01
  2.0000E+00  6.3616E+00  2.3891E+01  2.1220E+00  6.5517E-01  6.8783E-01  1.0932E-02  1.2500E+01
  2.0000E+00  6.3616E+00  2.3891E+01  2.1220E+00  6.5517E-01  6.8783E-01  1.0932E-02  1.2500E+01
  2.0000E+00  6.3616E+00  2.3891E+01  2.1220E+00  6.5517E-01  6.8783E-01  1.0932E-02  1.2500E+01
  2.0000E+00  6.3616E+00  2.3891E+01  2.1220E+00  6.5517E-01  6.8783E-01  1.0932E-02  1.2500E+01
  2.0000E+00  6.3616E+00  2.3891E+01  2.1220E+00  6.5517E-01  6.8783E-01  1.0932E-02  1.2500E+01
  2.0000E+00  6.3616E+00  2.3891E+01  2.1220E+00  6.5517E-01  6.8783E-01  1.0932E-02  1.2500E+01
  2.0000E+00  6.3616E+00  2.3891E+01  2.1220E+00  6.5517E-01  6.8783E-01  1.0932E-02  1.2500E+01
  2.0000E+00  6.3616E+00  2.3891E+01  2.1220E+00  6.5517E-01  6.8783E-01  1.0932E-02  1.2500E+01
  2.0000E+00  6.3616E+00  2.3891E+01  2.1220E+00  6.5517E-01  6.8783E-01  1.0932E-02  1.2500E+01
  2.0000E+00  6.3616E+00  2.3891E+01  2.1220E+00  6.5517E-01  6.8783E-01  1.0932E-02  1.2500E+01
  2.0000E+00  6.3616E+00  2.3891E+01  2.1220E+00  6.5517E-01  6.8783E-01  1.0932E-02  1.2500E+01
  2.0000E+00  6.3616E+00  2.3891E+01  2.1220E+00  6.5517E-01  6.8783E-01  1.0932E-02  1.2500E+01
  2.0000E+00  6.3616E+00  2.3891E+01  2.1220E+00  6.5517E-01  6.8783E-01  1.0932E-02  1.2500E+01
  3.0000E+00  6.3616E+00  4.1444E+00  2.1220E+00  6.5517E-01  6.8783E-01  1.0000E+00  2.5000E+00
  3.0000E+00  6.3616E+00  4.1444E+00  2.1220E+00  6.5517E-01  6.8783E-01  1.0000E+00  2.5000E+00
  3.0000E+00  6.3616E+00  4.1444E+00  2.1220E+00  6.5517E-01  6.8783E-01  1.0000E+00  2.5000E+00
  3.0000E+00  6.3616E+00  4.1444E+00  2.1220E+00  6.5517E-01  6.8783E-01  1.0000E+00  2.5000E+00
  3.0000E+00  6.3616E+00  4.1444E+00  2.1220E+00  6.5517E-01  6.8783E-01  1.0000E+00  2.5000E+00
  3.0000E+00  6.3616E+00  4.1444E+00  2.1220E+00  6.5517E-01  6.8783E-01  1.0000E+00  2.5000E+00
  3.0000E+00  6.3616E+00  4.1444E+00  2.1220E+00  6.5517E-01  6.8783E-01  1.0000E+00  2.5000E+00
  3.0000E+00  6.3616E+00  4.1444E+00  2.1220E+00  6.5517E-01  6.8783E-01  1.0000E+00  2.5000E+00
  3.0000E+00  6.3616E+00  4.1444E+00  2.1220E+00  6.5517E-01  6.8783E-01  1.0000E+00  2.5000E+00
  3.0000E+00  6.3616E+00  4.1444E+00  2.1220E+00  6.5517E-01  6.8783E-01  1.0000E+00  2.5000E+00
  3.0000E+00  6.3616E+00  4.1444E+00  2.1220E+00  6.5517E-01  6.8783E-01  1.0000E+00  2.5000E+00
  3.0000E+00  6.3616E+00  4.1444E+00  2.1220E+00  6.5517E-01  6.8783E-01  1.0000E+00  2.5000E+00
  4.0000E+00  6.3616E+00  3.4032E+00  2.1220E+00  6.5517E-01  6.8783E-01  1.0000E+00  2.5000E+00
  4.0000E+00  6.3616E+00  3.4032E+00  2.1220E+00  6.5517E-01  6.8783E-01  1.0000E+00  2.5000E+00
  4.0000E+00  6.3616E+00  3.4032E+00  2.1220E+00  6.5517E-01  6.8783E-01  1.0000E+00  2.5000E+00
  4.0000E+00  6.3616E+00  3.4032E+00  2.1220E+00  6.5517E-01  6.8783E-01  1.0000E+00  2.5000E+00
  4.0000E+00  6.3616E+00  3.4032E+00  2.1220E+00  6.5517E-01  6.8783E-01  1.0000E+00  2.5000E+00
  4.0000E+00  6.3616E+00  3.4032E+00  2.1220E+00  6.5517E-01  6.8783E-01  1.0000E+00  2.5000E+00
  4.0000E+00  6.3616E+00  3.4032E+00  2.1220E+00  6.5517E-01  6.8783E-01  1.0000E+00  2.5000E+00
  4.0000E+00  6.3616E+00  3.4032E+00  2.1220E+00  6.5517E-01  6.8783E-01  1.0000E+00  2.5000E+00
  4.0000E+00  6.3616E+00  3.4032E+00  2.1220E+00  6.5517E-01  6.8783E-01  1.0000E+00  2.5000E+00
  4.0000E+00  6.3616E+00  3.4032E+00  2.1220E+00  6.5517E-01  6.8783E-01  1.0000E+00  2.5000E+00
  4.0000E+00  6.3616E+00  3.4032E+00  2.1220E+00  6.5517E-01  6.8783E-01  1.0000E+00  2.5000E+00
  4.0000E+00  6.3616E+00  3.4032E+00  2.1220E+00  6.5517E-01  6.8783E-01  1.0000E+00  2.5000E+00
  5.0000E+00  6.3616E+00  3.4820E+00  2.1220E+00  6.5517E-01  6.8783E-01  1.0000E+00  2.5000E+00
  5.0000E+00  6.3616E+00  3.4820E+00  2.1220E+00  6.5517E-01  6.8783E-01  1.0000E+00  2.5000E+00
  5.0000E+00  6.3616E+00  3.4820E+00  2.1220E+00  6.5517E-01  6.8783E-01  1.0000E+00  2.5000E+00
  5.0000E+00  6.3616E+00  3.4820E+00  2.1220E+00  6.5517E-01  6.8783E-01  1.0000E+00  2.5000E+00
  5.0000E+00  6.3616E+00  3.4820E+00  2.1220E+00  6.5517E-01  6.8783E-01  1.0000E+00  2.5000E+00
  5.0000E+00  6.3616E+00  3.4820E+00  2.1220E+00  6.5517E-01  6.8783E-01  1.0000E+00  2.5000E+00
  5.0000E+00  6.3616E+00  3.4820E+00  2.1220E+00  6.5517E-01  6.8783E-01  1.0000E+00  2.5000E+00
  5.0000E+00  6.3616E+00  3.4820E+00  2.1220E+00  6.5517E-01  6.8783E-01  1.0000E+00  2.5000E+00
  5.0000E+00  6.3616E+00  3.4820E+00  2.1220E+00  6.5517E-01  6.8783E-01  1.0000E+00  2.5000E+00
  5.0000E+00  6.3616E+00  3.4820E+00  2.1220E+00  6.5517E-01  6.8783E-01  1.0000E+00  2.5000E+00
  5.0000E+00  6.3616E+00  3.4820E+00  2.1220E+00  6.5517E-01  6.8783E-01  1.0000E+00  2.5000E+00
  5.0000E+00  6.3616E+00  3.4820E+00  2.1220E+00  6.5517E-01  6.8783E-01  1.0000E+00  2.5000E+00
  6.0000E+00  6.3616E+00  1.3080E+01  2.1220E+00  6.5517E-01  6.8783E-01  1.3234E-02  1.0000E+01
  6.0000E+00  6.3616E+00  1.3080E+01  2.1220E+00  6.5517E-01  6.8783E-01  1.3234E-02  1.0000E+01
  6.0000E+00  6.3616E+00  1.3080E+01  2.1220E+00  6.5517E-01  6.8783E-01  1.3234E-02  1.0000E+01
  6.0000E+00  6.3616E+00  1.3080E+01  2.1220E+00  6.5517E-01  6.8783E-01  1.3234E-02  1.0000E+01
  6.0000E+00  6.3616E+00  1.3080E+01  2.1220E+00  6.5517E-01  6.8783E-01  1.3234E-02  1.0000E+01
  6.0000E+00  6.3616E+00  1.3080E+01  2.1220E+00  6.5517E-01  6.8783E-01  1.3234E-02  1.0000E+01
  6.0000E+00  6.3616E+00  1.3080E+01  2.1220E+00  6.5517E-01  6.8783E-01  1.3234E-02  1.0000E+01
  6.0000E+00  6.3616E+00  1.3080E+01  2.1220E+00  6.5517E-01  6.8783E-01  1.3234E-02  1.0000E+01
  6.0000E+00  6.3616E+00  1.3080E+01  2.1220E+00  6.5517E-01  6.8783E-01  1.3234E-02  1.0000E+01
  6.0000E+00  6.3616E+00  1.3080E+01  2.1220E+00  6.5517E-01  6.8783E-01  1.3234E-02  1.0000E+01
  6.0000E+00  6.3616E+00  1.3080E+01  2.1220E+00  6.5517E-01  6.8783E-01  1.3234E-02  1.0000E+01
  6.0000E+00  6.3616E+00  1.3080E+01  2.1220E+00  6.5517E-01  6.8783E-01  1.3234E-02  1.0000E+01
  7.0000E+00  6.3616E+00  1.1969E+01  2.1220E+00  6.5517E-01  6.8783E-01  1.6109E-02  1.0000E+01
  7.0000E+00  6.3616E+00  1.1969E+01  2.1220E+00  6.5517E-01  6.8783E-01  1.6109E-02  1.0000E+01
  7.0000E+00  6.3616E+00  1.1969E+01  2.1220E+00  6.5517E-01  6.8783E-01  1.6109E-02  1.0000E+01
  7.0000E+00  6.3616E+00  1.1969E+01  2.1220E+00  6.5517E-01  6.8783E-01  1.6109E-02  1.0000E+01
  7.0000E+00  6.3616E+00  1.1969E+01  2.1220E+00  6.5517E-01  6.8783E-01  1.6109E-02  1.0000E+01
  7.0000E+00  6.3616E+00  1.1969E+01  2.1220E+00  6.5517E-01  6.8783E-01  1.6109E-02  1.0000E+01
  7.0000E+00  6.3616E+00  1.1969E+01  2.1220E+00  6.5517E-01  6.8783E-01  1.6109E-02  1.0000E+01
  7.0000E+00  6.3616E+00  1.1969E+01  2.1220E+00  6.5517E-01  6.8783E-01  1.6109E-02  1.0000E+01
  7.0000E+00  6.3616E+00  1.1969E+01  2.1220E+00  6.5517E-01  6.8783E-01  1.6109E-02  1.0000E+01
  7.0000E+00  6.3616E+00  1.1969E+01  2.1220E+00  6.5517E-01  6.8783E-01  1.6109E-02  1.0000E+01
  7.0000E+00  6.3616E+00  1.1969E+01  2.1220E+00  6.5517E-01  6.8783E-01  1.6109E-02  1.0000E+01
  7.0000E+00  6.3616E+00  1.1969E+01  2.1220E+00  6.5517E-01  6.8783E-01  1.6109E-02  1.0000E+01
  8.0000E+00  6.3616E+00  9.2814E+00  2.1220E+00  6.5517E-01  6.8783E-01  1.9768E-02  1.0000E+01
  8.0000E+00  6.3616E+00  9.2814E+00  2.1220E+00  6.5517E-01  6.8783E-01  1.9768E-02  1.0000E+01
  8.0000E+00  6.3616E+00  9.2814E+00  2.1220E+00  6.5517E-01  6.8783E-01  1.9768E-02  1.0000E+01
  8.0000E+00  6.3616E+00  9.2814E+00  2.1220E+00  6.5517E-01  6.8783E-01  1.9768E-02  1.0000E+01
  8.0000E+00  6.3616E+00  9.2814E+00  2.1220E+00  6.5517E-01  6.8783E-01  1.9768E-02  1.0000E+01
  8.0000E+00  6.3616E+00  9.2814E+00  2.1220E+00  6.5517E-01  6.8783E-01  1.9768E-02  1.0000E+01
  8.0000E+00  6.3616E+00  9.2814E+00  2.1220E+00  6.5517E-01  6.8783E-01  1.9768E-02  1.0000E+01
  8.0000E+00  6.3616E+00  9.2814E+00  2.1220E+00  6.5517E-01  6.8783E-01  1.9768E-02  1.0000E+01
  8.0000E+00  6.3616E+00  9.2814E+00  2.1220E+00  6.5517E-01  6.8783E-01  1.9768E-02  1.0000E+01
  8.0000E+00  6.3616E+00  9.2814E+00  2.1220E+00  6.5517E-01  6.8783E-01  1.9768E-02  1.0000E+01
  8.0000E+00  6.3616E+00  9.2814E+00  2.1220E+00  6.5517E-01  6.8783E-01  1.9768E-02  1.0000E+01
  8.0000E+00  6.3616E+00  9.2814E+00  2.1220E+00  6.5517E-01  6.8783E-01  1.9768E-02  1.0000E+01
  9.0000E+00  6.3616E+00  2.4892E+00  2.1220E+00  6.5517E-01  6.8783E-01  4.4059E-02  3.0000E+01
  9.0000E+00  6.3616E+00  2.4892E+00  2.1220E+00  6.5517E-01  6.8783E-01  4.4059E-02  3.0000E+01
  9.0000E+00  6.3616E+00  2.4892E+00  2.1220E+00  6.5517E-01  6.8783E-01  4.4059E-02  3.0000E+01
  9.0000E+00  6.3616E+00  2.4892E+00  2.1220E+00  6.5517E-01  6.8783E-01  4.4059E-02  3.0000E+01
  9.0000E+00  6.3616E+00  2.4892E+00  2.1220E+00  6.5517E-01  6.8783E-01  4.4059E-02  3.0000E+01
  9.0000E+00  6.3616E+00  2.4892E+00  2.1220E+00  6.5517E-01  6.8783E-01  4.4059E-02  3.0000E+01
  9.0000E+00  6.3616E+00  2.4892E+00  2.1220E+00  6.5517E-01  6.8783E-01  4.4059E-02  3.0000E+01
  9.0000E+00  6.3616E+00  2.4892E+00  2.1220E+00  6.5517E-01  6.8783E-01  4.4059E-02  3.0000E+01
  9.0000E+00  6.3616E+00  2.4892E+00  2.1220E+00  6.5517E-01  6.8783E-01  4.4059E-02  3.0000E+01
  9.0000E+00  6.3616E+00  2.4892E+00  2.1220E+00  6.5517E-01  6.8783E-01  4.4059E-02  3.0000E+01
  9.0000E+00  6.3616E+00  2.4892E+00  2.1220E+00  6.5517E-01  6.8783E-01  4.4059E-02  3.0000E+01
  9.0000E+00  6.3616E+00  2.4892E+00  2.1220E+00  6.5517E-01  6.8783E-01  4.4059E-02  3.0000E+01
  1.0000E+01  6.3616E+00  1.7887E+01  2.1220E+00  6.5517E-01  6.8783E-01  2.7505E-02  3.0000E+01
  1.0000E+01  6.3616E+00  1.7887E+01  2.1220E+00  6.5517E-01  6.8783E-01  2.7505E-02  3.0000E+01
  1.0000E+01  6.3616E+00  1.7887E+01  2.1220E+00  6.5517E-01  6.8783E-01  2.7505E-02  3.0000E+01
  1.0000E+01  6.3616E+00  1.7887E+01  2.1220E+00  6.5517E-01  6.8783E-01  2.7505E-02  3.0000E+01
  1.0000E+01  6.3616E+00  1.7887E+01  2.1220E+00  6.5517E-01  6.8783E-01  2.7505E-02  3.0000E+01
  1.0000E+01  6.3616E+00  1.7887E+01  2.1220E+00  6.5517E-01  6.8783E-01  2.7505E-02  3.0000E+01
  1.0000E+01  6.3616E+00  1.7887E+01  2.1220E+00  6.5517E-01  6.8783E-01  2.7505E-02  3.0000E+01
  1.0000E+01  6.3616E+00  1.7887E+01  2.1220E+00  6.5517E-01  6.8783E-01  2.7505E-02  3.0000E+01
  1.0000E+01  6.3616E+00  1.7887E+01  2.1220E+00  6.5517E-01  6.8783E-01  2.7505E-02  3.0000E+01
  1.0000E+01  6.3616E+00  1.7887E+01  2.1220E+00  6.5517E-01  6.8783E-01  2.7505E-02  3.0000E+01
  1.0000E+01  6.3616E+00  1.7887E+01  2.1220E+00  6.5517E-01  6.8783E-01  2.7505E-02  3.0000E+01
  1.0000E+01  6.3616E+00  1.7887E+01  2.1220E+00  6.5517E-01  6.8783E-01  2.7505E-02  3.0000E+01
  1.1000E+01  6.3616E+00  1.8214E+01  2.1220E+00  6.5517E-01  6.8783E-01  2.5499E-02  3.0000E+01
  1.1000E+01  6.3616E+00  1.8214E+01  2.1220E+00  6.5517E-01  6.8783E-01  2.5499E-02  3.0000E+01
  1.1000E+01  6.3616E+00  1.8214E+01  2.1220E+00  6.5517E-01  6.8783E-01  2.5499E-02  3.0000E+01
  1.1000E+01  6.3616E+00  1.8214E+01  2.1220E+00  6.5517E-01  6.8783E-01  2.5499E-02  3.0000E+01
  1.1000E+01  6.3616E+00  1.8214E+01  2.1220E+00  6.5517E-01  6.8783E-01  2.5499E-02  3.0000E+01
  1.1000E+01  6.3616E+00  1.8214E+01  2.1220E+00  6.5517E-01  6.8783E-01  2.5499E-02  3.0000E+01
  1.1000E+01  6.3616E+00  1.8214E+01  2.1220E+00  6.5517E-01  6.8783E-01  2.5499E-02  3.0000E+01
  1.1000E+01  6.3616E+00  1.8214E+01  2.1220E+00  6.5517E-01  6.8783E-01  2.5499E-02  3.0000E+01
  1.1000E+01  6.3616E+00  1.8214E+01  2.1220E+00  6.5517E-01  6.8783E-01  2.5499E-02  3.0000E+01
  1.1000E+01  6.3616E+00  1.8214E+01  2.1220E+00  6.5517E-01  6.8783E-01  2.5499E-02  3.0000E+01
  1.1000E+01  6.3616E+00  1.8214E+01  2.1220E+00  6.5517E-01  6.8783E-01  2.5499E-02  3.0000E+01
  1.1000E+01  6.3616E+00  1.8214E+01  2.1220E+00  6.5517E-01  6.8783E-01  2.5499E-02  3.0000E+01
  1.2000E+01  6.3616E+00  5.0729E+01  2.1220E+00  6.5517E-01  6.8783E-01  7.6234E-03  3.0000E+01
  1.2000E+01  6.3616E+00  5.0729E+01  2.1220E+00  6.5517E-01  6.8783E-01  7.6234E-03  3.0000E+01
  1.2000E+01  6.3616E+00  5.0729E+01  2.1220E+00  6.5517E-01  6.8783E-01  7.6234E-03  3.0000E+01
  1.2000E+01  6.3616E+00  5.0729E+01  2.1220E+00  6.5517E-01  6.8783E-01  7.6234E-03  3.0000E+01
  1.2000E+01  6.3616E+00  5.0729E+01  2.1220E+00  6.5517E-01  6.8783E-01  7.6234E-03  3.0000E+01
  1.2000E+01  6.3616E+00  5.0729E+01  2.1220E+00  6.5517E-01  6.8783E-01  7.6234E-03  3.0000E+01
  1.2000E+01  6.3616E+00  5.0729E+01  2.1220E+00  6.5517E-01  6.8783E-01  7.6234E-03  3.0000E+01
  1.2000E+01  6.3616E+00  5.0729E+01  2.1220E+00  6.5517E-01  6.8783E-01  7.6234E-03  3.0000E+01
  1.2000E+01  6.3616E+00  5.0729E+01  2.1220E+00  6.5517E-01  6.8783E-01  7.6234E-03  3.0000E+01
  1.2000E+01  6.3616E+00  5.0729E+01  2.1220E+00  6.5517E-01  6.8783E-01  7.6234E-03  3.0000E+01
  1.2000E+01  6.3616E+00  5.0729E+01  2.1220E+00  6.5517E-01  6.8783E-01  7.6234E-03  3.0000E+01
  1.2000E+01  6.3616E+00  5.0729E+01  2.1220E+00  6.5517E-01  6.8783E-01  7.6234E-03  3.0000E+01
  1.3000E+01  6.3616E+00  2.6818E+01  2.1220E+00  6.5517E-01  6.8783E-01  1.1820E-02  3.0000E+01
  1.3000E+01  6.3616E+00  2.6818E+01  2.1220E+00  6.5517E-01  6.8783E-01  1.1820E-02  3.0000E+01
  1.3000E+01  6.3616E+00  2.6818E+01  2.1220E+00  6.5517E-01  6.8783E-01  1.1820E-02  3.0000E+01
  1.3000E+01  6.3616E+00  2.6818E+01  2.1220E+00  6.5517E-01  6.8783E-01  1.1820E-02  3.0000E+01
  1.3000E+01  6.3616E+00  2.6818E+01  2.1220E+00  6.5517E-01  6.8783E-01  1.1820E-02  3.0000E+01
  1.3000E+01  6.3616E+00  2.6818E+01  2.1220E+00  6.5517E-01  6.8783E-01  1.1820E-02  3.0000E+01
  1.3000E+01  6.3616E+00  2.6818E+01  2.1220E+00  6.5517E-01  6.8783E-01  1.1820E-02  3.0000E+01
  1.3000E+01  6.3616E+00  2.6818E+01  2.1220E+00  6.5517E-01  6.8783E-01  1.1820E-02  3.0000E+01
  1.3000E+01  6.3616E+00  2.6818E+01  2.1220E+00  6.5517E-01  6.8783E-01  1.1820E-02  3.0000E+01
  1.3000E+01  6.3616E+00  2.6818E+01  2.1220E+00  6.5517E-01  6.8783E-01  1.1820E-02  3.0000E+01
  1.3000E+01  6.3616E+00  2.6818E+01  2.1220E+00  6.5517E-01  6.8783E-01  1.1820E-02  3.0000E+01
  1.3000E+01  6.3616E+00  2.6818E+01  2.1220E+00  6.5517E-01  6.8783E-01  1.1820E-02  3.0000E+01
  1.4000E+01  6.3616E+00  3.3344E+01  2.1220E+00  6.5517E-01  6.8783E-01  7.2562E-03  3.0000E+01
  1.4000E+01  6.3616E+00  3.3344E+01  2.1220E+00  6.5517E-01  6.8783E-01  7.2562E-03  3.0000E+01
  1.4000E+01  6.3616E+00  3.3344E+01  2.1220E+00  6.5517E-01  6.8783E-01  7.2562E-03  3.0000E+01
  1.4000E+01  6.3616E+00  3.3344E+01  2.1220E+00  6.5517E-01  6.8783E-01  7.2562E-03  3.0000E+01
  1.4000E+01  6.3616E+00  3.3344E+01  2.1220E+00  6.5517E-01  6.8783E-01  7.2562E-03  3.0000E+01
  1.4000E+01  6.3616E+00  3.3344E+01  2.1220E+00  6.5517E-01  6.8783E-01  7.2562E-03  3.0000E+01
  1.4000E+01  6.3616E+00  3.3344E+01  2.1220E+00  6.5517E-01  6.8783E-01  7.2562E-03  3.0000E+01
  1.4000E+01  6.3616E+00  3.3344E+01  2.1220E+00  6.5517E-01  6.8783E-01  7.2562E-03  3.0000E+01
  1.4000E+01  6.3616E+00  3.3344E+01  2.1220E+00  6.5517E-01  6.8783E-01  7.2562E-03  3.0000E+01
  1.4000E+01  6.3616E+00  3.3344E+01  2.1220E+00  6.5517E-01  6.8783E-01  7.2562E-03  3.0000E+01
  1.4000E+01  6.3616E+00  3.3344E+01  2.1220E+00  6.5517E-01  6.8783E-01  7.2562E-03  3.0000E+01
  1.4000E+01  6.3616E+00  3.3344E+01  2.1220E+00  6.5517E-01  6.8783E-01  7.2562E-03  3.0000E+01
  1.5000E+01  6.3616E+00  1.0993E+01  2.1220E+00  6.5517E-01  6.8783E-01  1.0457E-02  1.0000E+02
  1.5000E+01  6.3616E+00  1.0993E+01  2.1220E+00  6.5517E-01  6.8783E-01  1.0457E-02  1.0000E+02
  1.5000E+01  6.3616E+00  1.0993E+01  2.1220E+00  6.5517E-01  6.8783E-01  1.0457E-02  1.0000E+02
  1.5000E+01  6.3616E+00  1.0993E+01  2.1220E+00  6.5517E-01  6.8783E-01  1.0457E-02  1.0000E+02
  1.5000E+01  6.3616E+00  1.0993E+01  2.1220E+00  6.5517E-01  6.8783E-01  1.0457E-02  1.0000E+02
  1.5000E+01  6.3616E+00  1.0993E+01  2.1220E+00  6.5517E-01  6.8783E-01  1.0457E-02  1.0000E+02
  1.5000E+01  6.3616E+00  1.0993E+01  2.1220E+00  6.5517E-01  6.8783E-01  1.0457E-02  1.0000E+02
  1.5000E+01  6.3616E+00  1.0993E+01  2.1220E+00  6.5517E-01  6.8783E-01  1.0457E-02  1.0000E+02
  1.5000E+01  6.3616E+00  1.0993E+01  2.1220E+00  6.5517E-01  6.8783E-01  1.0457E-02  1.0000E+02
  1.5000E+01  6.3616E+00  1.0993E+01  2.1220E+00  6.5517E-01  6.8783E-01  1.0457E-02  1.0000E+02
  1.5000E+01  6.3616E+00  1.0993E+01  2.1220E+00  6.5517E-01  6.8783E-01  1.0457E-02  1.0000E+02
  1.5000E+01  6.3616E+00  1.0993E+01  2.1220E+00  6.5517E-01  6.8783E-01  1.0457E-02  1.0000E+02
  1.6000E+01  6.3616E+00  1.2002E+01  2.1220E+00  6.5517E-01  6.8783E-01  2.4298E-02  1.0000E+02
  1.6000E+01  6.3616E+00  1.2002E+01  2.1220E+00  6.5517E-01  6.8783E-01  2.4298E-02  1.0000E+02
  1.6000E+01  6.3616E+00  1.2002E+01  2.1220E+00  6.5517E-01  6.8783E-01  2.4298E-02  1.0000E+02
  1.6000E+01  6.3616E+00  1.2002E+01  2.1220E+00  6.5517E-01  6.8783E-01  2.4298E-02  1.0000E+02
  1.6000E+01  6.3616E+00  1.2002E+01  2.1220E+00  6.5517E-01  6.8783E-01  2.4298E-02  1.0000E+02
  1.6000E+01  6.3616E+00  1.2002E+01  2.1220E+00  6.5517E-01  6.8783E-01  2.4298E-02  1.0000E+02
  1.6000E+01  6.3616E+00  1.2002E+01  2.1220E+00  6.5517E-01  6.8783E-01  2.4298E-02  1.0000E+02
  1.6000E+01  6.3616E+00  1.2002E+01  2.1220E+00  6.5517E-01  6.8783E-01  2.4298E-02  1.0000E+02
  1.6000E+01  6.3616E+00  1.2002E+01  2.1220E+00  6.5517E-01  6.8783E-01  2.4298E-02  1.0000E+02
  1.6000E+01  6.3616E+00  1.2002E+01  2.1220E+00  6.5517E-01  6.8783E-01  2.4298E-02  1.0000E+02
  1.6000E+01  6.3616E+00  1.2002E+01  2.1220E+00  6.5517E-01  6.8783E-01  2.4298E-02  1.0000E+02
  1.6000E+01  6.3616E+00  1.2002E+01  2.1220E+00  6.5517E-01  6.8783E-01  2.4298E-02  1.0000E+02
  1.7000E+01  6.3616E+00  1.4838E+01  2.1220E+00  6.5517E-01  6.8783E-01  9.5331E-03  1.0000E+02
  1.7000E+01  6.3616E+00  1.4838E+01  2.1220E+00  6.5517E-01  6.8783E-01  9.5331E-03  1.0000E+02
  1.7000E+01  6.3616E+00  1.4838E+01  2.1220E+00  6.5517E-01  6.8783E-01  9.5331E-03  1.0000E+02
  1.7000E+01  6.3616E+00  1.4838E+01  2.1220E+00  6.5517E-01  6.8783E-01  9.5331E-03  1.0000E+02
  1.7000E+01  6.3616E+00  1.4838E+01  2.1220E+00  6.5517E-01  6.8783E-01  9.5331E-03  1.0000E+02
  1.7000E+01  6.3616E+00  1.4838E+01  2.1220E+00  6.5517E-01  6.8783E-01  9.5331E-03  1.0000E+02
  1.7000E+01  6.3616E+00  1.4838E+01  2.1220E+00  6.5517E-01  6.8783E-01  9.5331E-03  1.0000E+02
  1.7000E+01  6.3616E+00  1.4838E+01  2.1220E+00  6.5517E-01  6.8783E-01  9.5331E-03  1.0000E+02
  1.7000E+01  6.3616E+00  1.4838E+01  2.1220E+00  6.5517E-01  6.8783E-01  9.5331E-03  1.0000E+02
  1.7000E+01  6.3616E+00  1.4838E+01  2.1220E+00  6.5517E-01  6.8783E-01  9.5331E-03  1.0000E+02
  1.7000E+01  6.3616E+00  1.4838E+01  2.1220E+00  6.5517E-01  6.8783E-01  9.5331E-03  1.0000E+02
  1.7000E+01  6.3616E+00  1.4838E+01  2.1220E+00  6.5517E-01  6.8783E-01  9.5331E-03  1.0000E+02
