TABLE NO.  1
 ID          TIME        AMT         DV          MDV         IPRED       CWRES       IWRES       BQL         DV          PRED        RES         WRES
  1.0000E+00  0.0000E+00  1.2500E+04  0.0000E+00  1.0000E+00  0.0000E+00  0.0000E+00  0.0000E+00  0.0000E+00  0.0000E+00  1.0000E+00  0.0000E+00  0.0000E+00
  1.0000E+00  0.0000E+00  0.0000E+00  9.0000E-02  0.0000E+00  0.0000E+00  0.0000E+00  9.0000E+02  0.0000E+00  9.0000E-02  1.0000E+00  0.0000E+00  0.0000E+00
  1.0000E+00  2.5000E-01  0.0000E+00  7.3000E-01  0.0000E+00  5.9417E+00  0.0000E+00 -7.2393E-01  0.0000E+00  7.3000E-01  2.4622E-01  0.0000E+00  0.0000E+00
  1.0000E+00  5.0000E-01  0.0000E+00  2.7500E+00  0.0000E+00  9.5093E+00  0.0000E+00 -5.8665E-01  0.0000E+00  2.7500E+00  9.5093E+00  0.0000E+00  0.0000E+00
  1.0000E+00  1.0000E+00  0.0000E+00  7.2700E+00  0.0000E+00  1.2739E+01  0.0000E+00 -3.5433E-01  0.0000E+00  7.2700E+00  1.2739E+01  0.0000E+00  0.0000E+00
  1.0000E+00  2.0000E+00  0.0000E+00  6.4500E+00  0.0000E+00  1.3354E+01  0.0000E+00 -4.2670E-01  0.0000E+00  6.4500E+00  1.3354E+01  0.0000E+00  0.0000E+00
  1.0000E+00  3.0000E+00  0.0000E+00  6.8500E+00  0.0000E+00  1.2221E+01  0.0000E+00 -3.6272E-01  0.0000E+00  6.8500E+00  1.2221E+01  0.0000E+00  0.0000E+00
  1.0000E+00  4.0000E+00  0.0000E+00  4.2300E+00  0.0000E+00  1.0944E+01  0.0000E+00 -5.0633E-01  0.0000E+00  4.2300E+00  1.0944E+01  0.0000E+00  0.0000E+00
  1.0000E+00  6.0000E+00  0.0000E+00  6.0300E+00  0.0000E+00  8.6960E+00  0.0000E+00 -2.5303E-01  0.0000E+00  6.0300E+00  8.6960E+00  0.0000E+00  0.0000E+00
  1.0000E+00  8.0000E+00  0.0000E+00  8.1100E+00  0.0000E+00  6.8930E+00  0.0000E+00  1.4572E-01  0.0000E+00  8.1100E+00  6.8930E+00  0.0000E+00  0.0000E+00
  1.0000E+00  1.2000E+01  0.0000E+00  1.0000E-01  0.0000E+00  4.3133E+00  0.0000E+00 -8.0620E-01  1.0000E+00  1.0000E-01  2.6305E-01  0.0000E+00  0.0000E+00
  1.0000E+00  2.4000E+01  0.0000E+00  1.0000E-01  0.0000E+00  1.0320E+00  0.0000E+00 -7.4536E-01  1.0000E+00  1.0000E-01  4.8980E-01  0.0000E+00  0.0000E+00
  2.0000E+00  0.0000E+00  1.2500E+04  0.0000E+00  1.0000E+00  0.0000E+00  0.0000E+00  0.0000E+00  0.0000E+00  0.0000E+00  1.0000E+00  0.0000E+00  0.0000E+00
  2.0000E+00  0.0000E+00  0.0000E+00  0.0000E+00  0.0000E+00  0.0000E+00  0.0000E+00  0.0000E+00  0.0000E+00  0.0000E+00  1.0000E+00  0.0000E+00  0.0000E+00
  2.0000E+00  2.5000E-01  0.0000E+00  1.2000E-01  0.0000E+00  5.9417E+00  0.0000E+00 -8.0866E-01  0.0000E+00  1.2000E-01  2.4622E-01  0.0000E+00  0.0000E+00
  2.0000E+00  5.0000E-01  0.0000E+00  1.8000E-01  0.0000E+00  9.5093E+00  0.0000E+00 -8.0971E-01  0.0000E+00  1.8000E-01  2.3009E-01  0.0000E+00  0.0000E+00
  2.0000E+00  1.0000E+00  0.0000E+00  1.4000E-01  0.0000E+00  1.2739E+01  0.0000E+00 -8.1626E-01  0.0000E+00  1.4000E-01  2.2346E-01  0.0000E+00  0.0000E+00
  2.0000E+00  2.0000E+00  0.0000E+00  1.1700E+00  0.0000E+00  1.3354E+01  0.0000E+00 -7.5302E-01  0.0000E+00  1.1700E+00  1.3354E+01  0.0000E+00  0.0000E+00
  2.0000E+00  3.0000E+00  0.0000E+00  8.4000E+00  0.0000E+00  1.2221E+01  0.0000E+00 -2.5805E-01  0.0000E+00  8.4000E+00  1.2221E+01  0.0000E+00  0.0000E+00
  2.0000E+00  4.0000E+00  0.0000E+00  1.5500E+01  0.0000E+00  1.0944E+01  0.0000E+00  3.4358E-01  0.0000E+00  1.5500E+01  1.0944E+01  0.0000E+00  0.0000E+00
  2.0000E+00  6.0000E+00  0.0000E+00  8.5100E+00  0.0000E+00  8.6960E+00  0.0000E+00 -1.7658E-02  0.0000E+00  8.5100E+00  8.6960E+00  0.0000E+00  0.0000E+00
  2.0000E+00  8.0000E+00  0.0000E+00  6.0400E+00  0.0000E+00  6.8930E+00  0.0000E+00 -1.0213E-01  0.0000E+00  6.0400E+00  6.8930E+00  0.0000E+00  0.0000E+00
  2.0000E+00  1.2000E+01  0.0000E+00  1.0000E-01  0.0000E+00  4.3133E+00  0.0000E+00 -8.0620E-01  1.0000E+00  1.0000E-01  2.6305E-01  0.0000E+00  0.0000E+00
  2.0000E+00  2.4000E+01  0.0000E+00  1.0000E-01  0.0000E+00  1.0320E+00  0.0000E+00 -7.4536E-01  1.0000E+00  1.0000E-01  4.8980E-01  0.0000E+00  0.0000E+00
  3.0000E+00  0.0000E+00  2.5000E+03  0.0000E+00  1.0000E+00  1.3613E+03  0.0000E+00 -8.2533E-01  0.0000E+00  0.0000E+00  2.0476E-01  0.0000E+00  0.0000E+00
  3.0000E+00  0.0000E+00  0.0000E+00  0.0000E+00  0.0000E+00  1.3613E+03  0.0000E+00 -8.2533E-01  0.0000E+00  0.0000E+00  2.0476E-01  0.0000E+00  0.0000E+00
  3.0000E+00  1.7000E-02  0.0000E+00  2.5500E+03  0.0000E+00  1.3192E+03  0.0000E+00  7.7005E-01  0.0000E+00  2.5500E+03  1.3192E+03  0.0000E+00  0.0000E+00
  3.0000E+00  8.3500E-02  0.0000E+00  2.1100E+03  0.0000E+00  1.1667E+03  0.0000E+00  6.6728E-01  0.0000E+00  2.1100E+03  1.1667E+03  0.0000E+00  0.0000E+00
  3.0000E+00  2.5000E-01  0.0000E+00  1.4600E+03  0.0000E+00  8.5821E+02  0.0000E+00  5.7874E-01  0.0000E+00  1.4600E+03  8.5821E+02  0.0000E+00  0.0000E+00
  3.0000E+00  5.0000E-01  0.0000E+00  8.5300E+02  0.0000E+00  5.4197E+02  0.0000E+00  4.7366E-01  0.0000E+00  8.5300E+02  5.4197E+02  0.0000E+00  0.0000E+00
  3.0000E+00  1.0000E+00  0.0000E+00  5.5500E+02  0.0000E+00  2.1808E+02  0.0000E+00  1.2751E+00  0.0000E+00  5.5500E+02  2.1808E+02  0.0000E+00  0.0000E+00
  3.0000E+00  2.0000E+00  0.0000E+00  1.0300E+02  0.0000E+00  3.8925E+01  0.0000E+00  1.3586E+00  0.0000E+00  1.0300E+02  3.8925E+01  0.0000E+00  0.0000E+00
  3.0000E+00  4.0000E+00  0.0000E+00  7.4100E+00  0.0000E+00  5.1345E+00  0.0000E+00  3.6576E-01  0.0000E+00  7.4100E+00  5.1345E+00  0.0000E+00  0.0000E+00
  3.0000E+00  6.0000E+00  0.0000E+00  4.4900E+00  0.0000E+00  3.1372E+00  0.0000E+00  3.5588E-01  0.0000E+00  4.4900E+00  3.1372E+00  0.0000E+00  0.0000E+00
  3.0000E+00  8.0000E+00  0.0000E+00  5.2500E+00  0.0000E+00  2.2431E+00  0.0000E+00  1.1064E+00  0.0000E+00  5.2500E+00  2.2431E+00  0.0000E+00  0.0000E+00
  3.0000E+00  1.2000E+01  0.0000E+00  2.4600E+00  0.0000E+00  1.1603E+00  0.0000E+00  9.2451E-01  0.0000E+00  2.4600E+00  1.1603E+00  0.0000E+00  0.0000E+00
  3.0000E+00  2.4000E+01  0.0000E+00  1.0000E-01  0.0000E+00  1.6070E-01  0.0000E+00 -3.1173E-01  1.0000E+00  1.0000E-01  9.9999E-01  0.0000E+00  0.0000E+00
  4.0000E+00  0.0000E+00  2.5000E+03  0.0000E+00  1.0000E+00  1.3613E+03  0.0000E+00 -8.2533E-01  0.0000E+00  0.0000E+00  2.0476E-01  0.0000E+00  0.0000E+00
  4.0000E+00  0.0000E+00  0.0000E+00  0.0000E+00  0.0000E+00  1.3613E+03  0.0000E+00 -8.2533E-01  0.0000E+00  0.0000E+00  2.0476E-01  0.0000E+00  0.0000E+00
  4.0000E+00  1.7000E-02  0.0000E+00  2.3000E+03  0.0000E+00  1.3192E+03  0.0000E+00  6.1364E-01  0.0000E+00  2.3000E+03  1.3192E+03  0.0000E+00  0.0000E+00
  4.0000E+00  8.3500E-02  0.0000E+00  2.0000E+03  0.0000E+00  1.1667E+03  0.0000E+00  5.8947E-01  0.0000E+00  2.0000E+03  1.1667E+03  0.0000E+00  0.0000E+00
  4.0000E+00  2.5000E-01  0.0000E+00  1.2600E+03  0.0000E+00  8.5821E+02  0.0000E+00  3.8640E-01  0.0000E+00  1.2600E+03  8.5821E+02  0.0000E+00  0.0000E+00
  4.0000E+00  5.0000E-01  0.0000E+00  7.3500E+02  0.0000E+00  5.4197E+02  0.0000E+00  2.9396E-01  0.0000E+00  7.3500E+02  5.4197E+02  0.0000E+00  0.0000E+00
  4.0000E+00  1.0000E+00  0.0000E+00  4.3200E+02  0.0000E+00  2.1808E+02  0.0000E+00  8.0961E-01  0.0000E+00  4.3200E+02  2.1808E+02  0.0000E+00  0.0000E+00
  4.0000E+00  2.0000E+00  0.0000E+00  5.4600E+01  0.0000E+00  3.8925E+01  0.0000E+00  3.3235E-01  0.0000E+00  5.4600E+01  3.8925E+01  0.0000E+00  0.0000E+00
  4.0000E+00  4.0000E+00  0.0000E+00  7.2500E+00  0.0000E+00  5.1345E+00  0.0000E+00  3.4005E-01  0.0000E+00  7.2500E+00  5.1345E+00  0.0000E+00  0.0000E+00
  4.0000E+00  6.0000E+00  0.0000E+00  3.6500E+00  0.0000E+00  3.1372E+00  0.0000E+00  1.3490E-01  0.0000E+00  3.6500E+00  3.1372E+00  0.0000E+00  0.0000E+00
  4.0000E+00  8.0000E+00  0.0000E+00  3.3200E+00  0.0000E+00  2.2431E+00  0.0000E+00  3.9625E-01  0.0000E+00  3.3200E+00  2.2431E+00  0.0000E+00  0.0000E+00
  4.0000E+00  1.2000E+01  0.0000E+00  1.6100E+00  0.0000E+00  1.1603E+00  0.0000E+00  3.1989E-01  0.0000E+00  1.6100E+00  1.1603E+00  0.0000E+00  0.0000E+00
  4.0000E+00  2.4000E+01  0.0000E+00  1.0000E-01  0.0000E+00  1.6070E-01  0.0000E+00 -3.1173E-01  1.0000E+00  1.0000E-01  9.9999E-01  0.0000E+00  0.0000E+00
  5.0000E+00  0.0000E+00  2.5000E+03  0.0000E+00  1.0000E+00  1.3613E+03  0.0000E+00 -8.2533E-01  0.0000E+00  0.0000E+00  2.0476E-01  0.0000E+00  0.0000E+00
  5.0000E+00  0.0000E+00  0.0000E+00  0.0000E+00  0.0000E+00  1.3613E+03  0.0000E+00 -8.2533E-01  0.0000E+00  0.0000E+00  2.0476E-01  0.0000E+00  0.0000E+00
  5.0000E+00  1.7000E-02  0.0000E+00  2.6900E+03  0.0000E+00  1.3192E+03  0.0000E+00  8.5764E-01  0.0000E+00  2.6900E+03  1.3192E+03  0.0000E+00  0.0000E+00
  5.0000E+00  8.3500E-02  0.0000E+00  2.0500E+03  0.0000E+00  1.1667E+03  0.0000E+00  6.2484E-01  0.0000E+00  2.0500E+03  1.1667E+03  0.0000E+00  0.0000E+00
  5.0000E+00  2.5000E-01  0.0000E+00  1.1600E+03  0.0000E+00  8.5821E+02  0.0000E+00  2.9023E-01  0.0000E+00  1.1600E+03  8.5821E+02  0.0000E+00  0.0000E+00
  5.0000E+00  5.0000E-01  0.0000E+00  8.2000E+02  0.0000E+00  5.4197E+02  0.0000E+00  4.2340E-01  0.0000E+00  8.2000E+02  5.4197E+02  0.0000E+00  0.0000E+00
  5.0000E+00  1.0000E+00  0.0000E+00  4.5600E+02  0.0000E+00  2.1808E+02  0.0000E+00  9.0044E-01  0.0000E+00  4.5600E+02  2.1808E+02  0.0000E+00  0.0000E+00
  5.0000E+00  2.0000E+00  0.0000E+00  5.7800E+01  0.0000E+00  3.8925E+01  0.0000E+00  4.0020E-01  0.0000E+00  5.7800E+01  3.8925E+01  0.0000E+00  0.0000E+00
  5.0000E+00  4.0000E+00  0.0000E+00  6.8700E+00  0.0000E+00  5.1345E+00  0.0000E+00  2.7896E-01  0.0000E+00  6.8700E+00  5.1345E+00  0.0000E+00  0.0000E+00
  5.0000E+00  6.0000E+00  0.0000E+00  6.0500E+00  0.0000E+00  3.1372E+00  0.0000E+00  7.6628E-01  0.0000E+00  6.0500E+00  3.1372E+00  0.0000E+00  0.0000E+00
  5.0000E+00  8.0000E+00  0.0000E+00  6.1100E+00  0.0000E+00  2.2431E+00  0.0000E+00  1.4228E+00  0.0000E+00  6.1100E+00  2.2431E+00  0.0000E+00  0.0000E+00
  5.0000E+00  1.2000E+01  0.0000E+00  1.7100E+00  0.0000E+00  1.1603E+00  0.0000E+00  3.9102E-01  0.0000E+00  1.7100E+00  1.1603E+00  0.0000E+00  0.0000E+00
  5.0000E+00  2.4000E+01  0.0000E+00  1.0000E-01  0.0000E+00  1.6070E-01  0.0000E+00 -3.1173E-01  1.0000E+00  1.0000E-01  9.9999E-01  0.0000E+00  0.0000E+00
  6.0000E+00  0.0000E+00  1.0000E+04  0.0000E+00  1.0000E+00  0.0000E+00  0.0000E+00  0.0000E+00  0.0000E+00  0.0000E+00  1.0000E+00  0.0000E+00  0.0000E+00
  6.0000E+00  0.0000E+00  0.0000E+00  0.0000E+00  0.0000E+00  0.0000E+00  0.0000E+00  0.0000E+00  0.0000E+00  0.0000E+00  1.0000E+00  0.0000E+00  0.0000E+00
  6.0000E+00  2.5000E-01  0.0000E+00  0.0000E+00  0.0000E+00  4.7534E+00  0.0000E+00 -8.2533E-01  0.0000E+00  0.0000E+00  2.5730E-01  0.0000E+00  0.0000E+00
  6.0000E+00  5.0000E-01  0.0000E+00  1.3900E+00  0.0000E+00  7.6074E+00  0.0000E+00 -6.7453E-01  0.0000E+00  1.3900E+00  7.6074E+00  0.0000E+00  0.0000E+00
  6.0000E+00  1.0000E+00  0.0000E+00  9.5800E+00  0.0000E+00  1.0191E+01  0.0000E+00 -4.9513E-02  0.0000E+00  9.5800E+00  1.0191E+01  0.0000E+00  0.0000E+00
  6.0000E+00  2.0000E+00  0.0000E+00  9.5100E+00  0.0000E+00  1.0683E+01  0.0000E+00 -9.0639E-02  0.0000E+00  9.5100E+00  1.0683E+01  0.0000E+00  0.0000E+00
  6.0000E+00  4.0000E+00  0.0000E+00  4.9900E+00  0.0000E+00  8.7552E+00  0.0000E+00 -3.5494E-01  0.0000E+00  4.9900E+00  8.7552E+00  0.0000E+00  0.0000E+00
  6.0000E+00  6.0000E+00  0.0000E+00  3.2100E+00  0.0000E+00  6.9568E+00  0.0000E+00 -4.4451E-01  0.0000E+00  3.2100E+00  6.9568E+00  0.0000E+00  0.0000E+00
  6.0000E+00  8.0000E+00  0.0000E+00  9.1800E+00  0.0000E+00  5.5144E+00  0.0000E+00  5.4862E-01  0.0000E+00  9.1800E+00  5.5144E+00  0.0000E+00  0.0000E+00
  6.0000E+00  1.2000E+01  0.0000E+00  3.8300E+00  0.0000E+00  3.4506E+00  0.0000E+00  9.0740E-02  0.0000E+00  3.8300E+00  3.4506E+00  0.0000E+00  0.0000E+00
  6.0000E+00  2.4000E+01  0.0000E+00  1.0000E-01  0.0000E+00  8.2559E-01  0.0000E+00 -7.2536E-01  1.0000E+00  1.0000E-01  5.6921E-01  0.0000E+00  0.0000E+00
  7.0000E+00  0.0000E+00  1.0000E+04  0.0000E+00  1.0000E+00  0.0000E+00  0.0000E+00  0.0000E+00  0.0000E+00  0.0000E+00  1.0000E+00  0.0000E+00  0.0000E+00
  7.0000E+00  0.0000E+00  0.0000E+00  0.0000E+00  0.0000E+00  0.0000E+00  0.0000E+00  0.0000E+00  0.0000E+00  0.0000E+00  1.0000E+00  0.0000E+00  0.0000E+00
  7.0000E+00  2.5000E-01  0.0000E+00  2.7200E+00  0.0000E+00  4.7534E+00  0.0000E+00 -3.5305E-01  0.0000E+00  2.7200E+00  4.7534E+00  0.0000E+00  0.0000E+00
  7.0000E+00  5.0000E-01  0.0000E+00  3.0600E+00  0.0000E+00  7.6074E+00  0.0000E+00 -4.9335E-01  0.0000E+00  3.0600E+00  7.6074E+00  0.0000E+00  0.0000E+00
  7.0000E+00  1.0000E+00  0.0000E+00  5.3900E+00  0.0000E+00  1.0191E+01  0.0000E+00 -3.8883E-01  0.0000E+00  5.3900E+00  1.0191E+01  0.0000E+00  0.0000E+00
  7.0000E+00  2.0000E+00  0.0000E+00  2.4700E+01  0.0000E+00  1.0683E+01  0.0000E+00  1.0829E+00  0.0000E+00  2.4700E+01  1.0683E+01  0.0000E+00  0.0000E+00
  7.0000E+00  4.0000E+00  0.0000E+00  3.7600E+00  0.0000E+00  8.7552E+00  0.0000E+00 -4.7089E-01  0.0000E+00  3.7600E+00  8.7552E+00  0.0000E+00  0.0000E+00
  7.0000E+00  6.0000E+00  0.0000E+00  3.1900E+00  0.0000E+00  6.9568E+00  0.0000E+00 -4.4688E-01  0.0000E+00  3.1900E+00  6.9568E+00  0.0000E+00  0.0000E+00
  7.0000E+00  8.0000E+00  0.0000E+00  6.4300E+00  0.0000E+00  5.5144E+00  0.0000E+00  1.3704E-01  0.0000E+00  6.4300E+00  5.5144E+00  0.0000E+00  0.0000E+00
  7.0000E+00  1.2000E+01  0.0000E+00  4.9200E+00  0.0000E+00  3.4506E+00  0.0000E+00  3.5145E-01  0.0000E+00  4.9200E+00  3.4506E+00  0.0000E+00  0.0000E+00
  7.0000E+00  2.4000E+01  0.0000E+00  1.0000E-01  0.0000E+00  8.2559E-01  0.0000E+00 -7.2536E-01  1.0000E+00  1.0000E-01  5.6921E-01  0.0000E+00  0.0000E+00
  8.0000E+00  0.0000E+00  1.0000E+04  0.0000E+00  1.0000E+00  0.0000E+00  0.0000E+00  0.0000E+00  0.0000E+00  0.0000E+00  1.0000E+00  0.0000E+00  0.0000E+00
  8.0000E+00  0.0000E+00  0.0000E+00  0.0000E+00  0.0000E+00  0.0000E+00  0.0000E+00  0.0000E+00  0.0000E+00  0.0000E+00  1.0000E+00  0.0000E+00  0.0000E+00
  8.0000E+00  2.5000E-01  0.0000E+00  4.4400E+00  0.0000E+00  4.7534E+00  0.0000E+00 -5.4408E-02  0.0000E+00  4.4400E+00  4.7534E+00  0.0000E+00  0.0000E+00
  8.0000E+00  5.0000E-01  0.0000E+00  9.7200E+00  0.0000E+00  7.6074E+00  0.0000E+00  2.2919E-01  0.0000E+00  9.7200E+00  7.6074E+00  0.0000E+00  0.0000E+00
  8.0000E+00  1.0000E+00  0.0000E+00  1.7700E+01  0.0000E+00  1.0191E+01  0.0000E+00  6.0807E-01  0.0000E+00  1.7700E+01  1.0191E+01  0.0000E+00  0.0000E+00
  8.0000E+00  2.0000E+00  0.0000E+00  7.3400E+00  0.0000E+00  1.0683E+01  0.0000E+00 -2.5828E-01  0.0000E+00  7.3400E+00  1.0683E+01  0.0000E+00  0.0000E+00
  8.0000E+00  4.0000E+00  0.0000E+00  4.9900E+00  0.0000E+00  8.7552E+00  0.0000E+00 -3.5494E-01  0.0000E+00  4.9900E+00  8.7552E+00  0.0000E+00  0.0000E+00
  8.0000E+00  6.0000E+00  0.0000E+00  6.1800E+00  0.0000E+00  6.9568E+00  0.0000E+00 -9.2161E-02  0.0000E+00  6.1800E+00  6.9568E+00  0.0000E+00  0.0000E+00
  8.0000E+00  8.0000E+00  0.0000E+00  4.5600E+00  0.0000E+00  5.5144E+00  0.0000E+00 -1.4284E-01  0.0000E+00  4.5600E+00  5.5144E+00  0.0000E+00  0.0000E+00
  8.0000E+00  1.2000E+01  0.0000E+00  5.4200E+00  0.0000E+00  3.4506E+00  0.0000E+00  4.7104E-01  0.0000E+00  5.4200E+00  3.4506E+00  0.0000E+00  0.0000E+00
  8.0000E+00  2.4000E+01  0.0000E+00  1.0000E-01  0.0000E+00  8.2559E-01  0.0000E+00 -7.2536E-01  1.0000E+00  1.0000E-01  5.6921E-01  0.0000E+00  0.0000E+00
  9.0000E+00  0.0000E+00  3.0000E+04  0.0000E+00  1.0000E+00  0.0000E+00  0.0000E+00  0.0000E+00  0.0000E+00  0.0000E+00  1.0000E+00  0.0000E+00  0.0000E+00
  9.0000E+00  0.0000E+00  0.0000E+00  0.0000E+00  0.0000E+00  0.0000E+00  0.0000E+00  0.0000E+00  0.0000E+00  0.0000E+00  1.0000E+00  0.0000E+00  0.0000E+00
  9.0000E+00  2.5000E-01  0.0000E+00  6.1100E+01  0.0000E+00  1.4260E+01  0.0000E+00  2.7110E+00  0.0000E+00  6.1100E+01  1.4260E+01  0.0000E+00  0.0000E+00
  9.0000E+00  5.0000E-01  0.0000E+00  1.5100E+02  0.0000E+00  2.2822E+01  0.0000E+00  4.6353E+00  0.0000E+00  1.5100E+02  2.2822E+01  0.0000E+00  0.0000E+00
  9.0000E+00  1.0000E+00  0.0000E+00  6.1800E+01  0.0000E+00  3.0574E+01  0.0000E+00  8.4292E-01  0.0000E+00  6.1800E+01  3.0574E+01  0.0000E+00  0.0000E+00
  9.0000E+00  2.0000E+00  0.0000E+00  2.9100E+01  0.0000E+00  3.2050E+01  0.0000E+00 -7.5961E-02  0.0000E+00  2.9100E+01  3.2050E+01  0.0000E+00  0.0000E+00
  9.0000E+00  4.0000E+00  0.0000E+00  1.2200E+01  0.0000E+00  2.6266E+01  0.0000E+00 -4.4198E-01  0.0000E+00  1.2200E+01  2.6266E+01  0.0000E+00  0.0000E+00
  9.0000E+00  6.0000E+00  0.0000E+00  3.5300E+01  0.0000E+00  2.0871E+01  0.0000E+00  5.7062E-01  0.0000E+00  3.5300E+01  2.0871E+01  0.0000E+00  0.0000E+00
  9.0000E+00  8.0000E+00  0.0000E+00  3.1900E+01  0.0000E+00  1.6543E+01  0.0000E+00  7.6614E-01  0.0000E+00  3.1900E+01  1.6543E+01  0.0000E+00  0.0000E+00
  9.0000E+00  1.2000E+01  0.0000E+00  2.0000E+01  0.0000E+00  1.0352E+01  0.0000E+00  7.6922E-01  0.0000E+00  2.0000E+01  1.0352E+01  0.0000E+00  0.0000E+00
  9.0000E+00  2.4000E+01  0.0000E+00  1.0000E-01  0.0000E+00  2.4768E+00  0.0000E+00 -7.9201E-01  1.0000E+00  1.0000E-01  3.1132E-01  0.0000E+00  0.0000E+00
  1.0000E+01  0.0000E+00  3.0000E+04  0.0000E+00  1.0000E+00  0.0000E+00  0.0000E+00  0.0000E+00  0.0000E+00  0.0000E+00  1.0000E+00  0.0000E+00  0.0000E+00
  1.0000E+01  0.0000E+00  0.0000E+00  0.0000E+00  0.0000E+00  0.0000E+00  0.0000E+00  0.0000E+00  0.0000E+00  0.0000E+00  1.0000E+00  0.0000E+00  0.0000E+00
  1.0000E+01  2.5000E-01  0.0000E+00  7.4900E+00  0.0000E+00  1.4260E+01  0.0000E+00 -3.9183E-01  0.0000E+00  7.4900E+00  1.4260E+01  0.0000E+00  0.0000E+00
  1.0000E+01  5.0000E-01  0.0000E+00  1.1400E+01  0.0000E+00  2.2822E+01  0.0000E+00 -4.1307E-01  0.0000E+00  1.1400E+01  2.2822E+01  0.0000E+00  0.0000E+00
  1.0000E+01  1.0000E+00  0.0000E+00  4.4700E+01  0.0000E+00  3.0574E+01  0.0000E+00  3.8132E-01  0.0000E+00  4.4700E+01  3.0574E+01  0.0000E+00  0.0000E+00
  1.0000E+01  2.0000E+00  0.0000E+00  4.1200E+01  0.0000E+00  3.2050E+01  0.0000E+00  2.3563E-01  0.0000E+00  4.1200E+01  3.2050E+01  0.0000E+00  0.0000E+00
  1.0000E+01  4.0000E+00  0.0000E+00  4.5400E+01  0.0000E+00  2.6266E+01  0.0000E+00  6.0124E-01  0.0000E+00  4.5400E+01  2.6266E+01  0.0000E+00  0.0000E+00
  1.0000E+01  6.0000E+00  0.0000E+00  7.5200E+01  0.0000E+00  2.0871E+01  0.0000E+00  2.1485E+00  0.0000E+00  7.5200E+01  2.0871E+01  0.0000E+00  0.0000E+00
  1.0000E+01  8.0000E+00  0.0000E+00  7.7200E+01  0.0000E+00  1.6543E+01  0.0000E+00  3.0261E+00  0.0000E+00  7.7200E+01  1.6543E+01  0.0000E+00  0.0000E+00
  1.0000E+01  1.2000E+01  0.0000E+00  4.3900E+01  0.0000E+00  1.0352E+01  0.0000E+00  2.6747E+00  0.0000E+00  4.3900E+01  1.0352E+01  0.0000E+00  0.0000E+00
  1.0000E+01  2.4000E+01  0.0000E+00  1.0000E-01  0.0000E+00  2.4768E+00  0.0000E+00 -7.9201E-01  1.0000E+00  1.0000E-01  3.1132E-01  0.0000E+00  0.0000E+00
  1.1000E+01  0.0000E+00  3.0000E+04  0.0000E+00  1.0000E+00  0.0000E+00  0.0000E+00  0.0000E+00  0.0000E+00  0.0000E+00  1.0000E+00  0.0000E+00  0.0000E+00
  1.1000E+01  0.0000E+00  0.0000E+00  0.0000E+00  0.0000E+00  0.0000E+00  0.0000E+00  0.0000E+00  0.0000E+00  0.0000E+00  1.0000E+00  0.0000E+00  0.0000E+00
  1.1000E+01  2.5000E-01  0.0000E+00  4.7300E+00  0.0000E+00  1.4260E+01  0.0000E+00 -5.5157E-01  0.0000E+00  4.7300E+00  1.4260E+01  0.0000E+00  0.0000E+00
  1.1000E+01  5.0000E-01  0.0000E+00  8.1400E+00  0.0000E+00  2.2822E+01  0.0000E+00 -5.3096E-01  0.0000E+00  8.1400E+00  2.2822E+01  0.0000E+00  0.0000E+00
  1.1000E+01  1.0000E+00  0.0000E+00  1.2200E+01  0.0000E+00  3.0574E+01  0.0000E+00 -4.9600E-01  0.0000E+00  1.2200E+01  3.0574E+01  0.0000E+00  0.0000E+00
  1.1000E+01  2.0000E+00  0.0000E+00  1.1000E+02  0.0000E+00  3.2050E+01  0.0000E+00  2.0073E+00  0.0000E+00  1.1000E+02  3.2050E+01  0.0000E+00  0.0000E+00
  1.1000E+01  4.0000E+00  0.0000E+00  1.7000E+01  0.0000E+00  2.6266E+01  0.0000E+00 -2.9115E-01  0.0000E+00  1.7000E+01  2.6266E+01  0.0000E+00  0.0000E+00
  1.1000E+01  6.0000E+00  0.0000E+00  1.3500E+01  0.0000E+00  2.0871E+01  0.0000E+00 -2.9147E-01  0.0000E+00  1.3500E+01  2.0871E+01  0.0000E+00  0.0000E+00
  1.1000E+01  8.0000E+00  0.0000E+00  4.1300E+01  0.0000E+00  1.6543E+01  0.0000E+00  1.2351E+00  0.0000E+00  4.1300E+01  1.6543E+01  0.0000E+00  0.0000E+00
  1.1000E+01  1.2000E+01  0.0000E+00  4.7700E+01  0.0000E+00  1.0352E+01  0.0000E+00  2.9777E+00  0.0000E+00  4.7700E+01  1.0352E+01  0.0000E+00  0.0000E+00
  1.1000E+01  2.4000E+01  0.0000E+00  1.0000E-01  0.0000E+00  2.4768E+00  0.0000E+00 -7.9201E-01  1.0000E+00  1.0000E-01  3.1132E-01  0.0000E+00  0.0000E+00
  1.2000E+01  0.0000E+00  3.0000E+04  0.0000E+00  1.0000E+00  0.0000E+00  0.0000E+00  0.0000E+00  0.0000E+00  0.0000E+00  1.0000E+00  0.0000E+00  0.0000E+00
  1.2000E+01  0.0000E+00  0.0000E+00  0.0000E+00  0.0000E+00  0.0000E+00  0.0000E+00  0.0000E+00  0.0000E+00  0.0000E+00  1.0000E+00  0.0000E+00  0.0000E+00
  1.2000E+01  2.5000E-01  0.0000E+00  0.0000E+00  0.0000E+00  1.4260E+01  0.0000E+00 -8.2533E-01  0.0000E+00  0.0000E+00  2.2141E-01  0.0000E+00  0.0000E+00
  1.2000E+01  5.0000E-01  0.0000E+00  0.0000E+00  0.0000E+00  2.2822E+01  0.0000E+00 -8.2533E-01  0.0000E+00  0.0000E+00  2.1501E-01  0.0000E+00  0.0000E+00
  1.2000E+01  1.0000E+00  0.0000E+00  1.6800E+00  0.0000E+00  3.0574E+01  0.0000E+00 -7.7998E-01  0.0000E+00  1.6800E+00  3.0574E+01  0.0000E+00  0.0000E+00
  1.2000E+01  2.0000E+00  0.0000E+00  4.5500E+00  0.0000E+00  3.2050E+01  0.0000E+00 -7.0816E-01  0.0000E+00  4.5500E+00  3.2050E+01  0.0000E+00  0.0000E+00
  1.2000E+01  4.0000E+00  0.0000E+00  8.0700E+00  0.0000E+00  2.6266E+01  0.0000E+00 -5.7175E-01  0.0000E+00  8.0700E+00  2.6266E+01  0.0000E+00  0.0000E+00
  1.2000E+01  6.0000E+00  0.0000E+00  1.6500E+01  0.0000E+00  2.0871E+01  0.0000E+00 -1.7283E-01  0.0000E+00  1.6500E+01  2.0871E+01  0.0000E+00  0.0000E+00
  1.2000E+01  8.0000E+00  0.0000E+00  8.9500E+00  0.0000E+00  1.6543E+01  0.0000E+00 -3.7882E-01  0.0000E+00  8.9500E+00  1.6543E+01  0.0000E+00  0.0000E+00
  1.2000E+01  1.2000E+01  0.0000E+00  9.3700E+00  0.0000E+00  1.0352E+01  0.0000E+00 -7.8283E-02  0.0000E+00  9.3700E+00  1.0352E+01  0.0000E+00  0.0000E+00
  1.2000E+01  2.4000E+01  0.0000E+00  1.8200E+00  0.0000E+00  2.4768E+00  0.0000E+00 -2.1885E-01  0.0000E+00  1.8200E+00  2.4768E+00  0.0000E+00  0.0000E+00
  1.3000E+01  0.0000E+00  3.0000E+04  0.0000E+00  1.0000E+00  0.0000E+00  0.0000E+00  0.0000E+00  0.0000E+00  0.0000E+00  1.0000E+00  0.0000E+00  0.0000E+00
  1.3000E+01  0.0000E+00  0.0000E+00  0.0000E+00  0.0000E+00  0.0000E+00  0.0000E+00  0.0000E+00  0.0000E+00  0.0000E+00  1.0000E+00  0.0000E+00  0.0000E+00
  1.3000E+01  2.5000E-01  0.0000E+00  2.8600E+00  0.0000E+00  1.4260E+01  0.0000E+00 -6.5980E-01  0.0000E+00  2.8600E+00  1.4260E+01  0.0000E+00  0.0000E+00
  1.3000E+01  5.0000E-01  0.0000E+00  5.9700E+00  0.0000E+00  2.2822E+01  0.0000E+00 -6.0944E-01  0.0000E+00  5.9700E+00  2.2822E+01  0.0000E+00  0.0000E+00
  1.3000E+01  1.0000E+00  0.0000E+00  9.6700E+00  0.0000E+00  3.0574E+01  0.0000E+00 -5.6430E-01  0.0000E+00  9.6700E+00  3.0574E+01  0.0000E+00  0.0000E+00
  1.3000E+01  2.0000E+00  0.0000E+00  8.9800E+00  0.0000E+00  3.2050E+01  0.0000E+00 -5.9408E-01  0.0000E+00  8.9800E+00  3.2050E+01  0.0000E+00  0.0000E+00
  1.3000E+01  4.0000E+00  0.0000E+00  1.7100E+01  0.0000E+00  2.6266E+01  0.0000E+00 -2.8801E-01  0.0000E+00  1.7100E+01  2.6266E+01  0.0000E+00  0.0000E+00
  1.3000E+01  6.0000E+00  0.0000E+00  2.7500E+01  0.0000E+00  2.0871E+01  0.0000E+00  2.6217E-01  0.0000E+00  2.7500E+01  2.0871E+01  0.0000E+00  0.0000E+00
  1.3000E+01  8.0000E+00  0.0000E+00  1.5000E+01  0.0000E+00  1.6543E+01  0.0000E+00 -7.6990E-02  0.0000E+00  1.5000E+01  1.6543E+01  0.0000E+00  0.0000E+00
  1.3000E+01  1.2000E+01  0.0000E+00  7.1400E+00  0.0000E+00  1.0352E+01  0.0000E+00 -2.5608E-01  0.0000E+00  7.1400E+00  1.0352E+01  0.0000E+00  0.0000E+00
  1.3000E+01  2.4000E+01  0.0000E+00  1.4000E+00  0.0000E+00  2.4768E+00  0.0000E+00 -3.5881E-01  0.0000E+00  1.4000E+00  2.4768E+00  0.0000E+00  0.0000E+00
  1.4000E+01  0.0000E+00  3.0000E+04  0.0000E+00  1.0000E+00  0.0000E+00  0.0000E+00  0.0000E+00  0.0000E+00  0.0000E+00  1.0000E+00  0.0000E+00  0.0000E+00
  1.4000E+01  0.0000E+00  0.0000E+00  0.0000E+00  0.0000E+00  0.0000E+00  0.0000E+00  0.0000E+00  0.0000E+00  0.0000E+00  1.0000E+00  0.0000E+00  0.0000E+00
  1.4000E+01  2.5000E-01  0.0000E+00  0.0000E+00  0.0000E+00  1.4260E+01  0.0000E+00 -8.2533E-01  0.0000E+00  0.0000E+00  2.2141E-01  0.0000E+00  0.0000E+00
  1.4000E+01  5.0000E-01  0.0000E+00  0.0000E+00  0.0000E+00  2.2822E+01  0.0000E+00 -8.2533E-01  0.0000E+00  0.0000E+00  2.1501E-01  0.0000E+00  0.0000E+00
  1.4000E+01  1.0000E+00  0.0000E+00  5.9400E+00  0.0000E+00  3.0574E+01  0.0000E+00 -6.6499E-01  0.0000E+00  5.9400E+00  3.0574E+01  0.0000E+00  0.0000E+00
  1.4000E+01  2.0000E+00  0.0000E+00  9.3600E+00  0.0000E+00  3.2050E+01  0.0000E+00 -5.8430E-01  0.0000E+00  9.3600E+00  3.2050E+01  0.0000E+00  0.0000E+00
  1.4000E+01  4.0000E+00  0.0000E+00  8.7400E+00  0.0000E+00  2.6266E+01  0.0000E+00 -5.5070E-01  0.0000E+00  8.7400E+00  2.6266E+01  0.0000E+00  0.0000E+00
  1.4000E+01  6.0000E+00  0.0000E+00  1.6700E+01  0.0000E+00  2.0871E+01  0.0000E+00 -1.6492E-01  0.0000E+00  1.6700E+01  2.0871E+01  0.0000E+00  0.0000E+00
  1.4000E+01  8.0000E+00  0.0000E+00  8.7500E+00  0.0000E+00  1.6543E+01  0.0000E+00 -3.8880E-01  0.0000E+00  8.7500E+00  1.6543E+01  0.0000E+00  0.0000E+00
  1.4000E+01  1.2000E+01  0.0000E+00  3.6200E+00  0.0000E+00  1.0352E+01  0.0000E+00 -5.3672E-01  0.0000E+00  3.6200E+00  1.0352E+01  0.0000E+00  0.0000E+00
  1.4000E+01  2.4000E+01  0.0000E+00  1.4600E+00  0.0000E+00  2.4768E+00  0.0000E+00 -3.3882E-01  0.0000E+00  1.4600E+00  2.4768E+00  0.0000E+00  0.0000E+00
  1.5000E+01  0.0000E+00  1.0000E+05  0.0000E+00  1.0000E+00  0.0000E+00  0.0000E+00  0.0000E+00  0.0000E+00  0.0000E+00  1.0000E+00  0.0000E+00  0.0000E+00
  1.5000E+01  0.0000E+00  0.0000E+00  0.0000E+00  0.0000E+00  0.0000E+00  0.0000E+00  0.0000E+00  0.0000E+00  0.0000E+00  1.0000E+00  0.0000E+00  0.0000E+00
  1.5000E+01  2.5000E-01  0.0000E+00  1.1600E+01  0.0000E+00  4.7534E+01  0.0000E+00 -6.2392E-01  0.0000E+00  1.1600E+01  4.7534E+01  0.0000E+00  0.0000E+00
  1.5000E+01  5.0000E-01  0.0000E+00  4.0600E+01  0.0000E+00  7.6074E+01  0.0000E+00 -3.8486E-01  0.0000E+00  4.0600E+01  7.6074E+01  0.0000E+00  0.0000E+00
  1.5000E+01  1.0000E+00  0.0000E+00  7.2100E+01  0.0000E+00  1.0191E+02  0.0000E+00 -2.4144E-01  0.0000E+00  7.2100E+01  1.0191E+02  0.0000E+00  0.0000E+00
  1.5000E+01  2.0000E+00  0.0000E+00  3.9700E+01  0.0000E+00  1.0683E+02  0.0000E+00 -5.1863E-01  0.0000E+00  3.9700E+01  1.0683E+02  0.0000E+00  0.0000E+00
  1.5000E+01  4.0000E+00  0.0000E+00  4.5700E+01  0.0000E+00  8.7552E+01  0.0000E+00 -3.9453E-01  0.0000E+00  4.5700E+01  8.7552E+01  0.0000E+00  0.0000E+00
  1.5000E+01  6.0000E+00  0.0000E+00  6.1800E+01  0.0000E+00  6.9568E+01  0.0000E+00 -9.2161E-02  0.0000E+00  6.1800E+01  6.9568E+01  0.0000E+00  0.0000E+00
  1.5000E+01  8.0000E+00  0.0000E+00  5.6100E+01  0.0000E+00  5.5144E+01  0.0000E+00  1.4308E-02  0.0000E+00  5.6100E+01  5.5144E+01  0.0000E+00  0.0000E+00
  1.5000E+01  1.2000E+01  0.0000E+00  2.7000E+01  0.0000E+00  3.4506E+01  0.0000E+00 -1.7954E-01  0.0000E+00  2.7000E+01  3.4506E+01  0.0000E+00  0.0000E+00
  1.5000E+01  2.4000E+01  0.0000E+00  1.0000E-01  0.0000E+00  8.2559E+00  0.0000E+00 -8.1533E-01  1.0000E+00  1.0000E-01  2.3411E-01  0.0000E+00  0.0000E+00
  1.6000E+01  0.0000E+00  1.0000E+05  0.0000E+00  1.0000E+00  0.0000E+00  0.0000E+00  0.0000E+00  0.0000E+00  0.0000E+00  1.0000E+00  0.0000E+00  0.0000E+00
  1.6000E+01  0.0000E+00  0.0000E+00  0.0000E+00  0.0000E+00  0.0000E+00  0.0000E+00  0.0000E+00  0.0000E+00  0.0000E+00  1.0000E+00  0.0000E+00  0.0000E+00
  1.6000E+01  2.5000E-01  0.0000E+00  6.4700E+00  0.0000E+00  4.7534E+01  0.0000E+00 -7.1299E-01  0.0000E+00  6.4700E+00  4.7534E+01  0.0000E+00  0.0000E+00
  1.6000E+01  5.0000E-01  0.0000E+00  1.1400E+01  0.0000E+00  7.6074E+01  0.0000E+00 -7.0165E-01  0.0000E+00  1.1400E+01  7.6074E+01  0.0000E+00  0.0000E+00
  1.6000E+01  1.0000E+00  0.0000E+00  1.5500E+02  0.0000E+00  1.0191E+02  0.0000E+00  4.2991E-01  0.0000E+00  1.5500E+02  1.0191E+02  0.0000E+00  0.0000E+00
  1.6000E+01  2.0000E+00  0.0000E+00  1.9400E+02  0.0000E+00  1.0683E+02  0.0000E+00  6.7341E-01  0.0000E+00  1.9400E+02  1.0683E+02  0.0000E+00  0.0000E+00
  1.6000E+01  4.0000E+00  0.0000E+00  8.8000E+01  0.0000E+00  8.7552E+01  0.0000E+00  4.2193E-03  0.0000E+00  8.8000E+01  8.7552E+01  0.0000E+00  0.0000E+00
  1.6000E+01  6.0000E+00  0.0000E+00  3.2400E+02  0.0000E+00  6.9568E+01  0.0000E+00  3.0185E+00  0.0000E+00  3.2400E+02  6.9568E+01  0.0000E+00  0.0000E+00
  1.6000E+01  8.0000E+00  0.0000E+00  2.5300E+02  0.0000E+00  5.5144E+01  0.0000E+00  2.9613E+00  0.0000E+00  2.5300E+02  5.5144E+01  0.0000E+00  0.0000E+00
  1.6000E+01  1.2000E+01  0.0000E+00  7.2500E+01  0.0000E+00  3.4506E+01  0.0000E+00  9.0875E-01  0.0000E+00  7.2500E+01  3.4506E+01  0.0000E+00  0.0000E+00
  1.6000E+01  2.4000E+01  0.0000E+00  1.0000E-01  0.0000E+00  8.2559E+00  0.0000E+00 -8.1533E-01  1.0000E+00  1.0000E-01  2.3411E-01  0.0000E+00  0.0000E+00
  1.7000E+01  0.0000E+00  1.0000E+05  0.0000E+00  1.0000E+00  0.0000E+00  0.0000E+00  0.0000E+00  0.0000E+00  0.0000E+00  1.0000E+00  0.0000E+00  0.0000E+00
  1.7000E+01  0.0000E+00  0.0000E+00  0.0000E+00  0.0000E+00  0.0000E+00  0.0000E+00  0.0000E+00  0.0000E+00  0.0000E+00  1.0000E+00  0.0000E+00  0.0000E+00
  1.7000E+01  2.5000E-01  0.0000E+00  1.0800E+01  0.0000E+00  4.7534E+01  0.0000E+00 -6.3781E-01  0.0000E+00  1.0800E+01  4.7534E+01  0.0000E+00  0.0000E+00
  1.7000E+01  5.0000E-01  0.0000E+00  1.7400E+01  0.0000E+00  7.6074E+01  0.0000E+00 -6.3656E-01  0.0000E+00  1.7400E+01  7.6074E+01  0.0000E+00  0.0000E+00
  1.7000E+01  1.0000E+00  0.0000E+00  4.2300E+01  0.0000E+00  1.0191E+02  0.0000E+00 -4.8277E-01  0.0000E+00  4.2300E+01  1.0191E+02  0.0000E+00  0.0000E+00
  1.7000E+01  2.0000E+00  0.0000E+00  4.8500E+01  0.0000E+00  1.0683E+02  0.0000E+00 -4.5065E-01  0.0000E+00  4.8500E+01  1.0683E+02  0.0000E+00  0.0000E+00
  1.7000E+01  4.0000E+00  0.0000E+00  5.4500E+01  0.0000E+00  8.7552E+01  0.0000E+00 -3.1158E-01  0.0000E+00  5.4500E+01  8.7552E+01  0.0000E+00  0.0000E+00
  1.7000E+01  6.0000E+00  0.0000E+00  1.3500E+02  0.0000E+00  6.9568E+01  0.0000E+00  7.7625E-01  0.0000E+00  1.3500E+02  6.9568E+01  0.0000E+00  0.0000E+00
  1.7000E+01  8.0000E+00  0.0000E+00  6.3900E+01  0.0000E+00  5.5144E+01  0.0000E+00  1.3105E-01  0.0000E+00  6.3900E+01  5.5144E+01  0.0000E+00  0.0000E+00
  1.7000E+01  1.2000E+01  0.0000E+00  3.6300E+01  0.0000E+00  3.4506E+01  0.0000E+00  4.2903E-02  0.0000E+00  3.6300E+01  3.4506E+01  0.0000E+00  0.0000E+00
  1.7000E+01  2.4000E+01  0.0000E+00  1.0000E-01  0.0000E+00  8.2559E+00  0.0000E+00 -8.1533E-01  1.0000E+00  1.0000E-01  2.3411E-01  0.0000E+00  0.0000E+00
