TABLE NO.  1
 ID          TIME        AMT         DV          MDV         IPRED       CWRES       IWRES       BQL         ROUTE       DV          PRED        RES         WRES
  1.0000E+00  0.0000E+00  2.9000E+04  0.0000E+00  1.0000E+00  0.0000E+00  0.0000E+00  0.0000E+00  0.0000E+00  1.0000E+00  0.0000E+00  1.0000E+00  0.0000E+00  0.0000E+00
  1.0000E+00  0.0000E+00  2.9000E+04  0.0000E+00  1.0000E+00  0.0000E+00  0.0000E+00  0.0000E+00  0.0000E+00  1.0000E+00  0.0000E+00  1.0000E+00  0.0000E+00  0.0000E+00
  1.0000E+00  0.0000E+00  0.0000E+00  0.0000E+00  0.0000E+00  0.0000E+00  0.0000E+00  0.0000E+00  0.0000E+00  1.0000E+00  0.0000E+00  1.0000E+00  0.0000E+00  0.0000E+00
  1.0000E+00  2.5000E-01  0.0000E+00  7.3000E-01  0.0000E+00  2.0096E+00  0.0000E+00 -9.3602E-01  0.0000E+00  1.0000E+00  7.3000E-01  1.2296E-01  0.0000E+00  0.0000E+00
  1.0000E+00  5.0000E-01  0.0000E+00  2.7500E+00  0.0000E+00  3.2097E+00  0.0000E+00 -2.1055E-01  0.0000E+00  1.0000E+00  2.7500E+00  7.5730E+00  0.0000E+00  0.0000E+00
  1.0000E+00  1.0000E+00  0.0000E+00  7.2700E+00  0.0000E+00  4.6244E+00  0.0000E+00  8.4100E-01  0.0000E+00  1.0000E+00  7.2700E+00  1.0896E+01  0.0000E+00  0.0000E+00
  1.0000E+00  2.0000E+00  0.0000E+00  6.4500E+00  0.0000E+00  5.1249E+00  0.0000E+00  3.8007E-01  0.0000E+00  1.0000E+00  6.4500E+00  1.2049E+01  0.0000E+00  0.0000E+00
  1.0000E+00  3.0000E+00  0.0000E+00  6.8500E+00  0.0000E+00  4.3248E+00  0.0000E+00  8.5829E-01  0.0000E+00  1.0000E+00  6.8500E+00  1.0146E+01  0.0000E+00  0.0000E+00
  1.0000E+00  4.0000E+00  0.0000E+00  4.2300E+00  0.0000E+00  3.2567E+00  0.0000E+00  4.3931E-01  0.0000E+00  1.0000E+00  4.2300E+00  7.6246E+00  0.0000E+00  0.0000E+00
  1.0000E+00  6.0000E+00  0.0000E+00  6.0300E+00  0.0000E+00  5.0927E+00  0.0000E+00  2.7057E-01  0.0000E+00  1.0000E+00  6.0300E+00  1.1956E+01  0.0000E+00  0.0000E+00
  1.0000E+00  8.0000E+00  0.0000E+00  8.1100E+00  0.0000E+00  5.8701E+00  0.0000E+00  5.6093E-01  0.0000E+00  1.0000E+00  8.1100E+00  1.3772E+01  0.0000E+00  0.0000E+00
  1.0000E+00  1.2000E+01  0.0000E+00  5.0000E-01  0.0000E+00  2.6508E+00  0.0000E+00 -1.1927E+00  1.0000E+00  1.0000E+00  5.0000E-01  1.0897E-01  0.0000E+00  0.0000E+00
  1.0000E+00  2.4000E+01  0.0000E+00  5.0000E-01  0.0000E+00  3.3297E-03  0.0000E+00  2.1906E+02  1.0000E+00  1.0000E+00  5.0000E-01  1.0000E+00  0.0000E+00  0.0000E+00
  3.0000E+00  0.0000E+00  5.4500E+03  0.0000E+00  1.0000E+00  5.4145E+03  0.0000E+00 -1.4700E+00  0.0000E+00  2.0000E+00  0.0000E+00  7.0813E-02  0.0000E+00  0.0000E+00
  3.0000E+00  1.7000E-02  0.0000E+00  2.5500E+03  0.0000E+00  1.7377E+03  0.0000E+00  6.8721E-01  0.0000E+00  2.0000E+00  2.5500E+03  1.7246E+03  0.0000E+00  0.0000E+00
  3.0000E+00  8.3500E-02  0.0000E+00  2.1100E+03  0.0000E+00  9.0621E+02  0.0000E+00  1.9527E+00  0.0000E+00  2.0000E+00  2.1100E+03  9.2135E+02  0.0000E+00  0.0000E+00
  3.0000E+00  2.5000E-01  0.0000E+00  1.4600E+03  0.0000E+00  8.2567E+02  0.0000E+00  1.1293E+00  0.0000E+00  2.0000E+00  1.4600E+03  8.3844E+02  0.0000E+00  0.0000E+00
  3.0000E+00  5.0000E-01  0.0000E+00  8.5300E+02  0.0000E+00  7.1911E+02  0.0000E+00  2.7369E-01  0.0000E+00  2.0000E+00  8.5300E+02  7.2830E+02  0.0000E+00  0.0000E+00
  3.0000E+00  1.0000E+00  0.0000E+00  5.5500E+02  0.0000E+00  5.4547E+02  0.0000E+00  2.5673E-02  0.0000E+00  2.0000E+00  5.5500E+02  5.4952E+02  0.0000E+00  0.0000E+00
  3.0000E+00  2.0000E+00  0.0000E+00  1.0300E+02  0.0000E+00  3.1386E+02  0.0000E+00 -9.8758E-01  0.0000E+00  2.0000E+00  1.0300E+02  3.1285E+02  0.0000E+00  0.0000E+00
  3.0000E+00  4.0000E+00  0.0000E+00  7.4100E+00  0.0000E+00  1.0391E+02  0.0000E+00 -1.3652E+00  0.0000E+00  2.0000E+00  7.4100E+00  1.0140E+02  0.0000E+00  0.0000E+00
  3.0000E+00  6.0000E+00  0.0000E+00  4.4900E+00  0.0000E+00  3.4399E+01  0.0000E+00 -1.2781E+00  0.0000E+00  2.0000E+00  4.4900E+00  3.2866E+01  0.0000E+00  0.0000E+00
  3.0000E+00  8.0000E+00  0.0000E+00  5.2500E+00  0.0000E+00  1.1388E+01  0.0000E+00 -7.9234E-01  0.0000E+00  2.0000E+00  5.2500E+00  1.0652E+01  0.0000E+00  0.0000E+00
  3.0000E+00  1.2000E+01  0.0000E+00  2.4600E+00  0.0000E+00  1.2482E+00  0.0000E+00  1.4271E+00  0.0000E+00  2.0000E+00  2.4600E+00  1.1190E+00  0.0000E+00  0.0000E+00
  3.0000E+00  2.4000E+01  0.0000E+00  5.0000E-01  0.0000E+00  1.6434E-03  0.0000E+00  4.4400E+02  1.0000E+00  2.0000E+00  5.0000E-01  1.0000E+00  0.0000E+00  0.0000E+00
  4.0000E+00  0.0000E+00  5.9500E+03  0.0000E+00  1.0000E+00  8.2994E+03  0.0000E+00 -1.4700E+00  0.0000E+00  2.0000E+00  0.0000E+00  7.0810E-02  0.0000E+00  0.0000E+00
  4.0000E+00  1.7000E-02  0.0000E+00  2.3000E+03  0.0000E+00  1.8024E+03  0.0000E+00  4.0580E-01  0.0000E+00  2.0000E+00  2.3000E+03  1.8829E+03  0.0000E+00  0.0000E+00
  4.0000E+00  8.3500E-02  0.0000E+00  2.0000E+03  0.0000E+00  1.0353E+03  0.0000E+00  1.3697E+00  0.0000E+00  2.0000E+00  2.0000E+03  1.0059E+03  0.0000E+00  0.0000E+00
  4.0000E+00  2.5000E-01  0.0000E+00  1.2600E+03  0.0000E+00  9.3960E+02  0.0000E+00  5.0126E-01  0.0000E+00  2.0000E+00  1.2600E+03  9.1536E+02  0.0000E+00  0.0000E+00
  4.0000E+00  5.0000E-01  0.0000E+00  7.3500E+02  0.0000E+00  8.1237E+02  0.0000E+00 -1.4001E-01  0.0000E+00  2.0000E+00  7.3500E+02  7.9512E+02  0.0000E+00  0.0000E+00
  4.0000E+00  1.0000E+00  0.0000E+00  4.3200E+02  0.0000E+00  6.0726E+02  0.0000E+00 -4.2425E-01  0.0000E+00  2.0000E+00  4.3200E+02  5.9994E+02  0.0000E+00  0.0000E+00
  4.0000E+00  2.0000E+00  0.0000E+00  5.4600E+01  0.0000E+00  3.3932E+02  0.0000E+00 -1.2335E+00  0.0000E+00  2.0000E+00  5.4600E+01  3.4155E+02  0.0000E+00  0.0000E+00
  4.0000E+00  4.0000E+00  0.0000E+00  7.2500E+00  0.0000E+00  1.0595E+02  0.0000E+00 -1.3694E+00  0.0000E+00  2.0000E+00  7.2500E+00  1.1070E+02  0.0000E+00  0.0000E+00
  4.0000E+00  6.0000E+00  0.0000E+00  3.6500E+00  0.0000E+00  3.3080E+01  0.0000E+00 -1.3078E+00  0.0000E+00  2.0000E+00  3.6500E+00  3.5881E+01  0.0000E+00  0.0000E+00
  4.0000E+00  8.0000E+00  0.0000E+00  3.3200E+00  0.0000E+00  1.0329E+01  0.0000E+00 -9.9749E-01  0.0000E+00  2.0000E+00  3.3200E+00  1.1630E+01  0.0000E+00  0.0000E+00
  4.0000E+00  1.2000E+01  0.0000E+00  1.6100E+00  0.0000E+00  1.0069E+00  0.0000E+00  8.8043E-01  0.0000E+00  2.0000E+00  1.6100E+00  1.2217E+00  0.0000E+00  0.0000E+00
  4.0000E+00  2.4000E+01  0.0000E+00  5.0000E-01  0.0000E+00  9.3294E-04  0.0000E+00  7.7678E+02  1.0000E+00  2.0000E+00  5.0000E-01  1.0000E+00  0.0000E+00  0.0000E+00
  5.0000E+00  0.0000E+00  6.1000E+03  0.0000E+00  1.0000E+00  8.1826E+03  0.0000E+00 -1.4700E+00  0.0000E+00  2.0000E+00  0.0000E+00  7.0810E-02  0.0000E+00  0.0000E+00
  5.0000E+00  1.7000E-02  0.0000E+00  2.6900E+03  0.0000E+00  1.8668E+03  0.0000E+00  6.4818E-01  0.0000E+00  2.0000E+00  2.6900E+03  1.9303E+03  0.0000E+00  0.0000E+00
  5.0000E+00  8.3500E-02  0.0000E+00  2.0500E+03  0.0000E+00  1.0565E+03  0.0000E+00  1.3823E+00  0.0000E+00  2.0000E+00  2.0500E+03  1.0312E+03  0.0000E+00  0.0000E+00
  5.0000E+00  2.5000E-01  0.0000E+00  1.1600E+03  0.0000E+00  9.5930E+02  0.0000E+00  3.0755E-01  0.0000E+00  2.0000E+00  1.1600E+03  9.3844E+02  0.0000E+00  0.0000E+00
  5.0000E+00  5.0000E-01  0.0000E+00  8.2000E+02  0.0000E+00  8.3003E+02  0.0000E+00 -1.7759E-02  0.0000E+00  2.0000E+00  8.2000E+02  8.1516E+02  0.0000E+00  0.0000E+00
  5.0000E+00  1.0000E+00  0.0000E+00  4.5600E+02  0.0000E+00  6.2139E+02  0.0000E+00 -3.9127E-01  0.0000E+00  2.0000E+00  4.5600E+02  6.1506E+02  0.0000E+00  0.0000E+00
  5.0000E+00  2.0000E+00  0.0000E+00  5.7800E+01  0.0000E+00  3.4827E+02  0.0000E+00 -1.2260E+00  0.0000E+00  2.0000E+00  5.7800E+01  3.5016E+02  0.0000E+00  0.0000E+00
  5.0000E+00  4.0000E+00  0.0000E+00  6.8700E+00  0.0000E+00  1.0940E+02  0.0000E+00 -1.3777E+00  0.0000E+00  2.0000E+00  6.8700E+00  1.1349E+02  0.0000E+00  0.0000E+00
  5.0000E+00  6.0000E+00  0.0000E+00  6.0500E+00  0.0000E+00  3.4365E+01  0.0000E+00 -1.2112E+00  0.0000E+00  2.0000E+00  6.0500E+00  3.6785E+01  0.0000E+00  0.0000E+00
  5.0000E+00  8.0000E+00  0.0000E+00  6.1100E+00  0.0000E+00  1.0795E+01  0.0000E+00 -6.3797E-01  0.0000E+00  2.0000E+00  6.1100E+00  1.1923E+01  0.0000E+00  0.0000E+00
  5.0000E+00  1.2000E+01  0.0000E+00  1.7100E+00  0.0000E+00  1.0652E+00  0.0000E+00  8.8989E-01  0.0000E+00  2.0000E+00  1.7100E+00  1.2525E+00  0.0000E+00  0.0000E+00
  5.0000E+00  2.4000E+01  0.0000E+00  5.0000E-01  0.0000E+00  1.0234E-03  0.0000E+00  7.0947E+02  1.0000E+00  2.0000E+00  5.0000E-01  1.0000E+00  0.0000E+00  0.0000E+00
  6.0000E+00  0.0000E+00  2.1800E+04  0.0000E+00  1.0000E+00  0.0000E+00  0.0000E+00  0.0000E+00  0.0000E+00  1.0000E+00  0.0000E+00  1.0000E+00  0.0000E+00  0.0000E+00
  6.0000E+00  0.0000E+00  2.1800E+04  0.0000E+00  1.0000E+00  0.0000E+00  0.0000E+00  0.0000E+00  0.0000E+00  1.0000E+00  0.0000E+00  1.0000E+00  0.0000E+00  0.0000E+00
  6.0000E+00  0.0000E+00  0.0000E+00  0.0000E+00  0.0000E+00  0.0000E+00  0.0000E+00  0.0000E+00  0.0000E+00  1.0000E+00  0.0000E+00  1.0000E+00  0.0000E+00  0.0000E+00
  6.0000E+00  2.5000E-01  0.0000E+00  0.0000E+00  0.0000E+00  2.3203E+00  0.0000E+00 -1.4700E+00  0.0000E+00  1.0000E+00  0.0000E+00  1.4503E-01  0.0000E+00  0.0000E+00
  6.0000E+00  5.0000E-01  0.0000E+00  1.3900E+00  0.0000E+00  3.7038E+00  0.0000E+00 -9.1833E-01  0.0000E+00  1.0000E+00  1.3900E+00  5.6928E+00  0.0000E+00  0.0000E+00
  6.0000E+00  1.0000E+00  0.0000E+00  9.5800E+00  0.0000E+00  5.3322E+00  0.0000E+00  1.1711E+00  0.0000E+00  1.0000E+00  9.5800E+00  8.1909E+00  0.0000E+00  0.0000E+00
  6.0000E+00  2.0000E+00  0.0000E+00  9.5100E+00  0.0000E+00  5.9019E+00  0.0000E+00  8.9867E-01  0.0000E+00  1.0000E+00  9.5100E+00  9.0575E+00  0.0000E+00  0.0000E+00
  6.0000E+00  4.0000E+00  0.0000E+00  4.9900E+00  0.0000E+00  3.7414E+00  0.0000E+00  4.9055E-01  0.0000E+00  1.0000E+00  4.9900E+00  5.7316E+00  0.0000E+00  0.0000E+00
  6.0000E+00  6.0000E+00  0.0000E+00  3.2100E+00  0.0000E+00  5.8598E+00  0.0000E+00 -6.6474E-01  0.0000E+00  1.0000E+00  3.2100E+00  8.9873E+00  0.0000E+00  0.0000E+00
  6.0000E+00  8.0000E+00  0.0000E+00  9.1800E+00  0.0000E+00  6.7519E+00  0.0000E+00  5.2864E-01  0.0000E+00  1.0000E+00  9.1800E+00  1.0353E+01  0.0000E+00  0.0000E+00
  6.0000E+00  1.2000E+01  0.0000E+00  3.8300E+00  0.0000E+00  3.0372E+00  0.0000E+00  3.8369E-01  0.0000E+00  1.0000E+00  3.8300E+00  4.6435E+00  0.0000E+00  0.0000E+00
  6.0000E+00  2.4000E+01  0.0000E+00  5.0000E-01  0.0000E+00  3.7127E-03  0.0000E+00  1.9635E+02  1.0000E+00  1.0000E+00  5.0000E-01  1.0000E+00  0.0000E+00  0.0000E+00
  7.0000E+00  0.0000E+00  2.3800E+04  0.0000E+00  1.0000E+00  0.0000E+00  0.0000E+00  0.0000E+00  0.0000E+00  1.0000E+00  0.0000E+00  1.0000E+00  0.0000E+00  0.0000E+00
  7.0000E+00  0.0000E+00  2.3800E+04  0.0000E+00  1.0000E+00  0.0000E+00  0.0000E+00  0.0000E+00  0.0000E+00  1.0000E+00  0.0000E+00  1.0000E+00  0.0000E+00  0.0000E+00
  7.0000E+00  0.0000E+00  0.0000E+00  0.0000E+00  0.0000E+00  0.0000E+00  0.0000E+00  0.0000E+00  0.0000E+00  1.0000E+00  0.0000E+00  1.0000E+00  0.0000E+00  0.0000E+00
  7.0000E+00  2.5000E-01  0.0000E+00  2.7200E+00  0.0000E+00  3.5348E+00  0.0000E+00 -3.3883E-01  0.0000E+00  1.0000E+00  2.7200E+00  3.8953E+00  0.0000E+00  0.0000E+00
  7.0000E+00  5.0000E-01  0.0000E+00  3.0600E+00  0.0000E+00  5.6372E+00  0.0000E+00 -6.7205E-01  0.0000E+00  1.0000E+00  3.0600E+00  6.2151E+00  0.0000E+00  0.0000E+00
  7.0000E+00  1.0000E+00  0.0000E+00  5.3900E+00  0.0000E+00  8.1062E+00  0.0000E+00 -4.9257E-01  0.0000E+00  1.0000E+00  5.3900E+00  8.9424E+00  0.0000E+00  0.0000E+00
  7.0000E+00  2.0000E+00  0.0000E+00  2.4700E+01  0.0000E+00  8.9553E+00  0.0000E+00  2.5845E+00  0.0000E+00  1.0000E+00  2.4700E+01  9.8885E+00  0.0000E+00  0.0000E+00
  7.0000E+00  4.0000E+00  0.0000E+00  3.7600E+00  0.0000E+00  5.6565E+00  0.0000E+00 -4.9286E-01  0.0000E+00  1.0000E+00  3.7600E+00  6.2574E+00  0.0000E+00  0.0000E+00
  7.0000E+00  6.0000E+00  0.0000E+00  3.1900E+00  0.0000E+00  8.8803E+00  0.0000E+00 -9.4194E-01  0.0000E+00  1.0000E+00  3.1900E+00  9.8118E+00  0.0000E+00  0.0000E+00
  7.0000E+00  8.0000E+00  0.0000E+00  6.4300E+00  0.0000E+00  1.0227E+01  0.0000E+00 -5.4573E-01  0.0000E+00  1.0000E+00  6.4300E+00  1.1302E+01  0.0000E+00  0.0000E+00
  7.0000E+00  1.2000E+01  0.0000E+00  4.9200E+00  0.0000E+00  4.5733E+00  0.0000E+00  1.1143E-01  0.0000E+00  1.0000E+00  4.9200E+00  5.0695E+00  0.0000E+00  0.0000E+00
  7.0000E+00  2.4000E+01  0.0000E+00  5.0000E-01  0.0000E+00  5.3650E-03  0.0000E+00  1.3548E+02  1.0000E+00  1.0000E+00  5.0000E-01  1.0000E+00  0.0000E+00  0.0000E+00
  8.0000E+00  0.0000E+00  2.4400E+04  0.0000E+00  1.0000E+00  0.0000E+00  0.0000E+00  0.0000E+00  0.0000E+00  1.0000E+00  0.0000E+00  1.0000E+00  0.0000E+00  0.0000E+00
  8.0000E+00  0.0000E+00  2.4400E+04  0.0000E+00  1.0000E+00  0.0000E+00  0.0000E+00  0.0000E+00  0.0000E+00  1.0000E+00  0.0000E+00  1.0000E+00  0.0000E+00  0.0000E+00
  8.0000E+00  0.0000E+00  0.0000E+00  0.0000E+00  0.0000E+00  0.0000E+00  0.0000E+00  0.0000E+00  0.0000E+00  1.0000E+00  0.0000E+00  1.0000E+00  0.0000E+00  0.0000E+00
  8.0000E+00  2.5000E-01  0.0000E+00  4.4400E+00  0.0000E+00  3.5900E+00  0.0000E+00  3.4806E-01  0.0000E+00  1.0000E+00  4.4400E+00  3.9935E+00  0.0000E+00  0.0000E+00
  8.0000E+00  5.0000E-01  0.0000E+00  9.7200E+00  0.0000E+00  5.7081E+00  0.0000E+00  1.0332E+00  0.0000E+00  1.0000E+00  9.7200E+00  6.3717E+00  0.0000E+00  0.0000E+00
  8.0000E+00  1.0000E+00  0.0000E+00  1.7700E+01  0.0000E+00  8.1771E+00  0.0000E+00  1.7119E+00  0.0000E+00  1.0000E+00  1.7700E+01  9.1678E+00  0.0000E+00  0.0000E+00
  8.0000E+00  2.0000E+00  0.0000E+00  7.3400E+00  0.0000E+00  8.9767E+00  0.0000E+00 -2.6802E-01  0.0000E+00  1.0000E+00  7.3400E+00  1.0138E+01  0.0000E+00  0.0000E+00
  8.0000E+00  4.0000E+00  0.0000E+00  4.9900E+00  0.0000E+00  5.6026E+00  0.0000E+00 -1.6074E-01  0.0000E+00  1.0000E+00  4.9900E+00  6.4152E+00  0.0000E+00  0.0000E+00
  8.0000E+00  6.0000E+00  0.0000E+00  6.1800E+00  0.0000E+00  8.8662E+00  0.0000E+00 -4.4537E-01  0.0000E+00  1.0000E+00  6.1800E+00  1.0059E+01  0.0000E+00  0.0000E+00
  8.0000E+00  8.0000E+00  0.0000E+00  4.5600E+00  0.0000E+00  1.0192E+01  0.0000E+00 -8.1229E-01  0.0000E+00  1.0000E+00  4.5600E+00  1.1587E+01  0.0000E+00  0.0000E+00
  8.0000E+00  1.2000E+01  0.0000E+00  5.4200E+00  0.0000E+00  4.4699E+00  0.0000E+00  3.1246E-01  0.0000E+00  1.0000E+00  5.4200E+00  5.1973E+00  0.0000E+00  0.0000E+00
  8.0000E+00  2.4000E+01  0.0000E+00  5.0000E-01  0.0000E+00  4.5757E-03  0.0000E+00  1.5908E+02  1.0000E+00  1.0000E+00  5.0000E-01  1.0000E+00  0.0000E+00  0.0000E+00
  9.0000E+00  0.0000E+00  6.5700E+04  0.0000E+00  1.0000E+00  0.0000E+00  0.0000E+00  0.0000E+00  0.0000E+00  1.0000E+00  0.0000E+00  1.0000E+00  0.0000E+00  0.0000E+00
  9.0000E+00  0.0000E+00  6.5700E+04  0.0000E+00  1.0000E+00  0.0000E+00  0.0000E+00  0.0000E+00  0.0000E+00  1.0000E+00  0.0000E+00  1.0000E+00  0.0000E+00  0.0000E+00
  9.0000E+00  0.0000E+00  0.0000E+00  0.0000E+00  0.0000E+00  0.0000E+00  0.0000E+00  0.0000E+00  0.0000E+00  1.0000E+00  0.0000E+00  1.0000E+00  0.0000E+00  0.0000E+00
  9.0000E+00  2.5000E-01  0.0000E+00  6.1100E+01  0.0000E+00  3.4638E+01  0.0000E+00  1.1230E+00  0.0000E+00  1.0000E+00  6.1100E+01  1.0753E+01  0.0000E+00  0.0000E+00
  9.0000E+00  5.0000E-01  0.0000E+00  1.5100E+02  0.0000E+00  5.4869E+01  0.0000E+00  2.5754E+00  0.0000E+00  1.0000E+00  1.5100E+02  1.7157E+01  0.0000E+00  0.0000E+00
  9.0000E+00  1.0000E+00  0.0000E+00  6.1800E+01  0.0000E+00  7.8231E+01  0.0000E+00 -3.0875E-01  0.0000E+00  1.0000E+00  6.1800E+01  2.4685E+01  0.0000E+00  0.0000E+00
  9.0000E+00  2.0000E+00  0.0000E+00  2.9100E+01  0.0000E+00  8.5209E+01  0.0000E+00 -9.6798E-01  0.0000E+00  1.0000E+00  2.9100E+01  2.7297E+01  0.0000E+00  0.0000E+00
  9.0000E+00  4.0000E+00  0.0000E+00  1.2200E+01  0.0000E+00  5.2402E+01  0.0000E+00 -1.1278E+00  0.0000E+00  1.0000E+00  1.2200E+01  1.7274E+01  0.0000E+00  0.0000E+00
  9.0000E+00  6.0000E+00  0.0000E+00  3.5300E+01  0.0000E+00  8.3775E+01  0.0000E+00 -8.5059E-01  0.0000E+00  1.0000E+00  3.5300E+01  2.7086E+01  0.0000E+00  0.0000E+00
  9.0000E+00  8.0000E+00  0.0000E+00  3.1900E+01  0.0000E+00  9.6076E+01  0.0000E+00 -9.8192E-01  0.0000E+00  1.0000E+00  3.1900E+01  3.1200E+01  0.0000E+00  0.0000E+00
  9.0000E+00  1.2000E+01  0.0000E+00  2.0000E+01  0.0000E+00  4.1126E+01  0.0000E+00 -7.5512E-01  0.0000E+00  1.0000E+00  2.0000E+01  1.3994E+01  0.0000E+00  0.0000E+00
  9.0000E+00  2.4000E+01  0.0000E+00  5.0000E-01  0.0000E+00  3.5523E-02  0.0000E+00  1.9221E+01  1.0000E+00  1.0000E+00  5.0000E-01  1.0000E+00  0.0000E+00  0.0000E+00
  1.0000E+01  0.0000E+00  7.0500E+04  0.0000E+00  1.0000E+00  0.0000E+00  0.0000E+00  0.0000E+00  0.0000E+00  1.0000E+00  0.0000E+00  1.0000E+00  0.0000E+00  0.0000E+00
  1.0000E+01  0.0000E+00  7.0500E+04  0.0000E+00  1.0000E+00  0.0000E+00  0.0000E+00  0.0000E+00  0.0000E+00  1.0000E+00  0.0000E+00  1.0000E+00  0.0000E+00  0.0000E+00
  1.0000E+01  0.0000E+00  0.0000E+00  0.0000E+00  0.0000E+00  0.0000E+00  0.0000E+00  0.0000E+00  0.0000E+00  1.0000E+00  0.0000E+00  1.0000E+00  0.0000E+00  0.0000E+00
  1.0000E+01  2.5000E-01  0.0000E+00  7.4900E+00  0.0000E+00  1.6476E+01  0.0000E+00 -8.0173E-01  0.0000E+00  1.0000E+00  7.4900E+00  1.1539E+01  0.0000E+00  0.0000E+00
  1.0000E+01  5.0000E-01  0.0000E+00  1.1400E+01  0.0000E+00  2.6518E+01  0.0000E+00 -8.3805E-01  0.0000E+00  1.0000E+00  1.1400E+01  1.8410E+01  0.0000E+00  0.0000E+00
  1.0000E+01  1.0000E+00  0.0000E+00  4.4700E+01  0.0000E+00  3.8578E+01  0.0000E+00  2.3328E-01  0.0000E+00  1.0000E+00  4.4700E+01  2.6489E+01  0.0000E+00  0.0000E+00
  1.0000E+01  2.0000E+00  0.0000E+00  4.1200E+01  0.0000E+00  4.3454E+01  0.0000E+00 -7.6252E-02  0.0000E+00  1.0000E+00  4.1200E+01  2.9292E+01  0.0000E+00  0.0000E+00
  1.0000E+01  4.0000E+00  0.0000E+00  4.5400E+01  0.0000E+00  2.8488E+01  0.0000E+00  8.7270E-01  0.0000E+00  1.0000E+00  4.5400E+01  1.8536E+01  0.0000E+00  0.0000E+00
  1.0000E+01  6.0000E+00  0.0000E+00  7.5200E+01  0.0000E+00  4.3688E+01  0.0000E+00  1.0603E+00  0.0000E+00  1.0000E+00  7.5200E+01  2.9064E+01  0.0000E+00  0.0000E+00
  1.0000E+01  8.0000E+00  0.0000E+00  7.7200E+01  0.0000E+00  5.0590E+01  0.0000E+00  7.7323E-01  0.0000E+00  1.0000E+00  7.7200E+01  3.3480E+01  0.0000E+00  0.0000E+00
  1.0000E+01  1.2000E+01  0.0000E+00  4.3900E+01  0.0000E+00  2.4008E+01  0.0000E+00  1.2180E+00  0.0000E+00  1.0000E+00  4.3900E+01  1.5017E+01  0.0000E+00  0.0000E+00
  1.0000E+01  2.4000E+01  0.0000E+00  5.0000E-01  0.0000E+00  4.2714E-02  0.0000E+00  1.5737E+01  1.0000E+00  1.0000E+00  5.0000E-01  1.0000E+00  0.0000E+00  0.0000E+00
  1.1000E+01  0.0000E+00  7.8600E+04  0.0000E+00  1.0000E+00  0.0000E+00  0.0000E+00  0.0000E+00  0.0000E+00  1.0000E+00  0.0000E+00  1.0000E+00  0.0000E+00  0.0000E+00
  1.1000E+01  0.0000E+00  7.8600E+04  0.0000E+00  1.0000E+00  0.0000E+00  0.0000E+00  0.0000E+00  0.0000E+00  1.0000E+00  0.0000E+00  1.0000E+00  0.0000E+00  0.0000E+00
  1.1000E+01  0.0000E+00  0.0000E+00  0.0000E+00  0.0000E+00  0.0000E+00  0.0000E+00  0.0000E+00  0.0000E+00  1.0000E+00  0.0000E+00  1.0000E+00  0.0000E+00  0.0000E+00
  1.1000E+01  2.5000E-01  0.0000E+00  4.7300E+00  0.0000E+00  1.7496E+01  0.0000E+00 -1.0726E+00  0.0000E+00  1.0000E+00  4.7300E+00  1.2864E+01  0.0000E+00  0.0000E+00
  1.1000E+01  5.0000E-01  0.0000E+00  8.1400E+00  0.0000E+00  2.8065E+01  0.0000E+00 -1.0436E+00  0.0000E+00  1.0000E+00  8.1400E+00  2.0525E+01  0.0000E+00  0.0000E+00
  1.1000E+01  1.0000E+00  0.0000E+00  1.2200E+01  0.0000E+00  4.0654E+01  0.0000E+00 -1.0289E+00  0.0000E+00  1.0000E+00  1.2200E+01  2.9532E+01  0.0000E+00  0.0000E+00
  1.1000E+01  2.0000E+00  0.0000E+00  1.1000E+02  0.0000E+00  4.5465E+01  0.0000E+00  2.0866E+00  0.0000E+00  1.0000E+00  1.1000E+02  3.2657E+01  0.0000E+00  0.0000E+00
  1.1000E+01  4.0000E+00  0.0000E+00  1.7000E+01  0.0000E+00  2.9396E+01  0.0000E+00 -6.1989E-01  0.0000E+00  1.0000E+00  1.7000E+01  2.0665E+01  0.0000E+00  0.0000E+00
  1.1000E+01  6.0000E+00  0.0000E+00  1.3500E+01  0.0000E+00  4.5464E+01  0.0000E+00 -1.0335E+00  0.0000E+00  1.0000E+00  1.3500E+01  3.2404E+01  0.0000E+00  0.0000E+00
  1.1000E+01  8.0000E+00  0.0000E+00  4.1300E+01  0.0000E+00  5.2540E+01  0.0000E+00 -3.1449E-01  0.0000E+00  1.0000E+00  4.1300E+01  3.7327E+01  0.0000E+00  0.0000E+00
  1.1000E+01  1.2000E+01  0.0000E+00  4.7700E+01  0.0000E+00  2.4393E+01  0.0000E+00  1.4045E+00  0.0000E+00  1.0000E+00  4.7700E+01  1.6742E+01  0.0000E+00  0.0000E+00
  1.1000E+01  2.4000E+01  0.0000E+00  5.0000E-01  0.0000E+00  3.7216E-02  0.0000E+00  1.8280E+01  1.0000E+00  1.0000E+00  5.0000E-01  1.0000E+00  0.0000E+00  0.0000E+00
  1.5000E+01  0.0000E+00  2.2700E+05  0.0000E+00  1.0000E+00  0.0000E+00  0.0000E+00  0.0000E+00  0.0000E+00  1.0000E+00  0.0000E+00  1.0000E+00  0.0000E+00  0.0000E+00
  1.5000E+01  0.0000E+00  2.2700E+05  0.0000E+00  1.0000E+00  0.0000E+00  0.0000E+00  0.0000E+00  0.0000E+00  1.0000E+00  0.0000E+00  1.0000E+00  0.0000E+00  0.0000E+00
  1.5000E+01  0.0000E+00  0.0000E+00  0.0000E+00  0.0000E+00  0.0000E+00  0.0000E+00  0.0000E+00  0.0000E+00  1.0000E+00  0.0000E+00  1.0000E+00  0.0000E+00  0.0000E+00
  1.5000E+01  2.5000E-01  0.0000E+00  1.1600E+01  0.0000E+00  1.8244E+01  0.0000E+00 -5.3533E-01  0.0000E+00  1.0000E+00  1.1600E+01  3.7153E+01  0.0000E+00  0.0000E+00
  1.5000E+01  5.0000E-01  0.0000E+00  4.0600E+01  0.0000E+00  2.9123E+01  0.0000E+00  5.7932E-01  0.0000E+00  1.0000E+00  4.0600E+01  5.9278E+01  0.0000E+00  0.0000E+00
  1.5000E+01  1.0000E+00  0.0000E+00  7.2100E+01  0.0000E+00  4.1928E+01  0.0000E+00  1.0578E+00  0.0000E+00  1.0000E+00  7.2100E+01  8.5291E+01  0.0000E+00  0.0000E+00
  1.5000E+01  2.0000E+00  0.0000E+00  3.9700E+01  0.0000E+00  4.6412E+01  0.0000E+00 -2.1260E-01  0.0000E+00  1.0000E+00  3.9700E+01  9.4315E+01  0.0000E+00  0.0000E+00
  1.5000E+01  4.0000E+00  0.0000E+00  4.5700E+01  0.0000E+00  2.9427E+01  0.0000E+00  8.1289E-01  0.0000E+00  1.0000E+00  4.5700E+01  5.9682E+01  0.0000E+00  0.0000E+00
  1.5000E+01  6.0000E+00  0.0000E+00  6.1800E+01  0.0000E+00  4.6084E+01  0.0000E+00  5.0133E-01  0.0000E+00  1.0000E+00  6.1800E+01  9.3583E+01  0.0000E+00  0.0000E+00
  1.5000E+01  8.0000E+00  0.0000E+00  5.6100E+01  0.0000E+00  5.3101E+01  0.0000E+00  8.3034E-02  0.0000E+00  1.0000E+00  5.6100E+01  1.0780E+02  0.0000E+00  0.0000E+00
  1.5000E+01  1.2000E+01  0.0000E+00  2.7000E+01  0.0000E+00  2.3893E+01  0.0000E+00  1.9118E-01  0.0000E+00  1.0000E+00  2.7000E+01  4.8352E+01  0.0000E+00  0.0000E+00
  1.5000E+01  2.4000E+01  0.0000E+00  5.0000E-01  0.0000E+00  2.9258E-02  0.0000E+00  2.3651E+01  1.0000E+00  1.0000E+00  5.0000E-01  1.0000E+00  0.0000E+00  0.0000E+00
  1.6000E+01  0.0000E+00  2.1500E+05  0.0000E+00  1.0000E+00  0.0000E+00  0.0000E+00  0.0000E+00  0.0000E+00  1.0000E+00  0.0000E+00  1.0000E+00  0.0000E+00  0.0000E+00
  1.6000E+01  0.0000E+00  2.1500E+05  0.0000E+00  1.0000E+00  0.0000E+00  0.0000E+00  0.0000E+00  0.0000E+00  1.0000E+00  0.0000E+00  1.0000E+00  0.0000E+00  0.0000E+00
  1.6000E+01  0.0000E+00  0.0000E+00  0.0000E+00  0.0000E+00  0.0000E+00  0.0000E+00  0.0000E+00  0.0000E+00  1.0000E+00  0.0000E+00  1.0000E+00  0.0000E+00  0.0000E+00
  1.6000E+01  2.5000E-01  0.0000E+00  6.4700E+00  0.0000E+00  5.6304E+01  0.0000E+00 -1.3011E+00  0.0000E+00  1.0000E+00  6.4700E+00  3.5189E+01  0.0000E+00  0.0000E+00
  1.6000E+01  5.0000E-01  0.0000E+00  1.1400E+01  0.0000E+00  8.9884E+01  0.0000E+00 -1.2836E+00  0.0000E+00  1.0000E+00  1.1400E+01  5.6144E+01  0.0000E+00  0.0000E+00
  1.6000E+01  1.0000E+00  0.0000E+00  1.5500E+02  0.0000E+00  1.2942E+02  0.0000E+00  2.9059E-01  0.0000E+00  1.0000E+00  1.5500E+02  8.0782E+01  0.0000E+00  0.0000E+00
  1.6000E+01  2.0000E+00  0.0000E+00  1.9400E+02  0.0000E+00  1.4328E+02  0.0000E+00  5.2044E-01  0.0000E+00  1.0000E+00  1.9400E+02  8.9329E+01  0.0000E+00  0.0000E+00
  1.6000E+01  4.0000E+00  0.0000E+00  8.8000E+01  0.0000E+00  9.0864E+01  0.0000E+00 -4.6341E-02  0.0000E+00  1.0000E+00  8.8000E+01  5.6527E+01  0.0000E+00  0.0000E+00
  1.6000E+01  6.0000E+00  0.0000E+00  3.2400E+02  0.0000E+00  1.4227E+02  0.0000E+00  1.8777E+00  0.0000E+00  1.0000E+00  3.2400E+02  8.8636E+01  0.0000E+00  0.0000E+00
  1.6000E+01  8.0000E+00  0.0000E+00  2.5300E+02  0.0000E+00  1.6394E+02  0.0000E+00  7.9854E-01  0.0000E+00  1.0000E+00  2.5300E+02  1.0210E+02  0.0000E+00  0.0000E+00
  1.6000E+01  1.2000E+01  0.0000E+00  7.2500E+01  0.0000E+00  7.3795E+01  0.0000E+00 -2.5805E-02  0.0000E+00  1.0000E+00  7.2500E+01  4.5796E+01  0.0000E+00  0.0000E+00
  1.6000E+01  2.4000E+01  0.0000E+00  5.0000E-01  0.0000E+00  9.0623E-02  0.0000E+00  6.6405E+00  1.0000E+00  1.0000E+00  5.0000E-01  1.0000E+00  0.0000E+00  0.0000E+00
  1.7000E+01  0.0000E+00  2.4900E+05  0.0000E+00  1.0000E+00  0.0000E+00  0.0000E+00  0.0000E+00  0.0000E+00  1.0000E+00  0.0000E+00  1.0000E+00  0.0000E+00  0.0000E+00
  1.7000E+01  0.0000E+00  2.4900E+05  0.0000E+00  1.0000E+00  0.0000E+00  0.0000E+00  0.0000E+00  0.0000E+00  1.0000E+00  0.0000E+00  1.0000E+00  0.0000E+00  0.0000E+00
  1.7000E+01  0.0000E+00  0.0000E+00  0.0000E+00  0.0000E+00  0.0000E+00  0.0000E+00  0.0000E+00  0.0000E+00  1.0000E+00  0.0000E+00  1.0000E+00  0.0000E+00  0.0000E+00
  1.7000E+01  2.5000E-01  0.0000E+00  1.0800E+01  0.0000E+00  2.2505E+01  0.0000E+00 -7.6456E-01  0.0000E+00  1.0000E+00  1.0800E+01  4.0753E+01  0.0000E+00  0.0000E+00
  1.7000E+01  5.0000E-01  0.0000E+00  1.7400E+01  0.0000E+00  3.6059E+01  0.0000E+00 -7.6066E-01  0.0000E+00  1.0000E+00  1.7400E+01  6.5023E+01  0.0000E+00  0.0000E+00
  1.7000E+01  1.0000E+00  0.0000E+00  4.2300E+01  0.0000E+00  5.2159E+01  0.0000E+00 -2.7785E-01  0.0000E+00  1.0000E+00  4.2300E+01  9.3557E+01  0.0000E+00  0.0000E+00
  1.7000E+01  2.0000E+00  0.0000E+00  4.8500E+01  0.0000E+00  5.8190E+01  0.0000E+00 -2.4480E-01  0.0000E+00  1.0000E+00  4.8500E+01  1.0346E+02  0.0000E+00  0.0000E+00
  1.7000E+01  4.0000E+00  0.0000E+00  5.4500E+01  0.0000E+00  3.7451E+01  0.0000E+00  6.6919E-01  0.0000E+00  1.0000E+00  5.4500E+01  6.5466E+01  0.0000E+00  0.0000E+00
  1.7000E+01  6.0000E+00  0.0000E+00  1.3500E+02  0.0000E+00  5.8089E+01  0.0000E+00  1.9463E+00  0.0000E+00  1.0000E+00  1.3500E+02  1.0265E+02  0.0000E+00  0.0000E+00
  1.7000E+01  8.0000E+00  0.0000E+00  6.3900E+01  0.0000E+00  6.7085E+01  0.0000E+00 -6.9783E-02  0.0000E+00  1.0000E+00  6.3900E+01  1.1825E+02  0.0000E+00  0.0000E+00
  1.7000E+01  1.2000E+01  0.0000E+00  3.6300E+01  0.0000E+00  3.0918E+01  0.0000E+00  2.5587E-01  0.0000E+00  1.0000E+00  3.6300E+01  5.3038E+01  0.0000E+00  0.0000E+00
  1.7000E+01  2.4000E+01  0.0000E+00  5.0000E-01  0.0000E+00  4.4805E-02  0.0000E+00  1.4934E+01  1.0000E+00  1.0000E+00  5.0000E-01  1.0000E+00  0.0000E+00  0.0000E+00
