TABLE NO.  1
 ID          TIME        AMT         DV          MDV         IPRED       CWRES       IWRES       BQL         ROUTE       DV          PRED        RES         WRES
  1.0000E+00  0.0000E+00  2.9000E+04  0.0000E+00  1.0000E+00  0.0000E+00  0.0000E+00  0.0000E+00  0.0000E+00  1.0000E+00  0.0000E+00  1.0000E+00  0.0000E+00  0.0000E+00
  1.0000E+00  0.0000E+00  2.9000E+04  0.0000E+00  1.0000E+00  0.0000E+00  0.0000E+00  0.0000E+00  0.0000E+00  1.0000E+00  0.0000E+00  1.0000E+00  0.0000E+00  0.0000E+00
  1.0000E+00  0.0000E+00  0.0000E+00  0.0000E+00  0.0000E+00  0.0000E+00  0.0000E+00  0.0000E+00  0.0000E+00  1.0000E+00  0.0000E+00  1.0000E+00  0.0000E+00  0.0000E+00
  1.0000E+00  2.5000E-01  0.0000E+00  7.3000E-01  0.0000E+00  1.8987E+00  0.0000E+00 -1.2118E+00  0.0000E+00  1.0000E+00  7.3000E-01  5.2940E-02  0.0000E+00  0.0000E+00
  1.0000E+00  5.0000E-01  0.0000E+00  2.7500E+00  0.0000E+00  3.3010E+00  0.0000E+00 -3.2863E-01  0.0000E+00  1.0000E+00  2.7500E+00  9.2855E+00  0.0000E+00  0.0000E+00
  1.0000E+00  1.0000E+00  0.0000E+00  7.2700E+00  0.0000E+00  5.0062E+00  0.0000E+00  8.9024E-01  0.0000E+00  1.0000E+00  7.2700E+00  1.2927E+01  0.0000E+00  0.0000E+00
  1.0000E+00  2.0000E+00  0.0000E+00  6.4500E+00  0.0000E+00  5.8366E+00  0.0000E+00  2.0690E-01  0.0000E+00  1.0000E+00  6.4500E+00  1.3107E+01  0.0000E+00  0.0000E+00
  1.0000E+00  3.0000E+00  0.0000E+00  6.8500E+00  0.0000E+00  5.1970E+00  0.0000E+00  6.2616E-01  0.0000E+00  1.0000E+00  6.8500E+00  1.0538E+01  0.0000E+00  0.0000E+00
  1.0000E+00  4.0000E+00  0.0000E+00  4.2300E+00  0.0000E+00  4.1871E+00  0.0000E+00  2.0179E-02  0.0000E+00  1.0000E+00  4.2300E+00  7.9019E+00  0.0000E+00  0.0000E+00
  1.0000E+00  6.0000E+00  0.0000E+00  6.0300E+00  0.0000E+00  5.9539E+00  0.0000E+00  2.5168E-02  0.0000E+00  1.0000E+00  6.0300E+00  1.2486E+01  0.0000E+00  0.0000E+00
  1.0000E+00  8.0000E+00  0.0000E+00  8.1100E+00  0.0000E+00  5.6311E+00  0.0000E+00  8.6666E-01  0.0000E+00  1.0000E+00  8.1100E+00  1.1359E+01  0.0000E+00  0.0000E+00
  1.0000E+00  1.2000E+01  0.0000E+00  5.0000E-01  0.0000E+00  3.9591E+00  0.0000E+00 -1.7201E+00  1.0000E+00  1.0000E+00  5.0000E-01  4.5438E-02  0.0000E+00  0.0000E+00
  1.0000E+00  2.4000E+01  0.0000E+00  5.0000E-01  0.0000E+00  5.3025E-02  0.0000E+00  1.6592E+01  1.0000E+00  1.0000E+00  5.0000E-01  1.0000E+00  0.0000E+00  0.0000E+00
  3.0000E+00  0.0000E+00  5.4500E+03  0.0000E+00  1.0000E+00  1.7713E+03  0.0000E+00 -1.9687E+00  0.0000E+00  2.0000E+00  0.0000E+00  2.4580E-02  0.0000E+00  0.0000E+00
  3.0000E+00  1.7000E-02  0.0000E+00  2.5500E+03  0.0000E+00  1.7234E+03  0.0000E+00  9.4430E-01  0.0000E+00  2.0000E+00  2.5500E+03  1.2854E+03  0.0000E+00  0.0000E+00
  3.0000E+00  8.3500E-02  0.0000E+00  2.1100E+03  0.0000E+00  1.5481E+03  0.0000E+00  7.1453E-01  0.0000E+00  2.0000E+00  2.1100E+03  1.1872E+03  0.0000E+00  0.0000E+00
  3.0000E+00  2.5000E-01  0.0000E+00  1.4600E+03  0.0000E+00  1.1839E+03  0.0000E+00  4.5905E-01  0.0000E+00  2.0000E+00  1.4600E+03  9.7336E+02  0.0000E+00  0.0000E+00
  3.0000E+00  5.0000E-01  0.0000E+00  8.5300E+02  0.0000E+00  7.9236E+02  0.0000E+00  1.5068E-01  0.0000E+00  2.0000E+00  8.5300E+02  7.2288E+02  0.0000E+00  0.0000E+00
  3.0000E+00  1.0000E+00  0.0000E+00  5.5500E+02  0.0000E+00  3.5710E+02  0.0000E+00  1.0910E+00  0.0000E+00  2.0000E+00  5.5500E+02  4.0013E+02  0.0000E+00  0.0000E+00
  3.0000E+00  2.0000E+00  0.0000E+00  1.0300E+02  0.0000E+00  7.6928E+01  0.0000E+00  6.6722E-01  0.0000E+00  2.0000E+00  1.0300E+02  1.2583E+02  0.0000E+00  0.0000E+00
  3.0000E+00  4.0000E+00  0.0000E+00  7.4100E+00  0.0000E+00  8.6911E+00  0.0000E+00 -2.9019E-01  0.0000E+00  2.0000E+00  7.4100E+00  1.7018E+01  0.0000E+00  0.0000E+00
  3.0000E+00  6.0000E+00  0.0000E+00  4.4900E+00  0.0000E+00  4.3964E+00  0.0000E+00  4.1901E-02  0.0000E+00  2.0000E+00  4.4900E+00  5.6035E+00  0.0000E+00  0.0000E+00
  3.0000E+00  8.0000E+00  0.0000E+00  5.2500E+00  0.0000E+00  3.0617E+00  0.0000E+00  1.4071E+00  0.0000E+00  2.0000E+00  5.2500E+00  3.4083E+00  0.0000E+00  0.0000E+00
  3.0000E+00  1.2000E+01  0.0000E+00  2.4600E+00  0.0000E+00  1.5513E+00  0.0000E+00  1.1531E+00  0.0000E+00  2.0000E+00  2.4600E+00  1.6898E+00  0.0000E+00  0.0000E+00
  3.0000E+00  2.4000E+01  0.0000E+00  5.0000E-01  0.0000E+00  2.0260E-01  0.0000E+00  2.8898E+00  1.0000E+00  2.0000E+00  5.0000E-01  1.0000E+00  0.0000E+00  0.0000E+00
  4.0000E+00  0.0000E+00  5.9500E+03  0.0000E+00  1.0000E+00  2.3212E+03  0.0000E+00 -1.9687E+00  0.0000E+00  2.0000E+00  0.0000E+00  2.4572E-02  0.0000E+00  0.0000E+00
  4.0000E+00  1.7000E-02  0.0000E+00  2.3000E+03  0.0000E+00  2.2461E+03  0.0000E+00  4.7266E-02  0.0000E+00  2.0000E+00  2.3000E+03  1.4033E+03  0.0000E+00  0.0000E+00
  4.0000E+00  8.3500E-02  0.0000E+00  2.0000E+03  0.0000E+00  1.9748E+03  0.0000E+00  2.5152E-02  0.0000E+00  2.0000E+00  2.0000E+03  1.2961E+03  0.0000E+00  0.0000E+00
  4.0000E+00  2.5000E-01  0.0000E+00  1.2600E+03  0.0000E+00  1.4312E+03  0.0000E+00 -2.3555E-01  0.0000E+00  2.0000E+00  1.2600E+03  1.0627E+03  0.0000E+00  0.0000E+00
  4.0000E+00  5.0000E-01  0.0000E+00  7.3500E+02  0.0000E+00  8.8395E+02  0.0000E+00 -3.3173E-01  0.0000E+00  2.0000E+00  7.3500E+02  7.8920E+02  0.0000E+00  0.0000E+00
  4.0000E+00  1.0000E+00  0.0000E+00  4.3200E+02  0.0000E+00  3.4025E+02  0.0000E+00  5.3090E-01  0.0000E+00  2.0000E+00  4.3200E+02  4.3683E+02  0.0000E+00  0.0000E+00
  4.0000E+00  2.0000E+00  0.0000E+00  5.4600E+01  0.0000E+00  5.5979E+01  0.0000E+00 -4.8508E-02  0.0000E+00  2.0000E+00  5.4600E+01  1.3738E+02  0.0000E+00  0.0000E+00
  4.0000E+00  4.0000E+00  0.0000E+00  7.2500E+00  0.0000E+00  7.2942E+00  0.0000E+00 -1.1921E-02  0.0000E+00  2.0000E+00  7.2500E+00  1.8579E+01  0.0000E+00  0.0000E+00
  4.0000E+00  6.0000E+00  0.0000E+00  3.6500E+00  0.0000E+00  4.5295E+00  0.0000E+00 -3.8227E-01  0.0000E+00  2.0000E+00  3.6500E+00  6.1176E+00  0.0000E+00  0.0000E+00
  4.0000E+00  8.0000E+00  0.0000E+00  3.3200E+00  0.0000E+00  3.2116E+00  0.0000E+00  6.6458E-02  0.0000E+00  2.0000E+00  3.3200E+00  3.7210E+00  0.0000E+00  0.0000E+00
  4.0000E+00  1.2000E+01  0.0000E+00  1.6100E+00  0.0000E+00  1.6280E+00  0.0000E+00 -2.1770E-02  0.0000E+00  2.0000E+00  1.6100E+00  1.8448E+00  0.0000E+00  0.0000E+00
  4.0000E+00  2.4000E+01  0.0000E+00  5.0000E-01  0.0000E+00  2.1214E-01  0.0000E+00  2.6714E+00  1.0000E+00  2.0000E+00  5.0000E-01  1.0000E+00  0.0000E+00  0.0000E+00
  5.0000E+00  0.0000E+00  6.1000E+03  0.0000E+00  1.0000E+00  2.3069E+03  0.0000E+00 -1.9687E+00  0.0000E+00  2.0000E+00  0.0000E+00  2.4570E-02  0.0000E+00  0.0000E+00
  5.0000E+00  1.7000E-02  0.0000E+00  2.6900E+03  0.0000E+00  2.2345E+03  0.0000E+00  4.0135E-01  0.0000E+00  2.0000E+00  2.6900E+03  1.4387E+03  0.0000E+00  0.0000E+00
  5.0000E+00  8.3500E-02  0.0000E+00  2.0500E+03  0.0000E+00  1.9723E+03  0.0000E+00  7.7536E-02  0.0000E+00  2.0000E+00  2.0500E+03  1.3288E+03  0.0000E+00  0.0000E+00
  5.0000E+00  2.5000E-01  0.0000E+00  1.1600E+03  0.0000E+00  1.4436E+03  0.0000E+00 -3.8678E-01  0.0000E+00  2.0000E+00  1.1600E+03  1.0894E+03  0.0000E+00  0.0000E+00
  5.0000E+00  5.0000E-01  0.0000E+00  8.2000E+02  0.0000E+00  9.0481E+02  0.0000E+00 -1.8454E-01  0.0000E+00  2.0000E+00  8.2000E+02  8.0909E+02  0.0000E+00  0.0000E+00
  5.0000E+00  1.0000E+00  0.0000E+00  4.5600E+02  0.0000E+00  3.5847E+02  0.0000E+00  5.3562E-01  0.0000E+00  2.0000E+00  4.5600E+02  4.4785E+02  0.0000E+00  0.0000E+00
  5.0000E+00  2.0000E+00  0.0000E+00  5.7800E+01  0.0000E+00  6.1843E+01  0.0000E+00 -1.2871E-01  0.0000E+00  2.0000E+00  5.7800E+01  1.4084E+02  0.0000E+00  0.0000E+00
  5.0000E+00  4.0000E+00  0.0000E+00  6.8700E+00  0.0000E+00  7.7417E+00  0.0000E+00 -2.2167E-01  0.0000E+00  2.0000E+00  6.8700E+00  1.9047E+01  0.0000E+00  0.0000E+00
  5.0000E+00  6.0000E+00  0.0000E+00  6.0500E+00  0.0000E+00  4.6793E+00  0.0000E+00  5.7669E-01  0.0000E+00  2.0000E+00  6.0500E+00  6.2718E+00  0.0000E+00  0.0000E+00
  5.0000E+00  8.0000E+00  0.0000E+00  6.1100E+00  0.0000E+00  3.3128E+00  0.0000E+00  1.6623E+00  0.0000E+00  2.0000E+00  6.1100E+00  3.8148E+00  0.0000E+00  0.0000E+00
  5.0000E+00  1.2000E+01  0.0000E+00  1.7100E+00  0.0000E+00  1.6794E+00  0.0000E+00  3.5864E-02  0.0000E+00  2.0000E+00  1.7100E+00  1.8914E+00  0.0000E+00  0.0000E+00
  5.0000E+00  2.4000E+01  0.0000E+00  5.0000E-01  0.0000E+00  2.1891E-01  0.0000E+00  2.5278E+00  1.0000E+00  2.0000E+00  5.0000E-01  1.0000E+00  0.0000E+00  0.0000E+00
  6.0000E+00  0.0000E+00  2.1800E+04  0.0000E+00  1.0000E+00  0.0000E+00  0.0000E+00  0.0000E+00  0.0000E+00  1.0000E+00  0.0000E+00  1.0000E+00  0.0000E+00  0.0000E+00
  6.0000E+00  0.0000E+00  2.1800E+04  0.0000E+00  1.0000E+00  0.0000E+00  0.0000E+00  0.0000E+00  0.0000E+00  1.0000E+00  0.0000E+00  1.0000E+00  0.0000E+00  0.0000E+00
  6.0000E+00  0.0000E+00  0.0000E+00  0.0000E+00  0.0000E+00  0.0000E+00  0.0000E+00  0.0000E+00  0.0000E+00  1.0000E+00  0.0000E+00  1.0000E+00  0.0000E+00  0.0000E+00
  6.0000E+00  2.5000E-01  0.0000E+00  0.0000E+00  0.0000E+00  2.5001E+00  0.0000E+00 -1.9687E+00  0.0000E+00  1.0000E+00  0.0000E+00  6.6699E-02  0.0000E+00  0.0000E+00
  6.0000E+00  5.0000E-01  0.0000E+00  1.3900E+00  0.0000E+00  4.2538E+00  0.0000E+00 -1.3254E+00  0.0000E+00  1.0000E+00  1.3900E+00  6.9801E+00  0.0000E+00  0.0000E+00
  6.0000E+00  1.0000E+00  0.0000E+00  9.5800E+00  0.0000E+00  6.1983E+00  0.0000E+00  1.0741E+00  0.0000E+00  1.0000E+00  9.5800E+00  9.7172E+00  0.0000E+00  0.0000E+00
  6.0000E+00  2.0000E+00  0.0000E+00  9.5100E+00  0.0000E+00  6.7525E+00  0.0000E+00  8.0397E-01  0.0000E+00  1.0000E+00  9.5100E+00  9.8530E+00  0.0000E+00  0.0000E+00
  6.0000E+00  4.0000E+00  0.0000E+00  4.9900E+00  0.0000E+00  4.4159E+00  0.0000E+00  2.5595E-01  0.0000E+00  1.0000E+00  4.9900E+00  5.9400E+00  0.0000E+00  0.0000E+00
  6.0000E+00  6.0000E+00  0.0000E+00  3.2100E+00  0.0000E+00  6.5982E+00  0.0000E+00 -1.0109E+00  0.0000E+00  1.0000E+00  3.2100E+00  9.3858E+00  0.0000E+00  0.0000E+00
  6.0000E+00  8.0000E+00  0.0000E+00  9.1800E+00  0.0000E+00  6.1136E+00  0.0000E+00  9.8743E-01  0.0000E+00  1.0000E+00  9.1800E+00  8.5387E+00  0.0000E+00  0.0000E+00
  6.0000E+00  1.2000E+01  0.0000E+00  3.8300E+00  0.0000E+00  4.0630E+00  0.0000E+00 -1.1291E-01  0.0000E+00  1.0000E+00  3.8300E+00  5.3251E+00  0.0000E+00  0.0000E+00
  6.0000E+00  2.4000E+01  0.0000E+00  5.0000E-01  0.0000E+00  5.1765E-02  0.0000E+00  1.7044E+01  1.0000E+00  1.0000E+00  5.0000E-01  1.0000E+00  0.0000E+00  0.0000E+00
  7.0000E+00  0.0000E+00  2.3800E+04  0.0000E+00  1.0000E+00  0.0000E+00  0.0000E+00  0.0000E+00  0.0000E+00  1.0000E+00  0.0000E+00  1.0000E+00  0.0000E+00  0.0000E+00
  7.0000E+00  0.0000E+00  2.3800E+04  0.0000E+00  1.0000E+00  0.0000E+00  0.0000E+00  0.0000E+00  0.0000E+00  1.0000E+00  0.0000E+00  1.0000E+00  0.0000E+00  0.0000E+00
  7.0000E+00  0.0000E+00  0.0000E+00  0.0000E+00  0.0000E+00  0.0000E+00  0.0000E+00  0.0000E+00  0.0000E+00  1.0000E+00  0.0000E+00  1.0000E+00  0.0000E+00  0.0000E+00
  7.0000E+00  2.5000E-01  0.0000E+00  2.7200E+00  0.0000E+00  3.8245E+00  0.0000E+00 -5.6854E-01  0.0000E+00  1.0000E+00  2.7200E+00  4.5938E+00  0.0000E+00  0.0000E+00
  7.0000E+00  5.0000E-01  0.0000E+00  3.0600E+00  0.0000E+00  6.4814E+00  0.0000E+00 -1.0392E+00  0.0000E+00  1.0000E+00  3.0600E+00  7.6205E+00  0.0000E+00  0.0000E+00
  7.0000E+00  1.0000E+00  0.0000E+00  5.3900E+00  0.0000E+00  9.3754E+00  0.0000E+00 -8.3688E-01  0.0000E+00  1.0000E+00  5.3900E+00  1.0609E+01  0.0000E+00  0.0000E+00
  7.0000E+00  2.0000E+00  0.0000E+00  2.4700E+01  0.0000E+00  1.0093E+01  0.0000E+00  2.8491E+00  0.0000E+00  1.0000E+00  2.4700E+01  1.0757E+01  0.0000E+00  0.0000E+00
  7.0000E+00  4.0000E+00  0.0000E+00  3.7600E+00  0.0000E+00  6.5045E+00  0.0000E+00 -8.3068E-01  0.0000E+00  1.0000E+00  3.7600E+00  6.4850E+00  0.0000E+00  0.0000E+00
  7.0000E+00  6.0000E+00  0.0000E+00  3.1900E+00  0.0000E+00  9.8085E+00  0.0000E+00 -1.3284E+00  0.0000E+00  1.0000E+00  3.1900E+00  1.0247E+01  0.0000E+00  0.0000E+00
  7.0000E+00  8.0000E+00  0.0000E+00  6.4300E+00  0.0000E+00  9.0586E+00  0.0000E+00 -5.7128E-01  0.0000E+00  1.0000E+00  6.4300E+00  9.3221E+00  0.0000E+00  0.0000E+00
  7.0000E+00  1.2000E+01  0.0000E+00  4.9200E+00  0.0000E+00  5.9597E+00  0.0000E+00 -3.4345E-01  0.0000E+00  1.0000E+00  4.9200E+00  5.8137E+00  0.0000E+00  0.0000E+00
  7.0000E+00  2.4000E+01  0.0000E+00  5.0000E-01  0.0000E+00  7.5600E-02  0.0000E+00  1.1051E+01  1.0000E+00  1.0000E+00  5.0000E-01  1.0000E+00  0.0000E+00  0.0000E+00
  8.0000E+00  0.0000E+00  2.4400E+04  0.0000E+00  1.0000E+00  0.0000E+00  0.0000E+00  0.0000E+00  0.0000E+00  1.0000E+00  0.0000E+00  1.0000E+00  0.0000E+00  0.0000E+00
  8.0000E+00  0.0000E+00  2.4400E+04  0.0000E+00  1.0000E+00  0.0000E+00  0.0000E+00  0.0000E+00  0.0000E+00  1.0000E+00  0.0000E+00  1.0000E+00  0.0000E+00  0.0000E+00
  8.0000E+00  0.0000E+00  0.0000E+00  0.0000E+00  0.0000E+00  0.0000E+00  0.0000E+00  0.0000E+00  0.0000E+00  1.0000E+00  0.0000E+00  1.0000E+00  0.0000E+00  0.0000E+00
  8.0000E+00  2.5000E-01  0.0000E+00  4.4400E+00  0.0000E+00  4.6977E+00  0.0000E+00 -1.0799E-01  0.0000E+00  1.0000E+00  4.4400E+00  4.7096E+00  0.0000E+00  0.0000E+00
  8.0000E+00  5.0000E-01  0.0000E+00  9.7200E+00  0.0000E+00  7.4490E+00  0.0000E+00  6.0022E-01  0.0000E+00  1.0000E+00  9.7200E+00  7.8126E+00  0.0000E+00  0.0000E+00
  8.0000E+00  1.0000E+00  0.0000E+00  1.7700E+01  0.0000E+00  9.6027E+00  0.0000E+00  1.6601E+00  0.0000E+00  1.0000E+00  1.7700E+01  1.0876E+01  0.0000E+00  0.0000E+00
  8.0000E+00  2.0000E+00  0.0000E+00  7.3400E+00  0.0000E+00  8.7545E+00  0.0000E+00 -3.1809E-01  0.0000E+00  1.0000E+00  7.3400E+00  1.1028E+01  0.0000E+00  0.0000E+00
  8.0000E+00  4.0000E+00  0.0000E+00  4.9900E+00  0.0000E+00  4.8305E+00  0.0000E+00  6.4992E-02  0.0000E+00  1.0000E+00  4.9900E+00  6.6485E+00  0.0000E+00  0.0000E+00
  8.0000E+00  6.0000E+00  0.0000E+00  6.1800E+00  0.0000E+00  8.2533E+00  0.0000E+00 -4.9455E-01  0.0000E+00  1.0000E+00  6.1800E+00  1.0505E+01  0.0000E+00  0.0000E+00
  8.0000E+00  8.0000E+00  0.0000E+00  4.5600E+00  0.0000E+00  7.3578E+00  0.0000E+00 -7.4861E-01  0.0000E+00  1.0000E+00  4.5600E+00  9.5571E+00  0.0000E+00  0.0000E+00
  8.0000E+00  1.2000E+01  0.0000E+00  5.4200E+00  0.0000E+00  4.0939E+00  0.0000E+00  6.3773E-01  0.0000E+00  1.0000E+00  5.4200E+00  5.9602E+00  0.0000E+00  0.0000E+00
  8.0000E+00  2.4000E+01  0.0000E+00  5.0000E-01  0.0000E+00  5.3463E-02  0.0000E+00  1.6440E+01  1.0000E+00  1.0000E+00  5.0000E-01  1.0000E+00  0.0000E+00  0.0000E+00
  9.0000E+00  0.0000E+00  6.5700E+04  0.0000E+00  1.0000E+00  0.0000E+00  0.0000E+00  0.0000E+00  0.0000E+00  1.0000E+00  0.0000E+00  1.0000E+00  0.0000E+00  0.0000E+00
  9.0000E+00  0.0000E+00  6.5700E+04  0.0000E+00  1.0000E+00  0.0000E+00  0.0000E+00  0.0000E+00  0.0000E+00  1.0000E+00  0.0000E+00  1.0000E+00  0.0000E+00  0.0000E+00
  9.0000E+00  0.0000E+00  0.0000E+00  0.0000E+00  0.0000E+00  0.0000E+00  0.0000E+00  0.0000E+00  0.0000E+00  1.0000E+00  0.0000E+00  1.0000E+00  0.0000E+00  0.0000E+00
  9.0000E+00  2.5000E-01  0.0000E+00  6.1100E+01  0.0000E+00  4.9113E+01  0.0000E+00  4.8052E-01  0.0000E+00  1.0000E+00  6.1100E+01  1.2681E+01  0.0000E+00  0.0000E+00
  9.0000E+00  5.0000E-01  0.0000E+00  1.5100E+02  0.0000E+00  6.6146E+01  0.0000E+00  2.5255E+00  0.0000E+00  1.0000E+00  1.5100E+02  2.1036E+01  0.0000E+00  0.0000E+00
  9.0000E+00  1.0000E+00  0.0000E+00  6.1800E+01  0.0000E+00  6.7967E+01  0.0000E+00 -1.7862E-01  0.0000E+00  1.0000E+00  6.1800E+01  2.9285E+01  0.0000E+00  0.0000E+00
  9.0000E+00  2.0000E+00  0.0000E+00  2.9100E+01  0.0000E+00  5.0787E+01  0.0000E+00 -8.4067E-01  0.0000E+00  1.0000E+00  2.9100E+01  2.9695E+01  0.0000E+00  0.0000E+00
  9.0000E+00  4.0000E+00  0.0000E+00  1.2200E+01  0.0000E+00  2.6085E+01  0.0000E+00 -1.0479E+00  0.0000E+00  1.0000E+00  1.2200E+01  1.7902E+01  0.0000E+00  0.0000E+00
  9.0000E+00  6.0000E+00  0.0000E+00  3.5300E+01  0.0000E+00  4.9996E+01  0.0000E+00 -5.7870E-01  0.0000E+00  1.0000E+00  3.5300E+01  2.8286E+01  0.0000E+00  0.0000E+00
  9.0000E+00  8.0000E+00  0.0000E+00  3.1900E+01  0.0000E+00  4.4047E+01  0.0000E+00 -5.4290E-01  0.0000E+00  1.0000E+00  3.1900E+01  2.5734E+01  0.0000E+00  0.0000E+00
  9.0000E+00  1.2000E+01  0.0000E+00  2.0000E+01  0.0000E+00  1.5325E+01  0.0000E+00  6.0056E-01  0.0000E+00  1.0000E+00  2.0000E+01  1.6049E+01  0.0000E+00  0.0000E+00
  9.0000E+00  2.4000E+01  0.0000E+00  5.0000E-01  0.0000E+00  2.8738E-01  0.0000E+00  1.4566E+00  1.0000E+00  1.0000E+00  5.0000E-01  1.0000E+00  0.0000E+00  0.0000E+00
  1.0000E+01  0.0000E+00  7.0500E+04  0.0000E+00  1.0000E+00  0.0000E+00  0.0000E+00  0.0000E+00  0.0000E+00  1.0000E+00  0.0000E+00  1.0000E+00  0.0000E+00  0.0000E+00
  1.0000E+01  0.0000E+00  7.0500E+04  0.0000E+00  1.0000E+00  0.0000E+00  0.0000E+00  0.0000E+00  0.0000E+00  1.0000E+00  0.0000E+00  1.0000E+00  0.0000E+00  0.0000E+00
  1.0000E+01  0.0000E+00  0.0000E+00  0.0000E+00  0.0000E+00  0.0000E+00  0.0000E+00  0.0000E+00  0.0000E+00  1.0000E+00  0.0000E+00  1.0000E+00  0.0000E+00  0.0000E+00
  1.0000E+01  2.5000E-01  0.0000E+00  7.4900E+00  0.0000E+00  1.1888E+01  0.0000E+00 -7.2830E-01  0.0000E+00  1.0000E+00  7.4900E+00  1.3608E+01  0.0000E+00  0.0000E+00
  1.0000E+01  5.0000E-01  0.0000E+00  1.1400E+01  0.0000E+00  2.1172E+01  0.0000E+00 -9.0867E-01  0.0000E+00  1.0000E+00  1.1400E+01  2.2573E+01  0.0000E+00  0.0000E+00
  1.0000E+01  1.0000E+00  0.0000E+00  4.4700E+01  0.0000E+00  3.3619E+01  0.0000E+00  6.4886E-01  0.0000E+00  1.0000E+00  4.4700E+01  3.1425E+01  0.0000E+00  0.0000E+00
  1.0000E+01  2.0000E+00  0.0000E+00  4.1200E+01  0.0000E+00  4.2594E+01  0.0000E+00 -6.4437E-02  0.0000E+00  1.0000E+00  4.1200E+01  3.1864E+01  0.0000E+00  0.0000E+00
  1.0000E+01  4.0000E+00  0.0000E+00  4.5400E+01  0.0000E+00  3.4892E+01  0.0000E+00  5.9287E-01  0.0000E+00  1.0000E+00  4.5400E+01  1.9210E+01  0.0000E+00  0.0000E+00
  1.0000E+01  6.0000E+00  0.0000E+00  7.5200E+01  0.0000E+00  4.7348E+01  0.0000E+00  1.1581E+00  0.0000E+00  1.0000E+00  7.5200E+01  3.0353E+01  0.0000E+00  0.0000E+00
  1.0000E+01  8.0000E+00  0.0000E+00  7.7200E+01  0.0000E+00  4.6184E+01  0.0000E+00  1.3222E+00  0.0000E+00  1.0000E+00  7.7200E+01  2.7614E+01  0.0000E+00  0.0000E+00
  1.0000E+01  1.2000E+01  0.0000E+00  4.3900E+01  0.0000E+00  3.4875E+01  0.0000E+00  5.0943E-01  0.0000E+00  1.0000E+00  4.3900E+01  1.7221E+01  0.0000E+00  0.0000E+00
  1.0000E+01  2.4000E+01  0.0000E+00  5.0000E-01  0.0000E+00  5.5585E-01  0.0000E+00 -1.9782E-01  1.0000E+00  1.0000E+00  5.0000E-01  1.0000E+00  0.0000E+00  0.0000E+00
  1.1000E+01  0.0000E+00  7.8600E+04  0.0000E+00  1.0000E+00  0.0000E+00  0.0000E+00  0.0000E+00  0.0000E+00  1.0000E+00  0.0000E+00  1.0000E+00  0.0000E+00  0.0000E+00
  1.1000E+01  0.0000E+00  7.8600E+04  0.0000E+00  1.0000E+00  0.0000E+00  0.0000E+00  0.0000E+00  0.0000E+00  1.0000E+00  0.0000E+00  1.0000E+00  0.0000E+00  0.0000E+00
  1.1000E+01  0.0000E+00  0.0000E+00  0.0000E+00  0.0000E+00  0.0000E+00  0.0000E+00  0.0000E+00  0.0000E+00  1.0000E+00  0.0000E+00  1.0000E+00  0.0000E+00  0.0000E+00
  1.1000E+01  2.5000E-01  0.0000E+00  4.7300E+00  0.0000E+00  1.6151E+01  0.0000E+00 -1.3921E+00  0.0000E+00  1.0000E+00  4.7300E+00  1.5171E+01  0.0000E+00  0.0000E+00
  1.1000E+01  5.0000E-01  0.0000E+00  8.1400E+00  0.0000E+00  2.7958E+01  0.0000E+00 -1.3955E+00  0.0000E+00  1.0000E+00  8.1400E+00  2.5167E+01  0.0000E+00  0.0000E+00
  1.1000E+01  1.0000E+00  0.0000E+00  1.2200E+01  0.0000E+00  4.2057E+01  0.0000E+00 -1.3976E+00  0.0000E+00  1.0000E+00  1.2200E+01  3.5035E+01  0.0000E+00  0.0000E+00
  1.1000E+01  2.0000E+00  0.0000E+00  1.1000E+02  0.0000E+00  4.8345E+01  0.0000E+00  2.5107E+00  0.0000E+00  1.0000E+00  1.1000E+02  3.5525E+01  0.0000E+00  0.0000E+00
  1.1000E+01  4.0000E+00  0.0000E+00  1.7000E+01  0.0000E+00  3.3978E+01  0.0000E+00 -9.8371E-01  0.0000E+00  1.0000E+00  1.7000E+01  2.1417E+01  0.0000E+00  0.0000E+00
  1.1000E+01  6.0000E+00  0.0000E+00  1.3500E+01  0.0000E+00  4.8789E+01  0.0000E+00 -1.4240E+00  0.0000E+00  1.0000E+00  1.3500E+01  3.3840E+01  0.0000E+00  0.0000E+00
  1.1000E+01  8.0000E+00  0.0000E+00  4.1300E+01  0.0000E+00  4.5934E+01  0.0000E+00 -1.9861E-01  0.0000E+00  1.0000E+00  4.1300E+01  3.0786E+01  0.0000E+00  0.0000E+00
  1.1000E+01  1.2000E+01  0.0000E+00  4.7700E+01  0.0000E+00  3.1921E+01  0.0000E+00  9.7318E-01  0.0000E+00  1.0000E+00  4.7700E+01  1.9200E+01  0.0000E+00  0.0000E+00
  1.1000E+01  2.4000E+01  0.0000E+00  5.0000E-01  0.0000E+00  4.2127E-01  0.0000E+00  3.6792E-01  1.0000E+00  1.0000E+00  5.0000E-01  1.0000E+00  0.0000E+00  0.0000E+00
  1.5000E+01  0.0000E+00  2.2700E+05  0.0000E+00  1.0000E+00  0.0000E+00  0.0000E+00  0.0000E+00  0.0000E+00  1.0000E+00  0.0000E+00  1.0000E+00  0.0000E+00  0.0000E+00
  1.5000E+01  0.0000E+00  2.2700E+05  0.0000E+00  1.0000E+00  0.0000E+00  0.0000E+00  0.0000E+00  0.0000E+00  1.0000E+00  0.0000E+00  1.0000E+00  0.0000E+00  0.0000E+00
  1.5000E+01  0.0000E+00  0.0000E+00  0.0000E+00  0.0000E+00  0.0000E+00  0.0000E+00  0.0000E+00  0.0000E+00  1.0000E+00  0.0000E+00  1.0000E+00  0.0000E+00  0.0000E+00
  1.5000E+01  2.5000E-01  0.0000E+00  1.1600E+01  0.0000E+00  1.9565E+01  0.0000E+00 -8.0149E-01  0.0000E+00  1.0000E+00  1.1600E+01  4.3815E+01  0.0000E+00  0.0000E+00
  1.5000E+01  5.0000E-01  0.0000E+00  4.0600E+01  0.0000E+00  3.3234E+01  0.0000E+00  4.3636E-01  0.0000E+00  1.0000E+00  4.0600E+01  7.2683E+01  0.0000E+00  0.0000E+00
  1.5000E+01  1.0000E+00  0.0000E+00  7.2100E+01  0.0000E+00  4.8274E+01  0.0000E+00  9.7168E-01  0.0000E+00  1.0000E+00  7.2100E+01  1.0118E+02  0.0000E+00  0.0000E+00
  1.5000E+01  2.0000E+00  0.0000E+00  3.9700E+01  0.0000E+00  5.2323E+01  0.0000E+00 -4.7494E-01  0.0000E+00  1.0000E+00  3.9700E+01  1.0260E+02  0.0000E+00  0.0000E+00
  1.5000E+01  4.0000E+00  0.0000E+00  4.5700E+01  0.0000E+00  3.4000E+01  0.0000E+00  6.7743E-01  0.0000E+00  1.0000E+00  4.5700E+01  6.1853E+01  0.0000E+00  0.0000E+00
  1.5000E+01  6.0000E+00  0.0000E+00  6.1800E+01  0.0000E+00  5.1003E+01  0.0000E+00  4.1676E-01  0.0000E+00  1.0000E+00  6.1800E+01  9.7733E+01  0.0000E+00  0.0000E+00
  1.5000E+01  8.0000E+00  0.0000E+00  5.6100E+01  0.0000E+00  4.7191E+01  0.0000E+00  3.7167E-01  0.0000E+00  1.0000E+00  5.6100E+01  8.8913E+01  0.0000E+00  0.0000E+00
  1.5000E+01  1.2000E+01  0.0000E+00  2.7000E+01  0.0000E+00  3.1227E+01  0.0000E+00 -2.6648E-01  0.0000E+00  1.0000E+00  2.7000E+01  5.5450E+01  0.0000E+00  0.0000E+00
  1.5000E+01  2.4000E+01  0.0000E+00  5.0000E-01  0.0000E+00  3.9705E-01  0.0000E+00  5.1046E-01  1.0000E+00  1.0000E+00  5.0000E-01  8.0269E-01  0.0000E+00  0.0000E+00
  1.6000E+01  0.0000E+00  2.1500E+05  0.0000E+00  1.0000E+00  0.0000E+00  0.0000E+00  0.0000E+00  0.0000E+00  1.0000E+00  0.0000E+00  1.0000E+00  0.0000E+00  0.0000E+00
  1.6000E+01  0.0000E+00  2.1500E+05  0.0000E+00  1.0000E+00  0.0000E+00  0.0000E+00  0.0000E+00  0.0000E+00  1.0000E+00  0.0000E+00  1.0000E+00  0.0000E+00  0.0000E+00
  1.6000E+01  0.0000E+00  0.0000E+00  0.0000E+00  0.0000E+00  0.0000E+00  0.0000E+00  0.0000E+00  0.0000E+00  1.0000E+00  0.0000E+00  1.0000E+00  0.0000E+00  0.0000E+00
  1.6000E+01  2.5000E-01  0.0000E+00  6.4700E+00  0.0000E+00  5.9764E+01  0.0000E+00 -1.7556E+00  0.0000E+00  1.0000E+00  6.4700E+00  4.1499E+01  0.0000E+00  0.0000E+00
  1.6000E+01  5.0000E-01  0.0000E+00  1.1400E+01  0.0000E+00  1.0182E+02  0.0000E+00 -1.7483E+00  0.0000E+00  1.0000E+00  1.1400E+01  6.8840E+01  0.0000E+00  0.0000E+00
  1.6000E+01  1.0000E+00  0.0000E+00  1.5500E+02  0.0000E+00  1.4869E+02  0.0000E+00  8.3507E-02  0.0000E+00  1.0000E+00  1.5500E+02  9.5835E+01  0.0000E+00  0.0000E+00
  1.6000E+01  2.0000E+00  0.0000E+00  1.9400E+02  0.0000E+00  1.6260E+02  0.0000E+00  3.8023E-01  0.0000E+00  1.0000E+00  1.9400E+02  9.7174E+01  0.0000E+00  0.0000E+00
  1.6000E+01  4.0000E+00  0.0000E+00  8.8000E+01  0.0000E+00  1.0684E+02  0.0000E+00 -3.4709E-01  0.0000E+00  1.0000E+00  8.8000E+01  5.8583E+01  0.0000E+00  0.0000E+00
  1.6000E+01  6.0000E+00  0.0000E+00  3.2400E+02  0.0000E+00  1.5917E+02  0.0000E+00  2.0386E+00  0.0000E+00  1.0000E+00  3.2400E+02  9.2566E+01  0.0000E+00  0.0000E+00
  1.6000E+01  8.0000E+00  0.0000E+00  2.5300E+02  0.0000E+00  1.4764E+02  0.0000E+00  1.4049E+00  0.0000E+00  1.0000E+00  2.5300E+02  8.4212E+01  0.0000E+00  0.0000E+00
  1.6000E+01  1.2000E+01  0.0000E+00  7.2500E+01  0.0000E+00  9.8430E+01  0.0000E+00 -5.1863E-01  0.0000E+00  1.0000E+00  7.2500E+01  5.2518E+01  0.0000E+00  0.0000E+00
  1.6000E+01  2.4000E+01  0.0000E+00  5.0000E-01  0.0000E+00  1.2560E+00  0.0000E+00 -1.1850E+00  1.0000E+00  1.0000E+00  5.0000E-01  8.4343E-01  0.0000E+00  0.0000E+00
  1.7000E+01  0.0000E+00  2.4900E+05  0.0000E+00  1.0000E+00  0.0000E+00  0.0000E+00  0.0000E+00  0.0000E+00  1.0000E+00  0.0000E+00  1.0000E+00  0.0000E+00  0.0000E+00
  1.7000E+01  0.0000E+00  2.4900E+05  0.0000E+00  1.0000E+00  0.0000E+00  0.0000E+00  0.0000E+00  0.0000E+00  1.0000E+00  0.0000E+00  1.0000E+00  0.0000E+00  0.0000E+00
  1.7000E+01  0.0000E+00  0.0000E+00  0.0000E+00  0.0000E+00  0.0000E+00  0.0000E+00  0.0000E+00  0.0000E+00  1.0000E+00  0.0000E+00  1.0000E+00  0.0000E+00  0.0000E+00
  1.7000E+01  2.5000E-01  0.0000E+00  1.0800E+01  0.0000E+00  1.6251E+01  0.0000E+00 -6.6039E-01  0.0000E+00  1.0000E+00  1.0800E+01  4.8061E+01  0.0000E+00  0.0000E+00
  1.7000E+01  5.0000E-01  0.0000E+00  1.7400E+01  0.0000E+00  2.8881E+01  0.0000E+00 -7.8263E-01  0.0000E+00  1.0000E+00  1.7400E+01  7.9727E+01  0.0000E+00  0.0000E+00
  1.7000E+01  1.0000E+00  0.0000E+00  4.2300E+01  0.0000E+00  4.5670E+01  0.0000E+00 -1.4527E-01  0.0000E+00  1.0000E+00  4.2300E+01  1.1099E+02  0.0000E+00  0.0000E+00
  1.7000E+01  2.0000E+00  0.0000E+00  4.8500E+01  0.0000E+00  5.7414E+01  0.0000E+00 -3.0565E-01  0.0000E+00  1.0000E+00  4.8500E+01  1.1254E+02  0.0000E+00  0.0000E+00
  1.7000E+01  4.0000E+00  0.0000E+00  5.4500E+01  0.0000E+00  4.6414E+01  0.0000E+00  3.4300E-01  0.0000E+00  1.0000E+00  5.4500E+01  6.7847E+01  0.0000E+00  0.0000E+00
  1.7000E+01  6.0000E+00  0.0000E+00  1.3500E+02  0.0000E+00  6.3196E+01  0.0000E+00  2.2368E+00  0.0000E+00  1.0000E+00  1.3500E+02  1.0720E+02  0.0000E+00  0.0000E+00
  1.7000E+01  8.0000E+00  0.0000E+00  6.3900E+01  0.0000E+00  6.1442E+01  0.0000E+00  7.8750E-02  0.0000E+00  1.0000E+00  6.3900E+01  9.7530E+01  0.0000E+00  0.0000E+00
  1.7000E+01  1.2000E+01  0.0000E+00  3.6300E+01  0.0000E+00  4.6071E+01  0.0000E+00 -4.1752E-01  0.0000E+00  1.0000E+00  3.6300E+01  6.0824E+01  0.0000E+00  0.0000E+00
  1.7000E+01  2.4000E+01  0.0000E+00  5.0000E-01  0.0000E+00  7.1568E-01  0.0000E+00 -5.9330E-01  1.0000E+00  1.0000E+00  5.0000E-01  7.2645E-01  0.0000E+00  0.0000E+00
