TABLE NO.  1
 ID          TIME        AMT         DV          MDV         IPRED       CWRES       IWRES       BQL         DV          PRED        RES         WRES
  1.0000E+00  0.0000E+00  2.9000E+04  0.0000E+00  1.0000E+00  0.0000E+00  0.0000E+00  0.0000E+00  0.0000E+00  0.0000E+00  1.0000E+00  0.0000E+00  0.0000E+00
  1.0000E+00  0.0000E+00  2.9000E+04  0.0000E+00  1.0000E+00  0.0000E+00  0.0000E+00  0.0000E+00  0.0000E+00  0.0000E+00  1.0000E+00  0.0000E+00  0.0000E+00
  1.0000E+00  0.0000E+00  0.0000E+00  0.0000E+00  0.0000E+00  0.0000E+00  0.0000E+00  0.0000E+00  0.0000E+00  0.0000E+00  1.0000E+00  0.0000E+00  0.0000E+00
  1.0000E+00  2.5000E-01  0.0000E+00  7.3000E-01  0.0000E+00  3.0491E-01  0.0000E+00  1.8766E+00  0.0000E+00  7.3000E-01  1.0000E+00  0.0000E+00  0.0000E+00
  1.0000E+00  5.0000E-01  0.0000E+00  2.7500E+00  0.0000E+00  1.9907E+00  0.0000E+00  5.1338E-01  0.0000E+00  2.7500E+00  1.3716E+00  0.0000E+00  0.0000E+00
  1.0000E+00  1.0000E+00  0.0000E+00  7.2700E+00  0.0000E+00  4.3729E+00  0.0000E+00  8.9181E-01  0.0000E+00  7.2700E+00  3.8129E+00  0.0000E+00  0.0000E+00
  1.0000E+00  2.0000E+00  0.0000E+00  6.4500E+00  0.0000E+00  6.8238E+00  0.0000E+00 -7.3728E-02  0.0000E+00  6.4500E+00  7.7590E+00  0.0000E+00  0.0000E+00
  1.0000E+00  3.0000E+00  0.0000E+00  6.8500E+00  0.0000E+00  7.2343E+00  0.0000E+00 -7.1511E-02  0.0000E+00  6.8500E+00  1.0494E+01  0.0000E+00  0.0000E+00
  1.0000E+00  4.0000E+00  0.0000E+00  4.2300E+00  0.0000E+00  2.9931E+00  0.0000E+00  5.5628E-01  0.0000E+00  4.2300E+00  7.9257E+00  0.0000E+00  0.0000E+00
  1.0000E+00  6.0000E+00  0.0000E+00  6.0300E+00  0.0000E+00  8.1437E+00  0.0000E+00 -3.4938E-01  0.0000E+00  6.0300E+00  1.1833E+01  0.0000E+00  0.0000E+00
  1.0000E+00  8.0000E+00  0.0000E+00  8.1100E+00  0.0000E+00  5.2428E+00  0.0000E+00  7.3615E-01  0.0000E+00  8.1100E+00  1.2034E+01  0.0000E+00  0.0000E+00
  1.0000E+00  1.2000E+01  0.0000E+00  5.0000E-01  0.0000E+00  8.1383E-01  0.0000E+00 -5.1907E-01  1.0000E+00  5.0000E-01  1.3694E-01  0.0000E+00  0.0000E+00
  1.0000E+00  2.4000E+01  0.0000E+00  5.0000E-01  0.0000E+00  1.7150E-02  0.0000E+00  3.7897E+01  1.0000E+00  5.0000E-01  9.9282E-01  0.0000E+00  0.0000E+00
  2.0000E+00  0.0000E+00  2.9000E+04  0.0000E+00  1.0000E+00  0.0000E+00  0.0000E+00  0.0000E+00  0.0000E+00  0.0000E+00  1.0000E+00  0.0000E+00  0.0000E+00
  2.0000E+00  0.0000E+00  2.9000E+04  0.0000E+00  1.0000E+00  0.0000E+00  0.0000E+00  0.0000E+00  0.0000E+00  0.0000E+00  1.0000E+00  0.0000E+00  0.0000E+00
  2.0000E+00  0.0000E+00  0.0000E+00  0.0000E+00  0.0000E+00  0.0000E+00  0.0000E+00  0.0000E+00  0.0000E+00  0.0000E+00  1.0000E+00  0.0000E+00  0.0000E+00
  2.0000E+00  2.5000E-01  0.0000E+00  1.2000E-01  0.0000E+00  0.0000E+00  0.0000E+00  1.2000E+03  0.0000E+00  1.2000E-01  1.0000E+00  0.0000E+00  0.0000E+00
  2.0000E+00  5.0000E-01  0.0000E+00  1.8000E-01  0.0000E+00  0.0000E+00  0.0000E+00  1.8000E+03  0.0000E+00  1.8000E-01  3.5766E-01  0.0000E+00  0.0000E+00
  2.0000E+00  1.0000E+00  0.0000E+00  1.4000E-01  0.0000E+00  2.4680E-01  0.0000E+00 -5.8249E-01  0.0000E+00  1.4000E-01  1.6034E-01  0.0000E+00  0.0000E+00
  2.0000E+00  2.0000E+00  0.0000E+00  1.1700E+00  0.0000E+00  3.7961E+00  0.0000E+00 -9.3120E-01  0.0000E+00  1.1700E+00  7.7590E+00  0.0000E+00  0.0000E+00
  2.0000E+00  3.0000E+00  0.0000E+00  8.4000E+00  0.0000E+00  6.4652E+00  0.0000E+00  4.0284E-01  0.0000E+00  8.4000E+00  1.0494E+01  0.0000E+00  0.0000E+00
  2.0000E+00  4.0000E+00  0.0000E+00  1.5500E+01  0.0000E+00  7.0977E+00  0.0000E+00  1.5935E+00  0.0000E+00  1.5500E+01  7.9257E+00  0.0000E+00  0.0000E+00
  2.0000E+00  6.0000E+00  0.0000E+00  8.5100E+00  0.0000E+00  9.4213E+00  0.0000E+00 -1.3020E-01  0.0000E+00  8.5100E+00  1.1833E+01  0.0000E+00  0.0000E+00
  2.0000E+00  8.0000E+00  0.0000E+00  6.0400E+00  0.0000E+00  9.2833E+00  0.0000E+00 -4.7028E-01  0.0000E+00  6.0400E+00  1.2034E+01  0.0000E+00  0.0000E+00
  2.0000E+00  1.2000E+01  0.0000E+00  5.0000E-01  0.0000E+00  4.1008E+00  0.0000E+00 -1.1819E+00  1.0000E+00  5.0000E-01  1.3694E-01  0.0000E+00  0.0000E+00
  2.0000E+00  2.4000E+01  0.0000E+00  5.0000E-01  0.0000E+00  2.7453E-01  0.0000E+00  1.1055E+00  1.0000E+00  5.0000E-01  9.9282E-01  0.0000E+00  0.0000E+00
  3.0000E+00  0.0000E+00  5.4500E+03  0.0000E+00  1.0000E+00  1.3150E+03  0.0000E+00 -1.3461E+00  0.0000E+00  0.0000E+00  9.0091E-02  0.0000E+00  0.0000E+00
  3.0000E+00  1.7000E-02  0.0000E+00  2.5500E+03  0.0000E+00  1.2777E+03  0.0000E+00  1.3404E+00  0.0000E+00  2.5500E+03  2.2798E+02  0.0000E+00  0.0000E+00
  3.0000E+00  8.3500E-02  0.0000E+00  2.1100E+03  0.0000E+00  1.1419E+03  0.0000E+00  1.1413E+00  0.0000E+00  2.1100E+03  2.2356E+02  0.0000E+00  0.0000E+00
  3.0000E+00  2.5000E-01  0.0000E+00  1.4600E+03  0.0000E+00  8.6269E+02  0.0000E+00  9.3199E-01  0.0000E+00  1.4600E+03  2.1289E+02  0.0000E+00  0.0000E+00
  3.0000E+00  5.0000E-01  0.0000E+00  8.5300E+02  0.0000E+00  5.6841E+02  0.0000E+00  6.7394E-01  0.0000E+00  8.5300E+02  1.9792E+02  0.0000E+00  0.0000E+00
  3.0000E+00  1.0000E+00  0.0000E+00  5.5500E+02  0.0000E+00  2.5186E+02  0.0000E+00  1.6202E+00  0.0000E+00  5.5500E+02  1.7132E+02  0.0000E+00  0.0000E+00
  3.0000E+00  2.0000E+00  0.0000E+00  1.0300E+02  0.0000E+00  5.8545E+01  0.0000E+00  1.0221E+00  0.0000E+00  1.0300E+02  1.2916E+02  0.0000E+00  0.0000E+00
  3.0000E+00  4.0000E+00  0.0000E+00  7.4100E+00  0.0000E+00  1.1672E+01  0.0000E+00 -4.9151E-01  0.0000E+00  7.4100E+00  7.5164E+01  0.0000E+00  0.0000E+00
  3.0000E+00  6.0000E+00  0.0000E+00  4.4900E+00  0.0000E+00  6.0432E+00  0.0000E+00 -3.4597E-01  0.0000E+00  4.4900E+00  4.4991E+01  0.0000E+00  0.0000E+00
  3.0000E+00  8.0000E+00  0.0000E+00  5.2500E+00  0.0000E+00  3.4691E+00  0.0000E+00  6.9102E-01  0.0000E+00  5.2500E+00  2.7573E+01  0.0000E+00  0.0000E+00
  3.0000E+00  1.2000E+01  0.0000E+00  2.4600E+00  0.0000E+00  1.1574E+00  0.0000E+00  1.5150E+00  0.0000E+00  2.4600E+00  1.0909E+01  0.0000E+00  0.0000E+00
  3.0000E+00  2.4000E+01  0.0000E+00  5.0000E-01  0.0000E+00  4.3023E-02  0.0000E+00  1.4298E+01  1.0000E+00  5.0000E-01  6.1877E-01  0.0000E+00  0.0000E+00
  4.0000E+00  0.0000E+00  5.9500E+03  0.0000E+00  1.0000E+00  1.7484E+03  0.0000E+00 -1.3461E+00  0.0000E+00  0.0000E+00  9.0010E-02  0.0000E+00  0.0000E+00
  4.0000E+00  1.7000E-02  0.0000E+00  2.3000E+03  0.0000E+00  1.6881E+03  0.0000E+00  4.8787E-01  0.0000E+00  2.3000E+03  2.4890E+02  0.0000E+00  0.0000E+00
  4.0000E+00  8.3500E-02  0.0000E+00  2.0000E+03  0.0000E+00  1.4722E+03  0.0000E+00  4.8263E-01  0.0000E+00  2.0000E+03  2.4407E+02  0.0000E+00  0.0000E+00
  4.0000E+00  2.5000E-01  0.0000E+00  1.2600E+03  0.0000E+00  1.0464E+03  0.0000E+00  2.7473E-01  0.0000E+00  1.2600E+03  2.3243E+02  0.0000E+00  0.0000E+00
  4.0000E+00  5.0000E-01  0.0000E+00  7.3500E+02  0.0000E+00  6.2996E+02  0.0000E+00  2.2444E-01  0.0000E+00  7.3500E+02  2.1607E+02  0.0000E+00  0.0000E+00
  4.0000E+00  1.0000E+00  0.0000E+00  4.3200E+02  0.0000E+00  2.3549E+02  0.0000E+00  1.1232E+00  0.0000E+00  4.3200E+02  1.8703E+02  0.0000E+00  0.0000E+00
  4.0000E+00  2.0000E+00  0.0000E+00  5.4600E+01  0.0000E+00  4.4421E+01  0.0000E+00  3.0845E-01  0.0000E+00  5.4600E+01  1.4101E+02  0.0000E+00  0.0000E+00
  4.0000E+00  4.0000E+00  0.0000E+00  7.2500E+00  0.0000E+00  1.1016E+01  0.0000E+00 -4.6016E-01  0.0000E+00  7.2500E+00  8.2060E+01  0.0000E+00  0.0000E+00
  4.0000E+00  6.0000E+00  0.0000E+00  3.6500E+00  0.0000E+00  6.1286E+00  0.0000E+00 -5.4439E-01  0.0000E+00  3.6500E+00  4.9119E+01  0.0000E+00  0.0000E+00
  4.0000E+00  8.0000E+00  0.0000E+00  3.3200E+00  0.0000E+00  3.5292E+00  0.0000E+00 -7.9776E-02  0.0000E+00  3.3200E+00  3.0102E+01  0.0000E+00  0.0000E+00
  4.0000E+00  1.2000E+01  0.0000E+00  1.6100E+00  0.0000E+00  1.1725E+00  0.0000E+00  5.0228E-01  0.0000E+00  1.6100E+00  1.1910E+01  0.0000E+00  0.0000E+00
  4.0000E+00  2.4000E+01  0.0000E+00  5.0000E-01  0.0000E+00  4.2999E-02  0.0000E+00  1.4306E+01  1.0000E+00  5.0000E-01  5.6503E-01  0.0000E+00  0.0000E+00
  5.0000E+00  0.0000E+00  6.1000E+03  0.0000E+00  1.0000E+00  1.7519E+03  0.0000E+00 -1.3461E+00  0.0000E+00  0.0000E+00  8.9989E-02  0.0000E+00  0.0000E+00
  5.0000E+00  1.7000E-02  0.0000E+00  2.6900E+03  0.0000E+00  1.6929E+03  0.0000E+00  7.9282E-01  0.0000E+00  2.6900E+03  2.5517E+02  0.0000E+00  0.0000E+00
  5.0000E+00  8.3500E-02  0.0000E+00  2.0500E+03  0.0000E+00  1.4809E+03  0.0000E+00  5.1731E-01  0.0000E+00  2.0500E+03  2.5022E+02  0.0000E+00  0.0000E+00
  5.0000E+00  2.5000E-01  0.0000E+00  1.1600E+03  0.0000E+00  1.0608E+03  0.0000E+00  1.2591E-01  0.0000E+00  1.1600E+03  2.3828E+02  0.0000E+00  0.0000E+00
  5.0000E+00  5.0000E-01  0.0000E+00  8.2000E+02  0.0000E+00  6.4592E+02  0.0000E+00  3.6276E-01  0.0000E+00  8.2000E+02  2.2152E+02  0.0000E+00  0.0000E+00
  5.0000E+00  1.0000E+00  0.0000E+00  4.5600E+02  0.0000E+00  2.4665E+02  0.0000E+00  1.1425E+00  0.0000E+00  4.5600E+02  1.9175E+02  0.0000E+00  0.0000E+00
  5.0000E+00  2.0000E+00  0.0000E+00  5.7800E+01  0.0000E+00  4.7589E+01  0.0000E+00  2.8883E-01  0.0000E+00  5.7800E+01  1.4456E+02  0.0000E+00  0.0000E+00
  5.0000E+00  4.0000E+00  0.0000E+00  6.8700E+00  0.0000E+00  1.1440E+01  0.0000E+00 -5.3776E-01  0.0000E+00  6.8700E+00  8.4128E+01  0.0000E+00  0.0000E+00
  5.0000E+00  6.0000E+00  0.0000E+00  6.0500E+00  0.0000E+00  6.3300E+00  0.0000E+00 -5.9536E-02  0.0000E+00  6.0500E+00  5.0357E+01  0.0000E+00  0.0000E+00
  5.0000E+00  8.0000E+00  0.0000E+00  6.1100E+00  0.0000E+00  3.6450E+00  0.0000E+00  9.1029E-01  0.0000E+00  6.1100E+00  3.0861E+01  0.0000E+00  0.0000E+00
  5.0000E+00  1.2000E+01  0.0000E+00  1.7100E+00  0.0000E+00  1.2115E+00  0.0000E+00  5.5381E-01  0.0000E+00  1.7100E+00  1.2210E+01  0.0000E+00  0.0000E+00
  5.0000E+00  2.4000E+01  0.0000E+00  5.0000E-01  0.0000E+00  4.4493E-02  0.0000E+00  1.3781E+01  1.0000E+00  5.0000E-01  5.5037E-01  0.0000E+00  0.0000E+00
  6.0000E+00  0.0000E+00  2.1800E+04  0.0000E+00  1.0000E+00  0.0000E+00  0.0000E+00  0.0000E+00  0.0000E+00  0.0000E+00  1.0000E+00  0.0000E+00  0.0000E+00
  6.0000E+00  0.0000E+00  2.1800E+04  0.0000E+00  1.0000E+00  0.0000E+00  0.0000E+00  0.0000E+00  0.0000E+00  0.0000E+00  1.0000E+00  0.0000E+00  0.0000E+00
  6.0000E+00  0.0000E+00  0.0000E+00  0.0000E+00  0.0000E+00  0.0000E+00  0.0000E+00  0.0000E+00  0.0000E+00  0.0000E+00  1.0000E+00  0.0000E+00  0.0000E+00
  6.0000E+00  2.5000E-01  0.0000E+00  0.0000E+00  0.0000E+00  6.8000E-02  0.0000E+00 -1.3461E+00  0.0000E+00  0.0000E+00  1.0000E+00  0.0000E+00  0.0000E+00
  6.0000E+00  5.0000E-01  0.0000E+00  1.3900E+00  0.0000E+00  1.6784E+00  0.0000E+00 -2.3127E-01  0.0000E+00  1.3900E+00  1.0311E+00  0.0000E+00  0.0000E+00
  6.0000E+00  1.0000E+00  0.0000E+00  9.5800E+00  0.0000E+00  4.3234E+00  0.0000E+00  1.6366E+00  0.0000E+00  9.5800E+00  2.8663E+00  0.0000E+00  0.0000E+00
  6.0000E+00  2.0000E+00  0.0000E+00  9.5100E+00  0.0000E+00  7.9331E+00  0.0000E+00  2.6756E-01  0.0000E+00  9.5100E+00  5.8326E+00  0.0000E+00  0.0000E+00
  6.0000E+00  4.0000E+00  0.0000E+00  4.9900E+00  0.0000E+00  5.8862E+00  0.0000E+00 -2.0495E-01  0.0000E+00  4.9900E+00  5.9580E+00  0.0000E+00  0.0000E+00
  6.0000E+00  6.0000E+00  0.0000E+00  3.2100E+00  0.0000E+00  1.0190E+01  0.0000E+00 -9.2206E-01  0.0000E+00  3.2100E+00  8.8951E+00  0.0000E+00  0.0000E+00
  6.0000E+00  8.0000E+00  0.0000E+00  9.1800E+00  0.0000E+00  8.7401E+00  0.0000E+00  6.7745E-02  0.0000E+00  9.1800E+00  9.0463E+00  0.0000E+00  0.0000E+00
  6.0000E+00  1.2000E+01  0.0000E+00  3.8300E+00  0.0000E+00  2.2766E+00  0.0000E+00  9.1844E-01  0.0000E+00  3.8300E+00  4.0173E+00  0.0000E+00  0.0000E+00
  6.0000E+00  2.4000E+01  0.0000E+00  5.0000E-01  0.0000E+00  5.8769E-02  0.0000E+00  1.0106E+01  1.0000E+00  5.0000E-01  9.9989E-01  0.0000E+00  0.0000E+00
  7.0000E+00  0.0000E+00  2.3800E+04  0.0000E+00  1.0000E+00  0.0000E+00  0.0000E+00  0.0000E+00  0.0000E+00  0.0000E+00  1.0000E+00  0.0000E+00  0.0000E+00
  7.0000E+00  0.0000E+00  2.3800E+04  0.0000E+00  1.0000E+00  0.0000E+00  0.0000E+00  0.0000E+00  0.0000E+00  0.0000E+00  1.0000E+00  0.0000E+00  0.0000E+00
  7.0000E+00  0.0000E+00  0.0000E+00  0.0000E+00  0.0000E+00  0.0000E+00  0.0000E+00  0.0000E+00  0.0000E+00  0.0000E+00  1.0000E+00  0.0000E+00  0.0000E+00
  7.0000E+00  2.5000E-01  0.0000E+00  2.7200E+00  0.0000E+00  1.4189E+00  0.0000E+00  1.2342E+00  0.0000E+00  2.7200E+00  8.6596E-03  0.0000E+00  0.0000E+00
  7.0000E+00  5.0000E-01  0.0000E+00  3.0600E+00  0.0000E+00  3.5633E+00  0.0000E+00 -1.9014E-01  0.0000E+00  3.0600E+00  1.1257E+00  0.0000E+00  0.0000E+00
  7.0000E+00  1.0000E+00  0.0000E+00  5.3900E+00  0.0000E+00  7.0259E+00  0.0000E+00 -3.1341E-01  0.0000E+00  5.3900E+00  3.1292E+00  0.0000E+00  0.0000E+00
  7.0000E+00  2.0000E+00  0.0000E+00  2.4700E+01  0.0000E+00  1.1601E+01  0.0000E+00  1.5198E+00  0.0000E+00  2.4700E+01  6.3677E+00  0.0000E+00  0.0000E+00
  7.0000E+00  4.0000E+00  0.0000E+00  3.7600E+00  0.0000E+00  7.1985E+00  0.0000E+00 -6.4298E-01  0.0000E+00  3.7600E+00  6.5046E+00  0.0000E+00  0.0000E+00
  7.0000E+00  6.0000E+00  0.0000E+00  3.1900E+00  0.0000E+00  1.3833E+01  0.0000E+00 -1.0356E+00  0.0000E+00  3.1900E+00  9.7112E+00  0.0000E+00  0.0000E+00
  7.0000E+00  8.0000E+00  0.0000E+00  6.4300E+00  0.0000E+00  1.1541E+01  0.0000E+00 -5.9613E-01  0.0000E+00  6.4300E+00  9.8762E+00  0.0000E+00  0.0000E+00
  7.0000E+00  1.2000E+01  0.0000E+00  4.9200E+00  0.0000E+00  2.7582E+00  0.0000E+00  1.0550E+00  0.0000E+00  4.9200E+00  4.3859E+00  0.0000E+00  0.0000E+00
  7.0000E+00  2.4000E+01  0.0000E+00  5.0000E-01  0.0000E+00  6.6105E-02  0.0000E+00  8.8352E+00  1.0000E+00  5.0000E-01  9.9948E-01  0.0000E+00  0.0000E+00
  8.0000E+00  0.0000E+00  2.4400E+04  0.0000E+00  1.0000E+00  0.0000E+00  0.0000E+00  0.0000E+00  0.0000E+00  0.0000E+00  1.0000E+00  0.0000E+00  0.0000E+00
  8.0000E+00  0.0000E+00  2.4400E+04  0.0000E+00  1.0000E+00  0.0000E+00  0.0000E+00  0.0000E+00  0.0000E+00  0.0000E+00  1.0000E+00  0.0000E+00  0.0000E+00
  8.0000E+00  0.0000E+00  0.0000E+00  0.0000E+00  0.0000E+00  0.0000E+00  0.0000E+00  0.0000E+00  0.0000E+00  0.0000E+00  1.0000E+00  0.0000E+00  0.0000E+00
  8.0000E+00  2.5000E-01  0.0000E+00  4.4400E+00  0.0000E+00  2.4068E+00  0.0000E+00  1.1372E+00  0.0000E+00  4.4400E+00  8.8779E-03  0.0000E+00  0.0000E+00
  8.0000E+00  5.0000E-01  0.0000E+00  9.7200E+00  0.0000E+00  5.7085E+00  0.0000E+00  9.4592E-01  0.0000E+00  9.7200E+00  1.1541E+00  0.0000E+00  0.0000E+00
  8.0000E+00  1.0000E+00  0.0000E+00  1.7700E+01  0.0000E+00  1.0726E+01  0.0000E+00  8.7530E-01  0.0000E+00  1.7700E+01  3.2081E+00  0.0000E+00  0.0000E+00
  8.0000E+00  2.0000E+00  0.0000E+00  7.3400E+00  0.0000E+00  1.6639E+01  0.0000E+00 -7.5228E-01  0.0000E+00  7.3400E+00  6.5283E+00  0.0000E+00  0.0000E+00
  8.0000E+00  4.0000E+00  0.0000E+00  4.9900E+00  0.0000E+00  8.2394E+00  0.0000E+00 -5.3086E-01  0.0000E+00  4.9900E+00  6.6685E+00  0.0000E+00  0.0000E+00
  8.0000E+00  6.0000E+00  0.0000E+00  6.1800E+00  0.0000E+00  1.9245E+01  0.0000E+00 -9.1382E-01  0.0000E+00  6.1800E+00  9.9560E+00  0.0000E+00  0.0000E+00
  8.0000E+00  8.0000E+00  0.0000E+00  4.5600E+00  0.0000E+00  1.4256E+01  0.0000E+00 -9.1551E-01  0.0000E+00  4.5600E+00  1.0125E+01  0.0000E+00  0.0000E+00
  8.0000E+00  1.2000E+01  0.0000E+00  5.4200E+00  0.0000E+00  2.6736E+00  0.0000E+00  1.3827E+00  0.0000E+00  5.4200E+00  4.4964E+00  0.0000E+00  0.0000E+00
  8.0000E+00  2.4000E+01  0.0000E+00  5.0000E-01  0.0000E+00  5.7352E-02  0.0000E+00  1.0389E+01  1.0000E+00  5.0000E-01  9.9922E-01  0.0000E+00  0.0000E+00
  9.0000E+00  0.0000E+00  6.5700E+04  0.0000E+00  1.0000E+00  0.0000E+00  0.0000E+00  0.0000E+00  0.0000E+00  0.0000E+00  1.0000E+00  0.0000E+00  0.0000E+00
  9.0000E+00  0.0000E+00  6.5700E+04  0.0000E+00  1.0000E+00  0.0000E+00  0.0000E+00  0.0000E+00  0.0000E+00  0.0000E+00  1.0000E+00  0.0000E+00  0.0000E+00
  9.0000E+00  0.0000E+00  0.0000E+00  0.0000E+00  0.0000E+00  0.0000E+00  0.0000E+00  0.0000E+00  0.0000E+00  0.0000E+00  1.0000E+00  0.0000E+00  0.0000E+00
  9.0000E+00  2.5000E-01  0.0000E+00  6.1100E+01  0.0000E+00  3.8216E+01  0.0000E+00  8.0605E-01  0.0000E+00  6.1100E+01  2.3905E-02  0.0000E+00  0.0000E+00
  9.0000E+00  5.0000E-01  0.0000E+00  1.5100E+02  0.0000E+00  8.4479E+01  0.0000E+00  1.0599E+00  0.0000E+00  1.5100E+02  3.1075E+00  0.0000E+00  0.0000E+00
  9.0000E+00  1.0000E+00  0.0000E+00  6.1800E+01  0.0000E+00  1.1942E+02  0.0000E+00 -6.4947E-01  0.0000E+00  6.1800E+01  8.6383E+00  0.0000E+00  0.0000E+00
  9.0000E+00  2.0000E+00  0.0000E+00  2.9100E+01  0.0000E+00  1.3237E+02  0.0000E+00 -1.0502E+00  0.0000E+00  2.9100E+01  1.7578E+01  0.0000E+00  0.0000E+00
  9.0000E+00  4.0000E+00  0.0000E+00  1.2200E+01  0.0000E+00  1.0798E+01  0.0000E+00  1.7470E-01  0.0000E+00  1.2200E+01  1.7956E+01  0.0000E+00  0.0000E+00
  9.0000E+00  6.0000E+00  0.0000E+00  3.5300E+01  0.0000E+00  1.7808E+02  0.0000E+00 -1.0792E+00  0.0000E+00  3.5300E+01  2.6808E+01  0.0000E+00  0.0000E+00
  9.0000E+00  8.0000E+00  0.0000E+00  3.1900E+01  0.0000E+00  5.9248E+01  0.0000E+00 -6.2133E-01  0.0000E+00  3.1900E+01  2.7263E+01  0.0000E+00  0.0000E+00
  9.0000E+00  1.2000E+01  0.0000E+00  2.0000E+01  0.0000E+00  7.2285E+00  0.0000E+00  2.3783E+00  0.0000E+00  2.0000E+01  1.2107E+01  0.0000E+00  0.0000E+00
  9.0000E+00  2.4000E+01  0.0000E+00  5.0000E-01  0.0000E+00  1.5469E-01  0.0000E+00  3.0047E+00  1.0000E+00  5.0000E-01  6.2879E-01  0.0000E+00  0.0000E+00
  1.0000E+01  0.0000E+00  7.0500E+04  0.0000E+00  1.0000E+00  0.0000E+00  0.0000E+00  0.0000E+00  0.0000E+00  0.0000E+00  1.0000E+00  0.0000E+00  0.0000E+00
  1.0000E+01  0.0000E+00  7.0500E+04  0.0000E+00  1.0000E+00  0.0000E+00  0.0000E+00  0.0000E+00  0.0000E+00  0.0000E+00  1.0000E+00  0.0000E+00  0.0000E+00
  1.0000E+01  0.0000E+00  0.0000E+00  0.0000E+00  0.0000E+00  0.0000E+00  0.0000E+00  0.0000E+00  0.0000E+00  0.0000E+00  1.0000E+00  0.0000E+00  0.0000E+00
  1.0000E+01  2.5000E-01  0.0000E+00  7.4900E+00  0.0000E+00  4.2984E+00  0.0000E+00  9.9947E-01  0.0000E+00  7.4900E+00  2.5651E-02  0.0000E+00  0.0000E+00
  1.0000E+01  5.0000E-01  0.0000E+00  1.1400E+01  0.0000E+00  1.1997E+01  0.0000E+00 -6.7000E-02  0.0000E+00  1.1400E+01  3.3345E+00  0.0000E+00  0.0000E+00
  1.0000E+01  1.0000E+00  0.0000E+00  4.4700E+01  0.0000E+00  2.5330E+01  0.0000E+00  1.0293E+00  0.0000E+00  4.4700E+01  9.2694E+00  0.0000E+00  0.0000E+00
  1.0000E+01  2.0000E+00  0.0000E+00  4.1200E+01  0.0000E+00  4.5472E+01  0.0000E+00 -1.2645E-01  0.0000E+00  4.1200E+01  1.8862E+01  0.0000E+00  0.0000E+00
  1.0000E+01  4.0000E+00  0.0000E+00  4.5400E+01  0.0000E+00  3.7109E+01  0.0000E+00  3.0074E-01  0.0000E+00  4.5400E+01  1.9268E+01  0.0000E+00  0.0000E+00
  1.0000E+01  6.0000E+00  0.0000E+00  7.5200E+01  0.0000E+00  5.9823E+01  0.0000E+00  3.4601E-01  0.0000E+00  7.5200E+01  2.8766E+01  0.0000E+00  0.0000E+00
  1.0000E+01  8.0000E+00  0.0000E+00  7.7200E+01  0.0000E+00  5.7121E+01  0.0000E+00  4.7318E-01  0.0000E+00  7.7200E+01  2.9255E+01  0.0000E+00  0.0000E+00
  1.0000E+01  1.2000E+01  0.0000E+00  4.3900E+01  0.0000E+00  2.0045E+01  0.0000E+00  1.6020E+00  0.0000E+00  4.3900E+01  1.2992E+01  0.0000E+00  0.0000E+00
  1.0000E+01  2.4000E+01  0.0000E+00  5.0000E-01  0.0000E+00  7.8388E-01  0.0000E+00 -4.8747E-01  1.0000E+00  5.0000E-01  5.8497E-01  0.0000E+00  0.0000E+00
  1.1000E+01  0.0000E+00  7.8600E+04  0.0000E+00  1.0000E+00  0.0000E+00  0.0000E+00  0.0000E+00  0.0000E+00  0.0000E+00  1.0000E+00  0.0000E+00  0.0000E+00
  1.1000E+01  0.0000E+00  7.8600E+04  0.0000E+00  1.0000E+00  0.0000E+00  0.0000E+00  0.0000E+00  0.0000E+00  0.0000E+00  1.0000E+00  0.0000E+00  0.0000E+00
  1.1000E+01  0.0000E+00  0.0000E+00  0.0000E+00  0.0000E+00  0.0000E+00  0.0000E+00  0.0000E+00  0.0000E+00  0.0000E+00  1.0000E+00  0.0000E+00  0.0000E+00
  1.1000E+01  2.5000E-01  0.0000E+00  4.7300E+00  0.0000E+00  3.0290E+00  0.0000E+00  7.5589E-01  0.0000E+00  4.7300E+00  2.8598E-02  0.0000E+00  0.0000E+00
  1.1000E+01  5.0000E-01  0.0000E+00  8.1400E+00  0.0000E+00  1.0979E+01  0.0000E+00 -3.4811E-01  0.0000E+00  8.1400E+00  3.7176E+00  0.0000E+00  0.0000E+00
  1.1000E+01  1.0000E+00  0.0000E+00  1.2200E+01  0.0000E+00  2.4781E+01  0.0000E+00 -6.8339E-01  0.0000E+00  1.2200E+01  1.0334E+01  0.0000E+00  0.0000E+00
  1.1000E+01  2.0000E+00  0.0000E+00  1.1000E+02  0.0000E+00  4.5726E+01  0.0000E+00  1.8921E+00  0.0000E+00  1.1000E+02  2.1030E+01  0.0000E+00  0.0000E+00
  1.1000E+01  4.0000E+00  0.0000E+00  1.7000E+01  0.0000E+00  3.8809E+01  0.0000E+00 -7.5644E-01  0.0000E+00  1.7000E+01  2.1481E+01  0.0000E+00  0.0000E+00
  1.1000E+01  6.0000E+00  0.0000E+00  1.3500E+01  0.0000E+00  6.1635E+01  0.0000E+00 -1.0512E+00  0.0000E+00  1.3500E+01  3.2071E+01  0.0000E+00  0.0000E+00
  1.1000E+01  8.0000E+00  0.0000E+00  4.1300E+01  0.0000E+00  5.9020E+01  0.0000E+00 -4.0413E-01  0.0000E+00  4.1300E+01  3.2616E+01  0.0000E+00  0.0000E+00
  1.1000E+01  1.2000E+01  0.0000E+00  4.7700E+01  0.0000E+00  2.1039E+01  0.0000E+00  1.7058E+00  0.0000E+00  4.7700E+01  1.4484E+01  0.0000E+00  0.0000E+00
  1.1000E+01  2.4000E+01  0.0000E+00  5.0000E-01  0.0000E+00  8.4862E-01  0.0000E+00 -5.5298E-01  1.0000E+00  5.0000E-01  5.2145E-01  0.0000E+00  0.0000E+00
  1.2000E+01  0.0000E+00  6.4500E+04  0.0000E+00  1.0000E+00  0.0000E+00  0.0000E+00  0.0000E+00  0.0000E+00  0.0000E+00  1.0000E+00  0.0000E+00  0.0000E+00
  1.2000E+01  0.0000E+00  6.4500E+04  0.0000E+00  1.0000E+00  0.0000E+00  0.0000E+00  0.0000E+00  0.0000E+00  0.0000E+00  1.0000E+00  0.0000E+00  0.0000E+00
  1.2000E+01  0.0000E+00  0.0000E+00  0.0000E+00  0.0000E+00  0.0000E+00  0.0000E+00  0.0000E+00  0.0000E+00  0.0000E+00  1.0000E+00  0.0000E+00  0.0000E+00
  1.2000E+01  2.5000E-01  0.0000E+00  0.0000E+00  0.0000E+00  0.0000E+00  0.0000E+00  0.0000E+00  0.0000E+00  0.0000E+00  1.0000E+00  0.0000E+00  0.0000E+00
  1.2000E+01  5.0000E-01  0.0000E+00  0.0000E+00  0.0000E+00  5.8571E-02  0.0000E+00 -1.3461E+00  0.0000E+00  0.0000E+00  1.8278E-01  0.0000E+00  0.0000E+00
  1.2000E+01  1.0000E+00  0.0000E+00  1.6800E+00  0.0000E+00  1.5237E+00  0.0000E+00  1.3811E-01  0.0000E+00  1.6800E+00  8.4805E+00  0.0000E+00  0.0000E+00
  1.2000E+01  2.0000E+00  0.0000E+00  4.5500E+00  0.0000E+00  4.1717E+00  0.0000E+00  1.2208E-01  0.0000E+00  4.5500E+00  1.7257E+01  0.0000E+00  0.0000E+00
  1.2000E+01  4.0000E+00  0.0000E+00  8.0700E+00  0.0000E+00  6.1910E+00  0.0000E+00  4.0855E-01  0.0000E+00  8.0700E+00  1.7628E+01  0.0000E+00  0.0000E+00
  1.2000E+01  6.0000E+00  0.0000E+00  1.6500E+01  0.0000E+00  8.9606E+00  0.0000E+00  1.1326E+00  0.0000E+00  1.6500E+01  2.6318E+01  0.0000E+00  0.0000E+00
  1.2000E+01  8.0000E+00  0.0000E+00  8.9500E+00  0.0000E+00  1.0241E+01  0.0000E+00 -1.6969E-01  0.0000E+00  8.9500E+00  2.6765E+01  0.0000E+00  0.0000E+00
  1.2000E+01  1.2000E+01  0.0000E+00  9.3700E+00  0.0000E+00  7.0561E+00  0.0000E+00  4.4143E-01  0.0000E+00  9.3700E+00  1.1886E+01  0.0000E+00  0.0000E+00
  1.2000E+01  2.4000E+01  0.0000E+00  1.8200E+00  0.0000E+00  1.7005E+00  0.0000E+00  9.4553E-02  0.0000E+00  1.8200E+00  7.8908E-01  0.0000E+00  0.0000E+00
  1.3000E+01  0.0000E+00  6.6900E+04  0.0000E+00  1.0000E+00  0.0000E+00  0.0000E+00  0.0000E+00  0.0000E+00  0.0000E+00  1.0000E+00  0.0000E+00  0.0000E+00
  1.3000E+01  0.0000E+00  6.6900E+04  0.0000E+00  1.0000E+00  0.0000E+00  0.0000E+00  0.0000E+00  0.0000E+00  0.0000E+00  1.0000E+00  0.0000E+00  0.0000E+00
  1.3000E+01  0.0000E+00  0.0000E+00  0.0000E+00  0.0000E+00  0.0000E+00  0.0000E+00  0.0000E+00  0.0000E+00  0.0000E+00  1.0000E+00  0.0000E+00  0.0000E+00
  1.3000E+01  2.5000E-01  0.0000E+00  2.8600E+00  0.0000E+00  1.4569E+00  0.0000E+00  1.2963E+00  0.0000E+00  2.8600E+00  2.4341E-02  0.0000E+00  0.0000E+00
  1.3000E+01  5.0000E-01  0.0000E+00  5.9700E+00  0.0000E+00  3.6036E+00  0.0000E+00  8.8396E-01  0.0000E+00  5.9700E+00  3.1642E+00  0.0000E+00  0.0000E+00
  1.3000E+01  1.0000E+00  0.0000E+00  9.6700E+00  0.0000E+00  7.5029E+00  0.0000E+00  3.8879E-01  0.0000E+00  9.6700E+00  8.7960E+00  0.0000E+00  0.0000E+00
  1.3000E+01  2.0000E+00  0.0000E+00  8.9800E+00  0.0000E+00  1.3963E+01  0.0000E+00 -4.8035E-01  0.0000E+00  8.9800E+00  1.7899E+01  0.0000E+00  0.0000E+00
  1.3000E+01  4.0000E+00  0.0000E+00  1.7100E+01  0.0000E+00  1.3402E+01  0.0000E+00  3.7147E-01  0.0000E+00  1.7100E+01  1.8284E+01  0.0000E+00  0.0000E+00
  1.3000E+01  6.0000E+00  0.0000E+00  2.7500E+01  0.0000E+00  2.0296E+01  0.0000E+00  4.7781E-01  0.0000E+00  2.7500E+01  2.7297E+01  0.0000E+00  0.0000E+00
  1.3000E+01  8.0000E+00  0.0000E+00  1.5000E+01  0.0000E+00  2.1292E+01  0.0000E+00 -3.9777E-01  0.0000E+00  1.5000E+01  2.7761E+01  0.0000E+00  0.0000E+00
  1.3000E+01  1.2000E+01  0.0000E+00  7.1400E+00  0.0000E+00  1.0341E+01  0.0000E+00 -4.1665E-01  0.0000E+00  7.1400E+00  1.2328E+01  0.0000E+00  0.0000E+00
  1.3000E+01  2.4000E+01  0.0000E+00  1.4000E+00  0.0000E+00  8.6658E-01  0.0000E+00  8.2856E-01  0.0000E+00  1.4000E+00  8.1844E-01  0.0000E+00  0.0000E+00
  1.4000E+01  0.0000E+00  7.7400E+04  0.0000E+00  1.0000E+00  0.0000E+00  0.0000E+00  0.0000E+00  0.0000E+00  0.0000E+00  1.0000E+00  0.0000E+00  0.0000E+00
  1.4000E+01  0.0000E+00  7.7400E+04  0.0000E+00  1.0000E+00  0.0000E+00  0.0000E+00  0.0000E+00  0.0000E+00  0.0000E+00  1.0000E+00  0.0000E+00  0.0000E+00
  1.4000E+01  0.0000E+00  0.0000E+00  0.0000E+00  0.0000E+00  0.0000E+00  0.0000E+00  0.0000E+00  0.0000E+00  0.0000E+00  1.0000E+00  0.0000E+00  0.0000E+00
  1.4000E+01  2.5000E-01  0.0000E+00  0.0000E+00  0.0000E+00  0.0000E+00  0.0000E+00  0.0000E+00  0.0000E+00  0.0000E+00  1.0000E+00  0.0000E+00  0.0000E+00
  1.4000E+01  5.0000E-01  0.0000E+00  0.0000E+00  0.0000E+00  5.4973E-01  0.0000E+00 -1.3461E+00  0.0000E+00  0.0000E+00  1.6394E-01  0.0000E+00  0.0000E+00
  1.4000E+01  1.0000E+00  0.0000E+00  5.9400E+00  0.0000E+00  3.0032E+00  0.0000E+00  1.3163E+00  0.0000E+00  5.9400E+00  1.0177E+01  0.0000E+00  0.0000E+00
  1.4000E+01  2.0000E+00  0.0000E+00  9.3600E+00  0.0000E+00  7.2133E+00  0.0000E+00  4.0060E-01  0.0000E+00  9.3600E+00  2.0709E+01  0.0000E+00  0.0000E+00
  1.4000E+01  4.0000E+00  0.0000E+00  8.7400E+00  0.0000E+00  9.1593E+00  0.0000E+00 -6.1615E-02  0.0000E+00  8.7400E+00  2.1153E+01  0.0000E+00  0.0000E+00
  1.4000E+01  6.0000E+00  0.0000E+00  1.6700E+01  0.0000E+00  1.3219E+01  0.0000E+00  3.5441E-01  0.0000E+00  1.6700E+01  3.1582E+01  0.0000E+00  0.0000E+00
  1.4000E+01  8.0000E+00  0.0000E+00  8.7500E+00  0.0000E+00  1.4256E+01  0.0000E+00 -5.1986E-01  0.0000E+00  8.7500E+00  3.2118E+01  0.0000E+00  0.0000E+00
  1.4000E+01  1.2000E+01  0.0000E+00  3.6200E+00  0.0000E+00  7.9506E+00  0.0000E+00 -7.3319E-01  0.0000E+00  3.6200E+00  1.4263E+01  0.0000E+00  0.0000E+00
  1.4000E+01  2.4000E+01  0.0000E+00  1.4600E+00  0.0000E+00  9.9866E-01  0.0000E+00  6.2182E-01  0.0000E+00  1.4600E+00  9.4689E-01  0.0000E+00  0.0000E+00
  1.5000E+01  0.0000E+00  2.2700E+05  0.0000E+00  1.0000E+00  0.0000E+00  0.0000E+00  0.0000E+00  0.0000E+00  0.0000E+00  1.0000E+00  0.0000E+00  0.0000E+00
  1.5000E+01  0.0000E+00  2.2700E+05  0.0000E+00  1.0000E+00  0.0000E+00  0.0000E+00  0.0000E+00  0.0000E+00  0.0000E+00  1.0000E+00  0.0000E+00  0.0000E+00
  1.5000E+01  0.0000E+00  0.0000E+00  0.0000E+00  0.0000E+00  0.0000E+00  0.0000E+00  0.0000E+00  0.0000E+00  0.0000E+00  1.0000E+00  0.0000E+00  0.0000E+00
  1.5000E+01  2.5000E-01  0.0000E+00  1.1600E+01  0.0000E+00  7.8520E+00  0.0000E+00  6.4253E-01  0.0000E+00  1.1600E+01  8.2593E-02  0.0000E+00  0.0000E+00
  1.5000E+01  5.0000E-01  0.0000E+00  4.0600E+01  0.0000E+00  2.2353E+01  0.0000E+00  1.0988E+00  0.0000E+00  4.0600E+01  1.0737E+01  0.0000E+00  0.0000E+00
  1.5000E+01  1.0000E+00  0.0000E+00  7.2100E+01  0.0000E+00  4.5329E+01  0.0000E+00  7.9500E-01  0.0000E+00  7.2100E+01  2.9846E+01  0.0000E+00  0.0000E+00
  1.5000E+01  2.0000E+00  0.0000E+00  3.9700E+01  0.0000E+00  7.4619E+01  0.0000E+00 -6.2992E-01  0.0000E+00  3.9700E+01  6.0734E+01  0.0000E+00  0.0000E+00
  1.5000E+01  4.0000E+00  0.0000E+00  4.5700E+01  0.0000E+00  4.4286E+01  0.0000E+00  4.2981E-02  0.0000E+00  4.5700E+01  6.2039E+01  0.0000E+00  0.0000E+00
  1.5000E+01  6.0000E+00  0.0000E+00  6.1800E+01  0.0000E+00  8.8753E+01  0.0000E+00 -4.0878E-01  0.0000E+00  6.1800E+01  9.2624E+01  0.0000E+00  0.0000E+00
  1.5000E+01  8.0000E+00  0.0000E+00  5.6100E+01  0.0000E+00  7.1289E+01  0.0000E+00 -2.8680E-01  0.0000E+00  5.6100E+01  9.4197E+01  0.0000E+00  0.0000E+00
  1.5000E+01  1.2000E+01  0.0000E+00  2.7000E+01  0.0000E+00  1.5673E+01  0.0000E+00  9.7284E-01  0.0000E+00  2.7000E+01  4.1832E+01  0.0000E+00  0.0000E+00
  1.5000E+01  2.4000E+01  0.0000E+00  5.0000E-01  0.0000E+00  3.5688E-01  0.0000E+00  5.3980E-01  1.0000E+00  5.0000E-01  1.9452E-01  0.0000E+00  0.0000E+00
  1.6000E+01  0.0000E+00  2.1500E+05  0.0000E+00  1.0000E+00  0.0000E+00  0.0000E+00  0.0000E+00  0.0000E+00  0.0000E+00  1.0000E+00  0.0000E+00  0.0000E+00
  1.6000E+01  0.0000E+00  2.1500E+05  0.0000E+00  1.0000E+00  0.0000E+00  0.0000E+00  0.0000E+00  0.0000E+00  0.0000E+00  1.0000E+00  0.0000E+00  0.0000E+00
  1.6000E+01  0.0000E+00  0.0000E+00  0.0000E+00  0.0000E+00  0.0000E+00  0.0000E+00  0.0000E+00  0.0000E+00  0.0000E+00  1.0000E+00  0.0000E+00  0.0000E+00
  1.6000E+01  2.5000E-01  0.0000E+00  6.4700E+00  0.0000E+00  4.5240E+00  0.0000E+00  5.7901E-01  0.0000E+00  6.4700E+00  7.8227E-02  0.0000E+00  0.0000E+00
  1.6000E+01  5.0000E-01  0.0000E+00  1.1400E+01  0.0000E+00  3.5672E+01  0.0000E+00 -9.1589E-01  0.0000E+00  1.1400E+01  1.0169E+01  0.0000E+00  0.0000E+00
  1.6000E+01  1.0000E+00  0.0000E+00  1.5500E+02  0.0000E+00  8.5955E+01  0.0000E+00  1.0813E+00  0.0000E+00  1.5500E+02  2.8268E+01  0.0000E+00  0.0000E+00
  1.6000E+01  2.0000E+00  0.0000E+00  1.9400E+02  0.0000E+00  1.5236E+02  0.0000E+00  3.6793E-01  0.0000E+00  1.9400E+02  5.7524E+01  0.0000E+00  0.0000E+00
  1.6000E+01  4.0000E+00  0.0000E+00  8.8000E+01  0.0000E+00  1.0431E+02  0.0000E+00 -2.1047E-01  0.0000E+00  8.8000E+01  5.8760E+01  0.0000E+00  0.0000E+00
  1.6000E+01  6.0000E+00  0.0000E+00  3.2400E+02  0.0000E+00  1.9026E+02  0.0000E+00  9.4619E-01  0.0000E+00  3.2400E+02  8.7727E+01  0.0000E+00  0.0000E+00
  1.6000E+01  8.0000E+00  0.0000E+00  2.5300E+02  0.0000E+00  1.5797E+02  0.0000E+00  8.0971E-01  0.0000E+00  2.5300E+02  8.9218E+01  0.0000E+00  0.0000E+00
  1.6000E+01  1.2000E+01  0.0000E+00  7.2500E+01  0.0000E+00  3.7820E+01  0.0000E+00  1.2343E+00  0.0000E+00  7.2500E+01  3.9620E+01  0.0000E+00  0.0000E+00
  1.6000E+01  2.4000E+01  0.0000E+00  5.0000E-01  0.0000E+00  9.0956E-01  0.0000E+00 -6.0612E-01  1.0000E+00  5.0000E-01  2.0205E-01  0.0000E+00  0.0000E+00
  1.7000E+01  0.0000E+00  2.4900E+05  0.0000E+00  1.0000E+00  0.0000E+00  0.0000E+00  0.0000E+00  0.0000E+00  0.0000E+00  1.0000E+00  0.0000E+00  0.0000E+00
  1.7000E+01  0.0000E+00  2.4900E+05  0.0000E+00  1.0000E+00  0.0000E+00  0.0000E+00  0.0000E+00  0.0000E+00  0.0000E+00  1.0000E+00  0.0000E+00  0.0000E+00
  1.7000E+01  0.0000E+00  0.0000E+00  0.0000E+00  0.0000E+00  0.0000E+00  0.0000E+00  0.0000E+00  0.0000E+00  0.0000E+00  1.0000E+00  0.0000E+00  0.0000E+00
  1.7000E+01  2.5000E-01  0.0000E+00  1.0800E+01  0.0000E+00  6.1224E+00  0.0000E+00  1.0284E+00  0.0000E+00  1.0800E+01  9.0598E-02  0.0000E+00  0.0000E+00
  1.7000E+01  5.0000E-01  0.0000E+00  1.7400E+01  0.0000E+00  1.7276E+01  0.0000E+00  9.6493E-03  0.0000E+00  1.7400E+01  1.1777E+01  0.0000E+00  0.0000E+00
  1.7000E+01  1.0000E+00  0.0000E+00  4.2300E+01  0.0000E+00  3.6036E+01  0.0000E+00  2.3399E-01  0.0000E+00  4.2300E+01  3.2739E+01  0.0000E+00  0.0000E+00
  1.7000E+01  2.0000E+00  0.0000E+00  4.8500E+01  0.0000E+00  6.2827E+01  0.0000E+00 -3.0696E-01  0.0000E+00  4.8500E+01  6.6620E+01  0.0000E+00  0.0000E+00
  1.7000E+01  4.0000E+00  0.0000E+00  5.4500E+01  0.0000E+00  4.6098E+01  0.0000E+00  2.4533E-01  0.0000E+00  5.4500E+01  6.8052E+01  0.0000E+00  0.0000E+00
  1.7000E+01  6.0000E+00  0.0000E+00  1.3500E+02  0.0000E+00  7.8932E+01  0.0000E+00  9.5616E-01  0.0000E+00  1.3500E+02  1.0160E+02  0.0000E+00  0.0000E+00
  1.7000E+01  8.0000E+00  0.0000E+00  6.3900E+01  0.0000E+00  7.1225E+01  0.0000E+00 -1.3843E-01  0.0000E+00  6.3900E+01  1.0333E+02  0.0000E+00  0.0000E+00
  1.7000E+01  1.2000E+01  0.0000E+00  3.6300E+01  0.0000E+00  2.1001E+01  0.0000E+00  9.8064E-01  0.0000E+00  3.6300E+01  4.5886E+01  0.0000E+00  0.0000E+00
  1.7000E+01  2.4000E+01  0.0000E+00  5.0000E-01  0.0000E+00  6.2197E-01  0.0000E+00 -2.6397E-01  1.0000E+00  5.0000E-01  1.8295E-01  0.0000E+00  0.0000E+00
