TABLE NO.  1
 ID          TIME        AMT         DV          MDV         IPRED       CWRES       IWRES       BQL         ROUTE       DV          PRED        RES         WRES
  1.0000E+00  0.0000E+00  2.9000E+04  0.0000E+00  1.0000E+00  0.0000E+00  0.0000E+00  0.0000E+00  0.0000E+00  1.0000E+00  0.0000E+00  1.0000E+00  0.0000E+00  0.0000E+00
  1.0000E+00  0.0000E+00  2.9000E+04  0.0000E+00  1.0000E+00  0.0000E+00  0.0000E+00  0.0000E+00  0.0000E+00  1.0000E+00  0.0000E+00  1.0000E+00  0.0000E+00  0.0000E+00
  1.0000E+00  0.0000E+00  0.0000E+00  0.0000E+00  0.0000E+00  0.0000E+00  0.0000E+00  0.0000E+00  0.0000E+00  1.0000E+00  0.0000E+00  1.0000E+00  0.0000E+00  0.0000E+00
  1.0000E+00  2.5000E-01  0.0000E+00  7.3000E-01  0.0000E+00  1.4019E+00  0.0000E+00 -8.7542E-01  0.0000E+00  1.0000E+00  7.3000E-01  1.0586E-01  0.0000E+00  0.0000E+00
  1.0000E+00  5.0000E-01  0.0000E+00  2.7500E+00  0.0000E+00  2.5490E+00  0.0000E+00  1.4401E-01  0.0000E+00  1.0000E+00  2.7500E+00  5.6032E+00  0.0000E+00  0.0000E+00
  1.0000E+00  1.0000E+00  0.0000E+00  7.2700E+00  0.0000E+00  4.2165E+00  0.0000E+00  1.3227E+00  0.0000E+00  1.0000E+00  7.2700E+00  8.8215E+00  0.0000E+00  0.0000E+00
  1.0000E+00  2.0000E+00  0.0000E+00  6.4500E+00  0.0000E+00  5.7853E+00  0.0000E+00  2.0988E-01  0.0000E+00  1.0000E+00  6.4500E+00  1.1049E+01  0.0000E+00  0.0000E+00
  1.0000E+00  3.0000E+00  0.0000E+00  6.8500E+00  0.0000E+00  5.9765E+00  0.0000E+00  2.6696E-01  0.0000E+00  1.0000E+00  6.8500E+00  1.0526E+01  0.0000E+00  0.0000E+00
  1.0000E+00  4.0000E+00  0.0000E+00  4.2300E+00  0.0000E+00  5.5103E+00  0.0000E+00 -4.2439E-01  0.0000E+00  1.0000E+00  4.2300E+00  9.0362E+00  0.0000E+00  0.0000E+00
  1.0000E+00  6.0000E+00  0.0000E+00  6.0300E+00  0.0000E+00  6.0404E+00  0.0000E+00 -3.1555E-03  0.0000E+00  1.0000E+00  6.0300E+00  9.8165E+00  0.0000E+00  0.0000E+00
  1.0000E+00  8.0000E+00  0.0000E+00  8.1100E+00  0.0000E+00  5.4863E+00  0.0000E+00  8.7352E-01  0.0000E+00  1.0000E+00  8.1100E+00  8.5578E+00  0.0000E+00  0.0000E+00
  1.0000E+00  1.2000E+01  0.0000E+00  5.0000E-01  0.0000E+00  4.2431E+00  0.0000E+00 -1.6113E+00  1.0000E+00  1.0000E+00  5.0000E-01  6.1597E-02  0.0000E+00  0.0000E+00
  1.0000E+00  2.4000E+01  0.0000E+00  5.0000E-01  0.0000E+00  1.1342E-01  0.0000E+00  6.2254E+00  1.0000E+00  1.0000E+00  5.0000E-01  1.0000E+00  0.0000E+00  0.0000E+00
  2.0000E+00  0.0000E+00  2.9000E+04  0.0000E+00  1.0000E+00  0.0000E+00  0.0000E+00  0.0000E+00  0.0000E+00  1.0000E+00  0.0000E+00  1.0000E+00  0.0000E+00  0.0000E+00
  2.0000E+00  0.0000E+00  2.9000E+04  0.0000E+00  1.0000E+00  0.0000E+00  0.0000E+00  0.0000E+00  0.0000E+00  1.0000E+00  0.0000E+00  1.0000E+00  0.0000E+00  0.0000E+00
  2.0000E+00  0.0000E+00  0.0000E+00  0.0000E+00  0.0000E+00  0.0000E+00  0.0000E+00  0.0000E+00  0.0000E+00  1.0000E+00  0.0000E+00  1.0000E+00  0.0000E+00  0.0000E+00
  2.0000E+00  2.5000E-01  0.0000E+00  1.2000E-01  0.0000E+00  1.2570E+00  0.0000E+00 -1.6522E+00  0.0000E+00  1.0000E+00  1.2000E-01  1.0586E-01  0.0000E+00  0.0000E+00
  2.0000E+00  5.0000E-01  0.0000E+00  1.8000E-01  0.0000E+00  2.3414E+00  0.0000E+00 -1.6861E+00  0.0000E+00  1.0000E+00  1.8000E-01  6.6736E-02  0.0000E+00  0.0000E+00
  2.0000E+00  1.0000E+00  0.0000E+00  1.4000E-01  0.0000E+00  4.0625E+00  0.0000E+00 -1.7636E+00  0.0000E+00  1.0000E+00  1.4000E-01  5.2672E-02  0.0000E+00  0.0000E+00
  2.0000E+00  2.0000E+00  0.0000E+00  1.1700E+00  0.0000E+00  6.1190E+00  0.0000E+00 -1.4773E+00  0.0000E+00  1.0000E+00  1.1700E+00  1.1049E+01  0.0000E+00  0.0000E+00
  2.0000E+00  3.0000E+00  0.0000E+00  8.4000E+00  0.0000E+00  6.9190E+00  0.0000E+00  3.9098E-01  0.0000E+00  1.0000E+00  8.4000E+00  1.0526E+01  0.0000E+00  0.0000E+00
  2.0000E+00  4.0000E+00  0.0000E+00  1.5500E+01  0.0000E+00  6.9615E+00  0.0000E+00  2.2403E+00  0.0000E+00  1.0000E+00  1.5500E+01  9.0362E+00  0.0000E+00  0.0000E+00
  2.0000E+00  6.0000E+00  0.0000E+00  8.5100E+00  0.0000E+00  8.0814E+00  0.0000E+00  9.6868E-02  0.0000E+00  1.0000E+00  8.5100E+00  9.8165E+00  0.0000E+00  0.0000E+00
  2.0000E+00  8.0000E+00  0.0000E+00  6.0400E+00  0.0000E+00  7.9249E+00  0.0000E+00 -4.3442E-01  0.0000E+00  1.0000E+00  6.0400E+00  8.5578E+00  0.0000E+00  0.0000E+00
  2.0000E+00  1.2000E+01  0.0000E+00  5.0000E-01  0.0000E+00  6.7353E+00  0.0000E+00 -1.6909E+00  1.0000E+00  1.0000E+00  5.0000E-01  6.1597E-02  0.0000E+00  0.0000E+00
  2.0000E+00  2.4000E+01  0.0000E+00  5.0000E-01  0.0000E+00  4.6943E-01  0.0000E+00  1.1893E-01  1.0000E+00  1.0000E+00  5.0000E-01  1.0000E+00  0.0000E+00  0.0000E+00
  3.0000E+00  0.0000E+00  5.4500E+03  0.0000E+00  1.0000E+00  1.7313E+03  0.0000E+00 -1.8265E+00  0.0000E+00  2.0000E+00  0.0000E+00  3.4074E-02  0.0000E+00  0.0000E+00
  3.0000E+00  1.7000E-02  0.0000E+00  2.5500E+03  0.0000E+00  1.6844E+03  0.0000E+00  9.3860E-01  0.0000E+00  2.0000E+00  2.5500E+03  7.2091E+02  0.0000E+00  0.0000E+00
  3.0000E+00  8.3500E-02  0.0000E+00  2.1100E+03  0.0000E+00  1.5129E+03  0.0000E+00  7.2080E-01  0.0000E+00  2.0000E+00  2.1100E+03  6.8903E+02  0.0000E+00  0.0000E+00
  3.0000E+00  2.5000E-01  0.0000E+00  1.4600E+03  0.0000E+00  1.1567E+03  0.0000E+00  4.7899E-01  0.0000E+00  2.0000E+00  1.4600E+03  6.1533E+02  0.0000E+00  0.0000E+00
  3.0000E+00  5.0000E-01  0.0000E+00  8.5300E+02  0.0000E+00  7.7368E+02  0.0000E+00  1.8727E-01  0.0000E+00  2.0000E+00  8.5300E+02  5.1938E+02  0.0000E+00  0.0000E+00
  3.0000E+00  1.0000E+00  0.0000E+00  5.5500E+02  0.0000E+00  3.4816E+02  0.0000E+00  1.0851E+00  0.0000E+00  2.0000E+00  5.5500E+02  3.7055E+02  0.0000E+00  0.0000E+00
  3.0000E+00  2.0000E+00  0.0000E+00  1.0300E+02  0.0000E+00  7.4557E+01  0.0000E+00  6.9682E-01  0.0000E+00  2.0000E+00  1.0300E+02  1.9004E+02  0.0000E+00  0.0000E+00
  3.0000E+00  4.0000E+00  0.0000E+00  7.4100E+00  0.0000E+00  8.2221E+00  0.0000E+00 -1.8041E-01  0.0000E+00  2.0000E+00  7.4100E+00  5.2760E+01  0.0000E+00  0.0000E+00
  3.0000E+00  6.0000E+00  0.0000E+00  4.4900E+00  0.0000E+00  4.1986E+00  0.0000E+00  1.2677E-01  0.0000E+00  2.0000E+00  4.4900E+00  1.6929E+01  0.0000E+00  0.0000E+00
  3.0000E+00  8.0000E+00  0.0000E+00  5.2500E+00  0.0000E+00  2.9884E+00  0.0000E+00  1.3823E+00  0.0000E+00  2.0000E+00  5.2500E+00  6.9392E+00  0.0000E+00  0.0000E+00
  3.0000E+00  1.2000E+01  0.0000E+00  2.4600E+00  0.0000E+00  1.5831E+00  0.0000E+00  1.0118E+00  0.0000E+00  2.0000E+00  2.4600E+00  2.3654E+00  0.0000E+00  0.0000E+00
  3.0000E+00  2.4000E+01  0.0000E+00  5.0000E-01  0.0000E+00  2.3626E-01  0.0000E+00  2.0389E+00  1.0000E+00  2.0000E+00  5.0000E-01  9.9988E-01  0.0000E+00  0.0000E+00
  4.0000E+00  0.0000E+00  5.9500E+03  0.0000E+00  1.0000E+00  2.2821E+03  0.0000E+00 -1.8265E+00  0.0000E+00  2.0000E+00  0.0000E+00  3.4058E-02  0.0000E+00  0.0000E+00
  4.0000E+00  1.7000E-02  0.0000E+00  2.3000E+03  0.0000E+00  2.2077E+03  0.0000E+00  7.6407E-02  0.0000E+00  2.0000E+00  2.3000E+03  7.8705E+02  0.0000E+00  0.0000E+00
  4.0000E+00  8.3500E-02  0.0000E+00  2.0000E+03  0.0000E+00  1.9393E+03  0.0000E+00  5.7213E-02  0.0000E+00  2.0000E+00  2.0000E+03  7.5224E+02  0.0000E+00  0.0000E+00
  4.0000E+00  2.5000E-01  0.0000E+00  1.2600E+03  0.0000E+00  1.4023E+03  0.0000E+00 -1.8538E-01  0.0000E+00  2.0000E+00  1.2600E+03  6.7178E+02  0.0000E+00  0.0000E+00
  4.0000E+00  5.0000E-01  0.0000E+00  7.3500E+02  0.0000E+00  8.6308E+02  0.0000E+00 -2.7106E-01  0.0000E+00  2.0000E+00  7.3500E+02  5.6703E+02  0.0000E+00  0.0000E+00
  4.0000E+00  1.0000E+00  0.0000E+00  4.3200E+02  0.0000E+00  3.2976E+02  0.0000E+00  5.6628E-01  0.0000E+00  2.0000E+00  4.3200E+02  4.0455E+02  0.0000E+00  0.0000E+00
  4.0000E+00  2.0000E+00  0.0000E+00  5.4600E+01  0.0000E+00  5.3293E+01  0.0000E+00  4.4792E-02  0.0000E+00  2.0000E+00  5.4600E+01  2.0747E+02  0.0000E+00  0.0000E+00
  4.0000E+00  4.0000E+00  0.0000E+00  7.2500E+00  0.0000E+00  6.8218E+00  0.0000E+00  1.1466E-01  0.0000E+00  2.0000E+00  7.2500E+00  5.7600E+01  0.0000E+00  0.0000E+00
  4.0000E+00  6.0000E+00  0.0000E+00  3.6500E+00  0.0000E+00  4.3308E+00  0.0000E+00 -2.8714E-01  0.0000E+00  2.0000E+00  3.6500E+00  1.8482E+01  0.0000E+00  0.0000E+00
  4.0000E+00  8.0000E+00  0.0000E+00  3.3200E+00  0.0000E+00  3.1405E+00  0.0000E+00  1.0440E-01  0.0000E+00  2.0000E+00  3.3200E+00  7.5759E+00  0.0000E+00  0.0000E+00
  4.0000E+00  1.2000E+01  0.0000E+00  1.6100E+00  0.0000E+00  1.6646E+00  0.0000E+00 -5.9863E-02  0.0000E+00  2.0000E+00  1.6100E+00  2.5825E+00  0.0000E+00  0.0000E+00
  4.0000E+00  2.4000E+01  0.0000E+00  5.0000E-01  0.0000E+00  2.4794E-01  0.0000E+00  1.8569E+00  1.0000E+00  2.0000E+00  5.0000E-01  9.9933E-01  0.0000E+00  0.0000E+00
  5.0000E+00  0.0000E+00  6.1000E+03  0.0000E+00  1.0000E+00  2.2741E+03  0.0000E+00 -1.8265E+00  0.0000E+00  2.0000E+00  0.0000E+00  3.4054E-02  0.0000E+00  0.0000E+00
  5.0000E+00  1.7000E-02  0.0000E+00  2.6900E+03  0.0000E+00  2.2020E+03  0.0000E+00  4.0480E-01  0.0000E+00  2.0000E+00  2.6900E+03  8.0689E+02  0.0000E+00  0.0000E+00
  5.0000E+00  8.3500E-02  0.0000E+00  2.0500E+03  0.0000E+00  1.9413E+03  0.0000E+00  1.0226E-01  0.0000E+00  2.0000E+00  2.0500E+03  7.7121E+02  0.0000E+00  0.0000E+00
  5.0000E+00  2.5000E-01  0.0000E+00  1.1600E+03  0.0000E+00  1.4166E+03  0.0000E+00 -3.3087E-01  0.0000E+00  2.0000E+00  1.1600E+03  6.8872E+02  0.0000E+00  0.0000E+00
  5.0000E+00  5.0000E-01  0.0000E+00  8.2000E+02  0.0000E+00  8.8378E+02  0.0000E+00 -1.3181E-01  0.0000E+00  2.0000E+00  8.2000E+02  5.8133E+02  0.0000E+00  0.0000E+00
  5.0000E+00  1.0000E+00  0.0000E+00  4.5600E+02  0.0000E+00  3.4678E+02  0.0000E+00  5.7531E-01  0.0000E+00  2.0000E+00  4.5600E+02  4.1475E+02  0.0000E+00  0.0000E+00
  5.0000E+00  2.0000E+00  0.0000E+00  5.7800E+01  0.0000E+00  5.8563E+01  0.0000E+00 -2.3792E-02  0.0000E+00  2.0000E+00  5.7800E+01  2.1270E+02  0.0000E+00  0.0000E+00
  5.0000E+00  4.0000E+00  0.0000E+00  6.8700E+00  0.0000E+00  7.2165E+00  0.0000E+00 -8.7712E-02  0.0000E+00  2.0000E+00  6.8700E+00  5.9052E+01  0.0000E+00  0.0000E+00
  5.0000E+00  6.0000E+00  0.0000E+00  6.0500E+00  0.0000E+00  4.4688E+00  0.0000E+00  6.4630E-01  0.0000E+00  2.0000E+00  6.0500E+00  1.8948E+01  0.0000E+00  0.0000E+00
  5.0000E+00  8.0000E+00  0.0000E+00  6.1100E+00  0.0000E+00  3.2363E+00  0.0000E+00  1.6219E+00  0.0000E+00  2.0000E+00  6.1100E+00  7.7669E+00  0.0000E+00  0.0000E+00
  5.0000E+00  1.2000E+01  0.0000E+00  1.7100E+00  0.0000E+00  1.7154E+00  0.0000E+00 -5.7396E-03  0.0000E+00  2.0000E+00  1.7100E+00  2.6476E+00  0.0000E+00  0.0000E+00
  5.0000E+00  2.4000E+01  0.0000E+00  5.0000E-01  0.0000E+00  2.5558E-01  0.0000E+00  1.7468E+00  1.0000E+00  2.0000E+00  5.0000E-01  9.9897E-01  0.0000E+00  0.0000E+00
  6.0000E+00  0.0000E+00  2.1800E+04  0.0000E+00  1.0000E+00  0.0000E+00  0.0000E+00  0.0000E+00  0.0000E+00  1.0000E+00  0.0000E+00  1.0000E+00  0.0000E+00  0.0000E+00
  6.0000E+00  0.0000E+00  2.1800E+04  0.0000E+00  1.0000E+00  0.0000E+00  0.0000E+00  0.0000E+00  0.0000E+00  1.0000E+00  0.0000E+00  1.0000E+00  0.0000E+00  0.0000E+00
  6.0000E+00  0.0000E+00  0.0000E+00  0.0000E+00  0.0000E+00  0.0000E+00  0.0000E+00  0.0000E+00  0.0000E+00  1.0000E+00  0.0000E+00  1.0000E+00  0.0000E+00  0.0000E+00
  6.0000E+00  2.5000E-01  0.0000E+00  0.0000E+00  0.0000E+00  1.9106E+00  0.0000E+00 -1.8265E+00  0.0000E+00  1.0000E+00  0.0000E+00  1.4502E-01  0.0000E+00  0.0000E+00
  6.0000E+00  5.0000E-01  0.0000E+00  1.3900E+00  0.0000E+00  3.4039E+00  0.0000E+00 -1.0807E+00  0.0000E+00  1.0000E+00  1.3900E+00  4.2120E+00  0.0000E+00  0.0000E+00
  6.0000E+00  1.0000E+00  0.0000E+00  9.5800E+00  0.0000E+00  5.4134E+00  0.0000E+00  1.4059E+00  0.0000E+00  1.0000E+00  9.5800E+00  6.6313E+00  0.0000E+00  0.0000E+00
  6.0000E+00  2.0000E+00  0.0000E+00  9.5100E+00  0.0000E+00  6.9043E+00  0.0000E+00  6.8934E-01  0.0000E+00  1.0000E+00  9.5100E+00  8.3058E+00  0.0000E+00  0.0000E+00
  6.0000E+00  4.0000E+00  0.0000E+00  4.9900E+00  0.0000E+00  5.8093E+00  0.0000E+00 -2.5761E-01  0.0000E+00  1.0000E+00  4.9900E+00  6.7927E+00  0.0000E+00  0.0000E+00
  6.0000E+00  6.0000E+00  0.0000E+00  3.2100E+00  0.0000E+00  6.3027E+00  0.0000E+00 -8.9627E-01  0.0000E+00  1.0000E+00  3.2100E+00  7.3793E+00  0.0000E+00  0.0000E+00
  6.0000E+00  8.0000E+00  0.0000E+00  9.1800E+00  0.0000E+00  5.5297E+00  0.0000E+00  1.2057E+00  0.0000E+00  1.0000E+00  9.1800E+00  6.4331E+00  0.0000E+00  0.0000E+00
  6.0000E+00  1.2000E+01  0.0000E+00  3.8300E+00  0.0000E+00  4.1580E+00  0.0000E+00 -1.4407E-01  0.0000E+00  1.0000E+00  3.8300E+00  4.8172E+00  0.0000E+00  0.0000E+00
  6.0000E+00  2.4000E+01  0.0000E+00  5.0000E-01  0.0000E+00  8.2846E-02  0.0000E+00  9.1971E+00  1.0000E+00  1.0000E+00  5.0000E-01  1.0000E+00  0.0000E+00  0.0000E+00
  7.0000E+00  0.0000E+00  2.3800E+04  0.0000E+00  1.0000E+00  0.0000E+00  0.0000E+00  0.0000E+00  0.0000E+00  1.0000E+00  0.0000E+00  1.0000E+00  0.0000E+00  0.0000E+00
  7.0000E+00  0.0000E+00  2.3800E+04  0.0000E+00  1.0000E+00  0.0000E+00  0.0000E+00  0.0000E+00  0.0000E+00  1.0000E+00  0.0000E+00  1.0000E+00  0.0000E+00  0.0000E+00
  7.0000E+00  0.0000E+00  0.0000E+00  0.0000E+00  0.0000E+00  0.0000E+00  0.0000E+00  0.0000E+00  0.0000E+00  1.0000E+00  0.0000E+00  1.0000E+00  0.0000E+00  0.0000E+00
  7.0000E+00  2.5000E-01  0.0000E+00  2.7200E+00  0.0000E+00  3.1654E+00  0.0000E+00 -2.5701E-01  0.0000E+00  1.0000E+00  2.7200E+00  2.5949E+00  0.0000E+00  0.0000E+00
  7.0000E+00  5.0000E-01  0.0000E+00  3.0600E+00  0.0000E+00  5.5153E+00  0.0000E+00 -8.1313E-01  0.0000E+00  1.0000E+00  3.0600E+00  4.5985E+00  0.0000E+00  0.0000E+00
  7.0000E+00  1.0000E+00  0.0000E+00  5.3900E+00  0.0000E+00  8.4116E+00  0.0000E+00 -6.5613E-01  0.0000E+00  1.0000E+00  5.3900E+00  7.2397E+00  0.0000E+00  0.0000E+00
  7.0000E+00  2.0000E+00  0.0000E+00  2.4700E+01  0.0000E+00  9.9687E+00  0.0000E+00  2.6992E+00  0.0000E+00  1.0000E+00  2.4700E+01  9.0678E+00  0.0000E+00  0.0000E+00
  7.0000E+00  4.0000E+00  0.0000E+00  3.7600E+00  0.0000E+00  7.5215E+00  0.0000E+00 -9.1345E-01  0.0000E+00  1.0000E+00  3.7600E+00  7.4159E+00  0.0000E+00  0.0000E+00
  7.0000E+00  6.0000E+00  0.0000E+00  3.1900E+00  0.0000E+00  8.2656E+00  0.0000E+00 -1.1216E+00  0.0000E+00  1.0000E+00  3.1900E+00  8.0563E+00  0.0000E+00  0.0000E+00
  7.0000E+00  8.0000E+00  0.0000E+00  6.4300E+00  0.0000E+00  7.0912E+00  0.0000E+00 -1.7032E-01  0.0000E+00  1.0000E+00  6.4300E+00  7.0233E+00  0.0000E+00  0.0000E+00
  7.0000E+00  1.2000E+01  0.0000E+00  4.9200E+00  0.0000E+00  5.2605E+00  0.0000E+00 -1.1824E-01  0.0000E+00  1.0000E+00  4.9200E+00  5.2592E+00  0.0000E+00  0.0000E+00
  7.0000E+00  2.4000E+01  0.0000E+00  5.0000E-01  0.0000E+00  9.1866E-02  0.0000E+00  8.1147E+00  1.0000E+00  1.0000E+00  5.0000E-01  1.0000E+00  0.0000E+00  0.0000E+00
  8.0000E+00  0.0000E+00  2.4400E+04  0.0000E+00  1.0000E+00  0.0000E+00  0.0000E+00  0.0000E+00  0.0000E+00  1.0000E+00  0.0000E+00  1.0000E+00  0.0000E+00  0.0000E+00
  8.0000E+00  0.0000E+00  2.4400E+04  0.0000E+00  1.0000E+00  0.0000E+00  0.0000E+00  0.0000E+00  0.0000E+00  1.0000E+00  0.0000E+00  1.0000E+00  0.0000E+00  0.0000E+00
  8.0000E+00  0.0000E+00  0.0000E+00  0.0000E+00  0.0000E+00  0.0000E+00  0.0000E+00  0.0000E+00  0.0000E+00  1.0000E+00  0.0000E+00  1.0000E+00  0.0000E+00  0.0000E+00
  8.0000E+00  2.5000E-01  0.0000E+00  4.4400E+00  0.0000E+00  4.6639E+00  0.0000E+00 -8.7687E-02  0.0000E+00  1.0000E+00  4.4400E+00  2.6603E+00  0.0000E+00  0.0000E+00
  8.0000E+00  5.0000E-01  0.0000E+00  9.7200E+00  0.0000E+00  7.3973E+00  0.0000E+00  5.7352E-01  0.0000E+00  1.0000E+00  9.7200E+00  4.7144E+00  0.0000E+00  0.0000E+00
  8.0000E+00  1.0000E+00  0.0000E+00  1.7700E+01  0.0000E+00  9.5846E+00  0.0000E+00  1.5466E+00  0.0000E+00  1.0000E+00  1.7700E+01  7.4222E+00  0.0000E+00  0.0000E+00
  8.0000E+00  2.0000E+00  0.0000E+00  7.3400E+00  0.0000E+00  8.9611E+00  0.0000E+00 -3.3043E-01  0.0000E+00  1.0000E+00  7.3400E+00  9.2964E+00  0.0000E+00  0.0000E+00
  8.0000E+00  4.0000E+00  0.0000E+00  4.9900E+00  0.0000E+00  5.3676E+00  0.0000E+00 -1.2848E-01  0.0000E+00  1.0000E+00  4.9900E+00  7.6029E+00  0.0000E+00  0.0000E+00
  8.0000E+00  6.0000E+00  0.0000E+00  6.1800E+00  0.0000E+00  6.5491E+00  0.0000E+00 -1.0293E-01  0.0000E+00  1.0000E+00  6.1800E+00  8.2594E+00  0.0000E+00  0.0000E+00
  8.0000E+00  8.0000E+00  0.0000E+00  4.5600E+00  0.0000E+00  5.4042E+00  0.0000E+00 -2.8533E-01  0.0000E+00  1.0000E+00  4.5600E+00  7.2004E+00  0.0000E+00  0.0000E+00
  8.0000E+00  1.2000E+01  0.0000E+00  5.4200E+00  0.0000E+00  3.8672E+00  0.0000E+00  7.3342E-01  0.0000E+00  1.0000E+00  5.4200E+00  5.3918E+00  0.0000E+00  0.0000E+00
  8.0000E+00  2.4000E+01  0.0000E+00  5.0000E-01  0.0000E+00  5.8166E-02  0.0000E+00  1.3874E+01  1.0000E+00  1.0000E+00  5.0000E-01  1.0000E+00  0.0000E+00  0.0000E+00
  9.0000E+00  0.0000E+00  6.5700E+04  0.0000E+00  1.0000E+00  0.0000E+00  0.0000E+00  0.0000E+00  0.0000E+00  1.0000E+00  0.0000E+00  1.0000E+00  0.0000E+00  0.0000E+00
  9.0000E+00  0.0000E+00  6.5700E+04  0.0000E+00  1.0000E+00  0.0000E+00  0.0000E+00  0.0000E+00  0.0000E+00  1.0000E+00  0.0000E+00  1.0000E+00  0.0000E+00  0.0000E+00
  9.0000E+00  0.0000E+00  0.0000E+00  0.0000E+00  0.0000E+00  0.0000E+00  0.0000E+00  0.0000E+00  0.0000E+00  1.0000E+00  0.0000E+00  1.0000E+00  0.0000E+00  0.0000E+00
  9.0000E+00  2.5000E-01  0.0000E+00  6.1100E+01  0.0000E+00  5.3060E+01  0.0000E+00  2.7675E-01  0.0000E+00  1.0000E+00  6.1100E+01  7.1632E+00  0.0000E+00  0.0000E+00
  9.0000E+00  5.0000E-01  0.0000E+00  1.5100E+02  0.0000E+00  6.4900E+01  0.0000E+00  2.4232E+00  0.0000E+00  1.0000E+00  1.5100E+02  1.2694E+01  0.0000E+00  0.0000E+00
  9.0000E+00  1.0000E+00  0.0000E+00  6.1800E+01  0.0000E+00  6.1739E+01  0.0000E+00  1.7919E-03  0.0000E+00  1.0000E+00  6.1800E+01  1.9985E+01  0.0000E+00  0.0000E+00
  9.0000E+00  2.0000E+00  0.0000E+00  2.9100E+01  0.0000E+00  4.6745E+01  0.0000E+00 -6.8947E-01  0.0000E+00  1.0000E+00  2.9100E+01  2.5032E+01  0.0000E+00  0.0000E+00
  9.0000E+00  4.0000E+00  0.0000E+00  1.2200E+01  0.0000E+00  2.6392E+01  0.0000E+00 -9.8220E-01  0.0000E+00  1.0000E+00  1.2200E+01  2.0472E+01  0.0000E+00  0.0000E+00
  9.0000E+00  6.0000E+00  0.0000E+00  3.5300E+01  0.0000E+00  3.5123E+01  0.0000E+00  9.2092E-03  0.0000E+00  1.0000E+00  3.5300E+01  2.2240E+01  0.0000E+00  0.0000E+00
  9.0000E+00  8.0000E+00  0.0000E+00  3.1900E+01  0.0000E+00  2.8936E+01  0.0000E+00  1.8709E-01  0.0000E+00  1.0000E+00  3.1900E+01  1.9388E+01  0.0000E+00  0.0000E+00
  9.0000E+00  1.2000E+01  0.0000E+00  2.0000E+01  0.0000E+00  1.7242E+01  0.0000E+00  2.9214E-01  0.0000E+00  1.0000E+00  2.0000E+01  1.4518E+01  0.0000E+00  0.0000E+00
  9.0000E+00  2.4000E+01  0.0000E+00  5.0000E-01  0.0000E+00  2.8200E-01  0.0000E+00  1.4120E+00  1.0000E+00  1.0000E+00  5.0000E-01  1.0000E+00  0.0000E+00  0.0000E+00
  1.0000E+01  0.0000E+00  7.0500E+04  0.0000E+00  1.0000E+00  0.0000E+00  0.0000E+00  0.0000E+00  0.0000E+00  1.0000E+00  0.0000E+00  1.0000E+00  0.0000E+00  0.0000E+00
  1.0000E+01  0.0000E+00  7.0500E+04  0.0000E+00  1.0000E+00  0.0000E+00  0.0000E+00  0.0000E+00  0.0000E+00  1.0000E+00  0.0000E+00  1.0000E+00  0.0000E+00  0.0000E+00
  1.0000E+01  0.0000E+00  0.0000E+00  0.0000E+00  0.0000E+00  0.0000E+00  0.0000E+00  0.0000E+00  0.0000E+00  1.0000E+00  0.0000E+00  1.0000E+00  0.0000E+00  0.0000E+00
  1.0000E+01  2.5000E-01  0.0000E+00  7.4900E+00  0.0000E+00  9.9978E+00  0.0000E+00 -4.5816E-01  0.0000E+00  1.0000E+00  7.4900E+00  7.6865E+00  0.0000E+00  0.0000E+00
  1.0000E+01  5.0000E-01  0.0000E+00  1.1400E+01  0.0000E+00  1.8227E+01  0.0000E+00 -6.8417E-01  0.0000E+00  1.0000E+00  1.1400E+01  1.3621E+01  0.0000E+00  0.0000E+00
  1.0000E+01  1.0000E+00  0.0000E+00  4.4700E+01  0.0000E+00  3.0310E+01  0.0000E+00  8.6714E-01  0.0000E+00  1.0000E+00  4.4700E+01  2.1445E+01  0.0000E+00  0.0000E+00
  1.0000E+01  2.0000E+00  0.0000E+00  4.1200E+01  0.0000E+00  4.2006E+01  0.0000E+00 -3.5042E-02  0.0000E+00  1.0000E+00  4.1200E+01  2.6861E+01  0.0000E+00  0.0000E+00
  1.0000E+01  4.0000E+00  0.0000E+00  4.5400E+01  0.0000E+00  4.0741E+01  0.0000E+00  2.0887E-01  0.0000E+00  1.0000E+00  4.5400E+01  2.1967E+01  0.0000E+00  0.0000E+00
  1.0000E+01  6.0000E+00  0.0000E+00  7.5200E+01  0.0000E+00  4.4823E+01  0.0000E+00  1.2378E+00  0.0000E+00  1.0000E+00  7.5200E+01  2.3864E+01  0.0000E+00  0.0000E+00
  1.0000E+01  8.0000E+00  0.0000E+00  7.7200E+01  0.0000E+00  4.0964E+01  0.0000E+00  1.6157E+00  0.0000E+00  1.0000E+00  7.7200E+01  2.0804E+01  0.0000E+00  0.0000E+00
  1.0000E+01  1.2000E+01  0.0000E+00  4.3900E+01  0.0000E+00  3.1875E+01  0.0000E+00  6.8904E-01  0.0000E+00  1.0000E+00  4.3900E+01  1.5579E+01  0.0000E+00  0.0000E+00
  1.0000E+01  2.4000E+01  0.0000E+00  5.0000E-01  0.0000E+00  9.0905E-01  0.0000E+00 -8.2190E-01  1.0000E+00  1.0000E+00  5.0000E-01  9.9999E-01  0.0000E+00  0.0000E+00
  1.1000E+01  0.0000E+00  7.8600E+04  0.0000E+00  1.0000E+00  0.0000E+00  0.0000E+00  0.0000E+00  0.0000E+00  1.0000E+00  0.0000E+00  1.0000E+00  0.0000E+00  0.0000E+00
  1.1000E+01  0.0000E+00  7.8600E+04  0.0000E+00  1.0000E+00  0.0000E+00  0.0000E+00  0.0000E+00  0.0000E+00  1.0000E+00  0.0000E+00  1.0000E+00  0.0000E+00  0.0000E+00
  1.1000E+01  0.0000E+00  0.0000E+00  0.0000E+00  0.0000E+00  0.0000E+00  0.0000E+00  0.0000E+00  0.0000E+00  1.0000E+00  0.0000E+00  1.0000E+00  0.0000E+00  0.0000E+00
  1.1000E+01  2.5000E-01  0.0000E+00  4.7300E+00  0.0000E+00  1.2880E+01  0.0000E+00 -1.1558E+00  0.0000E+00  1.0000E+00  4.7300E+00  8.5696E+00  0.0000E+00  0.0000E+00
  1.1000E+01  5.0000E-01  0.0000E+00  8.1400E+00  0.0000E+00  2.2976E+01  0.0000E+00 -1.1794E+00  0.0000E+00  1.0000E+00  8.1400E+00  1.5186E+01  0.0000E+00  0.0000E+00
  1.1000E+01  1.0000E+00  0.0000E+00  1.2200E+01  0.0000E+00  3.6629E+01  0.0000E+00 -1.2182E+00  0.0000E+00  1.0000E+00  1.2200E+01  2.3909E+01  0.0000E+00  0.0000E+00
  1.1000E+01  2.0000E+00  0.0000E+00  1.1000E+02  0.0000E+00  4.6923E+01  0.0000E+00  2.4553E+00  0.0000E+00  1.0000E+00  1.1000E+02  2.9947E+01  0.0000E+00  0.0000E+00
  1.1000E+01  4.0000E+00  0.0000E+00  1.7000E+01  0.0000E+00  3.9761E+01  0.0000E+00 -1.0456E+00  0.0000E+00  1.0000E+00  1.7000E+01  2.4491E+01  0.0000E+00  0.0000E+00
  1.1000E+01  6.0000E+00  0.0000E+00  1.3500E+01  0.0000E+00  4.3132E+01  0.0000E+00 -1.2548E+00  0.0000E+00  1.0000E+00  1.3500E+01  2.6606E+01  0.0000E+00  0.0000E+00
  1.1000E+01  8.0000E+00  0.0000E+00  4.1300E+01  0.0000E+00  3.7905E+01  0.0000E+00  1.6357E-01  0.0000E+00  1.0000E+00  4.1300E+01  2.3195E+01  0.0000E+00  0.0000E+00
  1.1000E+01  1.2000E+01  0.0000E+00  4.7700E+01  0.0000E+00  2.8534E+01  0.0000E+00  1.2268E+00  0.0000E+00  1.0000E+00  4.7700E+01  1.7369E+01  0.0000E+00  0.0000E+00
  1.1000E+01  2.4000E+01  0.0000E+00  5.0000E-01  0.0000E+00  5.7506E-01  0.0000E+00 -2.3842E-01  1.0000E+00  1.0000E+00  5.0000E-01  9.9988E-01  0.0000E+00  0.0000E+00
  1.2000E+01  0.0000E+00  6.4500E+04  0.0000E+00  1.0000E+00  0.0000E+00  0.0000E+00  0.0000E+00  0.0000E+00  1.0000E+00  0.0000E+00  1.0000E+00  0.0000E+00  0.0000E+00
  1.2000E+01  0.0000E+00  6.4500E+04  0.0000E+00  1.0000E+00  0.0000E+00  0.0000E+00  0.0000E+00  0.0000E+00  1.0000E+00  0.0000E+00  1.0000E+00  0.0000E+00  0.0000E+00
  1.2000E+01  0.0000E+00  0.0000E+00  0.0000E+00  0.0000E+00  0.0000E+00  0.0000E+00  0.0000E+00  0.0000E+00  1.0000E+00  0.0000E+00  1.0000E+00  0.0000E+00  0.0000E+00
  1.2000E+01  2.5000E-01  0.0000E+00  0.0000E+00  0.0000E+00  9.2674E-01  0.0000E+00 -1.8265E+00  0.0000E+00  1.0000E+00  0.0000E+00  5.8581E-02  0.0000E+00  0.0000E+00
  1.2000E+01  5.0000E-01  0.0000E+00  0.0000E+00  0.0000E+00  1.7535E+00  0.0000E+00 -1.8265E+00  0.0000E+00  1.0000E+00  0.0000E+00  4.6482E-02  0.0000E+00  0.0000E+00
  1.2000E+01  1.0000E+00  0.0000E+00  1.6800E+00  0.0000E+00  3.1405E+00  0.0000E+00 -8.4943E-01  0.0000E+00  1.0000E+00  1.6800E+00  1.9620E+01  0.0000E+00  0.0000E+00
  1.2000E+01  2.0000E+00  0.0000E+00  4.5500E+00  0.0000E+00  5.0453E+00  0.0000E+00 -1.7932E-01  0.0000E+00  1.0000E+00  4.5500E+00  2.4575E+01  0.0000E+00  0.0000E+00
  1.2000E+01  4.0000E+00  0.0000E+00  8.0700E+00  0.0000E+00  6.5573E+00  0.0000E+00  4.2138E-01  0.0000E+00  1.0000E+00  8.0700E+00  2.0098E+01  0.0000E+00  0.0000E+00
  1.2000E+01  6.0000E+00  0.0000E+00  1.6500E+01  0.0000E+00  8.1757E+00  0.0000E+00  1.8597E+00  0.0000E+00  1.0000E+00  1.6500E+01  2.1833E+01  0.0000E+00  0.0000E+00
  1.2000E+01  8.0000E+00  0.0000E+00  8.9500E+00  0.0000E+00  8.7119E+00  0.0000E+00  4.9930E-02  0.0000E+00  1.0000E+00  8.9500E+00  1.9034E+01  0.0000E+00  0.0000E+00
  1.2000E+01  1.2000E+01  0.0000E+00  9.3700E+00  0.0000E+00  8.4985E+00  0.0000E+00  1.8731E-01  0.0000E+00  1.0000E+00  9.3700E+00  1.4253E+01  0.0000E+00  0.0000E+00
  1.2000E+01  2.4000E+01  0.0000E+00  1.8200E+00  0.0000E+00  1.7696E+00  0.0000E+00  5.1984E-02  0.0000E+00  1.0000E+00  1.8200E+00  2.7238E-01  0.0000E+00  0.0000E+00
  1.3000E+01  0.0000E+00  6.6900E+04  0.0000E+00  1.0000E+00  0.0000E+00  0.0000E+00  0.0000E+00  0.0000E+00  1.0000E+00  0.0000E+00  1.0000E+00  0.0000E+00  0.0000E+00
  1.3000E+01  0.0000E+00  6.6900E+04  0.0000E+00  1.0000E+00  0.0000E+00  0.0000E+00  0.0000E+00  0.0000E+00  1.0000E+00  0.0000E+00  1.0000E+00  0.0000E+00  0.0000E+00
  1.3000E+01  0.0000E+00  0.0000E+00  0.0000E+00  0.0000E+00  0.0000E+00  0.0000E+00  0.0000E+00  0.0000E+00  1.0000E+00  0.0000E+00  1.0000E+00  0.0000E+00  0.0000E+00
  1.3000E+01  2.5000E-01  0.0000E+00  2.8600E+00  0.0000E+00  2.4091E+00  0.0000E+00  3.4188E-01  0.0000E+00  1.0000E+00  2.8600E+00  7.2940E+00  0.0000E+00  0.0000E+00
  1.3000E+01  5.0000E-01  0.0000E+00  5.9700E+00  0.0000E+00  4.4953E+00  0.0000E+00  5.9919E-01  0.0000E+00  1.0000E+00  5.9700E+00  1.2926E+01  0.0000E+00  0.0000E+00
  1.3000E+01  1.0000E+00  0.0000E+00  9.6700E+00  0.0000E+00  7.8274E+00  0.0000E+00  4.2997E-01  0.0000E+00  1.0000E+00  9.6700E+00  2.0350E+01  0.0000E+00  0.0000E+00
  1.3000E+01  2.0000E+00  0.0000E+00  8.9800E+00  0.0000E+00  1.1874E+01  0.0000E+00 -4.4518E-01  0.0000E+00  1.0000E+00  8.9800E+00  2.5489E+01  0.0000E+00  0.0000E+00
  1.3000E+01  4.0000E+00  0.0000E+00  1.7100E+01  0.0000E+00  1.3704E+01  0.0000E+00  4.5267E-01  0.0000E+00  1.0000E+00  1.7100E+01  2.0846E+01  0.0000E+00  0.0000E+00
  1.3000E+01  6.0000E+00  0.0000E+00  2.7500E+01  0.0000E+00  1.6014E+01  0.0000E+00  1.3101E+00  0.0000E+00  1.0000E+00  2.7500E+01  2.2646E+01  0.0000E+00  0.0000E+00
  1.3000E+01  8.0000E+00  0.0000E+00  1.5000E+01  0.0000E+00  1.5827E+01  0.0000E+00 -9.5474E-02  0.0000E+00  1.0000E+00  1.5000E+01  1.9742E+01  0.0000E+00  0.0000E+00
  1.3000E+01  1.2000E+01  0.0000E+00  7.1400E+00  0.0000E+00  1.3610E+01  0.0000E+00 -8.6829E-01  0.0000E+00  1.0000E+00  7.1400E+00  1.4783E+01  0.0000E+00  0.0000E+00
  1.3000E+01  2.4000E+01  0.0000E+00  1.4000E+00  0.0000E+00  1.0555E+00  0.0000E+00  5.9613E-01  0.0000E+00  1.0000E+00  1.4000E+00  2.8252E-01  0.0000E+00  0.0000E+00
  1.4000E+01  0.0000E+00  7.7400E+04  0.0000E+00  1.0000E+00  0.0000E+00  0.0000E+00  0.0000E+00  0.0000E+00  1.0000E+00  0.0000E+00  1.0000E+00  0.0000E+00  0.0000E+00
  1.4000E+01  0.0000E+00  7.7400E+04  0.0000E+00  1.0000E+00  0.0000E+00  0.0000E+00  0.0000E+00  0.0000E+00  1.0000E+00  0.0000E+00  1.0000E+00  0.0000E+00  0.0000E+00
  1.4000E+01  0.0000E+00  0.0000E+00  0.0000E+00  0.0000E+00  0.0000E+00  0.0000E+00  0.0000E+00  0.0000E+00  1.0000E+00  0.0000E+00  1.0000E+00  0.0000E+00  0.0000E+00
  1.4000E+01  2.5000E-01  0.0000E+00  0.0000E+00  0.0000E+00  1.3222E+00  0.0000E+00 -1.8265E+00  0.0000E+00  1.0000E+00  0.0000E+00  5.3689E-02  0.0000E+00  0.0000E+00
  1.4000E+01  5.0000E-01  0.0000E+00  0.0000E+00  0.0000E+00  2.4852E+00  0.0000E+00 -1.8265E+00  0.0000E+00  1.0000E+00  0.0000E+00  4.4154E-02  0.0000E+00  0.0000E+00
  1.4000E+01  1.0000E+00  0.0000E+00  5.9400E+00  0.0000E+00  4.3915E+00  0.0000E+00  6.4403E-01  0.0000E+00  1.0000E+00  5.9400E+00  2.3544E+01  0.0000E+00  0.0000E+00
  1.4000E+01  2.0000E+00  0.0000E+00  9.3600E+00  0.0000E+00  6.8636E+00  0.0000E+00  6.6436E-01  0.0000E+00  1.0000E+00  9.3600E+00  2.9490E+01  0.0000E+00  0.0000E+00
  1.4000E+01  4.0000E+00  0.0000E+00  8.7400E+00  0.0000E+00  8.4197E+00  0.0000E+00  6.9475E-02  0.0000E+00  1.0000E+00  8.7400E+00  2.4117E+01  0.0000E+00  0.0000E+00
  1.4000E+01  6.0000E+00  0.0000E+00  1.6700E+01  0.0000E+00  1.0150E+01  0.0000E+00  1.1786E+00  0.0000E+00  1.0000E+00  1.6700E+01  2.6200E+01  0.0000E+00  0.0000E+00
  1.4000E+01  8.0000E+00  0.0000E+00  8.7500E+00  0.0000E+00  1.0404E+01  0.0000E+00 -2.9037E-01  0.0000E+00  1.0000E+00  8.7500E+00  2.2840E+01  0.0000E+00  0.0000E+00
  1.4000E+01  1.2000E+01  0.0000E+00  3.6200E+00  0.0000E+00  9.4818E+00  0.0000E+00 -1.1292E+00  0.0000E+00  1.0000E+00  3.6200E+00  1.7103E+01  0.0000E+00  0.0000E+00
  1.4000E+01  2.4000E+01  0.0000E+00  1.4600E+00  0.0000E+00  1.1996E+00  0.0000E+00  3.9640E-01  0.0000E+00  1.0000E+00  1.4600E+00  3.2686E-01  0.0000E+00  0.0000E+00
  1.5000E+01  0.0000E+00  2.2700E+05  0.0000E+00  1.0000E+00  0.0000E+00  0.0000E+00  0.0000E+00  0.0000E+00  1.0000E+00  0.0000E+00  1.0000E+00  0.0000E+00  0.0000E+00
  1.5000E+01  0.0000E+00  2.2700E+05  0.0000E+00  1.0000E+00  0.0000E+00  0.0000E+00  0.0000E+00  0.0000E+00  1.0000E+00  0.0000E+00  1.0000E+00  0.0000E+00  0.0000E+00
  1.5000E+01  0.0000E+00  0.0000E+00  0.0000E+00  0.0000E+00  0.0000E+00  0.0000E+00  0.0000E+00  0.0000E+00  1.0000E+00  0.0000E+00  1.0000E+00  0.0000E+00  0.0000E+00
  1.5000E+01  2.5000E-01  0.0000E+00  1.1600E+01  0.0000E+00  1.6903E+01  0.0000E+00 -5.7307E-01  0.0000E+00  1.0000E+00  1.1600E+01  2.4749E+01  0.0000E+00  0.0000E+00
  1.5000E+01  5.0000E-01  0.0000E+00  4.0600E+01  0.0000E+00  2.9659E+01  0.0000E+00  6.7377E-01  0.0000E+00  1.0000E+00  4.0600E+01  4.3859E+01  0.0000E+00  0.0000E+00
  1.5000E+01  1.0000E+00  0.0000E+00  7.2100E+01  0.0000E+00  4.5830E+01  0.0000E+00  1.0469E+00  0.0000E+00  1.0000E+00  7.2100E+01  6.9051E+01  0.0000E+00  0.0000E+00
  1.5000E+01  2.0000E+00  0.0000E+00  3.9700E+01  0.0000E+00  5.5548E+01  0.0000E+00 -5.2110E-01  0.0000E+00  1.0000E+00  3.9700E+01  8.6487E+01  0.0000E+00  0.0000E+00
  1.5000E+01  4.0000E+00  0.0000E+00  4.5700E+01  0.0000E+00  4.3255E+01  0.0000E+00  1.0326E-01  0.0000E+00  1.0000E+00  4.5700E+01  7.0732E+01  0.0000E+00  0.0000E+00
  1.5000E+01  6.0000E+00  0.0000E+00  6.1800E+01  0.0000E+00  4.7255E+01  0.0000E+00  5.6222E-01  0.0000E+00  1.0000E+00  6.1800E+01  7.6840E+01  0.0000E+00  0.0000E+00
  1.5000E+01  8.0000E+00  0.0000E+00  5.6100E+01  0.0000E+00  4.0783E+01  0.0000E+00  6.8597E-01  0.0000E+00  1.0000E+00  5.6100E+01  6.6987E+01  0.0000E+00  0.0000E+00
  1.5000E+01  1.2000E+01  0.0000E+00  2.7000E+01  0.0000E+00  3.0357E+01  0.0000E+00 -2.0196E-01  0.0000E+00  1.0000E+00  2.7000E+01  5.0161E+01  0.0000E+00  0.0000E+00
  1.5000E+01  2.4000E+01  0.0000E+00  5.0000E-01  0.0000E+00  5.4700E-01  0.0000E+00 -1.5694E-01  1.0000E+00  1.0000E+00  5.0000E-01  5.3143E-01  0.0000E+00  0.0000E+00
  1.6000E+01  0.0000E+00  2.1500E+05  0.0000E+00  1.0000E+00  0.0000E+00  0.0000E+00  0.0000E+00  0.0000E+00  1.0000E+00  0.0000E+00  1.0000E+00  0.0000E+00  0.0000E+00
  1.6000E+01  0.0000E+00  2.1500E+05  0.0000E+00  1.0000E+00  0.0000E+00  0.0000E+00  0.0000E+00  0.0000E+00  1.0000E+00  0.0000E+00  1.0000E+00  0.0000E+00  0.0000E+00
  1.6000E+01  0.0000E+00  0.0000E+00  0.0000E+00  0.0000E+00  0.0000E+00  0.0000E+00  0.0000E+00  0.0000E+00  1.0000E+00  0.0000E+00  1.0000E+00  0.0000E+00  0.0000E+00
  1.6000E+01  2.5000E-01  0.0000E+00  6.4700E+00  0.0000E+00  3.8586E+01  0.0000E+00 -1.5203E+00  0.0000E+00  1.0000E+00  6.4700E+00  2.3441E+01  0.0000E+00  0.0000E+00
  1.6000E+01  5.0000E-01  0.0000E+00  1.1400E+01  0.0000E+00  6.9828E+01  0.0000E+00 -1.5283E+00  0.0000E+00  1.0000E+00  1.1400E+01  4.1541E+01  0.0000E+00  0.0000E+00
  1.6000E+01  1.0000E+00  0.0000E+00  1.5500E+02  0.0000E+00  1.1445E+02  0.0000E+00  6.4716E-01  0.0000E+00  1.0000E+00  1.5500E+02  6.5401E+01  0.0000E+00  0.0000E+00
  1.6000E+01  2.0000E+00  0.0000E+00  1.9400E+02  0.0000E+00  1.5432E+02  0.0000E+00  4.6966E-01  0.0000E+00  1.0000E+00  1.9400E+02  8.1915E+01  0.0000E+00  0.0000E+00
  1.6000E+01  4.0000E+00  0.0000E+00  8.8000E+01  0.0000E+00  1.4252E+02  0.0000E+00 -6.9872E-01  0.0000E+00  1.0000E+00  8.8000E+01  6.6993E+01  0.0000E+00  0.0000E+00
  1.6000E+01  6.0000E+00  0.0000E+00  3.2400E+02  0.0000E+00  1.5546E+02  0.0000E+00  1.9803E+00  0.0000E+00  1.0000E+00  3.2400E+02  7.2778E+01  0.0000E+00  0.0000E+00
  1.6000E+01  8.0000E+00  0.0000E+00  2.5300E+02  0.0000E+00  1.3981E+02  0.0000E+00  1.4786E+00  0.0000E+00  1.0000E+00  2.5300E+02  6.3446E+01  0.0000E+00  0.0000E+00
  1.6000E+01  1.2000E+01  0.0000E+00  7.2500E+01  0.0000E+00  1.0717E+02  0.0000E+00 -5.9085E-01  0.0000E+00  1.0000E+00  7.2500E+01  4.7509E+01  0.0000E+00  0.0000E+00
  1.6000E+01  2.4000E+01  0.0000E+00  5.0000E-01  0.0000E+00  2.6042E+00  0.0000E+00 -1.4758E+00  1.0000E+00  1.0000E+00  5.0000E-01  5.7347E-01  0.0000E+00  0.0000E+00
  1.7000E+01  0.0000E+00  2.4900E+05  0.0000E+00  1.0000E+00  0.0000E+00  0.0000E+00  0.0000E+00  0.0000E+00  1.0000E+00  0.0000E+00  1.0000E+00  0.0000E+00  0.0000E+00
  1.7000E+01  0.0000E+00  2.4900E+05  0.0000E+00  1.0000E+00  0.0000E+00  0.0000E+00  0.0000E+00  0.0000E+00  1.0000E+00  0.0000E+00  1.0000E+00  0.0000E+00  0.0000E+00
  1.7000E+01  0.0000E+00  0.0000E+00  0.0000E+00  0.0000E+00  0.0000E+00  0.0000E+00  0.0000E+00  0.0000E+00  1.0000E+00  0.0000E+00  1.0000E+00  0.0000E+00  0.0000E+00
  1.7000E+01  2.5000E-01  0.0000E+00  1.0800E+01  0.0000E+00  1.2821E+01  0.0000E+00 -2.8787E-01  0.0000E+00  1.0000E+00  1.0800E+01  2.7148E+01  0.0000E+00  0.0000E+00
  1.7000E+01  5.0000E-01  0.0000E+00  1.7400E+01  0.0000E+00  2.3449E+01  0.0000E+00 -4.7121E-01  0.0000E+00  1.0000E+00  1.7400E+01  4.8110E+01  0.0000E+00  0.0000E+00
  1.7000E+01  1.0000E+00  0.0000E+00  4.2300E+01  0.0000E+00  3.9242E+01  0.0000E+00  1.4234E-01  0.0000E+00  1.0000E+00  4.2300E+01  7.5743E+01  0.0000E+00  0.0000E+00
  1.7000E+01  2.0000E+00  0.0000E+00  4.8500E+01  0.0000E+00  5.5050E+01  0.0000E+00 -2.1734E-01  0.0000E+00  1.0000E+00  4.8500E+01  9.4869E+01  0.0000E+00  0.0000E+00
  1.7000E+01  4.0000E+00  0.0000E+00  5.4500E+01  0.0000E+00  5.4599E+01  0.0000E+00 -3.3250E-03  0.0000E+00  1.0000E+00  5.4500E+01  7.7587E+01  0.0000E+00  0.0000E+00
  1.7000E+01  6.0000E+00  0.0000E+00  1.3500E+02  0.0000E+00  6.0384E+01  0.0000E+00  2.2570E+00  0.0000E+00  1.0000E+00  1.3500E+02  8.4287E+01  0.0000E+00  0.0000E+00
  1.7000E+01  8.0000E+00  0.0000E+00  6.3900E+01  0.0000E+00  5.5634E+01  0.0000E+00  2.7138E-01  0.0000E+00  1.0000E+00  6.3900E+01  7.3479E+01  0.0000E+00  0.0000E+00
  1.7000E+01  1.2000E+01  0.0000E+00  3.6300E+01  0.0000E+00  4.3656E+01  0.0000E+00 -3.0777E-01  0.0000E+00  1.0000E+00  3.6300E+01  5.5023E+01  0.0000E+00  0.0000E+00
  1.7000E+01  2.4000E+01  0.0000E+00  5.0000E-01  0.0000E+00  1.3618E+00  0.0000E+00 -1.1559E+00  1.0000E+00  1.0000E+00  5.0000E-01  4.6435E-01  0.0000E+00  0.0000E+00
