TABLE NO.  2
 ID          CL          V2          V3          Q           KA          F1          DOSE
  1.0000E+00  4.8445E+00  5.5481E+00  1.7346E+00  2.4740E-01  2.0827E-01  7.3102E-03  1.2500E+01
  1.0000E+00  4.8445E+00  5.5481E+00  1.7346E+00  2.4740E-01  2.0827E-01  7.3102E-03  1.2500E+01
  1.0000E+00  4.8445E+00  5.5481E+00  1.7346E+00  2.4740E-01  2.0827E-01  7.3102E-03  1.2500E+01
  1.0000E+00  4.8445E+00  5.5481E+00  1.7346E+00  2.4740E-01  2.0827E-01  7.3102E-03  1.2500E+01
  1.0000E+00  4.8445E+00  5.5481E+00  1.7346E+00  2.4740E-01  2.0827E-01  7.3102E-03  1.2500E+01
  1.0000E+00  4.8445E+00  5.5481E+00  1.7346E+00  2.4740E-01  2.0827E-01  7.3102E-03  1.2500E+01
  1.0000E+00  4.8445E+00  5.5481E+00  1.7346E+00  2.4740E-01  2.0827E-01  7.3102E-03  1.2500E+01
  1.0000E+00  4.8445E+00  5.5481E+00  1.7346E+00  2.4740E-01  2.0827E-01  7.3102E-03  1.2500E+01
  1.0000E+00  4.8445E+00  5.5481E+00  1.7346E+00  2.4740E-01  2.0827E-01  7.3102E-03  1.2500E+01
  1.0000E+00  4.8445E+00  5.5481E+00  1.7346E+00  2.4740E-01  2.0827E-01  7.3102E-03  1.2500E+01
  1.0000E+00  4.8445E+00  5.5481E+00  1.7346E+00  2.4740E-01  2.0827E-01  7.3102E-03  1.2500E+01
  1.0000E+00  4.8445E+00  5.5481E+00  1.7346E+00  2.4740E-01  2.0827E-01  7.3102E-03  1.2500E+01
  1.0000E+00  4.8445E+00  5.5481E+00  1.7346E+00  2.4740E-01  2.0827E-01  7.3102E-03  1.2500E+01
  2.0000E+00  4.8431E+00  1.3697E+01  1.7346E+00  2.4740E-01  2.0827E-01  1.1004E-02  1.2500E+01
  2.0000E+00  4.8431E+00  1.3697E+01  1.7346E+00  2.4740E-01  2.0827E-01  1.1004E-02  1.2500E+01
  2.0000E+00  4.8431E+00  1.3697E+01  1.7346E+00  2.4740E-01  2.0827E-01  1.1004E-02  1.2500E+01
  2.0000E+00  4.8431E+00  1.3697E+01  1.7346E+00  2.4740E-01  2.0827E-01  1.1004E-02  1.2500E+01
  2.0000E+00  4.8431E+00  1.3697E+01  1.7346E+00  2.4740E-01  2.0827E-01  1.1004E-02  1.2500E+01
  2.0000E+00  4.8431E+00  1.3697E+01  1.7346E+00  2.4740E-01  2.0827E-01  1.1004E-02  1.2500E+01
  2.0000E+00  4.8431E+00  1.3697E+01  1.7346E+00  2.4740E-01  2.0827E-01  1.1004E-02  1.2500E+01
  2.0000E+00  4.8431E+00  1.3697E+01  1.7346E+00  2.4740E-01  2.0827E-01  1.1004E-02  1.2500E+01
  2.0000E+00  4.8431E+00  1.3697E+01  1.7346E+00  2.4740E-01  2.0827E-01  1.1004E-02  1.2500E+01
  2.0000E+00  4.8431E+00  1.3697E+01  1.7346E+00  2.4740E-01  2.0827E-01  1.1004E-02  1.2500E+01
  2.0000E+00  4.8431E+00  1.3697E+01  1.7346E+00  2.4740E-01  2.0827E-01  1.1004E-02  1.2500E+01
  2.0000E+00  4.8431E+00  1.3697E+01  1.7346E+00  2.4740E-01  2.0827E-01  1.1004E-02  1.2500E+01
  2.0000E+00  4.8431E+00  1.3697E+01  1.7346E+00  2.4740E-01  2.0827E-01  1.1004E-02  1.2500E+01
  3.0000E+00  4.8357E+00  3.1516E+00  1.7346E+00  2.4740E-01  2.0827E-01  1.0000E+00  2.5000E+00
  3.0000E+00  4.8357E+00  3.1516E+00  1.7346E+00  2.4740E-01  2.0827E-01  1.0000E+00  2.5000E+00
  3.0000E+00  4.8357E+00  3.1516E+00  1.7346E+00  2.4740E-01  2.0827E-01  1.0000E+00  2.5000E+00
  3.0000E+00  4.8357E+00  3.1516E+00  1.7346E+00  2.4740E-01  2.0827E-01  1.0000E+00  2.5000E+00
  3.0000E+00  4.8357E+00  3.1516E+00  1.7346E+00  2.4740E-01  2.0827E-01  1.0000E+00  2.5000E+00
  3.0000E+00  4.8357E+00  3.1516E+00  1.7346E+00  2.4740E-01  2.0827E-01  1.0000E+00  2.5000E+00
  3.0000E+00  4.8357E+00  3.1516E+00  1.7346E+00  2.4740E-01  2.0827E-01  1.0000E+00  2.5000E+00
  3.0000E+00  4.8357E+00  3.1516E+00  1.7346E+00  2.4740E-01  2.0827E-01  1.0000E+00  2.5000E+00
  3.0000E+00  4.8357E+00  3.1516E+00  1.7346E+00  2.4740E-01  2.0827E-01  1.0000E+00  2.5000E+00
  3.0000E+00  4.8357E+00  3.1516E+00  1.7346E+00  2.4740E-01  2.0827E-01  1.0000E+00  2.5000E+00
  3.0000E+00  4.8357E+00  3.1516E+00  1.7346E+00  2.4740E-01  2.0827E-01  1.0000E+00  2.5000E+00
  3.0000E+00  4.8357E+00  3.1516E+00  1.7346E+00  2.4740E-01  2.0827E-01  1.0000E+00  2.5000E+00
  4.0000E+00  4.8513E+00  2.6497E+00  1.7346E+00  2.4740E-01  2.0827E-01  1.0000E+00  2.5000E+00
  4.0000E+00  4.8513E+00  2.6497E+00  1.7346E+00  2.4740E-01  2.0827E-01  1.0000E+00  2.5000E+00
  4.0000E+00  4.8513E+00  2.6497E+00  1.7346E+00  2.4740E-01  2.0827E-01  1.0000E+00  2.5000E+00
  4.0000E+00  4.8513E+00  2.6497E+00  1.7346E+00  2.4740E-01  2.0827E-01  1.0000E+00  2.5000E+00
  4.0000E+00  4.8513E+00  2.6497E+00  1.7346E+00  2.4740E-01  2.0827E-01  1.0000E+00  2.5000E+00
  4.0000E+00  4.8513E+00  2.6497E+00  1.7346E+00  2.4740E-01  2.0827E-01  1.0000E+00  2.5000E+00
  4.0000E+00  4.8513E+00  2.6497E+00  1.7346E+00  2.4740E-01  2.0827E-01  1.0000E+00  2.5000E+00
  4.0000E+00  4.8513E+00  2.6497E+00  1.7346E+00  2.4740E-01  2.0827E-01  1.0000E+00  2.5000E+00
  4.0000E+00  4.8513E+00  2.6497E+00  1.7346E+00  2.4740E-01  2.0827E-01  1.0000E+00  2.5000E+00
  4.0000E+00  4.8513E+00  2.6497E+00  1.7346E+00  2.4740E-01  2.0827E-01  1.0000E+00  2.5000E+00
  4.0000E+00  4.8513E+00  2.6497E+00  1.7346E+00  2.4740E-01  2.0827E-01  1.0000E+00  2.5000E+00
  4.0000E+00  4.8513E+00  2.6497E+00  1.7346E+00  2.4740E-01  2.0827E-01  1.0000E+00  2.5000E+00
  5.0000E+00  4.8413E+00  2.6985E+00  1.7346E+00  2.4740E-01  2.0827E-01  1.0000E+00  2.5000E+00
  5.0000E+00  4.8413E+00  2.6985E+00  1.7346E+00  2.4740E-01  2.0827E-01  1.0000E+00  2.5000E+00
  5.0000E+00  4.8413E+00  2.6985E+00  1.7346E+00  2.4740E-01  2.0827E-01  1.0000E+00  2.5000E+00
  5.0000E+00  4.8413E+00  2.6985E+00  1.7346E+00  2.4740E-01  2.0827E-01  1.0000E+00  2.5000E+00
  5.0000E+00  4.8413E+00  2.6985E+00  1.7346E+00  2.4740E-01  2.0827E-01  1.0000E+00  2.5000E+00
  5.0000E+00  4.8413E+00  2.6985E+00  1.7346E+00  2.4740E-01  2.0827E-01  1.0000E+00  2.5000E+00
  5.0000E+00  4.8413E+00  2.6985E+00  1.7346E+00  2.4740E-01  2.0827E-01  1.0000E+00  2.5000E+00
  5.0000E+00  4.8413E+00  2.6985E+00  1.7346E+00  2.4740E-01  2.0827E-01  1.0000E+00  2.5000E+00
  5.0000E+00  4.8413E+00  2.6985E+00  1.7346E+00  2.4740E-01  2.0827E-01  1.0000E+00  2.5000E+00
  5.0000E+00  4.8413E+00  2.6985E+00  1.7346E+00  2.4740E-01  2.0827E-01  1.0000E+00  2.5000E+00
  5.0000E+00  4.8413E+00  2.6985E+00  1.7346E+00  2.4740E-01  2.0827E-01  1.0000E+00  2.5000E+00
  5.0000E+00  4.8413E+00  2.6985E+00  1.7346E+00  2.4740E-01  2.0827E-01  1.0000E+00  2.5000E+00
  6.0000E+00  4.8434E+00  6.0704E+00  1.7346E+00  2.4740E-01  2.0827E-01  1.2155E-02  1.0000E+01
  6.0000E+00  4.8434E+00  6.0704E+00  1.7346E+00  2.4740E-01  2.0827E-01  1.2155E-02  1.0000E+01
  6.0000E+00  4.8434E+00  6.0704E+00  1.7346E+00  2.4740E-01  2.0827E-01  1.2155E-02  1.0000E+01
  6.0000E+00  4.8434E+00  6.0704E+00  1.7346E+00  2.4740E-01  2.0827E-01  1.2155E-02  1.0000E+01
  6.0000E+00  4.8434E+00  6.0704E+00  1.7346E+00  2.4740E-01  2.0827E-01  1.2155E-02  1.0000E+01
  6.0000E+00  4.8434E+00  6.0704E+00  1.7346E+00  2.4740E-01  2.0827E-01  1.2155E-02  1.0000E+01
  6.0000E+00  4.8434E+00  6.0704E+00  1.7346E+00  2.4740E-01  2.0827E-01  1.2155E-02  1.0000E+01
  6.0000E+00  4.8434E+00  6.0704E+00  1.7346E+00  2.4740E-01  2.0827E-01  1.2155E-02  1.0000E+01
  6.0000E+00  4.8434E+00  6.0704E+00  1.7346E+00  2.4740E-01  2.0827E-01  1.2155E-02  1.0000E+01
  6.0000E+00  4.8434E+00  6.0704E+00  1.7346E+00  2.4740E-01  2.0827E-01  1.2155E-02  1.0000E+01
  6.0000E+00  4.8434E+00  6.0704E+00  1.7346E+00  2.4740E-01  2.0827E-01  1.2155E-02  1.0000E+01
  6.0000E+00  4.8434E+00  6.0704E+00  1.7346E+00  2.4740E-01  2.0827E-01  1.2155E-02  1.0000E+01
  7.0000E+00  4.8436E+00  3.3392E+00  1.7346E+00  2.4740E-01  2.0827E-01  1.4108E-02  1.0000E+01
  7.0000E+00  4.8436E+00  3.3392E+00  1.7346E+00  2.4740E-01  2.0827E-01  1.4108E-02  1.0000E+01
  7.0000E+00  4.8436E+00  3.3392E+00  1.7346E+00  2.4740E-01  2.0827E-01  1.4108E-02  1.0000E+01
  7.0000E+00  4.8436E+00  3.3392E+00  1.7346E+00  2.4740E-01  2.0827E-01  1.4108E-02  1.0000E+01
  7.0000E+00  4.8436E+00  3.3392E+00  1.7346E+00  2.4740E-01  2.0827E-01  1.4108E-02  1.0000E+01
  7.0000E+00  4.8436E+00  3.3392E+00  1.7346E+00  2.4740E-01  2.0827E-01  1.4108E-02  1.0000E+01
  7.0000E+00  4.8436E+00  3.3392E+00  1.7346E+00  2.4740E-01  2.0827E-01  1.4108E-02  1.0000E+01
  7.0000E+00  4.8436E+00  3.3392E+00  1.7346E+00  2.4740E-01  2.0827E-01  1.4108E-02  1.0000E+01
  7.0000E+00  4.8436E+00  3.3392E+00  1.7346E+00  2.4740E-01  2.0827E-01  1.4108E-02  1.0000E+01
  7.0000E+00  4.8436E+00  3.3392E+00  1.7346E+00  2.4740E-01  2.0827E-01  1.4108E-02  1.0000E+01
  7.0000E+00  4.8436E+00  3.3392E+00  1.7346E+00  2.4740E-01  2.0827E-01  1.4108E-02  1.0000E+01
  7.0000E+00  4.8436E+00  3.3392E+00  1.7346E+00  2.4740E-01  2.0827E-01  1.4108E-02  1.0000E+01
  8.0000E+00  4.8437E+00  2.1971E+00  1.7346E+00  2.4740E-01  2.0827E-01  1.4573E-02  1.0000E+01
  8.0000E+00  4.8437E+00  2.1971E+00  1.7346E+00  2.4740E-01  2.0827E-01  1.4573E-02  1.0000E+01
  8.0000E+00  4.8437E+00  2.1971E+00  1.7346E+00  2.4740E-01  2.0827E-01  1.4573E-02  1.0000E+01
  8.0000E+00  4.8437E+00  2.1971E+00  1.7346E+00  2.4740E-01  2.0827E-01  1.4573E-02  1.0000E+01
  8.0000E+00  4.8437E+00  2.1971E+00  1.7346E+00  2.4740E-01  2.0827E-01  1.4573E-02  1.0000E+01
  8.0000E+00  4.8437E+00  2.1971E+00  1.7346E+00  2.4740E-01  2.0827E-01  1.4573E-02  1.0000E+01
  8.0000E+00  4.8437E+00  2.1971E+00  1.7346E+00  2.4740E-01  2.0827E-01  1.4573E-02  1.0000E+01
  8.0000E+00  4.8437E+00  2.1971E+00  1.7346E+00  2.4740E-01  2.0827E-01  1.4573E-02  1.0000E+01
  8.0000E+00  4.8437E+00  2.1971E+00  1.7346E+00  2.4740E-01  2.0827E-01  1.4573E-02  1.0000E+01
  8.0000E+00  4.8437E+00  2.1971E+00  1.7346E+00  2.4740E-01  2.0827E-01  1.4573E-02  1.0000E+01
  8.0000E+00  4.8437E+00  2.1971E+00  1.7346E+00  2.4740E-01  2.0827E-01  1.4573E-02  1.0000E+01
  8.0000E+00  4.8437E+00  2.1971E+00  1.7346E+00  2.4740E-01  2.0827E-01  1.4573E-02  1.0000E+01
  9.0000E+00  4.8434E+00  6.5745E-01  1.7346E+00  2.4740E-01  2.0827E-01  3.0117E-02  3.0000E+01
  9.0000E+00  4.8434E+00  6.5745E-01  1.7346E+00  2.4740E-01  2.0827E-01  3.0117E-02  3.0000E+01
  9.0000E+00  4.8434E+00  6.5745E-01  1.7346E+00  2.4740E-01  2.0827E-01  3.0117E-02  3.0000E+01
  9.0000E+00  4.8434E+00  6.5745E-01  1.7346E+00  2.4740E-01  2.0827E-01  3.0117E-02  3.0000E+01
  9.0000E+00  4.8434E+00  6.5745E-01  1.7346E+00  2.4740E-01  2.0827E-01  3.0117E-02  3.0000E+01
  9.0000E+00  4.8434E+00  6.5745E-01  1.7346E+00  2.4740E-01  2.0827E-01  3.0117E-02  3.0000E+01
  9.0000E+00  4.8434E+00  6.5745E-01  1.7346E+00  2.4740E-01  2.0827E-01  3.0117E-02  3.0000E+01
  9.0000E+00  4.8434E+00  6.5745E-01  1.7346E+00  2.4740E-01  2.0827E-01  3.0117E-02  3.0000E+01
  9.0000E+00  4.8434E+00  6.5745E-01  1.7346E+00  2.4740E-01  2.0827E-01  3.0117E-02  3.0000E+01
  9.0000E+00  4.8434E+00  6.5745E-01  1.7346E+00  2.4740E-01  2.0827E-01  3.0117E-02  3.0000E+01
  9.0000E+00  4.8434E+00  6.5745E-01  1.7346E+00  2.4740E-01  2.0827E-01  3.0117E-02  3.0000E+01
  9.0000E+00  4.8434E+00  6.5745E-01  1.7346E+00  2.4740E-01  2.0827E-01  3.0117E-02  3.0000E+01
  1.0000E+01  4.8416E+00  8.9487E+00  1.7346E+00  2.4740E-01  2.0827E-01  2.9431E-02  3.0000E+01
  1.0000E+01  4.8416E+00  8.9487E+00  1.7346E+00  2.4740E-01  2.0827E-01  2.9431E-02  3.0000E+01
  1.0000E+01  4.8416E+00  8.9487E+00  1.7346E+00  2.4740E-01  2.0827E-01  2.9431E-02  3.0000E+01
  1.0000E+01  4.8416E+00  8.9487E+00  1.7346E+00  2.4740E-01  2.0827E-01  2.9431E-02  3.0000E+01
  1.0000E+01  4.8416E+00  8.9487E+00  1.7346E+00  2.4740E-01  2.0827E-01  2.9431E-02  3.0000E+01
  1.0000E+01  4.8416E+00  8.9487E+00  1.7346E+00  2.4740E-01  2.0827E-01  2.9431E-02  3.0000E+01
  1.0000E+01  4.8416E+00  8.9487E+00  1.7346E+00  2.4740E-01  2.0827E-01  2.9431E-02  3.0000E+01
  1.0000E+01  4.8416E+00  8.9487E+00  1.7346E+00  2.4740E-01  2.0827E-01  2.9431E-02  3.0000E+01
  1.0000E+01  4.8416E+00  8.9487E+00  1.7346E+00  2.4740E-01  2.0827E-01  2.9431E-02  3.0000E+01
  1.0000E+01  4.8416E+00  8.9487E+00  1.7346E+00  2.4740E-01  2.0827E-01  2.9431E-02  3.0000E+01
  1.0000E+01  4.8416E+00  8.9487E+00  1.7346E+00  2.4740E-01  2.0827E-01  2.9431E-02  3.0000E+01
  1.0000E+01  4.8416E+00  8.9487E+00  1.7346E+00  2.4740E-01  2.0827E-01  2.9431E-02  3.0000E+01
  1.1000E+01  4.8418E+00  9.2228E+00  1.7346E+00  2.4740E-01  2.0827E-01  2.5981E-02  3.0000E+01
  1.1000E+01  4.8418E+00  9.2228E+00  1.7346E+00  2.4740E-01  2.0827E-01  2.5981E-02  3.0000E+01
  1.1000E+01  4.8418E+00  9.2228E+00  1.7346E+00  2.4740E-01  2.0827E-01  2.5981E-02  3.0000E+01
  1.1000E+01  4.8418E+00  9.2228E+00  1.7346E+00  2.4740E-01  2.0827E-01  2.5981E-02  3.0000E+01
  1.1000E+01  4.8418E+00  9.2228E+00  1.7346E+00  2.4740E-01  2.0827E-01  2.5981E-02  3.0000E+01
  1.1000E+01  4.8418E+00  9.2228E+00  1.7346E+00  2.4740E-01  2.0827E-01  2.5981E-02  3.0000E+01
  1.1000E+01  4.8418E+00  9.2228E+00  1.7346E+00  2.4740E-01  2.0827E-01  2.5981E-02  3.0000E+01
  1.1000E+01  4.8418E+00  9.2228E+00  1.7346E+00  2.4740E-01  2.0827E-01  2.5981E-02  3.0000E+01
  1.1000E+01  4.8418E+00  9.2228E+00  1.7346E+00  2.4740E-01  2.0827E-01  2.5981E-02  3.0000E+01
  1.1000E+01  4.8418E+00  9.2228E+00  1.7346E+00  2.4740E-01  2.0827E-01  2.5981E-02  3.0000E+01
  1.1000E+01  4.8418E+00  9.2228E+00  1.7346E+00  2.4740E-01  2.0827E-01  2.5981E-02  3.0000E+01
  1.1000E+01  4.8418E+00  9.2228E+00  1.7346E+00  2.4740E-01  2.0827E-01  2.5981E-02  3.0000E+01
  1.2000E+01  4.8435E+00  2.7344E+01  1.7346E+00  2.4740E-01  2.0827E-01  6.7544E-03  3.0000E+01
  1.2000E+01  4.8435E+00  2.7344E+01  1.7346E+00  2.4740E-01  2.0827E-01  6.7544E-03  3.0000E+01
  1.2000E+01  4.8435E+00  2.7344E+01  1.7346E+00  2.4740E-01  2.0827E-01  6.7544E-03  3.0000E+01
  1.2000E+01  4.8435E+00  2.7344E+01  1.7346E+00  2.4740E-01  2.0827E-01  6.7544E-03  3.0000E+01
  1.2000E+01  4.8435E+00  2.7344E+01  1.7346E+00  2.4740E-01  2.0827E-01  6.7544E-03  3.0000E+01
  1.2000E+01  4.8435E+00  2.7344E+01  1.7346E+00  2.4740E-01  2.0827E-01  6.7544E-03  3.0000E+01
  1.2000E+01  4.8435E+00  2.7344E+01  1.7346E+00  2.4740E-01  2.0827E-01  6.7544E-03  3.0000E+01
  1.2000E+01  4.8435E+00  2.7344E+01  1.7346E+00  2.4740E-01  2.0827E-01  6.7544E-03  3.0000E+01
  1.2000E+01  4.8435E+00  2.7344E+01  1.7346E+00  2.4740E-01  2.0827E-01  6.7544E-03  3.0000E+01
  1.2000E+01  4.8435E+00  2.7344E+01  1.7346E+00  2.4740E-01  2.0827E-01  6.7544E-03  3.0000E+01
  1.2000E+01  4.8435E+00  2.7344E+01  1.7346E+00  2.4740E-01  2.0827E-01  6.7544E-03  3.0000E+01
  1.2000E+01  4.8435E+00  2.7344E+01  1.7346E+00  2.4740E-01  2.0827E-01  6.7544E-03  3.0000E+01
  1.3000E+01  4.8432E+00  8.1201E+00  1.7346E+00  2.4740E-01  2.0827E-01  9.9983E-03  3.0000E+01
  1.3000E+01  4.8432E+00  8.1201E+00  1.7346E+00  2.4740E-01  2.0827E-01  9.9983E-03  3.0000E+01
  1.3000E+01  4.8432E+00  8.1201E+00  1.7346E+00  2.4740E-01  2.0827E-01  9.9983E-03  3.0000E+01
  1.3000E+01  4.8432E+00  8.1201E+00  1.7346E+00  2.4740E-01  2.0827E-01  9.9983E-03  3.0000E+01
  1.3000E+01  4.8432E+00  8.1201E+00  1.7346E+00  2.4740E-01  2.0827E-01  9.9983E-03  3.0000E+01
  1.3000E+01  4.8432E+00  8.1201E+00  1.7346E+00  2.4740E-01  2.0827E-01  9.9983E-03  3.0000E+01
  1.3000E+01  4.8432E+00  8.1201E+00  1.7346E+00  2.4740E-01  2.0827E-01  9.9983E-03  3.0000E+01
  1.3000E+01  4.8432E+00  8.1201E+00  1.7346E+00  2.4740E-01  2.0827E-01  9.9983E-03  3.0000E+01
  1.3000E+01  4.8432E+00  8.1201E+00  1.7346E+00  2.4740E-01  2.0827E-01  9.9983E-03  3.0000E+01
  1.3000E+01  4.8432E+00  8.1201E+00  1.7346E+00  2.4740E-01  2.0827E-01  9.9983E-03  3.0000E+01
  1.3000E+01  4.8432E+00  8.1201E+00  1.7346E+00  2.4740E-01  2.0827E-01  9.9983E-03  3.0000E+01
  1.3000E+01  4.8432E+00  8.1201E+00  1.7346E+00  2.4740E-01  2.0827E-01  9.9983E-03  3.0000E+01
  1.4000E+01  4.8440E+00  1.7092E+01  1.7346E+00  2.4740E-01  2.0827E-01  5.8673E-03  3.0000E+01
  1.4000E+01  4.8440E+00  1.7092E+01  1.7346E+00  2.4740E-01  2.0827E-01  5.8673E-03  3.0000E+01
  1.4000E+01  4.8440E+00  1.7092E+01  1.7346E+00  2.4740E-01  2.0827E-01  5.8673E-03  3.0000E+01
  1.4000E+01  4.8440E+00  1.7092E+01  1.7346E+00  2.4740E-01  2.0827E-01  5.8673E-03  3.0000E+01
  1.4000E+01  4.8440E+00  1.7092E+01  1.7346E+00  2.4740E-01  2.0827E-01  5.8673E-03  3.0000E+01
  1.4000E+01  4.8440E+00  1.7092E+01  1.7346E+00  2.4740E-01  2.0827E-01  5.8673E-03  3.0000E+01
  1.4000E+01  4.8440E+00  1.7092E+01  1.7346E+00  2.4740E-01  2.0827E-01  5.8673E-03  3.0000E+01
  1.4000E+01  4.8440E+00  1.7092E+01  1.7346E+00  2.4740E-01  2.0827E-01  5.8673E-03  3.0000E+01
  1.4000E+01  4.8440E+00  1.7092E+01  1.7346E+00  2.4740E-01  2.0827E-01  5.8673E-03  3.0000E+01
  1.4000E+01  4.8440E+00  1.7092E+01  1.7346E+00  2.4740E-01  2.0827E-01  5.8673E-03  3.0000E+01
  1.4000E+01  4.8440E+00  1.7092E+01  1.7346E+00  2.4740E-01  2.0827E-01  5.8673E-03  3.0000E+01
  1.4000E+01  4.8440E+00  1.7092E+01  1.7346E+00  2.4740E-01  2.0827E-01  5.8673E-03  3.0000E+01
  1.5000E+01  4.8446E+00  3.9265E+00  1.7346E+00  2.4740E-01  2.0827E-01  8.7542E-03  1.0000E+02
  1.5000E+01  4.8446E+00  3.9265E+00  1.7346E+00  2.4740E-01  2.0827E-01  8.7542E-03  1.0000E+02
  1.5000E+01  4.8446E+00  3.9265E+00  1.7346E+00  2.4740E-01  2.0827E-01  8.7542E-03  1.0000E+02
  1.5000E+01  4.8446E+00  3.9265E+00  1.7346E+00  2.4740E-01  2.0827E-01  8.7542E-03  1.0000E+02
  1.5000E+01  4.8446E+00  3.9265E+00  1.7346E+00  2.4740E-01  2.0827E-01  8.7542E-03  1.0000E+02
  1.5000E+01  4.8446E+00  3.9265E+00  1.7346E+00  2.4740E-01  2.0827E-01  8.7542E-03  1.0000E+02
  1.5000E+01  4.8446E+00  3.9265E+00  1.7346E+00  2.4740E-01  2.0827E-01  8.7542E-03  1.0000E+02
  1.5000E+01  4.8446E+00  3.9265E+00  1.7346E+00  2.4740E-01  2.0827E-01  8.7542E-03  1.0000E+02
  1.5000E+01  4.8446E+00  3.9265E+00  1.7346E+00  2.4740E-01  2.0827E-01  8.7542E-03  1.0000E+02
  1.5000E+01  4.8446E+00  3.9265E+00  1.7346E+00  2.4740E-01  2.0827E-01  8.7542E-03  1.0000E+02
  1.5000E+01  4.8446E+00  3.9265E+00  1.7346E+00  2.4740E-01  2.0827E-01  8.7542E-03  1.0000E+02
  1.5000E+01  4.8446E+00  3.9265E+00  1.7346E+00  2.4740E-01  2.0827E-01  8.7542E-03  1.0000E+02
  1.6000E+01  4.8416E+00  8.7459E+00  1.7346E+00  2.4740E-01  2.0827E-01  2.9037E-02  1.0000E+02
  1.6000E+01  4.8416E+00  8.7459E+00  1.7346E+00  2.4740E-01  2.0827E-01  2.9037E-02  1.0000E+02
  1.6000E+01  4.8416E+00  8.7459E+00  1.7346E+00  2.4740E-01  2.0827E-01  2.9037E-02  1.0000E+02
  1.6000E+01  4.8416E+00  8.7459E+00  1.7346E+00  2.4740E-01  2.0827E-01  2.9037E-02  1.0000E+02
  1.6000E+01  4.8416E+00  8.7459E+00  1.7346E+00  2.4740E-01  2.0827E-01  2.9037E-02  1.0000E+02
  1.6000E+01  4.8416E+00  8.7459E+00  1.7346E+00  2.4740E-01  2.0827E-01  2.9037E-02  1.0000E+02
  1.6000E+01  4.8416E+00  8.7459E+00  1.7346E+00  2.4740E-01  2.0827E-01  2.9037E-02  1.0000E+02
  1.6000E+01  4.8416E+00  8.7459E+00  1.7346E+00  2.4740E-01  2.0827E-01  2.9037E-02  1.0000E+02
  1.6000E+01  4.8416E+00  8.7459E+00  1.7346E+00  2.4740E-01  2.0827E-01  2.9037E-02  1.0000E+02
  1.6000E+01  4.8416E+00  8.7459E+00  1.7346E+00  2.4740E-01  2.0827E-01  2.9037E-02  1.0000E+02
  1.6000E+01  4.8416E+00  8.7459E+00  1.7346E+00  2.4740E-01  2.0827E-01  2.9037E-02  1.0000E+02
  1.6000E+01  4.8416E+00  8.7459E+00  1.7346E+00  2.4740E-01  2.0827E-01  2.9037E-02  1.0000E+02
  1.7000E+01  4.8438E+00  7.4750E+00  1.7346E+00  2.4740E-01  2.0827E-01  9.9528E-03  1.0000E+02
  1.7000E+01  4.8438E+00  7.4750E+00  1.7346E+00  2.4740E-01  2.0827E-01  9.9528E-03  1.0000E+02
  1.7000E+01  4.8438E+00  7.4750E+00  1.7346E+00  2.4740E-01  2.0827E-01  9.9528E-03  1.0000E+02
  1.7000E+01  4.8438E+00  7.4750E+00  1.7346E+00  2.4740E-01  2.0827E-01  9.9528E-03  1.0000E+02
  1.7000E+01  4.8438E+00  7.4750E+00  1.7346E+00  2.4740E-01  2.0827E-01  9.9528E-03  1.0000E+02
  1.7000E+01  4.8438E+00  7.4750E+00  1.7346E+00  2.4740E-01  2.0827E-01  9.9528E-03  1.0000E+02
  1.7000E+01  4.8438E+00  7.4750E+00  1.7346E+00  2.4740E-01  2.0827E-01  9.9528E-03  1.0000E+02
  1.7000E+01  4.8438E+00  7.4750E+00  1.7346E+00  2.4740E-01  2.0827E-01  9.9528E-03  1.0000E+02
  1.7000E+01  4.8438E+00  7.4750E+00  1.7346E+00  2.4740E-01  2.0827E-01  9.9528E-03  1.0000E+02
  1.7000E+01  4.8438E+00  7.4750E+00  1.7346E+00  2.4740E-01  2.0827E-01  9.9528E-03  1.0000E+02
  1.7000E+01  4.8438E+00  7.4750E+00  1.7346E+00  2.4740E-01  2.0827E-01  9.9528E-03  1.0000E+02
  1.7000E+01  4.8438E+00  7.4750E+00  1.7346E+00  2.4740E-01  2.0827E-01  9.9528E-03  1.0000E+02
