TABLE NO.  1
 ID          TIME        AMT         DV          MDV         IPRED       CWRES       IWRES       BQL         DV          PRED        RES         WRES
  1.0000E+00  0.0000E+00  2.9000E+04  0.0000E+00  1.0000E+00  0.0000E+00  0.0000E+00  0.0000E+00  0.0000E+00  0.0000E+00  1.0000E+00  0.0000E+00  0.0000E+00
  1.0000E+00  0.0000E+00  2.9000E+04  0.0000E+00  1.0000E+00  0.0000E+00  0.0000E+00  0.0000E+00  0.0000E+00  0.0000E+00  1.0000E+00  0.0000E+00  0.0000E+00
  1.0000E+00  0.0000E+00  0.0000E+00  0.0000E+00  0.0000E+00  0.0000E+00  0.0000E+00  0.0000E+00  0.0000E+00  0.0000E+00  1.0000E+00  0.0000E+00  0.0000E+00
  1.0000E+00  2.5000E-01  0.0000E+00  7.3000E-01  0.0000E+00  8.1841E-01  0.0000E+00 -2.0983E-01  0.0000E+00  7.3000E-01  2.4629E-01  0.0000E+00  0.0000E+00
  1.0000E+00  5.0000E-01  0.0000E+00  2.7500E+00  0.0000E+00  2.3341E+00  0.0000E+00  3.4611E-01  0.0000E+00  2.7500E+00  4.4100E+00  0.0000E+00  0.0000E+00
  1.0000E+00  1.0000E+00  0.0000E+00  7.2700E+00  0.0000E+00  4.4996E+00  0.0000E+00  1.1959E+00  0.0000E+00  7.2700E+00  8.5016E+00  0.0000E+00  0.0000E+00
  1.0000E+00  2.0000E+00  0.0000E+00  6.4500E+00  0.0000E+00  6.7484E+00  0.0000E+00 -8.5886E-02  0.0000E+00  6.4500E+00  1.2751E+01  0.0000E+00  0.0000E+00
  1.0000E+00  3.0000E+00  0.0000E+00  6.8500E+00  0.0000E+00  7.6701E+00  0.0000E+00 -2.0769E-01  0.0000E+00  6.8500E+00  1.4493E+01  0.0000E+00  0.0000E+00
  1.0000E+00  4.0000E+00  0.0000E+00  4.2300E+00  0.0000E+00  4.6768E+00  0.0000E+00 -1.8558E-01  0.0000E+00  4.2300E+00  8.8375E+00  0.0000E+00  0.0000E+00
  1.0000E+00  6.0000E+00  0.0000E+00  6.0300E+00  0.0000E+00  6.4685E+00  0.0000E+00 -1.3167E-01  0.0000E+00  6.0300E+00  1.2223E+01  0.0000E+00  0.0000E+00
  1.0000E+00  8.0000E+00  0.0000E+00  8.1100E+00  0.0000E+00  4.8785E+00  0.0000E+00  1.2866E+00  0.0000E+00  8.1100E+00  9.2184E+00  0.0000E+00  0.0000E+00
  1.0000E+00  1.2000E+01  0.0000E+00  5.0000E-01  0.0000E+00  2.2989E+00  0.0000E+00 -1.5199E+00  1.0000E+00  5.0000E-01  6.7425E-02  0.0000E+00  0.0000E+00
  1.0000E+00  2.4000E+01  0.0000E+00  5.0000E-01  0.0000E+00  2.4077E-01  0.0000E+00  2.0912E+00  1.0000E+00  5.0000E-01  9.9001E-01  0.0000E+00  0.0000E+00
  2.0000E+00  0.0000E+00  2.9000E+04  0.0000E+00  1.0000E+00  0.0000E+00  0.0000E+00  0.0000E+00  0.0000E+00  0.0000E+00  1.0000E+00  0.0000E+00  0.0000E+00
  2.0000E+00  0.0000E+00  2.9000E+04  0.0000E+00  1.0000E+00  0.0000E+00  0.0000E+00  0.0000E+00  0.0000E+00  0.0000E+00  1.0000E+00  0.0000E+00  0.0000E+00
  2.0000E+00  0.0000E+00  0.0000E+00  0.0000E+00  0.0000E+00  0.0000E+00  0.0000E+00  0.0000E+00  0.0000E+00  0.0000E+00  1.0000E+00  0.0000E+00  0.0000E+00
  2.0000E+00  2.5000E-01  0.0000E+00  1.2000E-01  0.0000E+00  5.1465E-01  0.0000E+00 -1.4895E+00  0.0000E+00  1.2000E-01  2.4629E-01  0.0000E+00  0.0000E+00
  2.0000E+00  5.0000E-01  0.0000E+00  1.8000E-01  0.0000E+00  1.5659E+00  0.0000E+00 -1.7191E+00  0.0000E+00  1.8000E-01  6.6556E-02  0.0000E+00  0.0000E+00
  2.0000E+00  1.0000E+00  0.0000E+00  1.4000E-01  0.0000E+00  3.3975E+00  0.0000E+00 -1.8624E+00  0.0000E+00  1.4000E-01  4.3272E-02  0.0000E+00  0.0000E+00
  2.0000E+00  2.0000E+00  0.0000E+00  1.1700E+00  0.0000E+00  6.1877E+00  0.0000E+00 -1.5751E+00  0.0000E+00  1.1700E+00  1.2751E+01  0.0000E+00  0.0000E+00
  2.0000E+00  3.0000E+00  0.0000E+00  8.4000E+00  0.0000E+00  8.1232E+00  0.0000E+00  6.6187E-02  0.0000E+00  8.4000E+00  1.4493E+01  0.0000E+00  0.0000E+00
  2.0000E+00  4.0000E+00  0.0000E+00  1.5500E+01  0.0000E+00  7.0617E+00  0.0000E+00  2.3210E+00  0.0000E+00  1.5500E+01  8.8375E+00  0.0000E+00  0.0000E+00
  2.0000E+00  6.0000E+00  0.0000E+00  8.5100E+00  0.0000E+00  8.8913E+00  0.0000E+00 -8.3308E-02  0.0000E+00  8.5100E+00  1.2223E+01  0.0000E+00  0.0000E+00
  2.0000E+00  8.0000E+00  0.0000E+00  6.0400E+00  0.0000E+00  7.9391E+00  0.0000E+00 -4.6464E-01  0.0000E+00  6.0400E+00  9.2184E+00  0.0000E+00  0.0000E+00
  2.0000E+00  1.2000E+01  0.0000E+00  5.0000E-01  0.0000E+00  4.6919E+00  0.0000E+00 -1.7354E+00  1.0000E+00  5.0000E-01  6.7425E-02  0.0000E+00  0.0000E+00
  2.0000E+00  2.4000E+01  0.0000E+00  5.0000E-01  0.0000E+00  5.9072E-01  0.0000E+00 -2.9831E-01  1.0000E+00  5.0000E-01  9.9001E-01  0.0000E+00  0.0000E+00
  3.0000E+00  0.0000E+00  5.4500E+03  0.0000E+00  1.0000E+00  1.7293E+03  0.0000E+00 -1.9424E+00  0.0000E+00  0.0000E+00  2.6165E-02  0.0000E+00  0.0000E+00
  3.0000E+00  1.7000E-02  0.0000E+00  2.5500E+03  0.0000E+00  1.6825E+03  0.0000E+00  1.0015E+00  0.0000E+00  2.5500E+03  9.6724E+02  0.0000E+00  0.0000E+00
  3.0000E+00  8.3500E-02  0.0000E+00  2.1100E+03  0.0000E+00  1.5115E+03  0.0000E+00  7.6919E-01  0.0000E+00  2.1100E+03  9.1000E+02  0.0000E+00  0.0000E+00
  3.0000E+00  2.5000E-01  0.0000E+00  1.4600E+03  0.0000E+00  1.1559E+03  0.0000E+00  5.1099E-01  0.0000E+00  1.4600E+03  7.8121E+02  0.0000E+00  0.0000E+00
  3.0000E+00  5.0000E-01  0.0000E+00  8.5300E+02  0.0000E+00  7.7344E+02  0.0000E+00  1.9981E-01  0.0000E+00  8.5300E+02  6.2149E+02  0.0000E+00  0.0000E+00
  3.0000E+00  1.0000E+00  0.0000E+00  5.5500E+02  0.0000E+00  3.4803E+02  0.0000E+00  1.1551E+00  0.0000E+00  5.5500E+02  3.9408E+02  0.0000E+00  0.0000E+00
  3.0000E+00  2.0000E+00  0.0000E+00  1.0300E+02  0.0000E+00  7.4053E+01  0.0000E+00  7.5926E-01  0.0000E+00  1.0300E+02  1.6035E+02  0.0000E+00  0.0000E+00
  3.0000E+00  4.0000E+00  0.0000E+00  7.4100E+00  0.0000E+00  7.7732E+00  0.0000E+00 -9.0766E-02  0.0000E+00  7.4100E+00  2.9852E+01  0.0000E+00  0.0000E+00
  3.0000E+00  6.0000E+00  0.0000E+00  4.4900E+00  0.0000E+00  4.0257E+00  0.0000E+00  2.2402E-01  0.0000E+00  4.4900E+00  8.2615E+00  0.0000E+00  0.0000E+00
  3.0000E+00  8.0000E+00  0.0000E+00  5.2500E+00  0.0000E+00  2.9982E+00  0.0000E+00  1.4589E+00  0.0000E+00  5.2500E+00  4.0287E+00  0.0000E+00  0.0000E+00
  3.0000E+00  1.2000E+01  0.0000E+00  2.4600E+00  0.0000E+00  1.7445E+00  0.0000E+00  7.9668E-01  0.0000E+00  2.4600E+00  2.0221E+00  0.0000E+00  0.0000E+00
  3.0000E+00  2.4000E+01  0.0000E+00  5.0000E-01  0.0000E+00  3.4502E-01  0.0000E+00  8.7248E-01  1.0000E+00  5.0000E-01  9.9824E-01  0.0000E+00  0.0000E+00
  4.0000E+00  0.0000E+00  5.9500E+03  0.0000E+00  1.0000E+00  2.2456E+03  0.0000E+00 -1.9424E+00  0.0000E+00  0.0000E+00  2.6155E-02  0.0000E+00  0.0000E+00
  4.0000E+00  1.7000E-02  0.0000E+00  2.3000E+03  0.0000E+00  2.1733E+03  0.0000E+00  1.1323E-01  0.0000E+00  2.3000E+03  1.0560E+03  0.0000E+00  0.0000E+00
  4.0000E+00  8.3500E-02  0.0000E+00  2.0000E+03  0.0000E+00  1.9123E+03  0.0000E+00  8.9027E-02  0.0000E+00  2.0000E+03  9.9348E+02  0.0000E+00  0.0000E+00
  4.0000E+00  2.5000E-01  0.0000E+00  1.2600E+03  0.0000E+00  1.3887E+03  0.0000E+00 -1.8003E-01  0.0000E+00  1.2600E+03  8.5288E+02  0.0000E+00  0.0000E+00
  4.0000E+00  5.0000E-01  0.0000E+00  7.3500E+02  0.0000E+00  8.5994E+02  0.0000E+00 -2.8221E-01  0.0000E+00  7.3500E+02  6.7851E+02  0.0000E+00  0.0000E+00
  4.0000E+00  1.0000E+00  0.0000E+00  4.3200E+02  0.0000E+00  3.3216E+02  0.0000E+00  5.8387E-01  0.0000E+00  4.3200E+02  4.3024E+02  0.0000E+00  0.0000E+00
  4.0000E+00  2.0000E+00  0.0000E+00  5.4600E+01  0.0000E+00  5.4051E+01  0.0000E+00  1.9745E-02  0.0000E+00  5.4600E+01  1.7507E+02  0.0000E+00  0.0000E+00
  4.0000E+00  4.0000E+00  0.0000E+00  7.2500E+00  0.0000E+00  6.4037E+00  0.0000E+00  2.5671E-01  0.0000E+00  7.2500E+00  3.2591E+01  0.0000E+00  0.0000E+00
  4.0000E+00  6.0000E+00  0.0000E+00  3.6500E+00  0.0000E+00  4.1551E+00  0.0000E+00 -2.3613E-01  0.0000E+00  3.6500E+00  9.0194E+00  0.0000E+00  0.0000E+00
  4.0000E+00  8.0000E+00  0.0000E+00  3.3200E+00  0.0000E+00  3.1554E+00  0.0000E+00  1.0131E-01  0.0000E+00  3.3200E+00  4.3984E+00  0.0000E+00  0.0000E+00
  4.0000E+00  1.2000E+01  0.0000E+00  1.6100E+00  0.0000E+00  1.8372E+00  0.0000E+00 -2.4022E-01  0.0000E+00  1.6100E+00  2.2076E+00  0.0000E+00  0.0000E+00
  4.0000E+00  2.4000E+01  0.0000E+00  5.0000E-01  0.0000E+00  3.6279E-01  0.0000E+00  7.3466E-01  1.0000E+00  5.0000E-01  9.9395E-01  0.0000E+00  0.0000E+00
  5.0000E+00  0.0000E+00  6.1000E+03  0.0000E+00  1.0000E+00  2.2605E+03  0.0000E+00 -1.9424E+00  0.0000E+00  0.0000E+00  2.6152E-02  0.0000E+00  0.0000E+00
  5.0000E+00  1.7000E-02  0.0000E+00  2.6900E+03  0.0000E+00  2.1892E+03  0.0000E+00  4.4431E-01  0.0000E+00  2.6900E+03  1.0826E+03  0.0000E+00  0.0000E+00
  5.0000E+00  8.3500E-02  0.0000E+00  2.0500E+03  0.0000E+00  1.9313E+03  0.0000E+00  1.1939E-01  0.0000E+00  2.0500E+03  1.0185E+03  0.0000E+00  0.0000E+00
  5.0000E+00  2.5000E-01  0.0000E+00  1.1600E+03  0.0000E+00  1.4115E+03  0.0000E+00 -3.4607E-01  0.0000E+00  1.1600E+03  8.7438E+02  0.0000E+00  0.0000E+00
  5.0000E+00  5.0000E-01  0.0000E+00  8.2000E+02  0.0000E+00  8.8246E+02  0.0000E+00 -1.3748E-01  0.0000E+00  8.2000E+02  6.9561E+02  0.0000E+00  0.0000E+00
  5.0000E+00  1.0000E+00  0.0000E+00  4.5600E+02  0.0000E+00  3.4735E+02  0.0000E+00  6.0760E-01  0.0000E+00  4.5600E+02  4.4108E+02  0.0000E+00  0.0000E+00
  5.0000E+00  2.0000E+00  0.0000E+00  5.7800E+01  0.0000E+00  5.8371E+01  0.0000E+00 -1.9010E-02  0.0000E+00  5.7800E+01  1.7948E+02  0.0000E+00  0.0000E+00
  5.0000E+00  4.0000E+00  0.0000E+00  6.8700E+00  0.0000E+00  6.7510E+00  0.0000E+00  3.4253E-02  0.0000E+00  6.8700E+00  3.3413E+01  0.0000E+00  0.0000E+00
  5.0000E+00  6.0000E+00  0.0000E+00  6.0500E+00  0.0000E+00  4.2949E+00  0.0000E+00  7.9375E-01  0.0000E+00  6.0500E+00  9.2468E+00  0.0000E+00  0.0000E+00
  5.0000E+00  8.0000E+00  0.0000E+00  6.1100E+00  0.0000E+00  3.2582E+00  0.0000E+00  1.7001E+00  0.0000E+00  6.1100E+00  4.5092E+00  0.0000E+00  0.0000E+00
  5.0000E+00  1.2000E+01  0.0000E+00  1.7100E+00  0.0000E+00  1.8972E+00  0.0000E+00 -1.9162E-01  0.0000E+00  1.7100E+00  2.2633E+00  0.0000E+00  0.0000E+00
  5.0000E+00  2.4000E+01  0.0000E+00  5.0000E-01  0.0000E+00  3.7474E-01  0.0000E+00  6.4927E-01  1.0000E+00  5.0000E-01  9.9180E-01  0.0000E+00  0.0000E+00
  6.0000E+00  0.0000E+00  2.1800E+04  0.0000E+00  1.0000E+00  0.0000E+00  0.0000E+00  0.0000E+00  0.0000E+00  0.0000E+00  1.0000E+00  0.0000E+00  0.0000E+00
  6.0000E+00  0.0000E+00  2.1800E+04  0.0000E+00  1.0000E+00  0.0000E+00  0.0000E+00  0.0000E+00  0.0000E+00  0.0000E+00  1.0000E+00  0.0000E+00  0.0000E+00
  6.0000E+00  0.0000E+00  0.0000E+00  0.0000E+00  0.0000E+00  0.0000E+00  0.0000E+00  0.0000E+00  0.0000E+00  0.0000E+00  1.0000E+00  0.0000E+00  0.0000E+00
  6.0000E+00  2.5000E-01  0.0000E+00  0.0000E+00  0.0000E+00  9.3908E-01  0.0000E+00 -1.9424E+00  0.0000E+00  0.0000E+00  3.9306E-01  0.0000E+00  0.0000E+00
  6.0000E+00  5.0000E-01  0.0000E+00  1.3900E+00  0.0000E+00  2.7030E+00  0.0000E+00 -9.4351E-01  0.0000E+00  1.3900E+00  3.3151E+00  0.0000E+00  0.0000E+00
  6.0000E+00  1.0000E+00  0.0000E+00  9.5800E+00  0.0000E+00  5.2958E+00  0.0000E+00  1.5713E+00  0.0000E+00  9.5800E+00  6.3909E+00  0.0000E+00  0.0000E+00
  6.0000E+00  2.0000E+00  0.0000E+00  9.5100E+00  0.0000E+00  8.1386E+00  0.0000E+00  3.2730E-01  0.0000E+00  9.5100E+00  9.5852E+00  0.0000E+00  0.0000E+00
  6.0000E+00  4.0000E+00  0.0000E+00  4.9900E+00  0.0000E+00  6.0123E+00  0.0000E+00 -3.3027E-01  0.0000E+00  4.9900E+00  6.6434E+00  0.0000E+00  0.0000E+00
  6.0000E+00  6.0000E+00  0.0000E+00  3.2100E+00  0.0000E+00  8.0744E+00  0.0000E+00 -1.1702E+00  0.0000E+00  3.2100E+00  9.1880E+00  0.0000E+00  0.0000E+00
  6.0000E+00  8.0000E+00  0.0000E+00  9.1800E+00  0.0000E+00  6.1809E+00  0.0000E+00  9.4250E-01  0.0000E+00  9.1800E+00  6.9297E+00  0.0000E+00  0.0000E+00
  6.0000E+00  1.2000E+01  0.0000E+00  3.8300E+00  0.0000E+00  2.9446E+00  0.0000E+00  5.8403E-01  0.0000E+00  3.8300E+00  3.2655E+00  0.0000E+00  0.0000E+00
  6.0000E+00  2.4000E+01  0.0000E+00  5.0000E-01  0.0000E+00  3.0938E-01  0.0000E+00  1.1968E+00  1.0000E+00  5.0000E-01  9.9991E-01  0.0000E+00  0.0000E+00
  7.0000E+00  0.0000E+00  2.3800E+04  0.0000E+00  1.0000E+00  0.0000E+00  0.0000E+00  0.0000E+00  0.0000E+00  0.0000E+00  1.0000E+00  0.0000E+00  0.0000E+00
  7.0000E+00  0.0000E+00  2.3800E+04  0.0000E+00  1.0000E+00  0.0000E+00  0.0000E+00  0.0000E+00  0.0000E+00  0.0000E+00  1.0000E+00  0.0000E+00  0.0000E+00
  7.0000E+00  0.0000E+00  0.0000E+00  0.0000E+00  0.0000E+00  0.0000E+00  0.0000E+00  0.0000E+00  0.0000E+00  0.0000E+00  1.0000E+00  0.0000E+00  0.0000E+00
  7.0000E+00  2.5000E-01  0.0000E+00  2.7200E+00  0.0000E+00  2.0819E+00  0.0000E+00  5.9533E-01  0.0000E+00  2.7200E+00  1.2690E+00  0.0000E+00  0.0000E+00
  7.0000E+00  5.0000E-01  0.0000E+00  3.0600E+00  0.0000E+00  5.5450E+00  0.0000E+00 -8.7048E-01  0.0000E+00  3.0600E+00  3.6193E+00  0.0000E+00  0.0000E+00
  7.0000E+00  1.0000E+00  0.0000E+00  5.3900E+00  0.0000E+00  9.5354E+00  0.0000E+00 -8.4443E-01  0.0000E+00  5.3900E+00  6.9772E+00  0.0000E+00  0.0000E+00
  7.0000E+00  2.0000E+00  0.0000E+00  2.4700E+01  0.0000E+00  1.2308E+01  0.0000E+00  1.9555E+00  0.0000E+00  2.4700E+01  1.0465E+01  0.0000E+00  0.0000E+00
  7.0000E+00  4.0000E+00  0.0000E+00  3.7600E+00  0.0000E+00  5.5858E+00  0.0000E+00 -6.3490E-01  0.0000E+00  3.7600E+00  7.2528E+00  0.0000E+00  0.0000E+00
  7.0000E+00  6.0000E+00  0.0000E+00  3.1900E+00  0.0000E+00  1.0232E+01  0.0000E+00 -1.3368E+00  0.0000E+00  3.1900E+00  1.0031E+01  0.0000E+00  0.0000E+00
  7.0000E+00  8.0000E+00  0.0000E+00  6.4300E+00  0.0000E+00  7.1871E+00  0.0000E+00 -2.0462E-01  0.0000E+00  6.4300E+00  7.5655E+00  0.0000E+00  0.0000E+00
  7.0000E+00  1.2000E+01  0.0000E+00  4.9200E+00  0.0000E+00  3.2908E+00  0.0000E+00  9.6159E-01  0.0000E+00  4.9200E+00  3.5651E+00  0.0000E+00  0.0000E+00
  7.0000E+00  2.4000E+01  0.0000E+00  5.0000E-01  0.0000E+00  3.4174E-01  0.0000E+00  8.9949E-01  1.0000E+00  5.0000E-01  9.9944E-01  0.0000E+00  0.0000E+00
  8.0000E+00  0.0000E+00  2.4400E+04  0.0000E+00  1.0000E+00  0.0000E+00  0.0000E+00  0.0000E+00  0.0000E+00  0.0000E+00  1.0000E+00  0.0000E+00  0.0000E+00
  8.0000E+00  0.0000E+00  2.4400E+04  0.0000E+00  1.0000E+00  0.0000E+00  0.0000E+00  0.0000E+00  0.0000E+00  0.0000E+00  1.0000E+00  0.0000E+00  0.0000E+00
  8.0000E+00  0.0000E+00  0.0000E+00  0.0000E+00  0.0000E+00  0.0000E+00  0.0000E+00  0.0000E+00  0.0000E+00  0.0000E+00  1.0000E+00  0.0000E+00  0.0000E+00
  8.0000E+00  2.5000E-01  0.0000E+00  4.4400E+00  0.0000E+00  3.2078E+00  0.0000E+00  7.4615E-01  0.0000E+00  4.4400E+00  1.3010E+00  0.0000E+00  0.0000E+00
  8.0000E+00  5.0000E-01  0.0000E+00  9.7200E+00  0.0000E+00  7.8558E+00  0.0000E+00  4.6093E-01  0.0000E+00  9.7200E+00  3.7105E+00  0.0000E+00  0.0000E+00
  8.0000E+00  1.0000E+00  0.0000E+00  1.7700E+01  0.0000E+00  1.1936E+01  0.0000E+00  9.3806E-01  0.0000E+00  1.7700E+01  7.1531E+00  0.0000E+00  0.0000E+00
  8.0000E+00  2.0000E+00  0.0000E+00  7.3400E+00  0.0000E+00  1.3680E+01  0.0000E+00 -9.0020E-01  0.0000E+00  7.3400E+00  1.0728E+01  0.0000E+00  0.0000E+00
  8.0000E+00  4.0000E+00  0.0000E+00  4.9900E+00  0.0000E+00  3.9896E+00  0.0000E+00  4.8709E-01  0.0000E+00  4.9900E+00  7.4357E+00  0.0000E+00  0.0000E+00
  8.0000E+00  6.0000E+00  0.0000E+00  6.1800E+00  0.0000E+00  1.0691E+01  0.0000E+00 -8.1962E-01  0.0000E+00  6.1800E+00  1.0284E+01  0.0000E+00  0.0000E+00
  8.0000E+00  8.0000E+00  0.0000E+00  4.5600E+00  0.0000E+00  7.2678E+00  0.0000E+00 -7.2368E-01  0.0000E+00  4.5600E+00  7.7562E+00  0.0000E+00  0.0000E+00
  8.0000E+00  1.2000E+01  0.0000E+00  5.4200E+00  0.0000E+00  3.3154E+00  0.0000E+00  1.2330E+00  0.0000E+00  5.4200E+00  3.6550E+00  0.0000E+00  0.0000E+00
  8.0000E+00  2.4000E+01  0.0000E+00  5.0000E-01  0.0000E+00  3.4305E-01  0.0000E+00  8.8869E-01  1.0000E+00  5.0000E-01  9.9913E-01  0.0000E+00  0.0000E+00
  9.0000E+00  0.0000E+00  6.5700E+04  0.0000E+00  1.0000E+00  0.0000E+00  0.0000E+00  0.0000E+00  0.0000E+00  0.0000E+00  1.0000E+00  0.0000E+00  0.0000E+00
  9.0000E+00  0.0000E+00  6.5700E+04  0.0000E+00  1.0000E+00  0.0000E+00  0.0000E+00  0.0000E+00  0.0000E+00  0.0000E+00  1.0000E+00  0.0000E+00  0.0000E+00
  9.0000E+00  0.0000E+00  0.0000E+00  0.0000E+00  0.0000E+00  0.0000E+00  0.0000E+00  0.0000E+00  0.0000E+00  0.0000E+00  1.0000E+00  0.0000E+00  0.0000E+00
  9.0000E+00  2.5000E-01  0.0000E+00  6.1100E+01  0.0000E+00  4.5047E+01  0.0000E+00  6.9217E-01  0.0000E+00  6.1100E+01  3.5031E+00  0.0000E+00  0.0000E+00
  9.0000E+00  5.0000E-01  0.0000E+00  1.5100E+02  0.0000E+00  7.2156E+01  0.0000E+00  2.1224E+00  0.0000E+00  1.5100E+02  9.9910E+00  0.0000E+00  0.0000E+00
  9.0000E+00  1.0000E+00  0.0000E+00  6.1800E+01  0.0000E+00  7.6855E+01  0.0000E+00 -3.8049E-01  0.0000E+00  6.1800E+01  1.9261E+01  0.0000E+00  0.0000E+00
  9.0000E+00  2.0000E+00  0.0000E+00  2.9100E+01  0.0000E+00  7.7406E+01  0.0000E+00 -1.2122E+00  0.0000E+00  2.9100E+01  2.8888E+01  0.0000E+00  0.0000E+00
  9.0000E+00  4.0000E+00  0.0000E+00  1.2200E+01  0.0000E+00  7.5424E+00  0.0000E+00  1.1995E+00  0.0000E+00  1.2200E+01  2.0021E+01  0.0000E+00  0.0000E+00
  9.0000E+00  6.0000E+00  0.0000E+00  3.5300E+01  0.0000E+00  5.6491E+01  0.0000E+00 -7.2862E-01  0.0000E+00  3.5300E+01  2.7691E+01  0.0000E+00  0.0000E+00
  9.0000E+00  8.0000E+00  0.0000E+00  3.1900E+01  0.0000E+00  3.7979E+01  0.0000E+00 -3.1090E-01  0.0000E+00  3.1900E+01  2.0885E+01  0.0000E+00  0.0000E+00
  9.0000E+00  1.2000E+01  0.0000E+00  2.0000E+01  0.0000E+00  1.7305E+01  0.0000E+00  3.0253E-01  0.0000E+00  2.0000E+01  9.8414E+00  0.0000E+00  0.0000E+00
  9.0000E+00  2.4000E+01  0.0000E+00  5.0000E-01  0.0000E+00  1.7819E+00  0.0000E+00 -1.3974E+00  1.0000E+00  5.0000E-01  4.7685E-01  0.0000E+00  0.0000E+00
  1.0000E+01  0.0000E+00  7.0500E+04  0.0000E+00  1.0000E+00  0.0000E+00  0.0000E+00  0.0000E+00  0.0000E+00  0.0000E+00  1.0000E+00  0.0000E+00  0.0000E+00
  1.0000E+01  0.0000E+00  7.0500E+04  0.0000E+00  1.0000E+00  0.0000E+00  0.0000E+00  0.0000E+00  0.0000E+00  0.0000E+00  1.0000E+00  0.0000E+00  0.0000E+00
  1.0000E+01  0.0000E+00  0.0000E+00  0.0000E+00  0.0000E+00  0.0000E+00  0.0000E+00  0.0000E+00  0.0000E+00  0.0000E+00  1.0000E+00  0.0000E+00  0.0000E+00
  1.0000E+01  2.5000E-01  0.0000E+00  7.4900E+00  0.0000E+00  5.0649E+00  0.0000E+00  9.3000E-01  0.0000E+00  7.4900E+00  3.7591E+00  0.0000E+00  0.0000E+00
  1.0000E+01  5.0000E-01  0.0000E+00  1.1400E+01  0.0000E+00  1.5050E+01  0.0000E+00 -4.7105E-01  0.0000E+00  1.1400E+01  1.0721E+01  0.0000E+00  0.0000E+00
  1.0000E+01  1.0000E+00  0.0000E+00  4.4700E+01  0.0000E+00  3.1236E+01  0.0000E+00  8.3722E-01  0.0000E+00  4.4700E+01  2.0668E+01  0.0000E+00  0.0000E+00
  1.0000E+01  2.0000E+00  0.0000E+00  4.1200E+01  0.0000E+00  5.2660E+01  0.0000E+00 -4.2271E-01  0.0000E+00  4.1200E+01  3.0998E+01  0.0000E+00  0.0000E+00
  1.0000E+01  4.0000E+00  0.0000E+00  4.5400E+01  0.0000E+00  4.9365E+01  0.0000E+00 -1.5601E-01  0.0000E+00  4.5400E+01  2.1484E+01  0.0000E+00  0.0000E+00
  1.0000E+01  6.0000E+00  0.0000E+00  7.5200E+01  0.0000E+00  6.1991E+01  0.0000E+00  4.1389E-01  0.0000E+00  7.5200E+01  2.9714E+01  0.0000E+00  0.0000E+00
  1.0000E+01  8.0000E+00  0.0000E+00  7.7200E+01  0.0000E+00  5.0884E+01  0.0000E+00  1.0046E+00  0.0000E+00  7.7200E+01  2.2410E+01  0.0000E+00  0.0000E+00
  1.0000E+01  1.2000E+01  0.0000E+00  4.3900E+01  0.0000E+00  2.6177E+01  0.0000E+00  1.3151E+00  0.0000E+00  4.3900E+01  1.0560E+01  0.0000E+00  0.0000E+00
  1.0000E+01  2.4000E+01  0.0000E+00  5.0000E-01  0.0000E+00  2.8476E+00  0.0000E+00 -1.6013E+00  1.0000E+00  5.0000E-01  4.2608E-01  0.0000E+00  0.0000E+00
  1.1000E+01  0.0000E+00  7.8600E+04  0.0000E+00  1.0000E+00  0.0000E+00  0.0000E+00  0.0000E+00  0.0000E+00  0.0000E+00  1.0000E+00  0.0000E+00  0.0000E+00
  1.1000E+01  0.0000E+00  7.8600E+04  0.0000E+00  1.0000E+00  0.0000E+00  0.0000E+00  0.0000E+00  0.0000E+00  0.0000E+00  1.0000E+00  0.0000E+00  0.0000E+00
  1.1000E+01  0.0000E+00  0.0000E+00  0.0000E+00  0.0000E+00  0.0000E+00  0.0000E+00  0.0000E+00  0.0000E+00  0.0000E+00  1.0000E+00  0.0000E+00  0.0000E+00
  1.1000E+01  2.5000E-01  0.0000E+00  4.7300E+00  0.0000E+00  4.8413E+00  0.0000E+00 -4.4661E-02  0.0000E+00  4.7300E+00  4.1910E+00  0.0000E+00  0.0000E+00
  1.1000E+01  5.0000E-01  0.0000E+00  8.1400E+00  0.0000E+00  1.4414E+01  0.0000E+00 -8.4549E-01  0.0000E+00  8.1400E+00  1.1953E+01  0.0000E+00  0.0000E+00
  1.1000E+01  1.0000E+00  0.0000E+00  1.2200E+01  0.0000E+00  3.0029E+01  0.0000E+00 -1.1533E+00  0.0000E+00  1.2200E+01  2.3042E+01  0.0000E+00  0.0000E+00
  1.1000E+01  2.0000E+00  0.0000E+00  1.1000E+02  0.0000E+00  5.0944E+01  0.0000E+00  2.2517E+00  0.0000E+00  1.1000E+02  3.4560E+01  0.0000E+00  0.0000E+00
  1.1000E+01  4.0000E+00  0.0000E+00  1.7000E+01  0.0000E+00  4.8529E+01  0.0000E+00 -1.2620E+00  0.0000E+00  1.7000E+01  2.3953E+01  0.0000E+00  0.0000E+00
  1.1000E+01  6.0000E+00  0.0000E+00  1.3500E+01  0.0000E+00  6.0829E+01  0.0000E+00 -1.5113E+00  0.0000E+00  1.3500E+01  3.3127E+01  0.0000E+00  0.0000E+00
  1.1000E+01  8.0000E+00  0.0000E+00  4.1300E+01  0.0000E+00  5.0219E+01  0.0000E+00 -3.4498E-01  0.0000E+00  4.1300E+01  2.4985E+01  0.0000E+00  0.0000E+00
  1.1000E+01  1.2000E+01  0.0000E+00  4.7700E+01  0.0000E+00  2.6045E+01  0.0000E+00  1.6150E+00  0.0000E+00  4.7700E+01  1.1774E+01  0.0000E+00  0.0000E+00
  1.1000E+01  2.4000E+01  0.0000E+00  5.0000E-01  0.0000E+00  2.8484E+00  0.0000E+00 -1.6014E+00  1.0000E+00  5.0000E-01  3.5669E-01  0.0000E+00  0.0000E+00
  1.2000E+01  0.0000E+00  6.4500E+04  0.0000E+00  1.0000E+00  0.0000E+00  0.0000E+00  0.0000E+00  0.0000E+00  0.0000E+00  1.0000E+00  0.0000E+00  0.0000E+00
  1.2000E+01  0.0000E+00  6.4500E+04  0.0000E+00  1.0000E+00  0.0000E+00  0.0000E+00  0.0000E+00  0.0000E+00  0.0000E+00  1.0000E+00  0.0000E+00  0.0000E+00
  1.2000E+01  0.0000E+00  0.0000E+00  0.0000E+00  0.0000E+00  0.0000E+00  0.0000E+00  0.0000E+00  0.0000E+00  0.0000E+00  1.0000E+00  0.0000E+00  0.0000E+00
  1.2000E+01  2.5000E-01  0.0000E+00  0.0000E+00  0.0000E+00  3.5568E-01  0.0000E+00 -1.9424E+00  0.0000E+00  0.0000E+00  8.4163E-02  0.0000E+00  0.0000E+00
  1.2000E+01  5.0000E-01  0.0000E+00  0.0000E+00  0.0000E+00  1.1070E+00  0.0000E+00 -1.9424E+00  0.0000E+00  0.0000E+00  4.0548E-02  0.0000E+00  0.0000E+00
  1.2000E+01  1.0000E+00  0.0000E+00  1.6800E+00  0.0000E+00  2.5089E+00  0.0000E+00 -6.4171E-01  0.0000E+00  1.6800E+00  1.8909E+01  0.0000E+00  0.0000E+00
  1.2000E+01  2.0000E+00  0.0000E+00  4.5500E+00  0.0000E+00  4.9523E+00  0.0000E+00 -1.5780E-01  0.0000E+00  4.5500E+00  2.8360E+01  0.0000E+00  0.0000E+00
  1.2000E+01  4.0000E+00  0.0000E+00  8.0700E+00  0.0000E+00  6.9400E+00  0.0000E+00  3.1627E-01  0.0000E+00  8.0700E+00  1.9656E+01  0.0000E+00  0.0000E+00
  1.2000E+01  6.0000E+00  0.0000E+00  1.6500E+01  0.0000E+00  9.2924E+00  0.0000E+00  1.5066E+00  0.0000E+00  1.6500E+01  2.7185E+01  0.0000E+00  0.0000E+00
  1.2000E+01  8.0000E+00  0.0000E+00  8.9500E+00  0.0000E+00  9.4155E+00  0.0000E+00 -9.6028E-02  0.0000E+00  8.9500E+00  2.0503E+01  0.0000E+00  0.0000E+00
  1.2000E+01  1.2000E+01  0.0000E+00  9.3700E+00  0.0000E+00  7.2440E+00  0.0000E+00  5.7005E-01  0.0000E+00  9.3700E+00  9.6617E+00  0.0000E+00  0.0000E+00
  1.2000E+01  2.4000E+01  0.0000E+00  1.8200E+00  0.0000E+00  1.7000E+00  0.0000E+00  1.3714E-01  0.0000E+00  1.8200E+00  1.0120E+00  0.0000E+00  0.0000E+00
  1.3000E+01  0.0000E+00  6.6900E+04  0.0000E+00  1.0000E+00  0.0000E+00  0.0000E+00  0.0000E+00  0.0000E+00  0.0000E+00  1.0000E+00  0.0000E+00  0.0000E+00
  1.3000E+01  0.0000E+00  6.6900E+04  0.0000E+00  1.0000E+00  0.0000E+00  0.0000E+00  0.0000E+00  0.0000E+00  0.0000E+00  1.0000E+00  0.0000E+00  0.0000E+00
  1.3000E+01  0.0000E+00  0.0000E+00  0.0000E+00  0.0000E+00  0.0000E+00  0.0000E+00  0.0000E+00  0.0000E+00  0.0000E+00  1.0000E+00  0.0000E+00  0.0000E+00
  1.3000E+01  2.5000E-01  0.0000E+00  2.8600E+00  0.0000E+00  1.7935E+00  0.0000E+00  1.1551E+00  0.0000E+00  2.8600E+00  3.5671E+00  0.0000E+00  0.0000E+00
  1.3000E+01  5.0000E-01  0.0000E+00  5.9700E+00  0.0000E+00  5.2923E+00  0.0000E+00  2.4874E-01  0.0000E+00  5.9700E+00  1.0173E+01  0.0000E+00  0.0000E+00
  1.3000E+01  1.0000E+00  0.0000E+00  9.6700E+00  0.0000E+00  1.0845E+01  0.0000E+00 -2.1049E-01  0.0000E+00  9.6700E+00  1.9612E+01  0.0000E+00  0.0000E+00
  1.3000E+01  2.0000E+00  0.0000E+00  8.9800E+00  0.0000E+00  1.7899E+01  0.0000E+00 -9.6790E-01  0.0000E+00  8.9800E+00  2.9415E+01  0.0000E+00  0.0000E+00
  1.3000E+01  4.0000E+00  0.0000E+00  1.7100E+01  0.0000E+00  1.5893E+01  0.0000E+00  1.4751E-01  0.0000E+00  1.7100E+01  2.0387E+01  0.0000E+00  0.0000E+00
  1.3000E+01  6.0000E+00  0.0000E+00  2.7500E+01  0.0000E+00  2.0136E+01  0.0000E+00  7.1040E-01  0.0000E+00  2.7500E+01  2.8196E+01  0.0000E+00  0.0000E+00
  1.3000E+01  8.0000E+00  0.0000E+00  1.5000E+01  0.0000E+00  1.6227E+01  0.0000E+00 -1.4690E-01  0.0000E+00  1.5000E+01  2.1266E+01  0.0000E+00  0.0000E+00
  1.3000E+01  1.2000E+01  0.0000E+00  7.1400E+00  0.0000E+00  8.1491E+00  0.0000E+00 -2.4053E-01  0.0000E+00  7.1400E+00  1.0021E+01  0.0000E+00  0.0000E+00
  1.3000E+01  2.4000E+01  0.0000E+00  1.4000E+00  0.0000E+00  8.7429E-01  0.0000E+00  1.1680E+00  0.0000E+00  1.4000E+00  1.0496E+00  0.0000E+00  0.0000E+00
  1.4000E+01  0.0000E+00  7.7400E+04  0.0000E+00  1.0000E+00  0.0000E+00  0.0000E+00  0.0000E+00  0.0000E+00  0.0000E+00  1.0000E+00  0.0000E+00  0.0000E+00
  1.4000E+01  0.0000E+00  7.7400E+04  0.0000E+00  1.0000E+00  0.0000E+00  0.0000E+00  0.0000E+00  0.0000E+00  0.0000E+00  1.0000E+00  0.0000E+00  0.0000E+00
  1.4000E+01  0.0000E+00  0.0000E+00  0.0000E+00  0.0000E+00  0.0000E+00  0.0000E+00  0.0000E+00  0.0000E+00  0.0000E+00  1.0000E+00  0.0000E+00  0.0000E+00
  1.4000E+01  2.5000E-01  0.0000E+00  0.0000E+00  0.0000E+00  5.8936E-01  0.0000E+00 -1.9424E+00  0.0000E+00  0.0000E+00  7.0546E-02  0.0000E+00  0.0000E+00
  1.4000E+01  5.0000E-01  0.0000E+00  0.0000E+00  0.0000E+00  1.8093E+00  0.0000E+00 -1.9424E+00  0.0000E+00  0.0000E+00  3.7754E-02  0.0000E+00  0.0000E+00
  1.4000E+01  1.0000E+00  0.0000E+00  5.9400E+00  0.0000E+00  3.9937E+00  0.0000E+00  9.4664E-01  0.0000E+00  5.9400E+00  2.2691E+01  0.0000E+00  0.0000E+00
  1.4000E+01  2.0000E+00  0.0000E+00  9.3600E+00  0.0000E+00  7.5032E+00  0.0000E+00  4.8067E-01  0.0000E+00  9.3600E+00  3.4032E+01  0.0000E+00  0.0000E+00
  1.4000E+01  4.0000E+00  0.0000E+00  8.7400E+00  0.0000E+00  9.2693E+00  0.0000E+00 -1.1092E-01  0.0000E+00  8.7400E+00  2.3587E+01  0.0000E+00  0.0000E+00
  1.4000E+01  6.0000E+00  0.0000E+00  1.6700E+01  0.0000E+00  1.1868E+01  0.0000E+00  7.9076E-01  0.0000E+00  1.6700E+01  3.2622E+01  0.0000E+00  0.0000E+00
  1.4000E+01  8.0000E+00  0.0000E+00  8.7500E+00  0.0000E+00  1.1069E+01  0.0000E+00 -4.0700E-01  0.0000E+00  8.7500E+00  2.4604E+01  0.0000E+00  0.0000E+00
  1.4000E+01  1.2000E+01  0.0000E+00  3.6200E+00  0.0000E+00  7.1258E+00  0.0000E+00 -9.5564E-01  0.0000E+00  3.6200E+00  1.1594E+01  0.0000E+00  0.0000E+00
  1.4000E+01  2.4000E+01  0.0000E+00  1.4600E+00  0.0000E+00  1.0469E+00  0.0000E+00  7.6654E-01  0.0000E+00  1.4600E+00  1.2144E+00  0.0000E+00  0.0000E+00
  1.5000E+01  0.0000E+00  2.2700E+05  0.0000E+00  1.0000E+00  0.0000E+00  0.0000E+00  0.0000E+00  0.0000E+00  0.0000E+00  1.0000E+00  0.0000E+00  0.0000E+00
  1.5000E+01  0.0000E+00  2.2700E+05  0.0000E+00  1.0000E+00  0.0000E+00  0.0000E+00  0.0000E+00  0.0000E+00  0.0000E+00  1.0000E+00  0.0000E+00  0.0000E+00
  1.5000E+01  0.0000E+00  0.0000E+00  0.0000E+00  0.0000E+00  0.0000E+00  0.0000E+00  0.0000E+00  0.0000E+00  0.0000E+00  1.0000E+00  0.0000E+00  0.0000E+00
  1.5000E+01  2.5000E-01  0.0000E+00  1.1600E+01  0.0000E+00  1.0612E+01  0.0000E+00  1.8079E-01  0.0000E+00  1.1600E+01  1.2104E+01  0.0000E+00  0.0000E+00
  1.5000E+01  5.0000E-01  0.0000E+00  4.0600E+01  0.0000E+00  2.8988E+01  0.0000E+00  7.7812E-01  0.0000E+00  4.0600E+01  3.4520E+01  0.0000E+00  0.0000E+00
  1.5000E+01  1.0000E+00  0.0000E+00  7.2100E+01  0.0000E+00  5.1925E+01  0.0000E+00  7.5468E-01  0.0000E+00  7.2100E+01  6.6547E+01  0.0000E+00  0.0000E+00
  1.5000E+01  2.0000E+00  0.0000E+00  3.9700E+01  0.0000E+00  7.0404E+01  0.0000E+00 -8.4710E-01  0.0000E+00  3.9700E+01  9.9810E+01  0.0000E+00  0.0000E+00
  1.5000E+01  4.0000E+00  0.0000E+00  4.5700E+01  0.0000E+00  3.7018E+01  0.0000E+00  4.5553E-01  0.0000E+00  4.5700E+01  6.9176E+01  0.0000E+00  0.0000E+00
  1.5000E+01  6.0000E+00  0.0000E+00  6.1800E+01  0.0000E+00  6.0666E+01  0.0000E+00  3.6303E-02  0.0000E+00  6.1800E+01  9.5673E+01  0.0000E+00  0.0000E+00
  1.5000E+01  8.0000E+00  0.0000E+00  5.6100E+01  0.0000E+00  4.3465E+01  0.0000E+00  5.6461E-01  0.0000E+00  5.6100E+01  7.2158E+01  0.0000E+00  0.0000E+00
  1.5000E+01  1.2000E+01  0.0000E+00  2.7000E+01  0.0000E+00  1.9994E+01  0.0000E+00  6.8066E-01  0.0000E+00  2.7000E+01  3.4003E+01  0.0000E+00  0.0000E+00
  1.5000E+01  2.4000E+01  0.0000E+00  5.0000E-01  0.0000E+00  2.0802E+00  0.0000E+00 -1.4755E+00  1.0000E+00  5.0000E-01  8.1204E-02  0.0000E+00  0.0000E+00
  1.6000E+01  0.0000E+00  2.1500E+05  0.0000E+00  1.0000E+00  0.0000E+00  0.0000E+00  0.0000E+00  0.0000E+00  0.0000E+00  1.0000E+00  0.0000E+00  0.0000E+00
  1.6000E+01  0.0000E+00  2.1500E+05  0.0000E+00  1.0000E+00  0.0000E+00  0.0000E+00  0.0000E+00  0.0000E+00  0.0000E+00  1.0000E+00  0.0000E+00  0.0000E+00
  1.6000E+01  0.0000E+00  0.0000E+00  0.0000E+00  0.0000E+00  0.0000E+00  0.0000E+00  0.0000E+00  0.0000E+00  0.0000E+00  1.0000E+00  0.0000E+00  0.0000E+00
  1.6000E+01  2.5000E-01  0.0000E+00  6.4700E+00  0.0000E+00  1.5581E+01  0.0000E+00 -1.1358E+00  0.0000E+00  6.4700E+00  1.1464E+01  0.0000E+00  0.0000E+00
  1.6000E+01  5.0000E-01  0.0000E+00  1.1400E+01  0.0000E+00  4.6225E+01  0.0000E+00 -1.4634E+00  0.0000E+00  1.1400E+01  3.2695E+01  0.0000E+00  0.0000E+00
  1.6000E+01  1.0000E+00  0.0000E+00  1.5500E+02  0.0000E+00  9.5664E+01  0.0000E+00  1.2048E+00  0.0000E+00  1.5500E+02  6.3029E+01  0.0000E+00  0.0000E+00
  1.6000E+01  2.0000E+00  0.0000E+00  1.9400E+02  0.0000E+00  1.6049E+02  0.0000E+00  4.0555E-01  0.0000E+00  1.9400E+02  9.4533E+01  0.0000E+00  0.0000E+00
  1.6000E+01  4.0000E+00  0.0000E+00  8.8000E+01  0.0000E+00  1.4859E+02  0.0000E+00 -7.9203E-01  0.0000E+00  8.8000E+01  6.5519E+01  0.0000E+00  0.0000E+00
  1.6000E+01  6.0000E+00  0.0000E+00  3.2400E+02  0.0000E+00  1.8691E+02  0.0000E+00  1.4247E+00  0.0000E+00  3.2400E+02  9.0616E+01  0.0000E+00  0.0000E+00
  1.6000E+01  8.0000E+00  0.0000E+00  2.5300E+02  0.0000E+00  1.5275E+02  0.0000E+00  1.2748E+00  0.0000E+00  2.5300E+02  6.8344E+01  0.0000E+00  0.0000E+00
  1.6000E+01  1.2000E+01  0.0000E+00  7.2500E+01  0.0000E+00  7.8114E+01  0.0000E+00 -1.3960E-01  0.0000E+00  7.2500E+01  3.2206E+01  0.0000E+00  0.0000E+00
  1.6000E+01  2.4000E+01  0.0000E+00  5.0000E-01  0.0000E+00  8.4662E+00  0.0000E+00 -1.8277E+00  1.0000E+00  5.0000E-01  8.5879E-02  0.0000E+00  0.0000E+00
  1.7000E+01  0.0000E+00  2.4900E+05  0.0000E+00  1.0000E+00  0.0000E+00  0.0000E+00  0.0000E+00  0.0000E+00  0.0000E+00  1.0000E+00  0.0000E+00  0.0000E+00
  1.7000E+01  0.0000E+00  2.4900E+05  0.0000E+00  1.0000E+00  0.0000E+00  0.0000E+00  0.0000E+00  0.0000E+00  0.0000E+00  1.0000E+00  0.0000E+00  0.0000E+00
  1.7000E+01  0.0000E+00  0.0000E+00  0.0000E+00  0.0000E+00  0.0000E+00  0.0000E+00  0.0000E+00  0.0000E+00  0.0000E+00  1.0000E+00  0.0000E+00  0.0000E+00
  1.7000E+01  2.5000E-01  0.0000E+00  1.0800E+01  0.0000E+00  7.1963E+00  0.0000E+00  9.7267E-01  0.0000E+00  1.0800E+01  1.3277E+01  0.0000E+00  0.0000E+00
  1.7000E+01  5.0000E-01  0.0000E+00  1.7400E+01  0.0000E+00  2.1100E+01  0.0000E+00 -3.4058E-01  0.0000E+00  1.7400E+01  3.7865E+01  0.0000E+00  0.0000E+00
  1.7000E+01  1.0000E+00  0.0000E+00  4.2300E+01  0.0000E+00  4.2735E+01  0.0000E+00 -1.9787E-02  0.0000E+00  4.2300E+01  7.2997E+01  0.0000E+00  0.0000E+00
  1.7000E+01  2.0000E+00  0.0000E+00  4.8500E+01  0.0000E+00  6.9196E+01  0.0000E+00 -5.8095E-01  0.0000E+00  4.8500E+01  1.0948E+02  0.0000E+00  0.0000E+00
  1.7000E+01  4.0000E+00  0.0000E+00  5.4500E+01  0.0000E+00  5.8501E+01  0.0000E+00 -1.3285E-01  0.0000E+00  5.4500E+01  7.5880E+01  0.0000E+00  0.0000E+00
  1.7000E+01  6.0000E+00  0.0000E+00  1.3500E+02  0.0000E+00  7.4967E+01  0.0000E+00  1.5554E+00  0.0000E+00  1.3500E+02  1.0495E+02  0.0000E+00  0.0000E+00
  1.7000E+01  8.0000E+00  0.0000E+00  6.3900E+01  0.0000E+00  5.9505E+01  0.0000E+00  1.4346E-01  0.0000E+00  6.3900E+01  7.9151E+01  0.0000E+00  0.0000E+00
  1.7000E+01  1.2000E+01  0.0000E+00  3.6300E+01  0.0000E+00  2.9352E+01  0.0000E+00  4.5976E-01  0.0000E+00  3.6300E+01  3.7299E+01  0.0000E+00  0.0000E+00
  1.7000E+01  2.4000E+01  0.0000E+00  5.0000E-01  0.0000E+00  3.1226E+00  0.0000E+00 -1.6314E+00  1.0000E+00  5.0000E-01  7.4201E-02  0.0000E+00  0.0000E+00
