TABLE NO.  1
 ID          TIME        AMT         CMT         DV          MDV         IPRED       CWRES       IWRES       DV          PRED        RES         WRES
  1.0000E+00  0.0000E+00  2.7680E+05  3.0000E+00  0.0000E+00  1.0000E+00  2.7680E+05  0.0000E+00 -2.3550E-02  0.0000E+00  2.7680E+05  0.0000E+00  0.0000E+00
  1.0000E+00  3.3000E-02  0.0000E+00  3.0000E+00  7.3336E+03  0.0000E+00  8.4619E+02  1.8055E-01  1.8055E-01  7.3336E+03  8.4619E+02  6.4874E+03  1.8055E-01
  2.0000E+00  0.0000E+00  2.6980E+05  3.0000E+00  0.0000E+00  1.0000E+00  2.6980E+05  0.0000E+00 -2.3550E-02  0.0000E+00  2.6980E+05  0.0000E+00  0.0000E+00
  2.0000E+00  3.3000E-02  0.0000E+00  3.0000E+00  4.6639E+03  0.0000E+00  8.2488E+02  1.0960E-01  1.0960E-01  4.6639E+03  8.2488E+02  3.8390E+03  1.0960E-01
  3.0000E+00  0.0000E+00  2.9570E+05  3.0000E+00  0.0000E+00  1.0000E+00  2.9570E+05  0.0000E+00 -2.3550E-02  0.0000E+00  2.9570E+05  0.0000E+00  0.0000E+00
  3.0000E+00  3.3000E-02  0.0000E+00  3.0000E+00  3.7945E+03  0.0000E+00  9.0370E+02  7.5331E-02  7.5331E-02  3.7945E+03  9.0370E+02  2.8908E+03  7.5331E-02
  4.0000E+00  0.0000E+00  2.9840E+05  3.0000E+00  0.0000E+00  1.0000E+00  2.9840E+05  0.0000E+00 -2.3550E-02  0.0000E+00  2.9840E+05  0.0000E+00  0.0000E+00
  4.0000E+00  8.3000E-02  0.0000E+00  3.0000E+00  1.1915E+03  0.0000E+00  4.2092E+01  6.4307E-01  6.4307E-01  1.1915E+03  4.2092E+01  1.1494E+03  6.4307E-01
  5.0000E+00  0.0000E+00  2.7970E+05  3.0000E+00  0.0000E+00  1.0000E+00  2.7970E+05  0.0000E+00 -2.3550E-02  0.0000E+00  2.7970E+05  0.0000E+00  0.0000E+00
  5.0000E+00  8.3000E-02  0.0000E+00  3.0000E+00  1.1788E+03  0.0000E+00  3.9580E+01  6.7782E-01  6.7782E-01  1.1788E+03  3.9580E+01  1.1392E+03  6.7782E-01
  6.0000E+00  0.0000E+00  3.0520E+05  3.0000E+00  0.0000E+00  1.0000E+00  3.0520E+05  0.0000E+00 -2.3550E-02  0.0000E+00  3.0520E+05  0.0000E+00  0.0000E+00
  6.0000E+00  8.3000E-02  0.0000E+00  3.0000E+00  1.2588E+03  0.0000E+00  4.3002E+01  6.6581E-01  6.6581E-01  1.2588E+03  4.3002E+01  1.2158E+03  6.6581E-01
  7.0000E+00  0.0000E+00  2.8200E+05  3.0000E+00  0.0000E+00  1.0000E+00  2.8200E+05  0.0000E+00 -2.3550E-02  0.0000E+00  2.8200E+05  0.0000E+00  0.0000E+00
  7.0000E+00  2.5000E-01  0.0000E+00  3.0000E+00  8.7932E+02  0.0000E+00  3.8469E+01  5.1474E-01  5.1474E-01  8.7932E+02  3.8469E+01  8.4085E+02  5.1474E-01
  8.0000E+00  0.0000E+00  2.7560E+05  3.0000E+00  0.0000E+00  1.0000E+00  2.7560E+05  0.0000E+00 -2.3550E-02  0.0000E+00  2.7560E+05  0.0000E+00  0.0000E+00
  8.0000E+00  2.5000E-01  0.0000E+00  3.0000E+00  5.2594E+02  0.0000E+00  3.7642E+01  3.0549E-01  3.0549E-01  5.2594E+02  3.7642E+01  4.8830E+02  3.0549E-01
  9.0000E+00  0.0000E+00  2.8240E+05  3.0000E+00  0.0000E+00  1.0000E+00  2.8240E+05  0.0000E+00 -2.3550E-02  0.0000E+00  2.8240E+05  0.0000E+00  0.0000E+00
  9.0000E+00  2.5000E-01  0.0000E+00  3.0000E+00  5.4645E+02  0.0000E+00  3.8521E+01  3.1052E-01  3.1052E-01  5.4645E+02  3.8521E+01  5.0793E+02  3.1052E-01
  1.0000E+01  0.0000E+00  2.8360E+05  3.0000E+00  0.0000E+00  1.0000E+00  2.8360E+05  0.0000E+00 -2.3550E-02  0.0000E+00  2.8360E+05  0.0000E+00  0.0000E+00
  1.0000E+01  5.0000E-01  0.0000E+00  2.0000E+00  2.3807E+03  0.0000E+00  6.0427E+01  5.6391E-01  5.6391E-01  2.3807E+03  6.0427E+01  2.3202E+03  5.6391E-01
  1.0000E+01  5.0000E-01  0.0000E+00  3.0000E+00  1.2562E+03  0.0000E+00  3.6804E+01  7.8027E-01  7.8027E-01  1.2562E+03  3.6804E+01  1.2194E+03  7.8027E-01
  1.1000E+01  0.0000E+00  3.0380E+05  3.0000E+00  0.0000E+00  1.0000E+00  3.0380E+05  0.0000E+00 -2.3550E-02  0.0000E+00  3.0380E+05  0.0000E+00  0.0000E+00
  1.1000E+01  5.0000E-01  0.0000E+00  2.0000E+00  2.0303E+03  0.0000E+00  6.2047E+01  4.6587E-01  4.6587E-01  2.0303E+03  6.2047E+01  1.9682E+03  4.6587E-01
  1.1000E+01  5.0000E-01  0.0000E+00  3.0000E+00  3.5647E+02  0.0000E+00  3.9264E+01  1.9025E-01  1.9025E-01  3.5647E+02  3.9264E+01  3.1721E+02  1.9025E-01
  1.2000E+01  0.0000E+00  2.7610E+05  3.0000E+00  0.0000E+00  1.0000E+00  2.7610E+05  0.0000E+00 -2.3550E-02  0.0000E+00  2.7610E+05  0.0000E+00  0.0000E+00
  1.2000E+01  5.0000E-01  0.0000E+00  2.0000E+00  2.4197E+03  0.0000E+00  5.9774E+01  5.7984E-01  5.7984E-01  2.4197E+03  5.9774E+01  2.3600E+03  5.7984E-01
  1.2000E+01  5.0000E-01  0.0000E+00  3.0000E+00  4.9880E+01  0.0000E+00  3.5887E+01  9.1822E-03  9.1822E-03  4.9880E+01  3.5887E+01  1.3993E+01  9.1822E-03
  1.3000E+01  0.0000E+00  2.8890E+05  3.0000E+00  0.0000E+00  1.0000E+00  2.8890E+05  0.0000E+00 -2.3550E-02  0.0000E+00  2.8890E+05  0.0000E+00  0.0000E+00
  1.3000E+01  7.5000E-01  0.0000E+00  3.0000E+00  2.3189E+02  0.0000E+00  3.5646E+01  1.2965E-01  1.2965E-01  2.3189E+02  3.5646E+01  1.9624E+02  1.2965E-01
  1.4000E+01  0.0000E+00  2.7910E+05  3.0000E+00  0.0000E+00  1.0000E+00  2.7910E+05  0.0000E+00 -2.3550E-02  0.0000E+00  2.7910E+05  0.0000E+00  0.0000E+00
  1.4000E+01  7.5000E-01  0.0000E+00  3.0000E+00  2.1360E+01  0.0000E+00  3.4513E+01 -8.9748E-03 -8.9748E-03  2.1360E+01  3.4513E+01 -1.3153E+01 -8.9748E-03
  1.5000E+01  0.0000E+00  2.9030E+05  3.0000E+00  0.0000E+00  1.0000E+00  2.9030E+05  0.0000E+00 -2.3550E-02  0.0000E+00  2.9030E+05  0.0000E+00  0.0000E+00
  1.5000E+01  7.5000E-01  0.0000E+00  3.0000E+00  1.6510E+01  0.0000E+00  3.5807E+01 -1.2691E-02 -1.2691E-02  1.6510E+01  3.5807E+01 -1.9297E+01 -1.2691E-02
  1.6000E+01  0.0000E+00  2.7740E+05  3.0000E+00  0.0000E+00  1.0000E+00  2.7740E+05  0.0000E+00 -2.3550E-02  0.0000E+00  2.7740E+05  0.0000E+00  0.0000E+00
  1.6000E+01  1.0000E+00  0.0000E+00  2.0000E+00  2.6094E+03  0.0000E+00  4.9019E+01  7.6709E-01  7.6709E-01  2.6094E+03  4.9019E+01  2.5604E+03  7.6709E-01
  1.6000E+01  1.0000E+00  0.0000E+00  3.0000E+00  3.0794E+02  0.0000E+00  3.2678E+01  1.9837E-01  1.9837E-01  3.0794E+02  3.2678E+01  2.7526E+02  1.9837E-01
  1.7000E+01  0.0000E+00  2.8000E+05  3.0000E+00  0.0000E+00  1.0000E+00  2.8000E+05  0.0000E+00 -2.3550E-02  0.0000E+00  2.8000E+05  0.0000E+00  0.0000E+00
  1.7000E+01  1.0000E+00  0.0000E+00  2.0000E+00  2.6464E+03  0.0000E+00  4.9131E+01  7.7636E-01  7.7636E-01  2.6464E+03  4.9131E+01  2.5972E+03  7.7636E-01
  1.7000E+01  1.0000E+00  0.0000E+00  3.0000E+00  5.5186E+02  0.0000E+00  3.2964E+01  3.7071E-01  3.7071E-01  5.5186E+02  3.2964E+01  5.1890E+02  3.7071E-01
  1.8000E+01  0.0000E+00  2.9030E+05  3.0000E+00  0.0000E+00  1.0000E+00  2.9030E+05  0.0000E+00 -2.3550E-02  0.0000E+00  2.9030E+05  0.0000E+00  0.0000E+00
  1.8000E+01  1.0000E+00  0.0000E+00  2.0000E+00  3.7975E+03  0.0000E+00  4.9546E+01  1.1109E+00  1.1109E+00  3.7975E+03  4.9546E+01  3.7480E+03  1.1109E+00
  1.8000E+01  1.0000E+00  0.0000E+00  3.0000E+00  6.6900E+00  0.0000E+00  3.4092E+01 -1.8928E-02 -1.8928E-02  6.6900E+00  3.4092E+01 -2.7402E+01 -1.8928E-02
  1.9000E+01  0.0000E+00  2.8100E+05  3.0000E+00  0.0000E+00  1.0000E+00  2.8100E+05  0.0000E+00 -2.3550E-02  0.0000E+00  2.8100E+05  0.0000E+00  0.0000E+00
  1.9000E+01  2.0000E+00  0.0000E+00  2.0000E+00  1.4469E+03  0.0000E+00  3.2996E+01  6.2933E-01  6.2933E-01  1.4469E+03  3.2996E+01  1.4139E+03  6.2933E-01
  1.9000E+01  2.0000E+00  0.0000E+00  3.0000E+00  9.0000E-01  0.0000E+00  2.7261E+01 -2.2772E-02 -2.2772E-02  9.0000E-01  2.7261E+01 -2.6361E+01 -2.2772E-02
  2.0000E+01  0.0000E+00  2.7670E+05  3.0000E+00  0.0000E+00  1.0000E+00  2.7670E+05  0.0000E+00 -2.3550E-02  0.0000E+00  2.7670E+05  0.0000E+00  0.0000E+00
  2.0000E+01  2.0000E+00  0.0000E+00  2.0000E+00  2.2905E+03  0.0000E+00  3.3031E+01  1.0037E+00  1.0037E+00  2.2905E+03  3.3031E+01  2.2575E+03  1.0037E+00
  2.0000E+01  2.0000E+00  0.0000E+00  3.0000E+00  4.8000E+00  0.0000E+00  2.6877E+01 -1.9344E-02 -1.9344E-02  4.8000E+00  2.6877E+01 -2.2077E+01 -1.9344E-02
  2.1000E+01  0.0000E+00  2.6520E+05  3.0000E+00  0.0000E+00  1.0000E+00  2.6520E+05  0.0000E+00 -2.3550E-02  0.0000E+00  2.6520E+05  0.0000E+00  0.0000E+00
  2.1000E+01  2.0000E+00  0.0000E+00  2.0000E+00  1.7209E+03  0.0000E+00  3.3100E+01  7.4885E-01  7.4885E-01  1.7209E+03  3.3100E+01  1.6878E+03  7.4885E-01
  2.1000E+01  2.0000E+00  0.0000E+00  3.0000E+00  3.6000E+00  0.0000E+00  2.5849E+01 -2.0270E-02 -2.0270E-02  3.6000E+00  2.5849E+01 -2.2249E+01 -2.0270E-02
  2.5000E+01  0.0000E+00  2.7030E+05  3.0000E+00  0.0000E+00  1.0000E+00  2.7030E+05  0.0000E+00 -2.3550E-02  0.0000E+00  2.7030E+05  0.0000E+00  0.0000E+00
  2.5000E+01  4.0000E+00  0.0000E+00  2.0000E+00  7.4300E+02  0.0000E+00  1.5660E+01  6.8211E-01  6.8211E-01  7.4300E+02  1.5660E+01  7.2734E+02  6.8211E-01
  2.5000E+01  4.0000E+00  0.0000E+00  3.0000E+00  1.0200E+00  0.0000E+00  1.8053E+01 -2.2219E-02 -2.2219E-02  1.0200E+00  1.8053E+01 -1.7033E+01 -2.2219E-02
  2.6000E+01  0.0000E+00  2.8290E+05  3.0000E+00  0.0000E+00  1.0000E+00  2.8290E+05  0.0000E+00 -2.3550E-02  0.0000E+00  2.8290E+05  0.0000E+00  0.0000E+00
  2.6000E+01  4.0000E+00  0.0000E+00  2.0000E+00  2.6331E+02  0.0000E+00  1.5221E+01  2.3936E-01  2.3936E-01  2.6331E+02  1.5221E+01  2.4808E+02  2.3936E-01
  2.6000E+01  4.0000E+00  0.0000E+00  3.0000E+00  3.0000E-02  0.0000E+00  1.8819E+01 -2.3512E-02 -2.3512E-02  3.0000E-02  1.8819E+01 -1.8789E+01 -2.3512E-02
  2.7000E+01  0.0000E+00  2.7840E+05  3.0000E+00  0.0000E+00  1.0000E+00  2.7840E+05  0.0000E+00 -2.3550E-02  0.0000E+00  2.7840E+05  0.0000E+00  0.0000E+00
  2.7000E+01  4.0000E+00  0.0000E+00  2.0000E+00  1.1280E+03  0.0000E+00  1.5378E+01  1.0626E+00  1.0626E+00  1.1280E+03  1.5378E+01  1.1126E+03  1.0626E+00
  2.7000E+01  4.0000E+00  0.0000E+00  3.0000E+00  1.2000E+00  0.0000E+00  1.8545E+01 -2.2026E-02 -2.2026E-02  1.2000E+00  1.8545E+01 -1.7345E+01 -2.2026E-02
  2.8000E+01  0.0000E+00  2.7880E+05  3.0000E+00  0.0000E+00  1.0000E+00  2.7880E+05  0.0000E+00 -2.3550E-02  0.0000E+00  2.7880E+05  0.0000E+00  0.0000E+00
  2.8000E+01  6.0000E+00  0.0000E+00  3.0000E+00  0.0000E+00  1.0000E+00  1.2853E+01  0.0000E+00 -2.3550E-02  0.0000E+00  1.2853E+01  0.0000E+00  0.0000E+00
  2.9000E+01  0.0000E+00  2.6510E+05  3.0000E+00  0.0000E+00  1.0000E+00  2.6510E+05  0.0000E+00 -2.3550E-02  0.0000E+00  2.6510E+05  0.0000E+00  0.0000E+00
  2.9000E+01  6.0000E+00  0.0000E+00  3.0000E+00  6.0000E-01  0.0000E+00  1.2274E+01 -2.2398E-02 -2.2398E-02  6.0000E-01  1.2274E+01 -1.1674E+01 -2.2398E-02
  3.0000E+01  0.0000E+00  2.8940E+05  3.0000E+00  0.0000E+00  1.0000E+00  2.8940E+05  0.0000E+00 -2.3550E-02  0.0000E+00  2.8940E+05  0.0000E+00  0.0000E+00
  3.0000E+01  6.0000E+00  0.0000E+00  3.0000E+00  3.0500E+00  0.0000E+00  1.3302E+01 -1.8150E-02 -1.8150E-02  3.0500E+00  1.3302E+01 -1.0252E+01 -1.8150E-02
  3.1000E+01  0.0000E+00  2.8210E+05  3.0000E+00  0.0000E+00  1.0000E+00  2.8210E+05  0.0000E+00 -2.3550E-02  0.0000E+00  2.8210E+05  0.0000E+00  0.0000E+00
  3.1000E+01  8.0000E+00  0.0000E+00  2.0000E+00  3.3662E+02  0.0000E+00  3.8240E+00  1.2781E+00  1.2781E+00  3.3662E+02  3.8240E+00  3.3280E+02  1.2781E+00
  3.1000E+01  8.0000E+00  0.0000E+00  3.0000E+00  6.1000E-01  0.0000E+00  9.0426E+00 -2.1961E-02 -2.1961E-02  6.1000E-01  9.0426E+00 -8.4326E+00 -2.1961E-02
  3.2000E+01  0.0000E+00  2.7200E+05  3.0000E+00  0.0000E+00  1.0000E+00  2.7200E+05  0.0000E+00 -2.3550E-02  0.0000E+00  2.7200E+05  0.0000E+00  0.0000E+00
  3.2000E+01  8.0000E+00  0.0000E+00  2.0000E+00  4.0401E+02  0.0000E+00  4.0130E+00  1.4638E+00  1.4638E+00  4.0401E+02  4.0130E+00  4.0000E+02  1.4638E+00
  3.2000E+01  8.0000E+00  0.0000E+00  3.0000E+00  8.5000E-01  0.0000E+00  8.7425E+00 -2.1260E-02 -2.1260E-02  8.5000E-01  8.7425E+00 -7.8925E+00 -2.1260E-02
  3.3000E+01  0.0000E+00  2.7720E+05  3.0000E+00  0.0000E+00  1.0000E+00  2.7720E+05  0.0000E+00 -2.3550E-02  0.0000E+00  2.7720E+05  0.0000E+00  0.0000E+00
  3.3000E+01  8.0000E+00  0.0000E+00  2.0000E+00  2.8438E+02  0.0000E+00  3.9140E+00  1.0524E+00  1.0524E+00  2.8438E+02  3.9140E+00  2.8047E+02  1.0524E+00
  3.3000E+01  8.0000E+00  0.0000E+00  3.0000E+00  3.8000E-01  0.0000E+00  8.8969E+00 -2.2544E-02 -2.2544E-02  3.8000E-01  8.8969E+00 -8.5169E+00 -2.2544E-02
  3.4000E+01  0.0000E+00  2.7340E+05  1.0000E+00  0.0000E+00  1.0000E+00  0.0000E+00  0.0000E+00  0.0000E+00  0.0000E+00  0.0000E+00  0.0000E+00  0.0000E+00
  3.4000E+01  3.3000E-02  0.0000E+00  3.0000E+00  2.1440E+01  0.0000E+00  4.2831E+01 -1.1761E-02 -1.1761E-02  2.1440E+01  4.2831E+01 -2.1391E+01 -1.1761E-02
  3.5000E+01  0.0000E+00  2.7740E+05  1.0000E+00  0.0000E+00  1.0000E+00  0.0000E+00  0.0000E+00  0.0000E+00  0.0000E+00  0.0000E+00  0.0000E+00  0.0000E+00
  3.5000E+01  3.3000E-02  0.0000E+00  3.0000E+00  1.6600E+01  0.0000E+00  4.3313E+01 -1.4524E-02 -1.4524E-02  1.6600E+01  4.3313E+01 -2.6713E+01 -1.4524E-02
  3.6000E+01  0.0000E+00  2.7080E+05  1.0000E+00  0.0000E+00  1.0000E+00  0.0000E+00  0.0000E+00  0.0000E+00  0.0000E+00  0.0000E+00  0.0000E+00  0.0000E+00
  3.6000E+01  3.3000E-02  0.0000E+00  3.0000E+00  2.2370E+01  0.0000E+00  4.2516E+01 -1.1159E-02 -1.1159E-02  2.2370E+01  4.2516E+01 -2.0146E+01 -1.1159E-02
  3.7000E+01  0.0000E+00  2.7300E+05  1.0000E+00  0.0000E+00  1.0000E+00  0.0000E+00  0.0000E+00  0.0000E+00  0.0000E+00  0.0000E+00  0.0000E+00  0.0000E+00
  3.7000E+01  8.3000E-02  0.0000E+00  3.0000E+00  2.5680E+01  0.0000E+00  1.3352E+01  2.1742E-02  2.1742E-02  2.5680E+01  1.3352E+01  1.2328E+01  2.1742E-02
  3.8000E+01  0.0000E+00  2.9290E+05  1.0000E+00  0.0000E+00  1.0000E+00  0.0000E+00  0.0000E+00  0.0000E+00  0.0000E+00  0.0000E+00  0.0000E+00  0.0000E+00
  3.8000E+01  8.3000E-02  0.0000E+00  3.0000E+00  9.5200E+00  0.0000E+00  1.4034E+01 -7.5742E-03 -7.5742E-03  9.5200E+00  1.4034E+01 -4.5136E+00 -7.5742E-03
  3.9000E+01  0.0000E+00  2.6590E+05  1.0000E+00  0.0000E+00  1.0000E+00  0.0000E+00  0.0000E+00  0.0000E+00  0.0000E+00  0.0000E+00  0.0000E+00  0.0000E+00
  3.9000E+01  8.3000E-02  0.0000E+00  3.0000E+00  4.6710E+01  0.0000E+00  1.3102E+01  6.0405E-02  6.0405E-02  4.6710E+01  1.3102E+01  3.3608E+01  6.0405E-02
  4.0000E+01  0.0000E+00  2.6870E+05  1.0000E+00  0.0000E+00  1.0000E+00  0.0000E+00  0.0000E+00  0.0000E+00  0.0000E+00  0.0000E+00  0.0000E+00  0.0000E+00
  4.0000E+01  2.5000E-01  0.0000E+00  3.0000E+00  4.4580E+01  0.0000E+00  4.4286E+00  2.1351E-01  2.1351E-01  4.4580E+01  4.4286E+00  4.0151E+01  2.1351E-01
  4.1000E+01  0.0000E+00  2.7380E+05  1.0000E+00  0.0000E+00  1.0000E+00  0.0000E+00  0.0000E+00  0.0000E+00  0.0000E+00  0.0000E+00  0.0000E+00  0.0000E+00
  4.1000E+01  2.5000E-01  0.0000E+00  3.0000E+00  3.0570E+01  0.0000E+00  4.4717E+00  1.3744E-01  1.3744E-01  3.0570E+01  4.4717E+00  2.6098E+01  1.3744E-01
  4.2000E+01  0.0000E+00  2.7710E+05  1.0000E+00  0.0000E+00  1.0000E+00  0.0000E+00  0.0000E+00  0.0000E+00  0.0000E+00  0.0000E+00  0.0000E+00  0.0000E+00
  4.2000E+01  2.5000E-01  0.0000E+00  3.0000E+00  5.0100E+00  0.0000E+00  4.4990E+00  2.6745E-03  2.6745E-03  5.0100E+00  4.4990E+00  5.1096E-01  2.6745E-03
  4.3000E+01  0.0000E+00  2.8320E+05  1.0000E+00  0.0000E+00  1.0000E+00  0.0000E+00  0.0000E+00  0.0000E+00  0.0000E+00  0.0000E+00  0.0000E+00  0.0000E+00
  4.3000E+01  5.0000E-01  0.0000E+00  2.0000E+00  2.9643E+03  0.0000E+00  6.6494E+01  6.4003E-01  6.4003E-01  2.9643E+03  6.6494E+01  2.8978E+03  6.4003E-01
  4.3000E+01  5.0000E-01  0.0000E+00  3.0000E+00  2.1490E+01  0.0000E+00  4.0497E+00  1.0142E-01  1.0142E-01  2.1490E+01  4.0497E+00  1.7440E+01  1.0142E-01
  4.4000E+01  0.0000E+00  2.9510E+05  1.0000E+00  0.0000E+00  1.0000E+00  0.0000E+00  0.0000E+00  0.0000E+00  0.0000E+00  0.0000E+00  0.0000E+00  0.0000E+00
  4.4000E+01  5.0000E-01  0.0000E+00  2.0000E+00  3.1964E+03  0.0000E+00  6.7580E+01  6.7994E-01  6.7994E-01  3.1964E+03  6.7580E+01  3.1288E+03  6.7994E-01
  4.4000E+01  5.0000E-01  0.0000E+00  3.0000E+00  4.7160E+01  0.0000E+00  4.1173E+00  2.4619E-01  2.4619E-01  4.7160E+01  4.1173E+00  4.3043E+01  2.4619E-01
  4.5000E+01  0.0000E+00  3.0100E+05  1.0000E+00  0.0000E+00  1.0000E+00  0.0000E+00  0.0000E+00  0.0000E+00  0.0000E+00  0.0000E+00  0.0000E+00  0.0000E+00
  4.5000E+01  5.0000E-01  0.0000E+00  2.0000E+00  2.3976E+03  0.0000E+00  6.8091E+01  5.0243E-01  5.0243E-01  2.3976E+03  6.8091E+01  2.3295E+03  5.0243E-01
  4.5000E+01  5.0000E-01  0.0000E+00  3.0000E+00  4.6160E+01  0.0000E+00  4.1492E+00  2.3844E-01  2.3844E-01  4.6160E+01  4.1492E+00  4.2011E+01  2.3844E-01
  4.6000E+01  0.0000E+00  2.9830E+05  1.0000E+00  0.0000E+00  1.0000E+00  0.0000E+00  0.0000E+00  0.0000E+00  0.0000E+00  0.0000E+00  0.0000E+00  0.0000E+00
  4.6000E+01  7.5000E-01  0.0000E+00  3.0000E+00  7.6970E+01  0.0000E+00  3.7172E+00  4.6408E-01  4.6408E-01  7.6970E+01  3.7172E+00  7.3253E+01  4.6408E-01
  4.7000E+01  0.0000E+00  2.9610E+05  1.0000E+00  0.0000E+00  1.0000E+00  0.0000E+00  0.0000E+00  0.0000E+00  0.0000E+00  0.0000E+00  0.0000E+00  0.0000E+00
  4.7000E+01  7.5000E-01  0.0000E+00  3.0000E+00  1.9560E+01  0.0000E+00  3.7088E+00  1.0065E-01  1.0065E-01  1.9560E+01  3.7088E+00  1.5851E+01  1.0065E-01
  4.8000E+01  0.0000E+00  2.8730E+05  1.0000E+00  0.0000E+00  1.0000E+00  0.0000E+00  0.0000E+00  0.0000E+00  0.0000E+00  0.0000E+00  0.0000E+00  0.0000E+00
  4.8000E+01  7.5000E-01  0.0000E+00  3.0000E+00  1.5360E+01  0.0000E+00  3.6737E+00  7.4913E-02  7.4913E-02  1.5360E+01  3.6737E+00  1.1686E+01  7.4913E-02
  4.9000E+01  0.0000E+00  2.7290E+05  1.0000E+00  0.0000E+00  1.0000E+00  0.0000E+00  0.0000E+00  0.0000E+00  0.0000E+00  0.0000E+00  0.0000E+00  0.0000E+00
  4.9000E+01  1.0000E+00  0.0000E+00  2.0000E+00  2.4504E+03  0.0000E+00  5.2933E+01  6.6518E-01  6.6518E-01  2.4504E+03  5.2933E+01  2.3975E+03  6.6518E-01
  4.9000E+01  1.0000E+00  0.0000E+00  3.0000E+00  7.4600E+00  0.0000E+00  3.2718E+00  3.0146E-02  3.0146E-02  7.4600E+00  3.2718E+00  4.1882E+00  3.0146E-02
  5.0000E+01  0.0000E+00  2.8710E+05  1.0000E+00  0.0000E+00  1.0000E+00  0.0000E+00  0.0000E+00  0.0000E+00  0.0000E+00  0.0000E+00  0.0000E+00  0.0000E+00
  5.0000E+01  1.0000E+00  0.0000E+00  2.0000E+00  2.8164E+03  0.0000E+00  5.3576E+01  7.5733E-01  7.5733E-01  2.8164E+03  5.3576E+01  2.7628E+03  7.5733E-01
  5.0000E+01  1.0000E+00  0.0000E+00  3.0000E+00  5.9380E+01  0.0000E+00  3.3141E+00  3.9840E-01  3.9840E-01  5.9380E+01  3.3141E+00  5.6066E+01  3.9840E-01
  5.1000E+01  0.0000E+00  2.9630E+05  1.0000E+00  0.0000E+00  1.0000E+00  0.0000E+00  0.0000E+00  0.0000E+00  0.0000E+00  0.0000E+00  0.0000E+00  0.0000E+00
  5.1000E+01  1.0000E+00  0.0000E+00  2.0000E+00  1.9708E+03  0.0000E+00  5.3943E+01  5.2189E-01  5.2189E-01  1.9708E+03  5.3943E+01  1.9169E+03  5.2189E-01
  5.1000E+01  1.0000E+00  0.0000E+00  3.0000E+00  2.2340E+01  0.0000E+00  3.3385E+00  1.3404E-01  1.3404E-01  2.2340E+01  3.3385E+00  1.9002E+01  1.3404E-01
  5.2000E+01  0.0000E+00  2.8480E+05  1.0000E+00  0.0000E+00  1.0000E+00  0.0000E+00  0.0000E+00  0.0000E+00  0.0000E+00  0.0000E+00  0.0000E+00  0.0000E+00
  5.2000E+01  2.0000E+00  0.0000E+00  2.0000E+00  4.1375E+03  0.0000E+00  3.4440E+01  1.7497E+00  1.7497E+00  4.1375E+03  3.4440E+01  4.1031E+03  1.7497E+00
  5.2000E+01  2.0000E+00  0.0000E+00  3.0000E+00  3.2000E+00  0.0000E+00  2.2094E+00  1.0558E-02  1.0558E-02  3.2000E+00  2.2094E+00  9.9056E-01  1.0558E-02
  5.3000E+01  0.0000E+00  2.8510E+05  1.0000E+00  0.0000E+00  1.0000E+00  0.0000E+00  0.0000E+00  0.0000E+00  0.0000E+00  0.0000E+00  0.0000E+00  0.0000E+00
  5.3000E+01  2.0000E+00  0.0000E+00  2.0000E+00  2.5330E+03  0.0000E+00  3.4435E+01  1.0656E+00  1.0656E+00  2.5330E+03  3.4435E+01  2.4985E+03  1.0656E+00
  5.3000E+01  2.0000E+00  0.0000E+00  3.0000E+00  1.1500E+00  0.0000E+00  2.2092E+00 -1.1291E-02 -1.1291E-02  1.1500E+00  2.2092E+00 -1.0592E+00 -1.1291E-02
  5.4000E+01  0.0000E+00  2.7490E+05  1.0000E+00  0.0000E+00  1.0000E+00  0.0000E+00  0.0000E+00  0.0000E+00  0.0000E+00  0.0000E+00  0.0000E+00  0.0000E+00
  5.4000E+01  2.0000E+00  0.0000E+00  2.0000E+00  3.2506E+03  0.0000E+00  3.4563E+01  1.3665E+00  1.3665E+00  3.2506E+03  3.4563E+01  3.2161E+03  1.3665E+00
  5.4000E+01  2.0000E+00  0.0000E+00  3.0000E+00  2.4320E+01  0.0000E+00  2.2142E+00  2.3512E-01  2.3512E-01  2.4320E+01  2.2142E+00  2.2106E+01  2.3512E-01
  5.5000E+01  0.0000E+00  3.0330E+05  1.0000E+00  0.0000E+00  1.0000E+00  0.0000E+00  0.0000E+00  0.0000E+00  0.0000E+00  0.0000E+00  0.0000E+00  0.0000E+00
  5.5000E+01  3.0000E+00  0.0000E+00  3.0000E+00  1.6550E+01  0.0000E+00  1.4530E+00  2.4468E-01  2.4468E-01  1.6550E+01  1.4530E+00  1.5097E+01  2.4468E-01
  5.6000E+01  0.0000E+00  2.7950E+05  1.0000E+00  0.0000E+00  1.0000E+00  0.0000E+00  0.0000E+00  0.0000E+00  0.0000E+00  0.0000E+00  0.0000E+00  0.0000E+00
  5.6000E+01  3.0000E+00  0.0000E+00  3.0000E+00  2.5600E+00  0.0000E+00  1.4997E+00  1.6650E-02  1.6650E-02  2.5600E+00  1.4997E+00  1.0603E+00  1.6650E-02
  5.7000E+01  0.0000E+00  2.7500E+05  1.0000E+00  0.0000E+00  1.0000E+00  0.0000E+00  0.0000E+00  0.0000E+00  0.0000E+00  0.0000E+00  0.0000E+00  0.0000E+00
  5.7000E+01  3.0000E+00  0.0000E+00  3.0000E+00  1.8400E+00  0.0000E+00  1.5082E+00  5.1810E-03  5.1810E-03  1.8400E+00  1.5082E+00  3.3181E-01  5.1810E-03
  5.8000E+01  0.0000E+00  2.7450E+05  1.0000E+00  0.0000E+00  1.0000E+00  0.0000E+00  0.0000E+00  0.0000E+00  0.0000E+00  0.0000E+00  0.0000E+00  0.0000E+00
  5.8000E+01  4.0000E+00  0.0000E+00  2.0000E+00  4.5601E+02  0.0000E+00  1.4707E+01  4.4068E-01  4.4068E-01  4.5601E+02  1.4707E+01  4.4130E+02  4.4068E-01
  5.8000E+01  4.0000E+00  0.0000E+00  3.0000E+00  3.8500E+00  0.0000E+00  1.0388E+00  6.3732E-02  6.3732E-02  3.8500E+00  1.0388E+00  2.8112E+00  6.3732E-02
  5.9000E+01  0.0000E+00  2.8350E+05  1.0000E+00  0.0000E+00  1.0000E+00  0.0000E+00  0.0000E+00  0.0000E+00  0.0000E+00  0.0000E+00  0.0000E+00  0.0000E+00
  5.9000E+01  4.0000E+00  0.0000E+00  2.0000E+00  1.0256E+03  0.0000E+00  1.4343E+01  1.0354E+00  1.0354E+00  1.0256E+03  1.4343E+01  1.0112E+03  1.0354E+00
  5.9000E+01  4.0000E+00  0.0000E+00  3.0000E+00  7.7800E+00  0.0000E+00  1.0181E+00  1.5640E-01  1.5640E-01  7.7800E+00  1.0181E+00  6.7619E+00  1.5640E-01
  6.0000E+01  0.0000E+00  2.8850E+05  1.0000E+00  0.0000E+00  1.0000E+00  0.0000E+00  0.0000E+00  0.0000E+00  0.0000E+00  0.0000E+00  0.0000E+00  0.0000E+00
  6.0000E+01  4.0000E+00  0.0000E+00  2.0000E+00  7.7402E+02  0.0000E+00  1.4142E+01  7.8911E-01  7.8911E-01  7.7402E+02  1.4142E+01  7.5988E+02  7.8911E-01
  6.0000E+01  4.0000E+00  0.0000E+00  3.0000E+00  2.8000E+00  0.0000E+00  1.0067E+00  4.1948E-02  4.1948E-02  2.8000E+00  1.0067E+00  1.7933E+00  4.1948E-02
  6.1000E+01  0.0000E+00  2.8250E+05  1.0000E+00  0.0000E+00  1.0000E+00  0.0000E+00  0.0000E+00  0.0000E+00  0.0000E+00  0.0000E+00  0.0000E+00  0.0000E+00
  6.1000E+01  6.0000E+00  0.0000E+00  3.0000E+00  0.0000E+00  1.0000E+00  4.9485E-01  0.0000E+00 -2.3550E-02  0.0000E+00  4.9485E-01  0.0000E+00  0.0000E+00
  6.2000E+01  0.0000E+00  2.9040E+05  1.0000E+00  0.0000E+00  1.0000E+00  0.0000E+00  0.0000E+00  0.0000E+00  0.0000E+00  0.0000E+00  0.0000E+00  0.0000E+00
  6.2000E+01  6.0000E+00  0.0000E+00  3.0000E+00  1.6000E-01  0.0000E+00  4.8038E-01 -1.5706E-02 -1.5706E-02  1.6000E-01  4.8038E-01 -3.2038E-01 -1.5706E-02
  6.3000E+01  0.0000E+00  2.7330E+05  1.0000E+00  0.0000E+00  1.0000E+00  0.0000E+00  0.0000E+00  0.0000E+00  0.0000E+00  0.0000E+00  0.0000E+00  0.0000E+00
  6.3000E+01  6.0000E+00  0.0000E+00  3.0000E+00  2.7000E+00  0.0000E+00  5.1243E-01  1.0053E-01  1.0053E-01  2.7000E+00  5.1243E-01  2.1876E+00  1.0053E-01
  6.4000E+01  0.0000E+00  2.8850E+05  1.0000E+00  0.0000E+00  1.0000E+00  0.0000E+00  0.0000E+00  0.0000E+00  0.0000E+00  0.0000E+00  0.0000E+00  0.0000E+00
  6.4000E+01  8.0000E+00  0.0000E+00  2.0000E+00  2.7488E+02  0.0000E+00  2.4008E+00  1.6668E+00  1.6668E+00  2.7488E+02  2.4008E+00  2.7248E+02  1.6668E+00
  6.4000E+01  8.0000E+00  0.0000E+00  3.0000E+00  0.0000E+00  1.0000E+00  2.4805E-01  0.0000E+00 -2.3550E-02  0.0000E+00  2.4805E-01  0.0000E+00  0.0000E+00
  6.5000E+01  0.0000E+00  2.8560E+05  1.0000E+00  0.0000E+00  1.0000E+00  0.0000E+00  0.0000E+00  0.0000E+00  0.0000E+00  0.0000E+00  0.0000E+00  0.0000E+00
  6.5000E+01  8.0000E+00  0.0000E+00  2.0000E+00  3.4885E+02  0.0000E+00  2.4546E+00  2.0725E+00  2.0725E+00  3.4885E+02  2.4546E+00  3.4640E+02  2.0725E+00
  6.5000E+01  8.0000E+00  0.0000E+00  3.0000E+00  5.5000E-01  0.0000E+00  2.5143E-01  2.7964E-02  2.7964E-02  5.5000E-01  2.5143E-01  2.9857E-01  2.7964E-02
  6.6000E+01  0.0000E+00  2.7370E+05  1.0000E+00  0.0000E+00  1.0000E+00  0.0000E+00  0.0000E+00  0.0000E+00  0.0000E+00  0.0000E+00  0.0000E+00  0.0000E+00
  6.6000E+01  8.0000E+00  0.0000E+00  2.0000E+00  1.6299E+02  0.0000E+00  2.6872E+00  8.7609E-01  8.7609E-01  1.6299E+02  2.6872E+00  1.6030E+02  8.7609E-01
  6.6000E+01  8.0000E+00  0.0000E+00  3.0000E+00  2.4400E+00  0.0000E+00  2.6599E-01  1.9247E-01  1.9247E-01  2.4400E+00  2.6599E-01  2.1740E+00  1.9247E-01
  6.7000E+01  0.0000E+00  2.8000E+05  1.0000E+00  0.0000E+00  1.0000E+00  0.0000E+00  0.0000E+00  0.0000E+00  0.0000E+00  0.0000E+00  0.0000E+00  0.0000E+00
  6.7000E+01  1.7000E-02  0.0000E+00  3.0000E+00  7.2560E+03  0.0000E+00  6.2250E+01  2.7215E+00  2.7215E+00  7.2560E+03  6.2250E+01  7.1938E+03  2.7215E+00
  6.8000E+01  0.0000E+00  2.8000E+05  1.0000E+00  0.0000E+00  1.0000E+00  0.0000E+00  0.0000E+00  0.0000E+00  0.0000E+00  0.0000E+00  0.0000E+00  0.0000E+00
  6.8000E+01  1.7000E-02  0.0000E+00  3.0000E+00  8.3999E+03  0.0000E+00  6.2250E+01  3.1542E+00  3.1542E+00  8.3999E+03  6.2250E+01  8.3377E+03  3.1542E+00
  6.9000E+01  0.0000E+00  2.8000E+05  1.0000E+00  0.0000E+00  1.0000E+00  0.0000E+00  0.0000E+00  0.0000E+00  0.0000E+00  0.0000E+00  0.0000E+00  0.0000E+00
  6.9000E+01  1.7000E-02  0.0000E+00  3.0000E+00  1.0783E+04  0.0000E+00  6.2250E+01  4.0559E+00  4.0559E+00  1.0783E+04  6.2250E+01  1.0721E+04  4.0559E+00
  7.0000E+01  0.0000E+00  2.8000E+05  1.0000E+00  0.0000E+00  1.0000E+00  0.0000E+00  0.0000E+00  0.0000E+00  0.0000E+00  0.0000E+00  0.0000E+00  0.0000E+00
  7.0000E+01  8.3000E-02  0.0000E+00  3.0000E+00  1.9424E+03  0.0000E+00  1.3601E+01  3.3397E+00  3.3397E+00  1.9424E+03  1.3601E+01  1.9288E+03  3.3397E+00
  7.1000E+01  0.0000E+00  2.8000E+05  1.0000E+00  0.0000E+00  1.0000E+00  0.0000E+00  0.0000E+00  0.0000E+00  0.0000E+00  0.0000E+00  0.0000E+00  0.0000E+00
  7.1000E+01  8.3000E-02  0.0000E+00  3.0000E+00  1.9194E+03  0.0000E+00  1.3601E+01  3.2999E+00  3.2999E+00  1.9194E+03  1.3601E+01  1.9058E+03  3.2999E+00
  7.2000E+01  0.0000E+00  2.8000E+05  1.0000E+00  0.0000E+00  1.0000E+00  0.0000E+00  0.0000E+00  0.0000E+00  0.0000E+00  0.0000E+00  0.0000E+00  0.0000E+00
  7.2000E+01  8.3000E-02  0.0000E+00  3.0000E+00  1.7315E+03  0.0000E+00  1.3601E+01  2.9746E+00  2.9746E+00  1.7315E+03  1.3601E+01  1.7179E+03  2.9746E+00
  7.3000E+01  0.0000E+00  2.8000E+05  1.0000E+00  0.0000E+00  1.0000E+00  0.0000E+00  0.0000E+00  0.0000E+00  0.0000E+00  0.0000E+00  0.0000E+00  0.0000E+00
  7.3000E+01  2.5000E-01  0.0000E+00  3.0000E+00  2.1170E+02  0.0000E+00  4.5227E+00  1.0788E+00  1.0788E+00  2.1170E+02  4.5227E+00  2.0718E+02  1.0788E+00
  7.4000E+01  0.0000E+00  2.8000E+05  1.0000E+00  0.0000E+00  1.0000E+00  0.0000E+00  0.0000E+00  0.0000E+00  0.0000E+00  0.0000E+00  0.0000E+00  0.0000E+00
  7.4000E+01  2.5000E-01  0.0000E+00  3.0000E+00  3.0850E+02  0.0000E+00  4.5227E+00  1.5828E+00  1.5828E+00  3.0850E+02  4.5227E+00  3.0398E+02  1.5828E+00
  7.5000E+01  0.0000E+00  2.8000E+05  1.0000E+00  0.0000E+00  1.0000E+00  0.0000E+00  0.0000E+00  0.0000E+00  0.0000E+00  0.0000E+00  0.0000E+00  0.0000E+00
  7.5000E+01  2.5000E-01  0.0000E+00  3.0000E+00  3.0460E+02  0.0000E+00  4.5227E+00  1.5625E+00  1.5625E+00  3.0460E+02  4.5227E+00  3.0008E+02  1.5625E+00
  7.6000E+01  0.0000E+00  2.8000E+05  1.0000E+00  0.0000E+00  1.0000E+00  0.0000E+00  0.0000E+00  0.0000E+00  0.0000E+00  0.0000E+00  0.0000E+00  0.0000E+00
  7.6000E+01  5.0000E-01  0.0000E+00  3.0000E+00  7.1700E+01  0.0000E+00  4.0306E+00  3.9537E-01  3.9537E-01  7.1700E+01  4.0306E+00  6.7669E+01  3.9537E-01
  7.7000E+01  0.0000E+00  2.8000E+05  1.0000E+00  0.0000E+00  1.0000E+00  0.0000E+00  0.0000E+00  0.0000E+00  0.0000E+00  0.0000E+00  0.0000E+00  0.0000E+00
  7.7000E+01  5.0000E-01  0.0000E+00  3.0000E+00  1.6950E+02  0.0000E+00  4.0306E+00  9.6678E-01  9.6678E-01  1.6950E+02  4.0306E+00  1.6547E+02  9.6678E-01
  7.8000E+01  0.0000E+00  2.8000E+05  1.0000E+00  0.0000E+00  1.0000E+00  0.0000E+00  0.0000E+00  0.0000E+00  0.0000E+00  0.0000E+00  0.0000E+00  0.0000E+00
  7.8000E+01  5.0000E-01  0.0000E+00  3.0000E+00  1.9250E+02  0.0000E+00  4.0306E+00  1.1012E+00  1.1012E+00  1.9250E+02  4.0306E+00  1.8847E+02  1.1012E+00
  7.9000E+01  0.0000E+00  2.8000E+05  1.0000E+00  0.0000E+00  1.0000E+00  0.0000E+00  0.0000E+00  0.0000E+00  0.0000E+00  0.0000E+00  0.0000E+00  0.0000E+00
  7.9000E+01  1.0000E+00  0.0000E+00  3.0000E+00  3.0940E+02  0.0000E+00  3.2937E+00  2.1887E+00  2.1887E+00  3.0940E+02  3.2937E+00  3.0611E+02  2.1887E+00
  8.0000E+01  0.0000E+00  2.8000E+05  1.0000E+00  0.0000E+00  1.0000E+00  0.0000E+00  0.0000E+00  0.0000E+00  0.0000E+00  0.0000E+00  0.0000E+00  0.0000E+00
  8.0000E+01  1.0000E+00  0.0000E+00  3.0000E+00  7.2400E+01  0.0000E+00  3.2937E+00  4.9411E-01  4.9411E-01  7.2400E+01  3.2937E+00  6.9106E+01  4.9411E-01
  8.1000E+01  0.0000E+00  2.8000E+05  1.0000E+00  0.0000E+00  1.0000E+00  0.0000E+00  0.0000E+00  0.0000E+00  0.0000E+00  0.0000E+00  0.0000E+00  0.0000E+00
  8.1000E+01  1.0000E+00  0.0000E+00  3.0000E+00  1.7600E+01  0.0000E+00  3.2937E+00  1.0229E-01  1.0229E-01  1.7600E+01  3.2937E+00  1.4306E+01  1.0229E-01
  8.2000E+01  0.0000E+00  2.8000E+05  1.0000E+00  0.0000E+00  1.0000E+00  0.0000E+00  0.0000E+00  0.0000E+00  0.0000E+00  0.0000E+00  0.0000E+00  0.0000E+00
  8.2000E+01  2.0000E+00  0.0000E+00  3.0000E+00  4.5000E+00  0.0000E+00  2.2119E+00  2.4360E-02  2.4360E-02  4.5000E+00  2.2119E+00  2.2881E+00  2.4360E-02
  8.3000E+01  0.0000E+00  2.8000E+05  1.0000E+00  0.0000E+00  1.0000E+00  0.0000E+00  0.0000E+00  0.0000E+00  0.0000E+00  0.0000E+00  0.0000E+00  0.0000E+00
  8.3000E+01  2.0000E+00  0.0000E+00  3.0000E+00  4.5000E+00  0.0000E+00  2.2119E+00  2.4360E-02  2.4360E-02  4.5000E+00  2.2119E+00  2.2881E+00  2.4360E-02
  8.4000E+01  0.0000E+00  2.8000E+05  1.0000E+00  0.0000E+00  1.0000E+00  0.0000E+00  0.0000E+00  0.0000E+00  0.0000E+00  0.0000E+00  0.0000E+00  0.0000E+00
  8.4000E+01  2.0000E+00  0.0000E+00  3.0000E+00  9.8000E+00  0.0000E+00  2.2119E+00  8.0787E-02  8.0787E-02  9.8000E+00  2.2119E+00  7.5881E+00  8.0787E-02
  8.5000E+01  0.0000E+00  2.8000E+05  1.0000E+00  0.0000E+00  1.0000E+00  0.0000E+00  0.0000E+00  0.0000E+00  0.0000E+00  0.0000E+00  0.0000E+00  0.0000E+00
  8.5000E+01  4.0000E+00  0.0000E+00  3.0000E+00  5.4000E+00  0.0000E+00  1.0261E+00  1.0038E-01  1.0038E-01  5.4000E+00  1.0261E+00  4.3739E+00  1.0038E-01
  8.6000E+01  0.0000E+00  2.8000E+05  1.0000E+00  0.0000E+00  1.0000E+00  0.0000E+00  0.0000E+00  0.0000E+00  0.0000E+00  0.0000E+00  0.0000E+00  0.0000E+00
  8.6000E+01  4.0000E+00  0.0000E+00  3.0000E+00  2.0000E-01  0.0000E+00  1.0261E+00 -1.8960E-02 -1.8960E-02  2.0000E-01  1.0261E+00 -8.2610E-01 -1.8960E-02
  8.7000E+01  0.0000E+00  2.8000E+05  1.0000E+00  0.0000E+00  1.0000E+00  0.0000E+00  0.0000E+00  0.0000E+00  0.0000E+00  0.0000E+00  0.0000E+00  0.0000E+00
  8.7000E+01  4.0000E+00  0.0000E+00  3.0000E+00  1.3600E+01  0.0000E+00  1.0261E+00  2.8858E-01  2.8858E-01  1.3600E+01  1.0261E+00  1.2574E+01  2.8858E-01
  8.8000E+01  0.0000E+00  2.8000E+05  1.0000E+00  0.0000E+00  1.0000E+00  0.0000E+00  0.0000E+00  0.0000E+00  0.0000E+00  0.0000E+00  0.0000E+00  0.0000E+00
  8.8000E+01  6.0000E+00  0.0000E+00  3.0000E+00  1.6100E+01  0.0000E+00  4.9952E-01  7.3549E-01  7.3549E-01  1.6100E+01  4.9952E-01  1.5600E+01  7.3549E-01
  8.9000E+01  0.0000E+00  2.8000E+05  1.0000E+00  0.0000E+00  1.0000E+00  0.0000E+00  0.0000E+00  0.0000E+00  0.0000E+00  0.0000E+00  0.0000E+00  0.0000E+00
  8.9000E+01  6.0000E+00  0.0000E+00  3.0000E+00  4.0000E-01  0.0000E+00  4.9952E-01 -4.6916E-03 -4.6916E-03  4.0000E-01  4.9952E-01 -9.9515E-02 -4.6916E-03
  9.0000E+01  0.0000E+00  2.8000E+05  1.0000E+00  0.0000E+00  1.0000E+00  0.0000E+00  0.0000E+00  0.0000E+00  0.0000E+00  0.0000E+00  0.0000E+00  0.0000E+00
  9.0000E+01  6.0000E+00  0.0000E+00  3.0000E+00  6.0000E-01  0.0000E+00  4.9952E-01  4.7374E-03  4.7374E-03  6.0000E-01  4.9952E-01  1.0048E-01  4.7374E-03
  9.1000E+01  0.0000E+00  2.8000E+05  1.0000E+00  0.0000E+00  1.0000E+00  0.0000E+00  0.0000E+00  0.0000E+00  0.0000E+00  0.0000E+00  0.0000E+00  0.0000E+00
  9.1000E+01  8.0000E+00  0.0000E+00  3.0000E+00  5.0000E-01  0.0000E+00  2.5808E-01  2.2075E-02  2.2075E-02  5.0000E-01  2.5808E-01  2.4192E-01  2.2075E-02
  9.2000E+01  0.0000E+00  2.8000E+05  1.0000E+00  0.0000E+00  1.0000E+00  0.0000E+00  0.0000E+00  0.0000E+00  0.0000E+00  0.0000E+00  0.0000E+00  0.0000E+00
  9.2000E+01  8.0000E+00  0.0000E+00  3.0000E+00  6.0000E-01  0.0000E+00  2.5808E-01  3.1199E-02  3.1199E-02  6.0000E-01  2.5808E-01  3.4192E-01  3.1199E-02
  9.3000E+01  0.0000E+00  2.8000E+05  1.0000E+00  0.0000E+00  1.0000E+00  0.0000E+00  0.0000E+00  0.0000E+00  0.0000E+00  0.0000E+00  0.0000E+00  0.0000E+00
  9.3000E+01  8.0000E+00  0.0000E+00  3.0000E+00  3.5000E+00  0.0000E+00  2.5808E-01  2.9582E-01  2.9582E-01  3.5000E+00  2.5808E-01  3.2419E+00  2.9582E-01
  9.4000E+01  0.0000E+00  2.8000E+05  1.0000E+00  0.0000E+00  1.0000E+00  0.0000E+00  0.0000E+00  0.0000E+00  0.0000E+00  0.0000E+00  0.0000E+00  0.0000E+00
  9.4000E+01  1.2000E+01  0.0000E+00  3.0000E+00  4.0000E-01  0.0000E+00  8.3650E-02  8.9061E-02  8.9061E-02  4.0000E-01  8.3650E-02  3.1635E-01  8.9061E-02
  9.5000E+01  0.0000E+00  2.8000E+05  1.0000E+00  0.0000E+00  1.0000E+00  0.0000E+00  0.0000E+00  0.0000E+00  0.0000E+00  0.0000E+00  0.0000E+00  0.0000E+00
  9.5000E+01  1.2000E+01  0.0000E+00  3.0000E+00  6.0000E-01  0.0000E+00  8.3650E-02  1.4537E-01  1.4537E-01  6.0000E-01  8.3650E-02  5.1635E-01  1.4537E-01
  9.6000E+01  0.0000E+00  2.8000E+05  1.0000E+00  0.0000E+00  1.0000E+00  0.0000E+00  0.0000E+00  0.0000E+00  0.0000E+00  0.0000E+00  0.0000E+00  0.0000E+00
  9.6000E+01  1.2000E+01  0.0000E+00  3.0000E+00  6.8000E+00  0.0000E+00  8.3650E-02  1.8908E+00  1.8908E+00  6.8000E+00  8.3650E-02  6.7164E+00  1.8908E+00
  9.7000E+01  0.0000E+00  2.8000E+05  1.0000E+00  0.0000E+00  1.0000E+00  0.0000E+00  0.0000E+00  0.0000E+00  0.0000E+00  0.0000E+00  0.0000E+00  0.0000E+00
  9.7000E+01  2.4000E+01  0.0000E+00  3.0000E+00  4.0000E-01  0.0000E+00  7.2399E-03  1.2776E+00  1.2776E+00  4.0000E-01  7.2399E-03  3.9276E-01  1.2776E+00
  9.8000E+01  0.0000E+00  2.8000E+05  1.0000E+00  0.0000E+00  1.0000E+00  0.0000E+00  0.0000E+00  0.0000E+00  0.0000E+00  0.0000E+00  0.0000E+00  0.0000E+00
  9.8000E+01  2.4000E+01  0.0000E+00  3.0000E+00  2.2000E+00  0.0000E+00  7.2399E-03  7.1326E+00  7.1326E+00  2.2000E+00  7.2399E-03  2.1928E+00  7.1326E+00
  9.9000E+01  0.0000E+00  2.8000E+05  1.0000E+00  0.0000E+00  1.0000E+00  0.0000E+00  0.0000E+00  0.0000E+00  0.0000E+00  0.0000E+00  0.0000E+00  0.0000E+00
  9.9000E+01  2.4000E+01  0.0000E+00  3.0000E+00  9.0000E-01  0.0000E+00  7.2399E-03  2.9040E+00  2.9040E+00  9.0000E-01  7.2399E-03  8.9276E-01  2.9040E+00
  1.0000E+02  0.0000E+00  0.0000E+00  3.0000E+00  0.0000E+00  0.0000E+00  0.0000E+00  0.0000E+00  0.0000E+00  0.0000E+00  0.0000E+00  0.0000E+00  0.0000E+00
  1.0000E+02  0.0000E+00  2.8000E+05  3.0000E+00  0.0000E+00  1.0000E+00  2.8000E+05  0.0000E+00 -2.3550E-02  0.0000E+00  2.8000E+05  0.0000E+00  0.0000E+00
  1.0100E+02  0.0000E+00  0.0000E+00  3.0000E+00  0.0000E+00  0.0000E+00  0.0000E+00  0.0000E+00  0.0000E+00  0.0000E+00  0.0000E+00  0.0000E+00  0.0000E+00
  1.0100E+02  0.0000E+00  2.8000E+05  3.0000E+00  0.0000E+00  1.0000E+00  2.8000E+05  0.0000E+00 -2.3550E-02  0.0000E+00  2.8000E+05  0.0000E+00  0.0000E+00
  1.0200E+02  0.0000E+00  0.0000E+00  3.0000E+00  0.0000E+00  0.0000E+00  0.0000E+00  0.0000E+00  0.0000E+00  0.0000E+00  0.0000E+00  0.0000E+00  0.0000E+00
  1.0200E+02  0.0000E+00  2.8000E+05  3.0000E+00  0.0000E+00  1.0000E+00  2.8000E+05  0.0000E+00 -2.3550E-02  0.0000E+00  2.8000E+05  0.0000E+00  0.0000E+00
  1.0300E+02  0.0000E+00  2.8000E+05  3.0000E+00  0.0000E+00  1.0000E+00  2.8000E+05  0.0000E+00 -2.3550E-02  0.0000E+00  2.8000E+05  0.0000E+00  0.0000E+00
  1.0300E+02  2.5000E-01  0.0000E+00  3.0000E+00  1.7200E+01  0.0000E+00  3.8211E+01 -1.2949E-02 -1.2949E-02  1.7200E+01  3.8211E+01 -2.1011E+01 -1.2949E-02
  1.0400E+02  0.0000E+00  2.8000E+05  3.0000E+00  0.0000E+00  1.0000E+00  2.8000E+05  0.0000E+00 -2.3550E-02  0.0000E+00  2.8000E+05  0.0000E+00  0.0000E+00
  1.0400E+02  2.5000E-01  0.0000E+00  3.0000E+00  1.2800E+01  0.0000E+00  3.8211E+01 -1.5661E-02 -1.5661E-02  1.2800E+01  3.8211E+01 -2.5411E+01 -1.5661E-02
  1.0500E+02  0.0000E+00  2.8000E+05  3.0000E+00  0.0000E+00  1.0000E+00  2.8000E+05  0.0000E+00 -2.3550E-02  0.0000E+00  2.8000E+05  0.0000E+00  0.0000E+00
  1.0500E+02  2.5000E-01  0.0000E+00  3.0000E+00  4.2300E+01  0.0000E+00  3.8211E+01  2.5203E-03  2.5203E-03  4.2300E+01  3.8211E+01  4.0893E+00  2.5203E-03
  1.0600E+02  0.0000E+00  2.8000E+05  3.0000E+00  0.0000E+00  1.0000E+00  2.8000E+05  0.0000E+00 -2.3550E-02  0.0000E+00  2.8000E+05  0.0000E+00  0.0000E+00
  1.0600E+02  5.0000E-01  0.0000E+00  3.0000E+00  8.7000E+00  0.0000E+00  3.6364E+01 -1.7915E-02 -1.7915E-02  8.7000E+00  3.6364E+01 -2.7664E+01 -1.7915E-02
  1.0700E+02  0.0000E+00  2.8000E+05  3.0000E+00  0.0000E+00  1.0000E+00  2.8000E+05  0.0000E+00 -2.3550E-02  0.0000E+00  2.8000E+05  0.0000E+00  0.0000E+00
  1.0700E+02  5.0000E-01  0.0000E+00  3.0000E+00  1.3400E+01  0.0000E+00  3.6364E+01 -1.4872E-02 -1.4872E-02  1.3400E+01  3.6364E+01 -2.2964E+01 -1.4872E-02
  1.0800E+02  0.0000E+00  2.8000E+05  3.0000E+00  0.0000E+00  1.0000E+00  2.8000E+05  0.0000E+00 -2.3550E-02  0.0000E+00  2.8000E+05  0.0000E+00  0.0000E+00
  1.0800E+02  5.0000E-01  0.0000E+00  3.0000E+00  1.2600E+01  0.0000E+00  3.6364E+01 -1.5390E-02 -1.5390E-02  1.2600E+01  3.6364E+01 -2.3764E+01 -1.5390E-02
  1.0900E+02  0.0000E+00  2.8000E+05  3.0000E+00  0.0000E+00  1.0000E+00  2.8000E+05  0.0000E+00 -2.3550E-02  0.0000E+00  2.8000E+05  0.0000E+00  0.0000E+00
  1.0900E+02  1.0000E+00  0.0000E+00  3.0000E+00  8.3000E+00  0.0000E+00  3.2963E+01 -1.7620E-02 -1.7620E-02  8.3000E+00  3.2963E+01 -2.4663E+01 -1.7620E-02
  1.1000E+02  0.0000E+00  2.8000E+05  3.0000E+00  0.0000E+00  1.0000E+00  2.8000E+05  0.0000E+00 -2.3550E-02  0.0000E+00  2.8000E+05  0.0000E+00  0.0000E+00
  1.1000E+02  1.0000E+00  0.0000E+00  3.0000E+00  5.6000E+00  0.0000E+00  3.2963E+01 -1.9549E-02 -1.9549E-02  5.6000E+00  3.2963E+01 -2.7363E+01 -1.9549E-02
  1.1100E+02  0.0000E+00  2.8000E+05  3.0000E+00  0.0000E+00  1.0000E+00  2.8000E+05  0.0000E+00 -2.3550E-02  0.0000E+00  2.8000E+05  0.0000E+00  0.0000E+00
  1.1100E+02  1.0000E+00  0.0000E+00  3.0000E+00  8.9000E+00  0.0000E+00  3.2963E+01 -1.7191E-02 -1.7191E-02  8.9000E+00  3.2963E+01 -2.4063E+01 -1.7191E-02
  1.1200E+02  0.0000E+00  2.8000E+05  3.0000E+00  0.0000E+00  1.0000E+00  2.8000E+05  0.0000E+00 -2.3550E-02  0.0000E+00  2.8000E+05  0.0000E+00  0.0000E+00
  1.1200E+02  2.0000E+00  0.0000E+00  3.0000E+00  2.5700E+01  0.0000E+00  2.7172E+01 -1.2757E-03 -1.2757E-03  2.5700E+01  2.7172E+01 -1.4719E+00 -1.2757E-03
  1.1300E+02  0.0000E+00  2.8000E+05  3.0000E+00  0.0000E+00  1.0000E+00  2.8000E+05  0.0000E+00 -2.3550E-02  0.0000E+00  2.8000E+05  0.0000E+00  0.0000E+00
  1.1300E+02  2.0000E+00  0.0000E+00  3.0000E+00  4.0000E-01  0.0000E+00  2.7172E+01 -2.3203E-02 -2.3203E-02  4.0000E-01  2.7172E+01 -2.6772E+01 -2.3203E-02
  1.1400E+02  0.0000E+00  2.8000E+05  3.0000E+00  0.0000E+00  1.0000E+00  2.8000E+05  0.0000E+00 -2.3550E-02  0.0000E+00  2.8000E+05  0.0000E+00  0.0000E+00
  1.1400E+02  2.0000E+00  0.0000E+00  3.0000E+00  2.4000E+01  0.0000E+00  2.7172E+01 -2.7490E-03 -2.7490E-03  2.4000E+01  2.7172E+01 -3.1719E+00 -2.7490E-03
  1.1500E+02  0.0000E+00  2.8000E+05  3.0000E+00  0.0000E+00  1.0000E+00  2.8000E+05  0.0000E+00 -2.3550E-02  0.0000E+00  2.8000E+05  0.0000E+00  0.0000E+00
  1.1500E+02  4.0000E+00  0.0000E+00  3.0000E+00  1.7000E+00  0.0000E+00  1.8643E+01 -2.1402E-02 -2.1402E-02  1.7000E+00  1.8643E+01 -1.6943E+01 -2.1402E-02
  1.1600E+02  0.0000E+00  2.8000E+05  3.0000E+00  0.0000E+00  1.0000E+00  2.8000E+05  0.0000E+00 -2.3550E-02  0.0000E+00  2.8000E+05  0.0000E+00  0.0000E+00
  1.1600E+02  4.0000E+00  0.0000E+00  3.0000E+00  9.0000E-01  0.0000E+00  1.8643E+01 -2.2413E-02 -2.2413E-02  9.0000E-01  1.8643E+01 -1.7743E+01 -2.2413E-02
  1.1700E+02  0.0000E+00  2.8000E+05  3.0000E+00  0.0000E+00  1.0000E+00  2.8000E+05  0.0000E+00 -2.3550E-02  0.0000E+00  2.8000E+05  0.0000E+00  0.0000E+00
  1.1700E+02  4.0000E+00  0.0000E+00  3.0000E+00  3.0000E-01  0.0000E+00  1.8643E+01 -2.3171E-02 -2.3171E-02  3.0000E-01  1.8643E+01 -1.8343E+01 -2.3171E-02
  1.1800E+02  0.0000E+00  2.8000E+05  3.0000E+00  0.0000E+00  1.0000E+00  2.8000E+05  0.0000E+00 -2.3550E-02  0.0000E+00  2.8000E+05  0.0000E+00  0.0000E+00
  1.1800E+02  6.0000E+00  0.0000E+00  3.0000E+00  9.0000E-01  0.0000E+00  1.2904E+01 -2.1907E-02 -2.1907E-02  9.0000E-01  1.2904E+01 -1.2004E+01 -2.1907E-02
  1.1900E+02  0.0000E+00  2.8000E+05  3.0000E+00  0.0000E+00  1.0000E+00  2.8000E+05  0.0000E+00 -2.3550E-02  0.0000E+00  2.8000E+05  0.0000E+00  0.0000E+00
  1.1900E+02  6.0000E+00  0.0000E+00  3.0000E+00  3.0000E+00  0.0000E+00  1.2904E+01 -1.8075E-02 -1.8075E-02  3.0000E+00  1.2904E+01 -9.9038E+00 -1.8075E-02
  1.2000E+02  0.0000E+00  2.8000E+05  3.0000E+00  0.0000E+00  1.0000E+00  2.8000E+05  0.0000E+00 -2.3550E-02  0.0000E+00  2.8000E+05  0.0000E+00  0.0000E+00
  1.2000E+02  6.0000E+00  0.0000E+00  3.0000E+00  3.8000E+00  0.0000E+00  1.2904E+01 -1.6615E-02 -1.6615E-02  3.8000E+00  1.2904E+01 -9.1038E+00 -1.6615E-02
  1.2100E+02  0.0000E+00  2.8000E+05  3.0000E+00  0.0000E+00  1.0000E+00  2.8000E+05  0.0000E+00 -2.3550E-02  0.0000E+00  2.8000E+05  0.0000E+00  0.0000E+00
  1.2100E+02  8.0000E+00  0.0000E+00  3.0000E+00  8.0000E-01  0.0000E+00  8.9801E+00 -2.1452E-02 -2.1452E-02  8.0000E-01  8.9801E+00 -8.1801E+00 -2.1452E-02
  1.2200E+02  0.0000E+00  2.8000E+05  3.0000E+00  0.0000E+00  1.0000E+00  2.8000E+05  0.0000E+00 -2.3550E-02  0.0000E+00  2.8000E+05  0.0000E+00  0.0000E+00
  1.2200E+02  8.0000E+00  0.0000E+00  3.0000E+00  1.2000E+00  0.0000E+00  8.9801E+00 -2.0403E-02 -2.0403E-02  1.2000E+00  8.9801E+00 -7.7801E+00 -2.0403E-02
  1.2300E+02  0.0000E+00  2.8000E+05  3.0000E+00  0.0000E+00  1.0000E+00  2.8000E+05  0.0000E+00 -2.3550E-02  0.0000E+00  2.8000E+05  0.0000E+00  0.0000E+00
  1.2300E+02  8.0000E+00  0.0000E+00  3.0000E+00  9.0000E-01  0.0000E+00  8.9801E+00 -2.1189E-02 -2.1189E-02  9.0000E-01  8.9801E+00 -8.0801E+00 -2.1189E-02
  1.2400E+02  0.0000E+00  2.8000E+05  3.0000E+00  0.0000E+00  1.0000E+00  2.8000E+05  0.0000E+00 -2.3550E-02  0.0000E+00  2.8000E+05  0.0000E+00  0.0000E+00
  1.2400E+02  1.2000E+01  0.0000E+00  3.0000E+00  2.8000E+00  0.0000E+00  4.3866E+00 -8.5178E-03 -8.5178E-03  2.8000E+00  4.3866E+00 -1.5866E+00 -8.5178E-03
  1.2500E+02  0.0000E+00  2.8000E+05  3.0000E+00  0.0000E+00  1.0000E+00  2.8000E+05  0.0000E+00 -2.3550E-02  0.0000E+00  2.8000E+05  0.0000E+00  0.0000E+00
  1.2500E+02  1.2000E+01  0.0000E+00  3.0000E+00  5.6200E+01  0.0000E+00  4.3866E+00  2.7816E-01  2.7816E-01  5.6200E+01  4.3866E+00  5.1813E+01  2.7816E-01
  1.2600E+02  0.0000E+00  2.8000E+05  3.0000E+00  0.0000E+00  1.0000E+00  2.8000E+05  0.0000E+00 -2.3550E-02  0.0000E+00  2.8000E+05  0.0000E+00  0.0000E+00
  1.2600E+02  1.2000E+01  0.0000E+00  3.0000E+00  8.0000E-01  0.0000E+00  4.3866E+00 -1.9255E-02 -1.9255E-02  8.0000E-01  4.3866E+00 -3.5866E+00 -1.9255E-02
  1.2700E+02  0.0000E+00  2.8000E+05  3.0000E+00  0.0000E+00  1.0000E+00  2.8000E+05  0.0000E+00 -2.3550E-02  0.0000E+00  2.8000E+05  0.0000E+00  0.0000E+00
  1.2700E+02  2.4000E+01  0.0000E+00  3.0000E+00  3.9000E+00  0.0000E+00  5.2142E-01  1.5259E-01  1.5259E-01  3.9000E+00  5.2142E-01  3.3786E+00  1.5259E-01
  1.2800E+02  0.0000E+00  2.8000E+05  3.0000E+00  0.0000E+00  1.0000E+00  2.8000E+05  0.0000E+00 -2.3550E-02  0.0000E+00  2.8000E+05  0.0000E+00  0.0000E+00
  1.2800E+02  2.4000E+01  0.0000E+00  3.0000E+00  4.0000E-01  0.0000E+00  5.2142E-01 -5.4840E-03 -5.4840E-03  4.0000E-01  5.2142E-01 -1.2142E-01 -5.4840E-03
  1.2900E+02  0.0000E+00  2.8000E+05  3.0000E+00  0.0000E+00  1.0000E+00  2.8000E+05  0.0000E+00 -2.3550E-02  0.0000E+00  2.8000E+05  0.0000E+00  0.0000E+00
  1.2900E+02  2.4000E+01  0.0000E+00  3.0000E+00  1.4000E+00  0.0000E+00  5.2142E-01  3.9680E-02  3.9680E-02  1.4000E+00  5.2142E-01  8.7858E-01  3.9680E-02
  1.3000E+02  0.0000E+00  0.0000E+00  3.0000E+00  0.0000E+00  0.0000E+00  0.0000E+00  0.0000E+00  0.0000E+00  0.0000E+00  0.0000E+00  0.0000E+00  0.0000E+00
  1.3000E+02  0.0000E+00  7.0000E+05  3.0000E+00  0.0000E+00  1.0000E+00  7.0000E+05  0.0000E+00 -2.3550E-02  0.0000E+00  7.0000E+05  0.0000E+00  0.0000E+00
  1.3100E+02  0.0000E+00  0.0000E+00  3.0000E+00  0.0000E+00  0.0000E+00  0.0000E+00  0.0000E+00  0.0000E+00  0.0000E+00  0.0000E+00  0.0000E+00  0.0000E+00
  1.3100E+02  0.0000E+00  7.0000E+05  3.0000E+00  0.0000E+00  1.0000E+00  7.0000E+05  0.0000E+00 -2.3550E-02  0.0000E+00  7.0000E+05  0.0000E+00  0.0000E+00
  1.3200E+02  0.0000E+00  0.0000E+00  3.0000E+00  0.0000E+00  0.0000E+00  0.0000E+00  0.0000E+00  0.0000E+00  0.0000E+00  0.0000E+00  0.0000E+00  0.0000E+00
  1.3200E+02  0.0000E+00  7.0000E+05  3.0000E+00  0.0000E+00  1.0000E+00  7.0000E+05  0.0000E+00 -2.3550E-02  0.0000E+00  7.0000E+05  0.0000E+00  0.0000E+00
  1.3300E+02  0.0000E+00  7.0000E+05  3.0000E+00  0.0000E+00  1.0000E+00  7.0000E+05  0.0000E+00 -2.3550E-02  0.0000E+00  7.0000E+05  0.0000E+00  0.0000E+00
  1.3300E+02  2.5000E-01  0.0000E+00  3.0000E+00  7.9800E+01  0.0000E+00  9.5527E+01 -3.8770E-03 -3.8770E-03  7.9800E+01  9.5527E+01 -1.5727E+01 -3.8770E-03
  1.3400E+02  0.0000E+00  7.0000E+05  3.0000E+00  0.0000E+00  1.0000E+00  7.0000E+05  0.0000E+00 -2.3550E-02  0.0000E+00  7.0000E+05  0.0000E+00  0.0000E+00
  1.3400E+02  2.5000E-01  0.0000E+00  3.0000E+00  6.8500E+01  0.0000E+00  9.5527E+01 -6.6628E-03 -6.6628E-03  6.8500E+01  9.5527E+01 -2.7027E+01 -6.6628E-03
  1.3500E+02  0.0000E+00  7.0000E+05  3.0000E+00  0.0000E+00  1.0000E+00  7.0000E+05  0.0000E+00 -2.3550E-02  0.0000E+00  7.0000E+05  0.0000E+00  0.0000E+00
  1.3500E+02  2.5000E-01  0.0000E+00  3.0000E+00  6.8200E+01  0.0000E+00  9.5527E+01 -6.7367E-03 -6.7367E-03  6.8200E+01  9.5527E+01 -2.7327E+01 -6.7367E-03
  1.3600E+02  0.0000E+00  7.0000E+05  3.0000E+00  0.0000E+00  1.0000E+00  7.0000E+05  0.0000E+00 -2.3550E-02  0.0000E+00  7.0000E+05  0.0000E+00  0.0000E+00
  1.3600E+02  5.0000E-01  0.0000E+00  3.0000E+00  5.1000E+01  0.0000E+00  9.0910E+01 -1.0338E-02 -1.0338E-02  5.1000E+01  9.0910E+01 -3.9910E+01 -1.0338E-02
  1.3700E+02  0.0000E+00  7.0000E+05  3.0000E+00  0.0000E+00  1.0000E+00  7.0000E+05  0.0000E+00 -2.3550E-02  0.0000E+00  7.0000E+05  0.0000E+00  0.0000E+00
  1.3700E+02  5.0000E-01  0.0000E+00  3.0000E+00  3.3700E+01  0.0000E+00  9.0910E+01 -1.4820E-02 -1.4820E-02  3.3700E+01  9.0910E+01 -5.7210E+01 -1.4820E-02
  1.3800E+02  0.0000E+00  7.0000E+05  3.0000E+00  0.0000E+00  1.0000E+00  7.0000E+05  0.0000E+00 -2.3550E-02  0.0000E+00  7.0000E+05  0.0000E+00  0.0000E+00
  1.3800E+02  5.0000E-01  0.0000E+00  3.0000E+00  4.6000E+00  0.0000E+00  9.0910E+01 -2.2358E-02 -2.2358E-02  4.6000E+00  9.0910E+01 -8.6310E+01 -2.2358E-02
  1.3900E+02  0.0000E+00  7.0000E+05  3.0000E+00  0.0000E+00  1.0000E+00  7.0000E+05  0.0000E+00 -2.3550E-02  0.0000E+00  7.0000E+05  0.0000E+00  0.0000E+00
  1.3900E+02  1.0000E+00  0.0000E+00  3.0000E+00  1.1480E+02  0.0000E+00  8.2409E+01  9.2563E-03  9.2563E-03  1.1480E+02  8.2409E+01  3.2391E+01  9.2563E-03
  1.4000E+02  0.0000E+00  7.0000E+05  3.0000E+00  0.0000E+00  1.0000E+00  7.0000E+05  0.0000E+00 -2.3550E-02  0.0000E+00  7.0000E+05  0.0000E+00  0.0000E+00
  1.4000E+02  1.0000E+00  0.0000E+00  3.0000E+00  1.7800E+01  0.0000E+00  8.2409E+01 -1.8463E-02 -1.8463E-02  1.7800E+01  8.2409E+01 -6.4609E+01 -1.8463E-02
  1.4100E+02  0.0000E+00  7.0000E+05  3.0000E+00  0.0000E+00  1.0000E+00  7.0000E+05  0.0000E+00 -2.3550E-02  0.0000E+00  7.0000E+05  0.0000E+00  0.0000E+00
  1.4100E+02  1.0000E+00  0.0000E+00  3.0000E+00  3.2700E+01  0.0000E+00  8.2409E+01 -1.4205E-02 -1.4205E-02  3.2700E+01  8.2409E+01 -4.9709E+01 -1.4205E-02
  1.4200E+02  0.0000E+00  7.0000E+05  3.0000E+00  0.0000E+00  1.0000E+00  7.0000E+05  0.0000E+00 -2.3550E-02  0.0000E+00  7.0000E+05  0.0000E+00  0.0000E+00
  1.4200E+02  2.0000E+00  0.0000E+00  3.0000E+00  3.6000E+00  0.0000E+00  6.7930E+01 -2.2302E-02 -2.2302E-02  3.6000E+00  6.7930E+01 -6.4330E+01 -2.2302E-02
  1.4300E+02  0.0000E+00  7.0000E+05  3.0000E+00  0.0000E+00  1.0000E+00  7.0000E+05  0.0000E+00 -2.3550E-02  0.0000E+00  7.0000E+05  0.0000E+00  0.0000E+00
  1.4300E+02  2.0000E+00  0.0000E+00  3.0000E+00  7.2600E+01  0.0000E+00  6.7930E+01  1.6191E-03  1.6191E-03  7.2600E+01  6.7930E+01  4.6703E+00  1.6191E-03
  1.4400E+02  0.0000E+00  7.0000E+05  3.0000E+00  0.0000E+00  1.0000E+00  7.0000E+05  0.0000E+00 -2.3550E-02  0.0000E+00  7.0000E+05  0.0000E+00  0.0000E+00
  1.4400E+02  2.0000E+00  0.0000E+00  3.0000E+00  2.2000E+00  0.0000E+00  6.7930E+01 -2.2787E-02 -2.2787E-02  2.2000E+00  6.7930E+01 -6.5730E+01 -2.2787E-02
  1.4500E+02  0.0000E+00  7.0000E+05  3.0000E+00  0.0000E+00  1.0000E+00  7.0000E+05  0.0000E+00 -2.3550E-02  0.0000E+00  7.0000E+05  0.0000E+00  0.0000E+00
  1.4500E+02  4.0000E+00  0.0000E+00  3.0000E+00  2.5000E+00  0.0000E+00  4.6607E+01 -2.2286E-02 -2.2286E-02  2.5000E+00  4.6607E+01 -4.4107E+01 -2.2286E-02
  1.4600E+02  0.0000E+00  7.0000E+05  3.0000E+00  0.0000E+00  1.0000E+00  7.0000E+05  0.0000E+00 -2.3550E-02  0.0000E+00  7.0000E+05  0.0000E+00  0.0000E+00
  1.4600E+02  4.0000E+00  0.0000E+00  3.0000E+00  1.4400E+01  0.0000E+00  4.6607E+01 -1.6274E-02 -1.6274E-02  1.4400E+01  4.6607E+01 -3.2207E+01 -1.6274E-02
  1.4700E+02  0.0000E+00  7.0000E+05  3.0000E+00  0.0000E+00  1.0000E+00  7.0000E+05  0.0000E+00 -2.3550E-02  0.0000E+00  7.0000E+05  0.0000E+00  0.0000E+00
  1.4700E+02  4.0000E+00  0.0000E+00  3.0000E+00  2.3000E+00  0.0000E+00  4.6607E+01 -2.2388E-02 -2.2388E-02  2.3000E+00  4.6607E+01 -4.4307E+01 -2.2388E-02
  1.4800E+02  0.0000E+00  7.0000E+05  3.0000E+00  0.0000E+00  1.0000E+00  7.0000E+05  0.0000E+00 -2.3550E-02  0.0000E+00  7.0000E+05  0.0000E+00  0.0000E+00
  1.4800E+02  6.0000E+00  0.0000E+00  3.0000E+00  1.1000E+00  0.0000E+00  3.2260E+01 -2.2747E-02 -2.2747E-02  1.1000E+00  3.2260E+01 -3.1160E+01 -2.2747E-02
  1.4900E+02  0.0000E+00  7.0000E+05  3.0000E+00  0.0000E+00  1.0000E+00  7.0000E+05  0.0000E+00 -2.3550E-02  0.0000E+00  7.0000E+05  0.0000E+00  0.0000E+00
  1.4900E+02  6.0000E+00  0.0000E+00  3.0000E+00  4.8000E+00  0.0000E+00  3.2260E+01 -2.0046E-02 -2.0046E-02  4.8000E+00  3.2260E+01 -2.7460E+01 -2.0046E-02
  1.5000E+02  0.0000E+00  7.0000E+05  3.0000E+00  0.0000E+00  1.0000E+00  7.0000E+05  0.0000E+00 -2.3550E-02  0.0000E+00  7.0000E+05  0.0000E+00  0.0000E+00
  1.5000E+02  6.0000E+00  0.0000E+00  3.0000E+00  5.9000E+00  0.0000E+00  3.2260E+01 -1.9243E-02 -1.9243E-02  5.9000E+00  3.2260E+01 -2.6360E+01 -1.9243E-02
  1.5100E+02  0.0000E+00  7.0000E+05  3.0000E+00  0.0000E+00  1.0000E+00  7.0000E+05  0.0000E+00 -2.3550E-02  0.0000E+00  7.0000E+05  0.0000E+00  0.0000E+00
  1.5100E+02  8.0000E+00  0.0000E+00  3.0000E+00  7.0000E-01  0.0000E+00  2.2450E+01 -2.2815E-02 -2.2815E-02  7.0000E-01  2.2450E+01 -2.1750E+01 -2.2815E-02
  1.5200E+02  0.0000E+00  7.0000E+05  3.0000E+00  0.0000E+00  1.0000E+00  7.0000E+05  0.0000E+00 -2.3550E-02  0.0000E+00  7.0000E+05  0.0000E+00  0.0000E+00
  1.5200E+02  8.0000E+00  0.0000E+00  3.0000E+00  7.0000E-01  0.0000E+00  2.2450E+01 -2.2815E-02 -2.2815E-02  7.0000E-01  2.2450E+01 -2.1750E+01 -2.2815E-02
  1.5300E+02  0.0000E+00  7.0000E+05  3.0000E+00  0.0000E+00  1.0000E+00  7.0000E+05  0.0000E+00 -2.3550E-02  0.0000E+00  7.0000E+05  0.0000E+00  0.0000E+00
  1.5300E+02  8.0000E+00  0.0000E+00  3.0000E+00  1.3000E+00  0.0000E+00  2.2450E+01 -2.2186E-02 -2.2186E-02  1.3000E+00  2.2450E+01 -2.1150E+01 -2.2186E-02
  1.5400E+02  0.0000E+00  7.0000E+05  3.0000E+00  0.0000E+00  1.0000E+00  7.0000E+05  0.0000E+00 -2.3550E-02  0.0000E+00  7.0000E+05  0.0000E+00  0.0000E+00
  1.5400E+02  1.2000E+01  0.0000E+00  3.0000E+00  3.0000E-01  0.0000E+00  1.0967E+01 -2.2905E-02 -2.2905E-02  3.0000E-01  1.0967E+01 -1.0667E+01 -2.2905E-02
  1.5500E+02  0.0000E+00  7.0000E+05  3.0000E+00  0.0000E+00  1.0000E+00  7.0000E+05  0.0000E+00 -2.3550E-02  0.0000E+00  7.0000E+05  0.0000E+00  0.0000E+00
  1.5500E+02  1.2000E+01  0.0000E+00  3.0000E+00  9.9000E+00  0.0000E+00  1.0967E+01 -2.2904E-03 -2.2904E-03  9.9000E+00  1.0967E+01 -1.0666E+00 -2.2904E-03
  1.5600E+02  0.0000E+00  7.0000E+05  3.0000E+00  0.0000E+00  1.0000E+00  7.0000E+05  0.0000E+00 -2.3550E-02  0.0000E+00  7.0000E+05  0.0000E+00  0.0000E+00
  1.5600E+02  1.2000E+01  0.0000E+00  3.0000E+00  2.0190E+02  0.0000E+00  1.0967E+01  4.1001E-01  4.1001E-01  2.0190E+02  1.0967E+01  1.9093E+02  4.1001E-01
  1.5700E+02  0.0000E+00  7.0000E+05  3.0000E+00  0.0000E+00  1.0000E+00  7.0000E+05  0.0000E+00 -2.3550E-02  0.0000E+00  7.0000E+05  0.0000E+00  0.0000E+00
  1.5700E+02  2.4000E+01  0.0000E+00  3.0000E+00  1.5000E+00  0.0000E+00  1.3036E+00  3.5488E-03  3.5488E-03  1.5000E+00  1.3036E+00  1.9644E-01  3.5488E-03
  1.5800E+02  0.0000E+00  7.0000E+05  3.0000E+00  0.0000E+00  1.0000E+00  7.0000E+05  0.0000E+00 -2.3550E-02  0.0000E+00  7.0000E+05  0.0000E+00  0.0000E+00
  1.5800E+02  2.4000E+01  0.0000E+00  3.0000E+00  8.0000E-01  0.0000E+00  1.3036E+00 -9.0972E-03 -9.0972E-03  8.0000E-01  1.3036E+00 -5.0356E-01 -9.0972E-03
  1.5900E+02  0.0000E+00  7.0000E+05  3.0000E+00  0.0000E+00  1.0000E+00  7.0000E+05  0.0000E+00 -2.3550E-02  0.0000E+00  7.0000E+05  0.0000E+00  0.0000E+00
  1.5900E+02  2.4000E+01  0.0000E+00  3.0000E+00  1.7000E+00  0.0000E+00  1.3036E+00  7.1619E-03  7.1619E-03  1.7000E+00  1.3036E+00  3.9644E-01  7.1619E-03
