TABLE NO.  1
 ID          TIME        AMT         CMT         DV          MDV         IPRED       CWRES       IWRES       DV          PRED        RES         WRES
  1.0000E+00  0.0000E+00  2.7680E+05  3.0000E+00  0.0000E+00  1.0000E+00  2.7680E+06  0.0000E+00 -6.4630E-01  0.0000E+00  2.7680E+06  0.0000E+00  0.0000E+00
  1.0000E+00  3.3000E-02  0.0000E+00  3.0000E+00  7.3336E+03  0.0000E+00  5.4577E+02  8.0381E+00  8.0381E+00  7.3336E+03  5.4577E+02  6.7878E+03  8.0381E+00
  2.0000E+00  0.0000E+00  2.6980E+05  3.0000E+00  0.0000E+00  1.0000E+00  2.6980E+06  0.0000E+00 -6.4630E-01  0.0000E+00  2.6980E+06  0.0000E+00  0.0000E+00
  2.0000E+00  3.3000E-02  0.0000E+00  3.0000E+00  4.6639E+03  0.0000E+00  5.3366E+02  5.0020E+00  5.0020E+00  4.6639E+03  5.3366E+02  4.1302E+03  5.0020E+00
  3.0000E+00  0.0000E+00  2.9570E+05  3.0000E+00  0.0000E+00  1.0000E+00  2.9570E+06  0.0000E+00 -6.4630E-01  0.0000E+00  2.9570E+06  0.0000E+00  0.0000E+00
  3.0000E+00  3.3000E-02  0.0000E+00  3.0000E+00  3.7945E+03  0.0000E+00  5.7837E+02  3.5938E+00  3.5938E+00  3.7945E+03  5.7837E+02  3.2161E+03  3.5938E+00
  4.0000E+00  0.0000E+00  2.9840E+05  3.0000E+00  0.0000E+00  1.0000E+00  2.9840E+06  0.0000E+00 -6.4630E-01  0.0000E+00  2.9840E+06  0.0000E+00  0.0000E+00
  4.0000E+00  8.3000E-02  0.0000E+00  3.0000E+00  1.1915E+03  0.0000E+00  5.7520E+02  6.9248E-01  6.9248E-01  1.1915E+03  5.7520E+02  6.1630E+02  6.9248E-01
  5.0000E+00  0.0000E+00  2.7970E+05  3.0000E+00  0.0000E+00  1.0000E+00  2.7970E+06  0.0000E+00 -6.4630E-01  0.0000E+00  2.7970E+06  0.0000E+00  0.0000E+00
  5.0000E+00  8.3000E-02  0.0000E+00  3.0000E+00  1.1788E+03  0.0000E+00  5.4351E+02  7.5545E-01  7.5545E-01  1.1788E+03  5.4351E+02  6.3530E+02  7.5545E-01
  6.0000E+00  0.0000E+00  3.0520E+05  3.0000E+00  0.0000E+00  1.0000E+00  3.0520E+06  0.0000E+00 -6.4630E-01  0.0000E+00  3.0520E+06  0.0000E+00  0.0000E+00
  6.0000E+00  8.3000E-02  0.0000E+00  3.0000E+00  1.2588E+03  0.0000E+00  5.8669E+02  7.4038E-01  7.4038E-01  1.2588E+03  5.8669E+02  6.7210E+02  7.4038E-01
  7.0000E+00  0.0000E+00  2.8200E+05  3.0000E+00  0.0000E+00  1.0000E+00  2.8200E+06  0.0000E+00 -6.4630E-01  0.0000E+00  2.8200E+06  0.0000E+00  0.0000E+00
  7.0000E+00  2.5000E-01  0.0000E+00  3.0000E+00  8.7932E+02  0.0000E+00  5.2359E+02  4.3910E-01  4.3910E-01  8.7932E+02  5.2359E+02  3.5573E+02  4.3910E-01
  8.0000E+00  0.0000E+00  2.7560E+05  3.0000E+00  0.0000E+00  1.0000E+00  2.7560E+06  0.0000E+00 -6.4630E-01  0.0000E+00  2.7560E+06  0.0000E+00  0.0000E+00
  8.0000E+00  2.5000E-01  0.0000E+00  3.0000E+00  5.2594E+02  0.0000E+00  5.1333E+02  1.5881E-02  1.5881E-02  5.2594E+02  5.1333E+02  1.2614E+01  1.5881E-02
  9.0000E+00  0.0000E+00  2.8240E+05  3.0000E+00  0.0000E+00  1.0000E+00  2.8240E+06  0.0000E+00 -6.4630E-01  0.0000E+00  2.8240E+06  0.0000E+00  0.0000E+00
  9.0000E+00  2.5000E-01  0.0000E+00  3.0000E+00  5.4645E+02  0.0000E+00  5.2423E+02  2.7392E-02  2.7392E-02  5.4645E+02  5.2423E+02  2.2219E+01  2.7392E-02
  1.0000E+01  0.0000E+00  2.8360E+05  3.0000E+00  0.0000E+00  1.0000E+00  2.8360E+06  0.0000E+00 -6.4630E-01  0.0000E+00  2.8360E+06  0.0000E+00  0.0000E+00
  1.0000E+01  0.0000E+00  0.0000E+00  2.0000E+00  0.0000E+00  0.0000E+00  0.0000E+00  0.0000E+00  0.0000E+00  0.0000E+00  0.0000E+00  0.0000E+00  0.0000E+00
  1.0000E+01  5.0000E-01  0.0000E+00  2.0000E+00  2.3807E+03  0.0000E+00  4.5276E+01  3.1872E-01  3.1872E-01  2.3807E+03  4.5276E+01  2.3354E+03  3.1872E-01
  1.0000E+01  5.0000E-01  0.0000E+00  3.0000E+00  1.2562E+03  0.0000E+00  4.9220E+02  1.0032E+00  1.0032E+00  1.2562E+03  4.9220E+02  7.6402E+02  1.0032E+00
  1.1000E+01  0.0000E+00  3.0380E+05  3.0000E+00  0.0000E+00  1.0000E+00  3.0380E+06  0.0000E+00 -6.4630E-01  0.0000E+00  3.0380E+06  0.0000E+00  0.0000E+00
  1.1000E+01  0.0000E+00  0.0000E+00  2.0000E+00  0.0000E+00  0.0000E+00  0.0000E+00  0.0000E+00  0.0000E+00  0.0000E+00  0.0000E+00  0.0000E+00  0.0000E+00
  1.1000E+01  5.0000E-01  0.0000E+00  2.0000E+00  2.0303E+03  0.0000E+00  4.5753E+01  2.6801E-01  2.6801E-01  2.0303E+03  4.5753E+01  1.9845E+03  2.6801E-01
  1.1000E+01  5.0000E-01  0.0000E+00  3.0000E+00  3.5647E+02  0.0000E+00  5.2181E+02 -2.0479E-01 -2.0479E-01  3.5647E+02  5.2181E+02 -1.6534E+02 -2.0479E-01
  1.2000E+01  0.0000E+00  2.7610E+05  3.0000E+00  0.0000E+00  1.0000E+00  2.7610E+06  0.0000E+00 -6.4630E-01  0.0000E+00  2.7610E+06  0.0000E+00  0.0000E+00
  1.2000E+01  0.0000E+00  0.0000E+00  2.0000E+00  0.0000E+00  0.0000E+00  0.0000E+00  0.0000E+00  0.0000E+00  0.0000E+00  0.0000E+00  0.0000E+00  0.0000E+00
  1.2000E+01  5.0000E-01  0.0000E+00  2.0000E+00  2.4197E+03  0.0000E+00  4.5084E+01  3.2546E-01  3.2546E-01  2.4197E+03  4.5084E+01  2.3747E+03  3.2546E-01
  1.2000E+01  5.0000E-01  0.0000E+00  3.0000E+00  4.9880E+01  0.0000E+00  4.8117E+02 -5.7930E-01 -5.7930E-01  4.9880E+01  4.8117E+02 -4.3129E+02 -5.7930E-01
  1.3000E+01  0.0000E+00  2.8890E+05  3.0000E+00  0.0000E+00  1.0000E+00  2.8890E+06  0.0000E+00 -6.4630E-01  0.0000E+00  2.8890E+06  0.0000E+00  0.0000E+00
  1.3000E+01  7.5000E-01  0.0000E+00  3.0000E+00  2.3189E+02  0.0000E+00  4.6758E+02 -3.2577E-01 -3.2577E-01  2.3189E+02  4.6758E+02 -2.3569E+02 -3.2577E-01
  1.4000E+01  0.0000E+00  2.7910E+05  3.0000E+00  0.0000E+00  1.0000E+00  2.7910E+06  0.0000E+00 -6.4630E-01  0.0000E+00  2.7910E+06  0.0000E+00  0.0000E+00
  1.4000E+01  7.5000E-01  0.0000E+00  3.0000E+00  2.1360E+01  0.0000E+00  4.5437E+02 -6.1592E-01 -6.1592E-01  2.1360E+01  4.5437E+02 -4.3301E+02 -6.1592E-01
  1.5000E+01  0.0000E+00  2.9030E+05  3.0000E+00  0.0000E+00  1.0000E+00  2.9030E+06  0.0000E+00 -6.4630E-01  0.0000E+00  2.9030E+06  0.0000E+00  0.0000E+00
  1.5000E+01  7.5000E-01  0.0000E+00  3.0000E+00  1.6510E+01  0.0000E+00  4.6946E+02 -6.2357E-01 -6.2357E-01  1.6510E+01  4.6946E+02 -4.5295E+02 -6.2357E-01
  1.6000E+01  0.0000E+00  2.7740E+05  3.0000E+00  0.0000E+00  1.0000E+00  2.7740E+06  0.0000E+00 -6.4630E-01  0.0000E+00  2.7740E+06  0.0000E+00  0.0000E+00
  1.6000E+01  0.0000E+00  0.0000E+00  2.0000E+00  0.0000E+00  0.0000E+00  0.0000E+00  0.0000E+00  0.0000E+00  0.0000E+00  0.0000E+00  0.0000E+00  0.0000E+00
  1.6000E+01  1.0000E+00  0.0000E+00  2.0000E+00  2.6094E+03  0.0000E+00  3.9514E+01  4.0186E-01  4.0186E-01  2.6094E+03  3.9514E+01  2.5699E+03  4.0186E-01
  1.6000E+01  1.0000E+00  0.0000E+00  3.0000E+00  3.0794E+02  0.0000E+00  4.2306E+02 -1.7587E-01 -1.7587E-01  3.0794E+02  4.2306E+02 -1.1512E+02 -1.7587E-01
  1.7000E+01  0.0000E+00  2.8000E+05  3.0000E+00  0.0000E+00  1.0000E+00  2.8000E+06  0.0000E+00 -6.4630E-01  0.0000E+00  2.8000E+06  0.0000E+00  0.0000E+00
  1.7000E+01  0.0000E+00  0.0000E+00  2.0000E+00  0.0000E+00  0.0000E+00  0.0000E+00  0.0000E+00  0.0000E+00  0.0000E+00  0.0000E+00  0.0000E+00  0.0000E+00
  1.7000E+01  1.0000E+00  0.0000E+00  2.0000E+00  2.6464E+03  0.0000E+00  3.9558E+01  4.0718E-01  4.0718E-01  2.6464E+03  3.9558E+01  2.6068E+03  4.0718E-01
  1.7000E+01  1.0000E+00  0.0000E+00  3.0000E+00  5.5186E+02  0.0000E+00  4.2628E+02  1.9039E-01  1.9039E-01  5.5186E+02  4.2628E+02  1.2558E+02  1.9039E-01
  1.8000E+01  0.0000E+00  2.9030E+05  3.0000E+00  0.0000E+00  1.0000E+00  2.9030E+06  0.0000E+00 -6.4630E-01  0.0000E+00  2.9030E+06  0.0000E+00  0.0000E+00
  1.8000E+01  0.0000E+00  0.0000E+00  2.0000E+00  0.0000E+00  0.0000E+00  0.0000E+00  0.0000E+00  0.0000E+00  0.0000E+00  0.0000E+00  0.0000E+00  0.0000E+00
  1.8000E+01  1.0000E+00  0.0000E+00  2.0000E+00  3.7975E+03  0.0000E+00  3.9735E+01  5.8435E-01  5.8435E-01  3.7975E+03  3.9735E+01  3.7578E+03  5.8435E-01
  1.8000E+01  1.0000E+00  0.0000E+00  3.0000E+00  6.6900E+00  0.0000E+00  4.3900E+02 -6.3645E-01 -6.3645E-01  6.6900E+00  4.3900E+02 -4.3231E+02 -6.3645E-01
  1.9000E+01  0.0000E+00  2.8100E+05  3.0000E+00  0.0000E+00  1.0000E+00  2.8100E+06  0.0000E+00 -6.4630E-01  0.0000E+00  2.8100E+06  0.0000E+00  0.0000E+00
  1.9000E+01  0.0000E+00  0.0000E+00  2.0000E+00  0.0000E+00  0.0000E+00  0.0000E+00  0.0000E+00  0.0000E+00  0.0000E+00  0.0000E+00  0.0000E+00  0.0000E+00
  1.9000E+01  2.0000E+00  0.0000E+00  2.0000E+00  1.4469E+03  0.0000E+00  3.0328E+01  2.8862E-01  2.8862E-01  1.4469E+03  3.0328E+01  1.4166E+03  2.8862E-01
  1.9000E+01  2.0000E+00  0.0000E+00  3.0000E+00  9.0000E-01  0.0000E+00  3.2760E+02 -6.4452E-01 -6.4452E-01  9.0000E-01  3.2760E+02 -3.2670E+02 -6.4452E-01
  2.0000E+01  0.0000E+00  2.7670E+05  3.0000E+00  0.0000E+00  1.0000E+00  2.7670E+06  0.0000E+00 -6.4630E-01  0.0000E+00  2.7670E+06  0.0000E+00  0.0000E+00
  2.0000E+01  0.0000E+00  0.0000E+00  2.0000E+00  0.0000E+00  0.0000E+00  0.0000E+00  0.0000E+00  0.0000E+00  0.0000E+00  0.0000E+00  0.0000E+00  0.0000E+00
  2.0000E+01  2.0000E+00  0.0000E+00  2.0000E+00  2.2905E+03  0.0000E+00  3.0300E+01  4.6091E-01  4.6091E-01  2.2905E+03  3.0300E+01  2.2602E+03  4.6091E-01
  2.0000E+01  2.0000E+00  0.0000E+00  3.0000E+00  4.8000E+00  0.0000E+00  3.2386E+02 -6.3672E-01 -6.3672E-01  4.8000E+00  3.2386E+02 -3.1906E+02 -6.3672E-01
  2.1000E+01  0.0000E+00  2.6520E+05  3.0000E+00  0.0000E+00  1.0000E+00  2.6520E+06  0.0000E+00 -6.4630E-01  0.0000E+00  2.6520E+06  0.0000E+00  0.0000E+00
  2.1000E+01  0.0000E+00  0.0000E+00  2.0000E+00  0.0000E+00  0.0000E+00  0.0000E+00  0.0000E+00  0.0000E+00  0.0000E+00  0.0000E+00  0.0000E+00  0.0000E+00
  2.1000E+01  2.0000E+00  0.0000E+00  2.0000E+00  1.7209E+03  0.0000E+00  3.0221E+01  3.4567E-01  3.4567E-01  1.7209E+03  3.0221E+01  1.6906E+03  3.4567E-01
  2.1000E+01  2.0000E+00  0.0000E+00  3.0000E+00  3.6000E+00  0.0000E+00  3.1383E+02 -6.3888E-01 -6.3888E-01  3.6000E+00  3.1383E+02 -3.1023E+02 -6.3888E-01
  2.5000E+01  0.0000E+00  2.7030E+05  3.0000E+00  0.0000E+00  1.0000E+00  2.7030E+06  0.0000E+00 -6.4630E-01  0.0000E+00  2.7030E+06  0.0000E+00  0.0000E+00
  2.5000E+01  0.0000E+00  0.0000E+00  2.0000E+00  0.0000E+00  0.0000E+00  0.0000E+00  0.0000E+00  0.0000E+00  0.0000E+00  0.0000E+00  0.0000E+00  0.0000E+00
  2.5000E+01  4.0000E+00  0.0000E+00  2.0000E+00  7.4300E+02  0.0000E+00  1.7861E+01  2.5085E-01  2.5085E-01  7.4300E+02  1.7861E+01  7.2514E+02  2.5085E-01
  2.5000E+01  4.0000E+00  0.0000E+00  3.0000E+00  1.0200E+00  0.0000E+00  1.8788E+02 -6.4279E-01 -6.4279E-01  1.0200E+00  1.8788E+02 -1.8686E+02 -6.4279E-01
  2.6000E+01  0.0000E+00  2.8290E+05  3.0000E+00  0.0000E+00  1.0000E+00  2.8290E+06  0.0000E+00 -6.4630E-01  0.0000E+00  2.8290E+06  0.0000E+00  0.0000E+00
  2.6000E+01  0.0000E+00  0.0000E+00  2.0000E+00  0.0000E+00  0.0000E+00  0.0000E+00  0.0000E+00  0.0000E+00  0.0000E+00  0.0000E+00  0.0000E+00  0.0000E+00
  2.6000E+01  4.0000E+00  0.0000E+00  2.0000E+00  2.6331E+02  0.0000E+00  1.7799E+01  8.5226E-02  8.5226E-02  2.6331E+02  1.7799E+01  2.4551E+02  8.5226E-02
  2.6000E+01  4.0000E+00  0.0000E+00  3.0000E+00  3.0000E-02  0.0000E+00  1.9316E+02 -6.4620E-01 -6.4620E-01  3.0000E-02  1.9316E+02 -1.9313E+02 -6.4620E-01
  2.7000E+01  0.0000E+00  2.7840E+05  3.0000E+00  0.0000E+00  1.0000E+00  2.7840E+06  0.0000E+00 -6.4630E-01  0.0000E+00  2.7840E+06  0.0000E+00  0.0000E+00
  2.7000E+01  0.0000E+00  0.0000E+00  2.0000E+00  0.0000E+00  0.0000E+00  0.0000E+00  0.0000E+00  0.0000E+00  0.0000E+00  0.0000E+00  0.0000E+00  0.0000E+00
  2.7000E+01  4.0000E+00  0.0000E+00  2.0000E+00  1.1280E+03  0.0000E+00  1.7821E+01  3.8490E-01  3.8490E-01  1.1280E+03  1.7821E+01  1.1101E+03  3.8490E-01
  2.7000E+01  4.0000E+00  0.0000E+00  3.0000E+00  1.2000E+00  0.0000E+00  1.9128E+02 -6.4224E-01 -6.4224E-01  1.2000E+00  1.9128E+02 -1.9008E+02 -6.4224E-01
  2.8000E+01  0.0000E+00  2.7880E+05  3.0000E+00  0.0000E+00  1.0000E+00  2.7880E+06  0.0000E+00 -6.4630E-01  0.0000E+00  2.7880E+06  0.0000E+00  0.0000E+00
  2.8000E+01  6.0000E+00  0.0000E+00  3.0000E+00  0.0000E+00  1.0000E+00  1.1254E+02  0.0000E+00 -6.4630E-01  0.0000E+00  1.1254E+02  0.0000E+00  0.0000E+00
  2.9000E+01  0.0000E+00  2.6510E+05  3.0000E+00  0.0000E+00  1.0000E+00  2.6510E+06  0.0000E+00 -6.4630E-01  0.0000E+00  2.6510E+06  0.0000E+00  0.0000E+00
  2.9000E+01  6.0000E+00  0.0000E+00  3.0000E+00  6.0000E-01  0.0000E+00  1.0991E+02 -6.4277E-01 -6.4277E-01  6.0000E-01  1.0991E+02 -1.0931E+02 -6.4277E-01
  3.0000E+01  0.0000E+00  2.8940E+05  3.0000E+00  0.0000E+00  1.0000E+00  2.8940E+06  0.0000E+00 -6.4630E-01  0.0000E+00  2.8940E+06  0.0000E+00  0.0000E+00
  3.0000E+01  6.0000E+00  0.0000E+00  3.0000E+00  3.0500E+00  0.0000E+00  1.1457E+02 -6.2909E-01 -6.2909E-01  3.0500E+00  1.1457E+02 -1.1152E+02 -6.2909E-01
  3.1000E+01  0.0000E+00  2.8210E+05  3.0000E+00  0.0000E+00  1.0000E+00  2.8210E+06  0.0000E+00 -6.4630E-01  0.0000E+00  2.8210E+06  0.0000E+00  0.0000E+00
  3.1000E+01  0.0000E+00  0.0000E+00  2.0000E+00  0.0000E+00  0.0000E+00  0.0000E+00  0.0000E+00  0.0000E+00  0.0000E+00  0.0000E+00  0.0000E+00  0.0000E+00
  3.1000E+01  8.0000E+00  0.0000E+00  2.0000E+00  3.3662E+02  0.0000E+00  6.1326E+00  3.3299E-01  3.3299E-01  3.3662E+02  6.1326E+00  3.3049E+02  3.3299E-01
  3.1000E+01  8.0000E+00  0.0000E+00  3.0000E+00  6.1000E-01  0.0000E+00  6.6420E+01 -6.4036E-01 -6.4036E-01  6.1000E-01  6.6420E+01 -6.5810E+01 -6.4036E-01
  3.2000E+01  0.0000E+00  2.7200E+05  3.0000E+00  0.0000E+00  1.0000E+00  2.7200E+06  0.0000E+00 -6.4630E-01  0.0000E+00  2.7200E+06  0.0000E+00  0.0000E+00
  3.2000E+01  0.0000E+00  0.0000E+00  2.0000E+00  0.0000E+00  0.0000E+00  0.0000E+00  0.0000E+00  0.0000E+00  0.0000E+00  0.0000E+00  0.0000E+00  0.0000E+00
  3.2000E+01  8.0000E+00  0.0000E+00  2.0000E+00  4.0401E+02  0.0000E+00  6.2102E+00  3.9580E-01  3.9580E-01  4.0401E+02  6.2102E+00  3.9780E+02  3.9580E-01
  3.2000E+01  8.0000E+00  0.0000E+00  3.0000E+00  8.5000E-01  0.0000E+00  6.5603E+01 -6.3792E-01 -6.3792E-01  8.5000E-01  6.5603E+01 -6.4753E+01 -6.3792E-01
  3.3000E+01  0.0000E+00  2.7720E+05  3.0000E+00  0.0000E+00  1.0000E+00  2.7720E+06  0.0000E+00 -6.4630E-01  0.0000E+00  2.7720E+06  0.0000E+00  0.0000E+00
  3.3000E+01  0.0000E+00  0.0000E+00  2.0000E+00  0.0000E+00  0.0000E+00  0.0000E+00  0.0000E+00  0.0000E+00  0.0000E+00  0.0000E+00  0.0000E+00  0.0000E+00
  3.3000E+01  8.0000E+00  0.0000E+00  2.0000E+00  2.8438E+02  0.0000E+00  6.1698E+00  2.7862E-01  2.7862E-01  2.8438E+02  6.1698E+00  2.7821E+02  2.7862E-01
  3.3000E+01  8.0000E+00  0.0000E+00  3.0000E+00  3.8000E-01  0.0000E+00  6.6023E+01 -6.4258E-01 -6.4258E-01  3.8000E-01  6.6023E+01 -6.5643E+01 -6.4258E-01
  3.4000E+01  0.0000E+00  2.7340E+05  1.0000E+00  0.0000E+00  1.0000E+00  0.0000E+00  0.0000E+00  0.0000E+00  0.0000E+00  0.0000E+00  0.0000E+00  0.0000E+00
  3.4000E+01  0.0000E+00  0.0000E+00  3.0000E+00  0.0000E+00  0.0000E+00  0.0000E+00  0.0000E+00  0.0000E+00  0.0000E+00  0.0000E+00  0.0000E+00  0.0000E+00
  3.4000E+01  3.3000E-02  0.0000E+00  3.0000E+00  2.1440E+01  0.0000E+00  1.8881E+03 -6.3896E-01 -6.3896E-01  2.1440E+01  1.8881E+03 -1.8666E+03 -6.3896E-01
  3.5000E+01  0.0000E+00  2.7740E+05  1.0000E+00  0.0000E+00  1.0000E+00  0.0000E+00  0.0000E+00  0.0000E+00  0.0000E+00  0.0000E+00  0.0000E+00  0.0000E+00
  3.5000E+01  0.0000E+00  0.0000E+00  3.0000E+00  0.0000E+00  0.0000E+00  0.0000E+00  0.0000E+00  0.0000E+00  0.0000E+00  0.0000E+00  0.0000E+00  0.0000E+00
  3.5000E+01  3.3000E-02  0.0000E+00  3.0000E+00  1.6600E+01  0.0000E+00  1.8945E+03 -6.4064E-01 -6.4064E-01  1.6600E+01  1.8945E+03 -1.8779E+03 -6.4064E-01
  3.6000E+01  0.0000E+00  2.7080E+05  1.0000E+00  0.0000E+00  1.0000E+00  0.0000E+00  0.0000E+00  0.0000E+00  0.0000E+00  0.0000E+00  0.0000E+00  0.0000E+00
  3.6000E+01  0.0000E+00  0.0000E+00  3.0000E+00  0.0000E+00  0.0000E+00  0.0000E+00  0.0000E+00  0.0000E+00  0.0000E+00  0.0000E+00  0.0000E+00  0.0000E+00
  3.6000E+01  3.3000E-02  0.0000E+00  3.0000E+00  2.2370E+01  0.0000E+00  1.8838E+03 -6.3862E-01 -6.3862E-01  2.2370E+01  1.8838E+03 -1.8614E+03 -6.3862E-01
  3.7000E+01  0.0000E+00  2.7300E+05  1.0000E+00  0.0000E+00  1.0000E+00  0.0000E+00  0.0000E+00  0.0000E+00  0.0000E+00  0.0000E+00  0.0000E+00  0.0000E+00
  3.7000E+01  0.0000E+00  0.0000E+00  3.0000E+00  0.0000E+00  0.0000E+00  0.0000E+00  0.0000E+00  0.0000E+00  0.0000E+00  0.0000E+00  0.0000E+00  0.0000E+00
  3.7000E+01  8.3000E-02  0.0000E+00  3.0000E+00  2.5680E+01  0.0000E+00  5.6872E+02 -6.1712E-01 -6.1712E-01  2.5680E+01  5.6872E+02 -5.4304E+02 -6.1712E-01
  3.8000E+01  0.0000E+00  2.9290E+05  1.0000E+00  0.0000E+00  1.0000E+00  0.0000E+00  0.0000E+00  0.0000E+00  0.0000E+00  0.0000E+00  0.0000E+00  0.0000E+00
  3.8000E+01  0.0000E+00  0.0000E+00  3.0000E+00  0.0000E+00  0.0000E+00  0.0000E+00  0.0000E+00  0.0000E+00  0.0000E+00  0.0000E+00  0.0000E+00  0.0000E+00
  3.8000E+01  8.3000E-02  0.0000E+00  3.0000E+00  9.5200E+00  0.0000E+00  5.7760E+02 -6.3565E-01 -6.3565E-01  9.5200E+00  5.7760E+02 -5.6808E+02 -6.3565E-01
  3.9000E+01  0.0000E+00  2.6590E+05  1.0000E+00  0.0000E+00  1.0000E+00  0.0000E+00  0.0000E+00  0.0000E+00  0.0000E+00  0.0000E+00  0.0000E+00  0.0000E+00
  3.9000E+01  0.0000E+00  0.0000E+00  3.0000E+00  0.0000E+00  0.0000E+00  0.0000E+00  0.0000E+00  0.0000E+00  0.0000E+00  0.0000E+00  0.0000E+00  0.0000E+00
  3.9000E+01  8.3000E-02  0.0000E+00  3.0000E+00  4.6710E+01  0.0000E+00  5.6531E+02 -5.9290E-01 -5.9290E-01  4.6710E+01  5.6531E+02 -5.1860E+02 -5.9290E-01
  4.0000E+01  0.0000E+00  2.6870E+05  1.0000E+00  0.0000E+00  1.0000E+00  0.0000E+00  0.0000E+00  0.0000E+00  0.0000E+00  0.0000E+00  0.0000E+00  0.0000E+00
  4.0000E+01  0.0000E+00  0.0000E+00  3.0000E+00  0.0000E+00  0.0000E+00  0.0000E+00  0.0000E+00  0.0000E+00  0.0000E+00  0.0000E+00  0.0000E+00  0.0000E+00
  4.0000E+01  2.5000E-01  0.0000E+00  3.0000E+00  4.4580E+01  0.0000E+00  1.6598E+02 -4.7272E-01 -4.7272E-01  4.4580E+01  1.6598E+02 -1.2140E+02 -4.7272E-01
  4.1000E+01  0.0000E+00  2.7380E+05  1.0000E+00  0.0000E+00  1.0000E+00  0.0000E+00  0.0000E+00  0.0000E+00  0.0000E+00  0.0000E+00  0.0000E+00  0.0000E+00
  4.1000E+01  0.0000E+00  0.0000E+00  3.0000E+00  0.0000E+00  0.0000E+00  0.0000E+00  0.0000E+00  0.0000E+00  0.0000E+00  0.0000E+00  0.0000E+00  0.0000E+00
  4.1000E+01  2.5000E-01  0.0000E+00  3.0000E+00  3.0570E+01  0.0000E+00  1.6656E+02 -5.2768E-01 -5.2768E-01  3.0570E+01  1.6656E+02 -1.3599E+02 -5.2768E-01
  4.2000E+01  0.0000E+00  2.7710E+05  1.0000E+00  0.0000E+00  1.0000E+00  0.0000E+00  0.0000E+00  0.0000E+00  0.0000E+00  0.0000E+00  0.0000E+00  0.0000E+00
  4.2000E+01  0.0000E+00  0.0000E+00  3.0000E+00  0.0000E+00  0.0000E+00  0.0000E+00  0.0000E+00  0.0000E+00  0.0000E+00  0.0000E+00  0.0000E+00  0.0000E+00
  4.2000E+01  2.5000E-01  0.0000E+00  3.0000E+00  5.0100E+00  0.0000E+00  1.6692E+02 -6.2690E-01 -6.2690E-01  5.0100E+00  1.6692E+02 -1.6191E+02 -6.2690E-01
  4.3000E+01  0.0000E+00  2.8320E+05  1.0000E+00  0.0000E+00  1.0000E+00  0.0000E+00  0.0000E+00  0.0000E+00  0.0000E+00  0.0000E+00  0.0000E+00  0.0000E+00
  4.3000E+01  0.0000E+00  0.0000E+00  2.0000E+00  0.0000E+00  0.0000E+00  0.0000E+00  0.0000E+00  0.0000E+00  0.0000E+00  0.0000E+00  0.0000E+00  0.0000E+00
  4.3000E+01  0.0000E+00  0.0000E+00  3.0000E+00  0.0000E+00  0.0000E+00  0.0000E+00  0.0000E+00  0.0000E+00  0.0000E+00  0.0000E+00  0.0000E+00  0.0000E+00
  4.3000E+01  5.0000E-01  0.0000E+00  2.0000E+00  2.9643E+03  0.0000E+00  1.4173E+01  1.2861E+00  1.2861E+00  2.9643E+03  1.4173E+01  2.9501E+03  1.2861E+00
  4.3000E+01  5.0000E-01  0.0000E+00  3.0000E+00  2.1490E+01  0.0000E+00  1.5391E+02 -5.5606E-01 -5.5606E-01  2.1490E+01  1.5391E+02 -1.3242E+02 -5.5606E-01
  4.4000E+01  0.0000E+00  2.9510E+05  1.0000E+00  0.0000E+00  1.0000E+00  0.0000E+00  0.0000E+00  0.0000E+00  0.0000E+00  0.0000E+00  0.0000E+00  0.0000E+00
  4.4000E+01  0.0000E+00  0.0000E+00  2.0000E+00  0.0000E+00  0.0000E+00  0.0000E+00  0.0000E+00  0.0000E+00  0.0000E+00  0.0000E+00  0.0000E+00  0.0000E+00
  4.4000E+01  0.0000E+00  0.0000E+00  3.0000E+00  0.0000E+00  0.0000E+00  0.0000E+00  0.0000E+00  0.0000E+00  0.0000E+00  0.0000E+00  0.0000E+00  0.0000E+00
  4.4000E+01  5.0000E-01  0.0000E+00  2.0000E+00  3.1964E+03  0.0000E+00  1.3864E+01  1.4184E+00  1.4184E+00  3.1964E+03  1.3864E+01  3.1825E+03  1.4184E+00
  4.4000E+01  5.0000E-01  0.0000E+00  3.0000E+00  4.7160E+01  0.0000E+00  1.5490E+02 -4.4953E-01 -4.4953E-01  4.7160E+01  1.5490E+02 -1.0774E+02 -4.4953E-01
  4.5000E+01  0.0000E+00  3.0100E+05  1.0000E+00  0.0000E+00  1.0000E+00  0.0000E+00  0.0000E+00  0.0000E+00  0.0000E+00  0.0000E+00  0.0000E+00  0.0000E+00
  4.5000E+01  0.0000E+00  0.0000E+00  2.0000E+00  0.0000E+00  0.0000E+00  0.0000E+00  0.0000E+00  0.0000E+00  0.0000E+00  0.0000E+00  0.0000E+00  0.0000E+00
  4.5000E+01  0.0000E+00  0.0000E+00  3.0000E+00  0.0000E+00  0.0000E+00  0.0000E+00  0.0000E+00  0.0000E+00  0.0000E+00  0.0000E+00  0.0000E+00  0.0000E+00
  4.5000E+01  5.0000E-01  0.0000E+00  2.0000E+00  2.3976E+03  0.0000E+00  1.3714E+01  1.0741E+00  1.0741E+00  2.3976E+03  1.3714E+01  2.3839E+03  1.0741E+00
  4.5000E+01  5.0000E-01  0.0000E+00  3.0000E+00  4.6160E+01  0.0000E+00  1.5537E+02 -4.5428E-01 -4.5428E-01  4.6160E+01  1.5537E+02 -1.0921E+02 -4.5428E-01
  4.6000E+01  0.0000E+00  2.9830E+05  1.0000E+00  0.0000E+00  1.0000E+00  0.0000E+00  0.0000E+00  0.0000E+00  0.0000E+00  0.0000E+00  0.0000E+00  0.0000E+00
  4.6000E+01  0.0000E+00  0.0000E+00  3.0000E+00  0.0000E+00  0.0000E+00  0.0000E+00  0.0000E+00  0.0000E+00  0.0000E+00  0.0000E+00  0.0000E+00  0.0000E+00
  4.6000E+01  7.5000E-01  0.0000E+00  3.0000E+00  7.6970E+01  0.0000E+00  1.4502E+02 -3.0327E-01 -3.0327E-01  7.6970E+01  1.4502E+02 -6.8049E+01 -3.0327E-01
  4.7000E+01  0.0000E+00  2.9610E+05  1.0000E+00  0.0000E+00  1.0000E+00  0.0000E+00  0.0000E+00  0.0000E+00  0.0000E+00  0.0000E+00  0.0000E+00  0.0000E+00
  4.7000E+01  0.0000E+00  0.0000E+00  3.0000E+00  0.0000E+00  0.0000E+00  0.0000E+00  0.0000E+00  0.0000E+00  0.0000E+00  0.0000E+00  0.0000E+00  0.0000E+00
  4.7000E+01  7.5000E-01  0.0000E+00  3.0000E+00  1.9560E+01  0.0000E+00  1.4487E+02 -5.5904E-01 -5.5904E-01  1.9560E+01  1.4487E+02 -1.2531E+02 -5.5904E-01
  4.8000E+01  0.0000E+00  2.8730E+05  1.0000E+00  0.0000E+00  1.0000E+00  0.0000E+00  0.0000E+00  0.0000E+00  0.0000E+00  0.0000E+00  0.0000E+00  0.0000E+00
  4.8000E+01  0.0000E+00  0.0000E+00  3.0000E+00  0.0000E+00  0.0000E+00  0.0000E+00  0.0000E+00  0.0000E+00  0.0000E+00  0.0000E+00  0.0000E+00  0.0000E+00
  4.8000E+01  7.5000E-01  0.0000E+00  3.0000E+00  1.5360E+01  0.0000E+00  1.4427E+02 -5.7749E-01 -5.7749E-01  1.5360E+01  1.4427E+02 -1.2891E+02 -5.7749E-01
  4.9000E+01  0.0000E+00  2.7290E+05  1.0000E+00  0.0000E+00  1.0000E+00  0.0000E+00  0.0000E+00  0.0000E+00  0.0000E+00  0.0000E+00  0.0000E+00  0.0000E+00
  4.9000E+01  0.0000E+00  0.0000E+00  2.0000E+00  0.0000E+00  0.0000E+00  0.0000E+00  0.0000E+00  0.0000E+00  0.0000E+00  0.0000E+00  0.0000E+00  0.0000E+00
  4.9000E+01  0.0000E+00  0.0000E+00  3.0000E+00  0.0000E+00  0.0000E+00  0.0000E+00  0.0000E+00  0.0000E+00  0.0000E+00  0.0000E+00  0.0000E+00  0.0000E+00
  4.9000E+01  1.0000E+00  0.0000E+00  2.0000E+00  2.4504E+03  0.0000E+00  1.2661E+01  1.1897E+00  1.1897E+00  2.4504E+03  1.2661E+01  2.4378E+03  1.1897E+00
  4.9000E+01  1.0000E+00  0.0000E+00  3.0000E+00  7.4600E+00  0.0000E+00  1.3405E+02 -6.1033E-01 -6.1033E-01  7.4600E+00  1.3405E+02 -1.2659E+02 -6.1033E-01
  5.0000E+01  0.0000E+00  2.8710E+05  1.0000E+00  0.0000E+00  1.0000E+00  0.0000E+00  0.0000E+00  0.0000E+00  0.0000E+00  0.0000E+00  0.0000E+00  0.0000E+00
  5.0000E+01  0.0000E+00  0.0000E+00  2.0000E+00  0.0000E+00  0.0000E+00  0.0000E+00  0.0000E+00  0.0000E+00  0.0000E+00  0.0000E+00  0.0000E+00  0.0000E+00
  5.0000E+01  0.0000E+00  0.0000E+00  3.0000E+00  0.0000E+00  0.0000E+00  0.0000E+00  0.0000E+00  0.0000E+00  0.0000E+00  0.0000E+00  0.0000E+00  0.0000E+00
  5.0000E+01  1.0000E+00  0.0000E+00  2.0000E+00  2.8164E+03  0.0000E+00  1.2306E+01  1.4079E+00  1.4079E+00  2.8164E+03  1.2306E+01  2.8040E+03  1.4079E+00
  5.0000E+01  1.0000E+00  0.0000E+00  3.0000E+00  5.9380E+01  0.0000E+00  1.3492E+02 -3.6186E-01 -3.6186E-01  5.9380E+01  1.3492E+02 -7.5541E+01 -3.6186E-01
  5.1000E+01  0.0000E+00  2.9630E+05  1.0000E+00  0.0000E+00  1.0000E+00  0.0000E+00  0.0000E+00  0.0000E+00  0.0000E+00  0.0000E+00  0.0000E+00  0.0000E+00
  5.1000E+01  0.0000E+00  0.0000E+00  2.0000E+00  0.0000E+00  0.0000E+00  0.0000E+00  0.0000E+00  0.0000E+00  0.0000E+00  0.0000E+00  0.0000E+00  0.0000E+00
  5.1000E+01  0.0000E+00  0.0000E+00  3.0000E+00  0.0000E+00  0.0000E+00  0.0000E+00  0.0000E+00  0.0000E+00  0.0000E+00  0.0000E+00  0.0000E+00  0.0000E+00
  5.1000E+01  1.0000E+00  0.0000E+00  2.0000E+00  1.9708E+03  0.0000E+00  1.2086E+01  1.0014E+00  1.0014E+00  1.9708E+03  1.2086E+01  1.9588E+03  1.0014E+00
  5.1000E+01  1.0000E+00  0.0000E+00  3.0000E+00  2.2340E+01  0.0000E+00  1.3545E+02 -5.3970E-01 -5.3970E-01  2.2340E+01  1.3545E+02 -1.1311E+02 -5.3970E-01
  5.2000E+01  0.0000E+00  2.8480E+05  1.0000E+00  0.0000E+00  1.0000E+00  0.0000E+00  0.0000E+00  0.0000E+00  0.0000E+00  0.0000E+00  0.0000E+00  0.0000E+00
  5.2000E+01  0.0000E+00  0.0000E+00  2.0000E+00  0.0000E+00  0.0000E+00  0.0000E+00  0.0000E+00  0.0000E+00  0.0000E+00  0.0000E+00  0.0000E+00  0.0000E+00
  5.2000E+01  0.0000E+00  0.0000E+00  3.0000E+00  0.0000E+00  0.0000E+00  0.0000E+00  0.0000E+00  0.0000E+00  0.0000E+00  0.0000E+00  0.0000E+00  0.0000E+00
  5.2000E+01  2.0000E+00  0.0000E+00  2.0000E+00  4.1375E+03  0.0000E+00  9.4649E+00  2.6949E+00  2.6949E+00  4.1375E+03  9.4649E+00  4.1281E+03  2.6949E+00
  5.2000E+01  2.0000E+00  0.0000E+00  3.0000E+00  3.2000E+00  0.0000E+00  1.0319E+02 -6.2626E-01 -6.2626E-01  3.2000E+00  1.0319E+02 -9.9993E+01 -6.2626E-01
  5.3000E+01  0.0000E+00  2.8510E+05  1.0000E+00  0.0000E+00  1.0000E+00  0.0000E+00  0.0000E+00  0.0000E+00  0.0000E+00  0.0000E+00  0.0000E+00  0.0000E+00
  5.3000E+01  0.0000E+00  0.0000E+00  2.0000E+00  0.0000E+00  0.0000E+00  0.0000E+00  0.0000E+00  0.0000E+00  0.0000E+00  0.0000E+00  0.0000E+00  0.0000E+00
  5.3000E+01  0.0000E+00  0.0000E+00  3.0000E+00  0.0000E+00  0.0000E+00  0.0000E+00  0.0000E+00  0.0000E+00  0.0000E+00  0.0000E+00  0.0000E+00  0.0000E+00
  5.3000E+01  2.0000E+00  0.0000E+00  2.0000E+00  2.5330E+03  0.0000E+00  9.4580E+00  1.6486E+00  1.6486E+00  2.5330E+03  9.4580E+00  2.5235E+03  1.6486E+00
  5.3000E+01  2.0000E+00  0.0000E+00  3.0000E+00  1.1500E+00  0.0000E+00  1.0320E+02 -6.3910E-01 -6.3910E-01  1.1500E+00  1.0320E+02 -1.0205E+02 -6.3910E-01
  5.4000E+01  0.0000E+00  2.7490E+05  1.0000E+00  0.0000E+00  1.0000E+00  0.0000E+00  0.0000E+00  0.0000E+00  0.0000E+00  0.0000E+00  0.0000E+00  0.0000E+00
  5.4000E+01  0.0000E+00  0.0000E+00  2.0000E+00  0.0000E+00  0.0000E+00  0.0000E+00  0.0000E+00  0.0000E+00  0.0000E+00  0.0000E+00  0.0000E+00  0.0000E+00
  5.4000E+01  0.0000E+00  0.0000E+00  3.0000E+00  0.0000E+00  0.0000E+00  0.0000E+00  0.0000E+00  0.0000E+00  0.0000E+00  0.0000E+00  0.0000E+00  0.0000E+00
  5.4000E+01  2.0000E+00  0.0000E+00  2.0000E+00  3.2506E+03  0.0000E+00  9.6768E+00  2.0695E+00  2.0695E+00  3.2506E+03  9.6768E+00  3.2410E+03  2.0695E+00
  5.4000E+01  2.0000E+00  0.0000E+00  3.0000E+00  2.4320E+01  0.0000E+00  1.0297E+02 -4.9365E-01 -4.9365E-01  2.4320E+01  1.0297E+02 -7.8651E+01 -4.9365E-01
  5.5000E+01  0.0000E+00  3.0330E+05  1.0000E+00  0.0000E+00  1.0000E+00  0.0000E+00  0.0000E+00  0.0000E+00  0.0000E+00  0.0000E+00  0.0000E+00  0.0000E+00
  5.5000E+01  0.0000E+00  0.0000E+00  3.0000E+00  0.0000E+00  0.0000E+00  0.0000E+00  0.0000E+00  0.0000E+00  0.0000E+00  0.0000E+00  0.0000E+00  0.0000E+00
  5.5000E+01  3.0000E+00  0.0000E+00  3.0000E+00  1.6550E+01  0.0000E+00  7.8956E+01 -5.1083E-01 -5.1083E-01  1.6550E+01  7.8956E+01 -6.2406E+01 -5.1083E-01
  5.6000E+01  0.0000E+00  2.7950E+05  1.0000E+00  0.0000E+00  1.0000E+00  0.0000E+00  0.0000E+00  0.0000E+00  0.0000E+00  0.0000E+00  0.0000E+00  0.0000E+00
  5.6000E+01  0.0000E+00  0.0000E+00  3.0000E+00  0.0000E+00  0.0000E+00  0.0000E+00  0.0000E+00  0.0000E+00  0.0000E+00  0.0000E+00  0.0000E+00  0.0000E+00
  5.6000E+01  3.0000E+00  0.0000E+00  3.0000E+00  2.5600E+00  0.0000E+00  7.9017E+01 -6.2536E-01 -6.2536E-01  2.5600E+00  7.9017E+01 -7.6457E+01 -6.2536E-01
  5.7000E+01  0.0000E+00  2.7500E+05  1.0000E+00  0.0000E+00  1.0000E+00  0.0000E+00  0.0000E+00  0.0000E+00  0.0000E+00  0.0000E+00  0.0000E+00  0.0000E+00
  5.7000E+01  0.0000E+00  0.0000E+00  3.0000E+00  0.0000E+00  0.0000E+00  0.0000E+00  0.0000E+00  0.0000E+00  0.0000E+00  0.0000E+00  0.0000E+00  0.0000E+00
  5.7000E+01  3.0000E+00  0.0000E+00  3.0000E+00  1.8400E+00  0.0000E+00  7.9025E+01 -6.3125E-01 -6.3125E-01  1.8400E+00  7.9025E+01 -7.7185E+01 -6.3125E-01
  5.8000E+01  0.0000E+00  2.7450E+05  1.0000E+00  0.0000E+00  1.0000E+00  0.0000E+00  0.0000E+00  0.0000E+00  0.0000E+00  0.0000E+00  0.0000E+00  0.0000E+00
  5.8000E+01  0.0000E+00  0.0000E+00  2.0000E+00  0.0000E+00  0.0000E+00  0.0000E+00  0.0000E+00  0.0000E+00  0.0000E+00  0.0000E+00  0.0000E+00  0.0000E+00
  5.8000E+01  0.0000E+00  0.0000E+00  3.0000E+00  0.0000E+00  0.0000E+00  0.0000E+00  0.0000E+00  0.0000E+00  0.0000E+00  0.0000E+00  0.0000E+00  0.0000E+00
  5.8000E+01  4.0000E+00  0.0000E+00  2.0000E+00  4.5601E+02  0.0000E+00  5.7058E+00  4.8764E-01  4.8764E-01  4.5601E+02  5.7058E+00  4.5030E+02  4.8764E-01
  5.8000E+01  4.0000E+00  0.0000E+00  3.0000E+00  3.8500E+00  0.0000E+00  6.0653E+01 -6.0527E-01 -6.0527E-01  3.8500E+00  6.0653E+01 -5.6803E+01 -6.0527E-01
  5.9000E+01  0.0000E+00  2.8350E+05  1.0000E+00  0.0000E+00  1.0000E+00  0.0000E+00  0.0000E+00  0.0000E+00  0.0000E+00  0.0000E+00  0.0000E+00  0.0000E+00
  5.9000E+01  0.0000E+00  0.0000E+00  2.0000E+00  0.0000E+00  0.0000E+00  0.0000E+00  0.0000E+00  0.0000E+00  0.0000E+00  0.0000E+00  0.0000E+00  0.0000E+00
  5.9000E+01  0.0000E+00  0.0000E+00  3.0000E+00  0.0000E+00  0.0000E+00  0.0000E+00  0.0000E+00  0.0000E+00  0.0000E+00  0.0000E+00  0.0000E+00  0.0000E+00
  5.9000E+01  4.0000E+00  0.0000E+00  2.0000E+00  1.0256E+03  0.0000E+00  5.5675E+00  1.1320E+00  1.1320E+00  1.0256E+03  5.5675E+00  1.0200E+03  1.1320E+00
  5.9000E+01  4.0000E+00  0.0000E+00  3.0000E+00  7.7800E+00  0.0000E+00  6.0508E+01 -5.6320E-01 -5.6320E-01  7.7800E+00  6.0508E+01 -5.2728E+01 -5.6320E-01
  6.0000E+01  0.0000E+00  2.8850E+05  1.0000E+00  0.0000E+00  1.0000E+00  0.0000E+00  0.0000E+00  0.0000E+00  0.0000E+00  0.0000E+00  0.0000E+00  0.0000E+00
  6.0000E+01  0.0000E+00  0.0000E+00  2.0000E+00  0.0000E+00  0.0000E+00  0.0000E+00  0.0000E+00  0.0000E+00  0.0000E+00  0.0000E+00  0.0000E+00  0.0000E+00
  6.0000E+01  0.0000E+00  0.0000E+00  3.0000E+00  0.0000E+00  0.0000E+00  0.0000E+00  0.0000E+00  0.0000E+00  0.0000E+00  0.0000E+00  0.0000E+00  0.0000E+00
  6.0000E+01  4.0000E+00  0.0000E+00  2.0000E+00  7.7402E+02  0.0000E+00  5.4932E+00  8.6446E-01  8.6446E-01  7.7402E+02  5.4932E+00  7.6852E+02  8.6446E-01
  6.0000E+01  4.0000E+00  0.0000E+00  3.0000E+00  2.8000E+00  0.0000E+00  6.0428E+01 -6.1635E-01 -6.1635E-01  2.8000E+00  6.0428E+01 -5.7628E+01 -6.1635E-01
  6.1000E+01  0.0000E+00  2.8250E+05  1.0000E+00  0.0000E+00  1.0000E+00  0.0000E+00  0.0000E+00  0.0000E+00  0.0000E+00  0.0000E+00  0.0000E+00  0.0000E+00
  6.1000E+01  0.0000E+00  0.0000E+00  3.0000E+00  0.0000E+00  0.0000E+00  0.0000E+00  0.0000E+00  0.0000E+00  0.0000E+00  0.0000E+00  0.0000E+00  0.0000E+00
  6.1000E+01  6.0000E+00  0.0000E+00  3.0000E+00  0.0000E+00  1.0000E+00  3.5514E+01  0.0000E+00 -6.4630E-01  0.0000E+00  3.5514E+01  0.0000E+00  0.0000E+00
  6.2000E+01  0.0000E+00  2.9040E+05  1.0000E+00  0.0000E+00  1.0000E+00  0.0000E+00  0.0000E+00  0.0000E+00  0.0000E+00  0.0000E+00  0.0000E+00  0.0000E+00
  6.2000E+01  0.0000E+00  0.0000E+00  3.0000E+00  0.0000E+00  0.0000E+00  0.0000E+00  0.0000E+00  0.0000E+00  0.0000E+00  0.0000E+00  0.0000E+00  0.0000E+00
  6.2000E+01  6.0000E+00  0.0000E+00  3.0000E+00  1.6000E-01  0.0000E+00  3.5312E+01 -6.4337E-01 -6.4337E-01  1.6000E-01  3.5312E+01 -3.5152E+01 -6.4337E-01
  6.3000E+01  0.0000E+00  2.7330E+05  1.0000E+00  0.0000E+00  1.0000E+00  0.0000E+00  0.0000E+00  0.0000E+00  0.0000E+00  0.0000E+00  0.0000E+00  0.0000E+00
  6.3000E+01  0.0000E+00  0.0000E+00  3.0000E+00  0.0000E+00  0.0000E+00  0.0000E+00  0.0000E+00  0.0000E+00  0.0000E+00  0.0000E+00  0.0000E+00  0.0000E+00
  6.3000E+01  6.0000E+00  0.0000E+00  3.0000E+00  2.7000E+00  0.0000E+00  3.5761E+01 -5.9750E-01 -5.9750E-01  2.7000E+00  3.5761E+01 -3.3061E+01 -5.9750E-01
  6.4000E+01  0.0000E+00  2.8850E+05  1.0000E+00  0.0000E+00  1.0000E+00  0.0000E+00  0.0000E+00  0.0000E+00  0.0000E+00  0.0000E+00  0.0000E+00  0.0000E+00
  6.4000E+01  0.0000E+00  0.0000E+00  2.0000E+00  0.0000E+00  0.0000E+00  0.0000E+00  0.0000E+00  0.0000E+00  0.0000E+00  0.0000E+00  0.0000E+00  0.0000E+00
  6.4000E+01  0.0000E+00  0.0000E+00  3.0000E+00  0.0000E+00  0.0000E+00  0.0000E+00  0.0000E+00  0.0000E+00  0.0000E+00  0.0000E+00  0.0000E+00  0.0000E+00
  6.4000E+01  8.0000E+00  0.0000E+00  2.0000E+00  2.7488E+02  0.0000E+00  1.8809E+00  8.9683E-01  8.9683E-01  2.7488E+02  1.8809E+00  2.7300E+02  8.9683E-01
  6.4000E+01  8.0000E+00  0.0000E+00  3.0000E+00  0.0000E+00  1.0000E+00  2.0691E+01  0.0000E+00 -6.4630E-01  0.0000E+00  2.0691E+01  0.0000E+00  0.0000E+00
  6.5000E+01  0.0000E+00  2.8560E+05  1.0000E+00  0.0000E+00  1.0000E+00  0.0000E+00  0.0000E+00  0.0000E+00  0.0000E+00  0.0000E+00  0.0000E+00  0.0000E+00
  6.5000E+01  0.0000E+00  0.0000E+00  2.0000E+00  0.0000E+00  0.0000E+00  0.0000E+00  0.0000E+00  0.0000E+00  0.0000E+00  0.0000E+00  0.0000E+00  0.0000E+00
  6.5000E+01  0.0000E+00  0.0000E+00  3.0000E+00  0.0000E+00  0.0000E+00  0.0000E+00  0.0000E+00  0.0000E+00  0.0000E+00  0.0000E+00  0.0000E+00  0.0000E+00
  6.5000E+01  8.0000E+00  0.0000E+00  2.0000E+00  3.4885E+02  0.0000E+00  1.9008E+00  1.1279E+00  1.1279E+00  3.4885E+02  1.9008E+00  3.4695E+02  1.1279E+00
  6.5000E+01  8.0000E+00  0.0000E+00  3.0000E+00  5.5000E-01  0.0000E+00  2.0763E+01 -6.2918E-01 -6.2918E-01  5.5000E-01  2.0763E+01 -2.0213E+01 -6.2918E-01
  6.6000E+01  0.0000E+00  2.7370E+05  1.0000E+00  0.0000E+00  1.0000E+00  0.0000E+00  0.0000E+00  0.0000E+00  0.0000E+00  0.0000E+00  0.0000E+00  0.0000E+00
  6.6000E+01  0.0000E+00  0.0000E+00  2.0000E+00  0.0000E+00  0.0000E+00  0.0000E+00  0.0000E+00  0.0000E+00  0.0000E+00  0.0000E+00  0.0000E+00  0.0000E+00
  6.6000E+01  0.0000E+00  0.0000E+00  3.0000E+00  0.0000E+00  0.0000E+00  0.0000E+00  0.0000E+00  0.0000E+00  0.0000E+00  0.0000E+00  0.0000E+00  0.0000E+00
  6.6000E+01  8.0000E+00  0.0000E+00  2.0000E+00  1.6299E+02  0.0000E+00  1.9858E+00  5.0097E-01  5.0097E-01  1.6299E+02  1.9858E+00  1.6100E+02  5.0097E-01
  6.6000E+01  8.0000E+00  0.0000E+00  3.0000E+00  2.4400E+00  0.0000E+00  2.1067E+01 -5.7144E-01 -5.7144E-01  2.4400E+00  2.1067E+01 -1.8627E+01 -5.7144E-01
  6.7000E+01  0.0000E+00  2.8000E+05  1.0000E+00  0.0000E+00  1.0000E+00  0.0000E+00  0.0000E+00  0.0000E+00  0.0000E+00  0.0000E+00  0.0000E+00  0.0000E+00
  6.7000E+01  1.7000E-02  0.0000E+00  3.0000E+00  7.2560E+03  0.0000E+00  2.9331E+03  9.5252E-01  9.5252E-01  7.2560E+03  2.9331E+03  4.3229E+03  9.5252E-01
  6.8000E+01  0.0000E+00  2.8000E+05  1.0000E+00  0.0000E+00  1.0000E+00  0.0000E+00  0.0000E+00  0.0000E+00  0.0000E+00  0.0000E+00  0.0000E+00  0.0000E+00
  6.8000E+01  1.7000E-02  0.0000E+00  3.0000E+00  8.3999E+03  0.0000E+00  2.9331E+03  1.2046E+00  1.2046E+00  8.3999E+03  2.9331E+03  5.4668E+03  1.2046E+00
  6.9000E+01  0.0000E+00  2.8000E+05  1.0000E+00  0.0000E+00  1.0000E+00  0.0000E+00  0.0000E+00  0.0000E+00  0.0000E+00  0.0000E+00  0.0000E+00  0.0000E+00
  6.9000E+01  1.7000E-02  0.0000E+00  3.0000E+00  1.0783E+04  0.0000E+00  2.9331E+03  1.7298E+00  1.7298E+00  1.0783E+04  2.9331E+03  7.8503E+03  1.7298E+00
  7.0000E+01  0.0000E+00  2.8000E+05  1.0000E+00  0.0000E+00  1.0000E+00  0.0000E+00  0.0000E+00  0.0000E+00  0.0000E+00  0.0000E+00  0.0000E+00  0.0000E+00
  7.0000E+01  8.3000E-02  0.0000E+00  3.0000E+00  1.9424E+03  0.0000E+00  5.7286E+02  1.5451E+00  1.5451E+00  1.9424E+03  5.7286E+02  1.3695E+03  1.5451E+00
  7.1000E+01  0.0000E+00  2.8000E+05  1.0000E+00  0.0000E+00  1.0000E+00  0.0000E+00  0.0000E+00  0.0000E+00  0.0000E+00  0.0000E+00  0.0000E+00  0.0000E+00
  7.1000E+01  8.3000E-02  0.0000E+00  3.0000E+00  1.9194E+03  0.0000E+00  5.7286E+02  1.5192E+00  1.5192E+00  1.9194E+03  5.7286E+02  1.3465E+03  1.5192E+00
  7.2000E+01  0.0000E+00  2.8000E+05  1.0000E+00  0.0000E+00  1.0000E+00  0.0000E+00  0.0000E+00  0.0000E+00  0.0000E+00  0.0000E+00  0.0000E+00  0.0000E+00
  7.2000E+01  8.3000E-02  0.0000E+00  3.0000E+00  1.7315E+03  0.0000E+00  5.7286E+02  1.3072E+00  1.3072E+00  1.7315E+03  5.7286E+02  1.1586E+03  1.3072E+00
  7.3000E+01  0.0000E+00  2.8000E+05  1.0000E+00  0.0000E+00  1.0000E+00  0.0000E+00  0.0000E+00  0.0000E+00  0.0000E+00  0.0000E+00  0.0000E+00  0.0000E+00
  7.3000E+01  2.5000E-01  0.0000E+00  3.0000E+00  2.1170E+02  0.0000E+00  1.6724E+02  1.7181E-01  1.7181E-01  2.1170E+02  1.6724E+02  4.4459E+01  1.7181E-01
  7.4000E+01  0.0000E+00  2.8000E+05  1.0000E+00  0.0000E+00  1.0000E+00  0.0000E+00  0.0000E+00  0.0000E+00  0.0000E+00  0.0000E+00  0.0000E+00  0.0000E+00
  7.4000E+01  2.5000E-01  0.0000E+00  3.0000E+00  3.0850E+02  0.0000E+00  1.6724E+02  5.4589E-01  5.4589E-01  3.0850E+02  1.6724E+02  1.4126E+02  5.4589E-01
  7.5000E+01  0.0000E+00  2.8000E+05  1.0000E+00  0.0000E+00  1.0000E+00  0.0000E+00  0.0000E+00  0.0000E+00  0.0000E+00  0.0000E+00  0.0000E+00  0.0000E+00
  7.5000E+01  2.5000E-01  0.0000E+00  3.0000E+00  3.0460E+02  0.0000E+00  1.6724E+02  5.3082E-01  5.3082E-01  3.0460E+02  1.6724E+02  1.3736E+02  5.3082E-01
  7.6000E+01  0.0000E+00  2.8000E+05  1.0000E+00  0.0000E+00  1.0000E+00  0.0000E+00  0.0000E+00  0.0000E+00  0.0000E+00  0.0000E+00  0.0000E+00  0.0000E+00
  7.6000E+01  5.0000E-01  0.0000E+00  3.0000E+00  7.1700E+01  0.0000E+00  1.5363E+02 -3.4466E-01 -3.4466E-01  7.1700E+01  1.5363E+02 -8.1928E+01 -3.4466E-01
  7.7000E+01  0.0000E+00  2.8000E+05  1.0000E+00  0.0000E+00  1.0000E+00  0.0000E+00  0.0000E+00  0.0000E+00  0.0000E+00  0.0000E+00  0.0000E+00  0.0000E+00
  7.7000E+01  5.0000E-01  0.0000E+00  3.0000E+00  1.6950E+02  0.0000E+00  1.5363E+02  6.6770E-02  6.6770E-02  1.6950E+02  1.5363E+02  1.5872E+01  6.6770E-02
  7.8000E+01  0.0000E+00  2.8000E+05  1.0000E+00  0.0000E+00  1.0000E+00  0.0000E+00  0.0000E+00  0.0000E+00  0.0000E+00  0.0000E+00  0.0000E+00  0.0000E+00
  7.8000E+01  5.0000E-01  0.0000E+00  3.0000E+00  1.9250E+02  0.0000E+00  1.5363E+02  1.6353E-01  1.6353E-01  1.9250E+02  1.5363E+02  3.8872E+01  1.6353E-01
  7.9000E+01  0.0000E+00  2.8000E+05  1.0000E+00  0.0000E+00  1.0000E+00  0.0000E+00  0.0000E+00  0.0000E+00  0.0000E+00  0.0000E+00  0.0000E+00  0.0000E+00
  7.9000E+01  1.0000E+00  0.0000E+00  3.0000E+00  3.0940E+02  0.0000E+00  1.3450E+02  8.4046E-01  8.4046E-01  3.0940E+02  1.3450E+02  1.7490E+02  8.4046E-01
  8.0000E+01  0.0000E+00  2.8000E+05  1.0000E+00  0.0000E+00  1.0000E+00  0.0000E+00  0.0000E+00  0.0000E+00  0.0000E+00  0.0000E+00  0.0000E+00  0.0000E+00
  8.0000E+01  1.0000E+00  0.0000E+00  3.0000E+00  7.2400E+01  0.0000E+00  1.3450E+02 -2.9840E-01 -2.9840E-01  7.2400E+01  1.3450E+02 -6.2097E+01 -2.9840E-01
  8.1000E+01  0.0000E+00  2.8000E+05  1.0000E+00  0.0000E+00  1.0000E+00  0.0000E+00  0.0000E+00  0.0000E+00  0.0000E+00  0.0000E+00  0.0000E+00  0.0000E+00
  8.1000E+01  1.0000E+00  0.0000E+00  3.0000E+00  1.7600E+01  0.0000E+00  1.3450E+02 -5.6173E-01 -5.6173E-01  1.7600E+01  1.3450E+02 -1.1690E+02 -5.6173E-01
  8.2000E+01  0.0000E+00  2.8000E+05  1.0000E+00  0.0000E+00  1.0000E+00  0.0000E+00  0.0000E+00  0.0000E+00  0.0000E+00  0.0000E+00  0.0000E+00  0.0000E+00
  8.2000E+01  2.0000E+00  0.0000E+00  3.0000E+00  4.5000E+00  0.0000E+00  1.0309E+02 -6.1809E-01 -6.1809E-01  4.5000E+00  1.0309E+02 -9.8588E+01 -6.1809E-01
  8.3000E+01  0.0000E+00  2.8000E+05  1.0000E+00  0.0000E+00  1.0000E+00  0.0000E+00  0.0000E+00  0.0000E+00  0.0000E+00  0.0000E+00  0.0000E+00  0.0000E+00
  8.3000E+01  2.0000E+00  0.0000E+00  3.0000E+00  4.5000E+00  0.0000E+00  1.0309E+02 -6.1809E-01 -6.1809E-01  4.5000E+00  1.0309E+02 -9.8588E+01 -6.1809E-01
  8.4000E+01  0.0000E+00  2.8000E+05  1.0000E+00  0.0000E+00  1.0000E+00  0.0000E+00  0.0000E+00  0.0000E+00  0.0000E+00  0.0000E+00  0.0000E+00  0.0000E+00
  8.4000E+01  2.0000E+00  0.0000E+00  3.0000E+00  9.8000E+00  0.0000E+00  1.0309E+02 -5.8486E-01 -5.8486E-01  9.8000E+00  1.0309E+02 -9.3288E+01 -5.8486E-01
  8.5000E+01  0.0000E+00  2.8000E+05  1.0000E+00  0.0000E+00  1.0000E+00  0.0000E+00  0.0000E+00  0.0000E+00  0.0000E+00  0.0000E+00  0.0000E+00  0.0000E+00
  8.5000E+01  4.0000E+00  0.0000E+00  3.0000E+00  5.4000E+00  0.0000E+00  6.0562E+01 -5.8867E-01 -5.8867E-01  5.4000E+00  6.0562E+01 -5.5162E+01 -5.8867E-01
  8.6000E+01  0.0000E+00  2.8000E+05  1.0000E+00  0.0000E+00  1.0000E+00  0.0000E+00  0.0000E+00  0.0000E+00  0.0000E+00  0.0000E+00  0.0000E+00  0.0000E+00
  8.6000E+01  4.0000E+00  0.0000E+00  3.0000E+00  2.0000E-01  0.0000E+00  6.0562E+01 -6.4416E-01 -6.4416E-01  2.0000E-01  6.0562E+01 -6.0362E+01 -6.4416E-01
  8.7000E+01  0.0000E+00  2.8000E+05  1.0000E+00  0.0000E+00  1.0000E+00  0.0000E+00  0.0000E+00  0.0000E+00  0.0000E+00  0.0000E+00  0.0000E+00  0.0000E+00
  8.7000E+01  4.0000E+00  0.0000E+00  3.0000E+00  1.3600E+01  0.0000E+00  6.0562E+01 -5.0116E-01 -5.0116E-01  1.3600E+01  6.0562E+01 -4.6962E+01 -5.0116E-01
  8.8000E+01  0.0000E+00  2.8000E+05  1.0000E+00  0.0000E+00  1.0000E+00  0.0000E+00  0.0000E+00  0.0000E+00  0.0000E+00  0.0000E+00  0.0000E+00  0.0000E+00
  8.8000E+01  6.0000E+00  0.0000E+00  3.0000E+00  1.6100E+01  0.0000E+00  3.5579E+01 -3.5384E-01 -3.5384E-01  1.6100E+01  3.5579E+01 -1.9479E+01 -3.5384E-01
  8.9000E+01  0.0000E+00  2.8000E+05  1.0000E+00  0.0000E+00  1.0000E+00  0.0000E+00  0.0000E+00  0.0000E+00  0.0000E+00  0.0000E+00  0.0000E+00  0.0000E+00
  8.9000E+01  6.0000E+00  0.0000E+00  3.0000E+00  4.0000E-01  0.0000E+00  3.5579E+01 -6.3903E-01 -6.3903E-01  4.0000E-01  3.5579E+01 -3.5179E+01 -6.3903E-01
  9.0000E+01  0.0000E+00  2.8000E+05  1.0000E+00  0.0000E+00  1.0000E+00  0.0000E+00  0.0000E+00  0.0000E+00  0.0000E+00  0.0000E+00  0.0000E+00  0.0000E+00
  9.0000E+01  6.0000E+00  0.0000E+00  3.0000E+00  6.0000E-01  0.0000E+00  3.5579E+01 -6.3540E-01 -6.3540E-01  6.0000E-01  3.5579E+01 -3.4979E+01 -6.3540E-01
  9.1000E+01  0.0000E+00  2.8000E+05  1.0000E+00  0.0000E+00  1.0000E+00  0.0000E+00  0.0000E+00  0.0000E+00  0.0000E+00  0.0000E+00  0.0000E+00  0.0000E+00
  9.1000E+01  8.0000E+00  0.0000E+00  3.0000E+00  5.0000E-01  0.0000E+00  2.0902E+01 -6.3084E-01 -6.3084E-01  5.0000E-01  2.0902E+01 -2.0402E+01 -6.3084E-01
  9.2000E+01  0.0000E+00  2.8000E+05  1.0000E+00  0.0000E+00  1.0000E+00  0.0000E+00  0.0000E+00  0.0000E+00  0.0000E+00  0.0000E+00  0.0000E+00  0.0000E+00
  9.2000E+01  8.0000E+00  0.0000E+00  3.0000E+00  6.0000E-01  0.0000E+00  2.0902E+01 -6.2775E-01 -6.2775E-01  6.0000E-01  2.0902E+01 -2.0302E+01 -6.2775E-01
  9.3000E+01  0.0000E+00  2.8000E+05  1.0000E+00  0.0000E+00  1.0000E+00  0.0000E+00  0.0000E+00  0.0000E+00  0.0000E+00  0.0000E+00  0.0000E+00  0.0000E+00
  9.3000E+01  8.0000E+00  0.0000E+00  3.0000E+00  3.5000E+00  0.0000E+00  2.0902E+01 -5.3808E-01 -5.3808E-01  3.5000E+00  2.0902E+01 -1.7402E+01 -5.3808E-01
  9.4000E+01  0.0000E+00  2.8000E+05  1.0000E+00  0.0000E+00  1.0000E+00  0.0000E+00  0.0000E+00  0.0000E+00  0.0000E+00  0.0000E+00  0.0000E+00  0.0000E+00
  9.4000E+01  1.2000E+01  0.0000E+00  3.0000E+00  4.0000E-01  0.0000E+00  7.2138E+00 -6.1046E-01 -6.1046E-01  4.0000E-01  7.2138E+00 -6.8138E+00 -6.1046E-01
  9.5000E+01  0.0000E+00  2.8000E+05  1.0000E+00  0.0000E+00  1.0000E+00  0.0000E+00  0.0000E+00  0.0000E+00  0.0000E+00  0.0000E+00  0.0000E+00  0.0000E+00
  9.5000E+01  1.2000E+01  0.0000E+00  3.0000E+00  6.0000E-01  0.0000E+00  7.2138E+00 -5.9254E-01 -5.9254E-01  6.0000E-01  7.2138E+00 -6.6138E+00 -5.9254E-01
  9.6000E+01  0.0000E+00  2.8000E+05  1.0000E+00  0.0000E+00  1.0000E+00  0.0000E+00  0.0000E+00  0.0000E+00  0.0000E+00  0.0000E+00  0.0000E+00  0.0000E+00
  9.6000E+01  1.2000E+01  0.0000E+00  3.0000E+00  6.8000E+00  0.0000E+00  7.2138E+00 -3.7077E-02 -3.7077E-02  6.8000E+00  7.2138E+00 -4.1384E-01 -3.7077E-02
  9.7000E+01  0.0000E+00  2.8000E+05  1.0000E+00  0.0000E+00  1.0000E+00  0.0000E+00  0.0000E+00  0.0000E+00  0.0000E+00  0.0000E+00  0.0000E+00  0.0000E+00
  9.7000E+01  2.4000E+01  0.0000E+00  3.0000E+00  4.0000E-01  0.0000E+00  2.9656E-01  2.2542E-01  2.2542E-01  4.0000E-01  2.9656E-01  1.0344E-01  2.2542E-01
  9.8000E+01  0.0000E+00  2.8000E+05  1.0000E+00  0.0000E+00  1.0000E+00  0.0000E+00  0.0000E+00  0.0000E+00  0.0000E+00  0.0000E+00  0.0000E+00  0.0000E+00
  9.8000E+01  2.4000E+01  0.0000E+00  3.0000E+00  2.2000E+00  0.0000E+00  2.9656E-01  4.1482E+00  4.1482E+00  2.2000E+00  2.9656E-01  1.9034E+00  4.1482E+00
  9.9000E+01  0.0000E+00  2.8000E+05  1.0000E+00  0.0000E+00  1.0000E+00  0.0000E+00  0.0000E+00  0.0000E+00  0.0000E+00  0.0000E+00  0.0000E+00  0.0000E+00
  9.9000E+01  2.4000E+01  0.0000E+00  3.0000E+00  9.0000E-01  0.0000E+00  2.9656E-01  1.3151E+00  1.3151E+00  9.0000E-01  2.9656E-01  6.0344E-01  1.3151E+00
  1.0000E+02  0.0000E+00  2.8000E+05  3.0000E+00  0.0000E+00  1.0000E+00  2.8000E+06  0.0000E+00 -6.4630E-01  0.0000E+00  2.8000E+06  0.0000E+00  0.0000E+00
  1.0000E+02  0.0000E+00  0.0000E+00  3.0000E+00  0.0000E+00  0.0000E+00  2.8000E+06 -6.4630E-01 -6.4630E-01  0.0000E+00  2.8000E+06 -2.8000E+06 -6.4630E-01
  1.0000E+02  0.0000E+00  0.0000E+00  3.0000E+00  0.0000E+00  0.0000E+00  2.8000E+06 -6.4630E-01 -6.4630E-01  0.0000E+00  2.8000E+06 -2.8000E+06 -6.4630E-01
  1.0100E+02  0.0000E+00  2.8000E+05  3.0000E+00  0.0000E+00  1.0000E+00  2.8000E+06  0.0000E+00 -6.4630E-01  0.0000E+00  2.8000E+06  0.0000E+00  0.0000E+00
  1.0100E+02  0.0000E+00  0.0000E+00  3.0000E+00  0.0000E+00  0.0000E+00  2.8000E+06 -6.4630E-01 -6.4630E-01  0.0000E+00  2.8000E+06 -2.8000E+06 -6.4630E-01
  1.0100E+02  0.0000E+00  0.0000E+00  3.0000E+00  0.0000E+00  0.0000E+00  2.8000E+06 -6.4630E-01 -6.4630E-01  0.0000E+00  2.8000E+06 -2.8000E+06 -6.4630E-01
  1.0200E+02  0.0000E+00  2.8000E+05  3.0000E+00  0.0000E+00  1.0000E+00  2.8000E+06  0.0000E+00 -6.4630E-01  0.0000E+00  2.8000E+06  0.0000E+00  0.0000E+00
  1.0200E+02  0.0000E+00  0.0000E+00  3.0000E+00  0.0000E+00  0.0000E+00  2.8000E+06 -6.4630E-01 -6.4630E-01  0.0000E+00  2.8000E+06 -2.8000E+06 -6.4630E-01
  1.0200E+02  0.0000E+00  0.0000E+00  3.0000E+00  0.0000E+00  0.0000E+00  2.8000E+06 -6.4630E-01 -6.4630E-01  0.0000E+00  2.8000E+06 -2.8000E+06 -6.4630E-01
  1.0300E+02  0.0000E+00  2.8000E+05  3.0000E+00  0.0000E+00  1.0000E+00  2.8000E+06  0.0000E+00 -6.4630E-01  0.0000E+00  2.8000E+06  0.0000E+00  0.0000E+00
  1.0300E+02  0.0000E+00  0.0000E+00  3.0000E+00  0.0000E+00  0.0000E+00  2.8000E+06 -6.4630E-01 -6.4630E-01  0.0000E+00  2.8000E+06 -2.8000E+06 -6.4630E-01
  1.0300E+02  2.5000E-01  0.0000E+00  3.0000E+00  1.7200E+01  0.0000E+00  5.2038E+02 -6.2494E-01 -6.2494E-01  1.7200E+01  5.2038E+02 -5.0318E+02 -6.2494E-01
  1.0400E+02  0.0000E+00  2.8000E+05  3.0000E+00  0.0000E+00  1.0000E+00  2.8000E+06  0.0000E+00 -6.4630E-01  0.0000E+00  2.8000E+06  0.0000E+00  0.0000E+00
  1.0400E+02  0.0000E+00  0.0000E+00  3.0000E+00  0.0000E+00  0.0000E+00  2.8000E+06 -6.4630E-01 -6.4630E-01  0.0000E+00  2.8000E+06 -2.8000E+06 -6.4630E-01
  1.0400E+02  2.5000E-01  0.0000E+00  3.0000E+00  1.2800E+01  0.0000E+00  5.2038E+02 -6.3040E-01 -6.3040E-01  1.2800E+01  5.2038E+02 -5.0758E+02 -6.3040E-01
  1.0500E+02  0.0000E+00  2.8000E+05  3.0000E+00  0.0000E+00  1.0000E+00  2.8000E+06  0.0000E+00 -6.4630E-01  0.0000E+00  2.8000E+06  0.0000E+00  0.0000E+00
  1.0500E+02  0.0000E+00  0.0000E+00  3.0000E+00  0.0000E+00  0.0000E+00  2.8000E+06 -6.4630E-01 -6.4630E-01  0.0000E+00  2.8000E+06 -2.8000E+06 -6.4630E-01
  1.0500E+02  2.5000E-01  0.0000E+00  3.0000E+00  4.2300E+01  0.0000E+00  5.2038E+02 -5.9376E-01 -5.9376E-01  4.2300E+01  5.2038E+02 -4.7808E+02 -5.9376E-01
  1.0600E+02  0.0000E+00  2.8000E+05  3.0000E+00  0.0000E+00  1.0000E+00  2.8000E+06  0.0000E+00 -6.4630E-01  0.0000E+00  2.8000E+06  0.0000E+00  0.0000E+00
  1.0600E+02  0.0000E+00  0.0000E+00  3.0000E+00  0.0000E+00  0.0000E+00  2.8000E+06 -6.4630E-01 -6.4630E-01  0.0000E+00  2.8000E+06 -2.8000E+06 -6.4630E-01
  1.0600E+02  5.0000E-01  0.0000E+00  3.0000E+00  8.7000E+00  0.0000E+00  4.8691E+02 -6.3475E-01 -6.3475E-01  8.7000E+00  4.8691E+02 -4.7821E+02 -6.3475E-01
  1.0700E+02  0.0000E+00  2.8000E+05  3.0000E+00  0.0000E+00  1.0000E+00  2.8000E+06  0.0000E+00 -6.4630E-01  0.0000E+00  2.8000E+06  0.0000E+00  0.0000E+00
  1.0700E+02  0.0000E+00  0.0000E+00  3.0000E+00  0.0000E+00  0.0000E+00  2.8000E+06 -6.4630E-01 -6.4630E-01  0.0000E+00  2.8000E+06 -2.8000E+06 -6.4630E-01
  1.0700E+02  5.0000E-01  0.0000E+00  3.0000E+00  1.3400E+01  0.0000E+00  4.8691E+02 -6.2851E-01 -6.2851E-01  1.3400E+01  4.8691E+02 -4.7351E+02 -6.2851E-01
  1.0800E+02  0.0000E+00  2.8000E+05  3.0000E+00  0.0000E+00  1.0000E+00  2.8000E+06  0.0000E+00 -6.4630E-01  0.0000E+00  2.8000E+06  0.0000E+00  0.0000E+00
  1.0800E+02  0.0000E+00  0.0000E+00  3.0000E+00  0.0000E+00  0.0000E+00  2.8000E+06 -6.4630E-01 -6.4630E-01  0.0000E+00  2.8000E+06 -2.8000E+06 -6.4630E-01
  1.0800E+02  5.0000E-01  0.0000E+00  3.0000E+00  1.2600E+01  0.0000E+00  4.8691E+02 -6.2957E-01 -6.2957E-01  1.2600E+01  4.8691E+02 -4.7431E+02 -6.2957E-01
  1.0900E+02  0.0000E+00  2.8000E+05  3.0000E+00  0.0000E+00  1.0000E+00  2.8000E+06  0.0000E+00 -6.4630E-01  0.0000E+00  2.8000E+06  0.0000E+00  0.0000E+00
  1.0900E+02  0.0000E+00  0.0000E+00  3.0000E+00  0.0000E+00  0.0000E+00  2.8000E+06 -6.4630E-01 -6.4630E-01  0.0000E+00  2.8000E+06 -2.8000E+06 -6.4630E-01
  1.0900E+02  1.0000E+00  0.0000E+00  3.0000E+00  8.3000E+00  0.0000E+00  4.2628E+02 -6.3371E-01 -6.3371E-01  8.3000E+00  4.2628E+02 -4.1798E+02 -6.3371E-01
  1.1000E+02  0.0000E+00  2.8000E+05  3.0000E+00  0.0000E+00  1.0000E+00  2.8000E+06  0.0000E+00 -6.4630E-01  0.0000E+00  2.8000E+06  0.0000E+00  0.0000E+00
  1.1000E+02  0.0000E+00  0.0000E+00  3.0000E+00  0.0000E+00  0.0000E+00  2.8000E+06 -6.4630E-01 -6.4630E-01  0.0000E+00  2.8000E+06 -2.8000E+06 -6.4630E-01
  1.1000E+02  1.0000E+00  0.0000E+00  3.0000E+00  5.6000E+00  0.0000E+00  4.2628E+02 -6.3781E-01 -6.3781E-01  5.6000E+00  4.2628E+02 -4.2068E+02 -6.3781E-01
  1.1100E+02  0.0000E+00  2.8000E+05  3.0000E+00  0.0000E+00  1.0000E+00  2.8000E+06  0.0000E+00 -6.4630E-01  0.0000E+00  2.8000E+06  0.0000E+00  0.0000E+00
  1.1100E+02  0.0000E+00  0.0000E+00  3.0000E+00  0.0000E+00  0.0000E+00  2.8000E+06 -6.4630E-01 -6.4630E-01  0.0000E+00  2.8000E+06 -2.8000E+06 -6.4630E-01
  1.1100E+02  1.0000E+00  0.0000E+00  3.0000E+00  8.9000E+00  0.0000E+00  4.2628E+02 -6.3281E-01 -6.3281E-01  8.9000E+00  4.2628E+02 -4.1738E+02 -6.3281E-01
  1.1200E+02  0.0000E+00  2.8000E+05  3.0000E+00  0.0000E+00  1.0000E+00  2.8000E+06  0.0000E+00 -6.4630E-01  0.0000E+00  2.8000E+06  0.0000E+00  0.0000E+00
  1.1200E+02  0.0000E+00  0.0000E+00  3.0000E+00  0.0000E+00  0.0000E+00  2.8000E+06 -6.4630E-01 -6.4630E-01  0.0000E+00  2.8000E+06 -2.8000E+06 -6.4630E-01
  1.1200E+02  2.0000E+00  0.0000E+00  3.0000E+00  2.5700E+01  0.0000E+00  3.2673E+02 -5.9546E-01 -5.9546E-01  2.5700E+01  3.2673E+02 -3.0103E+02 -5.9546E-01
  1.1300E+02  0.0000E+00  2.8000E+05  3.0000E+00  0.0000E+00  1.0000E+00  2.8000E+06  0.0000E+00 -6.4630E-01  0.0000E+00  2.8000E+06  0.0000E+00  0.0000E+00
  1.1300E+02  0.0000E+00  0.0000E+00  3.0000E+00  0.0000E+00  0.0000E+00  2.8000E+06 -6.4630E-01 -6.4630E-01  0.0000E+00  2.8000E+06 -2.8000E+06 -6.4630E-01
  1.1300E+02  2.0000E+00  0.0000E+00  3.0000E+00  4.0000E-01  0.0000E+00  3.2673E+02 -6.4551E-01 -6.4551E-01  4.0000E-01  3.2673E+02 -3.2633E+02 -6.4551E-01
  1.1400E+02  0.0000E+00  2.8000E+05  3.0000E+00  0.0000E+00  1.0000E+00  2.8000E+06  0.0000E+00 -6.4630E-01  0.0000E+00  2.8000E+06  0.0000E+00  0.0000E+00
  1.1400E+02  0.0000E+00  0.0000E+00  3.0000E+00  0.0000E+00  0.0000E+00  2.8000E+06 -6.4630E-01 -6.4630E-01  0.0000E+00  2.8000E+06 -2.8000E+06 -6.4630E-01
  1.1400E+02  2.0000E+00  0.0000E+00  3.0000E+00  2.4000E+01  0.0000E+00  3.2673E+02 -5.9882E-01 -5.9882E-01  2.4000E+01  3.2673E+02 -3.0273E+02 -5.9882E-01
  1.1500E+02  0.0000E+00  2.8000E+05  3.0000E+00  0.0000E+00  1.0000E+00  2.8000E+06  0.0000E+00 -6.4630E-01  0.0000E+00  2.8000E+06  0.0000E+00  0.0000E+00
  1.1500E+02  0.0000E+00  0.0000E+00  3.0000E+00  0.0000E+00  0.0000E+00  2.8000E+06 -6.4630E-01 -6.4630E-01  0.0000E+00  2.8000E+06 -2.8000E+06 -6.4630E-01
  1.1500E+02  4.0000E+00  0.0000E+00  3.0000E+00  1.7000E+00  0.0000E+00  1.9195E+02 -6.4057E-01 -6.4057E-01  1.7000E+00  1.9195E+02 -1.9025E+02 -6.4057E-01
  1.1600E+02  0.0000E+00  2.8000E+05  3.0000E+00  0.0000E+00  1.0000E+00  2.8000E+06  0.0000E+00 -6.4630E-01  0.0000E+00  2.8000E+06  0.0000E+00  0.0000E+00
  1.1600E+02  0.0000E+00  0.0000E+00  3.0000E+00  0.0000E+00  0.0000E+00  2.8000E+06 -6.4630E-01 -6.4630E-01  0.0000E+00  2.8000E+06 -2.8000E+06 -6.4630E-01
  1.1600E+02  4.0000E+00  0.0000E+00  3.0000E+00  9.0000E-01  0.0000E+00  1.9195E+02 -6.4327E-01 -6.4327E-01  9.0000E-01  1.9195E+02 -1.9105E+02 -6.4327E-01
  1.1700E+02  0.0000E+00  2.8000E+05  3.0000E+00  0.0000E+00  1.0000E+00  2.8000E+06  0.0000E+00 -6.4630E-01  0.0000E+00  2.8000E+06  0.0000E+00  0.0000E+00
  1.1700E+02  0.0000E+00  0.0000E+00  3.0000E+00  0.0000E+00  0.0000E+00  2.8000E+06 -6.4630E-01 -6.4630E-01  0.0000E+00  2.8000E+06 -2.8000E+06 -6.4630E-01
  1.1700E+02  4.0000E+00  0.0000E+00  3.0000E+00  3.0000E-01  0.0000E+00  1.9195E+02 -6.4529E-01 -6.4529E-01  3.0000E-01  1.9195E+02 -1.9165E+02 -6.4529E-01
  1.1800E+02  0.0000E+00  2.8000E+05  3.0000E+00  0.0000E+00  1.0000E+00  2.8000E+06  0.0000E+00 -6.4630E-01  0.0000E+00  2.8000E+06  0.0000E+00  0.0000E+00
  1.1800E+02  0.0000E+00  0.0000E+00  3.0000E+00  0.0000E+00  0.0000E+00  2.8000E+06 -6.4630E-01 -6.4630E-01  0.0000E+00  2.8000E+06 -2.8000E+06 -6.4630E-01
  1.1800E+02  6.0000E+00  0.0000E+00  3.0000E+00  9.0000E-01  0.0000E+00  1.1276E+02 -6.4114E-01 -6.4114E-01  9.0000E-01  1.1276E+02 -1.1186E+02 -6.4114E-01
  1.1900E+02  0.0000E+00  2.8000E+05  3.0000E+00  0.0000E+00  1.0000E+00  2.8000E+06  0.0000E+00 -6.4630E-01  0.0000E+00  2.8000E+06  0.0000E+00  0.0000E+00
  1.1900E+02  0.0000E+00  0.0000E+00  3.0000E+00  0.0000E+00  0.0000E+00  2.8000E+06 -6.4630E-01 -6.4630E-01  0.0000E+00  2.8000E+06 -2.8000E+06 -6.4630E-01
  1.1900E+02  6.0000E+00  0.0000E+00  3.0000E+00  3.0000E+00  0.0000E+00  1.1276E+02 -6.2910E-01 -6.2910E-01  3.0000E+00  1.1276E+02 -1.0976E+02 -6.2910E-01
  1.2000E+02  0.0000E+00  2.8000E+05  3.0000E+00  0.0000E+00  1.0000E+00  2.8000E+06  0.0000E+00 -6.4630E-01  0.0000E+00  2.8000E+06  0.0000E+00  0.0000E+00
  1.2000E+02  0.0000E+00  0.0000E+00  3.0000E+00  0.0000E+00  0.0000E+00  2.8000E+06 -6.4630E-01 -6.4630E-01  0.0000E+00  2.8000E+06 -2.8000E+06 -6.4630E-01
  1.2000E+02  6.0000E+00  0.0000E+00  3.0000E+00  3.8000E+00  0.0000E+00  1.1276E+02 -6.2452E-01 -6.2452E-01  3.8000E+00  1.1276E+02 -1.0896E+02 -6.2452E-01
  1.2100E+02  0.0000E+00  2.8000E+05  3.0000E+00  0.0000E+00  1.0000E+00  2.8000E+06  0.0000E+00 -6.4630E-01  0.0000E+00  2.8000E+06  0.0000E+00  0.0000E+00
  1.2100E+02  0.0000E+00  0.0000E+00  3.0000E+00  0.0000E+00  0.0000E+00  2.8000E+06 -6.4630E-01 -6.4630E-01  0.0000E+00  2.8000E+06 -2.8000E+06 -6.4630E-01
  1.2100E+02  8.0000E+00  0.0000E+00  3.0000E+00  8.0000E-01  0.0000E+00  6.6247E+01 -6.3849E-01 -6.3849E-01  8.0000E-01  6.6247E+01 -6.5447E+01 -6.3849E-01
  1.2200E+02  0.0000E+00  2.8000E+05  3.0000E+00  0.0000E+00  1.0000E+00  2.8000E+06  0.0000E+00 -6.4630E-01  0.0000E+00  2.8000E+06  0.0000E+00  0.0000E+00
  1.2200E+02  0.0000E+00  0.0000E+00  3.0000E+00  0.0000E+00  0.0000E+00  2.8000E+06 -6.4630E-01 -6.4630E-01  0.0000E+00  2.8000E+06 -2.8000E+06 -6.4630E-01
  1.2200E+02  8.0000E+00  0.0000E+00  3.0000E+00  1.2000E+00  0.0000E+00  6.6247E+01 -6.3459E-01 -6.3459E-01  1.2000E+00  6.6247E+01 -6.5047E+01 -6.3459E-01
  1.2300E+02  0.0000E+00  2.8000E+05  3.0000E+00  0.0000E+00  1.0000E+00  2.8000E+06  0.0000E+00 -6.4630E-01  0.0000E+00  2.8000E+06  0.0000E+00  0.0000E+00
  1.2300E+02  0.0000E+00  0.0000E+00  3.0000E+00  0.0000E+00  0.0000E+00  2.8000E+06 -6.4630E-01 -6.4630E-01  0.0000E+00  2.8000E+06 -2.8000E+06 -6.4630E-01
  1.2300E+02  8.0000E+00  0.0000E+00  3.0000E+00  9.0000E-01  0.0000E+00  6.6247E+01 -6.3752E-01 -6.3752E-01  9.0000E-01  6.6247E+01 -6.5347E+01 -6.3752E-01
  1.2400E+02  0.0000E+00  2.8000E+05  3.0000E+00  0.0000E+00  1.0000E+00  2.8000E+06  0.0000E+00 -6.4630E-01  0.0000E+00  2.8000E+06  0.0000E+00  0.0000E+00
  1.2400E+02  0.0000E+00  0.0000E+00  3.0000E+00  0.0000E+00  0.0000E+00  2.8000E+06 -6.4630E-01 -6.4630E-01  0.0000E+00  2.8000E+06 -2.8000E+06 -6.4630E-01
  1.2400E+02  1.2000E+01  0.0000E+00  3.0000E+00  2.8000E+00  0.0000E+00  2.2864E+01 -5.6715E-01 -5.6715E-01  2.8000E+00  2.2864E+01 -2.0064E+01 -5.6715E-01
  1.2500E+02  0.0000E+00  2.8000E+05  3.0000E+00  0.0000E+00  1.0000E+00  2.8000E+06  0.0000E+00 -6.4630E-01  0.0000E+00  2.8000E+06  0.0000E+00  0.0000E+00
  1.2500E+02  0.0000E+00  0.0000E+00  3.0000E+00  0.0000E+00  0.0000E+00  2.8000E+06 -6.4630E-01 -6.4630E-01  0.0000E+00  2.8000E+06 -2.8000E+06 -6.4630E-01
  1.2500E+02  1.2000E+01  0.0000E+00  3.0000E+00  5.6200E+01  0.0000E+00  2.2864E+01  9.4233E-01  9.4233E-01  5.6200E+01  2.2864E+01  3.3336E+01  9.4233E-01
  1.2600E+02  0.0000E+00  2.8000E+05  3.0000E+00  0.0000E+00  1.0000E+00  2.8000E+06  0.0000E+00 -6.4630E-01  0.0000E+00  2.8000E+06  0.0000E+00  0.0000E+00
  1.2600E+02  0.0000E+00  0.0000E+00  3.0000E+00  0.0000E+00  0.0000E+00  2.8000E+06 -6.4630E-01 -6.4630E-01  0.0000E+00  2.8000E+06 -2.8000E+06 -6.4630E-01
  1.2600E+02  1.2000E+01  0.0000E+00  3.0000E+00  8.0000E-01  0.0000E+00  2.2864E+01 -6.2368E-01 -6.2368E-01  8.0000E-01  2.2864E+01 -2.2064E+01 -6.2368E-01
  1.2700E+02  0.0000E+00  2.8000E+05  3.0000E+00  0.0000E+00  1.0000E+00  2.8000E+06  0.0000E+00 -6.4630E-01  0.0000E+00  2.8000E+06  0.0000E+00  0.0000E+00
  1.2700E+02  0.0000E+00  0.0000E+00  3.0000E+00  0.0000E+00  0.0000E+00  2.8000E+06 -6.4630E-01 -6.4630E-01  0.0000E+00  2.8000E+06 -2.8000E+06 -6.4630E-01
  1.2700E+02  2.4000E+01  0.0000E+00  3.0000E+00  3.9000E+00  0.0000E+00  9.3993E-01  2.0353E+00  2.0353E+00  3.9000E+00  9.3993E-01  2.9601E+00  2.0353E+00
  1.2800E+02  0.0000E+00  2.8000E+05  3.0000E+00  0.0000E+00  1.0000E+00  2.8000E+06  0.0000E+00 -6.4630E-01  0.0000E+00  2.8000E+06  0.0000E+00  0.0000E+00
  1.2800E+02  0.0000E+00  0.0000E+00  3.0000E+00  0.0000E+00  0.0000E+00  2.8000E+06 -6.4630E-01 -6.4630E-01  0.0000E+00  2.8000E+06 -2.8000E+06 -6.4630E-01
  1.2800E+02  2.4000E+01  0.0000E+00  3.0000E+00  4.0000E-01  0.0000E+00  9.3993E-01 -3.7126E-01 -3.7126E-01  4.0000E-01  9.3993E-01 -5.3993E-01 -3.7126E-01
  1.2900E+02  0.0000E+00  2.8000E+05  3.0000E+00  0.0000E+00  1.0000E+00  2.8000E+06  0.0000E+00 -6.4630E-01  0.0000E+00  2.8000E+06  0.0000E+00  0.0000E+00
  1.2900E+02  0.0000E+00  0.0000E+00  3.0000E+00  0.0000E+00  0.0000E+00  2.8000E+06 -6.4630E-01 -6.4630E-01  0.0000E+00  2.8000E+06 -2.8000E+06 -6.4630E-01
  1.2900E+02  2.4000E+01  0.0000E+00  3.0000E+00  1.4000E+00  0.0000E+00  9.3993E-01  3.1634E-01  3.1634E-01  1.4000E+00  9.3993E-01  4.6007E-01  3.1634E-01
  1.3000E+02  0.0000E+00  7.0000E+05  3.0000E+00  0.0000E+00  1.0000E+00  7.0000E+06  0.0000E+00 -6.4630E-01  0.0000E+00  7.0000E+06  0.0000E+00  0.0000E+00
  1.3000E+02  0.0000E+00  0.0000E+00  3.0000E+00  0.0000E+00  0.0000E+00  7.0000E+06 -6.4630E-01 -6.4630E-01  0.0000E+00  7.0000E+06 -7.0000E+06 -6.4630E-01
  1.3000E+02  0.0000E+00  0.0000E+00  3.0000E+00  0.0000E+00  0.0000E+00  7.0000E+06 -6.4630E-01 -6.4630E-01  0.0000E+00  7.0000E+06 -7.0000E+06 -6.4630E-01
  1.3100E+02  0.0000E+00  7.0000E+05  3.0000E+00  0.0000E+00  1.0000E+00  7.0000E+06  0.0000E+00 -6.4630E-01  0.0000E+00  7.0000E+06  0.0000E+00  0.0000E+00
  1.3100E+02  0.0000E+00  0.0000E+00  3.0000E+00  0.0000E+00  0.0000E+00  7.0000E+06 -6.4630E-01 -6.4630E-01  0.0000E+00  7.0000E+06 -7.0000E+06 -6.4630E-01
  1.3100E+02  0.0000E+00  0.0000E+00  3.0000E+00  0.0000E+00  0.0000E+00  7.0000E+06 -6.4630E-01 -6.4630E-01  0.0000E+00  7.0000E+06 -7.0000E+06 -6.4630E-01
  1.3200E+02  0.0000E+00  7.0000E+05  3.0000E+00  0.0000E+00  1.0000E+00  7.0000E+06  0.0000E+00 -6.4630E-01  0.0000E+00  7.0000E+06  0.0000E+00  0.0000E+00
  1.3200E+02  0.0000E+00  0.0000E+00  3.0000E+00  0.0000E+00  0.0000E+00  7.0000E+06 -6.4630E-01 -6.4630E-01  0.0000E+00  7.0000E+06 -7.0000E+06 -6.4630E-01
  1.3200E+02  0.0000E+00  0.0000E+00  3.0000E+00  0.0000E+00  0.0000E+00  7.0000E+06 -6.4630E-01 -6.4630E-01  0.0000E+00  7.0000E+06 -7.0000E+06 -6.4630E-01
  1.3300E+02  0.0000E+00  7.0000E+05  3.0000E+00  0.0000E+00  1.0000E+00  7.0000E+06  0.0000E+00 -6.4630E-01  0.0000E+00  7.0000E+06  0.0000E+00  0.0000E+00
  1.3300E+02  0.0000E+00  0.0000E+00  3.0000E+00  0.0000E+00  0.0000E+00  7.0000E+06 -6.4630E-01 -6.4630E-01  0.0000E+00  7.0000E+06 -7.0000E+06 -6.4630E-01
  1.3300E+02  2.5000E-01  0.0000E+00  3.0000E+00  7.9800E+01  0.0000E+00  1.3010E+03 -6.0666E-01 -6.0666E-01  7.9800E+01  1.3010E+03 -1.2212E+03 -6.0666E-01
  1.3400E+02  0.0000E+00  7.0000E+05  3.0000E+00  0.0000E+00  1.0000E+00  7.0000E+06  0.0000E+00 -6.4630E-01  0.0000E+00  7.0000E+06  0.0000E+00  0.0000E+00
  1.3400E+02  0.0000E+00  0.0000E+00  3.0000E+00  0.0000E+00  0.0000E+00  7.0000E+06 -6.4630E-01 -6.4630E-01  0.0000E+00  7.0000E+06 -7.0000E+06 -6.4630E-01
  1.3400E+02  2.5000E-01  0.0000E+00  3.0000E+00  6.8500E+01  0.0000E+00  1.3010E+03 -6.1227E-01 -6.1227E-01  6.8500E+01  1.3010E+03 -1.2325E+03 -6.1227E-01
  1.3500E+02  0.0000E+00  7.0000E+05  3.0000E+00  0.0000E+00  1.0000E+00  7.0000E+06  0.0000E+00 -6.4630E-01  0.0000E+00  7.0000E+06  0.0000E+00  0.0000E+00
  1.3500E+02  0.0000E+00  0.0000E+00  3.0000E+00  0.0000E+00  0.0000E+00  7.0000E+06 -6.4630E-01 -6.4630E-01  0.0000E+00  7.0000E+06 -7.0000E+06 -6.4630E-01
  1.3500E+02  2.5000E-01  0.0000E+00  3.0000E+00  6.8200E+01  0.0000E+00  1.3010E+03 -6.1242E-01 -6.1242E-01  6.8200E+01  1.3010E+03 -1.2328E+03 -6.1242E-01
  1.3600E+02  0.0000E+00  7.0000E+05  3.0000E+00  0.0000E+00  1.0000E+00  7.0000E+06  0.0000E+00 -6.4630E-01  0.0000E+00  7.0000E+06  0.0000E+00  0.0000E+00
  1.3600E+02  0.0000E+00  0.0000E+00  3.0000E+00  0.0000E+00  0.0000E+00  7.0000E+06 -6.4630E-01 -6.4630E-01  0.0000E+00  7.0000E+06 -7.0000E+06 -6.4630E-01
  1.3600E+02  5.0000E-01  0.0000E+00  3.0000E+00  5.1000E+01  0.0000E+00  1.2173E+03 -6.1922E-01 -6.1922E-01  5.1000E+01  1.2173E+03 -1.1663E+03 -6.1922E-01
  1.3700E+02  0.0000E+00  7.0000E+05  3.0000E+00  0.0000E+00  1.0000E+00  7.0000E+06  0.0000E+00 -6.4630E-01  0.0000E+00  7.0000E+06  0.0000E+00  0.0000E+00
  1.3700E+02  0.0000E+00  0.0000E+00  3.0000E+00  0.0000E+00  0.0000E+00  7.0000E+06 -6.4630E-01 -6.4630E-01  0.0000E+00  7.0000E+06 -7.0000E+06 -6.4630E-01
  1.3700E+02  5.0000E-01  0.0000E+00  3.0000E+00  3.3700E+01  0.0000E+00  1.2173E+03 -6.2841E-01 -6.2841E-01  3.3700E+01  1.2173E+03 -1.1836E+03 -6.2841E-01
  1.3800E+02  0.0000E+00  7.0000E+05  3.0000E+00  0.0000E+00  1.0000E+00  7.0000E+06  0.0000E+00 -6.4630E-01  0.0000E+00  7.0000E+06  0.0000E+00  0.0000E+00
  1.3800E+02  0.0000E+00  0.0000E+00  3.0000E+00  0.0000E+00  0.0000E+00  7.0000E+06 -6.4630E-01 -6.4630E-01  0.0000E+00  7.0000E+06 -7.0000E+06 -6.4630E-01
  1.3800E+02  5.0000E-01  0.0000E+00  3.0000E+00  4.6000E+00  0.0000E+00  1.2173E+03 -6.4386E-01 -6.4386E-01  4.6000E+00  1.2173E+03 -1.2127E+03 -6.4386E-01
  1.3900E+02  0.0000E+00  7.0000E+05  3.0000E+00  0.0000E+00  1.0000E+00  7.0000E+06  0.0000E+00 -6.4630E-01  0.0000E+00  7.0000E+06  0.0000E+00  0.0000E+00
  1.3900E+02  0.0000E+00  0.0000E+00  3.0000E+00  0.0000E+00  0.0000E+00  7.0000E+06 -6.4630E-01 -6.4630E-01  0.0000E+00  7.0000E+06 -7.0000E+06 -6.4630E-01
  1.3900E+02  1.0000E+00  0.0000E+00  3.0000E+00  1.1480E+02  0.0000E+00  1.0657E+03 -5.7668E-01 -5.7668E-01  1.1480E+02  1.0657E+03 -9.5090E+02 -5.7668E-01
  1.4000E+02  0.0000E+00  7.0000E+05  3.0000E+00  0.0000E+00  1.0000E+00  7.0000E+06  0.0000E+00 -6.4630E-01  0.0000E+00  7.0000E+06  0.0000E+00  0.0000E+00
  1.4000E+02  0.0000E+00  0.0000E+00  3.0000E+00  0.0000E+00  0.0000E+00  7.0000E+06 -6.4630E-01 -6.4630E-01  0.0000E+00  7.0000E+06 -7.0000E+06 -6.4630E-01
  1.4000E+02  1.0000E+00  0.0000E+00  3.0000E+00  1.7800E+01  0.0000E+00  1.0657E+03 -6.3550E-01 -6.3550E-01  1.7800E+01  1.0657E+03 -1.0479E+03 -6.3550E-01
  1.4100E+02  0.0000E+00  7.0000E+05  3.0000E+00  0.0000E+00  1.0000E+00  7.0000E+06  0.0000E+00 -6.4630E-01  0.0000E+00  7.0000E+06  0.0000E+00  0.0000E+00
  1.4100E+02  0.0000E+00  0.0000E+00  3.0000E+00  0.0000E+00  0.0000E+00  7.0000E+06 -6.4630E-01 -6.4630E-01  0.0000E+00  7.0000E+06 -7.0000E+06 -6.4630E-01
  1.4100E+02  1.0000E+00  0.0000E+00  3.0000E+00  3.2700E+01  0.0000E+00  1.0657E+03 -6.2647E-01 -6.2647E-01  3.2700E+01  1.0657E+03 -1.0330E+03 -6.2647E-01
  1.4200E+02  0.0000E+00  7.0000E+05  3.0000E+00  0.0000E+00  1.0000E+00  7.0000E+06  0.0000E+00 -6.4630E-01  0.0000E+00  7.0000E+06  0.0000E+00  0.0000E+00
  1.4200E+02  0.0000E+00  0.0000E+00  3.0000E+00  0.0000E+00  0.0000E+00  7.0000E+06 -6.4630E-01 -6.4630E-01  0.0000E+00  7.0000E+06 -7.0000E+06 -6.4630E-01
  1.4200E+02  2.0000E+00  0.0000E+00  3.0000E+00  3.6000E+00  0.0000E+00  8.1683E+02 -6.4345E-01 -6.4345E-01  3.6000E+00  8.1683E+02 -8.1323E+02 -6.4345E-01
  1.4300E+02  0.0000E+00  7.0000E+05  3.0000E+00  0.0000E+00  1.0000E+00  7.0000E+06  0.0000E+00 -6.4630E-01  0.0000E+00  7.0000E+06  0.0000E+00  0.0000E+00
  1.4300E+02  0.0000E+00  0.0000E+00  3.0000E+00  0.0000E+00  0.0000E+00  7.0000E+06 -6.4630E-01 -6.4630E-01  0.0000E+00  7.0000E+06 -7.0000E+06 -6.4630E-01
  1.4300E+02  2.0000E+00  0.0000E+00  3.0000E+00  7.2600E+01  0.0000E+00  8.1683E+02 -5.8886E-01 -5.8886E-01  7.2600E+01  8.1683E+02 -7.4423E+02 -5.8886E-01
  1.4400E+02  0.0000E+00  7.0000E+05  3.0000E+00  0.0000E+00  1.0000E+00  7.0000E+06  0.0000E+00 -6.4630E-01  0.0000E+00  7.0000E+06  0.0000E+00  0.0000E+00
  1.4400E+02  0.0000E+00  0.0000E+00  3.0000E+00  0.0000E+00  0.0000E+00  7.0000E+06 -6.4630E-01 -6.4630E-01  0.0000E+00  7.0000E+06 -7.0000E+06 -6.4630E-01
  1.4400E+02  2.0000E+00  0.0000E+00  3.0000E+00  2.2000E+00  0.0000E+00  8.1683E+02 -6.4456E-01 -6.4456E-01  2.2000E+00  8.1683E+02 -8.1463E+02 -6.4456E-01
  1.4500E+02  0.0000E+00  7.0000E+05  3.0000E+00  0.0000E+00  1.0000E+00  7.0000E+06  0.0000E+00 -6.4630E-01  0.0000E+00  7.0000E+06  0.0000E+00  0.0000E+00
  1.4500E+02  0.0000E+00  0.0000E+00  3.0000E+00  0.0000E+00  0.0000E+00  7.0000E+06 -6.4630E-01 -6.4630E-01  0.0000E+00  7.0000E+06 -7.0000E+06 -6.4630E-01
  1.4500E+02  4.0000E+00  0.0000E+00  3.0000E+00  2.5000E+00  0.0000E+00  4.7987E+02 -6.4293E-01 -6.4293E-01  2.5000E+00  4.7987E+02 -4.7737E+02 -6.4293E-01
  1.4600E+02  0.0000E+00  7.0000E+05  3.0000E+00  0.0000E+00  1.0000E+00  7.0000E+06  0.0000E+00 -6.4630E-01  0.0000E+00  7.0000E+06  0.0000E+00  0.0000E+00
  1.4600E+02  0.0000E+00  0.0000E+00  3.0000E+00  0.0000E+00  0.0000E+00  7.0000E+06 -6.4630E-01 -6.4630E-01  0.0000E+00  7.0000E+06 -7.0000E+06 -6.4630E-01
  1.4600E+02  4.0000E+00  0.0000E+00  3.0000E+00  1.4400E+01  0.0000E+00  4.7987E+02 -6.2690E-01 -6.2690E-01  1.4400E+01  4.7987E+02 -4.6547E+02 -6.2690E-01
  1.4700E+02  0.0000E+00  7.0000E+05  3.0000E+00  0.0000E+00  1.0000E+00  7.0000E+06  0.0000E+00 -6.4630E-01  0.0000E+00  7.0000E+06  0.0000E+00  0.0000E+00
  1.4700E+02  0.0000E+00  0.0000E+00  3.0000E+00  0.0000E+00  0.0000E+00  7.0000E+06 -6.4630E-01 -6.4630E-01  0.0000E+00  7.0000E+06 -7.0000E+06 -6.4630E-01
  1.4700E+02  4.0000E+00  0.0000E+00  3.0000E+00  2.3000E+00  0.0000E+00  4.7987E+02 -6.4320E-01 -6.4320E-01  2.3000E+00  4.7987E+02 -4.7757E+02 -6.4320E-01
  1.4800E+02  0.0000E+00  7.0000E+05  3.0000E+00  0.0000E+00  1.0000E+00  7.0000E+06  0.0000E+00 -6.4630E-01  0.0000E+00  7.0000E+06  0.0000E+00  0.0000E+00
  1.4800E+02  0.0000E+00  0.0000E+00  3.0000E+00  0.0000E+00  0.0000E+00  7.0000E+06 -6.4630E-01 -6.4630E-01  0.0000E+00  7.0000E+06 -7.0000E+06 -6.4630E-01
  1.4800E+02  6.0000E+00  0.0000E+00  3.0000E+00  1.1000E+00  0.0000E+00  2.8191E+02 -6.4378E-01 -6.4378E-01  1.1000E+00  2.8191E+02 -2.8081E+02 -6.4378E-01
  1.4900E+02  0.0000E+00  7.0000E+05  3.0000E+00  0.0000E+00  1.0000E+00  7.0000E+06  0.0000E+00 -6.4630E-01  0.0000E+00  7.0000E+06  0.0000E+00  0.0000E+00
  1.4900E+02  0.0000E+00  0.0000E+00  3.0000E+00  0.0000E+00  0.0000E+00  7.0000E+06 -6.4630E-01 -6.4630E-01  0.0000E+00  7.0000E+06 -7.0000E+06 -6.4630E-01
  1.4900E+02  6.0000E+00  0.0000E+00  3.0000E+00  4.8000E+00  0.0000E+00  2.8191E+02 -6.3529E-01 -6.3529E-01  4.8000E+00  2.8191E+02 -2.7711E+02 -6.3529E-01
  1.5000E+02  0.0000E+00  7.0000E+05  3.0000E+00  0.0000E+00  1.0000E+00  7.0000E+06  0.0000E+00 -6.4630E-01  0.0000E+00  7.0000E+06  0.0000E+00  0.0000E+00
  1.5000E+02  0.0000E+00  0.0000E+00  3.0000E+00  0.0000E+00  0.0000E+00  7.0000E+06 -6.4630E-01 -6.4630E-01  0.0000E+00  7.0000E+06 -7.0000E+06 -6.4630E-01
  1.5000E+02  6.0000E+00  0.0000E+00  3.0000E+00  5.9000E+00  0.0000E+00  2.8191E+02 -6.3277E-01 -6.3277E-01  5.9000E+00  2.8191E+02 -2.7601E+02 -6.3277E-01
  1.5100E+02  0.0000E+00  7.0000E+05  3.0000E+00  0.0000E+00  1.0000E+00  7.0000E+06  0.0000E+00 -6.4630E-01  0.0000E+00  7.0000E+06  0.0000E+00  0.0000E+00
  1.5100E+02  0.0000E+00  0.0000E+00  3.0000E+00  0.0000E+00  0.0000E+00  7.0000E+06 -6.4630E-01 -6.4630E-01  0.0000E+00  7.0000E+06 -7.0000E+06 -6.4630E-01
  1.5100E+02  8.0000E+00  0.0000E+00  3.0000E+00  7.0000E-01  0.0000E+00  1.6562E+02 -6.4357E-01 -6.4357E-01  7.0000E-01  1.6562E+02 -1.6492E+02 -6.4357E-01
  1.5200E+02  0.0000E+00  7.0000E+05  3.0000E+00  0.0000E+00  1.0000E+00  7.0000E+06  0.0000E+00 -6.4630E-01  0.0000E+00  7.0000E+06  0.0000E+00  0.0000E+00
  1.5200E+02  0.0000E+00  0.0000E+00  3.0000E+00  0.0000E+00  0.0000E+00  7.0000E+06 -6.4630E-01 -6.4630E-01  0.0000E+00  7.0000E+06 -7.0000E+06 -6.4630E-01
  1.5200E+02  8.0000E+00  0.0000E+00  3.0000E+00  7.0000E-01  0.0000E+00  1.6562E+02 -6.4357E-01 -6.4357E-01  7.0000E-01  1.6562E+02 -1.6492E+02 -6.4357E-01
  1.5300E+02  0.0000E+00  7.0000E+05  3.0000E+00  0.0000E+00  1.0000E+00  7.0000E+06  0.0000E+00 -6.4630E-01  0.0000E+00  7.0000E+06  0.0000E+00  0.0000E+00
  1.5300E+02  0.0000E+00  0.0000E+00  3.0000E+00  0.0000E+00  0.0000E+00  7.0000E+06 -6.4630E-01 -6.4630E-01  0.0000E+00  7.0000E+06 -7.0000E+06 -6.4630E-01
  1.5300E+02  8.0000E+00  0.0000E+00  3.0000E+00  1.3000E+00  0.0000E+00  1.6562E+02 -6.4123E-01 -6.4123E-01  1.3000E+00  1.6562E+02 -1.6432E+02 -6.4123E-01
  1.5400E+02  0.0000E+00  7.0000E+05  3.0000E+00  0.0000E+00  1.0000E+00  7.0000E+06  0.0000E+00 -6.4630E-01  0.0000E+00  7.0000E+06  0.0000E+00  0.0000E+00
  1.5400E+02  0.0000E+00  0.0000E+00  3.0000E+00  0.0000E+00  0.0000E+00  7.0000E+06 -6.4630E-01 -6.4630E-01  0.0000E+00  7.0000E+06 -7.0000E+06 -6.4630E-01
  1.5400E+02  1.2000E+01  0.0000E+00  3.0000E+00  3.0000E-01  0.0000E+00  5.7159E+01 -6.4291E-01 -6.4291E-01  3.0000E-01  5.7159E+01 -5.6859E+01 -6.4291E-01
  1.5500E+02  0.0000E+00  7.0000E+05  3.0000E+00  0.0000E+00  1.0000E+00  7.0000E+06  0.0000E+00 -6.4630E-01  0.0000E+00  7.0000E+06  0.0000E+00  0.0000E+00
  1.5500E+02  0.0000E+00  0.0000E+00  3.0000E+00  0.0000E+00  0.0000E+00  7.0000E+06 -6.4630E-01 -6.4630E-01  0.0000E+00  7.0000E+06 -7.0000E+06 -6.4630E-01
  1.5500E+02  1.2000E+01  0.0000E+00  3.0000E+00  9.9000E+00  0.0000E+00  5.7159E+01 -5.3436E-01 -5.3436E-01  9.9000E+00  5.7159E+01 -4.7259E+01 -5.3436E-01
  1.5600E+02  0.0000E+00  7.0000E+05  3.0000E+00  0.0000E+00  1.0000E+00  7.0000E+06  0.0000E+00 -6.4630E-01  0.0000E+00  7.0000E+06  0.0000E+00  0.0000E+00
  1.5600E+02  0.0000E+00  0.0000E+00  3.0000E+00  0.0000E+00  0.0000E+00  7.0000E+06 -6.4630E-01 -6.4630E-01  0.0000E+00  7.0000E+06 -7.0000E+06 -6.4630E-01
  1.5600E+02  1.2000E+01  0.0000E+00  3.0000E+00  2.0190E+02  0.0000E+00  5.7159E+01  1.6366E+00  1.6366E+00  2.0190E+02  5.7159E+01  1.4474E+02  1.6366E+00
  1.5700E+02  0.0000E+00  7.0000E+05  3.0000E+00  0.0000E+00  1.0000E+00  7.0000E+06  0.0000E+00 -6.4630E-01  0.0000E+00  7.0000E+06  0.0000E+00  0.0000E+00
  1.5700E+02  0.0000E+00  0.0000E+00  3.0000E+00  0.0000E+00  0.0000E+00  7.0000E+06 -6.4630E-01 -6.4630E-01  0.0000E+00  7.0000E+06 -7.0000E+06 -6.4630E-01
  1.5700E+02  2.4000E+01  0.0000E+00  3.0000E+00  1.5000E+00  0.0000E+00  2.3498E+00 -2.3374E-01 -2.3374E-01  1.5000E+00  2.3498E+00 -8.4984E-01 -2.3374E-01
  1.5800E+02  0.0000E+00  7.0000E+05  3.0000E+00  0.0000E+00  1.0000E+00  7.0000E+06  0.0000E+00 -6.4630E-01  0.0000E+00  7.0000E+06  0.0000E+00  0.0000E+00
  1.5800E+02  0.0000E+00  0.0000E+00  3.0000E+00  0.0000E+00  0.0000E+00  7.0000E+06 -6.4630E-01 -6.4630E-01  0.0000E+00  7.0000E+06 -7.0000E+06 -6.4630E-01
  1.5800E+02  2.4000E+01  0.0000E+00  3.0000E+00  8.0000E-01  0.0000E+00  2.3498E+00 -4.2627E-01 -4.2627E-01  8.0000E-01  2.3498E+00 -1.5498E+00 -4.2627E-01
  1.5900E+02  0.0000E+00  7.0000E+05  3.0000E+00  0.0000E+00  1.0000E+00  7.0000E+06  0.0000E+00 -6.4630E-01  0.0000E+00  7.0000E+06  0.0000E+00  0.0000E+00
  1.5900E+02  0.0000E+00  0.0000E+00  3.0000E+00  0.0000E+00  0.0000E+00  7.0000E+06 -6.4630E-01 -6.4630E-01  0.0000E+00  7.0000E+06 -7.0000E+06 -6.4630E-01
  1.5900E+02  2.4000E+01  0.0000E+00  3.0000E+00  1.7000E+00  0.0000E+00  2.3498E+00 -1.7873E-01 -1.7873E-01  1.7000E+00  2.3498E+00 -6.4984E-01 -1.7873E-01
