TABLE NO.  1
 ID          TIME        AMT         CMT         DV          MDV         IPRED       CWRES       IWRES       DV          PRED        RES         WRES
  1.3000E+02  0.0000E+00  7.0000E+05  3.0000E+00  0.0000E+00  1.0000E+00  1.3820E+01  0.0000E+00 -4.0437E-01  0.0000E+00  1.3820E+01  0.0000E+00  0.0000E+00
  1.3000E+02  0.0000E+00  0.0000E+00  3.0000E+00  0.0000E+00  0.0000E+00  1.3820E+01 -4.0437E-01 -4.0437E-01  0.0000E+00  1.3820E+01 -1.3820E+01 -4.0437E-01
  1.3000E+02  0.0000E+00  0.0000E+00  3.0000E+00  0.0000E+00  0.0000E+00  1.3820E+01 -4.0437E-01 -4.0437E-01  0.0000E+00  1.3820E+01 -1.3820E+01 -4.0437E-01
  1.3100E+02  0.0000E+00  7.0000E+05  3.0000E+00  0.0000E+00  1.0000E+00  1.3820E+01  0.0000E+00 -4.0437E-01  0.0000E+00  1.3820E+01  0.0000E+00  0.0000E+00
  1.3100E+02  0.0000E+00  0.0000E+00  3.0000E+00  0.0000E+00  0.0000E+00  1.3820E+01 -4.0437E-01 -4.0437E-01  0.0000E+00  1.3820E+01 -1.3820E+01 -4.0437E-01
  1.3100E+02  0.0000E+00  0.0000E+00  3.0000E+00  0.0000E+00  0.0000E+00  1.3820E+01 -4.0437E-01 -4.0437E-01  0.0000E+00  1.3820E+01 -1.3820E+01 -4.0437E-01
  1.3200E+02  0.0000E+00  7.0000E+05  3.0000E+00  0.0000E+00  1.0000E+00  1.3820E+01  0.0000E+00 -4.0437E-01  0.0000E+00  1.3820E+01  0.0000E+00  0.0000E+00
  1.3200E+02  0.0000E+00  0.0000E+00  3.0000E+00  0.0000E+00  0.0000E+00  1.3820E+01 -4.0437E-01 -4.0437E-01  0.0000E+00  1.3820E+01 -1.3820E+01 -4.0437E-01
  1.3200E+02  0.0000E+00  0.0000E+00  3.0000E+00  0.0000E+00  0.0000E+00  1.3820E+01 -4.0437E-01 -4.0437E-01  0.0000E+00  1.3820E+01 -1.3820E+01 -4.0437E-01
  1.3300E+02  0.0000E+00  7.0000E+05  3.0000E+00  0.0000E+00  1.0000E+00  1.3820E+01  0.0000E+00 -4.0437E-01  0.0000E+00  1.3820E+01  0.0000E+00  0.0000E+00
  1.3300E+02  0.0000E+00  0.0000E+00  3.0000E+00  0.0000E+00  0.0000E+00  1.3820E+01 -4.0437E-01 -4.0437E-01  0.0000E+00  1.3820E+01 -1.3820E+01 -4.0437E-01
  1.3300E+02  2.5000E-01  0.0000E+00  3.0000E+00  7.9800E+01  0.0000E+00  1.3819E+01  1.9306E+00  1.9306E+00  7.9800E+01  1.3819E+01  6.5981E+01  1.9306E+00
  1.3400E+02  0.0000E+00  7.0000E+05  3.0000E+00  0.0000E+00  1.0000E+00  1.3820E+01  0.0000E+00 -4.0437E-01  0.0000E+00  1.3820E+01  0.0000E+00  0.0000E+00
  1.3400E+02  0.0000E+00  0.0000E+00  3.0000E+00  0.0000E+00  0.0000E+00  1.3820E+01 -4.0437E-01 -4.0437E-01  0.0000E+00  1.3820E+01 -1.3820E+01 -4.0437E-01
  1.3400E+02  2.5000E-01  0.0000E+00  3.0000E+00  6.8500E+01  0.0000E+00  1.3819E+01  1.6000E+00  1.6000E+00  6.8500E+01  1.3819E+01  5.4681E+01  1.6000E+00
  1.3500E+02  0.0000E+00  7.0000E+05  3.0000E+00  0.0000E+00  1.0000E+00  1.3820E+01  0.0000E+00 -4.0437E-01  0.0000E+00  1.3820E+01  0.0000E+00  0.0000E+00
  1.3500E+02  0.0000E+00  0.0000E+00  3.0000E+00  0.0000E+00  0.0000E+00  1.3820E+01 -4.0437E-01 -4.0437E-01  0.0000E+00  1.3820E+01 -1.3820E+01 -4.0437E-01
  1.3500E+02  2.5000E-01  0.0000E+00  3.0000E+00  6.8200E+01  0.0000E+00  1.3819E+01  1.5912E+00  1.5912E+00  6.8200E+01  1.3819E+01  5.4381E+01  1.5912E+00
  1.3600E+02  0.0000E+00  7.0000E+05  3.0000E+00  0.0000E+00  1.0000E+00  1.3820E+01  0.0000E+00 -4.0437E-01  0.0000E+00  1.3820E+01  0.0000E+00  0.0000E+00
  1.3600E+02  0.0000E+00  0.0000E+00  3.0000E+00  0.0000E+00  0.0000E+00  1.3820E+01 -4.0437E-01 -4.0437E-01  0.0000E+00  1.3820E+01 -1.3820E+01 -4.0437E-01
  1.3600E+02  5.0000E-01  0.0000E+00  3.0000E+00  5.1000E+01  0.0000E+00  1.3819E+01  1.0880E+00  1.0880E+00  5.1000E+01  1.3819E+01  3.7181E+01  1.0880E+00
  1.3700E+02  0.0000E+00  7.0000E+05  3.0000E+00  0.0000E+00  1.0000E+00  1.3820E+01  0.0000E+00 -4.0437E-01  0.0000E+00  1.3820E+01  0.0000E+00  0.0000E+00
  1.3700E+02  0.0000E+00  0.0000E+00  3.0000E+00  0.0000E+00  0.0000E+00  1.3820E+01 -4.0437E-01 -4.0437E-01  0.0000E+00  1.3820E+01 -1.3820E+01 -4.0437E-01
  1.3700E+02  5.0000E-01  0.0000E+00  3.0000E+00  3.3700E+01  0.0000E+00  1.3819E+01  5.8178E-01  5.8178E-01  3.3700E+01  1.3819E+01  1.9881E+01  5.8178E-01
  1.3800E+02  0.0000E+00  7.0000E+05  3.0000E+00  0.0000E+00  1.0000E+00  1.3820E+01  0.0000E+00 -4.0437E-01  0.0000E+00  1.3820E+01  0.0000E+00  0.0000E+00
  1.3800E+02  0.0000E+00  0.0000E+00  3.0000E+00  0.0000E+00  0.0000E+00  1.3820E+01 -4.0437E-01 -4.0437E-01  0.0000E+00  1.3820E+01 -1.3820E+01 -4.0437E-01
  1.3800E+02  5.0000E-01  0.0000E+00  3.0000E+00  4.6000E+00  0.0000E+00  1.3819E+01 -2.6976E-01 -2.6976E-01  4.6000E+00  1.3819E+01 -9.2186E+00 -2.6976E-01
  1.3900E+02  0.0000E+00  7.0000E+05  3.0000E+00  0.0000E+00  1.0000E+00  1.3820E+01  0.0000E+00 -4.0437E-01  0.0000E+00  1.3820E+01  0.0000E+00  0.0000E+00
  1.3900E+02  0.0000E+00  0.0000E+00  3.0000E+00  0.0000E+00  0.0000E+00  1.3820E+01 -4.0437E-01 -4.0437E-01  0.0000E+00  1.3820E+01 -1.3820E+01 -4.0437E-01
  1.3900E+02  1.0000E+00  0.0000E+00  3.0000E+00  1.1480E+02  0.0000E+00  1.3817E+01  2.9554E+00  2.9554E+00  1.1480E+02  1.3817E+01  1.0098E+02  2.9554E+00
  1.4000E+02  0.0000E+00  7.0000E+05  3.0000E+00  0.0000E+00  1.0000E+00  1.3820E+01  0.0000E+00 -4.0437E-01  0.0000E+00  1.3820E+01  0.0000E+00  0.0000E+00
  1.4000E+02  0.0000E+00  0.0000E+00  3.0000E+00  0.0000E+00  0.0000E+00  1.3820E+01 -4.0437E-01 -4.0437E-01  0.0000E+00  1.3820E+01 -1.3820E+01 -4.0437E-01
  1.4000E+02  1.0000E+00  0.0000E+00  3.0000E+00  1.7800E+01  0.0000E+00  1.3817E+01  1.1657E-01  1.1657E-01  1.7800E+01  1.3817E+01  3.9831E+00  1.1657E-01
  1.4100E+02  0.0000E+00  7.0000E+05  3.0000E+00  0.0000E+00  1.0000E+00  1.3820E+01  0.0000E+00 -4.0437E-01  0.0000E+00  1.3820E+01  0.0000E+00  0.0000E+00
  1.4100E+02  0.0000E+00  0.0000E+00  3.0000E+00  0.0000E+00  0.0000E+00  1.3820E+01 -4.0437E-01 -4.0437E-01  0.0000E+00  1.3820E+01 -1.3820E+01 -4.0437E-01
  1.4100E+02  1.0000E+00  0.0000E+00  3.0000E+00  3.2700E+01  0.0000E+00  1.3817E+01  5.5264E-01  5.5264E-01  3.2700E+01  1.3817E+01  1.8883E+01  5.5264E-01
  1.4200E+02  0.0000E+00  7.0000E+05  3.0000E+00  0.0000E+00  1.0000E+00  1.3820E+01  0.0000E+00 -4.0437E-01  0.0000E+00  1.3820E+01  0.0000E+00  0.0000E+00
  1.4200E+02  0.0000E+00  0.0000E+00  3.0000E+00  0.0000E+00  0.0000E+00  1.3820E+01 -4.0437E-01 -4.0437E-01  0.0000E+00  1.3820E+01 -1.3820E+01 -4.0437E-01
  1.4200E+02  2.0000E+00  0.0000E+00  3.0000E+00  3.6000E+00  0.0000E+00  1.3813E+01 -2.9898E-01 -2.9898E-01  3.6000E+00  1.3813E+01 -1.0213E+01 -2.9898E-01
  1.4300E+02  0.0000E+00  7.0000E+05  3.0000E+00  0.0000E+00  1.0000E+00  1.3820E+01  0.0000E+00 -4.0437E-01  0.0000E+00  1.3820E+01  0.0000E+00  0.0000E+00
  1.4300E+02  0.0000E+00  0.0000E+00  3.0000E+00  0.0000E+00  0.0000E+00  1.3820E+01 -4.0437E-01 -4.0437E-01  0.0000E+00  1.3820E+01 -1.3820E+01 -4.0437E-01
  1.4300E+02  2.0000E+00  0.0000E+00  3.0000E+00  7.2600E+01  0.0000E+00  1.3813E+01  1.7209E+00  1.7209E+00  7.2600E+01  1.3813E+01  5.8787E+01  1.7209E+00
  1.4400E+02  0.0000E+00  7.0000E+05  3.0000E+00  0.0000E+00  1.0000E+00  1.3820E+01  0.0000E+00 -4.0437E-01  0.0000E+00  1.3820E+01  0.0000E+00  0.0000E+00
  1.4400E+02  0.0000E+00  0.0000E+00  3.0000E+00  0.0000E+00  0.0000E+00  1.3820E+01 -4.0437E-01 -4.0437E-01  0.0000E+00  1.3820E+01 -1.3820E+01 -4.0437E-01
  1.4400E+02  2.0000E+00  0.0000E+00  3.0000E+00  2.2000E+00  0.0000E+00  1.3813E+01 -3.3997E-01 -3.3997E-01  2.2000E+00  1.3813E+01 -1.1613E+01 -3.3997E-01
  1.4500E+02  0.0000E+00  7.0000E+05  3.0000E+00  0.0000E+00  1.0000E+00  1.3820E+01  0.0000E+00 -4.0437E-01  0.0000E+00  1.3820E+01  0.0000E+00  0.0000E+00
  1.4500E+02  0.0000E+00  0.0000E+00  3.0000E+00  0.0000E+00  0.0000E+00  1.3820E+01 -4.0437E-01 -4.0437E-01  0.0000E+00  1.3820E+01 -1.3820E+01 -4.0437E-01
  1.4500E+02  4.0000E+00  0.0000E+00  3.0000E+00  2.5000E+00  0.0000E+00  1.3806E+01 -3.3115E-01 -3.3115E-01  2.5000E+00  1.3806E+01 -1.1306E+01 -3.3115E-01
  1.4600E+02  0.0000E+00  7.0000E+05  3.0000E+00  0.0000E+00  1.0000E+00  1.3820E+01  0.0000E+00 -4.0437E-01  0.0000E+00  1.3820E+01  0.0000E+00  0.0000E+00
  1.4600E+02  0.0000E+00  0.0000E+00  3.0000E+00  0.0000E+00  0.0000E+00  1.3820E+01 -4.0437E-01 -4.0437E-01  0.0000E+00  1.3820E+01 -1.3820E+01 -4.0437E-01
  1.4600E+02  4.0000E+00  0.0000E+00  3.0000E+00  1.4400E+01  0.0000E+00  1.3806E+01  1.7385E-02  1.7385E-02  1.4400E+01  1.3806E+01  5.9358E-01  1.7385E-02
  1.4700E+02  0.0000E+00  7.0000E+05  3.0000E+00  0.0000E+00  1.0000E+00  1.3820E+01  0.0000E+00 -4.0437E-01  0.0000E+00  1.3820E+01  0.0000E+00  0.0000E+00
  1.4700E+02  0.0000E+00  0.0000E+00  3.0000E+00  0.0000E+00  0.0000E+00  1.3820E+01 -4.0437E-01 -4.0437E-01  0.0000E+00  1.3820E+01 -1.3820E+01 -4.0437E-01
  1.4700E+02  4.0000E+00  0.0000E+00  3.0000E+00  2.3000E+00  0.0000E+00  1.3806E+01 -3.3701E-01 -3.3701E-01  2.3000E+00  1.3806E+01 -1.1506E+01 -3.3701E-01
  1.4800E+02  0.0000E+00  7.0000E+05  3.0000E+00  0.0000E+00  1.0000E+00  1.3820E+01  0.0000E+00 -4.0437E-01  0.0000E+00  1.3820E+01  0.0000E+00  0.0000E+00
  1.4800E+02  0.0000E+00  0.0000E+00  3.0000E+00  0.0000E+00  0.0000E+00  1.3820E+01 -4.0437E-01 -4.0437E-01  0.0000E+00  1.3820E+01 -1.3820E+01 -4.0437E-01
  1.4800E+02  6.0000E+00  0.0000E+00  3.0000E+00  1.1000E+00  0.0000E+00  1.3799E+01 -3.7213E-01 -3.7213E-01  1.1000E+00  1.3799E+01 -1.2699E+01 -3.7213E-01
  1.4900E+02  0.0000E+00  7.0000E+05  3.0000E+00  0.0000E+00  1.0000E+00  1.3820E+01  0.0000E+00 -4.0437E-01  0.0000E+00  1.3820E+01  0.0000E+00  0.0000E+00
  1.4900E+02  0.0000E+00  0.0000E+00  3.0000E+00  0.0000E+00  0.0000E+00  1.3820E+01 -4.0437E-01 -4.0437E-01  0.0000E+00  1.3820E+01 -1.3820E+01 -4.0437E-01
  1.4900E+02  6.0000E+00  0.0000E+00  3.0000E+00  4.8000E+00  0.0000E+00  1.3799E+01 -2.6371E-01 -2.6371E-01  4.8000E+00  1.3799E+01 -8.9995E+00 -2.6371E-01
  1.5000E+02  0.0000E+00  7.0000E+05  3.0000E+00  0.0000E+00  1.0000E+00  1.3820E+01  0.0000E+00 -4.0437E-01  0.0000E+00  1.3820E+01  0.0000E+00  0.0000E+00
  1.5000E+02  0.0000E+00  0.0000E+00  3.0000E+00  0.0000E+00  0.0000E+00  1.3820E+01 -4.0437E-01 -4.0437E-01  0.0000E+00  1.3820E+01 -1.3820E+01 -4.0437E-01
  1.5000E+02  6.0000E+00  0.0000E+00  3.0000E+00  5.9000E+00  0.0000E+00  1.3799E+01 -2.3148E-01 -2.3148E-01  5.9000E+00  1.3799E+01 -7.8995E+00 -2.3148E-01
  1.5100E+02  0.0000E+00  7.0000E+05  3.0000E+00  0.0000E+00  1.0000E+00  1.3820E+01  0.0000E+00 -4.0437E-01  0.0000E+00  1.3820E+01  0.0000E+00  0.0000E+00
  1.5100E+02  0.0000E+00  0.0000E+00  3.0000E+00  0.0000E+00  0.0000E+00  1.3820E+01 -4.0437E-01 -4.0437E-01  0.0000E+00  1.3820E+01 -1.3820E+01 -4.0437E-01
  1.5100E+02  8.0000E+00  0.0000E+00  3.0000E+00  7.0000E-01  0.0000E+00  1.3793E+01 -3.8385E-01 -3.8385E-01  7.0000E-01  1.3793E+01 -1.3093E+01 -3.8385E-01
  1.5200E+02  0.0000E+00  7.0000E+05  3.0000E+00  0.0000E+00  1.0000E+00  1.3820E+01  0.0000E+00 -4.0437E-01  0.0000E+00  1.3820E+01  0.0000E+00  0.0000E+00
  1.5200E+02  0.0000E+00  0.0000E+00  3.0000E+00  0.0000E+00  0.0000E+00  1.3820E+01 -4.0437E-01 -4.0437E-01  0.0000E+00  1.3820E+01 -1.3820E+01 -4.0437E-01
  1.5200E+02  8.0000E+00  0.0000E+00  3.0000E+00  7.0000E-01  0.0000E+00  1.3793E+01 -3.8385E-01 -3.8385E-01  7.0000E-01  1.3793E+01 -1.3093E+01 -3.8385E-01
  1.5300E+02  0.0000E+00  7.0000E+05  3.0000E+00  0.0000E+00  1.0000E+00  1.3820E+01  0.0000E+00 -4.0437E-01  0.0000E+00  1.3820E+01  0.0000E+00  0.0000E+00
  1.5300E+02  0.0000E+00  0.0000E+00  3.0000E+00  0.0000E+00  0.0000E+00  1.3820E+01 -4.0437E-01 -4.0437E-01  0.0000E+00  1.3820E+01 -1.3820E+01 -4.0437E-01
  1.5300E+02  8.0000E+00  0.0000E+00  3.0000E+00  1.3000E+00  0.0000E+00  1.3793E+01 -3.6626E-01 -3.6626E-01  1.3000E+00  1.3793E+01 -1.2493E+01 -3.6626E-01
  1.5400E+02  0.0000E+00  7.0000E+05  3.0000E+00  0.0000E+00  1.0000E+00  1.3820E+01  0.0000E+00 -4.0437E-01  0.0000E+00  1.3820E+01  0.0000E+00  0.0000E+00
  1.5400E+02  0.0000E+00  0.0000E+00  3.0000E+00  0.0000E+00  0.0000E+00  1.3820E+01 -4.0437E-01 -4.0437E-01  0.0000E+00  1.3820E+01 -1.3820E+01 -4.0437E-01
  1.5400E+02  1.2000E+01  0.0000E+00  3.0000E+00  3.0000E-01  0.0000E+00  1.3779E+01 -3.9556E-01 -3.9556E-01  3.0000E-01  1.3779E+01 -1.3479E+01 -3.9556E-01
  1.5500E+02  0.0000E+00  7.0000E+05  3.0000E+00  0.0000E+00  1.0000E+00  1.3820E+01  0.0000E+00 -4.0437E-01  0.0000E+00  1.3820E+01  0.0000E+00  0.0000E+00
  1.5500E+02  0.0000E+00  0.0000E+00  3.0000E+00  0.0000E+00  0.0000E+00  1.3820E+01 -4.0437E-01 -4.0437E-01  0.0000E+00  1.3820E+01 -1.3820E+01 -4.0437E-01
  1.5500E+02  1.2000E+01  0.0000E+00  3.0000E+00  9.9000E+00  0.0000E+00  1.3779E+01 -1.1383E-01 -1.1383E-01  9.9000E+00  1.3779E+01 -3.8786E+00 -1.1383E-01
  1.5600E+02  0.0000E+00  7.0000E+05  3.0000E+00  0.0000E+00  1.0000E+00  1.3820E+01  0.0000E+00 -4.0437E-01  0.0000E+00  1.3820E+01  0.0000E+00  0.0000E+00
  1.5600E+02  0.0000E+00  0.0000E+00  3.0000E+00  0.0000E+00  0.0000E+00  1.3820E+01 -4.0437E-01 -4.0437E-01  0.0000E+00  1.3820E+01 -1.3820E+01 -4.0437E-01
  1.5600E+02  1.2000E+01  0.0000E+00  3.0000E+00  2.0190E+02  0.0000E+00  1.3779E+01  5.5209E+00  5.5209E+00  2.0190E+02  1.3779E+01  1.8812E+02  5.5209E+00
  1.5700E+02  0.0000E+00  7.0000E+05  3.0000E+00  0.0000E+00  1.0000E+00  1.3820E+01  0.0000E+00 -4.0437E-01  0.0000E+00  1.3820E+01  0.0000E+00  0.0000E+00
  1.5700E+02  0.0000E+00  0.0000E+00  3.0000E+00  0.0000E+00  0.0000E+00  1.3820E+01 -4.0437E-01 -4.0437E-01  0.0000E+00  1.3820E+01 -1.3820E+01 -4.0437E-01
  1.5700E+02  2.4000E+01  0.0000E+00  3.0000E+00  1.5000E+00  0.0000E+00  1.3737E+01 -3.6021E-01 -3.6021E-01  1.5000E+00  1.3737E+01 -1.2237E+01 -3.6021E-01
  1.5800E+02  0.0000E+00  7.0000E+05  3.0000E+00  0.0000E+00  1.0000E+00  1.3820E+01  0.0000E+00 -4.0437E-01  0.0000E+00  1.3820E+01  0.0000E+00  0.0000E+00
  1.5800E+02  0.0000E+00  0.0000E+00  3.0000E+00  0.0000E+00  0.0000E+00  1.3820E+01 -4.0437E-01 -4.0437E-01  0.0000E+00  1.3820E+01 -1.3820E+01 -4.0437E-01
  1.5800E+02  2.4000E+01  0.0000E+00  3.0000E+00  8.0000E-01  0.0000E+00  1.3737E+01 -3.8082E-01 -3.8082E-01  8.0000E-01  1.3737E+01 -1.2937E+01 -3.8082E-01
  1.5900E+02  0.0000E+00  7.0000E+05  3.0000E+00  0.0000E+00  1.0000E+00  1.3820E+01  0.0000E+00 -4.0437E-01  0.0000E+00  1.3820E+01  0.0000E+00  0.0000E+00
  1.5900E+02  0.0000E+00  0.0000E+00  3.0000E+00  0.0000E+00  0.0000E+00  1.3820E+01 -4.0437E-01 -4.0437E-01  0.0000E+00  1.3820E+01 -1.3820E+01 -4.0437E-01
  1.5900E+02  2.4000E+01  0.0000E+00  3.0000E+00  1.7000E+00  0.0000E+00  1.3737E+01 -3.5433E-01 -3.5433E-01  1.7000E+00  1.3737E+01 -1.2037E+01 -3.5433E-01
